att0,att1,att10,att100,att101,att102,att103,att104,att105,att106,att107,att108,att109,att11,att110,att111,att112,att113,att114,att115,att116,att117,att118,att119,att12,att120,att121,att122,att123,att124,att125,att126,att127,att128,att129,att13,att130,att131,att132,att133,att134,att135,att136,att137,att138,att139,att14,att140,att141,att142,att143,att144,att145,att146,att147,att148,att149,att15,att150,att151,att152,att153,att154,att155,att156,att157,att158,att159,att16,att160,att161,att162,att163,att164,att165,att166,att167,att168,att169,att17,att170,att171,att172,att173,att174,att175,att176,att177,att178,att179,att18,att180,att181,att182,att183,att184,att185,att186,att187,att188,att189,att19,att190,att191,att192,att193,att194,att195,att196,att197,att198,att199,att2,att20,att200,att201,att202,att203,att204,att205,att206,att207,att208,att209,att21,att210,att211,att212,att213,att214,att215,att216,att217,att218,att219,att22,att220,att221,att222,att223,att224,att225,att226,att227,att228,att229,att23,att230,att231,att232,att233,att234,att235,att236,att237,att238,att239,att24,att240,att241,att242,att243,att244,att245,att246,att247,att248,att249,att25,att250,att251,att252,att253,att254,att255,att256,att257,att258,att259,att26,att260,att261,att262,att263,att264,att265,att266,att267,att268,att269,att27,att270,att271,att272,att273,att274,att275,att276,att277,att278,att279,att28,att280,att281,att282,att283,att284,att285,att286,att287,att288,att289,att29,att290,att291,att292,att293,att294,att295,att296,att297,att298,att299,att3,att30,att300,att301,att302,att303,att304,att305,att306,att307,att308,att309,att31,att310,att311,att312,att313,att314,att315,att316,att317,att318,att319,att32,att320,att321,att322,att323,att324,att325,att326,att327,att328,att329,att33,att330,att331,att332,att333,att334,att335,att336,att337,att338,att339,att34,att340,att341,att342,att343,att344,att345,att346,att347,att348,att349,att35,att350,att351,att352,att353,att354,att355,att356,att357,att358,att359,att36,att360,att361,att362,att363,att364,att365,att366,att367,att368,att369,att37,att370,att371,att372,att373,att374,att375,att376,att377,att378,att379,att38,att380,att381,att382,att383,att384,att385,att386,att387,att388,att389,att39,att390,att391,att392,att393,att394,att395,att396,att397,att4,att40,att41,att42,att43,att44,att45,att46,att47,att48,att49,att5,att50,att51,att52,att53,att54,att55,att56,att57,att58,att59,att6,att60,att61,att62,att63,att64,att65,att66,att67,att68,att69,att7,att70,att71,att72,att73,att74,att75,att76,att77,att78,att79,att8,att80,att81,att82,att83,att84,att85,att86,att87,att88,att89,att9,att90,att91,att92,att93,att94,att95,att96,att97,att98,att99,class,prediction
-0.3733,-0.40938,-0.52178,-1.5795,-1.5554,-1.5314,-1.4959,-1.4692,-1.4379,-1.407,-1.3798,-1.3447,-1.3207,-0.5338,-1.2857,-1.2585,-1.2277,-1.1916,-1.1555,-1.1194,-1.0833,-1.0473,-1.0112,-0.97509,-0.54583,-0.93901,-0.90293,-0.86685,-0.83077,-0.79469,-0.75861,-0.72253,-0.69022,-0.66448,-0.6284,-0.55786,-0.60395,-0.5799,-0.55585,-0.53179,-0.50774,-0.48369,-0.45963,-0.43558,-0.41153,-0.38747,-0.56989,-0.36342,-0.33937,-0.31609,-0.30406,-0.28131,-0.2659,-0.24732,-0.22774,-0.21332,-0.18958,-0.59302,-0.17755,-0.16553,-0.1535,-0.14147,-0.12945,-0.11742,-0.10539,-0.10525,-0.11506,-0.11936,-0.60805,-0.11372,-0.10169,-0.091144,-0.091144,-0.079717,-0.06769,-0.055663,-0.043637,-0.03161,-0.019583,-0.62007,-0.007557,0.00447,0.016497,0.028524,0.045276,0.066685,0.078711,0.090738,0.11328,0.13733,-0.63697,0.15503,0.17133,0.19538,0.21954,0.25562,0.28165,0.3057,0.32976,0.35381,0.37786,-0.66102,0.40192,0.42597,0.45002,0.48159,0.51224,0.53629,0.56034,0.5844,0.61967,0.64661,-0.41562,-0.68437,0.67772,0.70883,0.73577,0.77104,0.79509,0.81915,0.8432,0.87385,0.90542,0.92947,-0.69639,0.95388,0.98996,1.0157,1.0398,1.07,1.102,1.1261,1.1501,1.1742,1.1982,-0.71907,1.2223,1.2463,1.274,1.3085,1.3326,1.3566,1.3807,1.4048,1.4288,1.4529,-0.73456,1.4769,1.501,1.514,1.535,1.5522,1.5642,1.5762,1.5883,1.6003,1.6123,-0.74658,1.6243,1.6364,1.6484,1.6604,1.6724,1.6845,1.6763,1.6643,1.6523,1.6402,-0.76302,1.6282,1.6162,1.6042,1.5921,1.5801,1.5626,1.542,1.5286,1.5046,1.4805,-0.78242,1.4565,1.4253,1.3942,1.3702,1.3461,1.3221,1.298,1.2653,1.2358,1.2118,-0.78266,1.1877,1.1637,1.1396,1.1155,1.0832,1.0533,1.0293,1.0032,0.96714,0.94301,-0.79469,0.90908,0.8808,0.85675,0.82906,0.79453,0.77048,0.73493,0.70826,0.68421,0.6549,-0.81691,0.62199,0.59794,0.57389,0.54983,0.52578,0.50861,0.49178,0.46773,0.44431,0.43228,-0.42348,-0.82474,0.40968,0.39412,0.37568,0.35596,0.34393,0.33191,0.31988,0.30785,0.29583,0.2838,-0.83077,0.27565,0.27565,0.27565,0.27565,0.27565,0.27565,0.27565,0.27565,0.27565,0.27565,-0.8428,0.27565,0.28486,0.28976,0.28976,0.28976,0.28976,0.28976,0.28976,0.29851,0.30387,-0.85295,0.30387,0.30387,0.30429,0.31632,0.31798,0.31798,0.32418,0.33208,0.33413,0.34616,-0.85295,0.34619,0.3561,0.3603,0.36605,0.37441,0.37441,0.37441,0.38594,0.38851,0.39589,-0.86477,0.40262,0.40583,0.41673,0.41673,0.41673,0.41673,0.42364,0.43084,0.43359,0.44494,-0.86706,0.44494,0.45556,0.45905,0.46551,0.47316,0.47545,0.48727,0.48727,0.48727,0.49534,-0.86706,0.50137,0.50137,0.50321,0.51524,0.51548,0.51548,0.5231,0.52959,0.53305,0.5437,-0.86706,0.5437,0.55502,0.55781,0.56496,0.57191,0.57191,0.57283,0.58486,0.58602,0.5948,-0.86706,0.60013,0.60013,0.60013,0.60059,0.61261,0.61424,0.61424,0.61424,-0.44129,-0.86565,-0.85362,-0.89838,-0.91866,-0.93069,-0.94271,-0.96687,-1.027,-1.0871,-1.1146,-0.45794,-1.1827,-1.2332,-1.2573,-1.2891,-1.3492,-1.4093,-1.4381,-1.4622,-1.5051,-1.5526,-0.45956,-1.5788,-1.6148,-1.6389,-1.7029,-1.7355,-1.7766,-1.8301,-1.8504,-1.9226,-1.9367,-0.47159,-1.9488,-1.9608,-1.9675,-1.9773,-2.0086,-1.9966,-1.9622,-1.9443,-1.9323,-1.9251,-0.48362,-1.9223,-1.9103,-1.8983,-1.8862,-1.8828,-1.8763,-1.8643,-1.8522,-1.8399,-1.8159,-0.50513,-1.802,-1.79,-1.7719,-1.7519,-1.7379,-1.7139,-1.6898,-1.6658,-1.6417,-1.612,4.0,2.0
0.2283,0.2283,0.24657,0.81297,0.88263,0.96462,1.0313,1.098,1.1647,1.2181,1.2681,1.3081,1.3415,0.24657,1.3748,1.4029,1.4196,1.4362,1.4524,1.4524,1.4524,1.4524,1.4401,1.4234,0.24657,1.3976,1.3643,1.3309,1.2933,1.2405,1.1738,1.1071,1.0404,0.97375,0.89404,0.23081,0.8221,0.74559,0.66223,0.57887,0.49551,0.41215,0.32696,0.22716,0.1438,0.060434,0.2283,-0.03663,-0.12456,-0.20792,-0.29128,-0.37464,-0.458,-0.54136,-0.62221,-0.68982,-0.77318,0.2283,-0.84055,-0.92163,-0.9922,-1.0701,-1.1438,-1.2105,-1.2708,-1.3256,-1.3891,-1.4376,0.2283,-1.4709,-1.5209,-1.5408,-1.5709,-1.5924,-1.6091,-1.6171,-1.6241,-1.6299,-1.6132,0.2283,-1.5965,-1.5798,-1.5632,-1.5307,-1.4974,-1.464,-1.4197,-1.3697,-1.3197,-1.2635,0.2283,-1.1968,-1.1301,-1.0635,-0.99677,-0.93008,-0.84854,-0.76518,-0.69347,-0.61673,-0.53337,0.2283,-0.45001,-0.3614,-0.26502,-0.18166,-0.097838,0.002196,0.086699,0.17006,0.26575,0.35505,0.2283,0.22373,0.43841,0.52177,0.60514,0.6885,0.77186,0.85408,0.92077,1.0037,1.0724,1.1391,0.21003,1.2058,1.2725,1.3309,1.381,1.431,1.4776,1.5109,1.5443,1.5776,1.5956,0.21003,1.6123,1.629,1.6352,1.6352,1.6352,1.6294,1.6128,1.5936,1.5612,1.5445,0.21003,1.4958,1.4458,1.3958,1.3346,1.2679,1.1932,1.1163,1.0448,0.96142,0.87806,0.21003,0.7947,0.71134,0.6129,0.51287,0.41283,0.3128,0.21277,0.11273,0.00722,-0.1056,0.21003,-0.20792,-0.32394,-0.42397,-0.52401,-0.62404,-0.72407,-0.82411,-0.91478,-0.99814,-1.0815,0.19678,-1.1649,-1.2482,-1.3302,-1.3969,-1.4636,-1.5303,-1.597,-1.652,-1.692,-1.7338,0.19176,-1.7769,-1.805,-1.8217,-1.8384,-1.8546,-1.8546,-1.8701,-1.8589,-1.8546,-1.8439,0.19176,-1.8272,-1.8105,-1.7879,-1.7546,-1.7185,-1.6696,-1.6362,-1.5867,-1.5221,-1.4684,0.19176,-1.4069,-1.3403,-1.2736,-1.2069,-1.1402,-1.0735,-1.005,-0.92186,-0.85517,-0.77318,0.2283,0.19176,-0.70352,-0.62473,-0.54136,-0.458,-0.37464,-0.29128,-0.20792,-0.12707,-0.059469,0.023892,0.19176,0.091266,0.15796,0.22464,0.29133,0.35802,0.42471,0.4914,0.55809,0.62478,0.69147,0.19176,0.75815,0.82484,0.87646,0.93995,0.99476,1.0448,1.0861,1.1265,1.1711,1.2083,0.1897,1.256,1.2894,1.3227,1.3561,1.3894,1.4228,1.4451,1.4618,1.4785,1.489,0.17303,1.4844,1.4678,1.4511,1.4344,1.4177,1.3862,1.3661,1.3378,1.2944,1.2528,0.15636,1.2126,1.1626,1.109,1.0423,0.97558,0.90889,0.8422,0.77551,0.70882,0.64213,0.12415,0.58458,0.53456,0.49049,0.4528,0.40553,0.37218,0.33884,0.30549,0.27215,0.2388,0.10474,0.20546,0.17212,0.13877,0.10543,0.077106,0.060434,0.043762,0.027318,0.027318,0.027318,0.075736,0.027318,0.027318,0.027318,0.027318,0.027318,0.027318,0.027318,0.027318,0.027318,0.027318,0.042392,0.027318,0.027318,0.027318,0.027318,0.027318,0.019324,0.009047,0.004251,0.2283,0.009047,-0.031834,-0.081851,-0.12753,-0.16361,-0.21477,-0.28146,-0.33193,-0.38195,-0.44499,0.23858,-0.50025,-0.56009,-0.61856,-0.6752,-0.73686,-0.78688,-0.8369,-0.88691,-0.93693,-0.97164,0.24657,-1.005,-1.0383,-1.0717,-1.105,-1.1311,-1.1534,-1.1827,-1.1993,-1.2151,-1.2151,0.24657,-1.2311,-1.219,-1.2151,-1.1927,-1.169,-1.1443,-1.111,-1.0728,-1.0196,-0.95452,0.24657,-0.9045,-0.83781,-0.75605,-0.67269,-0.58933,-0.50596,-0.4226,-0.33216,-0.23761,-0.15037,0.24657,-0.052617,0.031429,0.13146,0.21574,0.31326,0.40073,0.48409,0.56745,0.65081,0.73417,0.0,2.0
0.4311,0.38051,0.4058,1.5694,1.6337,1.6973,1.7487,1.7859,1.8261,1.8625,1.8882,1.8982,1.8982,0.4058,1.8982,1.8982,1.881,1.7498,1.6599,1.5902,1.4758,1.3856,1.3086,1.1521,0.4058,1.0533,0.97632,0.87831,0.79698,0.69821,0.59551,0.51533,0.41542,0.31272,0.21003,0.41074,0.10733,-0.019775,-0.49519,-0.5803,-0.65732,-0.73435,-0.81137,-0.88839,-0.96364,-1.015,0.4311,-1.0663,-1.1177,-1.169,-1.2167,-1.2424,-1.2681,-1.2889,-1.2941,-1.3142,-1.3142,0.4311,-1.3079,-1.2889,-1.2818,-1.2562,-1.2227,-1.1713,-1.12,-1.0686,-1.0079,-0.94062,0.42503,-0.87916,-0.80213,-0.72511,-0.64809,-0.57107,-0.49405,-0.41703,-0.32723,-0.23769,-0.14713,0.4058,-0.044437,0.058258,0.16095,0.26365,0.36635,0.46904,0.57174,0.67443,0.77713,0.8625,0.39898,0.93952,1.0165,1.0936,1.1517,1.2031,1.2544,1.3058,1.3571,1.4085,1.4387,0.3733,1.4644,1.4901,1.5157,1.5414,1.5671,1.5694,1.5694,1.3761,1.3179,1.2417,0.38051,0.35522,1.0888,1.0117,0.93244,0.78295,0.73008,0.64737,0.49105,0.32195,0.2419,0.12554,0.34725,-0.064673,-0.16737,-0.26551,-0.34747,-0.50328,-0.80011,-0.8832,-0.97945,-1.0565,-1.1335,0.32157,-1.2105,-1.2796,-1.3393,-1.3988,-1.4336,-1.4755,-1.4913,-1.4913,-1.4913,-1.4913,0.2959,-1.4913,-1.4795,-1.466,-1.4535,-1.4278,-1.4021,-1.3764,-1.3367,-1.2998,-1.2593,0.27023,-1.208,-1.1411,-1.08,-1.0123,-0.93531,-0.85829,-0.78127,-0.70424,-0.62722,-0.5502,0.24455,-0.47318,-0.39616,-0.29941,-0.21682,-0.11931,-0.016613,0.086082,0.16715,0.26618,0.36888,0.20901,0.47157,0.57427,0.65344,0.75436,0.83278,0.93446,1.0121,1.0893,1.1915,1.2685,0.16791,1.3455,1.4209,1.4742,1.5489,1.603,1.6737,1.7029,1.7503,1.776,1.8017,0.13161,1.8223,1.8223,1.8223,1.8223,1.8157,1.79,1.757,1.7057,1.6382,1.5524,0.080265,1.4922,1.4152,1.3382,1.2611,1.1737,1.0818,0.99365,0.90246,0.766,0.62195,0.38051,0.028917,0.53228,0.42958,0.32689,0.23798,0.14679,0.044093,-0.058602,-0.1613,-0.26399,-0.65581,-0.022431,-0.8918,-0.95997,-1.0198,-1.0887,-1.1478,-1.1991,-1.2505,-1.3018,-1.3337,-1.3594,-0.08592,-1.385,-1.3901,-1.4111,-1.4154,-1.4372,-1.4407,-1.4182,-1.4154,-1.3921,-1.3665,-0.15042,-1.3408,-1.2907,-1.2394,-1.188,-1.1367,-1.0853,-1.0329,-0.95732,-0.90597,-0.85462,-0.21467,-0.80327,-0.74902,-0.67528,-0.62393,-0.56854,-0.49594,-0.43979,-0.36277,-0.29131,-0.23402,-0.29169,-0.157,-0.079976,-0.010037,0.041311,0.092659,0.14401,0.19535,0.23772,0.2634,0.28907,-0.35505,0.31474,0.34042,0.35522,0.36647,0.38051,0.3685,0.35522,0.34244,0.32992,0.31639,-0.42044,0.29071,0.27933,0.26466,0.23899,0.22874,0.21293,0.20345,0.18688,0.17815,0.16083,-0.49746,0.15286,0.15286,0.15286,0.15286,0.15286,0.13326,0.14755,0.15286,0.15286,0.15286,-0.55969,0.15286,0.15286,0.15286,0.1755,0.17815,0.17815,0.17815,0.17815,0.38051,-0.62621,-0.68768,-0.75496,-0.81567,-0.86701,-0.93544,-0.99501,-1.0464,-1.0977,-1.149,0.38051,-1.2004,-1.2517,-1.2834,-1.309,-1.3347,-1.3604,-1.3861,-1.3901,-1.3901,-1.3901,0.38051,-1.3901,-1.367,-1.3648,-1.3409,-1.3152,-1.2649,-1.2386,-1.1875,-1.1361,-1.0848,0.38317,-1.0335,-0.98046,-0.90344,-0.82642,-0.7494,-0.67237,-0.59181,-0.49304,-0.41171,-0.30902,0.4058,-0.20632,-0.10906,-0.026225,0.07647,0.17917,0.28186,0.38456,0.48725,0.58185,0.66735,0.4058,0.77005,0.86351,0.95014,1.0428,1.1199,1.1969,1.2739,1.3509,1.428,1.505,2.0,2.0
1.8956,1.7812,1.5615,-0.52361,-0.54029,-0.55619,-0.57702,-0.59258,-0.61606,-0.63047,-0.65395,-0.67208,-0.69184,1.5373,-0.71374,-0.72973,-0.74632,-0.76715,-0.77889,-0.79643,-0.81146,-0.82321,-0.83963,-0.85578,1.5138,-0.86753,-0.88284,-0.9001,-0.92073,-0.93513,-0.9535,-0.97302,-0.98742,-1.0069,-1.0187,1.4903,-1.0395,-1.0512,-1.0685,-1.0838,-1.0955,-1.1117,-1.1281,-1.1405,-1.1607,-1.1724,1.4668,-1.1928,-1.2072,-1.2258,-1.2376,-1.2493,-1.2611,-1.2728,-1.2846,-1.2963,-1.308,1.4433,-1.3198,-1.3315,-1.3433,-1.355,-1.3577,-1.3694,-1.3812,-1.3845,-1.3956,-1.4073,1.4198,-1.4118,-1.4217,-1.4335,-1.439,-1.4479,-1.4505,-1.4623,-1.474,-1.4858,-1.4936,1.3964,-1.4936,-1.4843,-1.4754,-1.4699,-1.4582,-1.4464,-1.4347,-1.4229,-1.4112,-1.3995,1.3729,-1.3877,-1.376,-1.3642,-1.3525,-1.3407,-1.329,-1.3172,-1.3055,-1.2938,-1.282,1.3494,-1.2703,-1.2585,-1.2377,-1.226,-1.2142,-1.1934,-1.1816,-1.1699,-1.1498,-1.1373,1.7631,1.3259,-1.121,-1.1047,-1.0922,-1.0722,-1.0543,-1.0309,-1.0164,-0.99794,-0.97856,-0.96416,1.2933,-0.94453,-0.92627,-0.91187,-0.89113,-0.87938,-0.85958,-0.84681,-0.83077,-0.81423,-0.80249,1.2698,-0.78757,-0.76992,-0.75817,-0.73734,-0.7256,-0.70647,-0.69302,-0.67767,-0.66045,-0.64871,1.2397,-0.63696,-0.62006,-0.60439,-0.59264,-0.5809,-0.56916,-0.55741,-0.54567,-0.53951,-0.53127,1.2138,-0.52134,-0.51687,-0.50512,-0.49338,-0.48163,-0.47591,-0.46723,-0.46457,-0.45283,-0.44109,1.1903,-0.43843,-0.42668,-0.42139,-0.41231,-0.40963,-0.40322,-0.39522,-0.38348,-0.37596,-0.36908,1.1613,-0.35733,-0.34559,-0.33385,-0.3221,-0.31036,-0.29861,-0.28687,-0.26604,-0.2543,-0.24255,1.1342,-0.23081,-0.20998,-0.19823,-0.18649,-0.17475,-0.163,-0.15789,-0.13951,-0.13063,-0.12511,1.1107,-0.11337,-0.11071,-0.098967,-0.087223,-0.075479,-0.063735,-0.057942,-0.049333,-0.037589,-0.030684,1.0872,-0.023188,-0.011444,0.0003,0.012044,0.023788,0.026446,0.03819,0.049934,0.05559,0.082508,1.7434,1.0567,0.087437,0.096524,0.099567,0.11131,0.1147,0.12378,0.12837,0.14011,0.15186,0.1636,1.0312,0.17535,0.18709,0.19883,0.2156,0.23141,0.2444,0.26398,0.28229,0.29683,0.32647,1.0044,0.33822,0.34996,0.37988,0.39162,0.41036,0.44237,0.45734,0.48083,0.51285,0.5278,0.93954,0.55129,0.58221,0.60735,0.6345,0.67604,0.70507,0.73765,0.77154,0.81066,0.83537,0.88852,0.87112,0.9096,0.93373,0.97475,0.99824,1.0217,1.0543,1.0733,1.0922,1.1248,0.86454,1.1448,1.1627,1.2036,1.2187,1.2472,1.2748,1.288,1.3074,1.3362,1.3506,0.83623,1.3831,1.4012,1.421,1.452,1.4637,1.4755,1.4963,1.508,1.5198,1.54,0.80848,1.5524,1.5735,1.594,1.6067,1.6302,1.6537,1.6683,1.6891,1.706,1.7217,0.7759,1.7425,1.7542,1.7727,1.7868,1.7986,1.8103,1.822,1.8338,1.8455,1.8573,0.74871,1.869,1.8808,1.8925,1.9043,1.916,1.9277,1.9244,1.9217,1.7199,0.71984,0.69635,0.67286,0.64938,0.62589,0.6024,0.57891,0.55542,0.53194,0.50845,1.6964,0.48496,0.46981,0.44707,0.42815,0.40918,0.39557,0.38038,0.35689,0.34217,0.32134,1.666,0.3046,0.28877,0.27702,0.26528,0.25353,0.25088,0.22805,0.18018,0.16921,0.15847,1.6403,0.13378,0.10772,0.060179,0.056976,0.021789,0.005661,-0.011784,-0.044518,-0.056261,-0.070936,1.6168,-0.10701,-0.11875,-0.15735,-0.17706,-0.20332,-0.21116,-0.22149,-0.23776,-0.25784,-0.26722,1.5933,-0.28782,-0.31236,-0.32889,-0.34698,-0.40744,-0.44672,-0.45846,-0.47021,-0.48799,-0.50278,1.0,2.0
0.21224,0.21224,0.23196,0.99311,1.0657,1.1304,1.195,1.2597,1.3145,1.3733,1.4273,1.4758,1.5129,0.24379,1.5571,1.5934,1.6257,1.658,1.677,1.6931,1.7093,1.7255,1.7117,1.6955,0.24852,1.6793,1.6474,1.6304,1.5981,1.5642,1.5176,1.4853,1.4502,1.4017,1.3532,0.25956,1.3047,1.2562,1.2029,1.1434,1.0893,1.0247,0.95998,0.89531,0.83063,0.76595,0.26508,0.69338,0.61253,0.53169,0.45084,0.36999,0.28914,0.20829,0.1168,0.030821,-0.061464,0.27534,-0.14665,-0.23972,-0.32412,-0.41799,-0.50159,-0.59625,-0.67907,-0.75991,-0.84076,-0.92161,0.28165,-0.98668,-1.0514,-1.116,-1.1807,-1.2438,-1.2923,-1.3408,-1.3866,-1.4189,-1.4513,0.29111,-1.4797,-1.5002,-1.5278,-1.5439,-1.5546,-1.5605,-1.5704,-1.5704,-1.5633,-1.5471,0.29111,-1.5309,-1.5148,-1.4899,-1.4666,-1.441,-1.4087,-1.3661,-1.3282,-1.2848,-1.2249,0.29861,-1.172,-1.1235,-1.0624,-0.99773,-0.91964,-0.85259,-0.77372,-0.70746,-0.6278,-0.54695,0.21224,0.30689,-0.4661,-0.36948,-0.28863,-0.2066,-0.11116,-0.028336,0.066316,0.14992,0.24379,0.32464,0.29861,0.40943,0.50211,0.58296,0.6638,0.74465,0.8255,0.90004,0.97142,1.0452,1.1098,0.28244,1.1745,1.2309,1.2794,1.3279,1.3765,1.425,1.4632,1.4956,1.5279,1.5488,0.27534,1.565,1.5811,1.5973,1.6135,1.6028,1.5867,1.5705,1.5397,1.5224,1.4908,0.26587,1.4585,1.4261,1.393,1.3445,1.2976,1.2633,1.2124,1.1505,1.102,1.0499,0.2497,0.98523,0.92055,0.85587,0.79119,0.72099,0.64606,0.57507,0.50092,0.42915,0.3483,0.23353,0.25956,0.17083,0.089978,5.9e-05,-0.087493,-0.1782,-0.27522,-0.36159,-0.45348,-0.53906,0.20672,-0.63174,-0.71653,-0.79738,-0.87823,-0.95908,-1.0399,-1.1066,-1.1858,-1.2517,-1.301,0.17438,-1.3653,-1.4138,-1.4615,-1.4939,-1.5278,-1.5723,-1.5909,-1.6205,-1.6366,-1.6528,0.14204,-1.665,-1.665,-1.6603,-1.6441,-1.6279,-1.6118,-1.5893,-1.5637,-1.5404,-1.5081,0.21224,0.1097,-1.4757,-1.4351,-1.3953,-1.3539,-1.3053,-1.2568,-1.1981,-1.144,-1.0845,-1.0198,0.077358,-0.95513,-0.89045,-0.81316,-0.74532,-0.66723,-0.58639,-0.50554,-0.42469,-0.34384,-0.24761,0.032399,-0.16637,-0.069746,0.011891,0.10773,0.19015,0.2852,0.36841,0.46267,0.54352,0.62437,-0.01611,0.70521,0.78606,0.86218,0.93198,1.0073,1.072,1.1304,1.1789,1.2274,1.2759,-0.064619,1.3165,1.3488,1.3812,1.4045,1.4206,1.4269,1.4167,1.3899,1.3575,1.3252,-0.11313,1.281,1.2325,1.184,1.1225,1.0578,0.97931,0.91266,0.83339,0.76753,0.68747,-0.16164,0.60662,0.52616,0.4607,0.38103,0.31635,0.25167,0.187,0.12508,0.073414,0.012285,-0.21015,-0.03228,-0.068957,-0.11273,-0.13995,-0.16164,-0.18806,-0.20423,-0.2204,-0.23657,-0.24525,-0.27364,-0.25313,-0.26102,-0.2697,-0.2768,-0.2768,-0.28666,-0.29257,-0.29257,-0.29257,-0.29257,-0.32294,-0.29257,-0.29257,-0.29257,-0.29257,-0.27916,-0.2768,-0.2768,-0.2768,0.21224,-0.37145,-0.43573,-0.48503,-0.54853,-0.59861,-0.66132,-0.70983,-0.7611,-0.82262,-0.87113,0.21224,-0.91964,-0.96381,-1.0009,-1.0443,-1.0821,-1.1188,-1.1413,-1.1669,-1.1902,-1.215,0.21224,-1.2312,-1.2474,-1.2549,-1.2639,-1.2612,-1.245,-1.2288,-1.2127,-1.1965,-1.1689,0.215,-1.1365,-1.1042,-1.0719,-1.0265,-0.97801,-0.9295,-0.88099,-0.81789,-0.75321,-0.68853,0.22801,-0.62385,-0.543,-0.46294,-0.39708,-0.31623,-0.23341,-0.13876,-0.057915,0.022934,0.10733,0.22801,0.20041,0.28125,0.3621,0.44295,0.5238,0.60465,0.68549,0.76634,0.84719,0.92055,0.0,2.0
-1.807,-1.7986,-1.6269,-0.84355,-0.82932,-0.81647,-0.80807,-0.79967,-0.79127,-0.78287,-0.77447,-0.76607,-0.75766,-1.6017,-0.74926,-0.74849,-0.74274,-0.73822,-0.73621,-0.72794,-0.72794,-0.72794,-0.72316,-0.71766,-1.5848,-0.71766,-0.71766,-0.71766,-0.71199,-0.70739,-0.70739,-0.70734,-0.69893,-0.69053,-0.68213,-1.5615,-0.67373,-0.66533,-0.65693,-0.64853,-0.64013,-0.628,-0.61305,-0.60465,-0.59625,-0.58135,-1.5363,-0.56917,-0.55802,-0.54122,-0.52442,-0.51501,-0.50109,-0.48429,-0.46926,-0.46086,-0.44416,-1.5138,-0.42735,-0.4151,-0.4067,-0.3975,-0.3807,-0.37122,-0.35737,-0.34414,-0.33574,-0.32734,-1.497,-0.31894,-0.31054,-0.30214,-0.29633,-0.29561,-0.28721,-0.27881,-0.27578,-0.27578,-0.27416,-1.4802,-0.26576,-0.2655,-0.2655,-0.26111,-0.25522,-0.25458,-0.24618,-0.24495,-0.23966,-0.23125,-1.4634,-0.22285,-0.21445,-0.20605,-0.19765,-0.18925,-0.18085,-0.17188,-0.15508,-0.14537,-0.13175,-1.4466,-0.11829,-0.10843,-0.091624,-0.082812,-0.068296,-0.051494,-0.034692,-0.01789,-0.001088,0.0087,-1.7836,-1.4298,0.022239,0.039041,0.054456,0.062857,0.071258,0.079659,0.088059,0.09646,0.10486,0.11326,-1.413,0.11473,0.11979,0.125,0.125,0.125,0.125,0.125,0.125,0.12721,0.13528,-1.3962,0.13528,0.13528,0.13528,0.13839,0.14556,0.14556,0.14556,0.15144,0.15583,0.15796,-1.3794,0.16637,0.17477,0.18317,0.19157,0.19997,0.20837,0.21677,0.22517,0.23357,0.24197,-1.3626,0.25243,0.26905,0.27745,0.29256,0.30453,0.31589,0.33269,0.34949,0.35869,0.37282,-1.3503,0.38577,0.39615,0.41285,0.42125,0.43628,0.44833,0.45673,0.46613,0.48293,0.49221,-1.3419,0.50061,0.50901,0.51931,0.53609,0.54449,0.55289,0.56596,0.57997,0.58837,0.59677,-1.3335,0.60517,0.61914,0.63225,0.64065,0.64905,0.6658,0.67613,0.68913,0.70321,0.71161,-1.3251,0.72001,0.73578,0.75258,0.76576,0.77591,0.79271,0.80124,0.81604,0.83284,0.84965,-1.3167,0.86568,0.87408,0.88977,0.90116,0.9131,0.92823,0.93663,0.95323,0.96371,0.97656,-1.7668,-1.3083,0.99336,1.0095,1.0179,1.0335,1.0449,1.0533,1.0633,1.0801,1.0888,1.0972,-1.2999,1.1056,1.114,1.1218,1.1218,1.129,1.1374,1.1424,1.1424,1.1424,1.1424,-1.2931,1.1424,1.1381,1.1321,1.1321,1.1321,1.125,1.1218,1.1218,1.1233,1.1317,-1.2931,1.1321,1.1382,1.1466,1.1526,1.1531,1.1615,1.1699,1.1732,1.1764,1.1848,-1.2931,1.1932,1.1938,1.1998,1.2082,1.2143,1.2147,1.2231,1.2315,1.2349,1.238,-1.2931,1.2451,1.2451,1.2529,1.2554,1.2595,1.2679,1.276,1.276,1.2828,1.2912,-1.2931,1.2996,1.308,1.3164,1.3248,1.3332,1.3416,1.35,1.3586,1.3754,1.3922,-1.2931,1.4042,1.4156,1.4324,1.4492,1.466,1.4886,1.5099,1.5267,1.5436,1.5688,-1.2925,1.5873,1.6089,1.6341,1.6593,1.6846,1.7098,1.735,1.7602,1.7854,1.8106,-1.2841,1.8358,1.861,1.8814,1.9011,1.9253,1.9421,1.9664,1.986,-1.75,-1.2829,-1.2829,-1.2794,-1.2726,-1.2726,-1.2645,-1.2623,-1.258,-1.2496,-1.2418,-1.7323,-1.2418,-1.2346,-1.2262,-1.2178,-1.2109,-1.2109,-1.2029,-1.1945,-1.1904,-1.188,-1.7071,-1.1801,-1.1801,-1.1731,-1.1698,-1.1698,-1.1698,-1.1698,-1.1698,-1.1698,-1.1656,-1.6894,-1.1595,-1.1595,-1.1595,-1.1526,-1.1493,-1.1461,-1.1377,-1.1293,-1.1209,-1.1125,-1.667,-1.1041,-1.0934,-1.077,-1.0686,-1.0533,-1.0365,-1.0228,-1.0132,-0.99636,-0.97956,-1.6455,-0.96866,-0.95623,-0.94159,-0.9329,-0.9161,-0.90611,-0.89277,-0.87903,-0.86945,-0.85264,3.0,2.0
0.39395,0.29783,0.23375,0.3851,0.47237,0.563,0.64311,0.72321,0.80286,0.86694,0.9458,1.0128,1.0769,0.21773,1.1312,1.1873,1.2451,1.2884,1.3205,1.3525,1.3845,1.4009,1.4169,1.433,0.21694,1.4384,1.4384,1.4311,1.4151,1.3991,1.3808,1.3488,1.3167,1.2698,1.2218,0.20339,1.1622,1.0981,1.034,0.96351,0.88341,0.80331,0.72321,0.64311,0.563,0.46883,0.19923,0.37271,0.27659,0.1895,0.094705,-0.011771,-0.10789,-0.20401,-0.30013,-0.39625,-0.49237,0.18906,-0.57522,-0.66691,-0.75312,-0.83322,-0.90677,-0.97572,-1.0526,-1.1182,-1.1983,-1.2626,0.18153,-1.3267,-1.3783,-1.4371,-1.4921,-1.5327,-1.5705,-1.6104,-1.6264,-1.6425,-1.6585,0.18153,-1.6745,-1.6638,-1.6478,-1.6317,-1.6074,-1.5754,-1.5433,-1.508,-1.4584,-1.3943,0.18153,-1.3302,-1.2661,-1.202,-1.1271,-1.047,-0.96687,-0.88093,-0.78897,-0.70887,-0.62797,0.18153,-0.53185,-0.45086,-0.37076,-0.27889,-0.19286,-0.10435,-0.014957,0.065143,0.14861,0.24305,0.28774,0.18153,0.32315,0.40325,0.48335,0.56345,0.64355,0.71435,0.78605,0.86022,0.92855,1.0061,0.18153,1.0702,1.1342,1.2135,1.2801,1.3323,1.3906,1.4461,1.4874,1.5246,1.5692,0.18153,1.5994,1.6156,1.6476,1.6652,1.6812,1.6972,1.7039,1.7039,1.6979,1.6775,0.18153,1.6455,1.6134,1.5814,1.534,1.486,1.426,1.3619,1.2978,1.2337,1.1696,0.18153,1.102,1.0238,0.95952,0.87942,0.78481,0.70152,0.61027,0.52362,0.43573,0.33961,0.18153,0.24349,0.14737,0.051247,-0.044873,-0.12559,-0.20569,-0.28579,-0.36589,-0.44599,-0.5261,0.18153,-0.60089,-0.66859,-0.74869,-0.82853,-0.89261,-0.97129,-1.0385,-1.1138,-1.1843,-1.2405,0.18153,-1.2948,-1.3544,-1.4024,-1.4493,-1.4814,-1.5289,-1.5632,-1.5952,-1.6272,-1.6505,0.18153,-1.6736,-1.7003,-1.7163,-1.7323,-1.748,-1.748,-1.7333,-1.7172,-1.7012,-1.6756,0.18153,-1.6435,-1.6115,-1.5748,-1.5268,-1.4787,-1.4307,-1.367,-1.3168,-1.2566,-1.1925,0.27509,0.18153,-1.1284,-1.0643,-1.0002,-0.93235,-0.85225,-0.77259,-0.70851,-0.62965,-0.54955,-0.46945,0.18056,-0.38935,-0.30925,-0.22915,-0.15374,-0.086649,-0.006549,0.073551,0.15365,0.21977,0.29615,0.16454,0.36563,0.42971,0.49379,0.55787,0.62195,0.68603,0.74958,0.79764,0.8457,0.89376,0.14852,0.94182,0.98988,1.0298,1.0683,1.1116,1.1436,1.1757,1.2077,1.2397,1.2718,0.1325,1.3038,1.3252,1.3412,1.3572,1.3732,1.3892,1.4053,1.42,1.404,1.388,0.11648,1.372,1.356,1.33,1.3062,1.2771,1.2339,1.1987,1.1506,1.1026,1.0545,0.090191,1.0064,0.95837,0.91031,0.86225,0.81419,0.76038,0.70037,0.64992,0.58655,0.53849,0.066736,0.47538,0.4113,0.3589,0.31084,0.26278,0.22136,0.18932,0.15728,0.12683,0.11081,0.043812,0.094794,0.078773,0.062753,0.046733,0.039918,0.032395,0.016375,0.004515,0.004515,0.004515,0.011772,0.004515,0.01965,0.022216,0.022216,0.022216,0.013808,0.004515,0.004515,0.27004,-0.020268,-0.052308,-0.084348,-0.11639,-0.14843,-0.1933,-0.24136,-0.28942,-0.33748,-0.38554,0.26075,-0.4336,-0.48441,-0.54743,-0.59549,-0.64355,-0.69161,-0.73967,-0.78773,-0.84446,-0.90155,0.25234,-0.94961,-0.99767,-1.0457,-1.0938,-1.1419,-1.2045,-1.2428,-1.286,-1.3245,-1.3566,0.25234,-1.3824,-1.3984,-1.4145,-1.4293,-1.4293,-1.4138,-1.3978,-1.3818,-1.3553,-1.3233,0.24809,-1.2842,-1.2361,-1.1843,-1.1203,-1.0558,-0.97572,-0.89562,-0.81552,-0.73542,-0.64567,0.23464,-0.54955,-0.45343,-0.35731,-0.26411,-0.18277,-0.086649,0.009471,0.10559,0.20171,0.29783,0.0,2.0
-1.8646,-1.8035,-1.6598,-0.60451,-0.59384,-0.59186,-0.58316,-0.57248,-0.5618,-0.55112,-0.55112,-0.54589,-0.54044,-1.6415,-0.54044,-0.54044,-0.54044,-0.54044,-0.54044,-0.54044,-0.54044,-0.54044,-0.55112,-0.55521,-1.6231,-0.5618,-0.57053,-0.57819,-0.58316,-0.59352,-0.60451,-0.61952,-0.63655,-0.64552,-0.65791,-1.6048,-0.66858,-0.67918,-0.68685,-0.70062,-0.71285,-0.73119,-0.76811,-0.79673,-0.79673,-0.7889,-1.5865,-0.78124,-0.77358,-0.76469,-0.75401,-0.73992,-0.73266,-0.72459,-0.70625,-0.67723,-0.65889,-1.5681,-0.58716,-0.53679,-0.52848,-0.5001,-0.48176,-0.45275,-0.43441,-0.40915,-0.38705,-0.35891,-1.5498,-0.35037,-0.32135,-0.29233,-0.26382,-0.24497,-0.21595,-0.19649,-0.16859,-0.15602,-0.14259,-1.5421,-0.12425,-0.098513,-0.076889,-0.058549,-0.040209,-0.021868,-0.014206,0.004134,0.014839,0.025518,-1.5238,0.036196,0.036196,0.046875,0.046875,0.046875,0.046875,0.046875,0.046875,0.046875,0.036196,-1.5054,0.036196,0.025518,0.025518,0.025518,0.014839,0.014839,0.004161,0.00045,-0.007212,-0.025552,-1.7898,-1.4871,-0.033214,-0.040876,-0.049232,-0.05991,-0.07454,-0.082202,-0.091946,-0.10262,-0.1133,-0.12353,-1.4688,-0.13119,-0.13885,-0.15719,-0.17553,-0.23077,-0.23357,-0.24144,-0.234,-0.22633,-0.21867,-1.4504,-0.20941,-0.19267,-0.17737,-0.17735,-0.15901,-0.14067,-0.12233,-0.10399,-0.085646,-0.037752,-1.4321,0.047142,0.065482,0.083822,0.091484,0.10982,0.12816,0.15718,0.17552,0.19386,0.22288,-1.4137,0.24122,0.25956,0.26723,0.28557,0.30391,0.32225,0.34059,0.35893,0.36723,0.38493,-1.4054,0.40327,0.42062,0.42927,0.44198,0.45527,0.46334,0.47401,0.48469,0.4966,0.50605,-1.3877,0.5226,0.53026,0.5486,0.55627,0.55944,0.56091,0.57012,0.57012,0.57012,0.57012,-1.3694,0.56238,0.55472,0.53809,0.53809,0.52105,0.50271,0.48437,0.47401,0.45837,0.45071,-1.351,0.43237,0.42062,0.40637,0.38803,0.36969,0.36202,0.34368,0.32534,0.31384,0.30238,-1.3413,0.27112,0.27112,0.2818,0.29248,0.30257,0.31384,0.32857,0.34691,0.36525,0.38359,-1.7775,-1.325,0.40193,0.42028,0.44929,0.50202,0.58208,0.60936,0.63537,0.66914,0.69805,0.72718,-1.3093,0.76073,0.77606,0.80355,0.83874,0.86474,0.90129,0.92742,0.95343,0.96699,0.99475,-1.299,1.0208,1.0468,1.0724,1.0907,1.1197,1.1381,1.1564,1.1641,1.1824,1.2008,-1.2879,1.2191,1.2322,1.2429,1.2528,1.2604,1.2642,1.2651,1.2749,1.2749,1.2856,-1.273,1.2856,1.2856,1.2856,1.2856,1.2856,1.2749,1.2749,1.2749,1.2749,1.2749,-1.2666,1.2749,1.2749,1.2749,1.2856,1.2856,1.3039,1.3115,1.3299,1.3482,1.3603,-1.2666,1.3742,1.4032,1.4216,1.4399,1.4689,1.4873,1.5163,1.5419,1.5534,1.582,-1.2559,1.6161,1.6507,1.6788,1.7048,1.7378,1.7661,1.7744,1.8088,1.8432,1.8715,-1.2559,1.9081,1.9448,1.9815,2.0182,2.0335,2.0595,2.0962,2.1329,2.1589,2.1944,-1.2559,2.2216,2.2418,2.2629,2.2891,2.3075,2.3151,2.32,2.3107,-1.7592,-1.2666,-1.2559,-1.2559,-1.2559,-1.2559,-1.2559,-1.2559,-1.2482,-1.2452,-1.2435,-1.7408,-1.2345,-1.2282,-1.2206,-1.2129,-1.2025,-1.1918,-1.1792,-1.1609,-1.1532,-1.1456,-1.7225,-1.1278,-1.1196,-1.1064,-1.0936,-1.0752,-1.0569,-1.0423,-1.0416,-1.0232,-1.0049,-1.7042,-0.98654,-0.97826,-0.96054,-0.94623,-0.93555,-0.92687,-0.90853,-0.89019,-0.87185,-0.85351,-1.6858,-0.83944,-0.82751,-0.81808,-0.80151,-0.78317,-0.76482,-0.74648,-0.72814,-0.7098,-0.69146,-1.6782,-0.6838,-0.66858,-0.6578,-0.64723,-0.63655,-0.62587,-0.61647,-0.61519,-0.61183,-0.60451,5.0,2.0
-2.0609,-1.9345,-1.6631,-1.0468,-1.0275,-1.0135,-0.994,-0.97294,-0.95187,-0.93081,-0.90975,-0.88869,-0.86762,-1.642,-0.84396,-0.81588,-0.79403,-0.77297,-0.75191,-0.73084,-0.70666,-0.67858,-0.65725,-0.63619,-1.622,-0.61513,-0.59407,-0.573,-0.55194,-0.53088,-0.51371,-0.49915,-0.47809,-0.46535,-0.45755,-1.6079,-0.4435,-0.43388,-0.42686,-0.41984,-0.41282,-0.4058,-0.39878,-0.3967,-0.3967,-0.3967,-1.5939,-0.4019,-0.4071,-0.4071,-0.41256,-0.41958,-0.4266,-0.43362,-0.44064,-0.44767,-0.45469,-1.5799,-0.46171,-0.46873,-0.47575,-0.48277,-0.48979,-0.49681,-0.50383,-0.51085,-0.4435,-0.40034,-1.5658,-0.3863,-0.36523,-0.34781,-0.33351,-0.31245,-0.29528,-0.28072,-0.25966,-0.2386,-0.21753,-1.5567,-0.19647,-0.17099,-0.14394,-0.12288,-0.10182,-0.079456,-0.051372,-0.028229,-0.007166,0.013897,-1.5497,0.04016,0.066424,0.087487,0.10855,0.12961,0.15068,0.16602,0.1824,0.20346,0.21854,-1.5427,0.23519,0.25625,0.27107,0.28225,0.28927,0.3028,0.31372,0.32074,0.32776,0.33478,-1.8628,-1.5409,0.3418,0.34882,0.3522,0.3522,0.3522,0.3522,0.35168,0.34466,0.33764,0.3314,-1.5409,0.3314,0.32256,0.30956,0.30254,0.29551,0.28849,0.28147,0.26951,0.25703,0.25001,-1.5409,0.24299,0.23597,0.22895,0.22192,0.2149,0.20788,0.20086,0.19384,0.18682,0.1798,-1.5409,0.17278,0.16576,0.15874,0.15744,0.16446,0.16498,0.1681,0.17512,0.18214,0.18916,-1.5409,0.19618,0.2032,0.21022,0.2175,0.23155,0.24169,0.25339,0.3236,0.36052,0.37457,-1.5409,0.38861,0.40265,0.41773,0.43879,0.45518,0.46922,0.48326,0.50224,0.52175,0.53579,-1.5351,0.54983,0.56569,0.58675,0.60236,0.6164,0.63044,0.64448,0.65852,0.67257,0.68661,-1.5305,0.70325,0.72431,0.73913,0.75318,0.76722,0.78126,0.7953,0.80934,0.82339,0.83405,-1.5305,0.84107,0.85511,0.86551,0.87279,0.88683,0.89698,0.90452,0.91856,0.92844,0.93624,-1.5245,0.95028,0.9599,0.96797,0.98201,0.99137,0.99839,1.0054,1.0124,1.0195,1.0265,-1.8415,-1.5201,1.0335,1.0405,1.0475,1.0491,1.0512,1.0582,1.0595,1.0618,1.0689,1.0699,-1.5201,1.0725,1.0795,1.0803,1.0803,1.0803,1.0868,1.0907,1.0907,1.0907,1.0907,-1.5138,1.0907,1.0907,1.0907,1.0907,1.0907,1.0907,1.0907,1.0907,1.0949,1.1011,-1.5068,1.1011,1.1011,1.1011,1.1011,1.1011,1.1011,1.1011,1.106,1.1131,1.1201,-1.4998,1.1271,1.1341,1.1411,1.1482,1.1552,1.1622,1.1692,1.1763,1.1833,1.1903,-1.4862,1.1973,1.2043,1.2114,1.2184,1.2254,1.2324,1.2394,1.2465,1.2535,1.2605,-1.4753,1.2675,1.2745,1.2779,1.2779,1.2779,1.2779,1.2784,1.2855,1.2883,1.2891,-1.4683,1.2961,1.2987,1.2998,1.3068,1.3138,1.3208,1.3279,1.3349,1.3435,1.3575,-1.4545,1.3715,1.3838,1.3908,1.4033,1.4173,1.4313,1.4454,1.4594,1.4735,1.4935,-1.4405,1.512,1.526,1.5463,1.5673,1.5884,1.603,1.6201,1.6412,-1.8134,-1.4264,-1.4124,-1.3947,-1.3739,-1.3599,-1.3419,-1.3214,-1.3073,-1.2933,-1.2793,-1.7853,-1.2652,-1.2512,-1.2371,-1.2231,-1.2137,-1.2054,-1.1914,-1.1773,-1.1648,-1.1578,-1.7572,-1.1456,-1.1334,-1.1264,-1.1139,-1.1019,-1.0949,-1.0879,-1.0832,-1.0832,-1.0772,-1.7291,-1.0728,-1.0728,-1.0728,-1.0757,-1.0827,-1.0832,-1.0863,-1.0933,-1.1071,-1.1178,-1.7052,-1.1248,-1.1388,-1.1492,-1.1563,-1.1633,-1.1742,-1.1877,-1.1947,-1.2059,-1.2184,-1.6841,-1.2184,-1.214,-1.207,-1.1999,-1.1929,-1.1859,-1.1789,-1.1323,-1.0801,-1.066,5.0,2.0
-2.1111,-1.9708,-1.7931,-0.89716,-0.8861,-0.87503,-0.86397,-0.8529,-0.84184,-0.83077,-0.81971,-0.80864,-0.79758,-1.771,-0.78652,-0.77191,-0.75364,-0.74258,-0.73151,-0.72045,-0.70938,-0.69832,-0.68725,-0.67619,-1.7488,-0.67157,-0.6648,-0.65374,-0.65008,-0.64235,-0.63128,-0.6286,-0.6199,-0.60883,-0.59777,-1.7225,-0.59637,-0.58638,-0.57531,-0.56425,-0.5534,-0.55286,-0.54266,-0.54147,-0.53191,-0.53009,-1.6938,-0.51902,-0.50796,-0.49689,-0.48583,-0.4782,-0.47444,-0.46338,-0.45231,-0.44597,-0.44092,-1.6669,-0.42986,-0.42449,-0.41847,-0.40741,-0.39634,-0.38528,-0.37421,-0.36315,-0.35208,-0.34102,-1.6337,-0.32995,-0.31889,-0.30782,-0.2872,-0.27495,-0.26388,-0.25282,-0.24175,-0.23069,-0.21962,-1.606,-0.20856,-0.19749,-0.18643,-0.17536,-0.1643,-0.15592,-0.15291,-0.14185,-0.13444,-0.13046,-1.578,-0.12369,-0.11907,-0.11295,-0.11295,-0.10736,-0.10221,-0.095976,-0.091464,-0.084589,-0.073524,-1.551,-0.069979,-0.062137,-0.051072,-0.040007,-0.028942,-0.017877,-0.006812,0.014029,0.02606,0.037125,-1.9493,-1.5224,0.04819,0.059255,0.07032,0.081385,0.09245,0.10352,0.11458,0.12564,0.13671,0.14777,-1.496,0.15884,0.1699,0.1771,0.18129,0.19236,0.20342,0.21449,0.22007,0.22587,0.23694,-1.4738,0.248,0.2523,0.25939,0.27046,0.28152,0.29259,0.30365,0.31472,0.32578,0.33685,-1.4517,0.34791,0.35898,0.37004,0.37047,0.38143,0.39249,0.4027,0.40388,0.41495,0.42418,-1.4296,0.42633,0.43493,0.43772,0.44567,0.44911,0.45641,0.45641,0.45641,0.45641,0.46146,-1.4074,0.46715,0.46715,0.46715,0.47349,0.4779,0.4779,0.4852,0.48864,0.49659,0.49938,-1.3853,0.50798,0.51904,0.53011,0.54117,0.54235,0.55256,0.56362,0.57469,0.58575,0.59607,-1.3719,0.59714,0.60821,0.61927,0.63034,0.6414,0.65247,0.66353,0.67127,0.67492,0.68201,-1.3608,0.6863,0.69737,0.70349,0.70876,0.71982,0.72498,0.73121,0.74227,0.75334,0.75721,-1.3404,0.76473,0.77579,0.77869,0.78718,0.79824,0.80931,0.82037,0.82166,0.83176,0.84283,-1.9373,-1.3279,0.85389,0.86496,0.87538,0.87634,0.88741,0.89847,0.90954,0.9206,0.93167,0.94273,-1.3269,0.9538,0.96486,0.97593,0.98699,0.99806,1.0091,1.0202,1.0313,1.0423,1.0534,-1.3166,1.0644,1.0755,1.0866,1.0976,1.1087,1.1117,1.1201,1.1312,1.1422,1.1533,-1.3055,1.1644,1.1654,1.1654,1.1654,1.1656,1.1762,1.1762,1.1762,1.1777,1.1869,-1.3054,1.1891,1.1977,1.2004,1.2084,1.2118,1.2229,1.2299,1.2343,1.2454,1.2564,-1.3054,1.2621,1.2678,1.2729,1.2792,1.2836,1.2906,1.2943,1.302,1.3051,1.3134,-1.3054,1.3244,1.3266,1.3358,1.3373,1.3472,1.3583,1.3588,1.3589,1.3695,1.3695,-1.3054,1.3695,1.3709,1.382,1.3931,1.4041,1.4152,1.4263,1.4407,1.4591,1.4742,-1.3054,1.492,1.5077,1.5298,1.5519,1.5797,1.607,1.6353,1.6685,1.7017,1.7349,-1.3036,1.7756,1.812,1.8534,1.8892,1.9312,1.9754,2.0102,2.0532,-1.9164,-1.2946,-1.2922,-1.2839,-1.2808,-1.2732,-1.2694,-1.2624,-1.258,-1.2517,-1.2466,-1.9038,-1.2356,-1.2302,-1.2242,-1.2194,-1.2128,-1.2017,-1.198,-1.1903,-1.1793,-1.1765,-1.8816,-1.1679,-1.1568,-1.1457,-1.1442,-1.1344,-1.1233,-1.1228,-1.112,-1.1116,-1.1013,-1.8595,-1.1002,-1.0905,-1.0905,-1.0885,-1.0798,-1.0771,-1.069,-1.0657,-1.0583,-1.0543,-1.8399,-1.0476,-1.0476,-1.0426,-1.0368,-1.0368,-1.0309,-1.0261,-1.0195,-1.0153,-1.0081,-1.8231,-0.99707,-0.99385,-0.98568,-0.97462,-0.96355,-0.95249,-0.94142,-0.93036,-0.91929,-0.90823,3.0,2.0
0.96551,0.99669,0.96551,-1.334,-1.2965,-1.259,-1.1948,-1.1528,-1.1072,-1.0467,-0.98836,-0.91337,-0.86956,0.96551,-0.79458,-0.71959,-0.6446,-0.5421,-0.46345,-0.38846,-0.2982,-0.20731,-0.10441,0.005026,0.95211,0.089366,0.20185,0.29235,0.39563,0.50468,0.58941,0.70189,0.792,0.89567,0.97697,0.93433,1.0793,1.1543,1.2293,1.3043,1.3793,1.4543,1.5292,1.5811,1.6186,1.6561,0.93433,1.6936,1.7138,1.7374,1.745,1.7138,1.6799,1.5851,1.4143,1.3104,1.0483,0.93317,0.92654,0.7556,0.64312,0.4081,0.16872,0.056238,-0.074638,-0.1999,-0.31238,-0.42486,0.90316,-0.53734,-0.63104,-0.73113,-0.81243,-0.91836,-1.0962,-1.2986,-1.3361,-1.3736,-1.4111,0.90316,-1.4486,-1.4665,-1.4665,-1.4977,-1.4977,-1.4977,-1.4977,-1.4977,-1.4665,-1.4588,0.90316,-1.4213,-1.3838,-1.3463,-1.3088,-1.2632,-1.2026,-1.1444,-1.0694,-1.0256,-0.94213,0.90316,-0.84446,-0.76948,-0.66705,-0.58575,-0.48216,-0.39197,-0.27949,-0.16701,-0.05749,0.026773,0.99669,0.9016,0.13925,0.25173,0.36422,0.4767,0.58918,0.70166,0.79184,0.89544,1.0079,1.1204,0.87198,1.2165,1.3142,1.3977,1.4727,1.5372,1.5914,1.6203,1.6497,1.6826,1.6826,0.87198,1.6826,1.6826,1.5933,1.5481,1.4843,1.4118,1.2039,1.0621,0.85607,0.74359,0.87198,0.57733,0.42509,0.31261,0.20013,0.087652,-0.024829,-0.13731,-0.28074,-0.39345,-0.50593,0.87198,-0.61841,-0.70587,-0.81204,-0.88702,-0.96201,-1.1516,-1.2737,-1.3106,-1.3106,-1.3238,0.8408,-1.3418,-1.3418,-1.3408,-1.3106,-1.297,-1.2794,-1.2532,-1.2157,-1.1782,-1.1407,0.8408,-1.083,-1.0346,-0.96591,-0.92039,-0.8454,-0.77041,-0.69543,-0.61833,-0.51427,-0.42455,0.8408,-0.33312,-0.23077,-0.14947,-0.036989,0.075492,0.18797,0.2727,0.38175,0.49423,0.60671,0.8408,0.7192,0.83168,0.94416,1.0566,1.1691,1.2816,1.3655,1.4717,1.5467,1.6217,0.81359,1.6967,1.7717,1.8114,1.8489,1.8864,1.9239,1.9321,1.9321,1.9213,1.8838,0.99669,0.80962,1.8463,1.8088,1.7665,1.6915,1.6165,1.4702,1.373,1.2305,1.118,0.98765,0.80096,0.76519,0.62464,0.48098,0.3685,0.25602,0.045325,-0.093658,-0.20614,-0.31862,-0.4311,0.77844,-0.59347,-0.71889,-1.0052,-1.0427,-1.0802,-1.1177,-1.1547,-1.1547,-1.1547,-1.1547,0.75716,-1.1547,-1.1538,-1.1235,-1.11,-1.0725,-1.035,-0.99756,-0.9525,-0.89139,-0.83371,0.74726,-0.78522,-0.71655,-0.67111,-0.61038,-0.55231,-0.50422,-0.46672,-0.42089,-0.36056,-0.32306,0.71608,-0.28557,-0.24808,-0.21058,-0.17309,-0.13559,-0.098101,-0.060608,-0.023114,0.014379,0.030125,0.70704,0.058187,0.064501,0.10199,0.12366,0.1458,0.15484,0.15484,0.15484,0.15484,0.15484,0.6849,0.126,0.12366,0.12366,0.10706,0.092484,0.092484,0.092484,0.092484,0.092484,0.069178,0.66323,0.061305,0.06606,0.092484,0.092484,0.092484,0.092484,0.092484,0.092484,0.092484,0.092484,0.62573,0.092484,0.092484,0.092484,0.092484,0.092484,0.092484,0.092484,0.092484,0.99669,0.58824,0.55075,0.51325,0.47576,0.43827,0.40077,0.36328,0.32579,0.28829,0.2508,0.99669,0.20941,0.14463,0.10714,0.069645,0.002999,-0.040809,-0.10519,-0.1596,-0.23459,-0.28003,0.99669,-0.35338,-0.42837,-0.50336,-0.57835,-0.65333,-0.69714,-0.77213,-0.84711,-0.9221,-0.96677,0.98368,-1.0409,-1.1041,-1.1416,-1.1791,-1.2473,-1.2853,-1.3228,-1.3418,-1.3666,-1.4041,0.96551,-1.4104,-1.4353,-1.4542,-1.4665,-1.4977,-1.4977,-1.5106,-1.5289,-1.5289,-1.5289,0.96551,-1.5289,-1.5155,-1.4977,-1.4977,-1.4665,-1.4591,-1.4216,-1.4041,-1.3778,-1.3418,2.0,2.0
-2.3058,-2.2011,-1.8994,-0.79664,-0.79323,-0.79044,-0.77961,-0.77061,-0.76598,-0.76441,-0.75235,-0.75235,-0.74149,-1.856,-0.73839,-0.7251,-0.7251,-0.71546,-0.71147,-0.70926,-0.69785,-0.68943,-0.68422,-0.67059,-1.8126,-0.6665,-0.64978,-0.64334,-0.62995,-0.61322,-0.60246,-0.5934,-0.57667,-0.56158,-0.55684,-1.7755,-0.54012,-0.52339,-0.50666,-0.48994,-0.47982,-0.47011,-0.45338,-0.43666,-0.41993,-0.4032,-1.7395,-0.38648,-0.38338,-0.36665,-0.35718,-0.34682,-0.34355,-0.32993,-0.3239,-0.3163,-0.30407,-1.695,-0.30097,-0.28905,-0.28905,-0.27804,-0.27494,-0.26179,-0.25512,-0.24817,-0.23529,-0.23219,-1.6615,-0.22091,-0.21236,-0.20729,-0.20616,-0.19366,-0.19366,-0.18324,-0.18003,-0.18003,-0.17394,-1.6281,-0.16641,-0.16641,-0.16464,-0.15278,-0.15278,-0.14171,-0.13915,-0.13551,-0.12553,-0.12553,-1.5946,-0.11258,-0.1119,-0.10638,-0.098273,-0.098273,-0.097081,-0.084647,-0.084647,-0.074154,-0.07102,-1.5612,-0.067954,-0.057393,-0.057393,-0.045027,-0.043767,-0.038827,-0.03014,-0.03014,-0.029527,-0.016513,-2.1571,-1.5277,-0.016513,-0.0066,-0.002887,-0.0004,0.01074,0.019427,0.024367,0.025627,0.037993,0.045454,-1.4943,0.05162,0.065247,0.068381,0.078873,0.078873,0.091308,0.094408,0.10613,0.11423,0.11975,-1.4744,0.13338,0.13716,0.14701,0.14701,0.16009,0.16319,0.17426,0.17426,0.18612,0.18922,-1.4441,0.20151,0.20904,0.21514,0.22887,0.24239,0.2487,0.26542,0.28215,0.29888,0.3156,-1.4274,0.33233,0.34906,0.36578,0.38251,0.39924,0.42601,0.44632,0.46042,0.46614,0.48287,-1.4107,0.4996,0.51632,0.53305,0.54978,0.5665,0.58306,0.58633,0.60306,0.61031,0.62288,-1.394,0.62598,0.63757,0.64581,0.65119,0.66482,0.66874,0.67845,0.67845,0.69166,0.69207,-1.3772,0.69786,0.7057,0.71769,0.72079,0.73295,0.73295,0.74372,0.74658,0.74658,0.74658,-1.3656,0.74658,0.74658,0.74658,0.74658,0.75489,0.76021,0.76021,0.76419,0.77383,0.77383,-1.3656,0.78712,0.79022,0.80109,0.80109,0.81315,0.81625,0.82834,0.83607,0.84197,0.85559,-2.1237,-1.3543,0.85559,0.8621,0.86922,0.86922,0.88285,0.88285,0.88285,0.89433,0.89647,0.90053,-1.3519,0.9101,0.9101,0.9101,0.92373,0.92373,0.92373,0.92373,0.93735,0.93735,0.94515,-1.3519,0.95098,0.95135,0.96461,0.97118,0.98791,0.99186,0.99186,0.99721,1.0055,1.0055,-1.3519,1.0065,1.0191,1.0191,1.0294,1.0327,1.0356,1.0464,1.0555,1.06,1.0617,-1.3519,1.0736,1.0815,1.0872,1.0877,1.1009,1.1009,1.1106,1.1273,1.1304,1.1472,-1.3388,1.1639,1.1806,1.1963,1.2004,1.2099,1.2203,1.237,1.2508,1.2568,1.2736,-1.3383,1.2903,1.307,1.3237,1.3405,1.3572,1.3739,1.3906,1.4074,1.4241,1.4408,-1.3383,1.4712,1.4879,1.5046,1.5214,1.5517,1.5684,1.5852,1.6019,1.6186,1.6353,-1.3295,1.6521,1.6688,1.6855,1.7023,1.719,1.7357,1.7524,1.7692,1.7859,1.8026,-1.3247,1.8193,1.8361,1.8528,1.8695,1.8862,1.903,1.9197,1.9364,-2.1026,-1.3247,-1.3202,-1.311,-1.311,-1.3109,-1.2974,-1.2974,-1.2974,-1.2849,-1.2838,-2.0704,-1.2838,-1.2756,-1.2702,-1.2702,-1.2702,-1.2632,-1.2565,-1.2565,-1.2403,-1.2235,-2.0369,-1.2068,-1.202,-1.187,-1.1702,-1.1535,-1.1368,-1.1203,-1.117,-1.1002,-1.093,-2.0035,-1.0804,-1.0773,-1.0606,-1.0521,-1.0408,-1.0377,-1.0209,-1.0113,-1.0011,-0.98438,-1.97,-0.98128,-0.96455,-0.95675,-0.94473,-0.9295,-0.9249,-0.90817,-0.90225,-0.88862,-0.88525,-1.9366,-0.87499,-0.86542,-0.86137,-0.84774,-0.84774,-0.83939,-0.83411,-0.82049,-0.81647,-0.80686,3.0,2.0
0.10074,0.10074,0.061367,1.4985,1.5343,1.5702,1.5916,1.6095,1.6166,1.6166,1.6093,1.5914,1.5698,0.061367,1.5359,1.5178,1.482,1.4298,1.3906,1.342,1.2883,1.2253,1.1611,1.1016,0.061367,1.03,0.95614,0.86696,0.79529,0.72363,0.63721,0.56063,0.47774,0.39762,0.31828,0.045027,0.23461,0.15882,0.069242,-0.019743,-0.091404,-0.1798,-0.26937,-0.35895,-0.43711,-0.51841,0.027112,-0.60011,-0.67177,-0.74343,-0.81509,-0.88675,-0.95842,-1.0131,-1.0669,-1.1206,-1.1744,0.009197,-1.2281,-1.2819,-1.3293,-1.3651,-1.3982,-1.4161,-1.4341,-1.452,-1.4545,-1.4409,-0.008719,-1.423,-1.4051,-1.3872,-1.3628,-1.327,-1.2911,-1.2553,-1.2195,-1.1663,-1.1126,-0.026634,-1.045,-0.98539,-0.9214,-0.84974,-0.77808,-0.70642,-0.63476,-0.56172,-0.47215,-0.40009,-0.044549,-0.32843,-0.25677,-0.18511,-0.11345,-0.041793,0.029868,0.10153,0.17654,0.26454,0.3362,-0.068173,0.40786,0.49546,0.57086,0.65493,0.73387,0.80553,0.87719,0.94354,1.0008,1.0707,0.10074,-0.10007,1.1245,1.1782,1.232,1.2857,1.3394,1.3824,1.4272,1.4737,1.5095,1.5416,-0.12015,1.5595,1.5775,1.5954,1.6133,1.6166,1.6166,1.6166,1.6074,1.5895,1.5715,-0.15558,1.5497,1.5139,1.4776,1.4239,1.3702,1.3164,1.2627,1.1865,1.1063,1.0347,-0.1735,0.95712,0.86755,0.77797,0.68839,0.59882,0.50924,0.40471,0.31041,0.22083,0.12161,-0.20795,0.021993,-0.067582,-0.16149,-0.26642,-0.356,-0.44557,-0.51822,-0.60504,-0.69461,-0.77257,-0.24378,-0.84423,-0.91589,-0.98755,-1.0592,-1.1309,-1.2025,-1.2742,-1.3459,-1.4175,-1.4756,-0.27961,-1.5293,-1.5931,-1.6482,-1.6906,-1.7349,-1.7557,-1.7904,-1.8083,-1.8262,-1.8286,-0.31544,-1.8286,-1.8286,-1.8286,-1.8201,-1.8022,-1.7843,-1.7632,-1.7274,-1.6916,-1.6557,-0.35127,-1.6041,-1.5504,-1.4967,-1.4325,-1.3608,-1.296,-1.2321,-1.1458,-1.0742,-1.0025,-0.3871,-0.93085,-0.87514,-0.80722,-0.73556,-0.6639,-0.59224,-0.52767,-0.4686,-0.39694,-0.32706,0.10074,-0.42293,-0.27331,-0.20165,-0.12999,-0.05833,0.013331,0.084991,0.15665,0.22831,0.29446,0.35195,-0.4629,0.42361,0.49507,0.54881,0.6189,0.69056,0.74942,0.81419,0.8766,0.93783,1.0038,-0.51428,1.0615,1.131,1.1847,1.2384,1.2922,1.3312,1.367,1.4028,1.4387,1.4668,-0.5507,1.4906,1.5182,1.5206,1.5379,1.5379,1.5212,1.4883,1.4656,1.4363,1.4005,-0.60444,1.3646,1.3227,1.2733,1.2349,1.1812,1.1274,1.0737,1.0199,0.95279,0.89274,-0.65819,0.82916,0.76557,0.71182,0.65808,0.60433,0.55059,0.49684,0.4431,0.40471,0.35529,-0.69697,0.31336,0.27753,0.2417,0.19937,0.15035,0.11452,0.078691,0.042861,0.024355,0.00644,-0.74599,-0.011475,-0.02939,-0.047305,-0.048289,-0.037068,-0.037068,-0.033918,-0.017381,-0.017381,-0.017381,-0.78832,-0.017381,-0.017381,-0.017381,-0.017381,-0.017381,-0.024271,-0.037068,-0.037068,-0.037068,-0.037068,-0.8338,-0.037068,-0.037068,-0.037068,-0.037068,-0.037068,-0.028209,-0.017381,-0.017381,0.10074,-0.87967,-0.9155,-0.95566,-1.0068,-1.0427,-1.0785,-1.0974,-1.1305,-1.1663,-1.1905,0.089913,-1.2183,-1.246,-1.264,-1.2819,-1.297,-1.297,-1.297,-1.297,-1.297,-1.297,0.081054,-1.2734,-1.2476,-1.2214,-1.1856,-1.1498,-1.111,-1.0572,-1.0035,-0.93243,-0.87632,0.081054,-0.80879,-0.73713,-0.66547,-0.58535,-0.50247,-0.42588,-0.33631,-0.24673,-0.15716,-0.067582,0.081054,0.021993,0.11157,0.21335,0.29997,0.38029,0.46987,0.55433,0.62599,0.69922,0.7888,0.077313,0.86066,0.93232,1.004,1.0756,1.1473,1.2101,1.2709,1.3373,1.3946,1.4627,0.0,2.0
-2.3041,-2.2087,-2.0025,-0.57165,-0.57165,-0.57165,-0.57165,-0.57165,-0.57495,-0.58421,-0.58421,-0.59676,-0.6052,-1.9745,-0.60932,-0.62033,-0.62187,-0.63442,-0.63442,-0.64698,-0.65815,-0.67209,-0.68583,-0.70595,-1.9372,-0.71351,-0.73363,-0.75375,-0.77387,-0.79399,-0.8141,-0.83422,-0.85434,-0.88048,-0.93572,-1.9066,-0.94827,-0.93663,-0.92907,-0.91061,-0.90138,-0.88127,-0.86115,-0.84103,-0.82091,-0.8008,-1.8718,-0.76812,-0.74801,-0.72789,-0.68998,-0.57467,-0.55455,-0.52232,-0.50888,-0.48164,-0.46152,-1.8512,-0.44141,-0.42129,-0.38862,-0.3685,-0.34838,-0.32826,-0.29572,-0.26804,-0.23025,-0.20012,-1.819,-0.1649,-0.13223,-0.11211,-0.079443,-0.059325,-0.026653,0.006019,0.033889,0.06157,0.09148,-1.7989,0.12415,0.15682,0.17694,0.19998,0.22973,0.24985,0.26997,0.29008,0.3102,0.31968,-1.7682,0.33223,0.34545,0.35734,0.36058,0.3699,0.3699,0.38245,0.38245,0.38245,0.38245,-1.7461,0.38245,0.38245,0.38245,0.38245,0.38245,0.38245,0.38132,0.3699,0.36619,0.35734,-2.1885,-1.726,0.35107,0.3435,0.33223,0.31582,0.30713,0.28814,0.26802,0.2479,0.22779,0.20767,-1.7059,0.2001,0.19254,0.18159,0.16486,0.097788,0.074407,0.054289,0.043492,0.026607,0.018384,-1.6858,0.00583,0.003916,-0.006724,-0.006724,-0.006724,0.000338,0.007902,0.018384,0.035583,0.043492,-1.6656,0.0686,0.083383,0.093708,0.11106,0.11882,0.13875,0.17142,0.19154,0.24637,0.30713,-1.6455,0.31968,0.33478,0.34479,0.35734,0.3699,0.37759,0.38515,0.40527,0.42539,0.4455,-1.6254,0.45777,0.47318,0.4933,0.50087,0.52098,0.5411,0.56122,0.58134,0.59587,0.60902,-1.6053,0.62914,0.6367,0.65682,0.66438,0.67195,0.69206,0.69963,0.71975,0.72731,0.73487,-1.5852,0.75499,0.77511,0.78418,0.80279,0.81035,0.83047,0.83804,0.85815,0.87206,0.88461,-1.5651,0.8934,0.90096,0.90972,0.91609,0.92227,0.93122,0.93483,0.93483,0.93483,0.94738,-1.5449,0.94738,0.94738,0.94738,0.9407,0.93483,0.93483,0.92227,0.91044,0.90972,0.89716,-2.1684,-1.5248,0.88775,0.88461,0.87262,0.8525,0.84494,0.82482,0.80929,0.79714,0.78958,0.76946,-1.5132,0.74934,0.71027,0.67119,0.65864,0.64608,0.6362,0.63353,0.63353,0.63353,0.63353,-1.4971,0.63353,0.63858,0.64608,0.65371,0.67119,0.68139,0.68896,0.70907,0.72919,0.74931,-1.477,0.76943,0.82711,0.89754,0.9256,0.93778,0.95789,0.96546,0.97302,0.99314,1.0133,-1.4569,1.0227,1.0409,1.0485,1.0604,1.0729,1.0837,1.1039,1.124,1.1441,1.1642,-1.4504,1.1843,1.2045,1.212,1.2321,1.2397,1.2487,1.2612,1.2624,1.2738,1.2775,-1.4504,1.2863,1.2926,1.2989,1.3078,1.3114,1.3114,1.324,1.3255,1.3366,1.3406,-1.4468,1.3491,1.3557,1.3633,1.3742,1.391,1.4111,1.4244,1.4388,1.4589,1.479,-1.4379,1.4991,1.5192,1.5394,1.5595,1.5796,1.5997,1.6198,1.64,1.6601,1.6802,-1.4379,1.7003,1.7204,1.7405,1.7607,1.7808,1.8009,1.8085,1.8136,-2.1483,-1.4366,-1.4253,-1.4253,-1.4253,-1.4128,-1.4128,-1.4038,-1.3962,-1.3877,-1.3751,-2.1282,-1.361,-1.3409,-1.3249,-1.3132,-1.2931,-1.273,-1.2528,-1.2327,-1.2126,-1.1925,-2.1081,-1.1724,-1.1522,-1.1321,-1.112,-1.0849,-1.0592,-1.0391,-1.019,-0.99887,-0.97875,-2.088,-0.95863,-0.93851,-0.9184,-0.89828,-0.87816,-0.85804,-0.83792,-0.81781,-0.79769,-0.78507,-2.0678,-0.77001,-0.74989,-0.72977,-0.72221,-0.70209,-0.69453,-0.68464,-0.67209,-0.65953,-0.65172,-2.0352,-0.64415,-0.62404,-0.61647,-0.60891,-0.59676,-0.59378,-0.58421,-0.58421,-0.57165,-0.57165,5.0,2.0
0.47986,0.47986,0.30355,1.528,1.5457,1.5606,1.5746,1.5813,1.5813,1.5813,1.5813,1.5813,1.5635,0.27171,1.4747,1.4575,1.3055,1.2596,1.1243,1.0208,0.92646,0.86277,0.79909,0.71764,0.23986,0.65217,0.5725,0.49665,0.41888,0.34112,0.26336,0.18302,0.10157,0.020118,-0.11502,0.19026,-0.3564,-0.4374,-0.51885,-0.58254,-0.64622,-0.70991,-0.77359,-0.81952,-0.86544,-0.91136,0.15673,-0.95817,-1.0078,-1.0396,-1.0892,-1.1211,-1.1529,-1.167,-1.19,-1.19,-1.19,0.10881,-1.19,-1.1781,-1.1722,-1.15,-1.1359,-1.1041,-1.0722,-1.0404,-1.0085,-0.97655,0.059199,-0.92708,-0.88471,-0.83879,-0.79287,-0.72918,-0.68326,-0.61958,-0.54972,-0.47444,-0.41076,0.009592,-0.32931,-0.25643,-0.17867,-0.084959,-0.005374,0.090154,0.18568,0.26345,0.35897,0.43927,-0.044722,0.53226,0.61003,0.68779,0.76556,0.84652,0.92797,1.0094,1.0731,1.1368,1.2005,-0.10841,1.2642,1.3278,1.4242,1.473,1.5189,1.5648,1.6226,1.6367,1.6686,1.6826,0.46947,-0.17209,1.6967,1.7056,1.7041,1.6878,1.6759,1.6619,1.6255,1.5804,1.5336,1.4652,-0.23578,1.3707,1.2715,1.2078,1.1442,1.0272,0.95661,0.82875,0.76507,0.65644,0.56664,-0.2817,0.4843,0.38344,0.30453,0.17462,0.1061,-0.010881,-0.074567,-0.18608,-0.25523,-0.33606,-0.34538,-0.41813,-0.74828,-0.81197,-0.91118,-0.99263,-1.0563,-1.1378,-1.1868,-1.2187,-1.2505,-0.40907,-1.2824,-1.2966,-1.3283,-1.3321,-1.3499,-1.3499,-1.3499,-1.3499,-1.3403,-1.3321,-0.47276,-1.3143,-1.298,-1.2662,-1.2521,-1.2203,-1.1869,-1.1388,-1.095,-1.0491,-0.98544,-0.53644,-0.93951,-0.87583,-0.81214,-0.74846,-0.68477,-0.60332,-0.53964,-0.45819,-0.37674,-0.29529,-0.60013,-0.21428,-0.13239,-0.040992,0.054536,0.15006,0.24559,0.34112,0.45441,0.54994,0.66323,-0.66381,0.75876,0.85429,0.94982,1.0453,1.1409,1.2364,1.3142,1.3919,1.5187,1.6191,-0.7275,1.7025,1.7631,1.8017,1.8513,1.8832,1.915,1.9468,1.9609,1.9721,1.9721,0.4621,-0.77342,1.9721,1.9624,1.9365,1.8409,1.7617,1.6246,1.501,1.3772,1.2713,1.112,-0.81934,1.0066,0.86468,0.75414,0.58085,0.44984,0.2698,0.13967,-0.019541,-0.14323,-0.30244,-0.85886,-0.41191,-0.54284,-0.63468,-0.77941,-0.87983,-1.21,-1.2914,-1.3703,-1.4355,-1.4825,-0.89071,-1.5191,-1.5453,-1.5472,-1.563,-1.563,-1.5453,-1.5453,-1.5275,-1.5121,-1.492,-0.92255,-1.4662,-1.4344,-1.4203,-1.3885,-1.3566,-1.3248,-1.2929,-1.2611,-1.2293,-1.1974,-0.95439,-1.1589,-1.116,-1.0841,-1.0345,-0.99298,-0.94706,-0.90345,-0.85522,-0.8093,-0.7724,-0.98623,-0.72279,-0.67318,-0.62562,-0.5797,-0.53378,-0.48785,-0.44193,-0.3933,-0.3437,-0.29409,-1.0123,-0.24448,-0.19488,-0.14864,-0.095662,-0.046055,0.003552,0.035395,0.080961,0.11684,0.14869,-1.0322,0.16277,0.19461,0.20869,0.21339,0.23116,0.22916,0.21339,0.21339,0.19563,0.19061,-1.0479,0.17787,0.16245,0.1601,0.14234,0.14234,0.12457,0.12457,0.12457,0.44433,-1.0603,-1.0656,-1.0656,-1.0656,-1.0656,-1.0539,-1.0479,-1.0301,-1.0123,-0.99756,0.42723,-0.96572,-0.94129,-0.9198,-0.88795,-0.84199,-0.8065,-0.76791,-0.72199,-0.67545,-0.62584,0.41315,-0.56646,-0.52054,-0.45925,-0.41094,-0.36004,-0.31043,-0.25541,-0.20949,-0.16161,-0.099881,0.38131,-0.044634,0.009725,0.055646,0.11933,0.17156,0.22894,0.29262,0.35631,0.41999,0.48368,0.36723,0.54736,0.61105,0.67473,0.75223,0.81987,0.88356,0.94724,1.0109,1.0746,1.1561,0.33539,1.214,1.2657,1.3132,1.345,1.3946,1.4087,1.4406,1.4724,1.4865,1.5102,2.0,2.0
-0.54227,-0.56665,-0.596,-1.57,-1.5456,-1.5212,-1.4968,-1.4724,-1.4481,-1.4237,-1.3993,-1.3749,-1.3505,-0.596,-1.3261,-1.3018,-1.2774,-1.253,-1.2286,-1.2042,-1.1798,-1.1555,-1.1311,-1.1067,-0.596,-1.0823,-1.0607,-1.0444,-1.0226,-0.99849,-0.98223,-0.96598,-0.94972,-0.93347,-0.91661,-0.596,-0.89222,-0.87127,-0.85501,-0.83876,-0.8225,-0.80625,-0.78999,-0.77374,-0.75748,-0.74123,-0.60232,-0.72497,-0.70872,-0.69246,-0.67621,-0.65995,-0.6437,-0.62301,-0.59862,-0.5815,-0.56524,-0.60944,-0.54899,-0.52796,-0.50358,-0.4792,-0.45481,-0.43043,-0.40605,-0.38167,-0.35728,-0.3329,-0.60944,-0.30852,-0.27869,-0.24632,-0.22194,-0.1946,-0.16209,-0.12958,-0.097067,-0.064557,-0.032047,-0.60944,0.000463,0.032974,0.065484,0.097994,0.1305,0.16301,0.19552,0.22803,0.26054,0.29702,-0.60944,0.33766,0.37151,0.40402,0.43653,0.46904,0.50155,0.53406,0.56657,0.59908,0.63159,-0.60944,0.6641,0.69661,0.72912,0.76163,0.78917,0.81355,0.83794,0.86232,0.8867,0.91108,-0.58257,-0.61078,0.93547,0.95985,0.98423,1.0086,1.033,1.057,1.0733,1.0927,1.1171,1.1355,-0.61891,1.1524,1.1768,1.1977,1.214,1.2365,1.2609,1.2853,1.3097,1.3341,1.3518,-0.62287,1.3694,1.3938,1.4181,1.4425,1.4599,1.4762,1.4924,1.5087,1.5249,1.5412,-0.62287,1.5554,1.5636,1.5765,1.5928,1.6014,1.6072,1.6072,1.6123,1.6205,1.6126,-0.62986,1.6072,1.6072,1.6017,1.5935,1.5854,1.5773,1.5691,1.561,1.5524,1.5361,-0.63631,1.5232,1.5151,1.5008,1.4845,1.4683,1.452,1.4357,1.4195,1.4032,1.387,-0.63631,1.3667,1.3423,1.3248,1.3085,1.2923,1.2717,1.2473,1.2229,1.2004,1.1841,-0.64081,1.1632,1.1388,1.1144,1.09,1.0656,1.0413,1.0169,0.99249,0.96811,0.94373,-0.64893,0.91935,0.89496,0.87058,0.8462,0.82182,0.79743,0.77305,0.74867,0.72429,0.6999,-0.65706,0.68157,0.66457,0.64019,0.61937,0.60311,0.58047,0.55717,0.54091,0.52466,0.5084,-0.58257,-0.66519,0.49886,0.48933,0.47307,0.46105,0.45292,0.44479,0.43666,0.42854,0.42498,0.42498,-0.67332,0.41759,0.41154,0.41154,0.40664,0.39851,0.39811,0.39811,0.39811,0.39287,0.38474,-0.69112,0.38467,0.38467,0.38467,0.38467,0.38441,0.37628,0.37124,0.37124,0.37124,0.37064,-0.7155,0.36251,0.35781,0.35781,0.35781,0.35687,0.34874,0.34437,0.34437,0.34437,0.34437,-0.72457,0.34437,0.34437,0.34437,0.34437,0.34437,0.34437,0.34437,0.34437,0.34437,0.34437,-0.73975,0.34437,0.34437,0.34437,0.34437,0.34437,0.34437,0.34437,0.34437,0.3523,0.35781,-0.77226,0.35781,0.35781,0.35781,0.35781,0.35781,0.35781,0.36358,0.37124,0.37124,0.37124,-0.79442,0.37124,0.37124,0.37205,0.38017,0.38467,0.38467,0.38467,0.38467,0.38467,0.38467,-0.81068,0.38467,0.38467,0.38467,0.38467,0.38467,0.38467,0.38467,0.38467,0.38467,0.38467,-0.81894,0.38467,0.38467,0.38467,0.38467,0.38467,0.38467,0.38467,0.38467,-0.58257,-0.83782,-0.87845,-0.90257,-0.91862,-0.92675,-0.93488,-0.943,-0.95697,-0.97484,-1.0155,-0.58257,-1.046,-1.0623,-1.0971,-1.136,-1.1604,-1.1847,-1.2091,-1.2531,-1.2982,-1.3226,-0.58257,-1.351,-1.3835,-1.4297,-1.4785,-1.5272,-1.5629,-1.5873,-1.6117,-1.6417,-1.6905,-0.58573,-1.7204,-1.7367,-1.7529,-1.7692,-1.7854,-1.8017,-1.818,-1.8499,-1.8722,-1.8722,-0.59386,-1.8722,-1.8722,-1.864,-1.8559,-1.8478,-1.8339,-1.8181,-1.81,-1.7986,-1.7824,-0.596,-1.7661,-1.7498,-1.7336,-1.7173,-1.7011,-1.6784,-1.6551,-1.6389,-1.6187,-1.5943,4.0,2.0
0.42155,0.33995,0.29915,1.7068,1.7498,1.7929,1.8359,1.879,1.922,1.9651,2.0081,2.0128,1.9722,0.27446,1.9312,1.9269,1.8839,1.8408,1.7978,1.7547,1.7117,1.6686,1.6256,1.5825,0.25834,1.5395,1.4697,1.4126,1.3696,1.2931,1.2427,1.1617,1.0756,0.99113,0.94421,0.25834,0.85812,0.77203,0.69655,0.64065,0.55456,0.48581,0.42318,0.33709,0.251,0.16491,0.25834,0.07882,-0.007271,-0.093361,-0.17945,-0.22801,-0.31083,-0.35612,-0.43874,-0.4875,-0.56564,0.25834,-0.61888,-0.69253,-0.73557,-0.79555,-0.86246,-0.92693,-0.98936,-1.0583,-1.1162,-1.1593,0.22244,-1.2023,-1.2454,-1.2884,-1.3315,-1.3737,-1.3768,-1.4198,-1.4553,-1.4455,-1.4025,0.21754,-1.3594,-1.3329,-1.3141,-1.2711,-1.228,-1.185,-1.142,-1.0689,-1.0151,-0.97202,0.21754,-0.89225,-0.84512,-0.76087,-0.67743,-0.62949,-0.55054,-0.49811,-0.41202,-0.32593,-0.23984,0.21754,-0.15375,-0.067657,0.018434,0.10452,0.19061,0.27671,0.3628,0.41482,0.49418,0.58027,0.33995,0.21754,0.62556,0.71165,0.79325,0.84303,0.92014,0.97441,1.0605,1.1309,1.1919,1.2578,0.21122,1.3233,1.3847,1.4277,1.4708,1.5138,1.5568,1.5999,1.6429,1.686,1.729,0.17674,1.768,1.7743,1.8088,1.798,1.7549,1.7119,1.6688,1.6258,1.5828,1.5397,0.16593,1.4967,1.4536,1.4106,1.3343,1.2837,1.2029,1.1168,1.0307,0.94462,0.85853,0.12288,0.77244,0.68635,0.60026,0.51417,0.42808,0.34199,0.27752,0.21061,0.12452,0.038426,0.07984,-0.047664,-0.13375,-0.21985,-0.30594,-0.39203,-0.51892,-0.60501,-0.6911,-0.78494,-0.90408,0.036794,-0.99017,-1.0763,-1.1624,-1.2484,-1.3345,-1.4206,-1.5067,-1.5649,-1.6381,-1.6917,-0.006251,-1.7348,-1.7778,-1.8209,-1.8231,-1.8605,-1.8174,-1.7744,-1.7313,-1.6883,-1.6312,-0.13743,-1.5614,-1.4998,-1.4137,-1.3276,-1.2415,-1.1554,-1.0693,-0.95121,-0.85634,-0.77025,-0.37693,-0.6454,-0.55727,-0.47118,-0.38509,-0.29206,-0.17211,-0.086017,7.3e-05,0.070251,0.13145,0.33995,-0.52912,0.19714,0.26283,0.32403,0.36708,0.41013,0.45317,0.49622,0.53926,0.58231,0.62535,-0.58644,0.6276,0.67064,0.70716,0.71593,0.75898,0.80202,0.84507,0.88811,0.89117,0.87036,-0.6605,0.84588,0.82956,0.80059,0.75755,0.7145,0.67146,0.59047,0.54457,0.46072,0.4138,-0.74659,0.32771,0.24162,0.15553,0.069435,-0.001559,-0.061945,-0.14804,-0.2123,-0.25534,-0.3247,-0.93917,-0.38223,-0.42528,-0.46832,-0.51137,-0.55442,-0.59746,-0.63928,-0.63581,-0.59848,-0.59052,-1.0034,-0.55768,-0.54523,-0.51688,-0.49995,-0.47608,-0.45466,-0.43528,-0.43528,-0.40712,-0.39447,-1.2064,-0.39447,-0.39447,-0.39447,-0.39447,-0.35367,-0.35367,-0.35367,-0.35367,-0.35367,-0.35367,-1.2584,-0.35367,-0.35367,-0.35367,-0.35367,-0.35367,-0.35367,-0.35367,-0.35367,-0.35367,-0.35367,-1.4627,-0.35367,-0.35367,-0.35367,-0.35633,-0.39447,-0.39447,-0.39447,-0.39447,-0.39447,-0.41059,-1.5487,-0.43528,-0.43528,-0.43528,-0.43528,-0.43528,-0.43528,-0.43528,-0.43528,0.33995,-1.6267,-1.6801,-1.7283,-1.7001,-1.683,-1.6593,-1.6377,-1.6185,-1.5924,-1.5494,0.32873,-1.5063,-1.4633,-1.4202,-1.3772,-1.3341,-1.2901,-1.2072,-1.1587,-1.0803,-1.0273,0.29915,-0.95345,-0.89592,-0.82656,-0.76454,-0.67845,-0.61582,-0.54707,-0.46098,-0.40508,-0.3296,0.29915,-0.24351,-0.15742,-0.071329,0.014762,0.10085,0.18184,0.23223,0.31832,0.40441,0.47643,0.29915,0.53579,0.60332,0.66717,0.73021,0.79855,0.88464,0.94095,1.016,1.0678,1.1474,0.29915,1.1947,1.2786,1.3216,1.3694,1.4485,1.4916,1.5346,1.5777,1.6207,1.6637,0.0,2.0
-2.0162,-1.9378,-1.7649,-0.87594,-0.85955,-0.85083,-0.83386,-0.82317,-0.81445,-0.80573,-0.79479,-0.77807,-0.76935,-1.7426,-0.76856,-0.76214,-0.75342,-0.74471,-0.73788,-0.7375,-0.72878,-0.72765,-0.72157,-0.71285,-1.7228,-0.7072,-0.7072,-0.70715,-0.69843,-0.68971,-0.68675,-0.6825,-0.67378,-0.66384,-0.6464,-1.6975,-0.6374,-0.62176,-0.60974,-0.59711,-0.58208,-0.57246,-0.55503,-0.53759,-0.52015,-0.50272,-1.6801,-0.48528,-0.46784,-0.45097,-0.44225,-0.42576,-0.40833,-0.39089,-0.37345,-0.35775,-0.34881,-1.6546,-0.33137,-0.32137,-0.30672,-0.29371,-0.28499,-0.27627,-0.26755,-0.25884,-0.25012,-0.2414,-1.635,-0.23677,-0.23419,-0.22655,-0.22655,-0.21826,-0.20954,-0.20609,-0.20233,-0.19362,-0.18564,-1.6175,-0.18564,-0.17769,-0.16897,-0.16025,-0.14811,-0.13259,-0.12387,-0.11515,-0.098815,-0.087489,-1.6001,-0.074168,-0.059826,-0.049522,-0.032086,-0.014649,-0.004499,0.009997,0.027434,0.04487,0.062307,-1.5827,0.079743,0.09718,0.10766,0.12183,0.13926,0.15427,0.16299,0.17171,0.18856,0.19937,-1.917,-1.5652,0.20297,0.20658,0.2153,0.22343,0.22343,0.22343,0.22972,0.23365,0.23365,0.23365,-1.5478,0.23365,0.23365,0.23365,0.23961,0.24388,0.24388,0.24531,0.25403,0.25411,0.26124,-1.5303,0.26433,0.26845,0.27717,0.28589,0.29461,0.30332,0.31204,0.32076,0.32948,0.3382,-1.5191,0.34692,0.35563,0.37233,0.3833,0.39697,0.41096,0.42162,0.43862,0.44734,0.4637,-1.5104,0.48114,0.49858,0.51289,0.52322,0.54066,0.5581,0.57553,0.58717,0.60018,0.61762,-1.5017,0.63505,0.65249,0.66144,0.67713,0.6891,0.69782,0.70654,0.71525,0.72397,0.73269,-1.493,0.74141,0.75013,0.75522,0.75734,0.76544,0.76544,0.77327,0.78198,0.7907,0.79612,-1.4842,0.79791,0.80663,0.81535,0.82407,0.83278,0.8415,0.85022,0.85894,0.86766,0.87638,-1.4755,0.88509,0.89381,0.90253,0.91125,0.92109,0.93853,0.94763,0.95635,0.96507,0.97379,-1.4742,0.9802,0.98099,0.98971,0.99843,1.0007,1.0056,1.0109,1.0109,1.0109,1.0109,-1.9025,-1.4742,1.0109,1.017,1.0211,1.0211,1.0211,1.0211,1.0211,1.0211,1.0211,1.0211,-1.4742,1.0183,1.0109,1.0109,1.0109,1.0109,1.0109,1.0109,1.0109,1.0119,1.0206,-1.4742,1.0211,1.0211,1.0211,1.0248,1.0313,1.0313,1.0313,1.0313,1.0377,1.0416,-1.4742,1.0416,1.0434,1.0518,1.0518,1.0593,1.062,1.0665,1.0722,1.0737,1.0824,-1.4742,1.0825,1.0897,1.0927,1.0927,1.0954,1.1029,1.1029,1.1113,1.1131,1.1131,-1.4742,1.1131,1.1155,1.1234,1.1234,1.1234,1.1234,1.1284,1.1336,1.1336,1.1336,-1.4671,1.1336,1.1336,1.1336,1.1336,1.1336,1.1353,1.144,1.1527,1.1614,1.1701,-1.464,1.1789,1.1876,1.1963,1.205,1.2223,1.2397,1.2571,1.2746,1.292,1.3104,-1.4599,1.3366,1.3545,1.3787,1.3996,1.4208,1.4469,1.4724,1.4898,1.5152,1.5349,-1.4512,1.5524,1.5698,1.5873,1.6044,1.6131,1.6293,1.6407,1.6495,-1.8851,-1.4425,-1.4338,-1.4251,-1.4163,-1.4076,-1.3989,-1.388,-1.3712,-1.3625,-1.3538,-1.8677,-1.3387,-1.3261,-1.3141,-1.2985,-1.2898,-1.281,-1.2723,-1.2575,-1.2447,-1.2359,-1.8502,-1.2272,-1.2185,-1.2185,-1.2113,-1.2026,-1.1981,-1.1954,-1.1879,-1.1879,-1.1879,-1.8328,-1.181,-1.1776,-1.1776,-1.1776,-1.1776,-1.1776,-1.1695,-1.1674,-1.1623,-1.1536,-1.807,-1.1449,-1.1362,-1.1275,-1.1187,-1.11,-1.0966,-1.0824,-1.0719,-1.0547,-1.046,-1.7877,-1.0299,-1.0124,-0.99938,-0.98777,-0.97033,-0.9529,-0.93546,-0.91802,-0.90616,-0.89338,3.0,2.0
-1.9574,-1.8317,-1.6771,-0.71589,-0.71589,-0.71167,-0.70384,-0.70384,-0.70384,-0.70323,-0.69178,-0.69178,-0.68786,-1.66,-0.67973,-0.67762,-0.66768,-0.65562,-0.65562,-0.64508,-0.63995,-0.63152,-0.61946,-0.61253,-1.6428,-0.60741,-0.60229,-0.59535,-0.5833,-0.57486,-0.56974,-0.55919,-0.54744,-0.53509,-0.52514,-1.6256,-0.52002,-0.51098,-0.49893,-0.4926,-0.48687,-0.47482,-0.47482,-0.46277,-0.45493,-0.44981,-1.6084,-0.43866,-0.42751,-0.41455,-0.40521,-0.4025,-0.39497,-0.38984,-0.37839,-0.36755,-0.36242,-1.5913,-0.35429,-0.35429,-0.34705,-0.34223,-0.34223,-0.33169,-0.33018,-0.33018,-0.32837,-0.31813,-1.5741,-0.31813,-0.31813,-0.31813,-0.31813,-0.31813,-0.31813,-0.32476,-0.33018,-0.335,-0.34223,-1.5569,-0.35429,-0.36242,-0.36634,-0.36634,-0.36634,-0.35429,-0.35429,-0.34223,-0.3344,-0.31813,-1.5397,-0.3121,-0.30607,-0.30185,-0.29402,-0.29402,-0.28649,-0.28136,-0.26991,-0.26991,-0.25786,-1.5226,-0.24882,-0.2437,-0.23375,-0.2217,-0.21628,-0.1991,-0.19398,-0.1768,-0.17168,-0.1545,-1.8146,-1.5054,-0.14938,-0.1322,-0.12527,-0.1099,-0.092728,-0.087605,-0.070429,-0.065005,-0.04813,-0.040898,-1.4882,-0.025832,-0.016791,-0.003533,0.007315,0.018766,0.023889,0.041065,0.046188,0.055529,0.068486,-1.471,0.079636,0.090785,0.095908,0.10374,0.1158,0.12333,0.1399,0.14563,0.15196,0.15587,-1.4539,0.16401,0.16612,0.17606,0.17636,0.18812,0.19866,0.20379,0.21222,0.22428,0.23121,-1.4367,0.24838,0.25351,0.26044,0.26375,0.27249,0.28454,0.28454,0.2963,0.2966,0.2966,-1.4195,0.2966,0.2966,0.2966,0.2966,0.28515,0.28454,0.28454,0.28454,0.28454,0.28364,-1.4023,0.27249,0.27249,0.27249,0.27249,0.28454,0.28454,0.28515,0.2966,0.2966,0.31257,-1.3852,0.3207,0.33276,0.33999,0.34511,0.36229,0.36892,0.38459,0.40176,0.40689,0.42406,-1.368,0.44124,0.44636,0.46354,0.46866,0.4774,0.48945,0.49608,0.5015,0.51356,0.5235,-1.3508,0.53767,0.5458,0.55092,0.56177,0.57322,0.57835,0.58588,0.59793,0.60577,0.61089,-1.7974,-1.3336,0.62204,0.63319,0.63831,0.64615,0.6582,0.66573,0.67025,0.67598,0.68231,0.68231,-1.3164,0.69135,0.69436,0.70159,0.70671,0.71847,0.71847,0.73052,0.73052,0.74257,0.74257,-1.2993,0.75463,0.75463,0.76487,0.76668,0.76668,0.77873,0.77873,0.77873,0.78355,0.79079,-1.2821,0.79079,0.79892,0.80284,0.80284,0.81429,0.81489,0.82454,0.82695,0.83478,0.8399,-1.2649,0.85105,0.8622,0.87938,0.88721,0.90168,0.91885,0.93603,0.95321,0.98123,1.0035,-1.2477,1.0379,1.0602,1.0945,1.1289,1.1687,1.2096,1.244,1.2871,1.3266,1.3712,-1.2426,1.4176,1.457,1.5086,1.5601,1.6116,1.6632,1.7147,1.7662,1.8177,1.8693,-1.2254,1.9178,1.9603,2.0118,2.057,2.1028,2.1423,2.1842,2.2158,2.2408,2.2743,-1.2083,2.2914,2.3086,2.3258,2.343,2.3601,2.3773,2.3945,2.4117,2.4288,2.446,-1.1911,2.4632,2.4804,2.4975,2.5147,2.5319,2.5491,2.5626,2.5714,-1.7802,-1.1739,-1.1567,-1.1396,-1.1224,-1.1052,-1.088,-1.0709,-1.0537,-1.0365,-1.0193,-1.763,-1.0022,-0.98498,-0.96781,-0.95063,-0.93345,-0.93285,-0.93285,-0.93285,-0.93285,-0.93285,-1.7459,-0.93285,-0.9217,-0.9208,-0.9208,-0.9208,-0.91326,-0.90874,-0.90874,-0.8979,-0.89277,-1.7287,-0.88464,-0.88253,-0.87258,-0.87228,-0.86053,-0.86053,-0.84848,-0.84848,-0.83642,-0.83642,-1.7115,-0.82437,-0.81925,-0.81232,-0.809,-0.80026,-0.78821,-0.78158,-0.77616,-0.7641,-0.75416,-1.6943,-0.75205,-0.74391,-0.74,-0.74,-0.72855,-0.72794,-0.72794,-0.72523,-0.71589,-0.71589,3.0,2.0
2.166,2.0786,1.7255,-0.5407,-0.57193,-0.60163,-0.62661,-0.65467,-0.6859,-0.71713,-0.74836,-0.77959,-0.8094,1.685,-0.83438,-0.86233,-0.89356,-0.9203,-0.94528,-0.97027,-0.99525,-1.0202,-1.0452,-1.0702,1.6413,-1.0952,-1.1202,-1.1452,-1.1689,-1.1877,-1.2064,-1.2252,-1.2439,-1.2626,-1.2814,1.5976,-1.3001,-1.3189,-1.335,-1.3475,-1.3599,-1.3724,-1.3849,-1.3974,-1.4099,-1.4199,1.5539,-1.4261,-1.4324,-1.4386,-1.4449,-1.4502,-1.4502,-1.4527,-1.4589,-1.4612,-1.4612,1.5101,-1.4612,-1.4604,-1.4542,-1.4502,-1.4502,-1.4502,-1.4502,-1.4449,-1.4386,-1.4324,1.4664,-1.4261,-1.4199,-1.4136,-1.4074,-1.4011,-1.3949,-1.3887,-1.3824,-1.3762,-1.3699,1.4227,-1.3637,-1.3523,-1.3402,-1.334,-1.3258,-1.3133,-1.3008,-1.2883,-1.2808,-1.2743,1.379,-1.2618,-1.2493,-1.2368,-1.2243,-1.2118,-1.1993,-1.1868,-1.1743,-1.1618,-1.1493,1.3353,-1.1368,-1.1243,-1.1118,-1.0994,-1.0869,-1.0744,-1.0619,-1.0462,-1.0275,-1.0134,2.0049,1.2915,-1.001,-0.98846,-0.97597,-0.96347,-0.94791,-0.92917,-0.91504,-0.90255,-0.89005,-0.87614,1.2478,-0.8574,-0.84162,-0.82912,-0.81663,-0.80414,-0.78562,-0.7682,-0.7557,-0.74321,-0.73072,1.2041,-0.71384,-0.6951,-0.68228,-0.66859,-0.64985,-0.63385,-0.62135,-0.60886,-0.59637,-0.57807,1.1616,-0.56043,-0.54793,-0.53544,-0.52295,-0.51046,-0.49796,-0.48547,-0.47298,-0.46049,-0.44799,1.1241,-0.4355,-0.42301,-0.41052,-0.39802,-0.38641,-0.38016,-0.37151,-0.35901,-0.35047,-0.34422,1.0866,-0.33797,-0.33173,-0.32548,-0.31923,-0.31299,-0.30674,-0.3005,-0.29425,-0.28866,-0.28866,1.0491,-0.28647,-0.28022,-0.27398,-0.26773,-0.26148,-0.25579,-0.25579,-0.2537,-0.24746,-0.24121,1.0117,-0.23496,-0.22872,-0.22247,-0.21623,-0.20998,-0.20373,-0.19749,-0.19124,-0.18499,-0.17842,0.97418,-0.16593,-0.1553,-0.14905,-0.13941,-0.12692,-0.11442,-0.10193,-0.089438,-0.076945,-0.064453,0.94251,-0.05196,-0.039468,-0.022154,-0.003525,0.008968,0.023104,0.041843,0.060582,0.07932,0.098059,1.9737,0.91128,0.1168,0.14178,0.16523,0.18397,0.20271,0.22145,0.24479,0.26978,0.28862,0.30736,0.88005,0.3261,0.3478,0.37278,0.39328,0.41202,0.43075,0.44949,0.46823,0.48697,0.50571,0.85144,0.52445,0.54319,0.55601,0.5685,0.58099,0.59349,0.60598,0.62274,0.64148,0.64861,0.82646,0.65595,0.66844,0.68093,0.69342,0.70175,0.708,0.71994,0.73244,0.74493,0.7549,0.78898,0.76115,0.77145,0.78394,0.79643,0.80805,0.8143,0.82295,0.83544,0.84794,0.86043,0.74526,0.87292,0.88541,0.89791,0.9104,0.92289,0.93922,0.95796,0.9767,0.99544,1.0142,0.73003,1.0329,1.0517,1.0741,1.0991,1.1241,1.1491,1.1741,1.2011,1.2324,1.2636,0.71753,1.2948,1.326,1.3577,1.3952,1.4327,1.4702,1.5076,1.5451,1.5826,1.6201,0.70504,1.6575,1.695,1.7325,1.7734,1.8171,1.851,1.8824,1.9199,1.9574,1.9948,0.69003,2.029,2.0603,2.0915,2.1226,2.1476,2.1726,2.1976,2.2194,1.9425,0.67129,0.66066,0.65441,0.64817,0.64192,0.63567,0.62943,0.62318,0.6051,0.58012,1.9112,0.57157,0.56302,0.53804,0.51765,0.50516,0.49267,0.48018,0.45157,0.42232,0.40982,1.88,0.39076,0.35952,0.33947,0.32698,0.31449,0.3009,0.27591,0.25717,0.25093,0.24468,1.8488,0.23844,0.21674,0.19263,0.18014,0.15581,0.10584,0.06639,0.035158,0.01905,0.006228,1.8053,-0.01251,-0.033112,-0.058097,-0.079685,-0.098424,-0.12209,-0.14708,-0.17206,-0.19705,-0.22203,1.763,-0.25031,-0.28154,-0.30795,-0.33304,-0.36427,-0.39386,-0.41885,-0.44701,-0.47824,-0.50947,1.0,2.0
2.1174,2.0264,1.7811,-0.40513,-0.43273,-0.45549,-0.47825,-0.5072,-0.53344,-0.55823,-0.58858,-0.61139,-0.63415,1.745,-0.66029,-0.68933,-0.7121,-0.74167,-0.76728,-0.7927,-0.82305,-0.8534,-0.88375,-0.91409,1.7146,-0.94638,-0.98431,-1.0148,-1.0452,-1.0755,-1.1058,-1.1362,-1.1598,-1.1826,-1.2054,1.6744,-1.2281,-1.2509,-1.2676,-1.2867,-1.3077,-1.3228,-1.3453,-1.3628,-1.378,-1.3932,1.6061,-1.4084,-1.4169,-1.429,-1.4418,-1.4493,-1.4569,-1.4586,-1.4624,-1.47,-1.4776,1.5752,-1.4852,-1.4876,-1.4907,-1.4973,-1.4973,-1.4908,-1.4876,-1.4876,-1.4873,-1.4797,1.5232,-1.478,-1.478,-1.4763,-1.4687,-1.4683,-1.4683,-1.4653,-1.4586,-1.4586,-1.4522,1.4759,-1.4446,-1.437,-1.4294,-1.4218,-1.4086,-1.397,-1.3879,-1.3727,-1.3646,-1.352,1.4443,-1.3368,-1.3217,-1.3065,-1.2913,-1.2761,-1.261,-1.2458,-1.2306,-1.2155,-1.1967,1.4063,-1.1754,-1.1603,-1.1381,-1.1203,-1.1023,-1.0795,-1.0568,-1.034,-1.0112,-0.98847,1.9904,1.3752,-0.96571,-0.95053,-0.92985,-0.91052,-0.89399,-0.87123,-0.85533,-0.83537,-0.81532,-0.80014,1.3261,-0.78497,-0.76366,-0.74496,-0.7278,-0.70504,-0.68977,-0.67459,-0.65942,-0.64425,-0.62907,1.2758,-0.6139,-0.59872,-0.58616,-0.57804,-0.56287,-0.55373,-0.54615,-0.53856,-0.53097,-0.52339,1.2433,-0.51048,-0.49855,-0.49096,-0.48337,-0.47578,-0.4682,-0.46061,-0.45346,-0.45346,-0.44751,1.1826,-0.43993,-0.43413,-0.43413,-0.43413,-0.43413,-0.43099,-0.42446,-0.42446,-0.42446,-0.41997,1.1461,-0.4148,-0.4148,-0.4148,-0.40895,-0.40136,-0.39378,-0.38619,-0.3786,-0.37102,-0.36343,1.1118,-0.35487,-0.3397,-0.331,-0.31902,-0.30384,-0.28891,-0.28132,-0.26799,-0.25281,-0.23923,1.0682,-0.23165,-0.21695,-0.20178,-0.18661,-0.17143,-0.15626,-0.14108,-0.12591,-0.11074,-0.095561,1.0075,-0.080387,-0.065213,-0.050039,-0.034865,-0.019691,-0.004517,0.010658,0.025832,0.041779,0.06454,0.97639,0.081019,0.096193,0.11137,0.12654,0.14172,0.15689,0.17206,0.18584,0.19342,0.20792,1.9753,0.94604,0.21826,0.22585,0.23344,0.24102,0.24861,0.2562,0.26379,0.27137,0.27896,0.28109,0.91569,0.28447,0.29075,0.29075,0.29756,0.30042,0.30307,0.31066,0.31825,0.32584,0.33342,0.88419,0.33908,0.33908,0.34652,0.35411,0.36169,0.36928,0.37687,0.39117,0.40171,0.41185,0.84625,0.42703,0.4422,0.45738,0.47255,0.48956,0.51232,0.53508,0.55784,0.58061,0.60337,0.81498,0.62613,0.64889,0.67619,0.70654,0.7365,0.75926,0.78792,0.81827,0.84862,0.87897,0.78464,0.90931,0.93966,0.97001,0.99934,1.0221,1.0514,1.0817,1.1121,1.1427,1.1807,0.75177,1.2128,1.2431,1.2735,1.3038,1.3342,1.3645,1.3949,1.4252,1.4556,1.4859,0.71253,1.5163,1.5444,1.5673,1.5977,1.628,1.6547,1.679,1.7094,1.7327,1.7554,0.65184,1.7782,1.801,1.8237,1.8465,1.865,1.8823,1.905,1.9202,1.9354,1.9505,0.62086,1.9657,1.9809,1.9891,2.0016,2.0139,2.0215,2.0291,2.0367,1.9587,0.59423,0.5621,0.52416,0.50812,0.49816,0.47801,0.44539,0.44539,0.43882,0.43123,1.936,0.42606,0.42471,0.39436,0.38155,0.35512,0.31805,0.31047,0.26688,0.24697,0.23025,1.9132,0.2028,0.19521,0.18115,0.15278,0.12413,0.11605,0.093294,0.064782,0.045452,0.034675,1.8905,0.011914,0.00336,-0.014278,-0.031144,-0.038731,-0.046318,-0.053905,-0.074395,-0.1003,-0.11533,1.8677,-0.12291,-0.1305,-0.13809,-0.14717,-0.16235,-0.17051,-0.1781,-0.18854,-0.20371,-0.21889,1.8418,-0.22778,-0.23957,-0.25474,-0.26992,-0.28509,-0.30027,-0.31892,-0.34028,-0.35545,-0.37754,1.0,2.0
0.45782,0.45782,0.43316,1.4258,1.4466,1.4673,1.4881,1.4936,1.505,1.5107,1.49,1.4692,1.4279,0.43316,1.403,1.3567,1.3032,1.2567,1.1932,1.1101,1.045,0.96855,0.87521,0.77768,0.43587,0.6921,0.58822,0.50369,0.40511,0.30122,0.19734,0.089627,-0.035035,-0.13898,-0.2597,0.45665,-0.37141,-0.4753,-0.57919,-0.68178,-0.76488,-0.86618,-0.94146,-1.0038,-1.0661,-1.1258,0.45782,-1.1674,-1.2089,-1.2348,-1.2556,-1.2764,-1.2931,-1.2931,-1.2931,-1.2931,-1.28,0.45782,-1.2685,-1.2577,-1.2177,-1.1969,-1.1577,-1.1162,-1.0746,-1.0331,-0.98869,-0.92635,0.45782,-0.88375,-0.8422,-0.78868,-0.72635,-0.66821,-0.62635,-0.56402,-0.50169,-0.43936,-0.37702,0.46577,-0.31469,-0.2507,-0.16759,-0.10304,-0.026034,0.046285,0.11552,0.19863,0.28174,0.36485,0.48248,0.44796,0.53106,0.61417,0.69728,0.7799,0.84223,0.92194,0.99155,1.0539,1.1162,0.4823,1.1785,1.2409,1.2845,1.326,1.3676,1.4091,1.4475,1.4683,1.489,1.5098,0.45782,0.46152,1.5306,1.5345,1.5137,1.4929,1.4721,1.4514,1.4306,1.4098,1.389,1.3662,0.44074,1.3247,1.302,1.2662,1.2135,1.1584,1.1135,1.0512,0.98884,0.91011,0.83951,0.41996,0.76855,0.6807,0.57681,0.47292,0.3868,0.27594,0.16127,0.057383,-0.048722,-0.17338,0.38988,-0.27893,-0.38282,-0.48671,-0.59059,-0.69448,-0.79836,-0.88178,-0.98147,-1.06,-1.1311,0.34832,-1.2093,-1.2716,-1.3339,-1.3963,-1.4445,-1.4861,-1.5277,-1.5668,-1.5876,-1.6084,0.30677,-1.6291,-1.6499,-1.6707,-1.6877,-1.6877,-1.6877,-1.6877,-1.6748,-1.663,-1.6579,0.26522,-1.6372,-1.6164,-1.5956,-1.5606,-1.519,-1.4775,-1.4359,-1.3944,-1.3333,-1.271,0.22366,-1.2087,-1.1463,-1.0801,-0.99701,-0.93468,-0.85539,-0.77228,-0.67999,-0.5814,-0.4983,0.16756,-0.41519,-0.31377,-0.22431,-0.1412,-0.051435,0.049676,0.13278,0.21589,0.28322,0.35745,0.10523,0.43254,0.499,0.58187,0.6442,0.70653,0.7556,0.80653,0.86337,0.90653,0.96886,0.44481,0.042894,1.0127,1.0543,1.0958,1.1374,1.1789,1.2205,1.262,1.3036,1.3572,1.4113,-0.019437,1.4529,1.4945,1.536,1.5602,1.581,1.6018,1.6226,1.6398,1.619,1.5982,-0.081768,1.5774,1.5458,1.5112,1.4873,1.4457,1.4042,1.3788,1.3457,1.3042,1.2626,-0.16389,1.2217,1.2009,1.1626,1.1211,1.0795,1.038,0.99642,0.95487,0.91331,0.87176,-0.247,0.8302,0.78865,0.74377,0.68144,0.63933,0.58143,0.5191,0.46534,0.4191,0.35677,-0.31808,0.29444,0.23211,0.16978,0.11737,0.069775,0.007444,-0.054888,-0.11722,-0.17955,-0.2306,-0.38855,-0.27955,-0.34188,-0.40421,-0.44614,-0.50422,-0.55391,-0.59546,-0.63215,-0.65391,-0.69546,-0.47166,-0.71914,-0.73992,-0.76069,-0.78147,-0.7999,-0.7999,-0.81914,-0.82456,-0.82456,-0.81698,-0.55477,-0.7999,-0.7999,-0.7999,-0.7832,-0.77524,-0.77524,-0.77019,-0.75058,-0.75058,-0.75058,-0.63788,-0.75058,-0.75058,-0.75699,-0.77777,-0.79855,-0.7999,-0.81544,-0.83622,0.43316,-0.72099,-0.8041,-0.87771,-0.94565,-1.027,-1.0894,-1.1517,-1.1993,-1.2408,-1.2824,0.43316,-1.324,-1.3655,-1.3871,-1.4079,-1.4286,-1.4411,-1.4455,-1.4652,-1.4444,-1.4236,0.43316,-1.4029,-1.3821,-1.3555,-1.314,-1.2724,-1.2309,-1.1744,-1.1121,-1.0497,-0.98739,0.43316,-0.92506,-0.84257,-0.77574,-0.70101,-0.6179,-0.5348,-0.45095,-0.34706,-0.26081,-0.16395,0.43316,-0.069931,0.019158,0.12304,0.22693,0.33081,0.41959,0.51392,0.61047,0.69358,0.77669,0.43316,0.8598,0.94291,1.0134,1.0758,1.1381,1.2004,1.2628,1.3073,1.3488,1.3904,0.0,2.0
-2.0177,-1.9159,-1.6389,-0.56431,-0.57532,-0.57796,-0.59029,-0.60263,-0.61496,-0.63522,-0.65988,-0.67397,-0.6982,-1.6143,-0.72066,-0.73651,-0.75633,-0.76866,-0.78099,-0.81094,-0.82768,-0.82856,-0.82856,-0.82856,-1.5896,-0.82856,-0.82856,-0.82151,-0.81755,-0.80786,-0.80654,-0.79553,-0.79553,-0.79156,-0.78452,-1.5711,-0.78452,-0.77659,-0.76426,-0.70965,-0.69555,-0.68322,-0.67089,-0.65856,-0.64623,-0.63389,-1.5588,-0.62156,-0.60923,-0.59646,-0.57356,-0.56123,-0.54449,-0.52555,-0.50617,-0.48988,-0.46786,-1.5464,-0.45421,-0.43086,-0.41589,-0.39519,-0.37757,-0.35952,-0.33926,-0.32384,-0.30094,-0.28729,-1.5341,-0.26483,-0.24897,-0.22915,-0.21682,-0.197,-0.18115,-0.15869,-0.14548,-0.13138,-0.1098,-1.5218,-0.09747,-0.079413,-0.061796,-0.049465,-0.037133,-0.024802,-0.01247,-0.000138,0.016157,0.035535,-1.5094,0.047867,0.060198,0.07253,0.074292,0.086183,0.096312,0.099836,0.10732,0.10732,0.099836,-1.5033,0.096312,0.096312,0.084862,0.07253,0.063281,0.058877,0.046546,0.027167,0.010872,-0.00146,-1.8913,-1.5112,-0.013791,-0.026123,-0.038454,-0.066641,-0.10187,-0.10187,-0.1098,-0.11288,-0.11288,-0.11288,-1.5112,-0.11288,-0.11288,-0.11288,-0.10672,-0.10187,-0.093066,-0.090864,-0.079853,-0.074568,-0.046822,-1.5182,-0.042418,-0.030087,-0.017755,-0.005423,0.006908,0.01924,0.031572,0.043903,0.060198,0.079577,-1.5222,0.091908,0.11217,0.12758,0.15048,0.17427,0.1888,0.21346,0.23813,0.26279,0.27997,-1.5222,0.30111,0.32577,0.35043,0.37509,0.39668,0.41341,0.43807,0.46274,0.47903,0.50105,-1.5332,0.51471,0.53805,0.55302,0.57372,0.58605,0.60499,0.62173,0.63406,0.65696,0.66973,-1.5442,0.68427,0.70541,0.71774,0.73623,0.75341,0.76574,0.77807,0.80142,0.81375,0.82608,-1.5469,0.83841,0.85074,0.86307,0.86704,0.87673,0.87805,0.87937,0.88906,0.88906,0.88377,-1.5592,0.87805,0.87805,0.8688,0.85647,0.84502,0.84061,0.81947,0.80714,0.79481,0.78248,-1.5663,0.75253,0.73579,0.72302,0.70012,0.68779,0.67546,0.66885,0.6618,0.65784,0.65784,-1.8627,-1.5663,0.65784,0.65784,0.65784,0.6618,0.66885,0.67546,0.67986,0.67986,0.69043,0.70188,-1.5663,0.70408,0.72699,0.76178,0.77411,0.78644,0.80758,0.83225,0.8459,0.87232,0.90315,-1.5663,0.91989,0.93883,0.9582,0.98287,0.99784,1.0212,1.0445,1.0595,1.0842,1.1035,-1.5663,1.1225,1.1471,1.1718,1.1859,1.2092,1.2238,1.2484,1.2683,1.2806,1.3004,-1.5654,1.3163,1.3286,1.3409,1.3533,1.3656,1.3779,1.3903,1.3955,1.4039,1.4065,-1.5552,1.4065,1.4176,1.4176,1.4176,1.4176,1.4176,1.4176,1.4083,1.4065,1.4065,-1.5552,1.4043,1.3955,1.3907,1.3784,1.3735,1.3647,1.3524,1.3515,1.3497,1.3405,-1.5504,1.3405,1.3405,1.3475,1.3599,1.3722,1.3845,1.3982,1.4202,1.4365,1.4559,-1.5442,1.4748,1.4995,1.5334,1.5598,1.5845,1.6113,1.6448,1.6743,1.7051,1.7298,-1.5367,1.7633,1.7901,1.8148,1.8395,1.8611,1.8734,1.8857,1.898,-1.8257,-1.5332,-1.5231,-1.5112,-1.5094,-1.4971,-1.4892,-1.4835,-1.4711,-1.4588,-1.4465,-1.7953,-1.4231,-1.4095,-1.3874,-1.3711,-1.3465,-1.3284,-1.3082,-1.2835,-1.2588,-1.2342,-1.7627,-1.2095,-1.1849,-1.1602,-1.1355,-1.1109,-1.0862,-1.0615,-1.0373,-1.0232,-0.99856,-1.7257,-0.97389,-0.94923,-0.92457,-0.90827,-0.88625,-0.86159,-0.84794,-0.82592,-0.80962,-0.79024,-1.6993,-0.77791,-0.75765,-0.74224,-0.72991,-0.71757,-0.70524,-0.69291,-0.68058,-0.66825,-0.65592,-1.6636,-0.64358,-0.63125,-0.61892,-0.60659,-0.59426,-0.58633,-0.5806,-0.57532,-0.57532,-0.56563,5.0,2.0
-0.69975,-0.72664,-0.7132,-1.2374,-1.2537,-1.3038,-1.4092,-1.5068,-1.5338,-1.5676,-1.6336,-1.6498,-1.6781,-0.7132,-1.7025,-1.7793,-1.7956,-1.8118,-1.8786,-1.8981,-1.9047,-1.8884,-1.8722,-1.8559,-0.7132,-1.8397,-1.8234,-1.8071,-1.7909,-1.7741,-1.7449,-1.7224,-1.6989,-1.6708,-1.6517,-0.7132,-1.6232,-1.6001,-1.5676,-1.5476,-1.516,-1.4834,-1.4584,-1.4318,-1.3993,-1.3668,-0.7132,-1.3342,-1.3017,-1.2581,-1.2232,-1.1907,-1.1581,-1.1256,-1.0931,-1.0605,-1.028,-0.7132,-0.99548,-0.95341,-0.91698,-0.88445,-0.85649,-0.83283,-0.8003,-0.76777,-0.73766,-0.71615,-0.7132,-0.68362,-0.65109,-0.61883,-0.59948,-0.56695,-0.54315,-0.51533,-0.49718,-0.47715,-0.45121,-0.7132,-0.42553,-0.40524,-0.38736,-0.35926,-0.343,-0.32673,-0.31047,-0.28076,-0.2645,-0.24823,-0.7132,-0.23197,-0.2157,-0.19944,-0.18317,-0.17551,-0.16408,-0.14782,-0.13518,-0.12873,-0.11246,-0.7132,-0.0962,-0.093377,-0.077112,-0.067971,-0.058024,-0.041759,-0.025494,-0.009229,0.007036,0.023301,-0.72664,-0.69975,0.053009,0.069274,0.091184,0.11525,0.13151,0.16189,0.19093,0.21351,0.2369,0.26513,-0.69975,0.29766,0.33019,0.36272,0.38543,0.41433,0.44686,0.4794,0.51193,0.54446,0.57699,-0.69975,0.60952,0.64205,0.67458,0.70711,0.72619,0.75872,0.79125,0.82378,0.85631,0.88884,-0.69975,0.92137,0.94705,0.97299,1.0055,1.0381,1.0659,1.0897,1.1222,1.1547,1.1873,-0.68631,1.2198,1.2523,1.2738,1.3039,1.3365,1.369,1.4015,1.4224,1.4531,1.4857,-0.68631,1.5182,1.5507,1.5833,1.6141,1.6349,1.6674,1.6999,1.7194,1.7516,1.7789,-0.68013,1.8032,1.8248,1.8545,1.8739,1.9005,1.9168,1.933,1.9493,1.9656,1.9818,-0.67287,1.9887,2.0009,2.0021,1.9977,1.9887,1.9786,1.9623,1.9572,1.9298,1.9135,-0.67287,1.8973,1.8676,1.8483,1.8216,1.7967,1.7528,1.7182,1.6857,1.6532,1.6206,-0.67166,1.5881,1.5556,1.5187,1.4771,1.4445,1.3992,1.3596,1.2932,1.2607,1.2175,-0.72664,-0.65943,1.1822,1.1468,1.1037,1.0627,1.0251,0.97918,0.94315,0.89436,0.8547,0.81021,-0.65943,0.73587,0.70334,0.67081,0.63828,0.60575,0.57524,0.55413,0.52927,0.513,0.48343,-0.65943,0.46703,0.44525,0.42106,0.40479,0.40197,0.38234,0.356,0.33973,0.32347,0.3072,-0.65943,0.29497,0.29497,0.29497,0.29497,0.28153,0.28153,0.28153,0.28153,0.28153,0.28153,-0.65943,0.27615,0.26808,0.26808,0.26808,0.26808,0.26808,0.26808,0.26808,0.26808,0.26808,-0.65943,0.2748,0.28153,0.28153,0.29497,0.29497,0.29497,0.30518,0.30841,0.31083,0.32185,-0.65943,0.32185,0.32185,0.33529,0.33529,0.34121,0.34874,0.34874,0.34968,0.36218,0.36218,-0.65943,0.36218,0.34995,0.34874,0.34874,0.34874,0.34874,0.34874,0.33529,0.33529,0.33529,-0.65943,0.33529,0.33529,0.33529,0.33529,0.33529,0.32387,0.32185,0.32185,0.3283,0.33529,-0.65943,0.33529,0.34874,0.35304,0.36218,0.37213,0.37562,0.37777,0.38906,-0.71535,-0.65943,-0.65943,-0.65943,-0.65943,-0.65943,-0.65943,-0.65056,-0.64599,-0.64599,-0.64599,-0.7132,-0.64599,-0.63644,-0.63254,-0.63254,-0.63254,-0.63254,-0.62233,-0.6191,-0.6191,-0.6191,-0.7132,-0.6191,-0.6191,-0.6191,-0.6191,-0.6191,-0.6191,-0.6191,-0.6191,-0.6191,-0.6191,-0.7132,-0.62851,-0.63254,-0.63254,-0.63254,-0.63254,-0.63254,-0.63254,-0.63483,-0.64599,-0.64599,-0.7132,-0.64599,-0.64599,-0.64599,-0.64599,-0.64599,-0.64599,-0.64679,-0.65943,-0.65943,-0.65943,-0.7132,-0.65943,-0.72812,-0.74008,-0.78995,-0.89386,-0.99145,-1.0783,-1.0995,-1.1243,-1.1511,4.0,2.0
-1.0548,-1.0548,-1.0301,-1.0888,-1.0498,-0.99738,-0.95481,-0.91718,-0.89385,-0.85486,-0.82463,-0.80513,-0.77193,-1.0207,-0.74911,-0.72961,-0.71012,-0.69718,-0.68815,-0.66865,-0.64916,-0.64609,-0.62719,-0.60769,-1.0207,-0.59501,-0.58573,-0.57798,-0.56376,-0.56095,-0.54392,-0.53932,-0.51983,-0.50033,-0.48083,-1.0207,-0.46133,-0.44184,-0.42234,-0.40284,-0.38334,-0.37364,-0.34912,-0.32485,-0.30535,-0.28586,-1.0037,-0.26125,-0.22983,-0.21034,-0.19084,-0.15636,-0.13439,-0.09829,-0.078793,-0.051462,-0.02277,-1.0037,0.009499,0.033254,0.069779,0.092427,0.1258,0.1453,0.1648,0.19732,0.22082,0.24032,-1.0037,0.25982,0.27931,0.29881,0.30749,0.32078,0.34027,0.34274,0.35858,0.36471,0.37561,-1.0037,0.38668,0.40617,0.40966,0.42814,0.44764,0.46713,0.48663,0.50613,0.52563,0.54512,-0.9933,0.56632,0.60115,0.62064,0.64014,0.67122,0.69617,0.71566,0.73516,0.75908,0.79118,-0.98666,0.81068,0.83018,0.86398,0.8862,0.9057,0.9252,0.95185,0.98122,1.0007,1.0202,-1.0548,-0.98666,1.0397,1.0592,1.0787,1.0982,1.1177,1.1372,1.1567,1.1592,1.1787,1.193,-0.98666,1.2006,1.21,1.2226,1.227,1.2446,1.2641,1.2781,1.286,1.3055,1.325,-0.98666,1.3445,1.347,1.3632,1.369,1.3803,1.3909,1.3973,1.4129,1.4324,1.4519,-0.98666,1.4654,1.4738,1.4824,1.4958,1.5153,1.5335,1.5373,1.5506,1.5592,1.5787,-0.98666,1.5982,1.6016,1.6202,1.6397,1.6592,1.6698,1.6812,1.6868,1.7031,1.7226,-0.98666,1.7421,1.7549,1.7641,1.7719,1.7719,1.7553,1.7358,1.7208,1.7139,1.6944,-0.98666,1.6629,1.6383,1.602,1.58,1.541,1.4948,1.446,1.3948,1.3363,1.2779,-0.98666,1.2219,1.1779,1.1194,1.0609,1.0024,0.95883,0.9028,0.861,0.80779,0.76879,-0.98666,0.7298,0.70349,0.66883,0.63044,0.61094,0.58591,0.55492,0.53542,0.51592,0.48101,-0.98317,0.4599,0.4404,0.41511,0.38438,0.36488,0.34538,0.32588,0.32342,0.30392,0.29047,-1.0548,-0.96963,0.28195,0.26245,0.24296,0.23938,0.22235,0.21852,0.20532,0.20532,0.20532,0.20532,-0.96963,0.20532,0.20532,0.20532,0.20532,0.20532,0.20532,0.20532,0.20532,0.20532,0.20532,-0.95873,0.20532,0.20532,0.20532,0.19111,0.1883,0.1883,0.1883,0.1883,0.17876,0.17127,-0.93923,0.17127,0.17127,0.17127,0.17127,0.17127,0.16148,0.15424,0.15424,0.15424,0.15424,-0.93557,0.15424,0.14666,0.13721,0.13721,0.13721,0.13679,0.12018,0.12018,0.12018,0.12018,-0.91727,0.12018,0.12018,0.12018,0.12018,0.12018,0.12018,0.12018,0.12018,0.12018,0.12018,-0.89777,0.12018,0.12018,0.12018,0.10937,0.10315,0.10315,0.10315,0.099494,0.086126,0.086126,-0.88449,0.086126,0.072589,0.069098,0.069098,0.065182,0.05207,0.05207,0.05207,0.05207,0.05207,-0.8758,0.050367,0.035042,0.035042,0.035042,0.035042,0.035042,0.035042,0.035042,0.035042,0.035042,-0.8563,0.035042,0.035042,0.035042,0.035042,0.035042,0.030359,0.018013,0.018013,-1.0548,-0.85043,-0.83434,-0.83187,-0.81637,-0.81637,-0.82531,-0.91326,-0.96648,-0.98598,-1.0566,-1.0548,-1.0888,-1.1601,-1.2002,-1.2547,-1.2903,-1.3098,-1.3463,-1.3793,-1.4573,-1.5164,-1.0548,-1.5435,-1.5774,-1.6501,-1.694,-1.7672,-1.8113,-1.8405,-1.8673,-1.9014,-1.9403,-1.0377,-1.9675,-2.0405,-2.084,-2.1333,-2.174,-2.1786,-2.194,-2.1077,-2.0882,-2.0687,-1.0377,-2.0492,-2.017,-1.9932,-1.9561,-1.914,-1.8611,-1.8221,-1.7726,-1.7141,-1.671,-1.0377,-1.6141,-1.5557,-1.503,-1.4557,-1.3972,-1.3387,-1.2802,-1.2388,-1.1803,-1.1278,4.0,2.0
-0.79222,-0.77715,-0.76208,-1.802,-1.7812,-1.7489,-1.7224,-1.6886,-1.6543,-1.6169,-1.5862,-1.5452,-1.518,-0.76208,-1.4764,-1.4348,-1.3933,-1.3658,-1.3251,-1.2835,-1.2419,-1.2003,-1.1587,-1.1172,-0.76208,-1.0756,-1.034,-0.99237,-0.95077,-0.90917,-0.86758,-0.83924,-0.80338,-0.77293,-0.74671,-0.76208,-0.72591,-0.70511,-0.66925,-0.64845,-0.62765,-0.60685,-0.58605,-0.56526,-0.54446,-0.52366,-0.76208,-0.50588,-0.49714,-0.47634,-0.46066,-0.44981,-0.43052,-0.42329,-0.40249,-0.38531,-0.37597,-0.76208,-0.35517,-0.34944,-0.3401,-0.32503,-0.31719,-0.30995,-0.29488,-0.29488,-0.27981,-0.27981,-0.76208,-0.27981,-0.26474,-0.2563,-0.24967,-0.24485,-0.2346,-0.23339,-0.21953,-0.20687,-0.20114,-0.76208,-0.18939,-0.17462,-0.15925,-0.14809,-0.14237,-0.1291,-0.11584,-0.11011,-0.089317,-0.08359,-0.76208,-0.062792,-0.053749,-0.036267,-0.015469,0.005329,0.026126,0.057172,0.082793,0.10359,0.12439,-0.76208,0.16026,0.18106,0.21632,0.23772,0.26937,0.29439,0.31519,0.33598,0.35678,0.37758,-0.77715,-0.76208,0.39838,0.41918,0.45143,0.47584,0.49664,0.51744,0.55331,0.5741,0.60997,0.63077,-0.76208,0.65157,0.67508,0.70824,0.72903,0.74983,0.77063,0.79143,0.81916,0.84809,0.86889,-0.76208,0.88969,0.91049,0.93128,0.95208,0.97288,0.99368,1.0145,1.0353,1.0561,1.0769,-0.76208,1.0977,1.1185,1.1393,1.1601,1.1809,1.2017,1.2225,1.2433,1.2574,1.2698,-0.76208,1.2906,1.3114,1.3322,1.353,1.3738,1.3946,1.4154,1.4362,1.4533,1.4627,-0.75455,1.4835,1.5043,1.5136,1.5308,1.5438,1.5573,1.5631,1.5739,1.5896,1.6104,-0.74701,1.6191,1.6342,1.6426,1.6493,1.6643,1.6749,1.6806,1.7014,1.7222,1.7397,-0.74701,1.7487,1.7695,1.7903,1.8,1.815,1.815,1.815,1.8,1.8,1.7849,-0.74701,1.7789,1.7816,1.7698,1.7617,1.7409,1.7352,1.7041,1.6634,1.636,1.6068,-0.74701,1.5649,1.5112,1.4696,1.428,1.3647,1.3147,1.2731,1.2315,1.1748,1.1426,-0.77504,-0.74701,1.1067,1.0802,1.0386,0.9991,0.97831,0.94394,0.92164,0.90084,0.88004,0.85292,-0.74701,0.82338,0.80258,0.77334,0.73175,0.71004,0.68925,0.65217,0.61058,0.58164,0.55753,-0.7446,0.52497,0.50418,0.48338,0.45143,0.42852,0.42098,0.40019,0.38331,0.37366,0.36793,-0.73194,0.34714,0.32634,0.30554,0.28474,0.27781,0.25822,0.23742,0.21662,0.19582,0.18739,-0.73194,0.1693,0.1485,0.14217,0.14217,0.14217,0.14217,0.14217,0.14217,0.14217,0.13283,-0.73194,0.1271,0.1271,0.1271,0.12499,0.11203,0.11203,0.11203,0.10208,0.09696,0.09696,-0.73194,0.09696,0.09696,0.09696,0.09696,0.09696,0.09696,0.09696,0.09696,0.0843,0.081889,-0.73194,0.081889,0.081889,0.081889,0.081889,0.081889,0.081889,0.095151,0.09696,0.09696,0.09696,-0.73194,0.10299,0.11203,0.11203,0.11203,0.11203,0.11203,0.11203,0.11203,0.11866,0.1271,-0.73194,0.1271,0.1271,0.1271,0.1271,0.1271,0.1271,0.1271,0.1271,-0.76208,-0.74701,-0.74701,-0.74701,-0.74701,-0.74701,-0.74701,-0.74701,-0.74701,-0.74701,-0.74701,-0.76208,-0.74701,-0.74701,-0.74701,-0.74701,-0.74701,-0.74701,-0.74701,-0.74701,-0.74701,-0.74701,-0.76208,-0.74701,-0.74701,-0.74701,-0.77534,-0.84648,-0.90827,-0.93389,-1.0101,-1.0436,-1.1253,-0.76208,-1.1931,-1.2139,-1.251,-1.3342,-1.427,-1.4779,-1.5289,-1.5648,-1.5856,-1.6076,-0.76208,-1.6874,-1.7082,-1.8044,-1.817,-1.9141,-1.9557,-1.9979,-1.9819,-1.9678,-1.9678,-0.76208,-1.9527,-1.9439,-1.9376,-1.9225,-1.9117,-1.906,-1.8852,-1.8773,-1.8586,-1.8378,4.0,2.0
-1.9986,-1.969,-1.7679,-0.81435,-0.82595,-0.84564,-0.86533,-0.88502,-0.89595,-0.91362,-0.92643,-0.94221,-0.9619,-1.7388,-0.9816,-0.99508,-0.99508,-0.99508,-0.99481,-0.98497,-0.97512,-0.96528,-0.95543,-0.94558,-1.7191,-0.93034,-0.91065,-0.89096,-0.87127,-0.85157,-0.82649,-0.72802,-0.6966,-0.66706,-0.63752,-1.6994,-0.60798,-0.57844,-0.54891,-0.51937,-0.48983,-0.46029,-0.43075,-0.40121,-0.37167,-0.35117,-1.6714,-0.33148,-0.30464,-0.28131,-0.26687,-0.25271,-0.23639,-0.22655,-0.2167,-0.20685,-0.19701,-1.6492,-0.18716,-0.17731,-0.17502,-0.16841,-0.16423,-0.16423,-0.16423,-0.16423,-0.16423,-0.16423,-1.6296,-0.16423,-0.17408,-0.17502,-0.18298,-0.19283,-0.20267,-0.21252,-0.22236,-0.23221,-0.24206,-1.6154,-0.2519,-0.26215,-0.28185,-0.29223,-0.31044,-0.32271,-0.33256,-0.34794,-0.38139,-0.41605,-1.601,-0.4259,-0.43399,-0.4348,-0.44464,-0.44478,-0.43601,-0.43399,-0.42711,-0.41726,-0.40742,-1.5849,-0.39353,-0.37694,-0.36493,-0.34524,-0.32555,-0.30585,-0.18527,-0.13955,-0.11729,-0.091262,-1.9484,-1.5751,-0.061724,-0.027734,0.008144,0.037682,0.06722,0.096759,0.1263,0.15584,0.17674,0.20412,-1.5652,0.23366,0.2574,0.28195,0.30757,0.32727,0.34696,0.36557,0.37555,0.39525,0.4059,-1.5554,0.41575,0.42559,0.43544,0.44529,0.45082,0.45419,0.46403,0.47388,0.48319,0.48319,-1.5455,0.49263,0.49398,0.49398,0.49398,0.49398,0.48926,0.48319,0.48035,0.47051,0.46066,-1.5454,0.45082,0.44097,0.43112,0.41332,0.40064,0.38472,0.36503,0.34534,0.32565,0.30596,-1.5542,0.28626,0.26698,0.25713,0.23798,0.21828,0.20601,0.19616,0.17526,0.15489,0.14869,-1.5562,0.14869,0.15044,0.15948,0.15948,0.16919,0.17903,0.18888,0.19873,0.21451,0.2342,-1.5562,0.25389,0.27358,0.29328,0.31297,0.33509,0.4434,0.47833,0.50787,0.53741,0.56695,-1.5562,0.59648,0.62157,0.64477,0.67431,0.70385,0.73339,0.76292,0.78289,0.81121,0.84075,-1.5512,0.86354,0.88324,0.90293,0.92262,0.94231,0.95998,0.97091,0.99046,1.0003,1.0102,-1.9287,-1.5413,1.02,1.0298,1.0397,1.0443,1.0486,1.0584,1.0683,1.0781,1.0874,1.0874,-1.5346,1.0969,1.0982,1.0982,1.1048,1.109,1.109,1.109,1.1119,1.1198,1.1198,-1.5324,1.1198,1.1198,1.1198,1.1278,1.1306,1.1306,1.1306,1.1306,1.1306,1.1306,-1.5226,1.1293,1.1198,1.1198,1.1198,1.1198,1.1198,1.1133,1.109,1.109,1.1054,-1.5127,1.0982,1.0965,1.0874,1.0874,1.0777,1.0767,1.0688,1.059,1.0551,1.0501,-1.5029,1.0524,1.0752,1.1004,1.1102,1.1201,1.1299,1.1398,1.1578,1.1703,1.1864,-1.4931,1.2007,1.215,1.2347,1.2519,1.2649,1.2938,1.3135,1.3332,1.3529,1.3803,-1.4832,1.4031,1.4286,1.4581,1.4837,1.5064,1.5359,1.5655,1.595,1.6245,1.645,-1.4661,1.6728,1.7024,1.7319,1.7614,1.7867,1.8063,1.8285,1.8565,1.8762,1.8959,-1.4527,1.9156,1.9268,1.9442,1.9573,1.9671,1.977,1.9868,1.991,-1.909,-1.4375,-1.4222,-1.4089,-1.3892,-1.3695,-1.3498,-1.3301,-1.3104,-1.2907,-1.271,-1.8893,-1.2514,-1.2317,-1.2071,-1.1815,-1.1618,-1.1421,-1.1213,-1.0919,-1.0722,-1.0525,-1.8645,-1.0329,-1.0132,-0.98726,-0.96298,-0.94329,-0.9236,-0.90148,-0.87342,-0.85373,-0.83404,-1.8392,-0.81435,-0.79465,-0.77496,-0.76188,-0.74637,-0.72668,-0.71076,-0.70091,-0.69107,-0.68122,-1.8162,-0.67138,-0.66153,-0.65168,-0.64979,-0.64979,-0.64979,-0.64979,-0.64979,-0.65303,-0.66058,-1.789,-0.66193,-0.67218,-0.69188,-0.70226,-0.71211,-0.72937,-0.74259,-0.75797,-0.77766,-0.79735,5.0,2.0
-2.057,-2.0009,-1.8463,-0.38537,-0.38537,-0.38537,-0.39026,-0.39526,-0.39526,-0.40011,-0.40515,-0.41326,-0.41504,-1.8295,-0.42493,-0.42493,-0.43482,-0.43482,-0.44284,-0.44471,-0.45461,-0.46257,-0.4645,-0.47572,-1.8101,-0.48428,-0.49877,-0.50535,-0.52182,-0.53828,-0.56464,-0.58111,-0.60747,-0.62513,-0.6503,-1.787,-0.67221,-0.68438,-0.7096,-0.73047,-0.75243,-0.7689,-0.78537,-0.80184,-0.81069,-0.82488,-1.7572,-0.85025,-0.85025,-0.846,-0.84036,-0.83284,-0.82627,-0.81069,-0.80322,-0.78675,-0.78017,-1.7311,-0.7637,-0.75713,-0.74066,-0.72419,-0.70367,-0.68062,-0.655,-0.62463,-0.60159,-0.58319,-1.7143,-0.55945,-0.53245,-0.50673,-0.38744,-0.35451,-0.33591,-0.31227,-0.28537,-0.25955,-0.23319,-1.688,-0.21623,-0.19036,-0.164,-0.13809,-0.12404,-0.101,-0.078346,-0.054903,-0.035517,-0.019048,-1.6715,-0.002579,0.01389,0.030062,0.036936,0.053405,0.059982,0.076451,0.09292,0.10939,0.12586,-1.6452,0.14233,0.14876,0.15548,0.17195,0.17853,0.18832,0.19821,0.19826,0.2081,0.2081,-1.9845,-1.6287,0.21799,0.21799,0.21799,0.21799,0.21147,0.20489,0.18842,0.18184,0.17526,0.1588,-1.6218,0.15222,0.14564,0.13886,0.12897,0.11602,0.099547,0.09297,0.06661,0.050141,0.033672,-1.6056,0.027094,0.010626,-0.005843,-0.019394,-0.047881,-0.06885,-0.078741,-0.078741,-0.084874,-0.085813,-1.5892,-0.078741,-0.062767,-0.056189,-0.049068,-0.033143,-0.016674,-0.000205,0.016264,0.042623,0.059092,-1.5727,0.085452,0.1354,0.2173,0.24955,0.27259,0.29638,0.31691,0.33921,0.36478,0.38783,-1.5562,0.41829,0.44381,0.46686,0.4899,0.52284,0.54589,0.55667,0.58209,0.61503,0.64796,-1.5398,0.6809,0.72373,0.75667,0.78075,0.79287,0.82358,0.84005,0.86641,0.88288,0.89935,-1.5233,0.91038,0.92027,0.92897,0.93016,0.93016,0.93016,0.93016,0.93016,0.92155,0.91498,-1.513,0.91038,0.91038,0.90513,0.90048,0.90048,0.89059,0.8807,0.87225,0.85578,0.84114,-1.5031,0.81592,0.79648,0.78001,0.76354,0.74203,0.72071,0.69594,0.67289,0.66142,0.63669,-1.968,-1.4937,0.61859,0.57408,0.55766,0.5444,0.53451,0.53451,0.53936,0.5444,0.55251,0.55909,-1.4871,0.56567,0.58214,0.59861,0.61508,0.63154,0.64801,0.67437,0.69084,0.71196,0.73367,-1.4805,0.75014,0.76661,0.78436,0.80944,0.82591,0.9215,0.93797,0.94994,0.96102,0.97749,-1.4734,0.99841,1.0203,1.0445,1.0675,1.0906,1.1235,1.1323,1.1587,1.1828,1.2058,-1.4635,1.2289,1.2542,1.275,1.2971,1.306,1.3201,1.3366,1.3531,1.3695,1.386,-1.4635,1.4025,1.4288,1.4453,1.4544,1.4683,1.4841,1.4914,1.5038,1.5045,1.5137,-1.4635,1.5137,1.5038,1.5038,1.494,1.4841,1.4769,1.4703,1.4637,1.4473,1.4407,-1.4536,1.4247,1.4176,1.4111,1.4054,1.4218,1.4383,1.4449,1.4614,1.4778,1.5042,-1.4536,1.5207,1.547,1.5638,1.5898,1.6162,1.623,1.6491,1.6755,1.7021,1.7282,-1.4536,1.7447,1.7711,1.7808,1.7941,1.8106,1.827,1.8303,1.8401,-1.9581,-1.4536,-1.4536,-1.4536,-1.4536,-1.4536,-1.4536,-1.4536,-1.4536,-1.4536,-1.4478,-1.945,-1.4412,-1.4338,-1.4182,-1.4116,-1.3862,-1.3631,-1.3401,-1.3161,-1.2841,-1.261,-1.9285,-1.2281,-1.1952,-1.182,-1.1402,-1.1062,-1.0634,-1.0305,-0.98764,-0.9547,-0.92177,-1.912,-0.90861,-0.86791,-0.84274,-0.81519,-0.78883,-0.7637,-0.74066,-0.71761,-0.69328,-0.68141,-1.8924,-0.65836,-0.63398,-0.61227,-0.59115,-0.57468,-0.54832,-0.53186,-0.51539,-0.50881,-0.49234,-1.8692,-0.47587,-0.4594,-0.45283,-0.43636,-0.41989,-0.41331,-0.40515,-0.40015,-0.39526,-0.387,5.0,2.0
1.928,1.854,1.514,-0.47079,-0.49257,-0.51949,-0.54163,-0.56428,-0.59793,-0.62715,-0.65407,-0.68099,-0.71196,1.4715,-0.74509,-0.77201,-0.80262,-0.83627,-0.86991,-0.90022,-0.92713,-0.96057,-0.99422,-1.0279,1.4244,-1.0553,-1.0849,-1.1185,-1.1522,-1.1836,-1.2105,-1.2374,-1.2643,-1.2912,-1.3181,1.3826,-1.345,-1.372,-1.3989,-1.4246,-1.4448,-1.465,-1.4844,-1.4978,-1.5113,-1.5247,1.3405,-1.5382,-1.5516,-1.565,-1.5717,-1.5785,-1.5852,-1.5854,-1.5884,-1.5951,-1.5957,1.2934,-1.5931,-1.5864,-1.5854,-1.5832,-1.5765,-1.5698,-1.563,-1.5563,-1.5496,-1.5414,1.2463,-1.5279,-1.5191,-1.5113,-1.4978,-1.4844,-1.4709,-1.4574,-1.444,-1.4305,-1.4171,1.1992,-1.4,-1.3799,-1.3664,-1.353,-1.3395,-1.3196,-1.3023,-1.2889,-1.2693,-1.2517,1.1521,-1.2382,-1.219,-1.1989,-1.1787,-1.1638,-1.1486,-1.1284,-1.1082,-1.088,-1.0678,1.1095,-1.0476,-1.0285,-1.0151,-0.99735,-0.97716,-0.95698,-0.93679,-0.91696,-0.9035,-0.8865,1.8023,1.0681,-0.86631,-0.85286,-0.83621,-0.81603,-0.80221,-0.78875,-0.77529,-0.75583,-0.7381,-0.72465,1.021,-0.71119,-0.69773,-0.68427,-0.67081,-0.65736,-0.6439,-0.63044,-0.61698,-0.60352,-0.59464,0.97815,-0.58688,-0.57342,-0.56418,-0.55745,-0.55072,-0.54399,-0.53726,-0.53053,-0.5238,-0.51708,0.93844,-0.51035,-0.50362,-0.49689,-0.49016,-0.4862,-0.4862,-0.48025,-0.47352,-0.46679,-0.46006,0.9048,-0.45538,-0.45538,-0.45014,-0.44342,-0.43669,-0.42996,-0.42456,-0.42456,-0.41552,-0.40304,0.8673,-0.39631,-0.38542,-0.37258,-0.36585,-0.35532,-0.34186,-0.32841,-0.31495,-0.30149,-0.28141,0.82754,-0.2643,-0.25084,-0.23112,-0.21365,-0.2002,-0.18083,-0.16301,-0.14955,-0.13054,-0.11236,0.80063,-0.098902,-0.080256,-0.061712,-0.048254,-0.029968,-0.011065,0.002393,0.015851,0.029309,0.042767,0.77022,0.056225,0.069683,0.083141,0.096599,0.10985,0.11658,0.1267,0.14016,0.14704,0.15377,0.73657,0.1605,0.16723,0.17396,0.18069,0.18741,0.19414,0.20087,0.2076,0.21433,0.22106,1.7754,0.7096,0.22779,0.23452,0.24125,0.24798,0.2547,0.26143,0.26816,0.27489,0.28162,0.28835,0.68582,0.29559,0.30905,0.31881,0.32554,0.33227,0.34234,0.35579,0.36925,0.37973,0.38646,0.66564,0.39935,0.41281,0.42627,0.43973,0.45318,0.46664,0.48554,0.50383,0.51729,0.53583,0.64545,0.55602,0.57621,0.59639,0.61658,0.63677,0.66132,0.68741,0.7076,0.7318,0.75871,0.61971,0.78563,0.81619,0.84973,0.87665,0.90685,0.9405,0.96767,0.99751,1.0312,1.0587,0.58607,1.0882,1.1218,1.1555,1.1869,1.2138,1.2461,1.2798,1.3134,1.342,1.3704,0.5703,1.4041,1.433,1.46,1.4869,1.5138,1.5407,1.5676,1.5945,1.6215,1.6484,0.55926,1.6717,1.6919,1.7121,1.7323,1.7524,1.7726,1.7928,1.813,1.8271,1.8406,0.55253,1.854,1.8675,1.881,1.8944,1.9079,1.9195,1.9263,1.933,1.9397,1.9465,0.5458,1.9532,1.9599,1.9666,1.9691,1.9698,1.9766,1.9833,1.9893,1.7421,0.53085,0.49721,0.48976,0.48806,0.48133,0.46484,0.44733,0.4406,0.42483,0.40464,1.7084,0.38446,0.36843,0.35497,0.34151,0.32425,0.30432,0.29087,0.27741,0.26395,0.23061,1.6748,0.20621,0.19276,0.1793,0.15223,0.10513,0.087558,0.0741,0.060642,0.024994,-0.007367,1.6351,-0.020825,-0.044659,-0.068287,-0.081745,-0.10969,-0.1382,-0.14493,-0.15165,-0.16208,-0.19573,1.5947,-0.21293,-0.21966,-0.22639,-0.23312,-0.23985,-0.24658,-0.2567,-0.27016,-0.27704,-0.2868,1.5544,-0.30026,-0.31372,-0.32717,-0.34063,-0.35409,-0.36986,-0.39005,-0.41023,-0.43042,-0.45061,1.0,2.0
0.51838,0.49402,0.37208,1.8424,1.8643,1.8643,1.8425,1.8181,1.7817,1.7401,1.7135,1.6648,1.5943,0.36747,1.5213,1.4482,1.3681,1.2707,1.1732,1.0758,0.96167,0.83987,0.72495,0.62554,0.34311,0.50375,0.38195,0.27669,0.16762,0.052558,-0.046707,-0.1685,-0.26901,-0.36645,-0.46388,0.34282,-0.56132,-0.65707,-0.73015,-0.80323,-0.8763,-0.94938,-1.016,-1.0663,-1.1394,-1.1914,0.34282,-1.2402,-1.3001,-1.3668,-1.4156,-1.4643,-1.513,-1.5458,-1.5701,-1.5945,-1.6176,0.32855,-1.6176,-1.5969,-1.5567,-1.508,-1.4593,-1.4095,-1.3364,-1.2633,-1.1903,-1.0957,0.31356,-0.97974,-0.88135,-0.75955,-0.65817,-0.54522,-0.42343,-0.30163,-0.17984,-0.058045,0.043487,0.3091,0.15628,0.26762,0.37061,0.49109,0.56417,0.65736,0.73958,0.81266,0.88574,0.9583,0.28474,1.007,1.0557,1.1045,1.143,1.1674,1.1921,1.2408,1.2697,1.2941,1.3184,0.2843,1.3428,1.3671,1.3915,1.4159,1.4402,1.4547,1.4597,1.484,1.484,1.5035,0.48912,0.26528,1.5132,1.5132,1.5132,1.5132,1.4889,1.4646,1.4402,1.4159,1.3868,1.3381,0.25504,1.2894,1.2214,1.1627,1.1045,1.0315,0.95838,0.8853,0.79313,0.70989,0.63681,0.25504,0.55934,0.46191,0.36447,0.26703,0.18364,0.10142,0.003986,-0.09345,-0.19089,-0.28832,0.25072,-0.38576,-0.4742,-0.54727,-0.62035,-0.69343,-0.7665,-0.83958,-0.90381,-0.95647,-1.0296,0.22636,-1.0792,-1.1279,-1.1903,-1.2546,-1.3034,-1.3521,-1.4008,-1.4495,-1.4982,-1.5384,0.22578,-1.5627,-1.5871,-1.6115,-1.6358,-1.6602,-1.6845,-1.7054,-1.7054,-1.7284,-1.7346,0.2069,-1.7478,-1.7639,-1.7639,-1.7639,-1.7411,-1.7167,-1.6924,-1.668,-1.6404,-1.5917,0.19652,-1.5657,-1.5235,-1.4748,-1.4181,-1.345,-1.272,-1.2214,-1.1551,-1.082,-1.0089,0.18745,-0.93585,-0.86277,-0.78969,-0.71662,-0.64354,-0.57046,-0.49738,-0.42431,-0.35123,-0.29549,0.16726,-0.23434,-0.16126,-0.090816,-0.042098,0.028711,0.10179,0.16258,0.21868,0.29176,0.36484,0.47456,0.16726,0.41597,0.48173,0.54266,0.59862,0.66936,0.71808,0.78859,0.84477,0.89349,0.94931,0.14363,1.0202,1.0689,1.1176,1.1663,1.2032,1.2276,1.2519,1.2763,1.3006,1.325,0.138,1.3494,1.3737,1.3981,1.4224,1.4254,1.409,1.3846,1.3536,1.3049,1.2562,0.12417,1.2075,1.1424,1.0693,0.98976,0.89393,0.82085,0.72671,0.64544,0.58363,0.52855,0.099813,0.45547,0.38239,0.33024,0.28152,0.2328,0.18408,0.13536,0.086646,0.037928,-0.01079,0.075454,-0.059508,-0.10215,-0.12651,-0.15087,-0.17523,-0.19959,-0.22395,-0.24238,-0.24238,-0.24238,0.051095,-0.24238,-0.2268,-0.21312,-0.21312,-0.21312,-0.21312,-0.21312,-0.21312,-0.21312,-0.21876,0.026736,-0.24238,-0.24238,-0.24238,-0.24238,-0.25277,-0.27164,-0.27164,-0.27164,-0.27164,-0.27164,-0.016203,-0.28188,-0.3009,-0.3009,-0.3009,-0.3009,-0.3009,-0.3009,-0.3009,-0.3012,-0.32556,-0.064921,-0.33016,-0.33016,-0.33016,-0.33016,-0.33016,-0.33016,-0.33016,-0.33016,0.4502,-0.11364,-0.16236,-0.21108,-0.28313,-0.3562,-0.42928,-0.51099,-0.6047,-0.67777,-0.75085,0.4306,-0.84221,-0.92626,-1.0078,-1.0981,-1.1468,-1.2186,-1.2735,-1.3222,-1.3626,-1.387,0.4306,-1.4113,-1.4357,-1.442,-1.442,-1.4339,-1.4095,-1.3851,-1.338,-1.2715,-1.1984,0.40639,-1.1253,-1.0491,-0.95165,-0.83161,-0.70981,-0.58802,-0.46622,-0.34143,-0.19527,-0.071578,0.40134,0.067773,0.20127,0.32307,0.44486,0.56666,0.71076,0.83951,0.9613,1.0755,1.1729,0.38693,1.2704,1.3678,1.4652,1.5503,1.6159,1.6646,1.7134,1.7621,1.7937,1.818,0.0,2.0
-2.1764,-2.0773,-1.7993,-0.85635,-0.87333,-0.88499,-0.89665,-0.9083,-0.93034,-0.95254,-0.95837,-0.96558,-0.97724,-1.7811,-0.9841,-0.9841,-0.9807,-0.97487,-0.96462,-0.95296,-0.94131,-0.92965,-0.91799,-0.90146,-1.7461,-0.87232,-0.84845,-0.83096,-0.79889,-0.75809,-0.73593,-0.71844,-0.69529,-0.66942,-0.62862,-1.7161,-0.59527,-0.57778,-0.55742,-0.53411,-0.50303,-0.46805,-0.44777,-0.43021,-0.4069,-0.38249,-1.7045,-0.35335,-0.32841,-0.31093,-0.29344,-0.27595,-0.25434,-0.23103,-0.21799,-0.20633,-0.19467,-1.6906,-0.18036,-0.15704,-0.13841,-0.12676,-0.11845,-0.11262,-0.10243,-0.090774,-0.068365,-0.046727,-1.6731,-0.040899,-0.0335,-0.021843,-0.007605,0.009881,0.02018,0.026009,0.031837,0.037666,0.043494,-1.6556,0.048524,0.048524,0.048524,0.048524,0.045703,0.039875,0.037879,0.037879,0.033035,0.027153,-1.6381,0.009668,-0.005742,-0.01157,-0.023546,-0.04686,-0.064053,-0.07571,-0.087367,-0.099024,-0.11576,-1.6292,-0.13298,-0.14464,-0.1563,-0.16795,-0.17961,-0.19127,-0.20293,-0.21458,-0.22193,-0.22776,-1.9914,-1.6234,-0.23358,-0.23891,-0.23891,-0.23739,-0.23156,-0.22068,-0.20319,-0.18925,-0.17759,-0.16593,-1.6175,-0.15427,-0.12037,-0.087633,-0.070148,-0.045636,-0.004837,0.024891,0.042377,0.063641,0.086955,-1.6112,0.11985,0.15482,0.17819,0.2015,0.22482,0.25412,0.29492,0.32669,0.35001,0.3894,-1.5996,0.43603,0.4575,0.4752,0.49852,0.52428,0.55925,0.58751,0.605,0.63222,0.6672,-1.5894,0.68939,0.70688,0.71909,0.73211,0.76125,0.78454,0.79037,0.79867,0.81033,0.82547,-1.5836,0.84295,0.85144,0.85727,0.86861,0.87958,0.8854,0.88953,0.88953,0.89496,0.90662,-1.5803,0.91082,0.91082,0.91556,0.92139,0.92147,0.92147,0.92147,0.92147,0.92147,0.92147,-1.5803,0.92147,0.92147,0.92147,0.92147,0.92147,0.92147,0.92147,0.92147,0.92147,0.92147,-1.5803,0.92147,0.92147,0.91726,0.91143,0.9056,0.90017,0.90017,0.89735,0.8857,0.87646,-1.5803,0.87063,0.8648,0.85898,0.8487,0.83705,0.83085,0.82438,0.81272,0.80271,0.79689,-1.9681,-1.5757,0.7884,0.77674,0.76875,0.76293,0.75241,0.74076,0.7348,0.72984,0.72984,0.72984,-1.5699,0.72984,0.72984,0.72984,0.72984,0.72984,0.73477,0.7407,0.75236,0.7629,0.76873,-1.5696,0.77456,0.78038,0.78935,0.80101,0.81267,0.82432,0.84114,0.85828,0.86994,0.88431,-1.5696,0.90763,0.9262,0.93786,0.94952,0.96117,0.98161,1.0049,1.0174,1.0297,1.0472,-1.5696,1.0631,1.0747,1.0864,1.098,1.1169,1.1402,1.1497,1.1555,1.1726,1.1901,-1.5662,1.2076,1.2214,1.2272,1.2387,1.2562,1.266,1.2718,1.2776,1.2835,1.2893,-1.5545,1.2951,1.301,1.3089,1.3205,1.3291,1.3349,1.3407,1.3466,1.3524,1.3582,-1.5483,1.3641,1.3699,1.3757,1.3792,1.3792,1.3792,1.3792,1.3836,1.3894,1.3952,-1.5483,1.4016,1.4132,1.4234,1.4292,1.4376,1.4492,1.4609,1.4725,1.4796,1.4854,-1.5446,1.4913,1.4971,1.5029,1.5088,1.5146,1.5148,1.509,1.5032,-1.9468,-1.5387,-1.5234,-1.5059,-1.5,-1.4941,-1.4883,-1.4805,-1.4689,-1.4542,-1.4367,-1.9293,-1.4232,-1.4116,-1.3899,-1.367,-1.3553,-1.3425,-1.325,-1.3031,-1.2739,-1.2512,-1.8997,-1.2337,-1.2163,-1.1988,-1.1603,-1.1212,-1.1037,-1.0862,-1.0688,-1.0439,-1.009,-1.8589,-0.98091,-0.95759,-0.92534,-0.89037,-0.87184,-0.85436,-0.83687,-0.81603,-0.78689,-0.76581,-1.8343,-0.75416,-0.7425,-0.73084,-0.71919,-0.70753,-0.70159,-0.69667,-0.69667,-0.69859,-0.70441,-1.8168,-0.71024,-0.71607,-0.72584,-0.7375,-0.7442,-0.75043,-0.77374,-0.79591,-0.8134,-0.83304,5.0,2.0
0.20903,0.18787,0.1709,1.0859,1.1684,1.2319,1.2954,1.3589,1.4119,1.4542,1.4965,1.5388,1.5623,0.1709,1.5834,1.6046,1.6197,1.6197,1.6094,1.5882,1.567,1.5459,1.506,1.4637,0.1709,1.4214,1.3791,1.3368,1.2843,1.2209,1.1431,1.0585,0.97382,0.88765,0.78186,0.1709,0.67606,0.57026,0.46447,0.35867,0.23877,0.11181,-0.015146,-0.1421,-0.26906,-0.39049,0.1709,-0.49628,-0.60208,-0.70788,-0.81367,-0.91947,-1.0072,-1.0918,-1.1764,-1.2504,-1.2927,0.1709,-1.335,-1.3774,-1.4197,-1.462,-1.4864,-1.5075,-1.5287,-1.5447,-1.5447,-1.5447,0.1709,-1.5447,-1.5312,-1.51,-1.4889,-1.4669,-1.4246,-1.3774,-1.3139,-1.2504,-1.1869,0.18749,-1.1234,-1.06,-0.97895,-0.89374,-0.78794,-0.68214,-0.57635,-0.47951,-0.39487,-0.29708,0.20865,-0.19128,-0.085487,0.02031,0.12611,0.22733,0.31197,0.40537,0.51117,0.604,0.68864,0.20903,0.77328,0.85773,0.9212,0.98468,1.0482,1.1116,1.1751,1.2258,1.2681,1.3105,0.1709,0.20903,1.3528,1.3739,1.3951,1.4163,1.4374,1.4586,1.4672,1.4672,1.4672,1.4672,0.20903,1.4672,1.4631,1.442,1.4208,1.3997,1.3785,1.3574,1.3196,1.2773,1.235,0.20903,1.1927,1.1503,1.1,1.0365,0.97305,0.90958,0.8297,0.74507,0.66043,0.57217,0.20903,0.46637,0.36839,0.28375,0.1751,0.048141,-0.062612,-0.16841,-0.27421,-0.38,-0.4858,0.22123,-0.5916,-0.69739,-0.80319,-0.90899,-0.99877,-1.0834,-1.1478,-1.2146,-1.2992,-1.369,0.24239,-1.4113,-1.4536,-1.4959,-1.5382,-1.5806,-1.6029,-1.624,-1.6452,-1.6591,-1.6591,0.24715,-1.6591,-1.6591,-1.6591,-1.6591,-1.6393,-1.6153,-1.5729,-1.5377,-1.5165,-1.4729,0.24715,-1.4094,-1.3613,-1.319,-1.2571,-1.1909,-1.1063,-1.0216,-0.93701,-0.85237,-0.76773,0.24715,-0.6831,-0.59846,-0.51382,-0.42671,-0.32091,-0.22178,-0.13715,-0.041643,0.064154,0.16995,0.24353,0.27575,0.36229,0.44922,0.55501,0.65433,0.73897,0.81293,0.87641,0.93988,1.0034,0.1709,0.22237,1.0668,1.1303,1.1938,1.251,1.2933,1.3356,1.3779,1.4056,1.4267,1.4668,0.20121,1.5072,1.5283,1.5434,1.5434,1.5537,1.5749,1.5815,1.5815,1.5628,1.5417,0.18005,1.5205,1.4994,1.4782,1.457,1.4359,1.4004,1.3581,1.3158,1.2735,1.2312,0.15889,1.1831,1.1196,1.0562,0.99269,0.92921,0.86573,0.80225,0.73878,0.6753,0.61182,0.13774,0.54834,0.47514,0.3905,0.31978,0.2563,0.19283,0.12935,0.06587,0.002391,-0.061087,0.11658,-0.11503,-0.15735,-0.19967,-0.24199,-0.26639,-0.2885,-0.33082,-0.36799,-0.38915,-0.41031,0.095416,-0.43147,-0.4391,-0.4391,-0.42137,-0.40097,-0.40097,-0.40097,-0.40097,-0.40097,-0.40097,0.05386,-0.40097,-0.40097,-0.40097,-0.40097,-0.40097,-0.40097,-0.40097,-0.40097,-0.40097,-0.40097,0.011541,-0.40097,-0.40097,-0.40097,-0.40097,-0.40097,-0.40097,-0.40097,-0.40097,-0.40097,-0.40097,-0.030777,-0.40097,-0.40097,-0.40097,-0.40097,-0.40097,-0.40955,-0.43071,-0.45187,0.1709,-0.080721,-0.1442,-0.20768,-0.27116,-0.33463,-0.39811,-0.4818,-0.56319,-0.62667,-0.69758,0.1709,-0.78222,-0.86686,-0.9515,-1.0203,-1.0838,-1.1473,-1.2107,-1.2742,-1.3305,-1.3728,0.1709,-1.4151,-1.4574,-1.4841,-1.5053,-1.5264,-1.5447,-1.5447,-1.5377,-1.5165,-1.4953,0.1709,-1.4742,-1.4376,-1.3953,-1.353,-1.308,-1.2445,-1.181,-1.1175,-1.043,-0.95836,0.1709,-0.87372,-0.78908,-0.685,-0.57921,-0.47341,-0.37428,-0.28965,-0.19414,-0.088346,0.017451,0.1709,0.12325,0.22904,0.33484,0.44064,0.54643,0.65223,0.74735,0.83199,0.91663,1.0013,0.0,2.0
-2.2453,-2.0637,-1.6762,-0.81798,-0.80889,-0.79981,-0.79073,-0.78164,-0.77256,-0.76348,-0.76237,-0.76014,-0.75106,-1.649,-0.74197,-0.73289,-0.72381,-0.71788,-0.71788,-0.71788,-0.71788,-0.71788,-0.7138,-0.70472,-1.6217,-0.70305,-0.70138,-0.6923,-0.68822,-0.68822,-0.67988,-0.67079,-0.66171,-0.65856,-0.65837,-1.5945,-0.64929,-0.64021,-0.63112,-0.61518,-0.59813,-0.58904,-0.57996,-0.57088,-0.55401,-0.53788,-1.5758,-0.5288,-0.51434,-0.49617,-0.48672,-0.47467,-0.4565,-0.44464,-0.43556,-0.42647,-0.4135,-1.5548,-0.39533,-0.3844,-0.37531,-0.36623,-0.35715,-0.34806,-0.33898,-0.3299,-0.32081,-0.31173,-1.5276,-0.30265,-0.30265,-0.29931,-0.29023,-0.28782,-0.28689,-0.27781,-0.26873,-0.25964,-0.25056,-1.5064,-0.24333,-0.24333,-0.23814,-0.22906,-0.21145,-0.19606,-0.18698,-0.17178,-0.15398,-0.1449,-1.4883,-0.13211,-0.11394,-0.10282,-0.092438,-0.074272,-0.056106,-0.037939,-0.027744,-0.018661,-0.009578,-1.4701,0.005067,0.023233,0.032501,0.041584,0.050667,0.059751,0.068834,0.077917,0.087,0.096083,-1.9387,-1.4556,0.097751,0.09942,0.1085,0.11759,0.12667,0.13575,0.14224,0.14224,0.14817,0.15707,-1.4466,0.15707,0.16059,0.16968,0.1719,0.1719,0.1719,0.17635,0.18543,0.18673,0.18877,-1.4304,0.19785,0.20156,0.20156,0.21027,0.21935,0.22844,0.23752,0.2466,0.25569,0.26477,-1.4136,0.27385,0.28294,0.29202,0.3011,0.31019,0.31927,0.33651,0.35226,0.36135,0.37043,-1.4045,0.37951,0.3886,0.39768,0.40676,0.41585,0.424,0.424,0.42827,0.43735,0.44643,-1.3954,0.45552,0.4646,0.47368,0.48277,0.49185,0.49815,0.49815,0.49815,0.49852,0.5076,-1.3863,0.51298,0.51298,0.51298,0.51298,0.51298,0.51761,0.5267,0.53578,0.54264,0.54264,-1.3772,0.5482,0.55728,0.56637,0.57545,0.58453,0.59362,0.60344,0.62161,0.6357,0.64478,-1.3682,0.66128,0.67944,0.69761,0.71077,0.71985,0.73728,0.75544,0.77361,0.79178,0.80994,-1.3591,0.82811,0.84628,0.86444,0.87575,0.88594,0.90411,0.92228,0.94044,0.95082,0.95991,-1.9115,-1.3555,0.96899,0.98345,1.0016,1.0111,1.0202,1.0292,1.0383,1.0474,1.0565,1.0656,-1.3555,1.0747,1.0837,1.0913,1.0913,1.0962,1.1052,1.1062,1.1086,1.1177,1.121,-1.3555,1.121,1.121,1.121,1.121,1.1277,1.1358,1.1358,1.1358,1.1358,1.1358,-1.3555,1.1358,1.1358,1.1358,1.1358,1.1444,1.1507,1.1507,1.1507,1.151,1.1601,-1.3555,1.1655,1.1655,1.1725,1.1816,1.1907,1.1998,1.2089,1.21,1.2122,1.2213,-1.3555,1.2304,1.2394,1.2485,1.2545,1.2545,1.2545,1.2552,1.2643,1.2693,1.2693,-1.3555,1.2693,1.271,1.28,1.2891,1.2982,1.2989,1.3015,1.3106,1.3256,1.3436,-1.3555,1.3527,1.3653,1.3835,1.4016,1.4198,1.438,1.4561,1.4743,1.5003,1.5275,-1.3515,1.5548,1.5766,1.5948,1.6217,1.646,1.6641,1.6823,1.7005,1.7186,1.7368,-1.3424,1.755,1.7659,1.7765,1.7946,1.808,1.8171,1.8261,1.8328,-1.8776,-1.3407,-1.3391,-1.33,-1.3209,-1.3118,-1.3111,-1.3085,-1.2994,-1.2903,-1.2812,-1.8412,-1.2721,-1.2666,-1.2666,-1.2597,-1.2506,-1.2415,-1.2369,-1.2369,-1.2291,-1.2221,-1.8049,-1.2221,-1.2167,-1.2076,-1.2073,-1.2073,-1.2073,-1.201,-1.1924,-1.1924,-1.1924,-1.7728,-1.1924,-1.1852,-1.1761,-1.167,-1.1579,-1.1489,-1.1398,-1.1307,-1.1216,-1.1125,-1.7456,-1.1034,-1.0853,-1.0705,-1.0614,-1.0456,-1.0284,-1.0193,-1.0059,-0.98778,-0.96961,-1.7107,-0.95144,-0.93328,-0.9203,-0.91122,-0.89361,-0.87822,-0.86914,-0.86006,-0.8506,-0.83244,3.0,2.0
-2.3699,-2.1388,-1.6976,-1.0665,-1.0982,-1.105,-1.1101,-1.1101,-1.1101,-1.1101,-1.1101,-1.1101,-1.1101,-1.684,-1.1101,-1.0978,-1.0847,-1.0779,-1.0695,-1.0559,-1.0231,-0.96188,-0.9239,-0.9035,-1.6704,-0.87812,-0.85093,-0.82985,-0.80902,-0.78183,-0.75464,-0.72745,-0.70026,-0.67307,-0.64588,-1.6579,-0.61869,-0.5915,-0.56431,-0.53107,-0.49745,-0.47026,-0.44307,-0.41588,-0.38869,-0.3615,-1.6511,-0.33431,-0.30712,-0.28479,-0.2644,-0.23802,-0.21114,-0.19075,-0.17035,-0.14996,-0.12957,-1.6443,-0.10917,-0.08878,-0.068387,-0.052796,-0.039201,-0.03153,-0.024483,-0.010887,-3.6e-05,-3.6e-05,-1.6375,0.002459,0.009256,0.012437,0.012437,0.007697,0.0009,-3.6e-05,-0.000223,-0.007021,-0.015128,-1.6373,-0.028723,-0.039887,-0.046684,-0.057037,-0.070632,-0.084227,-0.097823,-0.11142,-0.12501,-0.13861,-1.6441,-0.15595,-0.18993,-0.21918,-0.23958,-0.24949,-0.24949,-0.25411,-0.26091,-0.25623,-0.24949,-1.6464,-0.24949,-0.24712,-0.23353,-0.22224,-0.21544,-0.20521,-0.19162,-0.15071,-0.096326,-0.07032,-1.9413,-1.6464,-0.049927,-0.036332,-0.021614,-0.001221,0.019172,0.039565,0.059958,0.080351,0.10074,0.12114,-1.6464,0.14153,0.16192,0.18232,0.20271,0.2231,0.2435,0.26389,0.28428,0.30468,0.32507,-1.6464,0.34546,0.36585,0.38625,0.40664,0.42703,0.44743,0.46782,0.48821,0.50861,0.529,-1.6398,0.54503,0.55862,0.57771,0.5981,0.61188,0.62548,0.63907,0.65061,0.65741,0.6642,-1.634,0.671,0.6821,0.6957,0.70387,0.71067,0.71092,0.71179,0.71859,0.72339,0.72339,-1.634,0.72339,0.72339,0.72339,0.72339,0.72339,0.72339,0.7169,0.7101,0.70331,0.69458,-1.6319,0.68098,0.67044,0.66364,0.65267,0.63907,0.62548,0.61188,0.60471,0.59716,0.58357,-1.6251,0.56997,0.55638,0.54278,0.52919,0.51971,0.51291,0.50087,0.48728,0.46096,0.43651,-1.615,0.43651,0.43651,0.43651,0.43651,0.43651,0.44057,0.44736,0.45416,0.46096,0.46776,-1.6014,0.47456,0.48135,0.4899,0.50349,0.51709,0.53068,0.54428,0.55787,0.60727,0.66845,-1.9141,-1.5878,0.68597,0.70013,0.72052,0.73923,0.75282,0.76923,0.78962,0.81001,0.8304,0.84575,-1.5742,0.85934,0.87911,0.8995,0.9199,0.94029,0.96068,0.98108,1.0015,1.018,1.0316,-1.5606,1.0502,1.0706,1.0849,1.0984,1.112,1.1256,1.1392,1.1528,1.1664,1.18,-1.547,1.1936,1.2072,1.2208,1.2284,1.2355,1.2491,1.2612,1.268,1.2748,1.2816,-1.5268,1.2847,1.2847,1.2895,1.2963,1.2971,1.2971,1.2971,1.2971,1.2971,1.2971,-1.5074,1.2971,1.2935,1.2867,1.2847,1.2847,1.2847,1.2847,1.2847,1.2847,1.2847,-1.4938,1.2847,1.2847,1.2847,1.2847,1.2894,1.2962,1.303,1.3098,1.3166,1.3247,-1.4781,1.3383,1.3495,1.3563,1.3666,1.3802,1.3938,1.4074,1.421,1.4347,1.4551,-1.4577,1.4743,1.4878,1.5014,1.515,1.5286,1.5422,1.5558,1.5694,1.583,1.5965,-1.4373,1.6033,1.6101,1.6169,1.6237,1.6305,1.6339,1.6339,1.6294,-1.8847,-1.4169,-1.3966,-1.3762,-1.3558,-1.3354,-1.3215,-1.3071,-1.2867,-1.2663,-1.2459,-1.8507,-1.2286,-1.215,-1.1972,-1.1768,-1.1564,-1.136,-1.1221,-1.1077,-1.0873,-1.0669,-1.81,-1.0465,-1.0292,-1.0156,-0.9978,-0.97741,-0.96231,-0.94872,-0.93512,-0.92153,-0.90793,-1.7624,-0.89434,-0.88074,-0.87014,-0.86334,-0.85654,-0.84975,-0.84295,-0.83615,-0.83572,-0.8364,-1.7328,-0.8432,-0.84819,-0.84819,-0.85112,-0.85792,-0.86877,-0.88236,-0.89078,-0.89758,-0.91068,-1.7124,-0.92427,-0.93787,-0.95146,-0.96506,-0.97865,-0.99225,-1.0058,-1.0194,-1.0279,-1.0347,5.0,2.0
-0.56184,-0.63861,-0.75697,-1.6198,-1.5585,-1.5073,-1.4562,-1.405,-1.3538,-1.3026,-1.2391,-1.1868,-1.1356,-0.76335,-1.0844,-1.0332,-0.98206,-0.93087,-0.87969,-0.83573,-0.79076,-0.73957,-0.69369,-0.65064,-0.76335,-0.59945,-0.55166,-0.51327,-0.47488,-0.43649,-0.39811,-0.35992,-0.33433,-0.29638,-0.26971,-0.76335,-0.24412,-0.20808,-0.1795,-0.15391,-0.12831,-0.11061,-0.090564,-0.071588,-0.058792,-0.045996,-0.76335,-0.0332,-0.020404,-0.007608,0.005188,0.017984,0.03078,0.043576,0.056137,0.056137,0.06853,-0.76335,0.069572,0.080688,0.093485,0.09644,0.10564,0.11844,0.12331,0.1306,0.15004,0.16962,-0.76335,0.18242,0.19995,0.22145,0.2377,0.26329,0.2867,0.30104,0.32664,0.35223,0.37782,-0.76335,0.39099,0.41557,0.44116,0.46675,0.48247,0.5045,0.5301,0.55569,0.58128,0.60019,-0.76335,0.61903,0.64462,0.66545,0.68237,0.70797,0.7307,0.74572,0.77131,0.79596,0.80906,-0.76335,0.83465,0.84778,0.8724,0.89799,0.91304,0.93574,0.95206,0.97349,0.99908,1.0173,-0.6546,-0.76268,1.0368,1.0624,1.0826,1.1002,1.1258,1.1514,1.1741,1.1891,1.2131,1.2269,-0.74992,1.2521,1.2649,1.2777,1.2905,1.3145,1.3295,1.3423,1.3551,1.3679,1.3807,-0.74992,1.3935,1.3996,1.4057,1.4185,1.4313,1.4399,1.4434,1.4533,1.4556,1.4667,-0.74992,1.4677,1.4802,1.4802,1.4927,1.4936,1.5048,1.507,1.517,1.5205,1.5205,-0.73836,1.5124,1.4996,1.4936,1.4875,1.4802,1.4753,1.4625,1.4497,1.4369,1.4241,-0.73648,1.4096,1.3851,1.3719,1.3463,1.3207,1.2951,1.2808,1.2574,1.2318,1.2062,-0.7262,1.1806,1.1631,1.1428,1.1172,1.0916,1.0661,1.0405,1.0191,1.0027,0.97712,-0.72305,0.95153,0.92594,0.90142,0.88819,0.86259,0.8496,0.82484,0.81057,0.79777,0.77493,-0.72305,0.75875,0.73718,0.71972,0.69943,0.67384,0.65446,0.63609,0.6105,0.58921,0.57275,-0.71468,0.54716,0.52395,0.50941,0.48492,0.47166,0.44607,0.4331,0.40832,0.39407,0.38128,-0.67892,-0.70961,0.35841,0.34225,0.32946,0.3085,0.29043,0.27763,0.26484,0.25204,0.23925,0.22645,-0.70961,0.21735,0.21429,0.20391,0.20213,0.18934,0.17654,0.16375,0.15095,0.13815,0.13674,-0.70961,0.126,0.12331,0.13278,0.13674,0.13674,0.13674,0.12982,0.12331,0.12331,0.12331,-0.7038,0.12331,0.12331,0.12022,0.10987,0.10987,0.10987,0.10934,0.096541,0.09644,0.09644,-0.69618,0.09644,0.09644,0.09644,0.10594,0.10987,0.10987,0.11746,0.12331,0.12331,0.12331,-0.69164,0.12835,0.13674,0.13674,0.13674,0.13674,0.13859,0.15018,0.15075,0.16354,0.16361,-0.68274,0.1757,0.17705,0.17705,0.18722,0.19048,0.19938,0.21218,0.21735,0.22433,0.23078,-0.67949,0.2422,0.25765,0.26208,0.27108,0.27424,0.28452,0.28452,0.28576,0.29795,0.29795,-0.66931,0.29795,0.31008,0.31139,0.31139,0.3216,0.32482,0.32482,0.32482,0.32482,0.32482,-0.67525,0.3312,0.33826,0.33826,0.33826,0.33826,0.33826,0.33826,0.33826,-0.69363,-0.71096,-0.72375,-0.73695,-0.82652,-0.84275,-0.90189,-0.96587,-0.98861,-1.0111,-1.0276,-0.70642,-1.0404,-1.0843,-1.1198,-1.165,-1.2184,-1.2388,-1.2561,-1.2974,-1.361,-1.3972,-0.71922,-1.466,-1.4971,-1.5709,-1.5965,-1.6221,-1.7089,-1.7404,-1.8099,-1.8453,-1.8709,-0.73201,-1.9328,-2.0096,-2.0786,-2.1139,-2.1267,-2.1336,-2.1756,-2.2457,-2.2744,-2.3383,-0.74481,-2.4023,-2.4479,-2.3995,-2.3739,-2.3483,-2.3227,-2.2848,-2.2465,-2.2081,-2.1697,-0.74992,-2.1215,-2.0795,-2.0326,-1.9814,-1.9302,-1.8791,-1.8279,-1.7767,-1.7255,-1.6743,4.0,2.0
-1.7699,-1.6968,-1.5663,-0.85399,-0.84558,-0.84404,-0.84404,-0.84404,-0.84404,-0.84404,-0.84404,-0.84404,-0.83801,-1.5529,-0.83408,-0.83408,-0.83408,-0.83408,-0.83408,-0.83408,-0.83408,-0.83408,-0.83408,-0.82412,-1.5395,-0.82412,-0.81671,-0.81327,-0.80421,-0.79645,-0.79426,-0.78958,-0.7843,-0.77276,-0.76439,-1.5261,-0.75593,-0.7525,-0.74448,-0.74448,-0.73453,-0.7288,-0.71541,-0.71462,-0.70854,-0.70466,-1.5127,-0.70466,-0.69824,-0.69471,-0.68142,-0.67479,-0.66459,-0.6512,-0.63781,-0.61447,-0.60108,-1.4993,-0.58769,-0.5743,-0.56529,-0.55747,-0.54408,-0.53069,-0.5173,-0.51387,-0.50048,-0.48709,-1.486,-0.48365,-0.47026,-0.45687,-0.44348,-0.43009,-0.4167,-0.40331,-0.38992,-0.37653,-0.36011,-1.4726,-0.3398,-0.32641,-0.31302,-0.29963,-0.28624,-0.27285,-0.25229,-0.23611,-0.22272,-0.20933,-1.4592,-0.19594,-0.18255,-0.16916,-0.15577,-0.14238,-0.12899,-0.1156,-0.10221,-0.088825,-0.08539,-1.4458,-0.077476,-0.068566,-0.055176,-0.04761,-0.038351,-0.024962,-0.011572,0.001818,0.005253,0.012122,-1.6834,-1.4324,0.022077,0.022077,0.022077,0.022426,0.032033,0.032033,0.032729,0.041988,0.041988,0.051943,-1.419,0.051943,0.059858,0.063292,0.071854,0.080117,0.083551,0.091764,0.091764,0.091764,0.091764,-1.4056,0.091764,0.091764,0.091764,0.091764,0.081809,0.081809,0.081809,0.084945,0.091764,0.091764,-1.3922,0.091764,0.091764,0.091764,0.095597,0.10172,0.10172,0.10172,0.10172,0.11277,0.12163,-1.3788,0.12959,0.14298,0.15637,0.16976,0.18136,0.18659,0.19998,0.22332,0.23671,0.2501,-1.3654,0.26349,0.27688,0.29027,0.31362,0.32701,0.3404,0.36374,0.37713,0.40048,0.41387,-1.3521,0.42726,0.4411,0.46399,0.47738,0.49157,0.51412,0.53517,0.552,0.57878,0.59754,-1.3418,0.62238,0.64423,0.66599,0.68281,0.70432,0.7177,0.73109,0.74448,0.75787,0.77126,-1.3352,0.78465,0.79804,0.81143,0.8185,0.82826,0.84165,0.85504,0.86843,0.88182,0.88819,-1.3218,0.89864,0.91203,0.92542,0.93881,0.94792,0.95564,0.96903,0.98242,0.99581,0.99924,-1.67,-1.3085,1.0126,1.0176,1.0295,1.0428,1.0475,1.0574,1.0631,1.0765,1.0799,1.0873,-1.2951,1.0968,1.1072,1.1136,1.1172,1.1271,1.1338,1.1371,1.1407,1.147,1.1476,-1.2916,1.157,1.157,1.1669,1.1669,1.1747,1.1769,1.1816,1.195,1.1984,1.2068,-1.2821,1.2152,1.2187,1.2267,1.2355,1.2366,1.2424,1.2466,1.2492,1.2565,1.2565,-1.2748,1.2665,1.2729,1.2764,1.2764,1.2832,1.2864,1.2901,1.3035,1.3163,1.3243,-1.2721,1.3436,1.357,1.3704,1.3838,1.3959,1.4006,1.4059,1.4158,1.4209,1.4258,-1.2679,1.4258,1.4258,1.4258,1.4258,1.4258,1.4258,1.4357,1.4357,1.4453,1.4487,-1.2622,1.4556,1.4655,1.4756,1.4824,1.4958,1.5092,1.5225,1.5359,1.5493,1.5627,-1.2622,1.5861,1.5994,1.6207,1.6461,1.6643,1.6911,1.7079,1.7347,1.7529,1.7683,-1.2576,1.7896,1.803,1.8164,1.8298,1.8432,1.8539,1.86,1.8734,-1.6566,-1.2522,-1.2522,-1.2522,-1.2439,-1.2405,-1.2323,-1.2236,-1.2202,-1.2068,-1.1934,-1.6432,-1.18,-1.1666,-1.1532,-1.1498,-1.1364,-1.123,-1.1196,-1.1062,-1.1028,-1.0894,-1.6298,-1.076,-1.0726,-1.0592,-1.0458,-1.0332,-1.029,-1.0156,-1.0022,-0.99336,-0.98535,-1.6164,-0.97345,-0.96853,-0.9635,-0.95354,-0.94827,-0.93488,-0.93144,-0.91805,-0.91372,-0.90377,-1.603,-0.90377,-0.90377,-0.90088,-0.89381,-0.89381,-0.89381,-0.89381,-0.89381,-0.89023,-0.88386,-1.5797,-0.88386,-0.87992,-0.8739,-0.8739,-0.8739,-0.86619,-0.86395,-0.86395,-0.85588,-0.85399,3.0,2.0
0.235,0.18103,0.16043,-0.76243,-0.68114,-0.59315,-0.49256,-0.40261,-0.31265,-0.21729,-0.1141,-0.024144,0.065812,0.16043,0.15577,0.24572,0.33419,0.40699,0.49694,0.5869,0.65933,0.74817,0.8219,0.89387,0.16043,0.96583,1.0378,1.1098,1.1817,1.2537,1.314,1.368,1.4219,1.4662,1.4932,0.15027,1.5195,1.5478,1.5587,1.5651,1.5716,1.5587,1.5542,1.5362,1.5151,1.4791,0.14178,1.4431,1.4059,1.3514,1.2794,1.2074,1.1355,1.0469,0.95697,0.86702,0.77706,0.14178,0.68711,0.59715,0.51988,0.43589,0.34593,0.24526,0.14738,0.057422,-0.041296,-0.14924,0.14178,-0.24973,-0.34649,-0.45444,-0.55688,-0.65169,-0.75544,-0.84539,-0.93246,-1.0067,-1.095,0.14178,-1.167,-1.2392,-1.3292,-1.4015,-1.4565,-1.5268,-1.5831,-1.6221,-1.6581,-1.694,0.14178,-1.717,-1.735,-1.7295,-1.7226,-1.7121,-1.6844,-1.6575,-1.631,-1.5872,-1.5404,0.14178,-1.4979,-1.4439,-1.39,-1.3314,-1.2595,-1.1875,-1.1155,-1.0416,-0.95297,-0.88035,0.17907,0.14178,-0.79039,-0.70044,-0.62782,-0.53917,-0.44922,-0.35926,-0.25458,-0.16071,-0.070753,0.019203,0.13684,0.12128,0.21776,0.31852,0.41631,0.50627,0.59622,0.68618,0.77613,0.85919,0.9374,0.12314,1.0218,1.0937,1.1657,1.234,1.291,1.3606,1.4146,1.4686,1.5222,1.5581,0.12314,1.5941,1.613,1.631,1.649,1.6519,1.6519,1.6519,1.6388,1.6208,1.6028,0.12314,1.5736,1.5376,1.4918,1.4378,1.3838,1.314,1.2313,1.1527,1.0628,0.97282,0.12314,0.88287,0.79291,0.70296,0.613,0.52099,0.41445,0.32449,0.23454,0.14458,0.054625,0.12482,-0.052109,-0.14393,-0.23388,-0.33866,-0.43244,-0.53591,-0.63099,-0.72095,-0.8109,-0.90086,0.14178,-0.98056,-1.0621,-1.1431,-1.2151,-1.2871,-1.359,-1.4246,-1.4843,-1.5512,-1.6052,0.14178,-1.6555,-1.6945,-1.7436,-1.7634,-1.7983,-1.8163,-1.8342,-1.8344,-1.8173,-1.7993,0.14178,-1.7655,-1.7295,-1.6935,-1.6575,-1.6083,-1.5543,-1.5003,-1.4464,-1.3818,-1.3198,0.16239,0.14178,-1.2658,-1.2032,-1.1392,-1.0852,-1.0246,-0.95259,-0.88604,-0.82731,-0.75534,-0.67993,0.14178,-0.59277,-0.51866,-0.4302,-0.35824,-0.28609,-0.19613,-0.1237,-0.051736,0.036448,0.11084,0.14178,0.1828,0.26903,0.34537,0.41734,0.5016,0.57991,0.65187,0.73418,0.81444,0.88641,0.14178,0.95837,1.0303,1.0952,1.1492,1.2032,1.2571,1.3111,1.3613,1.3972,1.4332,0.14178,1.4673,1.4865,1.522,1.54,1.5579,1.5414,1.5235,1.5055,1.4722,1.4508,0.14178,1.4189,1.3829,1.3469,1.2989,1.2449,1.191,1.137,1.0736,1.0104,0.9483,0.14178,0.8838,0.82982,0.77585,0.72188,0.66791,0.61393,0.55996,0.50599,0.45201,0.39962,0.14178,0.36271,0.30902,0.27303,0.23705,0.20107,0.1814,0.16341,0.14542,0.12743,0.10944,0.14178,0.091446,0.085853,0.074108,0.06721,0.056769,0.048566,0.048566,0.048566,0.048566,0.048566,0.14178,0.048566,0.042694,0.029923,0.029923,0.026008,0.011279,0.011279,0.009322,0.16043,0.15297,0.16043,0.16043,0.16043,0.16043,0.16835,0.1718,0.15381,0.13582,0.11783,0.16043,0.099836,0.081845,0.060498,0.024516,-0.011466,-0.047448,-0.08343,-0.11941,-0.15539,-0.19138,0.16043,-0.24414,-0.28198,-0.33344,-0.38741,-0.44139,-0.49536,-0.5622,-0.62195,-0.67592,-0.7408,0.16043,-0.80251,-0.85649,-0.91046,-0.95614,-0.99976,-1.0467,-1.0891,-1.1374,-1.1733,-1.2137,0.16043,-1.2639,-1.2999,-1.3335,-1.3532,-1.3881,-1.4061,-1.4241,-1.4421,-1.4258,-1.3913,0.16043,-1.3711,-1.338,-1.302,-1.2521,-1.1981,-1.1442,-1.0783,-1.0063,-0.93432,-0.85238,0.0,2.0
0.51498,0.4972,0.56057,1.7459,1.6747,1.5909,1.502,1.4131,1.3242,1.2198,1.1026,0.98362,0.87649,0.56057,0.75204,0.62758,0.50313,0.37867,0.25422,0.12976,0.00531,-0.11914,-0.25363,-0.57365,0.56057,-0.71589,-0.80478,-0.89003,-0.96115,-1.0159,-1.0578,-1.0934,-1.1275,-1.1453,-1.1631,0.56057,-1.1626,-1.1449,-1.1271,-1.0924,-1.0569,-1.0145,-0.96115,-0.90781,-0.83989,-0.7592,0.56057,-0.6703,-0.5814,-0.49251,-0.40361,-0.30742,-0.20303,-0.11413,-0.01019,0.096486,0.20818,0.56057,0.33263,0.43931,0.54598,0.65266,0.75933,0.86601,0.97268,1.0689,1.1578,1.2467,0.56057,1.3356,1.4245,1.5051,1.5763,1.6474,1.7025,1.7559,1.8033,1.8379,1.8557,0.56057,1.8735,1.8913,1.8981,1.8626,1.8434,1.8028,1.7495,1.6948,1.6237,1.4819,0.56057,1.3584,1.2654,1.1587,1.0351,0.91068,0.78623,0.66177,0.53732,0.41286,0.28841,0.56057,0.16396,0.039501,-0.084954,-0.20941,-0.32657,-0.45604,-0.74051,-0.84445,-0.91556,-0.97665,0.50495,0.56057,-1.0122,-1.0655,-1.0934,-1.1189,-1.149,-1.149,-1.149,-1.1385,-1.1207,-1.1029,0.55191,-1.0851,-1.0541,-1.0104,-0.95705,-0.90371,-0.85037,-0.78609,-0.71498,-0.64386,-0.57274,0.53778,-0.48795,-0.39905,-0.31016,-0.22126,-0.13236,-0.032072,0.068221,0.15849,0.26516,0.37184,0.53778,0.46939,0.56239,0.66907,0.75888,0.84777,0.93667,1.0237,1.0949,1.1806,1.2599,0.53778,1.3264,1.3798,1.4331,1.4865,1.5325,1.5681,1.6036,1.6392,1.6647,1.6775,0.42381,1.6775,1.6952,1.6875,1.6697,1.6492,1.6136,1.5006,1.4181,1.3374,1.1965,0.29707,1.1076,1.0187,0.92983,0.83774,0.73107,0.60844,0.49492,0.38232,0.25787,0.13341,0.26015,0.008957,-0.1155,-0.23631,-0.34298,-0.44966,-0.6817,-0.90097,-0.97209,-1.0432,-1.1002,0.20681,-1.1535,-1.2028,-1.2383,-1.2739,-1.3094,-1.3382,-1.3541,-1.3541,-1.3541,-1.3637,0.13934,-1.3724,-1.3546,-1.3541,-1.3541,-1.3468,-1.3313,-1.3313,-1.3163,-1.3085,-1.3035,0.51498,0.068221,-1.2857,-1.268,-1.2629,-1.2552,-1.2374,-1.2196,-1.2019,-1.1946,-1.1891,-1.1718,-0.002896,-1.1718,-1.1585,-1.149,-1.149,-1.149,-1.133,-1.1262,-1.1262,-1.1262,-1.1262,-0.074013,-1.1125,-1.1034,-1.1034,-1.1034,-1.087,-1.0692,-1.0514,-1.0336,-1.0159,-0.99808,-0.14513,-0.9803,-0.96252,-0.94474,-0.92696,-0.90918,-0.8914,-0.87362,-0.85584,-0.83806,-0.81071,-0.2281,-0.77971,-0.76193,-0.74415,-0.71406,-0.6858,-0.66574,-0.63018,-0.60967,-0.58186,-0.55132,-0.317,-0.53354,-0.49798,-0.47518,-0.44966,-0.4141,-0.37854,-0.34298,-0.31791,-0.29466,-0.2591,-0.40407,-0.22354,-0.2012,-0.18342,-0.16245,-0.12689,-0.10729,-0.089512,-0.071733,-0.054866,-0.054866,-0.47518,-0.041189,-0.02341,-0.009278,-0.009278,-0.009278,-0.009278,-0.009278,-0.010646,-0.028425,-0.032072,-0.56089,-0.032072,-0.032072,-0.032072,-0.032072,-0.043925,-0.054866,-0.054866,-0.054866,-0.069454,-0.07766,-0.64021,-0.07766,-0.07766,-0.094983,-0.10045,-0.10045,-0.10045,-0.10045,-0.10045,0.51772,-0.71133,-0.78245,-0.85356,-0.91237,-0.96571,-1.0168,-1.0523,-1.1029,-1.1362,-1.154,0.5355,-1.1718,-1.1895,-1.1946,-1.1946,-1.1918,-1.174,-1.1408,-1.1052,-1.0642,-1.0108,0.53778,-0.9575,-0.89095,-0.81162,-0.72592,-0.6548,-0.56773,-0.46789,-0.36714,-0.27733,-0.17066,0.53778,-0.063983,0.051354,0.17216,0.27884,0.40192,0.51498,0.62804,0.75249,0.87695,0.98727,0.54325,1.0939,1.2006,1.3073,1.414,1.5088,1.5977,1.6848,1.7559,1.8124,1.8657,0.56057,1.9145,1.9501,1.9856,1.9966,1.9966,1.9943,1.9765,1.9136,1.8525,1.7992,2.0,2.0
0.69055,0.74049,0.71802,-0.90753,-0.82313,-0.75421,-0.6793,-0.6009,-0.51175,-0.42611,-0.35844,-0.2693,-0.18015,0.71552,-0.11348,-0.026837,0.062306,0.15145,0.24059,0.32973,0.39391,0.48305,0.57219,0.66133,0.71552,0.75048,0.8149,0.90379,0.9837,1.0571,1.1463,1.2119,1.2746,1.3557,1.4152,0.71552,1.4571,1.5091,1.5435,1.5962,1.6259,1.6556,1.6854,1.7151,1.7448,1.7643,0.71552,1.7792,1.7695,1.7398,1.7101,1.6714,1.6257,1.596,1.543,1.4836,1.4242,0.69429,1.3647,1.2881,1.2209,1.1365,1.0771,1.0064,0.93326,0.87383,0.78793,0.65509,0.69055,0.58568,0.4376,0.32699,0.1949,0.12923,0.013864,-0.11049,-0.2246,-0.30425,-0.36368,0.69055,-0.42311,-0.49477,-0.56694,-0.62637,-0.68579,-0.74522,-0.80465,-0.86408,-0.90303,-0.93275,0.69055,-0.96246,-0.99217,-1.0219,-1.0516,-1.0813,-1.111,-1.1407,-1.1705,-1.2002,-1.2072,0.69055,-1.2346,-1.2499,-1.2202,-1.1904,-1.1607,-1.131,-1.0953,-1.0359,-0.99193,-0.94199,0.74049,0.69055,-0.88256,-0.82313,-0.75421,-0.6793,-0.61987,-0.56044,-0.47605,-0.41662,-0.35719,-0.28003,0.69055,-0.21336,-0.15393,-0.087514,-0.010107,0.065801,0.13372,0.19415,0.27755,0.33697,0.3964,0.69055,0.47581,0.54023,0.59966,0.65909,0.71852,0.77794,0.83737,0.89355,0.92327,0.96572,0.69055,1.0077,1.0374,1.0671,1.0968,1.1265,1.1562,1.186,1.2157,1.2454,1.2649,0.69055,1.2499,1.2399,1.2154,1.1857,1.147,1.1013,1.0531,0.99368,0.93426,0.87483,0.69055,0.80291,0.731,0.6496,0.58543,0.50278,0.43211,0.35895,0.29952,0.21512,0.15045,0.69055,0.061307,-0.013104,-0.092009,-0.18115,-0.27029,-0.3507,-0.42361,-0.51275,-0.60189,-0.69104,0.69055,-0.78018,-0.86932,-0.95847,-1.0693,-1.1617,-1.2509,-1.329,-1.4042,-1.4728,-1.5323,0.69055,-1.5917,-1.6511,-1.7106,-1.77,-1.8294,-1.8851,-1.9233,-1.9695,-1.9992,-2.0289,0.69055,-2.0586,-2.0884,-2.1181,-2.1478,-2.1775,-2.2047,-2.175,-2.1453,-2.1156,-2.0656,0.74049,0.69055,-2.0312,-1.9967,-1.9373,-1.8921,-1.8434,-1.784,-1.7245,-1.6569,-1.5807,-1.5036,0.69055,-1.4144,-1.3502,-1.2611,-1.172,-1.0828,-0.99367,-0.90453,-0.81539,-0.72625,-0.62187,0.69055,-0.52299,-0.43385,-0.34021,-0.23059,-0.14145,-0.052306,0.060308,0.15095,0.24808,0.3542,0.69055,0.44335,0.53249,0.62163,0.71077,0.79992,0.87283,0.95323,1.0167,1.0761,1.1355,0.67906,1.1949,1.2346,1.2888,1.319,1.3488,1.3785,1.3897,1.4129,1.4426,1.4569,0.66558,1.4272,1.3974,1.3677,1.3113,1.2519,1.1812,1.0921,0.9822,0.88881,0.79442,0.6446,0.68556,0.61114,0.53224,0.46732,0.41188,0.37343,0.32749,0.27954,0.24309,0.21337,0.61489,0.18366,0.15395,0.12423,0.11624,0.11624,0.11624,0.11624,0.11624,0.11624,0.11624,0.58518,0.11624,0.11624,0.11624,0.11624,0.11624,0.11624,0.11624,0.11624,0.11624,0.11624,0.55546,0.11624,0.11624,0.11624,0.11624,0.11624,0.11624,0.11624,0.11624,0.74049,0.52575,0.49603,0.46632,0.43661,0.3979,0.35221,0.30401,0.26781,0.21013,0.1507,0.74049,0.10376,0.056812,0.019357,-0.037075,-0.090011,-0.13096,-0.17441,-0.22485,-0.25931,-0.31349,0.74049,-0.35319,-0.39789,-0.4276,-0.48154,-0.516,-0.56669,-0.60989,-0.65109,-0.70377,-0.73823,0.74049,-0.79017,-0.81988,-0.86658,-0.90428,-0.93549,-0.98868,-1.0184,-1.0481,-1.0778,-1.1325,0.74049,-1.1622,-1.1919,-1.2216,-1.2514,-1.2811,-1.3108,-1.3405,-1.3702,-1.382,-1.3592,0.74049,-1.3295,-1.2998,-1.2701,-1.2404,-1.2107,-1.1797,-1.1263,-1.0858,-1.0264,-0.96696,0.0,2.0
-2.1022,-2.0108,-1.7395,-0.70776,-0.70225,-0.69354,-0.69123,-0.6802,-0.6802,-0.6802,-0.67453,-0.66918,-0.66918,-1.7143,-0.66918,-0.66918,-0.66918,-0.66918,-0.66334,-0.65816,-0.65816,-0.64752,-0.64714,-0.64714,-1.6809,-0.64273,-0.63611,-0.63611,-0.62691,-0.62509,-0.61407,-0.61407,-0.60949,-0.60304,-0.59527,-1.6528,-0.59202,-0.58105,-0.56997,-0.56683,-0.55421,-0.54159,-0.52897,-0.52588,-0.51486,-0.51315,-1.6275,-0.50384,-0.49893,-0.49281,-0.48471,-0.47209,-0.47049,-0.45974,-0.45627,-0.44872,-0.44205,-1.6023,-0.4377,-0.4377,-0.43726,-0.42667,-0.42304,-0.41565,-0.40882,-0.40463,-0.3946,-0.393,-1.5806,-0.38258,-0.37878,-0.36616,-0.35353,-0.34091,-0.32829,-0.3149,-0.28966,-0.26838,-0.25019,-1.568,-0.22495,-0.19971,-0.18483,-0.16118,-0.14602,-0.12492,-0.10656,-0.088649,-0.076028,-0.052879,-1.5553,-0.038659,-0.016117,0.000803,0.020149,0.040266,0.056415,0.069036,0.081658,0.094279,0.10244,-1.5427,0.1085,0.12112,0.13374,0.14636,0.15755,0.16058,0.1732,0.18583,0.19062,0.20005,-1.9856,-1.5301,0.20164,0.20324,0.21267,0.21267,0.21906,0.22369,0.23328,0.23471,0.23648,0.24574,-1.5175,0.2507,0.25676,0.25676,0.25676,0.26778,0.26778,0.27131,0.27881,0.27881,0.28713,-1.5048,0.28983,0.29033,0.30085,0.30455,0.31717,0.3229,0.33139,0.34401,0.34495,0.3472,-1.4922,0.35597,0.35597,0.36302,0.36699,0.37724,0.38904,0.39146,0.40408,0.41671,0.42933,-1.4849,0.44195,0.45457,0.46719,0.47981,0.49243,0.50506,0.51768,0.5303,0.54292,0.54452,-1.4849,0.55438,0.55874,0.56541,0.56541,0.57456,0.57643,0.57643,0.57935,0.58745,0.59357,-1.4849,0.59848,0.60779,0.6095,0.62201,0.63155,0.63623,0.64885,0.66147,0.6741,0.69774,-1.4849,0.71036,0.72298,0.7356,0.74823,0.76085,0.77347,0.77507,0.78769,0.79689,0.80191,-1.4849,0.80792,0.81613,0.81894,0.81932,0.82996,0.82996,0.82996,0.83674,0.84099,0.84099,-1.4826,0.84099,0.84099,0.84473,0.85201,0.85201,0.85201,0.86215,0.86303,0.86303,0.86694,-1.9555,-1.4739,0.87405,0.87405,0.87405,0.88436,0.88508,0.88508,0.88508,0.89075,0.90338,0.90712,-1.4739,0.9176,0.91919,0.92917,0.93341,0.94019,0.94763,0.95122,0.95122,0.96224,0.96505,-1.4739,0.97326,0.97927,0.98429,0.98429,0.99509,0.99531,0.99531,0.99531,1.0015,1.0063,-1.4739,1.0063,1.0063,1.0079,1.0174,1.0221,1.0284,1.0284,1.0379,1.0395,1.0504,-1.4841,1.0537,1.0614,1.0614,1.0695,1.0822,1.0948,1.1074,1.12,1.1276,1.1343,-1.4849,1.1469,1.1595,1.1721,1.1847,1.1974,1.21,1.2226,1.2352,1.2478,1.2605,-1.4849,1.2731,1.2857,1.2983,1.311,1.315,1.3252,1.3378,1.3504,1.363,1.3757,-1.4809,1.3883,1.4009,1.4135,1.4261,1.4388,1.4514,1.464,1.4766,1.4893,1.5019,-1.4739,1.5145,1.5271,1.5397,1.5524,1.565,1.5776,1.5902,1.6028,1.6155,1.6281,-1.4739,1.6407,1.6533,1.666,1.6786,1.6912,1.7038,1.7164,1.7291,-1.9241,-1.4739,-1.4635,-1.4628,-1.4603,-1.4518,-1.4518,-1.4518,-1.4518,-1.4518,-1.4518,-1.8908,-1.4491,-1.4408,-1.4348,-1.4222,-1.4096,-1.397,-1.3954,-1.3828,-1.3701,-1.3636,-1.8625,-1.3559,-1.3433,-1.3307,-1.3181,-1.3054,-1.2928,-1.2802,-1.2597,-1.2439,-1.2313,-1.8371,-1.217,-1.195,-1.1776,-1.1588,-1.1381,-1.1225,-1.0989,-1.0844,-1.0592,-1.039,-1.801,-1.0197,-0.99447,-0.97904,-0.9554,-0.94079,-0.91913,-0.90133,-0.88286,-0.86187,-0.8466,-1.7724,-0.83398,-0.81921,-0.79771,-0.78509,-0.77247,-0.75985,-0.74723,-0.7346,-0.7243,-0.72038,3.0,2.0
-2.181,-1.873,-1.6438,-0.7288,-0.74867,-0.76854,-0.79639,-0.81921,-0.83908,-0.85895,-0.87882,-0.8987,-0.92479,-1.6239,-0.9712,-0.99107,-1.0109,-1.0127,-1.0208,-1.0236,-1.0236,-1.0185,-1.0127,-1.0095,-1.6041,-0.99959,-0.98965,-0.97972,-0.96978,-0.95984,-0.94991,-0.93276,-0.91912,-0.90394,-0.88832,-1.5933,-0.87511,-0.85524,-0.83668,-0.82641,-0.80654,-0.74026,-0.7122,-0.69233,-0.66612,-0.63631,-1.5833,-0.6065,-0.57669,-0.54448,-0.50616,-0.47591,-0.43616,-0.39642,-0.35667,-0.32435,-0.2881,-1.5734,-0.24836,-0.21309,-0.17978,-0.14255,-0.11274,-0.082932,-0.053123,-0.023313,-0.002021,0.025386,-1.5635,0.048643,0.068516,0.088389,0.10466,0.11722,0.13545,0.14473,0.14473,0.15434,0.15565,-1.5638,0.15565,0.15565,0.14997,0.14004,0.1301,0.12016,0.10848,0.089372,0.079435,0.059781,-1.5737,0.039908,0.020035,0.000163,-0.01971,-0.039583,-0.059456,-0.079328,-0.099201,-0.11907,-0.13895,-1.5805,-0.1883,-0.21145,-0.22346,-0.2334,-0.24333,-0.25327,-0.26321,-0.27314,-0.28111,-0.2821,-1.8157,-1.5805,-0.29203,-0.29203,-0.28308,-0.28111,-0.27413,-0.26419,-0.24923,-0.2334,-0.2204,-0.20053,-1.5805,-0.18066,-0.16078,-0.14091,-0.12104,-0.10117,-0.031612,0.021127,0.045805,0.065677,0.088717,-1.5807,0.11634,0.13742,0.16722,0.19703,0.22684,0.25665,0.28646,0.31627,0.34608,0.37589,-1.5906,0.4057,0.43551,0.46532,0.49513,0.52493,0.55474,0.58455,0.60705,0.63325,0.65771,-1.5822,0.67758,0.69746,0.71733,0.73578,0.74572,0.75566,0.7562,0.76461,0.76712,0.76712,-1.5723,0.76166,0.75172,0.74528,0.74277,0.73131,0.71198,0.70204,0.68261,0.66273,0.64286,-1.5696,0.62299,0.60312,0.57866,0.54885,0.52166,0.50015,0.47099,0.45112,0.43125,0.40275,-1.5633,0.38823,0.37163,0.35744,0.3428,0.32664,0.31944,0.31944,0.31944,0.31944,0.31944,-1.5534,0.32817,0.33036,0.33713,0.34706,0.35219,0.35602,0.36595,0.37589,0.38583,0.39576,-1.5477,0.4057,0.42448,0.43649,0.45331,0.47318,0.49305,0.51292,0.53574,0.58128,0.68272,-1.7938,-1.5445,0.71252,0.74233,0.77214,0.79398,0.82084,0.84465,0.86452,0.88035,0.89334,0.91322,-1.5368,0.932,0.94204,0.96192,0.98179,0.99358,1.0106,1.0305,1.0504,1.0661,1.0792,-1.5355,1.0991,1.1177,1.1277,1.1376,1.1567,1.1602,1.1674,1.1774,1.182,1.182,-1.5256,1.1853,1.193,1.193,1.193,1.193,1.193,1.193,1.193,1.193,1.1876,-1.5156,1.1777,1.1677,1.1602,1.1602,1.1598,1.1498,1.1493,1.1577,1.1602,1.1666,-1.5057,1.1766,1.1865,1.1965,1.2064,1.2163,1.2263,1.2362,1.2556,1.267,1.2845,-1.5041,1.2978,1.3133,1.3332,1.353,1.3729,1.3928,1.4127,1.4325,1.462,1.4832,-1.4967,1.5031,1.5296,1.5537,1.5736,1.5935,1.6134,1.6315,1.6422,1.662,1.6722,-1.4868,1.6821,1.6921,1.702,1.7119,1.7219,1.7318,1.7418,1.7517,1.7616,1.7716,-1.4769,1.7815,1.7826,1.7905,1.8004,1.8103,1.8203,1.8302,1.8401,-1.774,-1.4669,-1.457,-1.4471,-1.4357,-1.4163,-1.4063,-1.387,-1.3755,-1.3582,-1.3447,-1.7481,-1.3293,-1.3095,-1.2931,-1.2806,-1.2608,-1.2414,-1.2315,-1.2121,-1.1922,-1.1723,-1.7233,-1.1459,-1.1217,-1.1018,-1.0783,-1.0485,-1.0203,-0.99981,-0.97,-0.9498,-0.9213,-1.7034,-0.89149,-0.86168,-0.83755,-0.81298,-0.78317,-0.75609,-0.73447,-0.70543,-0.68556,-0.66568,-1.6836,-0.64581,-0.62594,-0.61284,-0.59711,-0.58204,-0.57593,-0.57309,-0.56687,-0.57593,-0.57593,-1.6637,-0.58576,-0.59569,-0.60563,-0.61557,-0.6314,-0.64636,-0.66022,-0.6801,-0.698,-0.70892,5.0,2.0
0.50208,0.56051,0.61894,-0.15529,-0.047921,0.050587,0.13648,0.23523,0.32775,0.4305,0.51902,0.60492,0.69081,0.61894,0.77671,0.86261,0.9485,1.0231,1.1008,1.1867,1.2553,1.3197,1.3841,1.4485,0.61894,1.5071,1.5501,1.593,1.636,1.6789,1.706,1.7275,1.749,1.7658,1.7443,0.61894,1.7228,1.7014,1.6696,1.6266,1.5694,1.5212,1.46,1.3964,1.3506,1.2814,0.61894,1.2023,1.1379,1.0735,1.009,0.9298,0.86071,0.77749,0.71107,0.62517,0.53928,0.61894,0.46069,0.38696,0.30107,0.22847,0.14875,0.080144,-0.003561,-0.06998,-0.15208,-0.2165,0.63141,-0.28871,-0.36482,-0.44103,-0.51314,-0.57757,-0.65976,-0.72559,-0.77083,-0.83525,-0.89968,0.63842,-0.95582,-0.99877,-1.054,-1.1041,-1.1471,-1.1718,-1.2127,-1.2342,-1.2557,-1.2772,0.63842,-1.2986,-1.3201,-1.3288,-1.3436,-1.3483,-1.3295,-1.3275,-1.3061,-1.2846,-1.2631,0.63842,-1.2324,-1.2007,-1.166,-1.123,-1.0801,-1.0371,-0.99244,-0.93176,-0.88307,-0.82639,0.56051,0.63842,-0.7737,-0.70928,-0.64486,-0.58044,-0.51602,-0.45159,-0.38717,-0.32275,-0.25209,-0.17443,0.64139,-0.11001,-0.033362,0.038316,0.11895,0.18664,0.27127,0.35444,0.42358,0.50276,0.5759,0.6579,0.65108,0.7155,0.79463,0.86382,0.92825,0.99267,1.0571,1.1215,1.1787,1.2309,0.65093,1.2841,1.327,1.37,1.4129,1.4559,1.4971,1.5186,1.5401,1.5616,1.583,0.62946,1.6045,1.5986,1.5771,1.5557,1.5147,1.4911,1.4481,1.399,1.3427,1.2896,0.60799,1.2374,1.1802,1.1158,1.0514,0.98697,0.92255,0.85813,0.7937,0.72928,0.66486,0.58651,0.58778,0.51654,0.43546,0.34957,0.28315,0.19725,0.11652,0.044938,-0.040958,-0.12685,0.56504,-0.1996,-0.27917,-0.36506,-0.43182,-0.51738,-0.59962,-0.66969,-0.74795,-0.82201,-0.89627,0.54356,-0.96069,-1.0251,-1.0895,-1.154,-1.2162,-1.2633,-1.3216,-1.3646,-1.4075,-1.4505,0.52209,-1.4793,-1.5169,-1.5417,-1.5632,-1.582,-1.5866,-1.6015,-1.6015,-1.5909,-1.5694,0.5665,0.48114,-1.5479,-1.5265,-1.4864,-1.4629,-1.42,-1.377,-1.3341,-1.282,-1.2287,-1.1727,0.45621,-1.1082,-1.0438,-0.97939,-0.91336,-0.83107,-0.76104,-0.68274,-0.60873,-0.53442,-0.45641,0.41326,-0.37052,-0.3022,-0.2182,-0.13231,-0.050502,0.020007,0.1059,0.1918,0.2777,0.34952,0.37031,0.43001,0.51591,0.60122,0.66822,0.74954,0.82054,0.89786,0.96228,1.0267,1.0911,0.32736,1.1555,1.2014,1.2444,1.2873,1.3252,1.3467,1.3681,1.3786,1.3655,1.344,0.28441,1.3226,1.2821,1.2391,1.1962,1.1477,1.0908,1.0383,0.97387,0.90945,0.84503,0.24147,0.78061,0.71618,0.65176,0.58734,0.52292,0.46653,0.41355,0.34913,0.29873,0.25578,0.19852,0.21283,0.16989,0.12694,0.088519,0.06052,0.026093,0.004619,-0.016855,-0.038329,-0.059803,0.13814,-0.062773,-0.082251,-0.08527,-0.10173,-0.10173,-0.10173,-0.11273,-0.12121,-0.12121,-0.12121,0.093145,-0.12121,-0.12121,-0.12121,-0.12121,-0.12121,-0.1307,-0.14068,-0.14068,0.57999,0.030719,-0.016173,-0.074654,-0.12554,-0.18003,-0.23491,-0.2854,-0.34427,-0.40869,-0.47312,0.57999,-0.53754,-0.60639,-0.68586,-0.75028,-0.8147,-0.89154,-0.96303,-1.0274,-1.0919,-1.1554,0.59197,-1.2012,-1.2657,-1.3232,-1.3661,-1.42,-1.4715,-1.5144,-1.5574,-1.6003,-1.6238,0.59946,-1.6633,-1.6848,-1.7137,-1.7472,-1.7687,-1.7902,-1.8117,-1.8158,-1.7964,-1.773,0.59946,-1.7339,-1.7066,-1.6636,-1.6207,-1.5659,-1.5014,-1.4211,-1.3531,-1.2688,-1.1853,0.59946,-1.1165,-1.0242,-0.92524,-0.83934,-0.74108,-0.64807,-0.54582,-0.4568,-0.35055,-0.24606,0.0,2.0
-2.4245,-2.1161,-1.7652,-1.0829,-1.0644,-1.0519,-1.0395,-1.0272,-1.0149,-0.99732,-0.97882,-0.96515,-0.95281,-1.759,-0.94048,-0.92814,-0.9036,-0.87276,-0.85299,-0.84065,-0.82501,-0.80651,-0.78508,-0.76041,-1.7528,-0.73829,-0.71978,-0.70344,-0.69111,-0.67343,-0.64259,-0.61595,-0.60362,-0.58823,-0.55739,-1.7505,-0.52846,-0.51613,-0.50379,-0.49146,-0.47912,-0.46075,-0.44224,-0.4294,-0.41706,-0.40473,-1.7505,-0.39239,-0.37516,-0.35666,-0.34719,-0.34102,-0.33072,-0.31838,-0.30605,-0.29371,-0.28475,-1.7435,-0.27858,-0.27241,-0.26625,-0.26008,-0.25391,-0.24997,-0.24997,-0.24997,-0.24997,-0.24997,-1.7312,-0.24997,-0.25105,-0.25722,-0.26338,-0.26955,-0.2754,-0.2754,-0.2754,-0.28151,-0.28767,-1.7189,-0.29956,-0.3119,-0.31889,-0.32506,-0.34611,-0.37078,-0.3222,-0.24819,-0.21614,-0.20381,-1.7065,-0.19147,-0.17914,-0.1565,-0.12566,-0.10398,-0.091647,-0.076641,-0.058138,-0.032769,0.004237,-1.6915,0.035519,0.054022,0.072525,0.091027,0.11296,0.14997,0.18469,0.20319,0.22245,0.25329,-1.8078,-1.673,0.28413,0.29646,0.3088,0.32692,0.34542,0.37473,0.40557,0.42134,0.43368,0.44601,-1.6568,0.45835,0.4792,0.50387,0.52078,0.53312,0.54895,0.56745,0.57973,0.58589,0.5948,-1.6445,0.60713,0.61711,0.62328,0.62748,0.62748,0.62907,0.63523,0.64019,0.64019,0.64019,-1.6321,0.64019,0.64019,0.64019,0.64019,0.64019,0.64019,0.63434,0.62818,0.62201,0.61584,-1.6198,0.60967,0.60351,0.59263,0.5803,0.56364,0.54514,0.53452,0.52835,0.5115,0.48683,-1.6027,0.4717,0.46553,0.45377,0.43527,0.4216,0.41543,0.40723,0.39489,0.38586,0.38586,-1.5719,0.38586,0.38586,0.38586,0.38586,0.38586,0.38586,0.38612,0.39845,0.41079,0.41129,-1.5434,0.41129,0.42236,0.43469,0.44188,0.44805,0.46375,0.48225,0.49198,0.49815,0.51233,-1.5249,0.53083,0.54933,0.56784,0.5831,0.59543,0.61063,0.62913,0.64267,0.64884,0.65711,-1.5073,0.66944,0.68349,0.702,0.71916,0.7315,0.74479,0.76329,0.78065,0.78682,0.79317,-1.7887,-1.4949,0.80551,0.81784,0.83616,0.85466,0.86757,0.8799,0.88702,0.89319,0.90902,0.92752,-1.4826,0.94158,0.95391,0.97032,0.98882,0.99995,1.0061,1.0156,1.0279,1.0403,1.0526,-1.4703,1.0649,1.0773,1.0918,1.1103,1.1252,1.1314,1.1389,1.1513,1.1626,1.1688,-1.4577,1.1749,1.1811,1.1873,1.1934,1.1996,1.1997,1.1997,1.2054,1.2116,1.2124,-1.4269,1.2124,1.2124,1.2124,1.2124,1.2124,1.2124,1.2124,1.2124,1.2124,1.2124,-1.3961,1.2124,1.2124,1.2124,1.2124,1.2124,1.2124,1.2124,1.2124,1.2124,1.2139,-1.3828,1.2201,1.2262,1.2324,1.2386,1.2447,1.2509,1.2571,1.2632,1.2816,1.3001,-1.3704,1.3129,1.3252,1.3483,1.3729,1.3926,1.4111,1.4251,1.4374,1.4581,1.4828,-1.3417,1.496,1.5022,1.5152,1.5337,1.5461,1.5523,1.5585,1.5646,1.5708,1.577,-1.3109,1.5831,1.5893,1.5939,1.5939,1.5939,1.5939,1.5939,1.5939,-1.7887,-1.2902,-1.2717,-1.2579,-1.2456,-1.2202,-1.1894,-1.1704,-1.1581,-1.1457,-1.1334,-1.7833,-1.1179,-1.0994,-1.0837,-1.0713,-1.0614,-1.0552,-1.047,-1.0347,-1.024,-1.0179,-1.7771,-1.013,-1.013,-1.013,-1.013,-1.0135,-1.0196,-1.0258,-1.032,-1.0381,-1.0443,-1.776,-1.0505,-1.0566,-1.0628,-1.0741,-1.0865,-1.094,-1.1002,-1.1064,-1.1125,-1.1227,-1.776,-1.135,-1.1438,-1.1499,-1.1528,-1.1528,-1.1557,-1.1619,-1.1656,-1.1656,-1.1656,-1.7713,-1.1656,-1.1638,-1.1577,-1.1515,-1.1453,-1.1382,-1.1259,-1.1141,-1.108,-1.1014,5.0,2.0
1.9256,1.8382,1.733,-0.3198,-0.32957,-0.34823,-0.35519,-0.35215,-0.34428,-0.39568,-0.40545,-0.41522,-0.42499,1.7193,-0.43477,-0.44454,-0.46156,-0.47271,-0.49201,-0.51155,-0.5279,-0.54201,-0.56155,-0.58772,1.7048,-0.60927,-0.62881,-0.64977,-0.67652,-0.69977,-0.72423,-0.74977,-0.77909,-0.80012,-0.82829,1.6888,-0.84977,-0.876,-0.89554,-0.91509,-0.93463,-0.96183,-0.98234,-1.0019,-1.0214,-1.041,1.6693,-1.0605,-1.0801,-1.0926,-1.1105,-1.1301,-1.1478,-1.1605,-1.1801,-1.1943,-1.2105,1.6498,-1.2225,-1.2323,-1.242,-1.2518,-1.2616,-1.2667,-1.2725,-1.2823,-1.284,-1.2932,1.6302,-1.3012,-1.3041,-1.3099,-1.315,-1.3185,-1.3259,-1.3271,-1.3368,-1.3466,-1.3564,1.6107,-1.3662,-1.3759,-1.3925,-1.4041,-1.4052,-1.4134,-1.4162,-1.4181,-1.4083,-1.3986,1.5911,-1.3961,-1.3877,-1.3789,-1.3789,-1.3756,-1.3703,-1.3703,-1.3703,-1.3624,-1.3613,1.5716,-1.353,-1.3503,-1.3444,-1.3394,-1.3297,-1.3199,-1.3101,-1.3012,-1.2972,-1.2808,1.8284,1.552,-1.271,-1.2613,-1.2515,-1.234,-1.2233,-1.2121,-1.1951,-1.1817,-1.167,-1.1512,1.5257,-1.1388,-1.1208,-1.1099,-1.0922,-1.0794,-1.0599,-1.0457,-1.0294,-1.0099,-0.99895,1.5043,-0.97941,-0.9623,-0.94895,-0.93413,-0.91849,-0.90596,-0.88804,-0.87712,-0.85758,-0.84099,1.4848,-0.82712,-0.81282,-0.79667,-0.77712,-0.76625,-0.7553,-0.73808,-0.72831,-0.71392,-0.70014,1.4637,-0.69037,-0.6806,-0.6622,-0.65072,-0.63403,-0.62027,-0.60586,-0.59609,-0.58632,-0.56798,1.4371,-0.55815,-0.5506,-0.54723,-0.53746,-0.52769,-0.51792,-0.51608,-0.507,-0.49723,-0.4902,1.4137,-0.48632,-0.47655,-0.47294,-0.46563,-0.46432,-0.46335,-0.45569,-0.45243,-0.44706,-0.44152,1.3894,-0.43175,-0.4298,-0.42083,-0.41106,-0.40129,-0.39152,-0.38175,-0.37198,-0.3622,-0.34409,1.3698,-0.33403,-0.32025,-0.29724,-0.28746,-0.27226,-0.25929,-0.2418,-0.23112,-0.21997,-0.20295,1.343,-0.19318,-0.1786,-0.16501,-0.15524,-0.13723,-0.12707,-0.1154,-0.0989,-0.084944,-0.065402,1.8187,1.3137,-0.05233,-0.034945,-0.015402,0.002867,0.015054,0.031038,0.045511,0.059208,0.075968,0.09551,1.293,0.10642,0.12418,0.13688,0.15642,0.17075,0.18688,0.20642,0.21734,0.23572,0.24779,1.2658,0.26389,0.27366,0.28343,0.2932,0.30297,0.31274,0.32251,0.33228,0.34205,0.35183,1.243,0.3616,0.37137,0.38114,0.4006,0.41794,0.4344,0.45922,0.47877,0.50508,0.53439,1.2181,0.55508,0.58439,0.61371,0.64302,0.67233,0.70165,0.73096,0.76027,0.78864,0.81027,1.193,0.83959,0.8689,0.89821,0.92086,0.94821,0.9772,0.99821,1.0275,1.0531,1.0775,1.1637,1.1068,1.129,1.1568,1.1862,1.2135,1.2362,1.2655,1.2948,1.3241,1.3534,1.1422,1.3827,1.4107,1.4327,1.462,1.4866,1.512,1.5343,1.562,1.582,1.6015,1.1137,1.6211,1.6406,1.6655,1.6883,1.7079,1.7188,1.7383,1.7579,1.7774,1.7969,1.0858,1.8107,1.8274,1.8469,1.8572,1.8688,1.8854,1.8952,1.9049,1.8089,1.0637,1.0344,1.0051,0.98178,0.95507,0.92576,0.90507,0.87772,0.85818,0.83439,1.7991,0.81047,0.78439,0.75508,0.73439,0.70508,0.67576,0.64645,0.61714,0.59373,0.56714,1.7894,0.53782,0.50922,0.48782,0.46151,0.44197,0.42242,0.40288,0.39091,0.38114,0.37137,1.7716,0.3616,0.34479,0.3248,0.30342,0.26716,0.25235,0.21488,0.18104,0.16259,0.13561,1.7612,0.11031,0.083863,0.049394,0.036128,0.009101,-0.002935,-0.032702,-0.067904,-0.10453,-0.12603,1.7498,-0.16773,-0.18158,-0.2141,-0.22245,-0.24391,-0.24862,-0.25483,-0.25724,-0.26574,-0.2948,1.0,2.0
-1.9056,-1.8509,-1.5888,-0.7203,-0.74218,-0.76406,-0.78595,-0.80783,-0.82971,-0.86026,-0.88487,-0.90676,-0.92864,-1.5623,-0.95052,-0.9724,-0.99429,-1.0162,-1.033,-1.044,-1.0631,-1.0887,-1.0964,-1.0964,-1.5404,-1.0964,-1.0946,-1.085,-1.0841,-1.0727,-1.0508,-1.0399,-1.0289,-1.008,-0.99565,-1.5131,-0.9756,-0.95371,-0.92362,-0.89855,-0.86937,-0.83655,-0.80372,-0.7709,-0.73808,-0.67516,-1.4853,-0.59949,-0.55982,-0.527,-0.49418,-0.45862,-0.41713,-0.38613,-0.36288,-0.33005,-0.29769,-1.468,-0.2758,-0.24298,-0.22064,-0.18873,-0.16548,-0.1436,-0.12171,-0.091624,-0.0743,-0.056064,-1.4529,-0.034181,-0.012299,0.003657,0.014599,0.030555,0.047879,0.054717,0.058364,0.069306,0.077512,-1.4347,0.077512,0.077512,0.077512,0.0766,0.066114,0.066114,0.055173,0.044232,0.03329,0.022349,-1.4237,0.011408,0.000466,-0.018681,-0.032814,-0.051049,-0.072932,-0.094815,-0.1167,-0.13858,-0.16046,-1.4128,-0.18235,-0.20423,-0.22611,-0.24799,-0.26988,-0.29176,-0.31364,-0.33416,-0.34875,-0.40163,-1.8172,-1.4019,-0.41257,-0.41257,-0.41257,-0.41257,-0.41257,-0.40345,-0.40117,-0.39297,-0.38203,-0.37108,-1.3946,-0.36014,-0.34282,-0.32686,-0.31045,-0.28857,-0.26213,-0.23341,-0.20788,-0.17824,-0.15362,-1.4055,-0.1208,-0.075212,0.024628,0.057453,0.090733,0.1345,0.16732,0.20015,0.23297,0.26579,-1.4164,0.29862,0.33144,0.35606,0.38569,0.41122,0.43311,0.45499,0.47687,0.49875,0.51562,-1.4269,0.53112,0.5489,0.55984,0.57079,0.58173,0.59267,0.60179,0.60315,0.61318,0.61364,-1.4269,0.62458,0.62458,0.62458,0.63461,0.63598,0.63598,0.62732,0.62458,0.62458,0.62458,-1.4269,0.61774,0.6068,0.59586,0.58492,0.57398,0.56304,0.54799,0.52611,0.50742,0.49374,-1.4269,0.47186,0.44997,0.42809,0.40621,0.38433,0.36244,0.3515,0.33008,0.30819,0.29588,-1.4269,0.27582,0.2626,0.25166,0.24847,0.24118,0.23707,0.23707,0.23707,0.24254,0.25349,-1.4269,0.26443,0.27537,0.28631,0.30044,0.31959,0.33281,0.35287,0.36518,0.38706,0.40894,-1.7944,-1.4269,0.43083,0.45271,0.47459,0.49648,0.62367,0.66561,0.69616,0.72898,0.7618,0.78733,-1.4269,0.81605,0.84888,0.87578,0.90313,0.93094,0.95738,0.9861,1.0116,1.0413,1.0631,-1.4187,1.085,1.1069,1.1288,1.1507,1.1721,1.183,1.2049,1.2163,1.2373,1.2496,-1.4155,1.2605,1.2715,1.2742,1.282,1.2856,1.2925,1.297,1.297,1.297,1.292,-1.4082,1.2856,1.2856,1.282,1.2742,1.2715,1.2605,1.2514,1.2501,1.2391,1.2286,-1.4041,1.2286,1.2177,1.2487,1.2615,1.2724,1.2833,1.2943,1.3134,1.3276,1.3458,-1.3978,1.3677,1.3896,1.4114,1.4333,1.4552,1.4771,1.5031,1.5323,1.5541,1.5788,-1.3868,1.6093,1.6312,1.6544,1.6864,1.7082,1.7301,1.752,1.7739,1.7958,1.8176,-1.3759,1.8395,1.8614,1.8833,1.9052,1.9198,1.9375,1.9594,1.9754,1.9918,2.0087,-1.3649,2.0196,2.0305,2.0415,2.0524,2.0634,2.0743,2.0853,2.0935,-1.7629,-1.354,-1.343,-1.3321,-1.318,-1.2988,-1.2879,-1.2751,-1.2532,-1.2323,-1.2209,-1.7392,-1.199,-1.1771,-1.1552,-1.1333,-1.1019,-1.0782,-1.0563,-1.0344,-1.0125,-0.99064,-1.7087,-0.96876,-0.94687,-0.92499,-0.90311,-0.88123,-0.85934,-0.83746,-0.81558,-0.7937,-0.77455,-1.6758,-0.76133,-0.74127,-0.73033,-0.71847,-0.69705,-0.68611,-0.67516,-0.66422,-0.65328,-0.64234,-1.6508,-0.6314,-0.62912,-0.62091,-0.61772,-0.61043,-0.60632,-0.60632,-0.60632,-0.60632,-0.60632,-1.6216,-0.60632,-0.61043,-0.61772,-0.62091,-0.63185,-0.6428,-0.65374,-0.66605,-0.68702,-0.69841,5.0,2.0
0.69186,0.65504,0.63663,1.4329,1.5211,1.6094,1.6976,1.7858,1.8605,1.9377,1.9965,2.0456,2.0934,0.63663,2.1228,2.1523,2.1817,2.1927,2.1994,2.17,2.1406,2.1112,2.0541,2.0137,0.6335,1.942,1.8776,1.8023,1.7325,1.6443,1.5687,1.4862,1.398,1.3097,1.2031,0.61822,1.1149,1.0216,0.91997,0.83174,0.72509,0.63686,0.54863,0.46039,0.37216,0.28489,0.6115,0.2141,0.12587,0.037633,-0.042454,-0.12042,-0.20866,-0.29689,-0.3698,-0.45495,-0.54318,0.59981,-0.61991,-0.70124,-0.77438,-0.8593,-0.92912,-1.0061,-1.0649,-1.1237,-1.1825,-1.2413,0.5895,-1.2818,-1.3186,-1.348,-1.3774,-1.4068,-1.4362,-1.4656,-1.495,-1.5174,-1.5354,0.56299,-1.5069,-1.4806,-1.4664,-1.437,-1.4076,-1.3782,-1.3643,-1.3194,-1.29,-1.243,0.54909,-1.2127,-1.1649,-1.1218,-1.0814,-1.0226,-0.98214,-0.92332,-0.8645,-0.80568,-0.74685,0.51968,-0.66962,-0.6108,-0.55197,-0.49315,-0.41748,-0.3571,-0.27986,-0.22104,-0.1566,-0.084983,0.65504,0.50775,-0.02616,0.032662,0.091485,0.15031,0.20913,0.24954,0.30837,0.36719,0.4076,0.46642,0.47926,0.50683,0.56432,0.60607,0.65997,0.7053,0.74572,0.78613,0.83284,0.88067,0.91008,0.44985,0.9579,0.98819,1.0351,1.0645,1.094,1.1234,1.1528,1.1822,1.2031,1.1737,0.42044,1.1443,1.1145,1.0671,1.0193,0.97484,0.91602,0.85701,0.77996,0.70273,0.62913,0.39103,0.54089,0.47102,0.38284,0.2946,0.20637,0.11813,0.029901,-0.047609,-0.14325,-0.2307,0.36162,-0.31613,-0.41076,-0.4995,-0.58465,-0.65756,-0.74579,-0.83403,-0.92226,-1.0105,-1.0849,0.3138,-1.1686,-1.2393,-1.3166,-1.3754,-1.4342,-1.493,-1.5519,-1.5923,-1.6303,-1.6731,0.26353,-1.7075,-1.7369,-1.7104,-1.6788,-1.6332,-1.598,-1.5392,-1.4988,-1.438,-1.3627,0.20471,-1.3039,-1.2285,-1.1587,-1.0889,-1.0006,-0.91241,-0.82418,-0.73594,-0.64771,-0.55948,0.14589,-0.45283,-0.3646,-0.25795,-0.16848,-0.063074,0.029993,0.1318,0.23845,0.32668,0.42693,0.65504,0.087066,0.52156,0.6098,0.67962,0.76707,0.83768,0.90313,0.97732,1.0392,1.1164,1.1752,0.018624,1.2341,1.2929,1.3517,1.4105,1.4694,1.5098,1.5537,1.6015,1.6309,1.6603,-0.051199,1.664,1.6345,1.6051,1.5757,1.517,1.4766,1.4034,1.3406,1.2637,1.1939,-0.12622,1.1241,1.05,0.966,0.87777,0.78953,0.7013,0.61306,0.52483,0.4366,0.34836,-0.20346,0.26013,0.17189,0.10207,0.03119,-0.027633,-0.086456,-0.14528,-0.18569,-0.24451,-0.27521,-0.26228,-0.32304,-0.40565,-0.44961,-0.44961,-0.44961,-0.44961,-0.44961,-0.44961,-0.44961,-0.44961,-0.33951,-0.44961,-0.44961,-0.44961,-0.44961,-0.44059,-0.4312,-0.4312,-0.41279,-0.41279,-0.404,-0.40032,-0.39438,-0.39438,-0.37597,-0.37597,-0.35756,-0.35756,-0.3454,-0.33914,-0.33914,-0.32073,-0.47557,-0.32073,-0.32073,-0.30232,-0.30232,-0.29422,-0.28391,-0.28391,-0.28391,-0.28391,-0.28391,-0.53996,-0.28391,-0.28391,-0.28391,-0.28391,-0.27627,-0.2655,-0.25427,-0.24709,0.65504,-0.61163,-0.69802,-0.76784,-0.84333,-0.92056,-0.97938,-1.0382,-1.097,-1.1433,-1.1912,0.65504,-1.2206,-1.2684,-1.2978,-1.3272,-1.375,-1.4044,-1.4339,-1.4633,-1.4806,-1.4576,0.65504,-1.4281,-1.3987,-1.3693,-1.3399,-1.3105,-1.2811,-1.2333,-1.1854,-1.1444,-1.104,0.65504,-1.0452,-1.0048,-0.94597,-0.88714,-0.82832,-0.75454,-0.69227,-0.61503,-0.54507,-0.47525,0.65504,-0.38701,-0.31719,-0.22896,-0.15913,-0.070899,0.017335,0.087159,0.17539,0.28204,0.37027,0.64809,0.45851,0.56515,0.65338,0.76003,0.8513,0.95491,1.0498,1.1498,1.238,1.3291,0.0,2.0
-2.4041,-1.9713,-1.5874,-0.88701,-0.88701,-0.88701,-0.88701,-0.89145,-0.90009,-0.90512,-0.91316,-0.91879,-0.92624,-1.5574,-0.93245,-0.93932,-0.94612,-0.9524,-0.9524,-0.9524,-0.96038,-0.96548,-0.96548,-0.97434,-1.5243,-0.97856,-0.97856,-0.9883,-1.0017,-1.0047,-1.0153,-1.0178,-1.029,-1.0309,-1.0427,-1.5071,-1.0439,-1.0439,-1.0313,-1.0309,-1.0176,-1.0042,-0.99085,-0.97748,-0.96273,-0.93765,-1.4845,-0.92232,-0.89783,-0.88191,-0.85516,-0.82842,-0.80167,-0.7712,-0.70293,-0.60373,-0.57237,-1.4711,-0.53225,-0.49733,-0.4651,-0.42498,-0.38486,-0.35112,-0.3177,-0.27758,-0.23746,-0.2049,-1.4578,-0.17031,-0.13833,-0.11158,-0.076109,-0.045015,-0.018269,0.008476,0.035222,0.051766,0.075634,-1.4444,0.10238,0.11804,0.14279,0.15787,0.17124,0.17235,0.1849,0.17258,0.17235,0.17199,-1.431,0.15862,0.14524,0.13187,0.1185,0.1033,0.078675,0.065302,0.051929,0.038557,0.025184,-1.4232,0.008215,-0.01464,-0.028013,-0.041385,-0.059532,-0.081209,-0.094582,-0.10795,-0.12133,-0.1347,-1.9184,-1.4232,-0.14153,-0.14837,-0.16174,-0.16769,-0.17541,-0.18077,-0.18077,-0.18937,-0.19385,-0.20304,-1.4294,-0.23537,-0.24616,-0.23609,-0.22272,-0.22,-0.20905,-0.19568,-0.18231,-0.1571,-0.14248,-1.4363,-0.12911,-0.10302,-0.089285,-0.062834,-0.048938,-0.022193,0.003441,0.028061,0.13651,0.16326,-1.4363,0.19001,0.21675,0.24637,0.28332,0.31007,0.33681,0.36356,0.39465,0.43013,0.45687,-1.4434,0.48362,0.51036,0.53711,0.55774,0.57752,0.59756,0.61094,0.62431,0.64527,0.66413,-1.4494,0.67751,0.69088,0.70425,0.71762,0.731,0.75401,0.77082,0.78419,0.79757,0.81094,-1.457,0.82431,0.83768,0.85106,0.86443,0.8778,0.87859,0.89147,0.89167,0.89167,0.89167,-1.4704,0.89068,0.87859,0.87859,0.87672,0.86551,0.86306,0.84968,0.83631,0.82294,0.80957,-1.4755,0.79227,0.76974,0.75637,0.73819,0.71654,0.69778,0.67103,0.64429,0.62382,0.60387,-1.467,0.57713,0.54322,0.51056,0.48381,0.45707,0.43866,0.42529,0.40299,0.39468,0.39468,-1.8774,-1.4625,0.39468,0.39468,0.39468,0.40538,0.41875,0.42084,0.43241,0.45766,0.47224,0.48561,-1.4625,0.49898,0.51236,0.53881,0.55218,0.5664,0.59429,0.63153,0.64664,0.68352,0.76552,-1.453,0.79227,0.81901,0.84576,0.876,0.91233,0.93907,0.9702,1.0056,1.0324,1.0644,-1.4494,1.099,1.1316,1.1655,1.1923,1.219,1.2528,1.2783,1.2993,1.3181,1.3315,-1.4394,1.3448,1.3582,1.3716,1.3756,1.3852,1.3886,1.3886,1.3886,1.3886,1.3886,-1.4363,1.3886,1.3769,1.3756,1.3632,1.3625,1.3496,1.3493,1.3363,1.3363,1.3363,-1.4257,1.3363,1.3363,1.3363,1.3385,1.3519,1.3653,1.3786,1.392,1.409,1.4318,-1.4123,1.4537,1.4893,1.516,1.5479,1.5826,1.6151,1.6492,1.6759,1.6961,1.7094,-1.399,1.7228,1.7362,1.7495,1.7629,1.7763,1.7897,1.803,1.8164,1.8298,1.8432,-1.3856,1.8565,1.8595,1.8702,1.8836,1.8969,1.9103,1.9237,1.9371,-1.8239,-1.3722,-1.3468,-1.3324,-1.319,-1.2927,-1.279,-1.2527,-1.2386,-1.2119,-1.1851,-1.7719,-1.1584,-1.1316,-1.1027,-1.0651,-1.0355,-0.9985,-0.96835,-0.93193,-0.90519,-0.87844,-1.7318,-0.85169,-0.82495,-0.7982,-0.77146,-0.74471,-0.72402,-0.7043,-0.68419,-0.66389,-0.64437,-1.6917,-0.63852,-0.6307,-0.62544,-0.61703,-0.61236,-0.61236,-0.61236,-0.62194,-0.62544,-0.63561,-1.6516,-0.63852,-0.64927,-0.66265,-0.67602,-0.70103,-0.71584,-0.72921,-0.75511,-0.76904,-0.78244,-1.6141,-0.80886,-0.82224,-0.83561,-0.84898,-0.86085,-0.86265,-0.87393,-0.87393,-0.87661,-0.88701,5.0,2.0
1.0184,0.98033,0.94226,1.2753,1.3486,1.3961,1.4375,1.4789,1.5203,1.5617,1.6031,1.6445,1.6859,0.94226,1.6797,1.6383,1.5969,1.5555,1.5141,1.4704,1.3933,1.3429,1.2601,1.1773,0.94226,1.0755,0.97367,0.89088,0.77908,0.68726,0.60447,0.48363,0.40085,0.31806,0.22434,0.94226,0.11444,0.014049,-0.11012,-0.21004,-0.32041,-0.41366,-0.49645,-0.54164,-0.6211,-0.66249,0.94226,-0.71339,-0.78333,-0.8409,-0.90417,-0.9684,-1.025,-1.0664,-1.1078,-1.1492,-1.2286,0.94226,-1.27,-1.3033,-1.3148,-1.3562,-1.3975,-1.4389,-1.4803,-1.5217,-1.5631,-1.5698,0.92704,-1.6078,-1.6045,-1.5631,-1.5217,-1.4803,-1.4389,-1.3975,-1.3562,-1.2881,-1.2053,0.9042,-1.1226,-1.0398,-0.95698,-0.8742,-0.79142,-0.70864,-0.62585,-0.52452,-0.42223,-0.33944,0.9042,-0.25666,-0.142,-0.053033,0.030225,0.15059,0.23338,0.31616,0.39894,0.48173,0.54405,0.9042,0.60923,0.69201,0.74435,0.81952,0.9023,0.94702,1.0241,1.0745,1.1449,1.202,0.98033,0.9042,1.2658,1.3072,1.3486,1.39,1.4313,1.4371,1.4761,1.5089,1.4675,1.4371,0.9042,1.4085,1.3433,1.281,1.1982,1.1154,1.0327,0.91562,0.82903,0.7434,0.62541,0.9042,0.54262,0.44699,0.339,0.23671,0.13537,0.026419,-0.068258,-0.18387,-0.27188,-0.35467,0.86614,-0.43745,-0.52023,-0.60302,-0.6858,-0.76858,-0.85137,-0.93415,-1.0169,-1.0997,-1.1825,0.86614,-1.2653,-1.3447,-1.3928,-1.4656,-1.5203,-1.5864,-1.6478,-1.7073,-1.7753,-1.8281,0.86614,-1.8695,-1.9475,-1.9903,-2.0317,-2.0731,-2.1026,-2.0874,-2.046,-2.0046,-1.9632,0.86614,-1.9218,-1.8486,-1.801,-1.7215,-1.6763,-1.5936,-1.5108,-1.428,-1.3281,-1.2244,0.87994,-1.1416,-1.0588,-0.94557,-0.85517,-0.77239,-0.68961,-0.60682,-0.515,-0.41557,-0.34277,0.88708,-0.23763,-0.15485,-0.072064,0.010719,0.093502,0.17628,0.22101,0.30379,0.38657,0.45841,0.86614,0.51408,0.59686,0.65871,0.72436,0.80715,0.85901,0.93465,0.97985,1.0241,1.1007,0.97033,0.84235,1.1421,1.1835,1.2249,1.2663,1.3077,1.349,1.3904,1.4318,1.4371,1.4765,0.80096,1.5179,1.5593,1.6007,1.6274,1.6093,1.5679,1.5265,1.4851,1.4437,1.4023,0.75957,1.3229,1.2815,1.2334,1.1606,1.1192,1.0612,0.97842,0.91895,0.85092,0.76814,0.71818,0.71866,0.64063,0.59591,0.51836,0.4684,0.39752,0.35612,0.31473,0.25146,0.19389,0.67679,0.1525,0.11111,0.069714,0.028322,-0.013069,-0.054461,-0.095852,-0.13724,-0.17863,-0.19957,0.6354,-0.22336,-0.26475,-0.27569,-0.30947,-0.31375,-0.35181,-0.35752,-0.38987,-0.38987,-0.40557,0.5883,-0.42794,-0.42794,-0.42794,-0.42794,-0.46029,-0.466,-0.46695,-0.50406,-0.50406,-0.515,0.51455,-0.54212,-0.54212,-0.56305,-0.58018,-0.60777,-0.61824,-0.61824,-0.65583,-0.6563,-0.66249,0.46079,-0.69436,-0.70721,-0.73242,-0.75193,-0.77049,-0.79665,-0.80855,-0.80855,-0.8447,-0.84661,0.37801,-0.84661,-0.8547,-0.88467,-0.88467,-0.88467,-0.88467,-0.90941,-0.9508,0.94226,0.29523,0.2348,0.16772,0.084938,0.002155,-0.080628,-0.16341,-0.24619,-0.32898,-0.40082,0.94226,-0.45648,-0.52166,-0.56305,-0.60444,-0.67343,-0.72529,-0.76668,-0.80807,-0.84946,-0.89085,0.94226,-0.94176,-1.0117,-1.0531,-1.0945,-1.1359,-1.1249,-1.0835,-1.0421,-1.0008,-0.95936,0.94226,-0.91797,-0.87658,-0.82377,-0.75574,-0.69627,-0.63489,-0.56876,-0.48598,-0.4032,-0.32041,0.94226,-0.23763,-0.15485,-0.072064,0.010719,0.080181,0.13822,0.22101,0.30379,0.38657,0.46936,0.94226,0.55214,0.63492,0.7177,0.80049,0.87471,0.92799,1.0108,1.0936,1.1763,1.2339,0.0,2.0
0.2701,0.2046,0.13074,0.92047,1.0078,1.0951,1.1634,1.2466,1.3177,1.3832,1.4352,1.4909,1.5351,0.12284,1.5662,1.602,1.6238,1.6405,1.6405,1.6405,1.6396,1.6178,1.5959,1.5541,0.10751,1.5104,1.4668,1.4231,1.365,1.2995,1.2224,1.1351,1.0478,0.96042,0.87309,0.10751,0.78575,0.69841,0.61108,0.52374,0.43641,0.32817,0.23851,0.13306,0.023889,-0.06995,0.10379,-0.17122,-0.26785,-0.36633,-0.46575,-0.55308,-0.64042,-0.72218,-0.79186,-0.87641,-0.94191,0.084281,-1.0074,-1.0947,-1.1616,-1.2271,-1.2926,-1.3581,-1.4236,-1.4757,-1.5193,-1.563,0.083352,-1.5974,-1.6192,-1.6411,-1.6629,-1.681,-1.6833,-1.7042,-1.7042,-1.6829,-1.661,0.061518,-1.6206,-1.5941,-1.5407,-1.4896,-1.4329,-1.3674,-1.3019,-1.2364,-1.1709,-1.0994,0.061053,-1.0167,-0.94795,-0.86247,-0.7965,-0.70917,-0.62183,-0.5345,-0.44716,-0.35983,-0.25716,0.061053,-0.16193,-0.074595,0.023889,0.1233,0.21064,0.29797,0.38531,0.47264,0.55998,0.64592,0.20042,0.061053,0.71142,0.79876,0.86565,0.93115,0.99666,1.0622,1.1277,1.1932,1.2466,1.3009,0.061053,1.3571,1.4008,1.4445,1.4881,1.5281,1.5523,1.595,1.6168,1.6173,1.6373,0.045259,1.6591,1.6637,1.648,1.6405,1.6275,1.6057,1.5838,1.5532,1.5095,1.4658,0.037826,1.4222,1.3753,1.3098,1.2443,1.1788,1.1133,1.0282,0.94091,0.85357,0.76624,0.037826,0.6789,0.57903,0.48101,0.38391,0.27475,0.16558,0.056408,-0.052761,-0.15914,-0.24787,0.037826,-0.35704,-0.46621,-0.55494,-0.64227,-0.72961,-0.81694,-0.90428,-0.99162,-1.0669,-1.1324,0.037826,-1.2072,-1.2866,-1.3456,-1.3944,-1.4562,-1.4998,-1.5435,-1.5872,-1.6308,-1.6745,0.037826,-1.7182,-1.7446,-1.7665,-1.7883,-1.8102,-1.8088,-1.7869,-1.7651,-1.7433,-1.7154,0.030393,-1.6764,-1.6513,-1.6076,-1.5639,-1.5203,-1.4766,-1.4329,-1.3893,-1.3289,-1.2634,0.014598,-1.1979,-1.1324,-1.0557,-0.97814,-0.90428,-0.81694,-0.72961,-0.64227,-0.55494,-0.4676,0.18137,0.014598,-0.38027,-0.31477,-0.22883,-0.16054,-0.077382,-0.006306,0.074061,0.14792,0.21343,0.28961,0.014598,0.36766,0.43316,0.50516,0.58739,0.65289,0.71839,0.78389,0.84939,0.89353,0.95717,0.014598,1.0227,1.071,1.1304,1.1815,1.2252,1.2689,1.3023,1.333,1.3692,1.3911,0.014598,1.4129,1.4347,1.4547,1.4552,1.477,1.4779,1.4974,1.483,1.4612,1.424,0.014598,1.3804,1.3367,1.293,1.2396,1.1741,1.1086,1.0431,0.97343,0.89167,0.84661,0.014598,0.7811,0.7156,0.6501,0.60365,0.54233,0.49308,0.43455,0.38252,0.32678,0.27196,0.014598,0.22829,0.18462,0.14096,0.097288,0.057337,0.035503,0.013669,-0.008165,-0.029998,-0.031857,0.014598,-0.050439,-0.072272,-0.094106,-0.10154,-0.10154,-0.11315,-0.12477,-0.12477,-0.12477,-0.12477,0.014598,-0.12477,-0.12477,-0.12291,-0.10154,-0.10154,-0.10154,-0.10154,-0.10154,-0.10154,-0.10154,-0.000732,-0.10154,-0.10154,-0.10154,-0.10154,-0.10154,-0.10154,-0.10154,-0.10572,0.17719,-0.022566,-0.044399,-0.066233,-0.097823,-0.14149,-0.18516,-0.22883,-0.27249,-0.31895,-0.38306,0.17719,-0.42672,-0.47039,-0.5345,-0.58095,-0.64227,-0.69152,-0.75005,-0.81555,-0.86897,-0.92333,0.16232,-0.98883,-1.0464,-1.0901,-1.1389,-1.1969,-1.2211,-1.2638,-1.2857,-1.3075,-1.3293,0.15396,-1.3326,-1.3154,-1.2936,-1.2717,-1.2369,-1.1932,-1.1496,-1.1059,-1.0548,-0.98929,0.15396,-0.91915,-0.83506,-0.7677,-0.68037,-0.59303,-0.5057,-0.41836,-0.33103,-0.22697,-0.1178,0.14328,-0.022566,0.077312,0.18648,0.28589,0.38159,0.48379,0.57113,0.66264,0.76624,0.83313,0.0,2.0
-2.3078,-2.0606,-1.6319,-0.77278,-0.76591,-0.75932,-0.75932,-0.75878,-0.75191,-0.74585,-0.74585,-0.74477,-0.73791,-1.6181,-0.73238,-0.73238,-0.73238,-0.73238,-0.7305,-0.72363,-0.71892,-0.71892,-0.7165,-0.70963,-1.6044,-0.70545,-0.70545,-0.70249,-0.69562,-0.68876,-0.68189,-0.67502,-0.66816,-0.65752,-0.64378,-1.5907,-0.63005,-0.61631,-0.60258,-0.58885,-0.57969,-0.57282,-0.56111,-0.54737,-0.53364,-0.5199,-1.5788,-0.51155,-0.50469,-0.49782,-0.49095,-0.48409,-0.47722,-0.47035,-0.46348,-0.46308,-0.46308,-1.5719,-0.45635,-0.44948,-0.44261,-0.43575,-0.42888,-0.42201,-0.41514,-0.40733,-0.3936,-0.38108,-1.5651,-0.37421,-0.36586,-0.35213,-0.33664,-0.31604,-0.29746,-0.28372,-0.2677,-0.2471,-0.22905,-1.5582,-0.21532,-0.19876,-0.17816,-0.16065,-0.14692,-0.12982,-0.10921,-0.092247,-0.078513,-0.064778,-1.5538,-0.051043,-0.037309,-0.023574,-0.00984,0.003895,0.012916,0.019784,0.031633,0.045368,0.053851,-1.5538,0.060718,0.067585,0.074453,0.08711,0.10084,0.10852,0.11539,0.12225,0.12912,0.13599,-1.822,-1.5538,0.14286,0.14972,0.15659,0.16346,0.17033,0.17719,0.18406,0.19093,0.19887,0.21261,-1.5538,0.22499,0.23186,0.24034,0.25408,0.26593,0.2728,0.28182,0.29555,0.30686,0.31373,-1.5538,0.3206,0.32746,0.33433,0.3412,0.34807,0.35493,0.3618,0.36867,0.37554,0.3824,-1.5538,0.38927,0.39614,0.403,0.40987,0.41674,0.42361,0.43047,0.43734,0.44421,0.45108,-1.5505,0.46333,0.47706,0.48514,0.49201,0.49888,0.50574,0.51261,0.51948,0.52635,0.53321,-1.5437,0.54008,0.54695,0.55382,0.56068,0.56755,0.57442,0.58128,0.58909,0.60283,0.61535,-1.5403,0.62222,0.63057,0.6443,0.65629,0.66315,0.67204,0.68577,0.69951,0.71324,0.72442,-1.5403,0.73129,0.74098,0.75472,0.76535,0.77222,0.78246,0.79619,0.80629,0.81316,0.82393,-1.5403,0.83766,0.84722,0.85409,0.86096,0.86783,0.87469,0.88156,0.89341,0.90714,0.91563,-1.5403,0.92249,0.92936,0.93623,0.9431,0.94996,0.95683,0.9637,0.97689,0.99063,0.99776,-1.7945,-1.5363,1.0046,1.0115,1.0184,1.0252,1.0321,1.039,1.0458,1.0527,1.0585,1.0585,-1.5294,1.0585,1.0585,1.0585,1.0585,1.0585,1.0585,1.0585,1.0585,1.0585,1.0585,-1.5225,1.0612,1.0681,1.072,1.072,1.072,1.072,1.072,1.072,1.072,1.072,-1.5157,1.076,1.0829,1.0854,1.0854,1.09,1.0969,1.0989,1.0989,1.0989,1.0989,-1.5088,1.1043,1.1111,1.1124,1.1124,1.1124,1.1124,1.1185,1.1254,1.1258,1.1258,-1.5019,1.1258,1.126,1.1328,1.1397,1.1466,1.1534,1.1603,1.1672,1.174,1.1809,-1.4951,1.1878,1.1946,1.2015,1.2084,1.2152,1.2241,1.2378,1.2516,1.2653,1.2816,-1.4882,1.3022,1.32,1.3337,1.3475,1.3612,1.3749,1.3887,1.4024,1.4161,1.4299,-1.4813,1.4436,1.4573,1.4711,1.4848,1.4985,1.5076,1.5144,1.5213,1.5282,1.535,-1.4745,1.5419,1.5432,1.5432,1.5432,1.5432,1.5432,1.5432,1.5369,-1.7671,-1.4676,-1.4607,-1.4482,-1.4345,-1.4267,-1.4198,-1.4129,-1.4061,-1.3992,-1.3923,-1.7396,-1.3854,-1.3786,-1.3717,-1.3648,-1.358,-1.3511,-1.3442,-1.3374,-1.3305,-1.3236,-1.7121,-1.3168,-1.3099,-1.303,-1.2962,-1.2893,-1.2804,-1.2667,-1.253,-1.2392,-1.2255,-1.6846,-1.2117,-1.198,-1.1843,-1.1705,-1.1568,-1.1397,-1.1191,-1.0985,-1.0779,-1.0612,-1.6593,-1.0475,-1.0296,-1.009,-0.98836,-0.96776,-0.94716,-0.92655,-0.91093,-0.8972,-0.88346,-1.6456,-0.86973,-0.856,-0.84226,-0.82853,-0.81479,-0.80712,-0.80025,-0.79338,-0.78652,-0.77965,3.0,2.0
-1.9948,-1.9568,-1.7866,-0.63238,-0.62166,-0.61093,-0.60428,-0.59848,-0.58196,-0.57875,-0.57038,-0.56802,-0.55879,-1.76,-0.55729,-0.55729,-0.54656,-0.54678,-0.55729,-0.55729,-0.55729,-0.55922,-0.56802,-0.57875,-1.7429,-0.57875,-0.59312,-0.6002,-0.61093,-0.62123,-0.63238,-0.64311,-0.64933,-0.65513,-0.67165,-1.7156,-0.67744,-0.69396,-0.71048,-0.727,-0.74352,-0.76004,-0.80402,-0.80402,-0.80402,-0.80338,-1.6991,-0.79329,-0.79179,-0.78257,-0.78021,-0.77184,-0.76111,-0.7521,-0.73558,-0.71906,-0.6489,-1.6826,-0.62166,-0.60514,-0.58862,-0.5721,-0.54485,-0.52833,-0.50923,-0.48456,-0.46461,-0.44079,-1.6661,-0.42427,-0.39767,-0.3805,-0.36398,-0.34746,-0.32987,-0.3037,-0.27645,-0.25221,-0.22195,-1.6496,-0.19685,-0.17454,-0.15094,-0.12991,-0.10717,-0.07456,-0.052247,-0.019207,0.003106,0.029066,-1.633,0.056314,0.072834,0.092358,0.1166,0.13312,0.14964,0.16616,0.18268,0.19362,0.205,-1.6165,0.21508,0.22581,0.2331,0.23889,0.24726,0.24726,0.24726,0.24726,0.24726,0.24726,-1.9403,-1.6,0.23653,0.23653,0.22581,0.21916,0.21336,0.20435,0.19105,0.1829,0.16874,0.16144,-1.5835,0.14642,0.13999,0.12926,0.11853,0.11253,0.085278,0.041296,0.020055,0.003535,-0.002258,-1.567,-0.010196,-0.020923,-0.030363,-0.031651,-0.021352,-0.020923,-0.010196,-0.003974,0.001819,0.018339,-1.5504,0.024132,0.040652,0.054168,0.062965,0.079485,0.096005,0.17689,0.19341,0.21551,0.23718,-1.5442,0.26013,0.28245,0.30819,0.32707,0.35196,0.3717,0.39573,0.41225,0.43864,0.45602,-1.5281,0.48326,0.50558,0.52789,0.55428,0.57252,0.59805,0.61457,0.63109,0.64761,0.66413,-1.5116,0.69137,0.70789,0.72441,0.74093,0.75745,0.77398,0.7905,0.80508,0.81281,0.82933,-1.4951,0.84585,0.85872,0.86816,0.88018,0.89047,0.89627,0.90163,0.90785,0.91236,0.91236,-1.4786,0.91236,0.91236,0.91236,0.91236,0.91236,0.91236,0.91236,0.90185,0.90163,0.8909,-1.462,0.8909,0.87867,0.86215,0.84563,0.82911,0.81259,0.78706,0.76883,0.75231,0.73085,-1.9237,-1.4455,0.70854,0.68623,0.66477,0.6283,0.61199,0.60448,0.60126,0.60126,0.61199,0.61199,-1.4369,0.63345,0.64353,0.66005,0.6873,0.70983,0.73214,0.75831,0.79028,0.87717,0.90442,-1.4477,0.92094,0.93746,0.96342,0.98123,0.99775,1.0089,1.0201,1.0366,1.0531,1.0696,-1.4477,1.0861,1.1027,1.1192,1.1357,1.1522,1.1687,1.1853,1.2018,1.2183,1.2241,-1.4477,1.2406,1.2571,1.2737,1.2902,1.2985,1.3125,1.329,1.3348,1.3415,1.3571,-1.4477,1.3629,1.3736,1.3844,1.391,1.3968,1.4058,1.4084,1.4165,1.4165,1.4258,-1.4477,1.4273,1.4273,1.4273,1.438,1.438,1.438,1.438,1.438,1.438,1.438,-1.4372,1.438,1.438,1.438,1.4273,1.4273,1.4219,1.417,1.4335,1.4393,1.4558,-1.4314,1.4723,1.4888,1.5054,1.5219,1.5384,1.5549,1.5714,1.588,1.6045,1.621,-1.4256,1.6375,1.654,1.6706,1.6871,1.7036,1.7201,1.7366,1.7532,-1.8965,-1.4155,-1.4048,-1.3975,-1.3917,-1.3833,-1.3726,-1.3636,-1.3578,-1.3412,-1.3355,-1.88,-1.3297,-1.3189,-1.3082,-1.3016,-1.285,-1.2685,-1.2546,-1.2462,-1.2331,-1.2239,-1.8635,-1.2074,-1.1909,-1.1743,-1.1578,-1.1413,-1.1248,-1.1082,-1.0917,-1.0752,-1.0587,-1.8469,-1.0422,-1.0256,-1.0091,-0.99711,-0.98682,-0.9703,-0.9542,-0.94798,-0.93146,-0.91494,-1.827,-0.89842,-0.8819,-0.86538,-0.84886,-0.83234,-0.81582,-0.81003,-0.79351,-0.77699,-0.76047,-1.8032,-0.74395,-0.73816,-0.72164,-0.70748,-0.69932,-0.68602,-0.67701,-0.66049,-0.65384,-0.64311,5.0,2.0
0.14227,0.007518,-0.11652,1.7597,1.7822,1.8046,1.8059,1.7993,1.7768,1.7543,1.7319,1.7094,1.6789,-0.11652,1.634,1.5891,1.5427,1.4753,1.4079,1.3406,1.2558,1.166,1.0761,0.9863,-0.11652,0.89646,0.78786,0.67982,0.58998,0.48794,0.37565,0.26335,0.15105,0.038758,-0.073538,-0.11652,-0.18583,-0.29813,-0.41043,-0.52272,-0.62004,-0.70988,-0.79972,-0.88114,-0.94852,-1.0323,-0.11652,-1.1184,-1.1633,-1.218,-1.2854,-1.335,-1.38,-1.4249,-1.4586,-1.4811,-1.5035,-0.11652,-1.526,-1.5485,-1.5583,-1.5583,-1.5583,-1.5583,-1.5583,-1.5444,-1.5219,-1.4995,-0.11652,-1.477,-1.4545,-1.4167,-1.3718,-1.3269,-1.282,-1.2371,-1.1754,-1.108,-1.0407,-0.11652,-0.97329,-0.90591,-0.82042,-0.73058,-0.64075,-0.55091,-0.46107,-0.37124,-0.2814,-0.19156,-0.11652,-0.10173,-0.011891,0.077946,0.16778,0.25762,0.34746,0.43729,0.52713,0.6092,0.67658,-0.11652,0.75967,0.84831,0.91568,0.98306,1.0504,1.1007,1.1456,1.1906,1.2355,1.2804,-0.079546,-0.11652,1.3253,1.3663,1.3887,1.4112,1.4336,1.4561,1.4732,1.4732,1.4599,1.4374,-0.11652,1.415,1.3858,1.3408,1.3106,1.288,1.2431,1.19,1.1226,1.0713,1.0248,-0.11652,0.95746,0.88056,0.79072,0.71836,0.64802,0.55818,0.46835,0.37851,0.26982,0.16187,-0.11652,0.072031,-0.017806,-0.10764,-0.19748,-0.28732,-0.37715,-0.46699,-0.55683,-0.62504,-0.69241,-0.13796,-0.75979,-0.82717,-0.89399,-0.93891,-0.98383,-1.0287,-1.0737,-1.1166,-1.1391,-1.1715,-0.16042,-1.2164,-1.2434,-1.2659,-1.2884,-1.2996,-1.2996,-1.3188,-1.3412,-1.3637,-1.3735,-0.18288,-1.3735,-1.3735,-1.3674,-1.3449,-1.3365,-1.3365,-1.3145,-1.2921,-1.2696,-1.2317,-0.20534,-1.1868,-1.1419,-1.0881,-1.0207,-0.95333,-0.88595,-0.81857,-0.7512,-0.68382,-0.59823,-0.22779,-0.5084,-0.41856,-0.32872,-0.23889,-0.14905,-0.059212,0.030625,0.10743,0.17481,0.26316,-0.25025,0.34653,0.41391,0.48129,0.54866,0.63841,0.71253,0.75745,0.81817,0.88555,0.95293,-0.079546,-0.28103,1.0111,1.056,1.1181,1.1828,1.2277,1.2726,1.3175,1.3625,1.4033,1.4258,-0.32595,1.4602,1.5052,1.5301,1.5471,1.5471,1.5605,1.583,1.5841,1.5773,1.5548,-0.37087,1.5471,1.5469,1.5244,1.5019,1.4795,1.457,1.4346,1.4121,1.38,1.3351,-0.41579,1.3077,1.2822,1.2373,1.1924,1.1475,1.1026,1.0576,1.0127,0.96781,0.92289,-0.4607,0.87797,0.82723,0.75985,0.70625,0.66133,0.59469,0.52731,0.45994,0.39256,0.32453,-0.51533,0.2347,0.15346,0.086079,0.035246,-0.011706,-0.079083,-0.13648,-0.1814,-0.20839,-0.23426,-0.58271,-0.27918,-0.31273,-0.33519,-0.35765,-0.38011,-0.40257,-0.42503,-0.44749,-0.44924,-0.44924,-0.65008,-0.44924,-0.44924,-0.44924,-0.44924,-0.44924,-0.44924,-0.44924,-0.44823,-0.42577,-0.41227,-0.71746,-0.41227,-0.41227,-0.41227,-0.41227,-0.41227,-0.41227,-0.41227,-0.41227,-0.41227,-0.41227,-0.78484,-0.41227,-0.39259,-0.3753,-0.3753,-0.3753,-0.3753,-0.3753,-0.38187,-0.079546,-0.85222,-0.91959,-0.98697,-1.0543,-1.1217,-1.1766,-1.2215,-1.2665,-1.3114,-1.3563,-0.079546,-1.3874,-1.4098,-1.4323,-1.4547,-1.4772,-1.4844,-1.4837,-1.4612,-1.4387,-1.4163,-0.079546,-1.3772,-1.3323,-1.2874,-1.2424,-1.1975,-1.1346,-1.0672,-0.99982,-0.92098,-0.83114,-0.079546,-0.76072,-0.68844,-0.5986,-0.50877,-0.41893,-0.32909,-0.23926,-0.14942,-0.045348,0.066947,-0.079546,0.15706,0.25457,0.36687,0.46354,0.55449,0.66678,0.77908,0.89138,0.98667,1.0765,-0.096829,1.1663,1.2562,1.346,1.4175,1.4848,1.5522,1.6078,1.6527,1.6976,1.7372,0.0,2.0
2.0628,1.8452,1.5115,-0.54473,-0.57581,-0.60337,-0.62834,-0.65942,-0.6905,-0.72158,-0.74878,-0.77411,-0.80519,1.4804,-0.83627,-0.86126,-0.88881,-0.91988,-0.95096,-0.98204,-1.0131,-1.0396,-1.0657,-1.0967,1.4493,-1.1278,-1.1521,-1.1754,-1.1987,-1.222,-1.2453,-1.2686,-1.2866,-1.3056,-1.3273,1.3943,-1.3429,-1.3584,-1.3796,-1.3991,-1.4146,-1.4302,-1.4457,-1.4613,-1.4726,-1.4827,1.3361,-1.4978,-1.5055,-1.5133,-1.5211,-1.5289,-1.5366,-1.5444,-1.5522,-1.5501,-1.5423,1.2972,-1.5358,-1.5358,-1.5287,-1.5262,-1.5227,-1.515,-1.5072,-1.4994,-1.4917,-1.4839,1.2584,-1.4742,-1.4587,-1.451,-1.4432,-1.4313,-1.418,-1.4098,-1.3943,-1.3851,-1.3728,1.2266,-1.3599,-1.3514,-1.3358,-1.3203,-1.3048,-1.2922,-1.2833,-1.2678,-1.2522,-1.2367,1.1903,-1.2245,-1.2152,-1.1997,-1.1916,-1.1782,-1.1627,-1.1472,-1.1316,-1.1161,-1.1005,1.1515,-1.085,-1.0695,-1.0539,-1.0384,-1.0228,-1.0073,-0.99176,-0.97622,-0.96068,-0.94514,1.7756,1.1141,-0.9296,-0.91702,-0.90815,-0.89261,-0.87707,-0.86153,-0.84599,-0.83045,-0.81491,-0.79937,1.083,-0.78383,-0.76829,-0.75275,-0.73721,-0.72168,-0.70614,-0.6906,-0.67725,-0.66914,-0.6536,1.0446,-0.63806,-0.62252,-0.60953,-0.60107,-0.58553,-0.56999,-0.55921,-0.54853,-0.53299,-0.51745,1.0057,-0.50889,-0.496,-0.48373,-0.47596,-0.46819,-0.46042,-0.45265,-0.44488,-0.43711,-0.42934,0.97052,-0.42927,-0.42342,-0.41565,-0.41002,-0.40974,-0.40197,-0.3942,-0.38643,-0.37866,-0.37154,0.93763,-0.37154,-0.36497,-0.3572,-0.35229,-0.35128,-0.34351,-0.32882,-0.31835,-0.31058,-0.30144,0.89878,-0.2859,-0.27765,-0.26445,-0.24891,-0.23337,-0.21783,-0.20229,-0.18675,-0.17121,-0.15567,0.85994,-0.13989,-0.11658,-0.099432,-0.083893,-0.068353,-0.052213,-0.028904,-0.012114,0.003426,0.021779,0.82696,0.044126,0.059665,0.075204,0.095771,0.1159,0.13277,0.15608,0.17214,0.18768,0.20322,0.79186,0.21876,0.2343,0.24984,0.26538,0.27702,0.28684,0.30218,0.30995,0.32383,0.33511,1.7564,0.75518,0.34288,0.35065,0.35842,0.36619,0.37858,0.39135,0.39912,0.40689,0.41466,0.41745,0.72285,0.42058,0.42707,0.42707,0.43427,0.4367,0.44018,0.44795,0.45572,0.46349,0.47126,0.66069,0.47903,0.4868,0.49457,0.50234,0.51617,0.5275,0.53763,0.55317,0.56871,0.58425,0.62969,0.59979,0.61804,0.64135,0.66466,0.68797,0.71128,0.73459,0.7579,0.78121,0.80451,0.60638,0.82782,0.85457,0.88406,0.90737,0.93068,0.95964,0.98692,1.0102,1.0336,1.0647,0.57802,1.0898,1.1172,1.1483,1.1789,1.2023,1.2319,1.2585,1.2845,1.3147,1.338,0.54052,1.3614,1.3847,1.408,1.4313,1.4546,1.4779,1.5012,1.5245,1.5478,1.5711,0.51721,1.5944,1.6178,1.6373,1.6547,1.6781,1.7014,1.7187,1.7466,1.7809,1.8038,0.50708,1.8194,1.8349,1.8504,1.866,1.8815,1.897,1.9126,1.9281,1.9437,1.9581,0.48036,1.9658,1.9736,1.9814,1.9892,1.9969,2.0047,2.0125,2.0202,1.732,0.45594,0.45491,0.44714,0.42546,0.40215,0.3756,0.3487,0.34094,0.31123,0.29653,1.6861,0.28876,0.27572,0.24464,0.23659,0.21135,0.19218,0.17806,0.14778,0.14001,0.11987,1.655,0.10089,0.087833,0.080063,0.072294,0.044896,0.027889,0.022958,0.021972,0.014202,0.013336,1.6302,-0.00687,-0.028351,-0.03612,-0.04389,-0.051659,-0.059429,-0.067199,-0.074968,-0.082738,-0.098133,1.6069,-0.11367,-0.12529,-0.13513,-0.15067,-0.16621,-0.18175,-0.19729,-0.21525,-0.23799,-0.25353,1.5707,-0.27556,-0.29887,-0.32218,-0.34549,-0.36879,-0.39896,-0.42503,-0.45149,-0.48257,-0.51365,1.0,2.0
-0.80595,-0.85238,-0.86848,-1.6228,-1.588,-1.5646,-1.534,-1.5026,-1.4794,-1.4451,-1.4173,-1.3941,-1.3709,-0.86848,-1.3371,-1.3088,-1.2831,-1.2483,-1.2235,-1.2003,-1.1751,-1.1402,-1.115,-1.0862,-0.86848,-1.053,-1.0297,-0.99738,-0.96768,-0.94337,-0.90854,-0.87372,-0.84355,-0.81971,-0.78488,-0.85828,-0.75006,-0.71524,-0.68057,-0.65735,-0.6264,-0.59158,-0.55675,-0.53322,-0.50274,-0.47116,-0.85285,-0.44794,-0.4139,-0.38588,-0.35989,-0.32507,-0.3006,-0.27738,-0.25417,-0.23095,-0.20774,-0.85285,-0.18452,-0.16314,-0.15153,-0.13993,-0.12292,-0.10245,-0.10245,-0.093495,-0.081887,-0.070279,-0.85285,-0.058672,-0.047064,-0.035456,-0.023848,-0.01224,-0.008645,-0.004658,0.00695,0.018558,0.022622,-0.85285,0.02614,0.037748,0.049356,0.060963,0.072571,0.084179,0.095787,0.10739,0.12158,0.1448,-0.85285,0.15785,0.16946,0.18318,0.20639,0.21992,0.23719,0.25877,0.27037,0.2912,0.31442,-0.85117,0.33646,0.34807,0.36843,0.39165,0.41416,0.42577,0.44566,0.46888,0.49186,0.50347,-0.86848,-0.83956,0.52289,0.54611,0.56932,0.59254,0.61575,0.63897,0.66219,0.6854,0.70862,0.73183,-0.83722,0.75505,0.77826,0.80148,0.8247,0.84791,0.87113,0.89434,0.91756,0.94077,0.96399,-0.83722,0.98721,1.009,1.0206,1.0412,1.0644,1.0877,1.1109,1.1255,1.1417,1.1649,-0.83601,1.1881,1.2032,1.2148,1.2265,1.2497,1.2653,1.2769,1.2885,1.3001,1.3189,-0.8244,1.339,1.3506,1.3622,1.3738,1.3854,1.397,1.3984,1.4046,1.4162,1.4278,-0.82158,1.4394,1.451,1.4626,1.4742,1.4858,1.4974,1.509,1.5207,1.5323,1.5391,-0.82158,1.5398,1.5515,1.5631,1.5703,1.5706,1.5823,1.5939,1.6016,1.6016,1.6131,-0.82158,1.6172,1.6206,1.6322,1.6329,1.6259,1.6172,1.6172,1.6067,1.5886,1.5654,-0.82158,1.5422,1.5089,1.4801,1.4569,1.4337,1.4105,1.3873,1.364,1.3408,1.3085,-0.81326,1.2788,1.2545,1.2197,1.1935,1.1657,1.1314,1.1082,1.0768,1.0461,1.0228,-0.86848,-0.80595,0.98799,0.96086,0.93397,0.89915,0.87558,0.85237,0.82915,0.80594,0.77193,0.74387,-0.80595,0.72066,0.69744,0.66391,0.63537,0.61216,0.58894,0.56573,0.54251,0.5193,0.49608,-0.80595,0.47287,0.44965,0.42643,0.40322,0.38891,0.37242,0.35006,0.33846,0.32685,0.31524,-0.80595,0.30363,0.29203,0.28042,0.26881,0.2572,0.25712,0.26463,0.27276,0.27276,0.27276,-0.80595,0.27276,0.27276,0.27276,0.27276,0.27932,0.28839,0.28839,0.28839,0.28839,0.28839,-0.80595,0.28839,0.27874,0.27276,0.27276,0.27276,0.27276,0.27276,0.27162,0.26002,0.25712,-0.80595,0.25712,0.25712,0.25712,0.24888,0.24149,0.24149,0.24149,0.23371,0.22586,0.22586,-0.80595,0.22586,0.22586,0.22257,0.21097,0.21022,0.21022,0.21022,0.21022,0.19983,0.19459,-0.80595,0.19459,0.19459,0.18466,0.17896,0.17896,0.17896,0.17896,0.17352,0.16332,0.16332,-0.80595,0.16332,0.16332,0.16332,0.16332,0.17184,0.17896,0.17896,0.17896,-0.86848,-0.80595,-0.80595,-0.80595,-0.80595,-0.80595,-0.80595,-0.80595,-0.80595,-0.81596,-0.82158,-0.87962,-0.83135,-0.88939,-0.91882,-0.93653,-0.94814,-0.95974,-1.0076,-1.0455,-1.0622,-1.1318,-0.877,-1.1671,-1.204,-1.2604,-1.2836,-1.3312,-1.377,-1.4005,-1.4701,-1.5015,-1.5276,-0.86848,-1.5857,-1.6101,-1.6477,-1.6878,-1.711,-1.7772,-1.8132,-1.8248,-1.8364,-1.8892,-0.86848,-1.9222,-1.9338,-1.9454,-2.0061,-2.0468,-2.0443,-1.9631,-1.9285,-1.9106,-1.8977,-0.86848,-1.8745,-1.8513,-1.8281,-1.8048,-1.7816,-1.75,-1.7196,-1.6964,-1.6731,-1.6499,4.0,2.0
-1.9425,-1.8943,-1.7556,-0.475,-0.4691,-0.4691,-0.4691,-0.4592,-0.45732,-0.4691,-0.4691,-0.4691,-0.4691,-1.7318,-0.4691,-0.47423,-0.48089,-0.48802,-0.50081,-0.50446,-0.5146,-0.52739,-0.54018,-0.55432,-1.7062,-0.57754,-0.59369,-0.62799,-0.66842,-0.71309,-0.74757,-0.77709,-0.79672,-0.79913,-0.79913,-1.6819,-0.79913,-0.79913,-0.79654,-0.78735,-0.78275,-0.77556,-0.76896,-0.76377,-0.75517,-0.74238,-1.6646,-0.72959,-0.7168,-0.64426,-0.6205,-0.60772,-0.5911,-0.57035,-0.55756,-0.53794,-0.5202,-1.6295,-0.49857,-0.48283,-0.4592,-0.44541,-0.41983,-0.39426,-0.37174,-0.35489,-0.32424,-0.29195,-1.6039,-0.26637,-0.24079,-0.21521,-0.17956,-0.15227,-0.1267,-0.10112,-0.075541,-0.049964,-0.028688,-1.5784,-0.010596,0.008676,0.021465,0.034253,0.03773,0.048044,0.049517,0.049517,0.049517,0.046983,-1.5528,0.03773,0.033192,0.025944,0.019402,0.006613,0.00237,-0.007177,-0.019966,-0.032755,-0.045543,-1.5272,-0.058332,-0.082201,-0.13106,-0.14385,-0.16241,-0.18121,-0.20956,-0.23036,-0.24315,-0.24515,-1.8815,-1.5016,-0.25694,-0.25694,-0.25694,-0.25694,-0.25293,-0.24014,-0.23337,-0.22635,-0.17349,-0.14184,-1.4853,-0.12905,-0.11626,-0.091689,-0.0789,-0.063872,-0.041536,-0.024504,-0.004172,0.014864,0.040441,-1.4623,0.057768,0.079809,0.10539,0.13096,0.15654,0.18212,0.2077,0.23327,0.25885,0.28443,-1.4367,0.31649,0.34737,0.37295,0.39853,0.4241,0.44968,0.46347,0.48734,0.50284,0.5247,-1.4229,0.53749,0.55028,0.56307,0.57586,0.57992,0.58965,0.59171,0.59171,0.59077,0.57992,-1.3988,0.57698,0.56419,0.5514,0.53861,0.51887,0.49329,0.47667,0.45392,0.42835,0.40259,-1.3835,0.3654,0.33983,0.31425,0.29286,0.27488,0.25549,0.2427,0.22991,0.22632,0.22632,-1.3614,0.22632,0.22632,0.22632,0.22874,0.23811,0.24253,0.25532,0.26168,0.26911,0.28189,-1.3486,0.30411,0.31926,0.33205,0.35002,0.45357,0.47915,0.50472,0.5303,0.55588,0.58146,-1.3358,0.60703,0.63261,0.64852,0.67198,0.68589,0.71046,0.72514,0.74783,0.76062,0.77341,-1.8687,-1.3231,0.78619,0.79898,0.81177,0.82456,0.83735,0.85014,0.86281,0.86393,0.87672,0.88638,-1.3103,0.88638,0.89151,0.89817,0.89817,0.89817,0.9073,0.90996,0.90996,0.90996,0.91131,-1.2975,0.92174,0.92174,0.92174,0.92174,0.92811,0.93353,0.93353,0.93353,0.9439,0.94532,-1.2847,0.94532,0.94532,0.94532,0.94532,0.94532,0.93972,0.93353,0.93353,0.93353,0.94314,-1.2824,0.94532,0.95693,0.95793,0.97072,0.98351,0.99629,1.0139,1.0337,1.0464,1.0671,-1.2824,1.0927,1.1182,1.1438,1.1694,1.195,1.2226,1.2579,1.2875,1.3259,1.3582,-1.2824,1.3909,1.4292,1.4676,1.4959,1.5325,1.5591,1.5962,1.6241,1.6591,1.6847,-1.2824,1.7103,1.7359,1.7614,1.787,1.8126,1.8382,1.8637,1.8893,1.9149,1.9405,-1.2824,1.9661,1.9871,2.0054,2.0245,2.0372,2.0586,2.0746,2.0874,2.1002,2.113,-1.2824,2.1258,2.1386,2.1513,2.1641,2.1769,2.1897,2.1947,2.1859,-1.8559,-1.2824,-1.2824,-1.2824,-1.2824,-1.2824,-1.2824,-1.2824,-1.2824,-1.2824,-1.2804,-1.8432,-1.2706,-1.2706,-1.2706,-1.2647,-1.2588,-1.2509,-1.247,-1.2371,-1.2352,-1.2235,-1.8304,-1.2223,-1.2095,-1.1967,-1.1881,-1.1829,-1.1701,-1.1573,-1.1445,-1.1318,-1.119,-1.8106,-1.1062,-1.093,-1.0688,-1.056,-1.0398,-1.0187,-1.0005,-0.97488,-0.9493,-0.92372,-1.793,-0.89814,-0.87257,-0.84699,-0.82141,-0.79583,-0.77291,-0.75647,-0.73089,-0.70531,-0.67973,-1.7712,-0.66182,-0.64037,-0.61479,-0.58921,-0.56363,-0.54984,-0.52615,-0.51047,-0.49268,-0.48779,5.0,2.0
0.091765,0.11202,0.12215,0.51719,0.60126,0.6671,0.74914,0.81701,0.89703,0.96084,1.0317,1.1087,1.1634,0.13228,1.2161,1.2688,1.3235,1.3741,1.4025,1.4389,1.4815,1.5068,1.5281,1.5493,0.14444,1.5706,1.5706,1.5686,1.5473,1.526,1.5048,1.4774,1.4349,1.3923,1.3498,0.15254,1.3073,1.2536,1.1898,1.1391,1.0824,1.0186,0.95476,0.89095,0.8089,0.74306,0.16672,0.65899,0.59417,0.51111,0.44426,0.36322,0.29435,0.21534,0.15153,0.07961,0.003642,0.1728,-0.060171,-0.13513,-0.22021,-0.29213,-0.37012,-0.45521,-0.52408,-0.60512,-0.6902,-0.75604,0.1728,-0.84011,-0.90392,-0.96774,-1.0316,-1.0954,-1.1592,-1.223,-1.2797,-1.3304,-1.3851,0.15558,-1.4276,-1.459,-1.4924,-1.5218,-1.5431,-1.5643,-1.5856,-1.5897,-1.6079,-1.6099,0.13431,-1.5897,-1.5684,-1.5471,-1.5228,-1.4843,-1.458,-1.4154,-1.3729,-1.3223,-1.2676,0.11304,-1.2149,-1.1622,-1.1075,-1.0437,-0.97989,-0.91608,-0.83606,-0.76819,-0.70438,-0.64057,0.11202,0.091765,-0.57675,-0.49268,-0.42887,-0.36506,-0.30124,-0.23743,-0.17362,-0.1098,-0.045991,0.026939,0.050236,0.10189,0.16571,0.24168,0.31359,0.39159,0.46148,0.52529,0.60632,0.67317,0.73699,0.026939,0.78054,0.84436,0.90817,0.97198,1.0317,1.0794,1.1432,1.1999,1.2505,1.3052,-0.012565,1.3478,1.3903,1.4329,1.4754,1.5179,1.5453,1.5666,1.605,1.6294,1.6506,-0.037887,1.6516,1.6719,1.6739,1.6922,1.6922,1.6871,1.6658,1.6446,1.6233,1.5929,-0.080429,1.5504,1.5078,1.4653,1.4096,1.3599,1.3022,1.2384,1.1573,1.0905,1.0074,-0.12297,0.94261,0.85752,0.77446,0.70761,0.62658,0.5577,0.47262,0.38753,0.31055,0.23762,-0.16551,0.15254,0.067455,-0.017629,-0.10271,-0.1878,-0.27288,-0.35797,-0.42583,-0.50788,-0.59296,-0.20806,-0.67805,-0.74287,-0.82796,-0.91,-0.97787,-1.0579,-1.1217,-1.1855,-1.2412,-1.2929,-0.2506,-1.3466,-1.3891,-1.4195,-1.4539,-1.4823,-1.5036,-1.5248,-1.5461,-1.5491,-1.5299,0.11202,-0.29314,-1.5086,-1.4671,-1.4438,-1.4013,-1.3587,-1.3162,-1.2676,-1.2108,-1.1602,-1.1055,-0.33568,-1.0528,-0.98901,-0.93735,-0.88164,-0.81783,-0.75401,-0.6902,-0.62639,-0.54434,-0.4785,-0.39038,-0.39443,-0.30935,-0.22629,-0.15944,-0.074352,0.005668,0.075558,0.15355,0.22547,0.30144,-0.44102,0.37538,0.44932,0.51313,0.57695,0.65494,0.72483,0.77244,0.8322,0.89601,0.94058,-0.48357,0.98312,1.0459,1.0885,1.131,1.1736,1.2161,1.2526,1.2809,1.3154,1.3457,-0.52611,1.3782,1.3994,1.3964,1.3751,1.3538,1.3326,1.2951,1.2698,1.212,1.1675,-0.56865,1.1249,1.0611,0.9973,0.93349,0.86968,0.80587,0.74205,0.68533,0.63468,0.57999,-0.62841,0.52732,0.47464,0.4321,0.40273,0.36728,0.33993,0.31866,0.29739,0.27611,0.25484,-0.67399,0.23357,0.23357,0.23357,0.23357,0.23357,0.23357,0.23357,0.23357,0.23357,0.23357,-0.71654,0.22344,0.21331,0.21331,0.21331,0.21331,0.21331,0.21331,0.21331,0.11202,-0.75908,-0.82188,-0.86442,-0.90696,-0.9495,-0.99205,-1.0346,-1.07,-1.0994,-1.142,0.11202,-1.1845,-1.227,-1.2696,-1.3121,-1.3405,-1.377,-1.4033,-1.4418,-1.4661,-1.4874,0.11202,-1.5086,-1.5299,-1.5491,-1.5461,-1.5289,-1.5289,-1.5228,-1.5015,-1.4803,-1.459,0.11202,-1.4377,-1.4053,-1.3628,-1.3202,-1.2777,-1.2351,-1.1764,-1.1126,-1.0488,-0.98496,0.11202,-0.92114,-0.85733,-0.79352,-0.7297,-0.66589,-0.59701,-0.51801,-0.4471,-0.37012,-0.29719,0.11202,-0.21211,-0.13817,-0.062197,0.022887,0.093791,0.1576,0.23762,0.30549,0.3693,0.45236,0.0,2.0
-2.2679,-2.0541,-1.6737,-0.87221,-0.86249,-0.86086,-0.85818,-0.84845,-0.84573,-0.84414,-0.83442,-0.8306,-0.8306,-1.6446,-0.8306,-0.8258,-0.81608,-0.81547,-0.81176,-0.80204,-0.79232,-0.7826,-0.77288,-0.76316,-1.6154,-0.75344,-0.74372,-0.734,-0.72428,-0.71455,-0.7001,-0.68066,-0.67026,-0.66054,-0.65082,-1.5916,-0.63315,-0.61625,-0.60653,-0.5968,-0.58565,-0.5662,-0.55251,-0.54279,-0.53307,-0.52335,-1.5721,-0.51363,-0.50391,-0.49419,-0.48446,-0.47474,-0.46502,-0.4553,-0.44558,-0.43722,-0.43722,-1.5527,-0.43155,-0.42209,-0.42209,-0.41751,-0.40779,-0.39807,-0.39183,-0.39183,-0.38404,-0.37432,-1.5375,-0.3646,-0.35488,-0.34387,-0.32443,-0.31058,-0.30067,-0.28123,-0.26629,-0.25657,-0.23804,-1.5278,-0.21859,-0.19915,-0.17971,-0.16027,-0.14083,-0.12138,-0.10315,-0.09343,-0.078187,-0.058745,-1.518,-0.039303,-0.024286,-0.014565,0.003893,0.020007,0.029728,0.039449,0.051401,0.070843,0.083742,-1.5083,0.093463,0.10318,0.1129,0.12263,0.13235,0.14207,0.15179,0.15285,0.1561,0.16582,-1.9178,-1.4986,0.17554,0.18311,0.18311,0.18311,0.18417,0.19389,0.19824,0.19824,0.20792,0.21337,-1.4889,0.21337,0.21337,0.21655,0.22627,0.2285,0.23058,0.2403,0.24363,0.24461,0.25433,-1.4791,0.26405,0.27377,0.27389,0.27809,0.28781,0.29753,0.31035,0.32979,0.34182,0.35154,-1.4694,0.36126,0.37098,0.38071,0.39043,0.40537,0.42481,0.43472,0.44444,0.45416,0.46388,-1.4661,0.4736,0.48332,0.48571,0.48764,0.49736,0.50708,0.51597,0.51597,0.52111,0.53083,-1.4661,0.54055,0.55027,0.56,0.56136,0.56431,0.57403,0.57649,0.57834,0.58806,0.59162,-1.4661,0.59237,0.60209,0.60675,0.60675,0.61613,0.62585,0.63557,0.64529,0.65214,0.65214,-1.4661,0.65932,0.67082,0.69026,0.70362,0.71334,0.72306,0.73278,0.7425,0.75222,0.76584,-1.4661,0.78528,0.79652,0.80624,0.81596,0.82568,0.8337,0.8337,0.83971,0.84943,0.85915,-1.4661,0.86396,0.86396,0.87319,0.88291,0.89263,0.89422,0.89694,0.90666,0.90935,0.91097,-1.879,-1.4619,0.92069,0.93042,0.94014,0.94986,0.95958,0.9693,0.97902,0.98874,0.99846,1.0001,-1.4522,1.0028,1.0125,1.0153,1.0168,1.0265,1.0304,1.0308,1.0406,1.0455,1.0455,-1.4509,1.0546,1.0606,1.0606,1.0606,1.0606,1.0606,1.0675,1.0758,1.0758,1.0816,-1.4509,1.0909,1.0909,1.0956,1.1053,1.106,1.106,1.106,1.1139,1.1212,1.1212,-1.4509,1.128,1.1363,1.1363,1.142,1.1514,1.1514,1.156,1.1658,1.1666,1.1701,-1.4436,1.1798,1.1817,1.1817,1.1817,1.1884,1.1968,1.1968,1.1968,1.1968,1.1968,-1.4358,1.2014,1.2111,1.2208,1.2271,1.2271,1.2348,1.2469,1.2663,1.2791,1.2901,-1.4358,1.3095,1.329,1.3484,1.3679,1.3918,1.4209,1.4413,1.4608,1.4802,1.4996,-1.4295,1.5191,1.5385,1.5514,1.5623,1.5817,1.5957,1.6054,1.6151,1.6248,1.6346,-1.4198,1.6443,1.654,1.6637,1.6734,1.6832,1.6929,1.6961,1.695,-1.8487,-1.4101,-1.4055,-1.4055,-1.396,-1.3863,-1.3766,-1.3669,-1.3602,-1.3602,-1.3529,-1.8195,-1.3431,-1.3334,-1.3237,-1.314,-1.3042,-1.2945,-1.2848,-1.2751,-1.2654,-1.2556,-1.7904,-1.2459,-1.2362,-1.2265,-1.2168,-1.207,-1.1973,-1.1876,-1.1779,-1.1682,-1.1584,-1.7612,-1.1487,-1.1296,-1.1141,-1.1044,-1.0947,-1.085,-1.0753,-1.0655,-1.0558,-1.0461,-1.732,-1.0364,-1.0266,-1.0169,-1.0072,-0.99748,-0.98776,-0.97804,-0.96832,-0.9586,-0.94888,-1.7029,-0.93916,-0.92944,-0.92138,-0.92138,-0.9154,-0.90568,-0.89596,-0.88624,-0.87652,-0.87599,3.0,2.0
-2.1108,-1.8619,-1.5943,-0.97382,-0.98876,-0.99765,-1.0321,-1.0517,-1.0627,-1.0805,-1.0827,-1.0827,-1.0827,-1.5776,-1.0827,-1.0756,-1.0667,-1.0578,-1.0489,-1.0337,-1.0159,-0.99813,-0.98035,-0.96257,-1.5687,-0.94237,-0.9157,-0.88903,-0.86726,-0.84779,-0.82112,-0.7428,-0.68311,-0.65741,-0.63963,-1.5598,-0.62185,-0.60062,-0.57419,-0.55641,-0.53863,-0.51813,-0.49146,-0.47319,-0.45541,-0.43564,-1.5544,-0.40897,-0.38998,-0.36772,-0.34105,-0.31438,-0.28771,-0.26104,-0.23492,-0.21714,-0.19313,-1.5544,-0.16948,-0.1517,-0.13392,-0.11614,-0.098359,-0.080579,-0.070782,-0.057114,-0.040906,-0.032016,-1.5544,-0.023126,-0.018288,-0.017441,-0.008551,0.000339,0.005903,0.006024,0.014914,0.017998,0.015398,-1.5544,0.006508,0.005903,0.000823,-0.006193,-0.006193,-0.021312,-0.034737,-0.043628,-0.052518,-0.068242,-1.5572,-0.086022,-0.10338,-0.11227,-0.12727,-0.14505,-0.16283,-0.18061,-0.20377,-0.22826,-0.24604,-1.5661,-0.26382,-0.29092,-0.32503,-0.3517,-0.36409,-0.37298,-0.38187,-0.39076,-0.39324,-0.39324,-1.7551,-1.5665,-0.39324,-0.39324,-0.39324,-0.39076,-0.38187,-0.37298,-0.36409,-0.3552,-0.34631,-0.32998,-1.577,-0.31644,-0.30652,-0.28874,-0.27096,-0.24266,-0.19911,-0.18133,-0.16355,-0.14577,-0.12799,-1.5927,-0.11021,-0.087171,-0.062557,-0.044777,-0.019255,0.007415,0.032755,0.050535,0.07533,0.102,-1.6016,0.12867,0.15534,0.18201,0.20868,0.23535,0.26202,0.28869,0.31536,0.34203,0.37675,-1.6105,0.40747,0.43414,0.46081,0.48748,0.51415,0.54082,0.56749,0.58757,0.60873,0.63541,-1.6149,0.66208,0.68288,0.70066,0.71844,0.73622,0.754,0.77178,0.78956,0.80734,0.82071,-1.6162,0.83081,0.84859,0.85947,0.86836,0.87677,0.87677,0.88294,0.88886,0.88886,0.88886,-1.6251,0.88886,0.88663,0.87774,0.86885,0.85996,0.85106,0.84217,0.82609,0.8123,0.80262,-1.627,0.78484,0.76706,0.74928,0.7315,0.71372,0.69594,0.67562,0.64895,0.63051,0.59767,-1.627,0.55866,0.54088,0.5231,0.50532,0.48645,0.45978,0.44666,0.44134,0.44097,0.43208,-1.7309,-1.6264,0.42924,0.42924,0.42924,0.43777,0.44666,0.45555,0.46444,0.47333,0.48222,0.4925,-1.6175,0.51028,0.52806,0.56519,0.62476,0.65143,0.67175,0.68953,0.70731,0.73392,0.75497,-1.6023,0.77517,0.80184,0.8204,0.84308,0.86975,0.89642,0.92309,0.94976,0.97643,1.0031,-1.5876,1.0298,1.0564,1.0831,1.1098,1.1365,1.1631,1.1898,1.2165,1.2431,1.2698,-1.5787,1.2965,1.3231,1.3453,1.3644,1.3911,1.4038,1.4165,1.4337,1.4426,1.4515,-1.561,1.4604,1.4693,1.4694,1.4694,1.4694,1.4694,1.4694,1.4694,1.4679,1.459,-1.5377,1.4573,1.4533,1.4452,1.4452,1.4387,1.4332,1.4332,1.4332,1.4332,1.4332,-1.511,1.4332,1.4497,1.4624,1.4732,1.491,1.5087,1.5309,1.5564,1.5742,1.5988,-1.4844,1.6255,1.6521,1.6788,1.7116,1.7442,1.7709,1.8062,1.8364,1.8652,1.9008,-1.4577,1.9363,1.9672,1.9939,2.0206,2.0401,2.0579,2.0749,2.0838,-1.7131,-1.431,-1.4027,-1.3672,-1.3316,-1.296,-1.2596,-1.2151,-1.1773,-1.1417,-1.106,-1.6871,-1.0615,-1.0229,-0.99003,-0.96336,-0.92834,-0.89792,-0.87125,-0.84458,-0.82553,-0.80334,-1.6654,-0.77908,-0.77019,-0.75441,-0.74032,-0.73143,-0.72254,-0.71365,-0.70772,-0.70772,-0.69907,-1.6477,-0.69563,-0.69563,-0.69563,-0.70355,-0.70772,-0.70923,-0.71812,-0.71982,-0.72381,-0.7327,-1.6299,-0.74159,-0.75048,-0.75937,-0.76826,-0.77715,-0.79179,-0.80703,-0.81592,-0.82481,-0.83871,-1.6121,-0.85468,-0.86357,-0.87996,-0.89345,-0.90234,-0.91123,-0.92689,-0.9411,-0.94999,-0.95888,5.0,2.0
-0.69843,-0.68309,-0.68309,-1.7876,-1.7541,-1.7207,-1.6872,-1.6593,-1.6357,-1.6023,-1.5688,-1.5354,-1.5019,-0.68309,-1.4685,-1.4351,-1.4016,-1.3682,-1.3347,-1.3013,-1.2678,-1.2344,-1.2105,-1.1829,-0.66775,-1.1494,-1.1296,-1.0979,-1.0644,-1.0335,-1.0129,-0.97946,-0.94602,-0.91258,-0.88849,-0.66775,-0.86104,-0.82759,-0.80765,-0.79093,-0.75887,-0.73985,-0.71009,-0.69337,-0.67021,-0.64459,-0.66775,-0.62787,-0.61115,-0.58246,-0.56237,-0.54565,-0.51359,-0.49687,-0.47662,-0.44808,-0.43136,-0.66775,-0.41464,-0.39792,-0.39163,-0.37982,-0.3631,-0.36095,-0.345,-0.32828,-0.31493,-0.31018,-0.66775,-0.29959,-0.29208,-0.27536,-0.25864,-0.25357,-0.24054,-0.22381,-0.22243,-0.20571,-0.18577,-0.66775,-0.15693,-0.14021,-0.11613,-0.091431,-0.064586,-0.031145,-0.01059,0.020397,0.038498,0.071939,-0.66775,0.10538,0.13882,0.17226,0.2057,0.23914,0.27259,0.30603,0.33947,0.37291,0.40635,-0.66775,0.43979,0.47323,0.50667,0.54011,0.57355,0.607,0.64044,0.67388,0.70732,0.74076,-0.68309,-0.66775,0.7742,0.80764,0.83832,0.85918,0.89262,0.91916,0.94417,0.96794,0.99571,1.0292,-0.66775,1.0488,1.0807,1.1129,1.1322,1.1617,1.1784,1.2019,1.2272,1.2439,1.2715,-0.68279,1.2927,1.3094,1.3412,1.3582,1.3774,1.407,1.4289,1.4558,1.4725,1.4892,-0.68309,1.5167,1.538,1.5547,1.5565,1.5728,1.5895,1.6062,1.623,1.6332,1.6411,-0.68555,1.6394,1.6121,1.5906,1.5739,1.5572,1.5404,1.5237,1.507,1.4903,1.4735,-0.69843,1.4568,1.4401,1.4234,1.4067,1.3899,1.3732,1.3565,1.3398,1.3231,1.3063,-0.69843,1.2835,1.2576,1.2408,1.2138,1.1921,1.1753,1.1586,1.1266,1.108,1.0778,-0.70503,1.0611,1.0384,1.0123,0.98681,0.9635,0.93527,0.91471,0.89799,0.88127,0.86455,-0.71377,0.84783,0.83111,0.81439,0.79767,0.78095,0.76423,0.73616,0.71545,0.69873,0.68201,-0.71377,0.66529,0.64857,0.62755,0.59411,0.56773,0.54257,0.51894,0.50222,0.4855,0.45482,-0.68309,-0.71377,0.43672,0.41862,0.38794,0.37122,0.3545,0.33778,0.32106,0.30434,0.28762,0.2709,-0.71377,0.26798,0.2528,0.2373,0.23991,0.25264,0.25801,0.26798,0.26798,0.26798,0.27887,-0.71377,0.28332,0.28332,0.28332,0.29866,0.29866,0.29866,0.30388,0.314,0.314,0.314,-0.71377,0.32474,0.32934,0.32934,0.32934,0.34468,0.34468,0.34836,0.36002,0.36002,0.36002,-0.71377,0.36002,0.37061,0.37536,0.38871,0.3907,0.39147,0.40604,0.40604,0.41095,0.42138,-0.71377,0.42138,0.43043,0.43672,0.43672,0.44991,0.45206,0.4674,0.4674,0.47078,0.48274,-0.71377,0.48888,0.5056,0.52232,0.52876,0.54042,0.55714,0.57386,0.57524,0.59196,0.6119,-0.70871,0.63614,0.64212,0.65884,0.67556,0.69229,0.70901,0.72573,0.72818,0.74383,0.75886,-0.69199,0.76193,0.7742,0.78003,0.79675,0.80488,0.81485,0.82022,0.83295,0.83556,0.83556,-0.68309,0.83556,0.83847,0.8509,0.8509,0.85796,0.86624,0.86624,0.85504,-0.68309,-0.67389,-0.66775,-0.66775,-0.65441,-0.65241,-0.65241,-0.65241,-0.65241,-0.65241,-0.65241,-0.68309,-0.65241,-0.65241,-0.65241,-0.66422,-0.66775,-0.74062,-0.76286,-0.84646,-0.91657,-0.93329,-0.68309,-0.95001,-1.0043,-1.069,-1.1436,-1.2439,-1.3442,-1.3725,-1.451,-1.49,-1.5607,-0.68309,-1.582,-1.6095,-1.6556,-1.7043,-1.7311,-1.7531,-1.8084,-1.8325,-1.8492,-1.871,-0.68309,-1.941,-2.0068,-2.0177,-2.0537,-2.1287,-2.1956,-2.1603,-2.1277,-2.1109,-2.0789,-0.68309,-2.0622,-2.0425,-2.0134,-1.9966,-1.9729,-1.9394,-1.9158,-1.8879,-1.8544,-1.821,4.0,2.0
-2.016,-1.9154,-1.671,-1.1555,-1.1636,-1.1623,-1.1528,-1.1528,-1.1429,-1.1329,-1.1144,-1.1019,-1.085,-1.6408,-1.0648,-1.0447,-1.0246,-1.0004,-0.97025,-0.94007,-0.90988,-0.87195,-0.7736,-0.73335,-1.6127,-0.70282,-0.66365,-0.63165,-0.59394,-0.56049,-0.53031,-0.50012,-0.46993,-0.43975,-0.40956,-1.5912,-0.37938,-0.35089,-0.33077,-0.31064,-0.29052,-0.2704,-0.25027,-0.23827,-0.22081,-0.20735,-1.5616,-0.19729,-0.18723,-0.17717,-0.1671,-0.15704,-0.14698,-0.13848,-0.13765,-0.12759,-0.11752,-1.5415,-0.1169,-0.10819,-0.10611,-0.098856,-0.095322,-0.095322,-0.095322,-0.099666,-0.10611,-0.109,-1.5313,-0.11906,-0.12912,-0.13919,-0.14925,-0.16934,-0.18016,-0.1988,-0.21893,-0.23905,-0.25917,-1.512,-0.2793,-0.29942,-0.31954,-0.33967,-0.35979,-0.37992,-0.40004,-0.4196,-0.42966,-0.44962,-1.5004,-0.48809,-0.50301,-0.50535,-0.51234,-0.51614,-0.51061,-0.50535,-0.50128,-0.49122,-0.48116,-1.4903,-0.46921,-0.44908,-0.42939,-0.41933,-0.38974,-0.36859,-0.34846,-0.32076,-0.29742,-0.27118,-1.8894,-1.4803,-0.24099,-0.1828,-0.11588,-0.082482,-0.044716,-0.01453,0.016681,0.056632,0.086818,0.117,-1.4828,0.14719,0.18555,0.21835,0.24182,0.26793,0.29812,0.32377,0.3439,0.3671,0.39259,-1.4928,0.40427,0.42439,0.44452,0.46464,0.47527,0.4941,0.50618,0.51624,0.52631,0.53637,-1.5029,0.54643,0.55649,0.56655,0.57662,0.58447,0.58595,0.59526,0.59528,0.60535,0.60605,-1.5089,0.60605,0.60605,0.60605,0.60605,0.60605,0.60106,0.59099,0.58447,0.58166,0.5716,-1.5122,0.56154,0.55085,0.53073,0.52056,0.5105,0.49194,0.47958,0.46248,0.44867,0.43302,-1.5196,0.41776,0.40357,0.38344,0.36599,0.35399,0.33508,0.32501,0.31495,0.29507,0.28404,-1.5196,0.27398,0.26391,0.25385,0.24379,0.23373,0.22367,0.2176,0.21433,0.20681,0.20681,-1.5196,0.20681,0.20681,0.20681,0.20681,0.20681,0.21503,0.2176,0.22437,0.23443,0.24981,-1.5196,0.26534,0.27926,0.29939,0.31951,0.34131,0.37055,0.39089,0.42107,0.45126,0.56966,-1.8693,-1.5196,0.62763,0.66051,0.6907,0.72088,0.75625,0.79205,0.82223,0.85242,0.88034,0.902,-1.5099,0.93218,0.96229,0.98241,1.012,1.0335,1.0536,1.0737,1.1003,1.119,1.1341,-1.4998,1.1542,1.1707,1.1808,1.1909,1.2009,1.211,1.221,1.2211,1.2304,1.2319,-1.4897,1.2319,1.2319,1.2319,1.2319,1.227,1.2211,1.2176,1.2076,1.1995,1.1982,-1.4797,1.1887,1.1887,1.1789,1.1688,1.1671,1.1595,1.1494,1.1518,1.1674,1.1779,-1.4627,1.182,1.192,1.2021,1.2122,1.2234,1.2431,1.2531,1.2729,1.2931,1.3049,-1.4488,1.3225,1.3495,1.3736,1.3937,1.4184,1.4447,1.468,1.4958,1.5159,1.537,-1.4333,1.5669,1.587,1.6072,1.6362,1.6582,1.6783,1.6985,1.7186,1.7387,1.7588,-1.4131,1.779,1.7991,1.8169,1.8285,1.8487,1.8686,1.8787,1.8888,1.9076,1.9197,-1.393,1.9297,1.9464,1.9607,1.9707,1.9808,1.9872,1.9901,2.0002,-1.8413,-1.3729,-1.3528,-1.3309,-1.3017,-1.2813,-1.2511,-1.2209,-1.1997,-1.1713,-1.1411,-1.8111,-1.111,-1.0868,-1.0667,-1.042,-1.0156,-0.9955,-0.97301,-0.94447,-0.92434,-0.90422,-1.7809,-0.88409,-0.86397,-0.84385,-0.83179,-0.81439,-0.80087,-0.79081,-0.78075,-0.77069,-0.76063,-1.7507,-0.75353,-0.75129,-0.74274,-0.74274,-0.74274,-0.74274,-0.75213,-0.75353,-0.76146,-0.77152,-1.7206,-0.78159,-0.79739,-0.81752,-0.83764,-0.85777,-0.87789,-0.89801,-0.91814,-0.93891,-0.96909,-1.6946,-0.9893,-1.0094,-1.0295,-1.0497,-1.0698,-1.0836,-1.0993,-1.1145,-1.1329,-1.1528,5.0,2.0
-1.9449,-1.8855,-1.7017,-0.43938,-0.43451,-0.42778,-0.42476,-0.41502,-0.40552,-0.40527,-0.40527,-0.40527,-0.40527,-1.6911,-0.40527,-0.41058,-0.41502,-0.42476,-0.43451,-0.44425,-0.46374,-0.4746,-0.49502,-0.51543,-1.6707,-0.53585,-0.55626,-0.57667,-0.60376,-0.6175,-0.63792,-0.66807,-0.68849,-0.7089,-0.7318,-1.6525,-0.75947,-0.78422,-0.81005,-0.83665,-0.86062,-0.88103,-0.90145,-0.92245,-0.97151,-0.98992,-1.6428,-0.99285,-1.0035,-1.0094,-1.0094,-1.0192,-1.0192,-1.0192,-1.0094,-0.99967,-0.98992,-1.6289,-0.98749,-0.97044,-0.96069,-0.95095,-0.93506,-0.91465,-0.90398,-0.88357,-0.86315,-0.84274,-1.6085,-0.82232,-0.79217,-0.77175,-0.75134,-0.72118,-0.69419,-0.67061,-0.65019,-0.62004,-0.52167,-1.5978,-0.49151,-0.46871,-0.43431,-0.38705,-0.35139,-0.31514,-0.28133,-0.24323,-0.21214,-0.18111,-1.5871,-0.15972,-0.13054,-0.10038,-0.079965,-0.049807,-0.019649,0.007294,0.030923,0.061082,0.081496,-1.5746,0.11165,0.13207,0.15248,0.1729,0.20305,0.22347,0.24992,0.27404,0.29445,0.31487,-1.865,-1.5648,0.34503,0.3557,0.37611,0.39652,0.40719,0.42298,0.43272,0.44247,0.45221,0.46054,-1.5551,0.46196,0.4717,0.4717,0.46941,0.46196,0.45782,0.45221,0.43648,0.42298,0.39755,-1.5445,0.36646,0.34508,0.3043,0.26167,0.21017,0.16232,0.11175,0.061179,0.007489,-0.047322,-1.5338,-0.1071,-0.14111,-0.17219,-0.20328,-0.23212,-0.25911,-0.2786,-0.29336,-0.30403,-0.30783,-1.5259,-0.30783,-0.30783,-0.29809,-0.2786,-0.25736,-0.2272,-0.20318,-0.1721,-0.14101,-0.10993,-1.5161,-0.078845,-0.047761,0.002812,0.043981,0.095478,0.13504,0.18561,0.26853,0.35019,0.39194,-1.5064,0.4298,0.47745,0.50853,0.53002,0.56018,0.58059,0.60101,0.62498,0.65158,0.6774,-1.5009,0.70215,0.72256,0.75272,0.77314,0.80329,0.82371,0.84412,0.86454,0.88495,0.91029,-1.4902,0.93552,0.95594,0.97635,0.99676,1.0172,1.0376,1.058,1.0687,1.0856,1.0953,-1.4869,1.1051,1.1114,1.1148,1.123,1.1246,1.1343,1.1343,1.1343,1.144,1.144,-1.8446,-1.4771,1.144,1.144,1.144,1.1364,1.1343,1.1246,1.0946,1.0742,1.0318,0.98751,-1.4674,0.93601,0.88982,0.84549,0.801,0.74785,0.68826,0.64651,0.60588,0.5671,0.54965,-1.4475,0.53991,0.53991,0.54965,0.5594,0.56914,0.58741,0.60783,0.62824,0.64865,0.66907,-1.4368,0.68948,0.71964,0.75506,0.78614,0.81986,0.85806,0.89888,0.97869,1.0184,1.0409,-1.4187,1.069,1.0933,1.1244,1.14,1.1604,1.1808,1.2012,1.2217,1.2421,1.2625,-1.4058,1.2829,1.3033,1.3237,1.3441,1.3646,1.385,1.4054,1.4258,1.4462,1.4666,-1.3853,1.4851,1.4977,1.5181,1.5385,1.559,1.5696,1.5825,1.6007,1.6114,1.622,-1.3747,1.6327,1.6434,1.6541,1.6647,1.6702,1.68,1.6897,1.6897,1.6995,1.7092,-1.3543,1.7102,1.719,1.7287,1.7287,1.7384,1.7384,1.7482,1.7482,1.7579,1.7579,-1.3338,1.7677,1.7774,1.7798,1.7904,1.8011,1.8164,1.8322,1.8429,-1.8242,-1.3134,-1.293,-1.2726,-1.2619,-1.2513,-1.2335,-1.2202,-1.2043,-1.1891,-1.1687,-1.8038,-1.1483,-1.1279,-1.1172,-1.087,-1.0666,-1.0462,-1.0258,-1.0054,-0.98495,-0.96454,-1.7834,-0.94413,-0.92371,-0.9033,-0.88288,-0.86247,-0.84206,-0.82164,-0.80123,-0.79056,-0.77014,-1.763,-0.75606,-0.73906,-0.72839,-0.71772,-0.70705,-0.69638,-0.67811,-0.6653,-0.65463,-0.64396,-1.7426,-0.62939,-0.61965,-0.6099,-0.60016,-0.59041,-0.57994,-0.56927,-0.5586,-0.54793,-0.53726,-1.7221,-0.52659,-0.51592,-0.50525,-0.49458,-0.48391,-0.48298,-0.47231,-0.46164,-0.45399,-0.44425,5.0,2.0
0.52094,0.56236,0.52094,0.95176,1.0553,1.1434,1.2417,1.3298,1.4127,1.4803,1.5424,1.6045,1.6516,0.50075,1.693,1.7194,1.7401,1.7608,1.7667,1.7519,1.7459,1.7165,1.6312,1.5568,0.50018,1.5092,1.4533,1.3479,1.2668,1.1903,1.0647,0.96235,0.86534,0.7759,0.69306,0.50018,0.59621,0.50662,0.40986,0.32017,0.23733,0.14073,0.05088,-0.045613,-0.13557,-0.21841,0.50018,-0.31475,-0.4183,-0.50846,-0.7914,-0.98558,-1.0684,-1.1513,-1.2341,-1.3169,-1.3868,0.52016,-1.4489,-1.4981,-1.5524,-1.6017,-1.6304,-1.6511,-1.6591,-1.6717,-1.6673,-1.6591,0.52094,-1.6467,-1.6135,-1.5721,-1.5307,-1.477,-1.4149,-1.3528,-1.2785,-1.1957,-1.1009,0.52094,-1.0093,-0.91452,-0.81097,-0.70742,-0.60386,-0.50031,-0.39676,-0.28163,-0.16889,-0.065338,0.54077,0.049634,0.1739,0.28685,0.40166,0.52592,0.65019,0.76334,0.87795,0.99121,1.0948,0.5417,1.1983,1.3019,1.3946,1.4667,1.5395,1.6011,1.6531,1.6942,1.7149,1.7356,0.58313,0.56143,1.7459,1.7356,1.7046,1.5916,1.4561,1.3226,1.1765,1.073,0.95944,0.8451,0.56247,0.73168,0.61723,0.50392,0.38936,0.28581,0.18225,0.078702,-0.015352,-0.10764,-0.2018,0.56247,-0.28464,-0.36748,-0.45033,-0.53317,-0.60687,-0.67809,-0.7519,-0.88587,-1.0423,-1.0955,0.56247,-1.1369,-1.1784,-1.2198,-1.2612,-1.294,-1.3147,-1.3269,-1.3269,-1.3269,-1.3186,0.54295,-1.2978,-1.2689,-1.2275,-1.186,-1.1365,-1.0744,-1.0123,-0.94219,-0.85935,-0.7765,0.52224,-0.68588,-0.59006,-0.49953,-0.40361,-0.31319,-0.20964,-0.10608,-0.002531,0.10102,0.20457,0.50153,0.30813,0.40446,0.49447,0.59091,0.68081,0.77736,0.8602,0.94304,1.0259,1.1087,0.48082,1.1916,1.2744,1.3573,1.4335,1.5022,1.585,1.6614,1.7236,1.7857,1.8478,0.38287,1.9037,1.9451,1.9804,2.0011,2.0219,2.0366,2.0307,2.01,1.9602,1.8532,0.35635,1.7911,1.7233,1.6405,1.5521,1.443,1.3187,1.1567,0.92488,0.79532,0.65034,0.58323,0.27802,0.51056,0.38116,0.24127,0.091834,-0.10608,-0.20964,-0.30831,-0.39598,-0.49476,-0.5776,0.23349,-0.69314,-0.884,-0.94613,-1.0083,-1.0704,-1.1325,-1.1903,-1.2317,-1.2731,-1.3104,0.19206,-1.3269,-1.331,-1.3436,-1.3269,-1.323,-1.2984,-1.2608,-1.2363,-1.1949,-1.1534,0.15064,-1.1084,-1.0498,-1.0084,-0.967,-0.92558,-0.88078,-0.82197,-0.77728,-0.71837,-0.67378,0.10922,-0.61165,-0.54952,-0.48739,-0.4223,-0.33364,-0.2208,-0.17657,-0.11169,-0.034246,0.004528,0.048856,0.027834,0.064168,0.06666,0.082491,0.064168,0.064168,0.064168,0.064168,0.066348,0.084931,0.005618,0.084931,0.084931,0.084931,0.086851,0.10569,0.10569,0.10569,0.10569,0.10735,0.12646,-0.035803,0.12646,0.12796,0.14722,0.14722,0.14722,0.14852,0.16798,0.16798,0.16912,0.18874,-0.096014,0.18874,0.18874,0.18874,0.18874,0.18874,0.18874,0.18802,0.16798,0.16798,0.16741,-0.13941,0.14722,0.14722,0.14722,0.14722,0.14691,0.12646,0.12625,0.10569,0.56267,-0.19951,-0.26165,-0.32378,-0.36738,-0.42728,-0.48941,-0.55154,-0.59535,-0.65504,-0.69896,0.56247,-0.74038,-0.79991,-0.84398,-0.8854,-0.92682,-0.98615,-1.0304,-1.0718,-1.1133,-1.1547,0.56247,-1.1961,-1.2199,-1.2582,-1.2996,-1.3236,-1.3443,-1.3824,-1.3892,-1.4064,-1.4271,0.54207,-1.4307,-1.4307,-1.4137,-1.393,-1.3723,-1.3516,-1.314,-1.2726,-1.2145,-1.169,0.5417,-1.111,-1.0489,-0.97022,-0.90383,-0.80889,-0.72169,-0.62255,-0.50275,-0.39468,-0.29113,0.52141,-0.17149,-0.063261,0.056278,0.16461,0.28404,0.39247,0.51181,0.62034,0.72389,0.84307,2.0,2.0
-1.8806,-1.8547,-1.5999,-0.83108,-0.82282,-0.82282,-0.81623,-0.8118,-0.81001,-0.80138,-0.80078,-0.79516,-0.78976,-1.574,-0.78893,-0.78031,-0.77874,-0.77409,-0.76772,-0.76772,-0.75924,-0.75062,-0.74569,-0.74439,-1.5482,-0.73577,-0.72715,-0.71852,-0.7099,-0.70128,-0.69266,-0.68404,-0.67126,-0.65577,-0.64715,-1.5242,-0.63853,-0.62432,-0.61027,-0.60085,-0.5836,-0.56636,-0.55374,-0.54289,-0.52564,-0.51686,-1.507,-0.50217,-0.48493,-0.46895,-0.46033,-0.45171,-0.43799,-0.42345,-0.41482,-0.4062,-0.40411,-1.4897,-0.39998,-0.39135,-0.38273,-0.38207,-0.38207,-0.38207,-0.3813,-0.37268,-0.37105,-0.37105,-1.4725,-0.37105,-0.37105,-0.37105,-0.36502,-0.36003,-0.35879,-0.35017,-0.34155,-0.33293,-0.32431,-1.4552,-0.31568,-0.30706,-0.29194,-0.2788,-0.26847,-0.25123,-0.23398,-0.22227,-0.21051,-0.19327,-1.4389,-0.17602,-0.15878,-0.14153,-0.12429,-0.10705,-0.089802,-0.072558,-0.055314,-0.03807,-0.020826,-1.4303,-0.003582,0.013663,0.028262,0.036884,0.045506,0.054129,0.062751,0.071373,0.079995,0.088617,-1.8226,-1.4217,0.09173,0.094842,0.10346,0.11209,0.11377,0.11831,0.12479,0.12479,0.13316,0.1358,-1.4131,0.13939,0.14801,0.15663,0.16525,0.17387,0.1825,0.19112,0.19974,0.20836,0.21698,-1.4068,0.22561,0.23423,0.25073,0.26249,0.27111,0.27973,0.28836,0.30389,0.31662,0.32524,-1.4068,0.33386,0.34249,0.35706,0.37075,0.37937,0.38799,0.39661,0.41022,0.42488,0.4335,-1.3982,0.44212,0.45716,0.47038,0.47901,0.48763,0.49625,0.51033,0.52451,0.53314,0.54176,-1.3958,0.55038,0.559,0.56762,0.57625,0.58487,0.59349,0.60211,0.61073,0.61936,0.62798,-1.3958,0.6366,0.64522,0.65368,0.65368,0.66007,0.66869,0.67731,0.68594,0.68674,0.69216,-1.3958,0.70078,0.70941,0.71803,0.71979,0.72425,0.73494,0.75219,0.76114,0.76976,0.77838,-1.3958,0.78811,0.80535,0.81527,0.82389,0.83505,0.85215,0.86077,0.8694,0.87802,0.88664,-1.3958,0.89526,0.90388,0.91251,0.91813,0.91873,0.92735,0.92914,0.93358,0.94016,0.94016,-1.792,-1.3958,0.94016,0.94016,0.94363,0.95118,0.95118,0.95118,0.95118,0.95118,0.95129,0.95991,-1.3958,0.9622,0.96614,0.97322,0.97322,0.97322,0.97859,0.98424,0.98482,0.99344,0.99526,-1.3958,0.99966,1.0063,1.0063,1.0145,1.0231,1.0283,1.0294,1.038,1.0466,1.0552,-1.3958,1.0614,1.0615,1.0701,1.0787,1.0873,1.0959,1.1046,1.1132,1.1218,1.1304,-1.3958,1.139,1.1477,1.1563,1.1649,1.1735,1.1822,1.1908,1.1994,1.208,1.2166,-1.3915,1.2253,1.2339,1.2425,1.2511,1.2598,1.2684,1.277,1.2817,1.2832,1.2919,-1.3848,1.3005,1.3091,1.3148,1.3153,1.3239,1.3326,1.3412,1.3498,1.3584,1.3671,-1.3848,1.3757,1.3843,1.3929,1.4015,1.4102,1.4188,1.4298,1.447,1.4557,1.4705,-1.3767,1.4878,1.505,1.5223,1.5395,1.5568,1.574,1.5917,1.6176,1.6435,1.6693,-1.368,1.6952,1.7211,1.7551,1.7838,1.8164,1.8586,1.8931,1.9275,-1.7661,-1.3627,-1.3618,-1.3532,-1.3446,-1.336,-1.3297,-1.3297,-1.3211,-1.3187,-1.3149,-1.7403,-1.3076,-1.3076,-1.3076,-1.3024,-1.2966,-1.2966,-1.2966,-1.2966,-1.2966,-1.2966,-1.7067,-1.2966,-1.2966,-1.2909,-1.2856,-1.2856,-1.2856,-1.2785,-1.2746,-1.2723,-1.2636,-1.6775,-1.255,-1.2464,-1.2378,-1.2278,-1.2106,-1.2009,-1.1923,-1.1809,-1.1636,-1.1464,-1.6516,-1.1291,-1.1119,-1.0946,-1.0774,-1.0602,-1.0429,-1.0257,-1.0084,-0.99118,-0.97394,-1.6258,-0.95669,-0.93945,-0.9222,-0.90496,-0.89383,-0.88149,-0.86557,-0.85695,-0.84832,-0.8397,3.0,2.0
-0.46476,-0.60364,-0.75112,-1.0724,-1.0345,-0.99665,-0.95877,-0.92089,-0.88301,-0.84514,-0.80726,-0.77942,-0.75417,-0.77164,-0.72273,-0.68911,-0.66386,-0.63861,-0.61336,-0.58811,-0.57203,-0.55216,-0.52691,-0.50504,-0.79092,-0.49241,-0.47979,-0.45501,-0.43998,-0.42736,-0.41473,-0.4021,-0.38948,-0.37685,-0.36423,-0.80355,-0.3516,-0.33898,-0.32635,-0.31372,-0.30466,-0.30303,-0.2904,-0.27778,-0.26515,-0.25252,-0.81617,-0.2399,-0.22727,-0.21465,-0.20278,-0.20278,-0.19132,-0.1787,-0.17368,-0.168,-0.15912,-0.8288,-0.1573,-0.14468,-0.14457,-0.13398,-0.13001,-0.12328,-0.11066,-0.09803,-0.085404,-0.072779,-0.84142,-0.060153,-0.047527,-0.034901,-0.022275,-0.00965,0.004977,0.030156,0.042782,0.055408,0.068034,-0.85405,0.087573,0.10784,0.12352,0.14765,0.16027,0.18472,0.20997,0.22726,0.24592,0.27117,-0.86668,0.29643,0.32168,0.34693,0.37218,0.39743,0.42268,0.44794,0.47319,0.49844,0.52369,-0.88632,0.54894,0.58427,0.614,0.63925,0.6645,0.69212,0.72956,0.75481,0.78006,0.80531,-0.63555,-0.90648,0.83784,0.87037,0.89562,0.92088,0.94613,0.98357,1.0112,1.0364,1.0617,1.0914,-0.91911,1.1267,1.152,1.1772,1.2025,1.2371,1.2676,1.2928,1.3181,1.3433,1.3686,-0.93173,1.3938,1.4086,1.4298,1.455,1.4803,1.5028,1.5162,1.5415,1.5667,1.5824,-0.94436,1.595,1.6134,1.6348,1.6475,1.6601,1.6853,1.6999,1.7125,1.7251,1.7378,-0.95698,1.7504,1.763,1.7756,1.7883,1.7911,1.799,1.7998,1.7872,1.7746,1.7619,-0.9596,1.7493,1.7367,1.7241,1.7045,1.6792,1.654,1.6287,1.6035,1.5782,1.553,-0.96768,1.5277,1.5025,1.4772,1.4497,1.4122,1.3869,1.3507,1.3218,1.2895,1.2568,-0.98031,1.2283,1.1917,1.1665,1.1292,1.0913,1.0534,1.0218,0.99223,0.95435,0.91647,-0.99293,0.8786,0.84072,0.80284,0.77228,0.74164,0.70376,0.66741,0.64216,0.60468,0.5771,-1.0033,0.54348,0.51205,0.4868,0.46154,0.43629,0.41104,0.38579,0.36054,0.33529,0.3156,-0.64818,-1.0033,0.29934,0.2758,0.26317,0.23814,0.22336,0.21074,0.19811,0.18549,0.17286,0.16023,-1.0033,0.14761,0.14652,0.13691,0.13964,0.14652,0.14652,0.14652,0.14652,0.15911,0.16107,-1.0143,0.16107,0.16107,0.16107,0.16402,0.17563,0.17563,0.17563,0.17563,0.18349,0.19018,-1.027,0.19018,0.19225,0.20473,0.20473,0.20473,0.20473,0.21172,0.21929,0.21929,0.21929,-1.0324,0.21929,0.21929,0.21929,0.22733,0.23384,0.23384,0.23384,0.23384,0.23384,0.23384,-1.0429,0.23384,0.23384,0.23384,0.23384,0.23384,0.23384,0.23384,0.23384,0.23384,0.23384,-1.0615,0.23384,0.2314,0.21929,0.21929,0.21929,0.21929,0.21929,0.21929,0.21929,0.21929,-1.0629,0.21929,0.21929,0.21929,0.21929,0.21929,0.21929,0.22191,0.23384,0.23384,0.23384,-1.0755,0.2433,0.2484,0.2484,0.2484,0.2484,0.2484,0.26084,0.26295,0.26295,0.26295,-1.0882,0.26295,0.26295,0.26295,0.26295,0.26295,0.26295,0.26295,0.26874,-0.66081,-1.111,-1.128,-1.1406,-1.1708,-1.2265,-1.2512,-1.2639,-1.299,-1.3182,-1.3752,-0.67834,-1.4417,-1.4937,-1.5757,-1.6136,-1.676,-1.7081,-1.7417,-1.8057,-1.8711,-1.8964,-0.70061,-1.9216,-1.9469,-2.0064,-2.0411,-2.0587,-2.0714,-2.1025,-2.1569,-2.0812,-2.0553,-0.71324,-2.0406,-2.0194,-1.9941,-1.9689,-1.9465,-1.9329,-1.9077,-1.8824,-1.8475,-1.8174,-0.72586,-1.7921,-1.763,-1.7251,-1.6872,-1.662,-1.626,-1.5881,-1.5503,-1.5124,-1.4745,-0.73849,-1.4366,-1.3987,-1.3609,-1.323,-1.2851,-1.2472,-1.2094,-1.1715,-1.1338,-1.1086,4.0,2.0
-2.0383,-1.9355,-1.6628,-0.81022,-0.82343,-0.83412,-0.85414,-0.86561,-0.8763,-0.88699,-0.9023,-0.93657,-0.93657,-1.6415,-0.93328,-0.92646,-0.92201,-0.91635,-0.91635,-0.91016,-0.90624,-0.89889,-0.8644,-0.84719,-1.6201,-0.8365,-0.82581,-0.82523,-0.81454,-0.80385,-0.79316,-0.78247,-0.76872,-0.75098,-0.74029,-1.6062,-0.7248,-0.70343,-0.68801,-0.67078,-0.6494,-0.62802,-0.60664,-0.58526,-0.56388,-0.54251,-1.5956,-0.52113,-0.49866,-0.46826,-0.44688,-0.42551,-0.40413,-0.38275,-0.36137,-0.33999,-0.31861,-1.5849,-0.29723,-0.27586,-0.25448,-0.2331,-0.22036,-0.20045,-0.18888,-0.16808,-0.15739,-0.14526,-1.5742,-0.1259,-0.11521,-0.10134,-0.083728,-0.073039,-0.057422,-0.041552,-0.030863,-0.020174,-0.009484,-1.5833,0.001205,0.011894,0.013587,0.023165,0.023695,0.023695,0.023695,0.023695,0.023695,0.023695,-1.5936,0.020157,0.013587,0.008887,-0.001802,-0.012492,-0.023181,-0.03387,-0.052166,-0.065357,-0.084814,-1.5936,-0.096843,-0.10753,-0.11822,-0.12891,-0.1396,-0.15244,-0.16836,-0.17167,-0.17847,-0.12926,-1.9035,-1.5936,-0.067277,-0.061642,-0.050953,-0.040263,-0.029574,-0.018885,-0.008196,0.002494,0.022887,0.03398,-1.5936,0.045427,0.065467,0.078076,0.099455,0.12083,0.14221,0.16359,0.18497,0.20635,0.22773,-1.5963,0.25567,0.28059,0.30197,0.32335,0.34473,0.37558,0.39759,0.41897,0.44035,0.46173,-1.6037,0.4831,0.50448,0.52586,0.54322,0.55851,0.57989,0.59551,0.61254,0.62699,0.64519,-1.6037,0.65848,0.66917,0.68911,0.70065,0.71165,0.73214,0.74283,0.75352,0.76421,0.7749,-1.6037,0.7818,0.78617,0.79686,0.80201,0.80201,0.80201,0.80201,0.79415,0.79191,0.78288,-1.6037,0.77219,0.76143,0.74071,0.72878,0.70922,0.69613,0.67773,0.66348,0.6421,0.62545,-1.6037,0.60946,0.59396,0.58328,0.57259,0.5619,0.55121,0.54052,0.5392,0.52925,0.5291,-1.6037,0.5291,0.53069,0.5392,0.5392,0.5392,0.54312,0.54931,0.55439,0.55942,0.56566,-1.6037,0.57635,0.57964,0.58762,0.59831,0.609,0.65861,0.68092,0.69161,0.70366,0.72699,-1.8714,-1.611,0.75653,0.77791,0.79559,0.81055,0.83193,0.85331,0.86868,0.88596,0.90016,0.91861,-1.6059,0.93999,0.95245,0.97264,0.99402,1.0154,1.0356,1.048,1.0694,1.0879,1.1021,-1.6037,1.1194,1.1301,1.1408,1.1515,1.1622,1.1729,1.1835,1.1942,1.2049,1.2063,-1.6037,1.2162,1.2164,1.2174,1.2266,1.2266,1.2266,1.2266,1.2266,1.2266,1.2266,-1.594,1.2266,1.2204,1.2164,1.2164,1.2164,1.2164,1.2164,1.2164,1.2164,1.2164,-1.5936,1.2152,1.2063,1.2063,1.2063,1.2027,1.1962,1.1962,1.1962,1.1962,1.1897,-1.5929,1.1861,1.1785,1.176,1.1672,1.1659,1.1659,1.1659,1.1659,1.1659,1.1659,-1.5822,1.1687,1.1794,1.1901,1.2007,1.2216,1.248,1.2694,1.2908,1.3122,1.3416,-1.5734,1.3736,1.4057,1.4378,1.4698,1.5027,1.5441,1.5761,1.6108,1.6504,1.6824,-1.5709,1.7145,1.7466,1.7787,1.8047,1.8327,1.8503,1.8688,1.8818,-1.8393,-1.5602,-1.5495,-1.5389,-1.5282,-1.5121,-1.4907,-1.4759,-1.4581,-1.4367,-1.4071,-1.8072,-1.3838,-1.3625,-1.3411,-1.3197,-1.2983,-1.277,-1.2578,-1.2443,-1.2229,-1.2015,-1.7752,-1.1802,-1.1588,-1.1374,-1.116,-1.1015,-1.0834,-1.062,-1.0492,-1.0294,-1.0178,-1.7431,-0.99696,-0.98627,-0.97417,-0.95479,-0.9441,-0.93025,-0.91261,-0.8976,-0.88112,-0.87044,-1.7157,-0.85368,-0.83895,-0.82826,-0.81757,-0.80688,-0.79619,-0.7855,-0.77484,-0.77423,-0.76354,-1.6891,-0.75462,-0.75462,-0.75169,-0.74451,-0.74861,-0.75462,-0.75988,-0.77057,-0.78126,-0.79195,5.0,2.0
-2.1575,-2.0269,-1.8602,-0.82495,-0.81604,-0.81302,-0.80417,-0.80109,-0.7923,-0.78916,-0.78043,-0.77722,-0.76856,-1.8364,-0.76529,-0.75669,-0.75336,-0.74481,-0.74143,-0.72953,-0.72107,-0.7176,-0.7057,-0.69733,-1.8126,-0.69377,-0.68546,-0.68184,-0.66993,-0.65803,-0.64984,-0.6461,-0.6342,-0.6223,-0.6104,-1.7888,-0.5985,-0.58271,-0.56282,-0.55092,-0.53902,-0.52311,-0.50334,-0.49144,-0.47954,-0.46764,-1.7649,-0.45574,-0.44384,-0.43194,-0.42004,-0.40813,-0.39623,-0.38866,-0.3843,-0.3724,-0.3605,-1.7411,-0.3486,-0.34118,-0.33667,-0.32476,-0.31286,-0.30096,-0.28906,-0.27716,-0.26526,-0.25336,-1.7173,-0.24146,-0.22955,-0.21765,-0.20575,-0.19385,-0.18195,-0.17497,-0.17002,-0.1631,-0.1631,-1.6935,-0.15806,-0.15123,-0.15123,-0.15123,-0.14607,-0.13936,-0.13936,-0.13411,-0.12749,-0.12749,-1.6697,-0.12215,-0.11562,-0.11021,-0.10374,-0.098283,-0.086382,-0.080001,-0.074451,-0.062549,-0.056257,-1.6459,-0.050618,-0.038717,-0.032514,-0.026786,-0.014884,-0.002983,0.008918,0.014973,0.020849,0.032751,-2.015,-1.6227,0.044652,0.056553,0.068455,0.080356,0.086203,0.092287,0.10419,0.10995,0.11612,0.12802,-1.6102,0.13369,0.13995,0.14556,0.15188,0.16378,0.1693,0.17572,0.18762,0.19305,0.19955,-1.5864,0.21145,0.22335,0.23525,0.24053,0.24718,0.25908,0.26428,0.27102,0.28292,0.29482,-1.5633,0.29989,0.30675,0.31865,0.33055,0.3494,0.36623,0.37813,0.39003,0.40193,0.41383,-1.5514,0.42573,0.43763,0.44235,0.44957,0.46147,0.4661,0.4734,0.4853,0.48984,0.49723,-1.5387,0.50913,0.52103,0.52546,0.53296,0.54487,0.55677,0.56867,0.57294,0.5806,0.5925,-1.5157,0.6044,0.6163,0.6282,0.6323,0.64014,0.65204,0.66394,0.66792,0.67587,0.68777,-1.5038,0.69967,0.70353,0.7116,0.7154,0.72353,0.72727,0.72727,0.73549,0.73915,0.73915,-1.4919,0.73915,0.74749,0.75102,0.75942,0.76289,0.77135,0.77476,0.78328,0.79518,0.80708,-1.48,0.81898,0.82225,0.83091,0.84281,0.85472,0.85786,0.86665,0.87855,0.88161,0.89048,-2.003,-1.4681,0.89348,0.90241,0.90535,0.90535,0.91437,0.91722,0.9263,0.92909,0.93823,0.94096,-1.4562,0.94096,0.95019,0.95284,0.96212,0.96471,0.96471,0.97409,0.97658,0.98602,0.98845,-1.4443,0.98845,0.99798,1.0099,1.0218,1.0337,1.0359,1.0456,1.0575,1.0597,1.0694,-1.4324,1.0813,1.0932,1.0953,1.1052,1.1171,1.119,1.129,1.1409,1.1428,1.1528,-1.4205,1.1547,1.1648,1.1665,1.1767,1.1784,1.1886,1.1903,1.2006,1.2021,1.2125,-1.4086,1.214,1.214,1.2245,1.2259,1.2259,1.2259,1.2364,1.2378,1.2378,1.2484,-1.3978,1.2496,1.2603,1.2615,1.2723,1.2734,1.2842,1.2961,1.308,1.3199,1.3318,-1.3967,1.3437,1.3556,1.3675,1.3794,1.4024,1.4151,1.4381,1.4508,1.4739,1.4977,-1.3859,1.5102,1.5334,1.5572,1.581,1.6048,1.6286,1.6524,1.6762,1.7,1.7123,-1.3859,1.7358,1.748,1.7599,1.7834,1.7955,1.8074,1.8193,1.8313,-1.9794,-1.3859,-1.3847,-1.374,-1.374,-1.3727,-1.3621,-1.3608,-1.3503,-1.3488,-1.3369,-1.9673,-1.325,-1.3131,-1.3012,-1.2893,-1.2774,-1.2655,-1.252,-1.2299,-1.218,-1.2043,-1.9435,-1.1823,-1.1686,-1.1466,-1.1347,-1.1209,-1.099,-1.0871,-1.0752,-1.0633,-1.0514,-1.9199,-1.0395,-1.0276,-1.0157,-1.0038,-0.99192,-0.98002,-0.96812,-0.95622,-0.94663,-0.94429,-1.9078,-0.93476,-0.93236,-0.92289,-0.92043,-0.90852,-0.89915,-0.89659,-0.88727,-0.88727,-0.88463,-1.884,-0.8754,-0.8727,-0.86353,-0.86353,-0.86074,-0.85166,-0.84881,-0.83979,-0.83688,-0.82792,3.0,2.0
0.85668,0.85668,0.8511,-0.8085,-0.72189,-0.63529,-0.58055,-0.49395,-0.40734,-0.32249,-0.29787,-0.19565,-0.11805,0.82481,-0.008576,0.1009,0.21037,0.31984,0.37864,0.45871,0.55264,0.66212,0.77159,0.88106,0.82481,0.99053,1.1,1.2095,1.2552,1.3647,1.4423,1.5518,1.6254,1.707,1.7668,0.82481,1.8128,1.8444,1.8991,1.922,1.9449,1.9721,1.8478,1.5388,1.4931,1.3836,0.79294,1.2423,1.101,0.96328,0.81828,0.66674,0.50612,0.43393,0.26972,0.11157,-0.026821,0.79294,-0.39021,-0.62023,-0.64501,-0.75448,-0.86395,-0.97342,-1.0829,-1.1717,-1.2583,-1.3104,0.79294,-1.3359,-1.3742,-1.406,-1.4364,-1.4379,-1.4503,-1.4698,-1.4436,-1.4379,-1.4379,0.79294,-1.4068,-1.406,-1.3742,-1.3701,-1.3423,-1.3104,-1.3015,-1.2468,-1.192,-1.1373,0.79294,-1.0459,-0.9641,-0.85885,-0.74938,-0.70365,-0.59418,-0.4847,-0.36974,-0.23389,-0.10506,0.79294,0.01692,0.15826,0.29195,0.37864,0.45481,0.59336,0.70562,0.81509,0.95643,1.041,0.85668,0.79294,1.1435,1.1892,1.2689,1.3763,1.4539,1.5315,1.6153,1.6701,1.7248,1.7795,0.79294,1.8024,1.8446,1.8765,1.8765,1.7635,1.6586,1.4316,1.354,1.2445,1.1351,0.79294,1.0256,0.91611,0.80664,0.76091,0.62849,0.43242,0.30502,0.19555,0.086077,-0.17039,0.79294,-0.57904,-0.66485,-0.71958,-0.74245,-0.79718,-0.85192,-0.90665,-0.96139,-0.99175,-1.0236,0.78593,-1.0555,-1.0847,-1.0874,-1.0874,-1.1192,-1.1192,-1.1192,-1.0874,-1.0874,-1.0555,0.76107,-1.0236,-1.0207,-0.99175,-0.94307,-0.9202,-0.86546,-0.8324,-0.78786,-0.73679,-0.71026,0.76107,-0.638,-0.56892,-0.48279,-0.37332,-0.32759,-0.21812,-0.10865,0.032695,0.18328,0.31562,0.76107,0.47982,0.64403,0.80824,0.88855,1.0221,1.1734,1.3057,1.4461,1.5704,1.6969,0.76107,1.8064,1.9159,1.9935,2.0694,2.1241,2.1633,2.1952,2.1952,2.1952,2.1064,0.76107,1.8327,1.66,1.4297,1.3202,1.2107,1.1224,1.0237,0.91731,0.8366,0.71016,0.85668,0.74434,0.58579,0.47632,0.33498,0.071576,-0.2664,-0.40256,-0.51721,-0.62668,-0.73615,-0.84563,0.7292,-0.92323,-0.96442,-1.0466,-1.1058,-1.1605,-1.1834,-1.2148,-1.2467,-1.252,-1.2786,0.7292,-1.2786,-1.2786,-1.2786,-1.2786,-1.2786,-1.2726,-1.2467,-1.2269,-1.204,-1.1811,0.7292,-1.1264,-1.1035,-1.0169,-0.96219,-0.8869,-0.85272,-0.79798,-0.71783,-0.65664,-0.59449,0.76107,-0.5153,-0.43929,-0.37396,-0.34783,-0.26449,-0.20975,-0.15502,-0.10028,-0.045544,0.009192,0.76107,0.063927,0.091813,0.14153,0.1644,0.18742,0.18742,0.15555,0.15555,0.12798,0.12368,0.73462,0.11412,0.091813,0.091813,0.091813,0.059944,0.059944,0.059944,0.028074,0.028074,0.028074,0.67988,0.028074,-0.003795,-0.003795,-0.003795,-0.003795,-0.003795,-0.003795,-0.003795,-0.010647,-0.035664,0.65702,-0.035664,-0.035664,-0.067534,-0.067534,-0.067534,-0.067534,-0.067534,-0.035664,-0.035664,-0.035664,0.60228,-0.009372,-0.003795,-0.003795,-0.003795,0.018354,-0.003795,-0.003795,-0.003795,0.85668,0.57941,0.52468,0.46994,0.44238,0.39234,0.33761,0.28287,0.22813,0.1734,0.11866,0.85668,0.091813,0.022178,-0.045544,-0.10028,-0.17876,-0.25636,-0.32823,-0.41156,-0.46957,-0.49243,0.85668,-0.57904,-0.63377,-0.68851,-0.77511,-0.82985,-0.91645,-1.0031,-1.0282,-1.1125,-1.1673,0.85668,-1.222,-1.2767,-1.3315,-1.3543,-1.3742,-1.4001,-1.4379,-1.4698,-1.4698,-1.4698,0.85668,-1.457,-1.4379,-1.4379,-1.4203,-1.3974,-1.3742,-1.3517,-1.3288,-1.306,-1.2786,0.85668,-1.2602,-1.2374,-1.2145,-1.1598,-1.1369,-1.0822,-1.0274,-0.9727,-0.94984,-0.89407,2.0,2.0
-0.39534,-0.45205,-0.54994,-1.5874,-1.5533,-1.5203,-1.4976,-1.4657,-1.4317,-1.3977,-1.3636,-1.3296,-1.2956,-0.55427,-1.2615,-1.2275,-1.1935,-1.1493,-1.1181,-1.0874,-1.0429,-1.0089,-0.97488,-0.94085,-0.56034,-0.90394,-0.85857,-0.82432,-0.7903,-0.75627,-0.72224,-0.68821,-0.65419,-0.62016,-0.58613,-0.57465,-0.55211,-0.51808,-0.49301,-0.46447,-0.43319,-0.41051,-0.38782,-0.36514,-0.34722,-0.33422,-0.59733,-0.31153,-0.29874,-0.29419,-0.29051,-0.27974,-0.27974,-0.27093,-0.2653,-0.26269,-0.25135,-0.59762,-0.25085,-0.24312,-0.2364,-0.23488,-0.22354,-0.22195,-0.2153,-0.20396,-0.19305,-0.19305,-0.6138,-0.18438,-0.17304,-0.1617,-0.15035,-0.13901,-0.12008,-0.10188,-0.089163,-0.066479,-0.053402,-0.62652,-0.035558,-0.012873,0.009811,0.032496,0.046656,0.063417,0.086102,0.10879,0.13147,0.1616,-0.6284,0.19129,0.2152,0.24923,0.27379,0.30283,0.33361,0.35644,0.39047,0.42449,0.45325,-0.63974,0.4781,0.51213,0.54615,0.57288,0.59976,0.63379,0.66781,0.69252,0.72142,0.75545,-0.47582,-0.65108,0.78947,0.81216,0.84308,0.87198,0.89668,0.93071,0.96474,0.99161,1.0183,1.0524,-0.66943,1.0864,1.1204,1.1484,1.174,1.2081,1.2309,1.2536,1.2812,1.3134,1.3361,-0.68821,1.3588,1.3885,1.4186,1.4413,1.4639,1.4866,1.5093,1.532,1.5547,1.5774,-0.70035,1.6001,1.6179,1.6292,1.6406,1.6519,1.6564,1.6602,1.6715,1.6828,1.6853,-0.72304,1.6911,1.7024,1.7138,1.7251,1.7365,1.7431,1.7415,1.7302,1.7188,1.7142,-0.73669,1.7106,1.6992,1.6879,1.6766,1.6652,1.6539,1.6425,1.6204,1.6054,1.5895,-0.74803,1.5683,1.5569,1.5359,1.5066,1.4761,1.4534,1.4307,1.3994,1.3709,1.3458,-0.75938,1.3118,1.2884,1.2582,1.2286,1.2046,1.1706,1.1365,1.1025,1.0718,1.0489,-0.77072,1.0149,0.98085,0.94682,0.91279,0.87877,0.84474,0.81071,0.77669,0.74266,0.70863,-0.78206,0.6746,0.64058,0.60973,0.58697,0.55295,0.51892,0.49009,0.46741,0.44472,0.42204,-0.48203,-0.78546,0.39935,0.37667,0.35398,0.3313,0.31786,0.30652,0.29214,0.26946,0.25804,0.2467,-0.7903,0.24042,0.23847,0.22712,0.22597,0.21889,0.21152,0.21065,0.19931,0.19707,0.19707,-0.7999,0.19996,0.2113,0.21152,0.21152,0.21643,0.22597,0.22597,0.22597,0.2329,0.24042,-0.7999,0.24042,0.24042,0.24042,0.24627,0.25486,0.25486,0.25486,0.25486,0.25486,0.25486,-0.7999,0.25486,0.25486,0.25486,0.25855,0.26931,0.26931,0.26931,0.26931,0.26931,0.26931,-0.7999,0.26931,0.26931,0.26931,0.26931,0.26931,0.25956,0.25486,0.25486,0.25486,0.25486,-0.7999,0.25486,0.25486,0.25486,0.25486,0.25486,0.25486,0.25486,0.25486,0.25486,0.25486,-0.80055,0.24836,0.24042,0.24042,0.24042,0.24042,0.24042,0.24042,0.24042,0.22987,0.22597,-0.8119,0.22597,0.22597,0.22597,0.22597,0.22597,0.22597,0.22597,0.22597,0.22597,0.22597,-0.81435,0.22597,0.22597,0.22597,0.22597,0.22597,0.22597,0.22597,0.22597,-0.48405,-0.80857,-0.7999,-0.7999,-0.7999,-0.7999,-0.82808,-0.88819,-0.89953,-0.91087,-0.92893,-0.49539,-0.94801,-0.96137,-1.0181,-1.0486,-1.0882,-1.1398,-1.1738,-1.2402,-1.2776,-1.3139,-0.49648,-1.3663,-1.389,-1.4214,-1.4817,-1.5437,-1.5675,-1.6242,-1.6981,-1.7556,-1.7967,-0.50363,-1.8648,-1.8904,-1.9356,-1.9791,-2.0005,-2.0118,-2.0327,-2.0747,-2.0882,-1.9987,-0.51497,-1.976,-1.9618,-1.9505,-1.9391,-1.9278,-1.906,-1.8907,-1.8793,-1.8668,-1.8441,-0.52725,-1.8308,-1.8132,-1.7905,-1.7678,-1.7452,-1.7225,-1.6998,-1.675,-1.641,-1.6173,4.0,2.0
1.8829,1.8132,1.688,-0.8894,-0.91724,-0.93392,-0.96175,-0.98133,-1.0063,-1.0315,-1.0508,-1.0786,-1.1064,1.6176,-1.1318,-1.151,-1.1788,-1.1958,-1.2209,-1.2348,-1.2567,-1.2738,-1.29,-1.3128,1.5279,-1.3267,-1.3512,-1.3679,-1.3908,-1.4124,-1.4298,-1.4458,-1.4688,-1.4827,-1.4863,1.4444,-1.4994,-1.5086,-1.5161,-1.53,-1.542,-1.5466,-1.5532,-1.5633,-1.5772,-1.5867,1.3661,-1.5867,-1.5967,-1.5994,-1.609,-1.609,-1.5991,-1.5852,-1.5755,-1.5685,-1.5546,1.2965,-1.5406,-1.5267,-1.5128,-1.4989,-1.485,-1.467,-1.446,-1.4321,-1.407,-1.3891,1.2591,-1.368,-1.3446,-1.328,-1.3039,-1.2834,-1.265,-1.2501,-1.226,-1.2056,-1.187,1.2243,-1.1731,-1.1555,-1.1341,-1.1201,-1.0951,-1.0812,-1.0672,-1.0533,-1.0394,-1.0255,1.1699,-1.0116,-0.99765,-0.99489,-0.98097,-0.96705,-0.95313,-0.93961,-0.93646,-0.92254,-0.90862,1.1186,-0.90586,-0.89194,-0.88383,-0.87526,-0.8725,-0.85859,-0.85036,-0.84191,-0.82804,-0.82523,1.7993,1.0914,-0.81131,-0.79739,-0.78348,-0.76956,-0.75564,-0.74995,-0.73896,-0.72764,-0.72228,-0.71648,1.0641,-0.70561,-0.70284,-0.69417,-0.68617,-0.68301,-0.66949,-0.6607,-0.65281,-0.63889,-0.62497,1.0363,-0.61608,-0.60829,-0.60492,-0.59162,-0.5777,-0.56378,-0.5603,-0.54914,-0.54434,-0.53798,1.0084,-0.52766,-0.5249,-0.51098,-0.49707,-0.48315,-0.47105,-0.46647,-0.45989,-0.44979,-0.44703,0.9806,-0.43311,-0.4192,-0.40528,-0.39136,-0.37744,-0.36353,-0.34961,-0.32454,-0.31062,-0.2897,0.95277,-0.27163,-0.24655,-0.22851,-0.20756,-0.184,-0.16732,-0.1435,-0.12958,-0.11566,-0.1006,0.92494,-0.076672,-0.062755,-0.048837,-0.045044,-0.021002,-0.007085,-0.002483,0.009594,0.019829,0.026272,0.8971,0.04019,0.042951,0.056868,0.064454,0.073547,0.076308,0.086767,0.092986,0.097923,0.10908,0.87964,0.11243,0.12024,0.1291,0.13187,0.14578,0.1537,0.16246,0.17602,0.17914,0.19306,0.84863,0.19833,0.20974,0.22064,0.22642,0.24033,0.25425,0.26817,0.28208,0.296,0.30992,1.7854,0.80718,0.32384,0.33775,0.35167,0.36559,0.37951,0.39342,0.40734,0.42126,0.43518,0.44909,0.78576,0.46301,0.47693,0.49085,0.50476,0.51868,0.5326,0.54652,0.56554,0.58551,0.59942,0.72714,0.61557,0.63842,0.66009,0.67741,0.69344,0.7164,0.73796,0.75539,0.78046,0.79438,0.69849,0.8083,0.82221,0.84729,0.86121,0.87512,0.88904,0.90296,0.91687,0.93079,0.94471,0.67994,0.95863,0.97254,0.98646,0.98047,0.96655,0.95695,0.97112,0.98911,1.0268,1.0504,0.65211,1.0783,1.1006,1.127,1.1548,1.1758,1.1993,1.2272,1.251,1.2717,1.2995,0.63443,1.3162,1.3401,1.3541,1.3774,1.3931,1.407,1.4209,1.4348,1.4599,1.4738,0.60935,1.4877,1.5016,1.5163,1.5406,1.5545,1.5685,1.5824,1.5963,1.6102,1.6241,0.59544,1.638,1.652,1.6659,1.6798,1.6826,1.6965,1.7104,1.7243,1.7382,1.7521,0.57424,1.7661,1.78,1.7939,1.8078,1.8217,1.8356,1.8496,1.8635,1.7715,0.55644,0.54253,0.52861,0.51469,0.50077,0.48686,0.47294,0.45902,0.44511,0.43119,1.7576,0.41727,0.40335,0.38944,0.38667,0.37276,0.35884,0.30654,0.29514,0.26131,0.25411,1.7436,0.24463,0.19833,0.19448,0.18056,0.12916,0.11438,0.049561,0.009649,-0.013639,-0.024796,1.7297,-0.039299,-0.075807,-0.080577,-0.095498,-0.16509,-0.2033,-0.24848,-0.31486,-0.33868,-0.42377,1.7158,-0.45766,-0.50504,-0.51896,-0.53288,-0.5468,-0.56071,-0.57463,-0.59449,-0.61362,-0.62754,1.7019,-0.64452,-0.66653,-0.68045,-0.70572,-0.7306,-0.75023,-0.77806,-0.8059,-0.83373,-0.86157,1.0,2.0
-1.9154,-1.7401,-1.5642,-0.8404,-0.82871,-0.82575,-0.81705,-0.80536,-0.79368,-0.7906,-0.78202,-0.77033,-0.76717,-1.5411,-0.75867,-0.74698,-0.74373,-0.73533,-0.73202,-0.72367,-0.7203,-0.71201,-0.70858,-0.70035,-1.5177,-0.68866,-0.68515,-0.677,-0.66532,-0.65363,-0.64194,-0.63025,-0.61857,-0.60688,-0.59519,-1.5057,-0.5835,-0.57182,-0.56013,-0.54844,-0.53675,-0.52507,-0.51338,-0.50169,-0.49,-0.47832,-1.4827,-0.46663,-0.45494,-0.44325,-0.43909,-0.43159,-0.42738,-0.41994,-0.41566,-0.40828,-0.40394,-1.4706,-0.39662,-0.39223,-0.38496,-0.38051,-0.3733,-0.36879,-0.36164,-0.35707,-0.35707,-0.35002,-1.4477,-0.34536,-0.33836,-0.33364,-0.3267,-0.32192,-0.31504,-0.30335,-0.29849,-0.29169,-0.28001,-1.4355,-0.26832,-0.26334,-0.25666,-0.24497,-0.23991,-0.23332,-0.22819,-0.22819,-0.22169,-0.21647,-1.4238,-0.21647,-0.21006,-0.20476,-0.1984,-0.19304,-0.18674,-0.18132,-0.18132,-0.17511,-0.1696,-1.4122,-0.1696,-0.16348,-0.15789,-0.15182,-0.14617,-0.14017,-0.13445,-0.12851,-0.12274,-0.11685,-1.7164,-1.4005,-0.11102,-0.10519,-0.093504,-0.081816,-0.07587,-0.070158,-0.05847,-0.046783,-0.035095,-0.023408,-1.3888,-0.01172,-3.2e-05,0.017162,0.03506,0.046747,0.058435,0.070122,0.08181,0.093498,0.10519,-1.3771,0.11687,0.12856,0.14025,0.15194,0.16362,0.17531,0.187,0.19869,0.21037,0.22206,-1.3654,0.23375,0.24544,0.25712,0.26881,0.2805,0.29702,0.31559,0.32728,0.33897,0.35065,-1.3537,0.36234,0.37403,0.38572,0.3974,0.40909,0.42078,0.43247,0.43967,0.43967,0.4441,-1.342,0.45578,0.46311,0.46311,0.46741,0.47482,0.47907,0.48654,0.49073,0.49826,0.50239,-1.3303,0.50997,0.51405,0.52169,0.5257,0.53341,0.53341,0.53341,0.53341,0.53341,0.53341,-1.3187,0.53341,0.53719,0.54512,0.54512,0.54512,0.54879,0.55684,0.55684,0.56042,0.5721,-1.307,0.58028,0.58376,0.59199,0.59542,0.60371,0.60708,0.61543,0.61543,0.61871,0.62714,-1.2953,0.62714,0.63034,0.63886,0.63886,0.64196,0.65365,0.66534,0.67703,0.68872,0.7004,-1.7046,-1.2944,0.71209,0.72088,0.72375,0.73259,0.73541,0.74431,0.74707,0.75875,0.77044,0.78213,-1.2836,0.79382,0.8055,0.81719,0.82888,0.84057,0.84976,0.85222,0.86391,0.8756,0.88729,-1.2827,0.89897,0.91066,0.92006,0.92232,0.93401,0.9457,0.95738,0.96693,0.96904,0.98073,-1.2827,0.99037,0.99239,1.0021,1.004,1.0138,1.0138,1.0157,1.0255,1.0255,1.0273,-1.272,1.039,1.049,1.0506,1.0607,1.0623,1.074,1.0841,1.0857,1.0958,1.0973,-1.271,1.109,1.1207,1.1324,1.1441,1.1557,1.1674,1.1791,1.1908,1.2025,1.2154,-1.271,1.2376,1.2504,1.2738,1.2972,1.3205,1.3439,1.3683,1.4024,1.4267,1.4618,-1.2604,1.4968,1.5327,1.5787,1.6145,1.6613,1.708,1.7548,1.8015,1.8483,1.895,-1.2593,1.9418,1.9885,2.0353,2.082,2.1288,2.1755,2.2219,2.2573,2.3037,2.3391,-1.2487,2.3856,2.4206,2.4554,2.479,2.5141,2.549,2.5725,2.6075,-1.6813,-1.2476,-1.2476,-1.2371,-1.2358,-1.2254,-1.2241,-1.2138,-1.2124,-1.2021,-1.2007,-1.6579,-1.1904,-1.189,-1.1788,-1.1773,-1.1671,-1.1655,-1.1555,-1.1538,-1.1438,-1.1421,-1.6461,-1.1321,-1.1304,-1.1304,-1.1205,-1.1187,-1.1089,-1.107,-1.0972,-1.0952,-1.0855,-1.6229,-1.0835,-1.0739,-1.0718,-1.0622,-1.0505,-1.0389,-1.0367,-1.0272,-1.0249,-1.0155,-1.5995,-1.0132,-1.0039,-0.99219,-0.98979,-0.98053,-0.96884,-0.95715,-0.95464,-0.9455,-0.94292,-1.5762,-0.93384,-0.92215,-0.91949,-0.91049,-0.8988,-0.88712,-0.87543,-0.86374,-0.8609,-0.85208,3.0,2.0
-0.46524,-0.53226,-0.63406,-1.6565,-1.63,-1.6109,-1.5849,-1.5562,-1.5275,-1.4988,-1.47,-1.4413,-1.4068,-0.64363,-1.3693,-1.3405,-1.3066,-1.2685,-1.2398,-1.2063,-1.168,-1.139,-1.106,-1.0677,-0.65321,-1.0382,-1.0058,-0.96746,-0.93743,-0.90549,-0.86719,-0.83664,-0.80522,-0.76692,-0.73586,-0.66278,-0.70714,-0.67842,-0.6497,-0.62098,-0.59226,-0.56354,-0.53598,-0.51684,-0.49769,-0.47854,-0.67236,-0.45939,-0.44025,-0.4211,-0.40195,-0.38748,-0.37791,-0.35912,-0.34414,-0.33457,-0.32499,-0.68193,-0.31542,-0.30585,-0.29627,-0.28356,-0.26441,-0.25294,-0.24336,-0.23379,-0.22421,-0.21252,-0.68449,-0.19337,-0.18088,-0.16969,-0.15055,-0.1314,-0.11225,-0.093104,-0.073957,-0.054225,-0.025503,-0.68646,-0.001898,0.017323,0.046044,0.074766,0.10349,0.14134,0.17555,0.20427,0.24161,0.27633,-0.69603,0.30505,0.34188,0.37711,0.40583,0.44215,0.48045,0.51874,0.54995,0.58072,0.61901,-0.70561,0.65731,0.69407,0.72279,0.75757,0.79485,0.82357,0.85229,0.88152,0.91982,0.95307,-0.57209,-0.71372,0.98179,1.0105,1.0392,1.068,1.0967,1.1254,1.1541,1.1828,1.2081,1.2272,-0.71372,1.2544,1.2801,1.2993,1.3184,1.3376,1.3567,1.3759,1.395,1.4141,1.4268,-0.71971,1.4378,1.457,1.4701,1.4797,1.4893,1.4988,1.5084,1.518,1.5276,1.5371,-0.72834,1.5372,1.5417,1.5512,1.5518,1.5558,1.5654,1.5665,1.5665,1.5665,1.5585,-0.72834,1.5489,1.5393,1.5298,1.5202,1.5106,1.501,1.4915,1.4819,1.4723,1.4614,-0.72834,1.4422,1.4231,1.4039,1.3848,1.3656,1.3461,1.3174,1.2887,1.2599,1.2406,-0.72877,1.2171,1.1884,1.1597,1.131,1.1022,1.0735,1.0448,1.0161,0.98735,0.95862,-0.73835,0.9299,0.90118,0.8748,0.85565,0.82963,0.80091,0.77219,0.74983,0.72936,0.70064,-0.74295,0.67777,0.65862,0.63947,0.62033,0.60147,0.5919,0.5775,0.55835,0.54856,0.53467,-0.74295,0.51553,0.50522,0.49565,0.48607,0.48483,0.48154,0.47197,0.46239,0.4556,0.4556,-0.58166,-0.74295,0.4556,0.45333,0.44376,0.44098,0.44098,0.44098,0.44098,0.44098,0.44098,0.43521,-0.74295,0.42637,0.42637,0.42637,0.42637,0.42637,0.42637,0.42637,0.42637,0.42213,0.41255,-0.74295,0.41175,0.41175,0.41175,0.41175,0.41175,0.41175,0.41175,0.41175,0.41175,0.41175,-0.74295,0.40956,0.39998,0.39713,0.39713,0.39713,0.39713,0.3983,0.40788,0.41175,0.41175,-0.74295,0.41175,0.41175,0.41175,0.41175,0.41643,0.426,0.42637,0.43053,0.4401,0.44098,-0.74295,0.44464,0.45421,0.4556,0.4556,0.4556,0.46327,0.47021,0.47021,0.47021,0.47233,-0.75143,0.48191,0.48483,0.48483,0.48483,0.48483,0.48483,0.48483,0.48483,0.48483,0.48483,-0.75757,0.48483,0.48483,0.48483,0.48483,0.48483,0.48483,0.48483,0.48483,0.47621,0.47021,-0.75757,0.47021,0.47021,0.47021,0.47021,0.47021,0.46766,0.45808,0.4556,0.4556,0.4556,-0.75757,0.4556,0.4556,0.4556,0.44953,0.44098,0.44098,0.44654,0.45611,-0.59123,-0.77219,-0.82005,-0.83811,-0.85009,-0.86924,-0.91616,-0.966,-0.98515,-1.0236,-1.0715,-0.60081,-1.1193,-1.1494,-1.1695,-1.1982,-1.2377,-1.2849,-1.3136,-1.3374,-1.3566,-1.4134,-0.61038,-1.4533,-1.4725,-1.5005,-1.5447,-1.6118,-1.6368,-1.6559,-1.675,-1.7258,-1.7718,-0.6114,-1.791,-1.8322,-1.8731,-1.8922,-1.932,-1.9726,-1.9821,-1.9854,-1.9827,-1.9636,-0.61491,-1.9503,-1.9407,-1.9311,-1.9216,-1.912,-1.9024,-1.8928,-1.8833,-1.8737,-1.8598,-0.62449,-1.8407,-1.8303,-1.817,-1.7978,-1.7787,-1.7595,-1.7404,-1.7212,-1.7021,-1.6829,4.0,2.0
-2.3915,-2.0677,-1.6785,-0.6408,-0.64181,-0.65193,-0.65296,-0.66001,-0.67013,-0.67728,-0.67822,-0.68834,-0.69846,-1.6563,-0.70858,-0.71871,-0.72883,-0.73895,-0.74907,-0.76816,-0.78147,-0.79159,-0.80457,-0.82399,-1.626,-0.83411,-0.84424,-0.85436,-0.86448,-0.8746,-0.88472,-0.89484,-0.90496,-0.9287,-0.94475,-1.6056,-0.94749,-0.95621,-0.94609,-0.94475,-0.938,-0.93259,-0.92992,-0.9198,-0.90968,-0.89955,-1.5854,-0.88943,-0.87931,-0.86658,-0.84691,-0.83679,-0.82667,-0.81655,-0.80642,-0.7963,-0.78567,-1.5651,-0.76542,-0.75378,-0.69114,-0.62722,-0.59436,-0.55433,-0.52397,-0.48506,-0.44458,-0.40856,-1.5488,-0.37576,-0.33528,-0.29479,-0.26278,-0.23242,-0.20206,-0.17169,-0.14133,-0.11096,-0.080599,-1.5386,-0.050235,-0.01987,0.010494,0.040858,0.071223,0.10159,0.13195,0.16232,0.19043,0.21067,-1.5285,0.23092,0.25116,0.2714,0.29165,0.3097,0.31982,0.32994,0.33183,0.33803,0.34815,-1.5184,0.35614,0.35614,0.35614,0.35614,0.35614,0.35204,0.34399,0.34395,0.33383,0.3156,-1.9701,-1.5083,0.30143,0.28727,0.26903,0.25891,0.2387,0.21845,0.19821,0.18195,0.16988,0.14964,-1.4981,0.13943,0.12931,0.11919,0.11299,0.1111,0.10098,0.04101,0.019947,0.009825,0.003564,-1.488,0.003564,0.003564,0.003564,0.003564,0.003564,0.007364,0.017485,0.027606,0.037728,0.047849,-1.4797,0.057971,0.068092,0.079916,0.10016,0.11061,0.12849,0.14302,0.15681,0.18855,0.27964,-1.4797,0.30265,0.32289,0.34313,0.36699,0.39578,0.41602,0.43626,0.45651,0.47675,0.49699,-1.4797,0.51875,0.54912,0.56988,0.59012,0.61036,0.63061,0.65085,0.67109,0.69134,0.70407,-1.4797,0.71966,0.73991,0.76015,0.78039,0.80064,0.82088,0.83571,0.84583,0.85595,0.86608,-1.4797,0.8762,0.87893,0.88428,0.89109,0.89109,0.89109,0.89109,0.88376,0.87893,0.87893,-1.4797,0.87772,0.86759,0.86677,0.86677,0.86155,0.85462,0.85346,0.84334,0.83322,0.8303,-1.4797,0.82513,0.81814,0.81705,0.80693,0.80598,0.79884,0.79383,0.79076,0.78064,0.77051,-1.9297,-1.4797,0.76039,0.75735,0.75231,0.74219,0.73206,0.72194,0.70276,0.68954,0.67942,0.6693,-1.4797,0.65827,0.63802,0.62678,0.61666,0.61146,0.60857,0.5993,0.5993,0.60824,0.61146,-1.4797,0.61632,0.62644,0.63735,0.6576,0.66897,0.68593,0.70137,0.71425,0.73523,0.76559,-1.4797,0.84884,0.89249,0.91747,0.94513,0.96604,0.99641,1.018,1.045,1.0753,1.1031,-1.4797,1.1239,1.1543,1.1759,1.2028,1.2286,1.2514,1.2812,1.3015,1.3217,1.342,-1.4797,1.3622,1.3825,1.4022,1.4123,1.4225,1.4326,1.4427,1.4528,1.4629,1.4731,-1.4797,1.4832,1.4868,1.4913,1.499,1.4993,1.5095,1.5111,1.5111,1.5111,1.5111,-1.4797,1.5111,1.5111,1.5111,1.5048,1.499,1.499,1.4992,1.5093,1.5111,1.5111,-1.472,1.5154,1.5255,1.5356,1.5458,1.5642,1.5844,1.6004,1.6149,1.6451,1.6654,-1.4675,1.6856,1.7059,1.7261,1.7463,1.7665,1.7766,1.7868,1.7908,-1.8892,-1.4675,-1.4659,-1.4558,-1.4554,-1.4477,-1.4376,-1.4275,-1.4174,-1.4072,-1.3875,-1.8507,-1.3748,-1.3592,-1.3389,-1.3172,-1.2868,-1.266,-1.2382,-1.2134,-1.1897,-1.1607,-1.8203,-1.1405,-1.1107,-1.0878,-1.0622,-1.0352,-1.0136,-0.98323,-0.96232,-0.94208,-0.92183,-1.7799,-0.90159,-0.88135,-0.86111,-0.84086,-0.82062,-0.80038,-0.78342,-0.77205,-0.75181,-0.74089,-1.7394,-0.72348,-0.70849,-0.69515,-0.67609,-0.66597,-0.65585,-0.65296,-0.64776,-0.6408,-0.63968,-1.7049,-0.62956,-0.62865,-0.62865,-0.62865,-0.62865,-0.62865,-0.62865,-0.62865,-0.63576,-0.6408,5.0,2.0
0.48618,0.45567,0.39463,1.1728,1.0688,0.88641,0.7928,0.68881,0.57506,0.4697,0.34489,0.22008,0.095264,0.39463,-0.029549,-0.15436,-0.27918,-0.40399,-0.5288,-0.65362,-0.75981,-1.0271,-1.2017,-1.2434,0.39463,-1.296,-1.3364,-1.3676,-1.3753,-1.3994,-1.4059,-1.3804,-1.3753,-1.3485,-1.3448,0.39463,-1.3166,-1.2854,-1.2542,-1.223,-1.1918,-1.1606,-1.1275,-1.0677,-1.0332,-0.97084,0.39463,-0.90843,-0.84076,-0.7531,-0.68406,-0.59045,-0.49684,-0.40323,-0.30962,-0.21601,-0.1224,0.39463,-0.017343,0.09534,0.18895,0.29606,0.42088,0.53081,0.63999,0.74855,0.8591,0.98391,0.39463,1.0904,1.184,1.2973,1.3814,1.4649,1.5585,1.6296,1.6921,1.7307,1.7863,0.39463,1.8236,1.8289,1.8555,1.8594,1.8315,1.8289,1.6531,1.5859,1.5236,1.4857,0.39463,1.214,1.1226,1.0573,0.96011,0.83957,0.741,0.61618,0.49137,0.35954,0.21123,0.39463,0.086414,-0.047478,-0.20349,-0.35951,-0.60464,-0.90385,-1.0287,-1.1403,-1.2339,-1.3275,0.45567,0.3809,-1.4059,-1.4683,-1.5307,-1.5758,-1.589,-1.589,-1.589,-1.589,-1.5682,-1.5156,0.26318,-1.4753,-1.4213,-1.3589,-1.2965,-1.234,-1.1716,-1.083,-0.98938,-0.89577,-0.80216,0.12029,-0.70855,-0.58526,-0.49081,-0.36668,-0.27185,-0.14895,-0.052742,0.068791,0.1624,0.26066,0.057881,0.38014,0.47375,0.56736,0.66097,0.75458,0.83941,0.91128,1.0049,1.0985,1.1806,-0.004526,1.2552,1.3359,1.3983,1.475,1.5537,1.6161,1.6621,1.7104,1.7728,1.8168,-0.066932,1.848,1.8792,1.9104,1.9416,1.951,1.951,1.951,1.951,1.9264,1.6679,-0.12934,1.5375,1.4705,1.3808,1.2872,1.1075,1.0084,0.91479,0.82095,0.69705,0.60184,-0.19175,0.47932,0.38273,0.25792,0.13745,0.038808,-0.086005,-0.21082,-0.32854,-0.52331,-0.90401,-0.27338,-0.96641,-1.0288,-1.0912,-1.1424,-1.1736,-1.2048,-1.236,-1.2533,-1.2533,-1.2533,-0.36699,-1.2533,-1.2533,-1.2533,-1.2352,-1.2228,-1.2033,-1.1721,-1.1201,-1.0792,-1.0258,0.45567,-0.44,-0.98625,-0.93147,-0.86906,-0.80666,-0.74425,-0.68184,-0.61944,-0.52934,-0.46411,-0.4017,-0.52369,-0.33929,-0.27689,-0.21448,-0.15337,-0.12018,-0.057777,0.001272,0.036519,0.098926,0.15592,-0.6173,0.18712,0.21832,0.24953,0.28073,0.29423,0.27257,0.27257,0.27257,0.27257,0.26028,-0.71091,0.24205,0.24205,0.24205,0.24205,0.24205,0.24205,0.24205,0.24205,0.24205,0.24205,-0.80452,0.24205,0.24205,0.24205,0.24205,0.26463,0.27257,0.27257,0.27257,0.27257,0.27257,-0.89813,0.27257,0.27257,0.27257,0.27257,0.27257,0.27257,0.27257,0.27257,0.27257,0.27257,-0.99174,0.26951,0.24205,0.24205,0.24205,0.23625,0.21153,0.21153,0.21153,0.21153,0.2023,-1.0599,0.18102,0.18102,0.18102,0.18102,0.16835,0.1505,0.1505,0.13577,0.11998,0.11998,-1.1484,0.11998,0.11998,0.10182,0.089466,0.089466,0.089466,0.089466,0.089466,0.067189,0.058949,-1.2153,0.058949,0.083286,0.089466,0.089466,0.11586,0.11998,0.14775,0.12204,0.45567,-1.3051,-1.3706,-1.433,-1.4954,-1.5578,-1.5897,-1.6511,-1.6823,-1.711,-1.7141,0.45223,-1.7415,-1.7415,-1.7415,-1.7357,-1.7045,-1.6733,-1.6421,-1.6108,-1.5703,-1.5179,0.42515,-1.476,-1.4136,-1.3512,-1.2761,-1.1959,-1.1194,-1.0258,-0.93216,-0.82237,-0.69756,0.42515,-0.59029,-0.47845,-0.35364,-0.22882,-0.10401,0.041783,0.17613,0.30095,0.4488,0.58109,0.42515,0.73032,0.86123,0.98605,1.1109,1.2357,1.3605,1.4568,1.5504,1.6141,1.6765,0.41897,1.7381,1.7693,1.7984,1.7984,1.7949,1.7427,1.575,1.507,1.4009,1.2588,2.0,2.0
-2.1948,-2.0559,-1.8127,-0.87739,-0.89278,-0.90817,-0.92357,-0.93896,-0.95436,-0.96975,-0.98515,-1.0005,-1.054,-1.7841,-1.0673,-1.0784,-1.0784,-1.0784,-1.0784,-1.0726,-1.0664,-1.0544,-1.0504,-1.035,-1.758,-1.0196,-1.002,-0.97683,-0.96144,-0.94604,-0.90439,-0.82409,-0.7933,-0.76251,-0.73173,-1.7345,-0.70094,-0.67015,-0.63936,-0.60857,-0.57778,-0.53499,-0.5042,-0.47341,-0.44262,-0.41505,-1.7152,-0.39305,-0.37226,-0.34486,-0.32469,-0.30207,-0.27512,-0.24433,-0.21354,-0.18275,-0.15196,-1.6998,-0.12118,-0.098279,-0.071602,-0.043484,-0.02809,-0.012695,0.002699,0.018093,0.033488,0.037869,-1.6844,0.049872,0.049872,0.059055,0.061875,0.061875,0.061875,0.051132,0.049872,0.049872,0.049872,-1.669,0.037869,0.034178,0.018783,0.013862,-2e-06,-0.015396,-0.03079,-0.046185,-0.061579,-0.070161,-1.6536,-0.080364,-0.095758,-0.11115,-0.12655,-0.14194,-0.15734,-0.17273,-0.18812,-0.25021,-0.25021,-1.6382,-0.25021,-0.25021,-0.23821,-0.23194,-0.2262,-0.21315,-0.2022,-0.19437,-0.17897,-0.16619,-2.0251,-1.6228,-0.16019,-0.14479,-0.1294,-0.114,-0.098609,-0.083215,-0.046755,0.055604,0.070998,0.086392,-1.6074,0.10569,0.12918,0.14458,0.16204,0.18737,0.20276,0.21816,0.23718,0.26095,0.27635,-1.592,0.29174,0.30713,0.32253,0.33792,0.35332,0.36871,0.3841,0.3995,0.41489,0.43029,-1.5766,0.44568,0.46108,0.47647,0.49186,0.50726,0.52265,0.53805,0.55344,0.56884,0.58423,-1.5612,0.59962,0.61502,0.63041,0.64581,0.6612,0.6766,0.69199,0.69805,0.71078,0.72617,-1.5578,0.74156,0.75696,0.75807,0.76374,0.77007,0.78208,0.78208,0.78208,0.78208,0.78409,-1.5466,0.79408,0.79408,0.79408,0.79408,0.79408,0.79408,0.79408,0.79408,0.79408,0.79408,-1.5466,0.79078,0.78208,0.78208,0.78208,0.77721,0.77007,0.77007,0.76704,0.75807,0.75807,-1.5356,0.74607,0.74147,0.72608,0.71069,0.69805,0.6919,0.67651,0.66111,0.64572,0.59947,-1.5346,0.56692,0.54405,0.506,0.49673,0.494,0.494,0.494,0.494,0.49622,0.51161,-1.9944,-1.5289,0.518,0.5304,0.54201,0.55635,0.57658,0.57997,0.59536,0.61949,0.63816,0.68164,-1.5226,0.76497,0.78037,0.79576,0.81115,0.82655,0.84194,0.85734,0.87273,0.88813,0.90352,-1.5221,0.91891,0.93431,0.9497,0.9651,0.98049,0.99589,1.0113,1.0267,1.0421,1.0461,-1.5106,1.0609,1.0762,1.0822,1.095,1.1104,1.1182,1.1182,1.1302,1.136,1.1422,-1.5033,1.1542,1.1542,1.1616,1.1662,1.1662,1.1662,1.1662,1.1782,1.1782,1.1782,-1.4986,1.1782,1.1782,1.1782,1.1782,1.1782,1.1902,1.1902,1.1902,1.2038,1.2192,-1.4845,1.2346,1.25,1.2654,1.2808,1.2962,1.3116,1.327,1.3424,1.3578,1.3732,-1.4746,1.3885,1.4039,1.4193,1.4347,1.4501,1.4543,1.4689,1.4843,1.4997,1.5151,-1.4657,1.5305,1.5459,1.5613,1.5767,1.5921,1.6075,1.6349,1.6502,1.673,1.693,-1.4623,1.7204,1.7413,1.7632,1.7906,1.8097,1.8334,1.8488,1.8642,-1.9636,-1.4469,-1.4385,-1.4282,-1.4128,-1.4025,-1.394,-1.3547,-1.3392,-1.3238,-1.3084,-1.9328,-1.293,-1.2776,-1.2622,-1.2468,-1.2284,-1.204,-1.1886,-1.1732,-1.1578,-1.1344,-1.9103,-1.1151,-1.0877,-1.0723,-1.0473,-1.0295,-1.0141,-0.99094,-0.97128,-0.95589,-0.94049,-1.8832,-0.9251,-0.8977,-0.88231,-0.86691,-0.85152,-0.83612,-0.82073,-0.80534,-0.79036,-0.78655,-1.8644,-0.77116,-0.75576,-0.75435,-0.74898,-0.74235,-0.74235,-0.74235,-0.74235,-0.75267,-0.75435,-1.8336,-0.75945,-0.76635,-0.77824,-0.79036,-0.79702,-0.81242,-0.82781,-0.84321,-0.8586,-0.87399,5.0,2.0
2.0778,1.9122,1.5378,-0.61265,-0.64182,-0.67337,-0.70271,-0.72694,-0.75849,-0.78323,-0.80689,-0.83408,-0.86375,1.4915,-0.88742,-0.91108,-0.93474,-0.95841,-0.97888,-0.9962,-1.0199,-1.0435,-1.061,-1.0813,1.452,-1.1021,-1.1191,-1.1428,-1.159,-1.1806,-1.2001,-1.2159,-1.2316,-1.2474,-1.2632,1.4054,-1.279,-1.2947,-1.3105,-1.3257,-1.3336,-1.3483,-1.3589,-1.3703,-1.3842,-1.3923,1.3636,-1.4081,-1.4174,-1.4253,-1.4364,-1.4506,-1.4585,-1.4664,-1.4682,-1.4726,-1.4805,1.3203,-1.4872,-1.4872,-1.4872,-1.4814,-1.4777,-1.4752,-1.4682,-1.4682,-1.4611,-1.4586,1.2729,-1.4548,-1.4469,-1.439,-1.4312,-1.4233,-1.4154,-1.4075,-1.3978,-1.3822,-1.3743,1.2256,-1.36,-1.3442,-1.3316,-1.3222,-1.3064,-1.2906,-1.2749,-1.2591,-1.2433,-1.2264,1.1783,-1.2027,-1.1864,-1.1707,-1.1549,-1.1391,-1.1233,-1.1076,-1.0918,-1.0706,-1.0507,1.1309,-1.0349,-1.0192,-1.0034,-0.98086,-0.96229,-0.94306,-0.92121,-0.90527,-0.8816,-0.86435,1.8589,1.0889,-0.84857,-0.8328,-0.81702,-0.80125,-0.78547,-0.76969,-0.75392,-0.73814,-0.72237,-0.70659,1.0458,-0.69081,-0.67504,-0.65926,-0.64349,-0.62771,-0.61193,-0.59616,-0.58038,-0.56837,-0.56048,0.99849,-0.5526,-0.54471,-0.53682,-0.53401,-0.53058,-0.52448,-0.52448,-0.52448,-0.52448,-0.51973,0.95116,-0.51185,-0.50541,-0.50541,-0.49771,-0.48983,-0.48194,-0.47405,-0.46728,-0.46728,-0.45992,0.90384,-0.45203,-0.44822,-0.44822,-0.44822,-0.44822,-0.44119,-0.43869,-0.43869,-0.43869,-0.43869,0.86306,-0.43869,-0.43869,-0.43869,-0.43528,-0.42915,-0.42903,-0.42115,-0.41326,-0.40537,-0.39748,0.82362,-0.38959,-0.38171,-0.37382,-0.3599,-0.34851,-0.33788,-0.32211,-0.30633,-0.29055,-0.27478,0.78745,-0.259,-0.24082,-0.21792,-0.20214,-0.18637,-0.17059,-0.1511,-0.12951,-0.1133,-0.089639,0.74941,-0.065975,-0.042311,-0.018648,0.005016,0.02868,0.052344,0.076008,0.099672,0.12334,0.147,0.68631,0.17066,0.18668,0.20846,0.22776,0.24354,0.25931,0.27509,0.29086,0.30097,0.31288,1.8307,0.66253,0.32628,0.3349,0.35068,0.35947,0.36736,0.37525,0.38314,0.39102,0.39891,0.4068,0.63886,0.41469,0.41922,0.41922,0.41929,0.42718,0.43506,0.43828,0.44131,0.4492,0.45708,0.60605,0.46497,0.47286,0.48075,0.48863,0.49652,0.50441,0.51959,0.52972,0.54161,0.55739,0.57247,0.57316,0.58894,0.60471,0.6258,0.6458,0.6636,0.68688,0.70266,0.72506,0.74872,0.55009,0.77239,0.79605,0.81971,0.84338,0.86704,0.89535,0.9239,0.94892,0.98048,1.012,0.53432,1.0436,1.0751,1.1067,1.1382,1.1698,1.2013,1.2329,1.2684,1.3055,1.3371,0.49595,1.3686,1.4002,1.4317,1.4633,1.4928,1.5169,1.5484,1.58,1.6066,1.6335,0.4624,1.6634,1.6871,1.7187,1.7502,1.7771,1.8008,1.8258,1.8573,1.8813,1.905,0.44357,1.9244,1.9401,1.9559,1.9717,1.9875,2.0032,2.0151,2.0253,2.0404,2.0483,0.43568,2.0561,2.064,2.0719,2.0798,2.0874,2.0874,2.0874,2.0824,1.7873,0.4278,0.41991,0.41202,0.39858,0.3828,0.37156,0.37094,0.36305,0.34143,0.32821,1.7294,0.31674,0.29904,0.27595,0.26806,0.25364,0.23298,0.2158,0.20791,0.20002,0.17645,1.6979,0.16518,0.15274,0.13406,0.11166,0.095882,0.087613,0.079725,0.059183,0.035353,0.027465,1.6588,0.019577,-0.00983,-0.019267,-0.042573,-0.078701,-0.087184,-0.10296,-0.1119,-0.12498,-0.1372,1.6193,-0.147,-0.16278,-0.17855,-0.19433,-0.21496,-0.23541,-0.25276,-0.27642,-0.30009,-0.32375,1.5799,-0.34741,-0.37108,-0.39474,-0.41841,-0.44955,-0.47527,-0.50312,-0.53213,-0.5567,-0.58825,1.0,2.0
-2.0946,-1.9015,-1.6428,-0.85487,-0.84471,-0.83455,-0.82439,-0.81448,-0.81448,-0.80634,-0.79618,-0.78962,-0.78829,-1.6225,-0.77813,-0.76797,-0.76477,-0.76008,-0.75234,-0.75218,-0.74202,-0.73186,-0.72748,-0.72397,-1.6022,-0.71505,-0.71505,-0.70592,-0.70263,-0.69803,-0.68787,-0.67777,-0.67777,-0.66982,-0.65966,-1.5818,-0.6495,-0.63934,-0.62918,-0.61902,-0.60208,-0.58627,-0.57611,-0.56595,-0.54566,-0.5332,-1.5671,-0.52304,-0.51288,-0.50167,-0.48135,-0.46997,-0.45313,-0.43281,-0.41464,-0.40448,-0.38428,-1.5536,-0.36396,-0.34364,-0.32655,-0.31543,-0.29511,-0.28365,-0.2669,-0.24658,-0.22831,-0.21815,-1.5343,-0.19805,-0.1854,-0.16984,-0.15266,-0.1425,-0.13234,-0.12218,-0.11202,-0.10186,-0.091696,-1.5242,-0.081536,-0.071376,-0.068797,-0.063485,-0.053325,-0.043941,-0.043941,-0.035273,-0.031513,-0.031513,-1.5051,-0.031513,-0.031513,-0.021757,-0.019085,-0.019085,-0.016134,-0.006657,-0.006657,0.001918,0.005771,-1.4914,0.00981,0.01997,0.03013,0.04029,0.050449,0.060609,0.070769,0.080929,0.091089,0.10125,-1.8427,-1.4812,0.11141,0.12157,0.13173,0.14189,0.15205,0.16221,0.16734,0.1701,0.18026,0.19042,-1.4711,0.19219,0.19831,0.20462,0.2062,0.21636,0.21705,0.21705,0.21705,0.21705,0.21705,-1.4609,0.21705,0.21705,0.21705,0.21705,0.21705,0.21705,0.21705,0.21705,0.21705,0.21705,-1.4508,0.21736,0.22752,0.22948,0.23541,0.2419,0.2433,0.25346,0.26362,0.26676,0.27151,-1.4406,0.28167,0.29183,0.30199,0.31215,0.32231,0.33247,0.34263,0.35279,0.36295,0.37311,-1.4304,0.38793,0.40586,0.41602,0.42618,0.43634,0.4465,0.45666,0.46682,0.47698,0.48714,-1.4203,0.4973,0.50746,0.51762,0.52778,0.53794,0.5481,0.5526,0.55599,0.56615,0.57631,-1.411,0.58647,0.59663,0.60232,0.60452,0.61468,0.62484,0.635,0.6396,0.64289,0.65305,-1.411,0.66321,0.67337,0.68353,0.68931,0.69143,0.70158,0.72175,0.73433,0.74449,0.75465,-1.411,0.76481,0.77497,0.78513,0.79529,0.80545,0.81359,0.81359,0.8235,0.83366,0.84382,-1.8167,-1.411,0.85088,0.85172,0.86188,0.8633,0.86977,0.87993,0.88816,0.88816,0.88816,0.89571,-1.411,0.90059,0.90059,0.90133,0.91149,0.91302,0.91302,0.91302,0.91302,0.91302,0.91302,-1.409,0.92047,0.92544,0.92544,0.92544,0.92544,0.93399,0.93787,0.93787,0.93787,0.93787,-1.3989,0.9475,0.9503,0.9503,0.95313,0.96273,0.96273,0.96273,0.96273,0.96664,0.97516,-1.3986,0.97516,0.97516,0.98243,0.99259,1.0027,1.0129,1.0231,1.0332,1.0495,1.0698,-1.3986,1.0901,1.1104,1.1308,1.1511,1.1763,1.2068,1.2373,1.2677,1.2982,1.3287,-1.3986,1.3592,1.3897,1.4201,1.4506,1.4811,1.5068,1.5296,1.5601,1.5906,1.6129,-1.3955,1.6332,1.6535,1.6725,1.6827,1.7021,1.7154,1.7256,1.7357,1.7459,1.756,-1.3862,1.75,1.7399,1.7333,1.7384,1.779,1.7921,1.8023,1.8171,1.8398,1.8702,-1.3862,1.8905,1.9188,1.955,1.9956,2.0363,2.0769,2.1266,2.1774,-1.7896,-1.3862,-1.3797,-1.3737,-1.3718,-1.3617,-1.3515,-1.3489,-1.3436,-1.3335,-1.3233,-1.7682,-1.3132,-1.303,-1.2928,-1.2827,-1.2725,-1.2624,-1.2522,-1.242,-1.2319,-1.2217,-1.7377,-1.2116,-1.2014,-1.1997,-1.1935,-1.1833,-1.1732,-1.163,-1.1529,-1.1427,-1.1325,-1.7162,-1.1224,-1.1122,-1.1021,-1.1003,-1.0942,-1.084,-1.0739,-1.0637,-1.0535,-1.0506,-1.6892,-1.0456,-1.0355,-1.0253,-1.0152,-1.005,-0.99484,-0.98468,-0.97452,-0.96436,-0.9542,-1.6631,-0.94404,-0.93388,-0.92372,-0.91356,-0.9034,-0.90148,-0.89551,-0.88535,-0.87519,-0.86503,3.0,2.0
-1.8999,-1.8385,-1.6307,-1.0056,-1.0286,-1.0548,-1.0866,-1.125,-1.1499,-1.1683,-1.1837,-1.1991,-1.2144,-1.6076,-1.2176,-1.2176,-1.2156,-1.2079,-1.2003,-1.1871,-1.1683,-1.1467,-1.1313,-1.1021,-1.5846,-1.0762,-1.0476,-1.0099,-0.97923,-0.94219,-0.9038,-0.86542,-0.82631,-0.74186,-0.68606,-1.5639,-0.64365,-0.60368,-0.55762,-0.51875,-0.48037,-0.43894,-0.39483,-0.36412,-0.32684,-0.29296,-1.5485,-0.26226,-0.23155,-0.20084,-0.17611,-0.15698,-0.13979,-0.11676,-0.10117,-0.085814,-0.07375,-1.5332,-0.066074,-0.058397,-0.05072,-0.047796,-0.047796,-0.047796,-0.047796,-0.05401,-0.057544,-0.059616,-1.5178,-0.067292,-0.082646,-0.092394,-0.1036,-0.11896,-0.13431,-0.14966,-0.16502,-0.18037,-0.19658,-1.5025,-0.21961,-0.23618,-0.25153,-0.2692,-0.29199,-0.30734,-0.32269,-0.33805,-0.3534,-0.36875,-1.4888,-0.38411,-0.4047,-0.42139,-0.42797,-0.42797,-0.42797,-0.42797,-0.42541,-0.41725,-0.4019,-1.4811,-0.39264,-0.38094,-0.36364,-0.34061,-0.31758,-0.29455,-0.27152,-0.24715,-0.21644,-0.19268,-1.8051,-1.4735,-0.12091,-0.046334,-0.015627,0.01508,0.045786,0.076493,0.1072,0.13791,0.16861,0.19359,-1.4658,0.21662,0.24124,0.27194,0.29546,0.31849,0.33847,0.35383,0.36918,0.39111,0.40964,-1.4644,0.42255,0.43059,0.44595,0.45533,0.46301,0.47068,0.47836,0.4786,0.48397,0.48835,-1.4721,0.48835,0.48835,0.48153,0.4786,0.47592,0.46825,0.46057,0.44668,0.43547,0.42572,-1.4798,0.41037,0.39501,0.37966,0.36431,0.34895,0.3336,0.31118,0.28815,0.26512,0.24294,-1.4875,0.22759,0.20578,0.17397,0.14022,0.11744,0.10208,0.08088,0.065404,0.059434,0.059434,-1.4905,0.052123,0.049686,0.052854,0.06053,0.068207,0.075884,0.088191,0.10354,0.1189,0.13425,-1.4931,0.1557,0.17873,0.20176,0.22479,0.24782,0.27633,0.30704,0.34847,0.44059,0.47714,-1.5008,0.50785,0.54136,0.57901,0.60972,0.64676,0.68088,0.71378,0.75204,0.78275,0.81345,-1.5084,0.84416,0.87645,0.91483,0.93884,0.96699,0.99465,1.0187,1.0494,1.0735,1.0965,-1.7821,-1.51,1.1171,1.1325,1.1478,1.1691,1.1883,1.2036,1.219,1.2269,1.2399,1.2553,-1.506,1.2694,1.2771,1.2848,1.2925,1.3001,1.3072,1.3072,1.3072,1.3072,1.3072,-1.4983,1.3072,1.3072,1.3072,1.3037,1.296,1.2883,1.2877,1.2827,1.275,1.2674,-1.4906,1.2597,1.252,1.2399,1.2269,1.2192,1.2115,1.2039,1.1962,1.1885,1.1808,-1.483,1.1732,1.1655,1.1578,1.1512,1.1512,1.1445,1.1368,1.1292,1.1215,1.1138,-1.4698,1.1061,1.1025,1.1005,1.0929,1.1078,1.1177,1.1254,1.1371,1.1678,1.1846,-1.4579,1.2,1.2153,1.2314,1.2544,1.2711,1.2907,1.3116,1.3271,1.3501,1.3731,-1.4488,1.3961,1.4192,1.4422,1.4652,1.4883,1.5083,1.5246,1.5476,1.5706,1.5892,-1.4335,1.6045,1.6199,1.6352,1.6506,1.6659,1.6813,1.6966,1.7046,1.7122,1.7232,-1.4181,1.7373,1.745,1.7527,1.7604,1.7654,1.766,1.7736,1.7751,-1.7605,-1.4028,-1.3874,-1.3714,-1.3483,-1.3316,-1.312,-1.2912,-1.2757,-1.2527,-1.2296,-1.7452,-1.2066,-1.1852,-1.1698,-1.1473,-1.1242,-1.1012,-1.0782,-1.0551,-1.0321,-1.0091,-1.7228,-0.98849,-0.97277,-0.94974,-0.92671,-0.90368,-0.88065,-0.85762,-0.83459,-0.81156,-0.79182,-1.6997,-0.77525,-0.75222,-0.73601,-0.72066,-0.70799,-0.70031,-0.69264,-0.68496,-0.67728,-0.67168,-1.6767,-0.67168,-0.67168,-0.67168,-0.67521,-0.68289,-0.69056,-0.70531,-0.72066,-0.73601,-0.75137,-1.6537,-0.76672,-0.78853,-0.81156,-0.83459,-0.85762,-0.88065,-0.90368,-0.93049,-0.95949,-0.98252,5.0,2.0
-2.1567,-2.0591,-1.914,-0.77167,-0.77167,-0.76852,-0.76003,-0.76003,-0.76003,-0.7506,-0.74839,-0.74164,-0.73675,-1.8952,-0.73268,-0.72511,-0.71347,-0.70759,-0.70183,-0.69019,-0.69019,-0.67856,-0.67355,-0.66692,-1.8701,-0.66459,-0.65528,-0.65528,-0.64364,-0.64364,-0.632,-0.62606,-0.62036,-0.60872,-0.60098,-1.854,-0.5965,-0.58545,-0.5759,-0.57142,-0.5553,-0.55053,-0.53889,-0.53022,-0.5141,-0.50397,-1.8379,-0.4935,-0.4807,-0.4729,-0.45678,-0.44578,-0.43618,-0.4317,-0.41558,-0.41086,-0.39923,-1.8128,-0.3905,-0.37438,-0.35826,-0.34214,-0.33766,-0.32939,-0.31775,-0.31257,-0.30611,-0.29448,-1.7922,-0.28749,-0.27137,-0.25956,-0.25077,-0.24629,-0.23628,-0.22569,-0.22121,-0.213,-0.20137,-1.7663,-0.19613,-0.18001,-0.17553,-0.16645,-0.16645,-0.15481,-0.15481,-0.15312,-0.14317,-0.14317,-1.7501,-0.14317,-0.14317,-0.14236,-0.13153,-0.13153,-0.12891,-0.11989,-0.11989,-0.10826,-0.10826,-1.7224,-0.096617,-0.09039,-0.084978,-0.073339,-0.065308,-0.060828,-0.044708,-0.038423,-0.026784,-0.019626,-2.043,-1.6981,-0.003507,0.008132,0.017094,0.033214,0.049334,0.054687,0.069934,0.086054,0.090535,0.10665,-1.6775,0.11288,0.12452,0.13174,0.13622,0.1478,0.1478,0.15944,0.15944,0.15944,0.15944,-1.6453,0.15944,0.15944,0.16491,0.17108,0.18271,0.18999,0.19447,0.20599,0.20599,0.20599,-1.623,0.21239,0.21763,0.21763,0.22584,0.22927,0.22927,0.23928,0.24091,0.24091,0.25255,-1.5952,0.2572,0.26419,0.26616,0.28228,0.28746,0.2991,0.30737,0.31185,0.32238,0.33245,-1.5791,0.34566,0.35305,0.36893,0.37365,0.38977,0.39425,0.41037,0.42649,0.44261,0.45873,-1.5512,0.46321,0.47933,0.49545,0.51157,0.52024,0.53217,0.54829,0.55515,0.56889,0.57843,-1.5236,0.58949,0.60171,0.61009,0.61457,0.62499,0.63517,0.65129,0.6599,0.67154,0.67637,-1.5075,0.68318,0.68533,0.69482,0.70594,0.7181,0.72654,0.73102,0.74714,0.75301,0.76774,-1.4797,0.78386,0.78834,0.80446,0.82058,0.82506,0.84118,0.8573,0.87342,0.88954,0.89402,-2.0269,-1.4572,0.91014,0.92626,0.93923,0.94686,0.96251,0.96746,0.98358,0.98806,1.0042,1.0091,-1.4358,1.0248,1.0323,1.0454,1.0556,1.066,1.0705,1.0789,1.0789,1.0789,1.0789,-1.4081,1.0789,1.0789,1.0902,1.0905,1.0992,1.1022,1.1081,1.1138,1.1138,1.1216,-1.3837,1.1255,1.1255,1.135,1.1371,1.1371,1.1484,1.1487,1.1487,1.1604,1.1604,-1.3642,1.1708,1.172,1.172,1.1727,1.1836,1.1836,1.1836,1.1906,1.1953,1.1953,-1.3425,1.204,1.2069,1.2069,1.2069,1.2186,1.2186,1.2186,1.2186,1.2282,1.2302,-1.3203,1.2302,1.2302,1.2302,1.2302,1.2318,1.2418,1.2418,1.2535,1.2614,1.2768,-1.3042,1.282,1.2981,1.3142,1.3304,1.358,1.3742,1.3992,1.4298,1.452,1.4843,-1.2807,1.5282,1.5604,1.6051,1.6534,1.692,1.7385,1.794,1.8469,1.8952,1.9436,-1.2603,1.992,2.0403,2.0887,2.1335,2.1657,2.198,2.2302,2.2526,-2.0107,-1.2442,-1.2281,-1.212,-1.1958,-1.1797,-1.1636,-1.1475,-1.1314,-1.1152,-1.1092,-1.9946,-1.1092,-1.1018,-1.0976,-1.0928,-1.0859,-1.0839,-1.0743,-1.0743,-1.0704,-1.0626,-1.9785,-1.0615,-1.051,-1.051,-1.0394,-1.0394,-1.0277,-1.0229,-1.0161,-1.0044,-0.99787,-1.9624,-0.9928,-0.98116,-0.97278,-0.9683,-0.95789,-0.9477,-0.94625,-0.93874,-0.93426,-0.92297,-1.9463,-0.92297,-0.91133,-0.9047,-0.89969,-0.89574,-0.88805,-0.88677,-0.87642,-0.86617,-0.86169,-1.9301,-0.84557,-0.82945,-0.81822,-0.80885,-0.80437,-0.79494,-0.79494,-0.7833,-0.7833,-0.78197,3.0,2.0
0.53703,0.51724,0.51724,-0.43235,-0.37181,-0.31009,-0.23095,-0.15063,-0.077239,-0.006217,0.084587,0.17539,0.2662,0.51724,0.357,0.43139,0.51883,0.60963,0.69213,0.77146,0.85277,0.93309,1.0043,1.0753,0.51724,1.1543,1.2148,1.2753,1.3359,1.3964,1.4569,1.5175,1.578,1.6386,1.6991,0.51724,1.7418,1.7919,1.8411,1.8722,1.9025,1.9327,1.9432,1.9735,1.9586,1.9284,0.51724,1.8981,1.8678,1.8376,1.7917,1.7311,1.6706,1.6101,1.5315,1.4605,1.3697,0.51724,1.2987,1.2079,1.1281,1.046,0.95524,0.86444,0.77363,0.68283,0.59202,0.50122,0.51724,0.39459,0.29983,0.19201,0.098436,-0.01057,-0.10296,-0.19376,-0.30435,-0.39595,-0.50574,0.53703,-0.59852,-0.70713,-0.79794,-0.88874,-0.97955,-1.0704,-1.1556,-1.2322,-1.2965,-1.3398,0.53703,-1.3899,-1.4385,-1.4702,-1.5004,-1.5204,-1.5006,-1.4892,-1.4589,-1.4286,-1.3786,0.53703,-1.3483,-1.3135,-1.268,-1.2179,-1.1877,-1.1307,-1.0876,-1.0294,-0.96886,-0.92811,0.51724,0.53703,-0.86758,-0.80704,-0.7465,-0.68597,-0.62306,-0.54511,-0.48457,-0.42404,-0.34372,-0.28318,0.55681,-0.20286,-0.12591,-0.062006,0.016138,0.087159,0.17796,0.24899,0.32001,0.41081,0.48183,0.55681,0.57264,0.64366,0.72141,0.80173,0.87651,0.94258,1.0031,1.0637,1.1242,1.1847,0.55681,1.2275,1.2775,1.3078,1.338,1.3477,1.3284,1.307,1.2767,1.2437,1.1831,0.55681,1.1028,1.0278,0.93704,0.84624,0.75543,0.64781,0.54652,0.42545,0.32416,0.20309,0.55681,0.082016,-0.039057,-0.16013,-0.2812,-0.41454,-0.54313,-0.6642,-0.78528,-0.89171,-1.0076,0.57224,-1.1129,-1.2235,-1.3143,-1.4051,-1.4777,-1.5471,-1.5992,-1.6593,-1.6993,-1.7295,0.57659,-1.7598,-1.7776,-1.7578,-1.7442,-1.7139,-1.6836,-1.6534,-1.6071,-1.573,-1.5428,0.57659,-1.5046,-1.4625,-1.4124,-1.3625,-1.302,-1.2415,-1.1809,-1.1204,-1.0599,-0.97955,0.57659,-0.91901,-0.83869,-0.76312,-0.6921,-0.61752,-0.5372,-0.45925,-0.38823,-0.29743,-0.2264,0.51724,0.57659,-0.1356,-0.064578,0.026227,0.11703,0.20784,0.28578,0.36966,0.46047,0.54652,0.62229,0.57659,0.70716,0.78412,0.8678,0.94595,1.0284,1.1078,1.1788,1.2496,1.3208,1.3905,0.5576,1.451,1.4918,1.5523,1.5893,1.6196,1.6498,1.6492,1.619,1.5887,1.5584,0.52733,1.5282,1.4894,1.4478,1.3978,1.3473,1.2868,1.2247,1.146,1.0656,0.99184,0.49707,0.92082,0.84446,0.76414,0.68797,0.62328,0.54593,0.48243,0.42189,0.36135,0.30082,0.4668,0.26006,0.21931,0.16985,0.1198,0.077268,0.039482,0.009214,-0.021055,-0.051323,-0.081591,0.43653,-0.11186,-0.14213,-0.1724,-0.20266,-0.23293,-0.2543,-0.2543,-0.2543,-0.2543,-0.2543,0.39419,-0.2543,-0.2543,-0.27408,-0.27408,-0.27408,-0.28892,-0.29386,-0.29386,-0.29386,-0.29386,0.35621,-0.30178,-0.31365,-0.31365,-0.31365,-0.31365,-0.31365,-0.31365,-0.33343,-0.33343,-0.33343,0.31269,-0.33343,-0.33343,-0.33343,-0.33343,-0.33343,-0.34035,-0.35321,-0.35321,0.51487,0.25215,0.19161,0.13108,0.070541,-0.009778,-0.070315,-0.13837,-0.21117,-0.27171,-0.35143,0.49746,-0.41256,-0.47369,-0.55342,-0.63374,-0.69427,-0.77459,-0.84858,-0.91545,-0.99063,-1.0761,0.49746,-1.1525,-1.2235,-1.2973,-1.3578,-1.4183,-1.4789,-1.52,-1.5604,-1.6003,-1.6306,0.49746,-1.6174,-1.5996,-1.5766,-1.5463,-1.5161,-1.4858,-1.4611,-1.445,-1.4081,-1.3647,0.51724,-1.3345,-1.3042,-1.2739,-1.2241,-1.1936,-1.1633,-1.1216,-1.083,-1.0527,-1.0027,0.51724,-0.95858,-0.91782,-0.87232,-0.82227,-0.77578,-0.73503,-0.67449,-0.62207,-0.5732,-0.51267,0.0,2.0
-1.8016,-1.7508,-1.5987,-0.86212,-0.85395,-0.8368,-0.82958,-0.81147,-0.80426,-0.78615,-0.7777,-0.76082,-0.74503,-1.5806,-0.7355,-0.71739,-0.70146,-0.69206,-0.67395,-0.65584,-0.63773,-0.63052,-0.61241,-0.5943,-1.5625,-0.57619,-0.55808,-0.54896,-0.53276,-0.51628,-0.50743,-0.49449,-0.4821,-0.464,-0.44589,-1.5444,-0.42914,-0.42056,-0.40245,-0.39524,-0.37713,-0.36991,-0.36269,-0.35289,-0.33737,-0.31926,-1.5263,-0.30115,-0.28753,-0.28753,-0.28753,-0.27664,-0.27664,-0.27664,-0.27664,-0.27664,-0.26888,-1.5184,-0.26575,-0.26575,-0.26575,-0.26575,-0.26575,-0.26575,-0.26956,-0.27664,-0.27664,-0.27664,-1.501,-0.27664,-0.27664,-0.27664,-0.27664,-0.27664,-0.27664,-0.27664,-0.27664,-0.27664,-0.27664,-1.4829,-0.27664,-0.27664,-0.27664,-0.27664,-0.27664,-0.27664,-0.28318,-0.28753,-0.28753,-0.28753,-1.4648,-0.28753,-0.29747,-0.29843,-0.29843,-0.29843,-0.29843,-0.29843,-0.29843,-0.29244,-0.28753,-1.4467,-0.28753,-0.28753,-0.28536,-0.27664,-0.27664,-0.26575,-0.26575,-0.26575,-0.26575,-0.26575,-1.7363,-1.4285,-0.26575,-0.27664,-0.27664,-0.27664,-0.27501,-0.26575,-0.25486,-0.24396,-0.23525,-0.22803,-1.4104,-0.21128,-0.20271,-0.1846,-0.16649,-0.15682,-0.14116,-0.12305,-0.10495,-0.086836,-0.068727,-1.3923,-0.050618,-0.032509,-0.0144,0.00371,0.021819,0.039928,0.058037,0.076146,0.094255,0.11236,-1.3742,0.13047,0.1381,0.15907,0.17391,0.19202,0.20264,0.21734,0.23532,0.24267,0.26078,-1.3561,0.27889,0.2861,0.30067,0.31143,0.32246,0.33335,0.34397,0.35513,0.3693,0.3874,-1.338,0.40551,0.42049,0.43084,0.43138,0.44228,0.45249,0.46406,0.47495,0.48503,0.49674,-1.3223,0.51036,0.52846,0.53568,0.55379,0.5719,0.57912,0.59477,0.60444,0.61656,0.62745,-1.3127,0.63698,0.6442,0.64924,0.65863,0.66585,0.67307,0.68192,0.69839,0.70561,0.72372,-1.3055,0.73638,0.74904,0.75816,0.76906,0.77069,0.77995,0.78512,0.79084,0.79084,0.79588,-1.3006,0.80174,0.81031,0.81263,0.81263,0.82107,0.82352,0.83441,0.83441,0.84531,0.84626,-1.7255,-1.291,0.8562,0.86069,0.86709,0.87512,0.88234,0.88956,0.89977,0.91066,0.91121,0.92155,-1.2897,0.92155,0.93245,0.93245,0.9364,0.94334,0.94334,0.95423,0.95423,0.95423,0.96513,-1.2788,0.96513,0.97602,0.99045,0.9978,1.0158,1.023,1.0411,1.0483,1.0632,1.0736,-1.2788,1.0849,1.099,1.1171,1.1243,1.1424,1.1503,1.1677,1.183,1.1931,1.2048,-1.2679,1.2184,1.2365,1.2546,1.2701,1.2799,1.2871,1.2944,1.3028,1.3137,1.316,-1.2658,1.3246,1.3246,1.3246,1.334,1.3355,1.3355,1.3447,1.3464,1.3464,1.3464,-1.257,1.3464,1.3464,1.3464,1.3411,1.3322,1.3137,1.3028,1.2919,1.3006,1.3078,-1.2514,1.3355,1.3441,1.3622,1.3912,1.4093,1.443,1.4684,1.5046,1.5408,1.5879,-1.2461,1.6323,1.6757,1.7292,1.7735,1.8278,1.8822,1.9444,2.0017,2.056,2.1104,-1.237,2.1606,2.2081,2.2624,2.3059,2.3599,2.3962,2.4362,2.4793,-1.7074,-1.2352,-1.2352,-1.2352,-1.2243,-1.2243,-1.2243,-1.2243,-1.2134,-1.2134,-1.2134,-1.6893,-1.2121,-1.2025,-1.2025,-1.2013,-1.1916,-1.1916,-1.1905,-1.1807,-1.1807,-1.1807,-1.6712,-1.1807,-1.1698,-1.1698,-1.1698,-1.1655,-1.1589,-1.1589,-1.1481,-1.1481,-1.1481,-1.6531,-1.144,-1.1368,-1.1263,-1.1223,-1.1154,-1.1154,-1.1045,-1.1045,-1.0971,-1.0899,-1.635,-1.0827,-1.0755,-1.0683,-1.0609,-1.0429,-1.0357,-1.0282,-1.0104,-1.0032,-0.98507,-1.6169,-0.97786,-0.96288,-0.95253,-0.9411,-0.9302,-0.91999,-0.90842,-0.89466,-0.88663,-0.87574,3.0,2.0
0.58645,0.60129,0.60129,0.17092,0.2331,0.29528,0.35746,0.41964,0.48183,0.54401,0.62103,0.68321,0.74539,0.58645,0.82241,0.89268,0.96161,1.0386,1.1131,1.1778,1.2548,1.317,1.3792,1.4414,0.58437,1.4976,1.5436,1.5895,1.6354,1.6665,1.7124,1.7435,1.7746,1.7909,1.8182,0.56812,1.833,1.8479,1.8627,1.8627,1.8627,1.8627,1.8627,1.847,1.772,1.7409,0.55187,1.7098,1.6788,1.6477,1.6079,1.5706,1.5281,1.4807,1.4047,1.3415,1.2793,0.53562,1.2134,1.1401,1.0631,0.99299,0.91456,0.83613,0.7577,0.67801,0.58615,0.50757,0.51225,0.42914,0.30619,0.21871,0.13449,0.056061,-0.042404,-0.13389,-0.19607,-0.27309,-0.51336,0.49741,-0.59038,-0.6674,-0.75451,-0.85112,-0.9133,-0.97548,-1.0228,-1.0581,-1.0892,-1.1054,0.47203,-1.1202,-1.135,-1.1202,-1.1202,-1.1202,-1.1053,-1.1053,-1.0905,-1.0757,-1.0608,0.45578,-1.0452,-1.0141,-0.98305,-0.95196,-0.92087,-0.88978,-0.84949,-0.81276,-0.76965,-0.72231,0.60129,0.42469,-0.67497,-0.62763,-0.56545,-0.50749,-0.45593,-0.3789,-0.30188,-0.22486,-0.13656,-0.058135,0.3936,0.035136,0.11357,0.20684,0.30011,0.39338,0.48665,0.57992,0.71771,0.84066,0.95782,0.36251,1.0836,1.1798,1.2906,1.4136,1.5083,1.5919,1.6689,1.7311,1.7784,1.8145,0.32867,1.833,1.833,1.8324,1.8013,1.7702,1.7243,1.6784,1.6325,1.5717,1.5048,0.28549,1.4264,1.3347,1.2253,1.133,1.0236,0.90069,0.79644,0.66377,0.53006,0.39456,0.24883,0.2377,0.11846,-0.048117,-0.20372,-0.36006,-0.47722,-0.60017,-0.77239,-0.90543,-0.96005,0.20149,-0.997,-1.0311,-1.046,-1.0608,-1.0608,-1.0608,-1.0648,-1.0757,-1.0757,-1.0757,0.16254,-1.066,-1.0608,-1.0608,-1.046,-1.0163,-0.9996,-0.9685,-0.93741,-0.92116,-0.87523,0.11661,-0.84414,-0.81305,-0.78196,-0.73603,-0.6904,-0.64306,-0.59572,-0.53354,-0.47136,-0.41727,0.070678,-0.347,-0.28482,-0.2078,-0.11839,-0.039955,0.052944,0.13175,0.22502,0.31829,0.39672,0.60129,0.012134,0.48999,0.58326,0.66169,0.75496,0.83517,0.97007,1.1259,1.2517,1.4071,1.5425,-0.035206,1.6601,1.7453,1.798,1.8142,1.8033,1.7885,1.7437,1.696,1.6308,1.533,-0.097387,1.4205,1.3066,1.166,1.0355,0.88474,0.72929,0.57383,0.43322,0.29499,0.20409,-0.16157,0.090787,-0.033574,-0.15793,-0.2823,-0.40666,-0.53102,-0.66903,-0.92792,-1.0063,-1.0669,-0.23659,-1.1202,-1.1616,-1.2089,-1.2389,-1.2638,-1.2949,-1.3112,-1.3274,-1.3279,-1.3256,-0.29877,-1.3131,-1.3131,-1.3131,-1.3131,-1.3131,-1.3131,-1.3131,-1.3131,-1.3129,-1.2983,-0.36095,-1.2953,-1.2834,-1.2686,-1.2465,-1.2303,-1.2092,-1.1829,-1.1667,-1.1356,-1.1045,-0.43797,-1.0734,-1.0423,-0.9964,-0.96531,-0.93422,-0.90313,-0.86136,-0.82611,-0.79502,-0.76386,-0.50015,-0.718,-0.67207,-0.63668,-0.58934,-0.542,-0.49466,-0.44732,-0.39649,-0.35056,-0.30463,-0.57717,-0.2587,-0.21277,-0.18168,-0.15059,-0.1195,-0.088408,-0.072158,-0.051679,0.60129,-0.62748,-0.68669,-0.73403,-0.76527,-0.79636,-0.82745,-0.85854,-0.87479,-0.89104,-0.92213,0.60129,-0.95322,-0.96947,-1.0006,-1.0168,-1.0479,-1.0641,-1.0804,-1.0966,-1.1053,-1.1143,0.60129,-1.1202,-1.1202,-1.1053,-1.0907,-1.0893,-1.0757,-1.0608,-1.046,-1.0311,-1.0081,0.60129,-0.9918,-0.97177,-0.95693,-0.92821,-0.91241,-0.89571,-0.86462,-0.83821,-0.81728,-0.78619,0.60129,-0.7551,-0.72401,-0.69292,-0.66183,-0.6159,-0.58481,-0.53888,-0.50386,-0.45652,-0.40918,0.60129,-0.36184,-0.30923,-0.25232,-0.20498,-0.1566,-0.095829,-0.049898,-0.000777,0.056803,0.10874,2.0,2.0
1.8756,1.7726,1.5361,-0.42591,-0.43449,-0.44627,-0.46344,-0.48061,-0.49121,-0.50376,-0.52093,-0.5381,-0.55528,1.5041,-0.5772,-0.6008,-0.61797,-0.63514,-0.65785,-0.68361,-0.70903,-0.7262,-0.74969,-0.77544,1.4682,-0.80008,-0.81725,-0.84153,-0.86728,-0.89304,-0.91879,-0.94455,-0.97031,-0.99338,-1.0106,1.4511,-1.0364,-1.0621,-1.0879,-1.1137,-1.1394,-1.1583,-1.1797,-1.2038,-1.221,-1.2382,1.4255,-1.2554,-1.2725,-1.2897,-1.3069,-1.324,-1.3412,-1.3578,-1.3663,-1.3815,-1.3947,1.3883,-1.4033,-1.4119,-1.4205,-1.429,-1.4376,-1.4462,-1.4548,-1.4578,-1.4578,-1.4582,1.3517,-1.4668,-1.469,-1.469,-1.469,-1.469,-1.4619,-1.4578,-1.4559,-1.4473,-1.4387,1.3259,-1.4354,-1.4327,-1.4243,-1.4243,-1.4182,-1.4096,-1.401,-1.3924,-1.3838,-1.3795,1.3002,-1.3778,-1.3693,-1.3607,-1.3521,-1.341,-1.3239,-1.3151,-1.3066,-1.298,-1.2894,1.2548,-1.2808,-1.2656,-1.2524,-1.2424,-1.2253,-1.2155,-1.2021,-1.1871,-1.1786,-1.1618,1.7354,1.219,-1.1446,-1.1304,-1.1215,-1.1043,-1.0871,-1.0699,-1.0528,-1.0356,-1.0184,-1.0058,1.2005,-0.99528,-0.97811,-0.96094,-0.94377,-0.92934,-0.92061,-0.90344,-0.89239,-0.88029,-0.86404,1.1748,-0.85545,-0.84687,-0.83398,-0.81851,-0.80993,-0.80134,-0.78767,-0.77298,-0.7644,-0.75581,1.149,-0.74723,-0.73864,-0.73006,-0.72147,-0.71289,-0.70836,-0.7069,-0.69832,-0.69717,-0.69717,1.1092,-0.69493,-0.68635,-0.68598,-0.68036,-0.6748,-0.67438,-0.66579,-0.66361,-0.65981,-0.65122,1.066,-0.64264,-0.63405,-0.62547,-0.61688,-0.6083,-0.59971,-0.59113,-0.57977,-0.56277,-0.55418,1.0489,-0.53945,-0.52228,-0.50511,-0.48794,-0.46383,-0.44241,-0.4235,-0.39775,-0.37199,-0.34624,0.99936,-0.32048,-0.29472,-0.26897,-0.24321,-0.21416,-0.18052,-0.15476,-0.129,-0.099165,-0.066306,0.96429,-0.04055,-0.007328,0.022148,0.047903,0.073659,0.10766,0.13636,0.16211,0.18742,0.20459,0.94142,0.22819,0.25012,0.26729,0.28446,0.29442,0.30762,0.32277,0.33136,0.34794,0.35971,1.7234,0.92341,0.3683,0.37669,0.37669,0.38287,0.39145,0.40004,0.40863,0.41721,0.4258,0.43262,0.88048,0.43262,0.44037,0.44895,0.45754,0.46612,0.47471,0.48329,0.49188,0.50046,0.50905,0.85008,0.52434,0.5374,0.54599,0.55457,0.57065,0.58783,0.6027,0.61129,0.62815,0.64532,0.82799,0.66249,0.68014,0.70589,0.72519,0.74236,0.76079,0.78655,0.8123,0.83806,0.86177,0.80763,0.87894,0.90414,0.92989,0.95565,0.98141,1.0072,1.0329,1.0587,1.0844,1.1102,0.7647,1.1359,1.1617,1.1857,1.2028,1.2278,1.2535,1.2793,1.305,1.3222,1.3454,0.74292,1.3678,1.3849,1.4021,1.4193,1.4365,1.4536,1.4708,1.488,1.5051,1.52,0.72575,1.5286,1.5455,1.5569,1.5686,1.5853,1.5939,1.6025,1.611,1.6196,1.6282,0.70858,1.6368,1.6454,1.654,1.6626,1.6711,1.6797,1.6883,1.6969,1.7055,1.7141,0.69141,1.7226,1.7312,1.7398,1.7414,1.7414,1.7432,1.7518,1.7526,1.7039,0.68207,0.66825,0.65371,0.6451,0.62793,0.61677,0.60818,0.5996,0.59101,0.58243,1.661,0.57384,0.56526,0.55667,0.54809,0.54448,0.5421,0.53352,0.52493,0.52211,0.49999,1.6384,0.44325,0.43466,0.39336,0.34579,0.30823,0.29965,0.25443,0.22182,0.2004,0.16606,1.6087,0.14793,0.11975,0.091221,0.074051,0.05688,0.020833,-0.011019,-0.030371,-0.064712,-0.077828,1.5705,-0.090887,-0.11368,-0.15661,-0.1681,-0.17668,-0.1959,-0.2386,-0.24718,-0.25577,-0.26435,1.5533,-0.27294,-0.28153,-0.33105,-0.36581,-0.3744,-0.38298,-0.39157,-0.40015,-0.40874,-0.41732,1.0,2.0
-1.868,-1.839,-1.6321,-0.83871,-0.83701,-0.82776,-0.81681,-0.80586,-0.80586,-0.79491,-0.78396,-0.78396,-0.77301,-1.6117,-0.77246,-0.76206,-0.75111,-0.74016,-0.74016,-0.72921,-0.71848,-0.71131,-0.70413,-0.68601,-1.5849,-0.67884,-0.67167,-0.66351,-0.65256,-0.64161,-0.63203,-0.62485,-0.60876,-0.59956,-0.59239,-1.5611,-0.57591,-0.56709,-0.55992,-0.54306,-0.53462,-0.52116,-0.51021,-0.50216,-0.49498,-0.4883,-1.5358,-0.48064,-0.47735,-0.4664,-0.4664,-0.45545,-0.45545,-0.4445,-0.43043,-0.4226,-0.41609,-1.5086,-0.41165,-0.40174,-0.4007,-0.38975,-0.38975,-0.3788,-0.37683,-0.36785,-0.36249,-0.3569,-1.4852,-0.3569,-0.34595,-0.34595,-0.34595,-0.335,-0.335,-0.335,-0.33079,-0.32405,-0.32405,-1.4599,-0.32405,-0.32405,-0.32405,-0.32405,-0.32405,-0.32405,-0.32405,-0.32405,-0.32405,-0.32405,-1.4323,-0.32405,-0.3131,-0.3131,-0.3131,-0.30215,-0.30215,-0.30215,-0.2912,-0.2912,-0.2912,-1.4032,-0.2912,-0.2912,-0.2912,-0.2912,-0.2912,-0.2912,-0.2912,-0.2912,-0.28365,-0.27647,-1.8208,-1.3851,-0.25835,-0.25118,-0.23306,-0.2255,-0.20776,-0.18964,-0.1817,-0.16434,-0.14622,-0.1183,-1.367,-0.099026,-0.080903,-0.053363,-0.033708,-0.015585,0.011571,0.03161,0.049733,0.076506,0.096928,-1.3489,0.11505,0.13317,0.1513,0.16942,0.18754,0.20566,0.21284,0.23096,0.24908,0.2672,-1.3308,0.27438,0.2925,0.31062,0.31779,0.33296,0.34309,0.35026,0.35743,0.36581,0.37676,-1.3126,0.37676,0.37676,0.38234,0.38771,0.38771,0.39866,0.40008,0.40961,0.41443,0.42056,-1.2945,0.42877,0.43595,0.44246,0.45029,0.45746,0.46464,0.47531,0.47898,0.48626,0.49721,-1.2764,0.5005,0.50816,0.51911,0.53006,0.54014,0.54731,0.55448,0.5726,0.57978,0.58695,-1.2583,0.59576,0.60129,0.60671,0.60671,0.61186,0.61766,0.61766,0.61766,0.6296,0.63956,-1.2548,0.64394,0.65051,0.65829,0.66147,0.66168,0.67242,0.67603,0.68337,0.68337,0.69432,-1.2548,0.69432,0.70527,0.70527,0.71529,0.71622,0.72717,0.72717,0.73812,0.7402,0.74907,-1.7921,-1.2548,0.75454,0.76171,0.77097,0.78192,0.78323,0.79287,0.80382,0.8157,0.82572,0.84099,-1.2548,0.84817,0.85857,0.87346,0.88063,0.89142,0.90593,0.91332,0.93122,0.94617,0.95652,-1.2548,0.97464,0.98181,0.99994,1.0071,1.0228,1.0324,1.0505,1.0686,1.0776,1.0939,-1.2548,1.1121,1.1302,1.1483,1.1664,1.1846,1.2027,1.2208,1.2389,1.2461,1.2528,-1.2519,1.2604,1.2637,1.2747,1.2747,1.2747,1.2854,1.2856,1.2856,1.2856,1.2856,-1.2439,1.2856,1.2757,1.2747,1.2637,1.2542,1.2418,1.2309,1.2217,1.2146,1.209,-1.2439,1.2002,1.198,1.1968,1.2122,1.2355,1.2654,1.2936,1.316,1.3413,1.3699,-1.2439,1.4028,1.4391,1.4862,1.5259,1.5697,1.6128,1.6562,1.7003,1.743,1.7864,-1.2341,1.8309,1.8781,1.9253,1.9711,2.0088,2.056,2.0922,2.1285,2.1647,2.1922,-1.2329,2.2213,2.2406,2.2685,2.2866,2.3048,2.3229,2.341,2.3591,-1.7736,-1.222,-1.222,-1.211,-1.2092,-1.2001,-1.1949,-1.1891,-1.1805,-1.1782,-1.1672,-1.7525,-1.1672,-1.1563,-1.1563,-1.1484,-1.1453,-1.1344,-1.1344,-1.1234,-1.1234,-1.1164,-1.7264,-1.1125,-1.1125,-1.1015,-1.0906,-1.0906,-1.0796,-1.0687,-1.059,-1.0518,-1.0446,-1.7019,-1.0358,-1.0303,-1.0249,-1.0159,-1.0088,-1.003,-0.99442,-0.98725,-0.98106,-0.98106,-1.6792,-0.97011,-0.97011,-0.96234,-0.95916,-0.94821,-0.94821,-0.93726,-0.93726,-0.92631,-0.91536,-1.6611,-0.91536,-0.90441,-0.89346,-0.88344,-0.88251,-0.87156,-0.87156,-0.86061,-0.85853,-0.84966,3.0,2.0
2.1923,2.0474,1.6409,-0.27778,-0.29848,-0.31918,-0.34124,-0.36884,-0.39645,-0.42405,-0.45165,-0.47926,-0.50686,1.6064,-0.53447,-0.56207,-0.58967,-0.62314,-0.65765,-0.69215,-0.72666,-0.76116,-0.79567,-0.83017,1.5611,-0.86467,-0.89918,-0.93368,-0.96819,-0.99831,-1.0259,-1.0588,-1.0933,-1.1278,-1.1621,1.5128,-1.1897,-1.2184,-1.2529,-1.2834,-1.3041,-1.3277,-1.3553,-1.3791,-1.3998,-1.4158,1.4708,-1.4296,-1.4434,-1.4572,-1.471,-1.4848,-1.4986,-1.511,-1.5179,-1.5248,-1.5317,1.4291,-1.5386,-1.5455,-1.5524,-1.5593,-1.5662,-1.5731,-1.58,-1.5869,-1.5938,-1.5999,1.3807,-1.5999,-1.6016,-1.6085,-1.6128,-1.6128,-1.6093,-1.6024,-1.5999,-1.5999,-1.5946,1.3337,-1.5877,-1.5808,-1.5738,-1.5669,-1.5589,-1.5451,-1.5333,-1.5264,-1.5166,-1.5028,1.2923,-1.489,-1.4752,-1.4566,-1.4359,-1.4209,-1.4071,-1.3867,-1.3666,-1.3528,-1.3375,1.2509,-1.3168,-1.2961,-1.2754,-1.2547,-1.234,-1.2133,-1.1926,-1.1719,-1.1512,-1.1305,1.9179,1.2095,-1.1098,-1.089,-1.0683,-1.0476,-1.0251,-0.99753,-0.97264,-0.95193,-0.93123,-0.91053,1.168,-0.88983,-0.86912,-0.84842,-0.82772,-0.81334,-0.79921,-0.77851,-0.75781,-0.7371,-0.7164,1.1266,-0.6957,-0.675,-0.65429,-0.63359,-0.61289,-0.59219,-0.57148,-0.55078,-0.53008,-0.50938,1.0892,-0.48867,-0.46797,-0.44727,-0.42657,-0.40831,-0.39451,-0.38071,-0.36691,-0.35311,-0.33931,1.0547,-0.3255,-0.3117,-0.2979,-0.28416,-0.27726,-0.27036,-0.26346,-0.25656,-0.24966,-0.24276,1.0202,-0.23586,-0.22896,-0.22206,-0.21516,-0.20825,-0.20135,-0.19445,-0.18755,-0.18065,-0.17375,0.98566,-0.16685,-0.15995,-0.15524,-0.15524,-0.15215,-0.14524,-0.13834,-0.13144,-0.12944,-0.12944,0.93393,-0.12364,-0.11674,-0.10984,-0.10294,-0.096035,-0.089134,-0.082234,-0.075333,-0.068432,-0.061531,0.87873,-0.05463,-0.043408,-0.029607,-0.021029,-0.014128,-0.0011,0.012701,0.026503,0.040305,0.054107,0.86338,0.067908,0.08171,0.095512,0.10931,0.12312,0.13692,0.15072,0.16452,0.17832,0.19212,1.8902,0.84893,0.20593,0.21973,0.23353,0.24598,0.25288,0.26203,0.27584,0.28648,0.29338,0.30028,0.82823,0.30718,0.31408,0.32098,0.32201,0.32201,0.32879,0.33491,0.33491,0.33659,0.34349,0.80288,0.34781,0.34781,0.35129,0.3582,0.3651,0.372,0.3789,0.3858,0.38651,0.3867,0.76148,0.3936,0.4005,0.4074,0.4163,0.43011,0.44101,0.44791,0.45861,0.47241,0.49092,0.73232,0.51163,0.53233,0.55303,0.57373,0.59547,0.62997,0.66306,0.69066,0.72059,0.75509,0.72542,0.79282,0.83423,0.87563,0.91704,0.95844,0.99985,1.0472,1.0955,1.137,1.1784,0.70511,1.2198,1.2594,1.2939,1.3311,1.3725,1.4068,1.4344,1.4665,1.501,1.5301,0.6706,1.5577,1.5853,1.6129,1.6405,1.667,1.6877,1.7084,1.7291,1.7498,1.7705,0.64036,1.7912,1.8119,1.8278,1.8416,1.8497,1.8566,1.8701,1.8833,1.8902,1.8971,0.61275,1.9041,1.911,1.9179,1.9182,1.9113,1.9044,1.8975,1.8906,1.8608,0.60579,0.60579,0.59973,0.59282,0.58592,0.57902,0.57212,0.56522,0.55832,0.54033,1.8263,0.50582,0.47499,0.44739,0.42895,0.41514,0.39038,0.36277,0.34794,0.33337,0.30576,1.7918,0.27945,0.25875,0.24243,0.23553,0.22863,0.22173,0.21083,0.19703,0.18322,0.16942,1.7573,0.16142,0.15452,0.14092,0.12782,0.12092,0.11402,0.10712,0.10022,0.093319,0.083,1.7192,0.069198,0.064039,0.064039,0.048367,0.027664,0.013088,-0.001358,-0.049664,-0.092811,-0.10661,1.6778,-0.11848,-0.12538,-0.13512,-0.14892,-0.16646,-0.18717,-0.20322,-0.21703,-0.23637,-0.25708,1.0,2.0
-2.2949,-2.1975,-1.8674,-0.73787,-0.73169,-0.71569,-0.7117,-0.69678,-0.68553,-0.67787,-0.67244,-0.65936,-0.65606,-1.8253,-0.64628,-0.63715,-0.63319,-0.63319,-0.62841,-0.62011,-0.62011,-0.61968,-0.60702,-0.60077,-1.7845,-0.59394,-0.58187,-0.56777,-0.56296,-0.54696,-0.53097,-0.52805,-0.51543,-0.50915,-0.49315,-1.7482,-0.48926,-0.47424,-0.46309,-0.45534,-0.43934,-0.43643,-0.42384,-0.41752,-0.41075,-0.41075,-1.7031,-0.39767,-0.39279,-0.38458,-0.37388,-0.37097,-0.35498,-0.33898,-0.33224,-0.32007,-0.30607,-1.6711,-0.30117,-0.29299,-0.29299,-0.2799,-0.27644,-0.26682,-0.26682,-0.25462,-0.25171,-0.24065,-1.6391,-0.2328,-0.22757,-0.21389,-0.1979,-0.18831,-0.17899,-0.16299,-0.14906,-0.14409,-0.12809,-1.6071,-0.12289,-0.1098,-0.10627,-0.096718,-0.087363,-0.083634,-0.070549,-0.065544,-0.057464,-0.046637,-1.5883,-0.043726,-0.031295,-0.024818,-0.01821,-0.005911,-0.002999,0.012997,0.021044,0.031904,0.034815,-1.5723,0.047213,0.053723,0.060298,0.060298,0.073382,0.073382,0.081364,0.086467,0.087187,0.099552,-2.1655,-1.5563,0.10609,0.11264,0.11264,0.12572,0.12572,0.12572,0.12572,0.12647,0.13881,0.13881,-1.5403,0.13881,0.13881,0.13881,0.14394,0.15189,0.16285,0.16576,0.18176,0.19114,0.20066,-1.5243,0.20423,0.20649,0.21731,0.22539,0.24139,0.2443,0.2603,0.26965,0.2792,0.28274,-1.5083,0.29582,0.29582,0.30393,0.30891,0.32199,0.32575,0.33508,0.34466,0.34816,0.35048,-1.4923,0.36125,0.36125,0.36125,0.37433,0.37433,0.38104,0.38741,0.38741,0.4005,0.40577,-1.4837,0.41358,0.42467,0.42667,0.4305,0.43975,0.4494,0.45284,0.46831,0.47901,0.48722,-1.4734,0.50321,0.51921,0.53521,0.5512,0.5672,0.5706,0.58611,0.59677,0.60501,0.62101,-1.4705,0.62392,0.63992,0.64911,0.65882,0.66219,0.66465,0.67528,0.68355,0.68836,0.70145,-1.4575,0.70537,0.71453,0.72428,0.72762,0.7407,0.7407,0.74901,0.75379,0.75379,0.75774,-1.4516,0.76687,0.76687,0.76687,0.77996,0.77996,0.77996,0.79121,0.79304,0.79703,0.80612,-2.1248,-1.4444,0.80612,0.81885,0.82176,0.83776,0.84538,0.85666,0.85958,0.87155,0.87848,0.88463,-1.4327,0.88463,0.89772,0.90321,0.91921,0.9352,0.95006,0.95006,0.95006,0.95993,0.96314,-1.4183,0.96314,0.96314,0.96314,0.95179,0.95006,0.95006,0.95006,0.95006,0.95006,0.96314,-1.4138,0.96314,0.97161,0.97623,0.99052,1.0024,1.0094,1.0155,1.0283,1.0312,1.0472,-1.4052,1.0547,1.0661,1.0691,1.0809,1.0809,1.0909,1.094,1.1098,1.1202,1.1287,-1.4052,1.1447,1.1607,1.1767,1.1927,1.2087,1.2247,1.2407,1.2567,1.2812,1.3017,-1.3921,1.3177,1.3337,1.3497,1.3657,1.3817,1.3977,1.4137,1.4297,1.4457,1.4486,-1.3921,1.4646,1.4806,1.4966,1.5126,1.5286,1.5446,1.5606,1.5766,1.5926,1.6086,-1.3921,1.6318,1.6537,1.6696,1.6885,1.7147,1.7307,1.7467,1.7627,1.7787,1.7947,-1.3921,1.8107,1.8267,1.8427,1.8587,1.8747,1.8907,1.9052,1.9096,-2.0885,-1.3921,-1.3905,-1.379,-1.379,-1.3687,-1.3658,-1.3528,-1.3528,-1.3528,-1.3528,-2.055,-1.3398,-1.3398,-1.3398,-1.3398,-1.3267,-1.3267,-1.3267,-1.3177,-1.3136,-1.3005,-2.0114,-1.2959,-1.2799,-1.2743,-1.261,-1.2482,-1.2421,-1.2261,-1.222,-1.2072,-1.1912,-1.9794,-1.1752,-1.1592,-1.1432,-1.1272,-1.1112,-1.0952,-1.0792,-1.0633,-1.0473,-1.0313,-1.9372,-1.0153,-0.99927,-0.98327,-0.96727,-0.95128,-0.93528,-0.91929,-0.90329,-0.88729,-0.8713,-1.9023,-0.86839,-0.85239,-0.8364,-0.82946,-0.81749,-0.80149,-0.79021,-0.78258,-0.76659,-0.75059,3.0,2.0
0.55316,0.57198,0.59299,1.6584,1.6772,1.6882,1.6882,1.6827,1.6683,1.6582,1.588,1.4258,1.3693,0.59299,1.3129,1.2386,1.1633,1.0724,0.99285,0.90414,0.81005,0.72721,0.64178,0.55675,0.59299,0.47351,0.38629,0.30524,0.21583,0.13697,-0.009391,-0.468,-0.54327,-0.61854,-0.67579,0.59299,-0.74918,-0.80862,-0.86507,-0.92153,-0.97798,-1.0344,-1.0909,-1.1381,-1.1839,-1.2333,0.59299,-1.2649,-1.2886,-1.3225,-1.3386,-1.3386,-1.3386,-1.3386,-1.3386,-1.3215,-1.3027,0.59648,-1.2689,-1.2313,-1.1809,-1.1244,-1.0574,-0.98216,-0.89853,-0.80444,-0.71034,-0.61625,0.61291,-0.52216,-0.42807,-0.33219,-0.21998,-0.12588,-0.031793,0.062298,0.15639,0.25048,0.34457,0.61291,0.43866,0.53275,0.61609,0.70102,0.78655,0.86182,0.9371,1.0124,1.0835,1.1399,0.61291,1.1964,1.2528,1.3093,1.3471,1.3848,1.406,1.4248,1.4294,1.4294,1.3089,0.61291,1.1974,1.1311,1.0645,0.96975,0.84549,0.77022,0.69057,0.59648,0.50239,0.40829,0.57308,0.59498,0.3142,0.22011,0.12602,0.03193,-0.062161,-0.14182,-0.23043,-0.31227,-0.38755,-0.46282,0.57616,-0.52913,-0.71931,-0.98057,-1.037,-1.0889,-1.1265,-1.1642,-1.2018,-1.2394,-1.2771,0.55735,-1.2968,-1.3324,-1.3543,-1.3732,-1.392,-1.4108,-1.4296,-1.4484,-1.4581,-1.4581,0.53853,-1.4651,-1.478,-1.478,-1.4743,-1.4581,-1.4581,-1.4577,-1.4389,-1.4201,-1.4012,0.51971,-1.3665,-1.3437,-1.3111,-1.2735,-1.2359,-1.1982,-1.1606,-1.1147,-1.0582,-1.0018,0.43866,-0.94532,-0.88499,-0.8125,-0.75435,-0.67908,-0.60381,-0.52853,-0.45326,-0.37799,-0.28768,0.35981,-0.20753,-0.11941,-0.025321,0.058116,0.13339,0.21713,0.30385,0.37912,0.45957,0.54958,0.30335,0.62485,0.70013,0.7754,0.85067,0.90743,0.9813,1.0566,1.1319,1.193,1.2625,0.21942,1.3258,1.3823,1.4387,1.4865,1.5317,1.5817,1.6193,1.657,1.6914,1.7123,0.12264,1.749,1.7678,1.7866,1.7878,1.8043,1.8077,1.8077,1.8077,1.7956,1.7878,0.57308,0.054332,1.6882,1.5798,1.5299,1.4625,1.4437,1.4249,1.4061,1.3872,1.3672,1.3296,-0.031495,1.292,1.2365,1.1968,1.1435,1.1016,1.0639,1.014,0.95751,0.91121,0.83733,-0.15814,0.74832,0.69186,0.63541,0.58363,0.54241,0.48596,0.42393,0.29339,0.23694,0.16246,-0.21828,0.08719,0.027748,-0.043443,-0.11872,-0.18144,-0.24935,-0.35569,-0.45037,-0.64563,-0.90181,-0.30132,-0.96424,-1.0346,-1.0873,-1.1249,-1.1626,-1.2002,-1.2379,-1.2573,-1.2761,-1.2789,-0.42857,-1.2938,-1.2988,-1.286,-1.2789,-1.2683,-1.24,-1.2108,-1.1847,-1.147,-1.1043,-0.50344,-1.0479,-0.99142,-0.93497,-0.87782,-0.80254,-0.74569,-0.67191,-0.59664,-0.52137,-0.44609,-0.5599,-0.38376,-0.31546,-0.25094,-0.19449,-0.14659,-0.10149,-0.051408,-0.013772,0.019683,0.038501,-0.61635,0.05732,0.076138,0.094956,0.095155,0.11268,0.11507,0.099735,0.095155,0.095155,0.083107,-0.68983,0.064289,0.055328,0.046566,0.035415,0.035415,0.029938,0.015501,0.012216,0.57308,-0.74918,-0.80563,-0.86209,-0.91854,-0.97499,-1.0314,-1.0879,-1.1361,-1.1809,-1.2313,0.57308,-1.2639,-1.2828,-1.3016,-1.3204,-1.3386,-1.3386,-1.3386,-1.3386,-1.3225,-1.3037,0.57308,-1.2709,-1.2333,-1.1956,-1.158,-1.1108,-1.0543,-0.99053,-0.91525,-0.83998,-0.76471,0.57308,-0.68645,-0.59236,-0.49827,-0.40418,-0.31008,-0.21599,-0.1219,-0.027811,0.066281,0.16037,0.58423,0.25446,0.35941,0.46256,0.55665,0.65074,0.74483,0.83355,0.9131,1.004,1.0793,0.59299,1.1546,1.2298,1.3051,1.3627,1.4192,1.4757,1.5321,1.5753,1.613,1.6395,2.0,2.0
1.9726,1.8271,1.5014,-0.26955,-0.30339,-0.34308,-0.38277,-0.42246,-0.46215,-0.50184,-0.54154,-0.58146,-0.62777,1.4683,-0.67232,-0.71201,-0.75498,-0.80129,-0.8428,-0.88249,-0.9285,-0.97358,-1.0133,-1.053,1.4352,-1.0927,-1.1323,-1.172,-1.2117,-1.2507,-1.2838,-1.3169,-1.3499,-1.383,-1.4161,1.4062,-1.4492,-1.4821,-1.5085,-1.5333,-1.5531,-1.573,-1.5928,-1.6127,-1.6325,-1.6524,1.3797,-1.6711,-1.6843,-1.6948,-1.7014,-1.7123,-1.7255,-1.733,-1.739,-1.739,-1.739,1.3477,-1.739,-1.7353,-1.7287,-1.722,-1.7154,-1.7088,-1.7006,-1.6873,-1.6741,-1.6609,1.3146,-1.6476,-1.6344,-1.6212,-1.6068,-1.587,-1.5671,-1.5473,-1.5274,-1.5076,-1.4878,1.2815,-1.4685,-1.4553,-1.4399,-1.4201,-1.4002,-1.3804,-1.3554,-1.329,-1.3091,-1.2893,1.2485,-1.2695,-1.2496,-1.2298,-1.2099,-1.1901,-1.1702,-1.1514,-1.1382,-1.1224,-1.1025,1.2154,-1.0827,-1.0629,-1.0486,-1.0349,-1.015,-0.99723,-0.984,-0.97077,-0.95754,-0.94431,1.7105,1.1823,-0.93108,-0.91785,-0.90462,-0.89139,-0.87816,-0.86493,-0.85626,-0.84965,-0.83694,-0.82371,1.1492,-0.81048,-0.79725,-0.78402,-0.77079,-0.75756,-0.74433,-0.73157,-0.72495,-0.71634,-0.70311,1.101,-0.68988,-0.67665,-0.66846,-0.66184,-0.64867,-0.6369,-0.63029,-0.62367,-0.61706,-0.60593,1.0481,-0.5927,-0.5855,-0.57889,-0.57227,-0.56566,-0.55904,-0.55243,-0.54581,-0.53919,-0.53258,1.0214,-0.52596,-0.52128,-0.52128,-0.51783,-0.51121,-0.5046,-0.49798,-0.49137,-0.48475,-0.47814,0.99497,-0.47152,-0.4649,-0.45829,-0.45167,-0.44506,-0.43844,-0.43183,-0.42281,-0.40958,-0.40027,0.96851,-0.39366,-0.3816,-0.36837,-0.35514,-0.34003,-0.32019,-0.30374,-0.29051,-0.27236,-0.25251,0.93607,-0.23267,-0.21282,-0.19297,-0.17313,-0.15328,-0.12905,-0.10259,-0.082037,-0.062191,-0.042345,0.89638,-0.020158,0.006304,0.028901,0.048747,0.068593,0.088731,0.11519,0.13984,0.15968,0.17953,0.87472,0.19938,0.21922,0.23907,0.25891,0.27876,0.29861,0.31845,0.3383,0.35381,0.36704,1.6906,0.86149,0.38613,0.40521,0.41844,0.43167,0.4449,0.46194,0.48179,0.4963,0.50953,0.52277,0.83017,0.536,0.54923,0.55918,0.56579,0.57721,0.59044,0.60367,0.61567,0.62229,0.6289,0.7999,0.63552,0.64641,0.65964,0.66707,0.67369,0.6803,0.68692,0.69353,0.70015,0.70676,0.78667,0.71338,0.71982,0.71982,0.72152,0.72813,0.73475,0.74136,0.74798,0.75459,0.76121,0.76607,0.76782,0.77444,0.78105,0.78767,0.79428,0.8009,0.80752,0.81477,0.82801,0.84124,0.73299,0.85447,0.8677,0.88093,0.89416,0.90751,0.92735,0.94884,0.9753,0.9986,1.0184,0.70788,1.043,1.0694,1.0959,1.1235,1.1565,1.187,1.2134,1.2441,1.2771,1.3045,0.68803,1.3316,1.3647,1.3956,1.4221,1.4486,1.475,1.5015,1.5279,1.5544,1.5809,0.67919,1.6073,1.6307,1.6505,1.6704,1.6902,1.7039,1.7171,1.7304,1.7462,1.766,0.67258,1.7777,1.7843,1.7909,1.7975,1.8041,1.8108,1.8174,1.8204,1.6677,0.66596,0.65934,0.65273,0.63921,0.61936,0.60947,0.60285,0.59624,0.58822,0.57498,1.6413,0.56468,0.55807,0.547,0.53377,0.52054,0.50819,0.50157,0.49256,0.47933,0.47002,1.6148,0.4634,0.45679,0.45017,0.44356,0.4332,0.41335,0.3969,0.38367,0.35568,0.32261,1.5884,0.31529,0.30868,0.30206,0.28684,0.26038,0.2427,0.22947,0.22215,0.21471,0.20148,1.5619,0.18825,0.17502,0.16179,0.14856,0.13533,0.12181,0.10196,0.082116,0.06227,0.039087,1.5344,0.012626,-0.008976,-0.028822,-0.055049,-0.08151,-0.10797,-0.13724,-0.17032,-0.2034,-0.23647,1.0,2.0
-1.9943,-1.8463,-1.7022,-0.61295,-0.61295,-0.61295,-0.61295,-0.61969,-0.62349,-0.63098,-0.63403,-0.64226,-0.65317,-1.6804,-0.66409,-0.675,-0.68591,-0.69683,-0.70774,-0.71865,-0.72957,-0.74048,-0.75688,-0.80449,-1.663,-0.81751,-0.83438,-0.83723,-0.84492,-0.84851,-0.85151,-0.84492,-0.84492,-0.84492,-0.83949,-1.6472,-0.82858,-0.81767,-0.80675,-0.79584,-0.78493,-0.73579,-0.71038,-0.69108,-0.66925,-0.65655,-1.6306,-0.63614,-0.61432,-0.58226,-0.56012,-0.53829,-0.51646,-0.49464,-0.47281,-0.45098,-0.42916,-1.6197,-0.40733,-0.3855,-0.36368,-0.34185,-0.31591,-0.28765,-0.26582,-0.244,-0.21658,-0.1898,-1.6029,-0.16797,-0.14614,-0.12432,-0.10249,-0.080663,-0.058836,-0.037009,-0.015182,0.006645,0.028472,-1.5873,0.050299,0.06174,0.072864,0.094112,0.10502,0.11594,0.12516,0.12722,0.13813,0.14625,-1.5764,0.14942,0.1568,0.1607,0.16734,0.16734,0.17235,0.17789,0.17789,0.17789,0.1714,-1.5655,0.16734,0.16734,0.15975,0.1568,0.14847,0.13755,0.12664,0.11573,0.10481,0.093901,-1.8354,-1.5546,0.082987,0.071705,0.050616,0.039702,0.022884,-0.024303,-0.041859,-0.077763,-0.091629,-0.11013,-1.5437,-0.12105,-0.13196,-0.14287,-0.14899,-0.14899,-0.14899,-0.14899,-0.14899,-0.14235,-0.13143,-1.5327,-0.1279,-0.12015,-0.10924,-0.089836,-0.076867,-0.001368,0.037962,0.060738,0.092899,0.11509,-1.5218,0.14731,0.16914,0.19096,0.21442,0.24516,0.26699,0.28607,0.3001,0.32192,0.34375,-1.5286,0.36136,0.37686,0.39373,0.40997,0.4261,0.44308,0.45847,0.47619,0.49085,0.5093,-1.5395,0.52322,0.54241,0.56424,0.57705,0.59734,0.61917,0.63088,0.65228,0.66356,0.68471,-1.5409,0.69562,0.70653,0.71745,0.72836,0.73674,0.73964,0.74729,0.75092,0.75783,0.76221,-1.5508,0.76838,0.76838,0.77386,0.77892,0.77892,0.78551,0.78946,0.78946,0.78177,0.77892,-1.5514,0.77048,0.75957,0.74866,0.73774,0.72683,0.70564,0.69435,0.673,0.66124,0.64063,-1.5514,0.62339,0.57663,0.56107,0.53371,0.52585,0.52585,0.52206,0.51531,0.51531,0.51531,-1.8233,-1.5514,0.51531,0.52095,0.52585,0.52585,0.5326,0.5364,0.54388,0.54694,0.55517,0.56608,-1.5505,0.62181,0.64063,0.66124,0.68307,0.7049,0.71618,0.73801,0.75983,0.78166,0.80349,-1.5409,0.82532,0.84714,0.86897,0.8908,0.91621,0.945,0.96682,0.98865,1.0105,1.0269,-1.5409,1.0436,1.0654,1.0872,1.1091,1.1309,1.1527,1.1745,1.188,1.2077,1.2295,-1.5389,1.2418,1.2626,1.2742,1.2851,1.296,1.3069,1.3178,1.3288,1.3397,1.3483,-1.5303,1.351,1.3619,1.3728,1.38,1.3841,1.395,1.401,1.4063,1.4116,1.4116,-1.5276,1.4179,1.4221,1.4292,1.4327,1.4327,1.4408,1.4432,1.4521,1.4538,1.4634,-1.5198,1.4743,1.4852,1.4962,1.5071,1.518,1.5289,1.5415,1.5613,1.5746,1.5964,-1.5163,1.6183,1.6401,1.6619,1.688,1.7161,1.7379,1.7651,1.7921,1.814,1.8358,-1.5054,1.8576,1.8794,1.8937,1.9126,1.9344,1.9475,1.9675,1.9799,-1.8015,-1.4945,-1.4881,-1.4832,-1.4723,-1.4614,-1.4504,-1.4395,-1.4218,-1.4072,-1.3962,-1.7815,-1.3774,-1.3639,-1.3443,-1.3315,-1.3112,-1.2991,-1.2781,-1.2563,-1.2348,-1.2232,-1.7684,-1.2013,-1.1795,-1.1577,-1.138,-1.1246,-1.1027,-1.0809,-1.0591,-1.0413,-1.026,-1.7492,-1.0089,-0.99286,-0.97104,-0.95506,-0.93793,-0.92269,-0.90482,-0.89032,-0.87171,-0.84988,-1.7353,-0.83649,-0.81677,-0.79494,-0.77312,-0.7612,-0.74001,-0.72872,-0.70737,-0.69646,-0.68554,-1.7168,-0.67463,-0.66372,-0.6528,-0.64189,-0.63403,-0.63061,-0.62349,-0.62349,-0.61896,-0.61295,5.0,2.0
2.1315,1.9926,1.7227,-0.22628,-0.24613,-0.27287,-0.29619,-0.31604,-0.34145,-0.36609,-0.39063,-0.4204,-0.45017,1.6852,-0.47994,-0.50679,-0.52912,-0.55889,-0.58866,-0.61843,-0.6482,-0.67798,-0.70775,-0.73752,1.6603,-0.76729,-0.79706,-0.81838,-0.84624,-0.86844,-0.89541,-0.9185,-0.94459,-0.96856,-0.98841,1.6166,-1.0083,-1.0236,-1.0376,-1.0538,-1.0669,-1.084,-1.094,-1.1039,-1.1138,-1.1237,1.5739,-1.1337,-1.1436,-1.1535,-1.1634,-1.1825,-1.1936,-1.2036,-1.2213,-1.2338,-1.2437,1.539,-1.2536,-1.2696,-1.2838,-1.2938,-1.299,-1.3032,-1.3132,-1.3231,-1.3301,-1.3326,1.4894,-1.3425,-1.3508,-1.352,-1.3619,-1.3715,-1.3715,-1.3813,-1.3819,-1.3908,-1.3922,1.4625,-1.3922,-1.3998,-1.4026,-1.4026,-1.4026,-1.3968,-1.3922,-1.3922,-1.3877,-1.3819,1.4329,-1.3782,-1.3715,-1.3688,-1.3588,-1.3489,-1.3404,-1.3394,-1.3295,-1.3196,-1.3097,1.3793,-1.2997,-1.2807,-1.2695,-1.2596,-1.2419,-1.2294,-1.2125,-1.1992,-1.1832,-1.169,1.977,1.3496,-1.1539,-1.1388,-1.1288,-1.1189,-1.1056,-1.0887,-1.0788,-1.0668,-1.0486,-1.0374,1.3198,-1.0184,-1.0081,-0.98825,-0.9684,-0.95793,-0.93907,-0.91923,-0.90744,-0.88989,-0.87005,1.2873,-0.85694,-0.84072,-0.82087,-0.80644,-0.79154,-0.77169,-0.75594,-0.74236,-0.72252,-0.70544,1.2188,-0.69318,-0.67334,-0.65494,-0.64401,-0.62473,-0.61481,-0.60488,-0.58535,-0.57467,-0.56475,1.189,-0.55482,-0.5449,-0.53498,-0.52505,-0.51513,-0.50521,-0.50093,-0.49572,-0.4858,-0.4802,1.1593,-0.47632,-0.46639,-0.45948,-0.45691,-0.44911,-0.44743,-0.43875,-0.43794,-0.42838,-0.42838,1.1202,-0.41854,-0.41802,-0.40905,-0.40765,-0.39957,-0.38965,-0.37972,-0.3698,-0.35988,-0.35583,1.0894,-0.35039,-0.34047,-0.33055,-0.32474,-0.32106,-0.31114,-0.30122,-0.29129,-0.28137,-0.27145,1.0596,-0.26152,-0.2516,-0.24167,-0.23175,-0.22183,-0.2119,-0.19322,-0.18169,-0.17177,-0.15441,1.0298,-0.14156,-0.12508,-0.11135,-0.095748,-0.081135,-0.066418,-0.050924,-0.041,-0.031076,-0.021153,1.958,0.99253,-0.011229,-0.001306,0.008618,0.018542,0.028465,0.038389,0.048312,0.058236,0.068159,0.078083,0.95991,0.088007,0.09793,0.10785,0.11055,0.11734,0.12726,0.13718,0.14711,0.152,0.15659,0.93014,0.16651,0.17644,0.18636,0.19629,0.20621,0.21613,0.22606,0.23598,0.2459,0.25601,0.90037,0.27586,0.28604,0.29596,0.31467,0.33452,0.35436,0.37421,0.39406,0.4139,0.43375,0.8706,0.4593,0.48907,0.51884,0.54861,0.58232,0.61852,0.66358,0.7325,0.77219,0.81188,0.84083,0.85287,0.90164,0.94133,0.98103,1.0702,1.1217,1.1623,1.202,1.2498,1.2917,0.81106,1.3314,1.3711,1.4108,1.4446,1.4798,1.5347,1.5857,1.6113,1.6349,1.6647,0.78129,1.6916,1.7114,1.7313,1.7542,1.7917,1.8116,1.8314,1.8512,1.8711,1.8817,0.75151,1.9004,1.9119,1.9218,1.9317,1.9417,1.9516,1.9615,1.9657,1.971,1.9809,0.72174,1.9908,2.0008,2.0072,2.0072,2.0045,1.9968,1.995,1.9851,1.9468,0.69508,0.67257,0.6428,0.61481,0.59497,0.57421,0.54491,0.52506,0.50521,0.48537,1.9042,0.46552,0.44567,0.42582,0.41372,0.39649,0.38351,0.36716,0.3533,0.34338,0.33345,1.8468,0.32353,0.30094,0.27637,0.27637,0.27637,0.27145,0.25565,0.25406,0.24528,0.24458,1.8164,0.23466,0.22473,0.22455,0.20595,0.20383,0.1954,0.18548,0.17556,0.16563,0.15571,1.7897,0.13957,0.11972,0.10521,0.085493,0.064636,0.058728,0.051577,0.012919,-0.047607,-0.057531,1.7664,-0.069268,-0.087742,-0.098598,-0.11795,-0.12793,-0.14778,-0.15809,-0.17711,-0.1883,-0.20644,1.0,2.0
0.59503,0.64418,0.68734,0.98735,1.0693,1.1512,1.2301,1.2957,1.3612,1.4268,1.4923,1.5421,1.5823,0.68734,1.6151,1.6478,1.6686,1.685,1.7014,1.6878,1.6714,1.655,1.6386,1.6109,0.68734,1.5735,1.5244,1.4752,1.4184,1.3529,1.2874,1.2112,1.1293,1.0474,0.95181,0.68734,0.8535,0.75519,0.65687,0.54864,0.43717,0.33886,0.22763,0.11293,-0.001766,-0.10054,0.68734,-0.20808,-0.32024,-0.41855,-0.51686,-0.61517,-0.71348,-0.8118,-0.90157,-0.9835,-1.0654,0.68734,-1.1358,-1.2013,-1.2669,-1.3324,-1.3823,-1.4162,-1.4654,-1.5037,-1.5323,-1.5487,0.68734,-1.5651,-1.5743,-1.5738,-1.5574,-1.5411,-1.5212,-1.4884,-1.4557,-1.4164,-1.3673,0.68734,-1.3181,-1.2595,-1.194,-1.1284,-1.0504,-0.96849,-0.88657,-0.8201,-0.74579,-0.66179,0.68734,-0.56348,-0.47694,-0.39501,-0.31309,-0.23116,-0.14923,-0.065922,0.03239,0.11962,0.20155,0.68734,0.28348,0.37948,0.47041,0.55233,0.63426,0.71618,0.79442,0.85996,0.93889,1.0141,0.66426,0.68272,1.0797,1.1452,1.201,1.2502,1.2994,1.3485,1.3917,1.4244,1.4572,1.49,0.66634,1.5204,1.5368,1.5532,1.5643,1.5643,1.5493,1.5329,1.5149,1.4821,1.4494,0.64995,1.412,1.3628,1.3137,1.2569,1.1904,1.1085,1.0266,0.94465,0.86273,0.76719,0.63357,0.66888,0.57033,0.45564,0.35086,0.24932,0.13462,0.019928,-0.101,-0.23208,-0.34724,0.61718,-0.46194,-0.57663,-0.69133,-0.80603,-0.91518,-1.0135,-1.1118,-1.2016,-1.2835,-1.3654,0.6008,-1.4243,-1.4783,-1.5438,-1.5803,-1.6131,-1.6447,-1.6611,-1.6774,-1.6938,-1.7102,0.58441,-1.7128,-1.7056,-1.6892,-1.6728,-1.6564,-1.6366,-1.6038,-1.5711,-1.5383,-1.5055,0.5641,-1.4566,-1.398,-1.3352,-1.286,-1.2244,-1.1589,-1.0933,-1.0278,-0.96226,-0.89672,0.53133,-0.83118,-0.75387,-0.67194,-0.59002,-0.50809,-0.42617,-0.34424,-0.26231,-0.19147,-0.11715,0.49856,-0.018843,0.051313,0.12424,0.20617,0.28809,0.35963,0.42517,0.49071,0.54287,0.59872,0.66726,0.46579,0.66426,0.71342,0.76257,0.80873,0.8415,0.87427,0.91304,0.96219,0.97996,1.0053,0.43279,1.0358,1.0522,1.0806,1.108,1.1244,1.1408,1.1572,1.1736,1.19,1.195,0.38363,1.1997,1.216,1.2324,1.2412,1.2403,1.2239,1.2075,1.1911,1.1747,1.1584,0.3444,1.142,1.1256,1.1092,1.0928,1.0732,1.0404,1.0077,0.97489,0.94212,0.89342,0.30517,0.84427,0.79511,0.74596,0.68457,0.62457,0.57541,0.51102,0.44548,0.38179,0.33263,0.23963,0.27194,0.2064,0.14086,0.075314,0.009773,-0.055768,-0.12131,-0.18685,-0.24824,-0.29739,0.18701,-0.34655,-0.3957,-0.4444,-0.47717,-0.50994,-0.53925,-0.55563,-0.58517,-0.61148,-0.62787,0.13162,-0.61194,-0.59556,-0.58194,-0.58194,-0.56948,-0.55309,-0.53671,-0.52032,-0.50394,-0.48963,0.066083,-0.48963,-0.47786,-0.46148,-0.44509,-0.44347,-0.44347,-0.44209,-0.4257,-0.4204,-0.4204,0.000542,-0.4204,-0.43447,-0.44347,-0.44347,-0.44347,-0.45386,-0.47024,-0.48663,0.68364,-0.064999,-0.13308,-0.215,-0.29693,-0.37886,-0.46078,-0.54271,-0.62464,-0.70656,-0.78849,0.68734,-0.85888,-0.92442,-0.98996,-1.0555,-1.121,-1.1854,-1.2346,-1.2837,-1.3329,-1.382,0.68734,-1.4174,-1.443,-1.4598,-1.4926,-1.5051,-1.5085,-1.5249,-1.515,-1.4986,-1.4822,0.68734,-1.4658,-1.44,-1.4072,-1.3744,-1.3292,-1.2743,-1.2087,-1.1432,-1.0777,-1.01,0.68734,-0.92811,-0.84618,-0.75918,-0.66087,-0.56256,-0.46424,-0.36593,-0.26762,-0.16931,-0.070999,0.68734,0.027312,0.12562,0.23132,0.34532,0.44364,0.53156,0.61718,0.71549,0.8138,0.90542,0.0,2.0
-0.083071,-0.13377,-0.13377,1.7927,1.7669,1.741,1.7152,1.6873,1.6356,1.5839,1.5286,1.451,1.3735,-0.13377,1.2908,1.193,1.1032,0.98056,0.87004,0.74076,0.61148,0.47359,0.31845,0.16332,-0.13377,0.008184,-0.14695,-0.29093,-0.42021,-0.54949,-0.66609,-0.76951,-0.87293,-0.96216,-1.0397,-0.13377,-1.1173,-1.1791,-1.2471,-1.3079,-1.3596,-1.4113,-1.4448,-1.4707,-1.4965,-1.5026,-0.13377,-1.5026,-1.4818,-1.456,-1.4301,-1.3819,-1.353,-1.3039,-1.276,-1.2258,-1.1741,-0.13377,-1.097,-1.0448,-0.96723,-0.89119,-0.83745,-0.75988,-0.68231,-0.60475,-0.52718,-0.44961,-0.12566,-0.37205,-0.30006,-0.24226,-0.17128,-0.11957,-0.067862,-0.016151,0.044179,0.11262,0.16433,-0.10842,0.21604,0.26775,0.31947,0.38284,0.44824,0.49995,0.55166,0.60337,0.65508,0.70679,-0.10842,0.7585,0.81022,0.86193,0.91364,0.96535,1.0171,1.087,1.1458,1.1975,1.2493,-0.10842,1.301,1.3319,1.379,1.4308,1.4602,1.486,1.5119,1.5377,1.5636,1.5646,-0.13377,-0.11856,1.5899,1.6158,1.6417,1.6675,1.6913,1.6939,1.7167,1.7202,1.738,1.7121,-0.14441,1.6863,1.6604,1.6285,1.5768,1.525,1.4733,1.4135,1.3446,1.2746,1.1808,-0.17027,1.0931,0.98968,0.87511,0.75749,0.6419,0.51262,0.38334,0.26775,0.15014,0.035561,-0.19613,-0.067862,-0.15557,-0.24936,-0.35278,-0.43897,-0.53428,-0.61945,-0.71577,-0.79993,-0.89727,-0.22198,-0.98041,-1.058,-1.1355,-1.2131,-1.2907,-1.3454,-1.3971,-1.4489,-1.5006,-1.5274,-0.24784,-1.5533,-1.5791,-1.604,-1.6025,-1.5766,-1.5508,-1.5249,-1.4955,-1.4478,-1.422,-0.28687,-1.3911,-1.3449,-1.313,-1.2679,-1.2349,-1.1908,-1.1568,-1.1137,-1.0788,-1.0271,-0.33859,-0.98548,-0.94898,-0.89727,-0.84556,-0.78168,-0.71679,-0.65189,-0.57433,-0.51096,-0.44454,-0.3761,-0.35177,-0.26406,-0.18649,-0.092196,-0.006011,0.071556,0.16737,0.25204,0.3296,0.40717,-0.41666,0.48474,0.56231,0.63987,0.71744,0.79501,0.87257,0.92682,1.0024,1.0556,1.1073,-0.13377,-0.48358,1.159,1.2107,1.2614,1.2873,1.3131,1.339,1.3648,1.3907,1.4166,1.4424,-0.54543,1.4632,1.4688,1.4946,1.5139,1.521,1.5316,1.5058,1.4799,1.4541,1.4282,-0.59714,1.4024,1.3659,1.3141,1.2624,1.1986,1.1337,1.0688,0.9912,0.91364,0.82137,-0.64885,0.73316,0.63987,0.55267,0.45838,0.37219,0.29462,0.19881,0.11414,0.036575,-0.040992,-0.7178,-0.11856,-0.19613,-0.2524,-0.30411,-0.33352,-0.38218,-0.41058,-0.43643,-0.46229,-0.4633,-0.77762,-0.4633,-0.4633,-0.4633,-0.4633,-0.4633,-0.4633,-0.4633,-0.4633,-0.4633,-0.4633,-0.82933,-0.45823,-0.43795,-0.43795,-0.43136,-0.4126,-0.4126,-0.40449,-0.38725,-0.37813,-0.36191,-0.8998,-0.36191,-0.36191,-0.36191,-0.36191,-0.36191,-0.36191,-0.36191,-0.36191,-0.3761,-0.38725,-0.95811,-0.38725,-0.38725,-0.38725,-0.38725,-0.38725,-0.38725,-0.38725,-0.38725,-0.38725,-0.38725,-1.0098,-0.38725,-0.38725,-0.38725,-0.38725,-0.38725,-0.38725,-0.38725,-0.38725,-0.13377,-1.0615,-1.134,-1.1903,-1.242,-1.2714,-1.3201,-1.3485,-1.3743,-1.4245,-1.4514,-0.13377,-1.4772,-1.5031,-1.5269,-1.5011,-1.4752,-1.4494,-1.4235,-1.3941,-1.3424,-1.2952,-0.13377,-1.2643,-1.207,-1.1355,-1.0838,-1.025,-0.94746,-0.86989,-0.79233,-0.70563,-0.60221,-0.13377,-0.50893,-0.42071,-0.32845,-0.23922,-0.1358,-0.032374,0.071049,0.17447,0.27789,0.38132,-0.13377,0.46953,0.56281,0.66623,0.76966,0.87308,0.95876,1.0546,1.1392,1.2168,1.2944,-0.13377,1.3719,1.4495,1.5058,1.5793,1.6346,1.6635,1.7126,1.7405,1.7664,1.7922,0.0,2.0
-2.0327,-1.9719,-1.7608,-0.86203,-0.85221,-0.837,-0.82842,-0.82082,-0.81294,-0.79772,-0.7872,-0.7796,-0.77199,-1.7304,-0.75845,-0.74599,-0.73838,-0.73077,-0.72317,-0.71556,-0.70795,-0.70035,-0.69274,-0.68513,-1.7049,-0.67753,-0.67321,-0.6731,-0.66549,-0.66242,-0.66107,-0.65346,-0.65163,-0.64904,-0.64143,-1.6821,-0.64084,-0.63701,-0.63005,-0.63005,-0.62498,-0.61737,-0.60976,-0.60847,-0.60534,-0.59773,-1.6593,-0.59013,-0.57815,-0.56412,-0.55652,-0.54891,-0.5413,-0.5337,-0.51924,-0.50402,-0.4893,-1.6303,-0.48169,-0.46917,-0.45396,-0.43874,-0.42353,-0.40832,-0.3931,-0.37789,-0.36268,-0.34746,-1.6029,-0.33225,-0.31703,-0.30182,-0.28661,-0.27139,-0.25618,-0.24097,-0.22575,-0.21529,-0.20611,-1.58,-0.1909,-0.18167,-0.17126,-0.15605,-0.14806,-0.14046,-0.13285,-0.12524,-0.11764,-0.11003,-1.5572,-0.10242,-0.094816,-0.087209,-0.079602,-0.071995,-0.068974,-0.067571,-0.059964,-0.058184,-0.05554,-1.5387,-0.047933,-0.040327,-0.036604,-0.035903,-0.028296,-0.020689,-0.013082,-0.005475,0.002132,0.009739,-1.9331,-1.5224,0.017346,0.032559,0.043349,0.052197,0.067411,0.082625,0.095357,0.10296,0.11748,0.13269,-1.4996,0.1479,0.16312,0.18329,0.20433,0.21955,0.22856,0.23919,0.2544,0.26217,0.27404,-1.4822,0.28817,0.29578,0.30339,0.30867,0.30867,0.31542,0.31946,0.31946,0.31946,0.32426,-1.467,0.33025,0.33025,0.33025,0.33025,0.33025,0.33754,0.34514,0.35183,0.35183,0.35717,-1.4518,0.36478,0.37239,0.37999,0.391,0.406,0.41361,0.42121,0.43028,0.44549,0.45482,-1.4366,0.46513,0.48034,0.48843,0.49998,0.51444,0.52204,0.53483,0.55004,0.56526,0.57405,-1.4214,0.5849,0.60006,0.60766,0.61975,0.63367,0.64127,0.64888,0.65649,0.66409,0.6717,-1.4065,0.67931,0.68691,0.69452,0.70213,0.70973,0.71734,0.73121,0.74335,0.75095,0.75856,-1.3989,0.76617,0.77491,0.79012,0.79978,0.80976,0.82497,0.83339,0.84461,0.85939,0.867,-1.3913,0.8746,0.88388,0.8991,0.90822,0.91582,0.92343,0.93104,0.93864,0.94625,0.95386,-1.9116,-1.3837,0.95607,0.95828,0.96589,0.97349,0.97765,0.97792,0.98553,0.98844,0.98995,0.99756,-1.3761,0.99923,1.002,1.0096,1.01,1.01,1.0108,1.0184,1.0208,1.0229,1.0305,-1.3685,1.0316,1.0316,1.0316,1.0316,1.0316,1.0329,1.0406,1.0424,1.0424,1.0424,-1.3609,1.0494,1.057,1.0646,1.0722,1.0748,1.0766,1.0843,1.0919,1.1026,1.1178,-1.3533,1.1255,1.1331,1.1407,1.1483,1.1615,1.1743,1.1819,1.1964,1.2079,1.2155,-1.353,1.2231,1.2356,1.2491,1.2567,1.2643,1.2749,1.2901,1.2979,1.3056,1.3132,-1.353,1.3208,1.3284,1.336,1.3436,1.3512,1.3623,1.3772,1.3848,1.3924,1.4,-1.353,1.4076,1.4152,1.4228,1.4304,1.4381,1.4457,1.4541,1.4693,1.4793,1.4869,-1.353,1.4945,1.5086,1.5238,1.5392,1.562,1.5803,1.5969,1.6197,1.6425,1.6653,-1.353,1.6882,1.711,1.7377,1.7681,1.7985,1.829,1.8613,1.8994,-1.8964,-1.353,-1.353,-1.353,-1.353,-1.3528,-1.3452,-1.3422,-1.3407,-1.3331,-1.3255,-1.8755,-1.3152,-1.3,-1.2919,-1.2804,-1.2659,-1.2583,-1.2455,-1.2303,-1.2151,-1.1999,-1.8527,-1.1879,-1.1802,-1.165,-1.1498,-1.1359,-1.1283,-1.1149,-1.1023,-1.0947,-1.0871,-1.8298,-1.0757,-1.0611,-1.0534,-1.0458,-1.0401,-1.0401,-1.0338,-1.0262,-1.0186,-1.011,-1.807,-1.0034,-0.99691,-0.99691,-0.99135,-0.98612,-0.98612,-0.97932,-0.97171,-0.96454,-0.96454,-1.7842,-0.95968,-0.9504,-0.93519,-0.92607,-0.91846,-0.91086,-0.90325,-0.89564,-0.88707,-0.87185,3.0,2.0
0.72514,0.63959,0.59682,2.1153,2.1367,2.1795,2.2037,2.2223,2.265,2.265,2.3072,2.3078,2.2781,0.59682,2.265,2.0918,1.6422,1.4902,1.4121,1.2962,1.1803,1.0643,0.91036,0.78973,0.59682,0.69948,0.60067,0.48475,0.027489,-0.25953,-0.31749,-0.37545,-0.43341,-0.49137,-0.54933,0.59682,-0.60729,-0.66525,-0.72321,-0.78117,-0.83913,-0.85752,-0.91227,-0.97023,-0.98584,-1.0286,0.55533,-1.0586,-1.0737,-1.1142,-1.1142,-1.1569,-1.1569,-1.1569,-1.1997,-1.1997,-1.1997,0.56795,-1.1997,-1.1997,-1.1587,-1.1569,-1.1569,-1.1559,-1.1142,-1.0827,-1.0675,-1.0286,0.59682,-0.9944,-0.97921,-0.92125,-0.86329,-0.80533,-0.74738,-0.68942,-0.63146,-0.5735,-0.47298,0.59682,-0.4148,-0.35684,-0.25611,-0.19815,-0.10725,-0.039454,0.039038,0.15496,0.2281,0.34402,0.59682,0.42144,0.52218,0.60623,0.68087,0.78161,0.83957,0.9403,0.99826,1.0879,1.161,0.59682,1.2577,1.3156,1.4164,1.4743,1.5695,1.633,1.691,1.749,1.7641,1.8221,0.60922,0.6011,1.8373,1.8525,1.8801,1.8495,1.3736,1.2577,1.099,0.98308,0.86716,0.70846,0.63959,0.56902,0.43385,-0.36647,-0.48239,-0.59831,-0.70032,-0.78737,-0.86051,-0.95975,-1.0177,0.63959,-1.0757,-1.1336,-1.1916,-1.2425,-1.2425,-1.2425,-1.2425,-1.2175,-1.1595,-1.0714,0.63254,-1.0436,-0.98563,-0.92767,-0.86971,-0.81175,-0.75379,-0.66247,-0.5951,-0.51618,-0.4364,0.57458,-0.36989,-0.27771,-0.21975,-0.11901,-0.034535,0.081385,0.1973,0.31322,0.42914,0.54506,0.55405,0.6289,0.72964,0.80727,0.88833,0.95356,1.047,1.1426,1.2057,1.2889,1.3644,0.50143,1.4224,1.5364,1.6238,1.6818,1.7398,1.7549,1.8129,1.8373,1.8373,1.8373,0.44347,1.8373,1.7857,1.7517,1.7126,1.2697,1.185,1.111,0.98158,0.86673,0.76599,0.38551,0.6567,0.52175,0.41631,0.30039,0.044171,-0.63937,-0.2159,-0.25376,-0.28092,-0.57221,0.32755,-0.85538,-0.87057,-0.92853,-0.98649,-1.0286,-1.0596,-1.0748,-1.1328,-1.1569,-1.1631,0.59682,0.26959,-1.1997,-1.1997,-1.2425,-1.2425,-1.2425,-1.2853,-1.2853,-1.2853,-1.328,-1.328,0.21185,-1.328,-1.3454,-1.3708,-1.3708,-1.3708,-1.3708,-1.3708,-1.3708,-1.3708,-1.3603,0.19645,-1.328,-1.328,-1.3148,-1.2853,-1.2844,-1.2425,-1.2425,-1.1997,-1.1997,-1.1657,0.13849,-1.1505,-1.1142,-1.0774,-1.0194,-0.96146,-0.94307,-0.88832,-0.83036,-0.7724,-0.75721,0.080529,-0.69925,-0.64129,-0.58333,-0.52537,-0.46741,-0.40945,-0.3515,-0.29354,-0.25867,-0.22039,0.02257,-0.16243,-0.10447,-0.046512,-0.031327,0.026633,0.083524,0.083524,0.052084,0.040749,0.021714,-0.03539,-0.002026,-0.002026,-0.023841,-0.044801,-0.054211,-0.087575,-0.087575,-0.087575,-0.087575,-0.087575,-0.09335,-0.087575,-0.087575,-0.087575,-0.087575,-0.087575,-0.087575,-0.087575,-0.051858,-0.044801,-0.044801,-0.15131,-0.044801,-0.002026,-0.002026,-0.002026,0.011662,0.040749,0.040749,0.057217,0.083524,0.083524,-0.20927,0.083524,0.11796,0.1263,0.1263,0.16351,0.16907,0.19388,0.25184,0.59682,-0.26723,-0.32519,-0.38315,-0.45244,-0.54184,-0.5998,-0.65776,-0.71572,-0.77368,-0.83164,0.59682,-0.8896,-0.94307,-0.96275,-0.98584,-1.0286,-1.0511,-1.0714,-1.0814,-1.1142,-1.1142,0.59682,-1.0714,-1.0714,-1.071,-1.0286,-0.99782,-0.98264,-0.94307,-0.90949,-0.85153,-0.79357,0.59682,-0.73561,-0.66888,-0.57692,-0.51896,-0.41822,-0.33353,-0.25953,-0.14447,-0.028546,0.087373,0.59682,0.20329,0.31921,0.43513,0.55105,0.66697,0.74012,0.85603,0.9341,1.0451,1.1356,0.59682,1.2342,1.3501,1.466,1.5391,1.6551,1.74,1.8407,1.9173,1.9994,2.0574,2.0,2.0
-2.1198,-2.0455,-1.7679,-0.82958,-0.84717,-0.86477,-0.88236,-0.89995,-0.91755,-0.92211,-0.9397,-0.9573,-0.97489,-1.7327,-1.012,-1.0381,-1.0251,-1.0179,-1.012,-0.999,-0.99118,-0.97359,-0.95599,-0.9384,-1.7001,-0.9208,-0.90321,-0.88562,-0.86737,-0.8374,-0.8198,-0.80221,-0.73183,-0.64973,-0.63214,-1.6754,-0.61454,-0.58587,-0.56632,-0.54156,-0.5181,-0.49725,-0.46988,-0.43991,-0.42166,-0.3956,-1.6519,-0.37344,-0.35129,-0.32522,-0.30763,-0.29004,-0.27244,-0.25485,-0.23725,-0.21966,-0.20207,-1.6213,-0.18447,-0.16688,-0.14929,-0.13169,-0.1141,-0.096504,-0.07891,-0.061316,-0.043722,-0.026129,-1.5959,-0.008535,0.009059,0.01753,0.031214,0.043595,0.053369,0.056627,0.062492,0.06966,0.06966,-1.5731,0.06966,0.080737,0.082692,0.082692,0.082692,0.082692,0.082692,0.082692,0.082692,0.074221,-1.5555,0.06966,0.056627,0.047505,0.042943,0.025349,0.01753,0.004498,-0.001367,-0.018961,-0.0346,-1.5379,-0.041116,-0.05871,-0.076304,-0.093897,-0.11149,-0.12908,-0.14668,-0.15189,-0.16883,-0.18643,-2.0194,-1.5203,-0.25615,-0.26918,-0.26918,-0.25615,-0.25615,-0.25615,-0.24312,-0.23725,-0.23009,-0.21705,-1.5027,-0.21054,-0.20402,-0.18838,-0.17796,-0.16623,-0.14863,-0.13104,-0.11345,-0.095852,-0.078258,-1.4851,0.06966,0.087253,0.10485,0.12244,0.14003,0.15763,0.17522,0.19282,0.21041,0.228,-1.4675,0.2456,0.26319,0.28078,0.29838,0.31597,0.33357,0.34334,0.35572,0.37332,0.39091,-1.4499,0.4085,0.4261,0.44369,0.46063,0.46585,0.48344,0.49973,0.50559,0.52319,0.54078,-1.4519,0.55838,0.57597,0.59356,0.60399,0.61572,0.63005,0.63787,0.64309,0.65612,0.65612,-1.4942,0.65612,0.65612,0.65612,0.65547,0.64309,0.64309,0.64309,0.64309,0.63266,0.63005,-1.4942,0.62354,0.61702,0.60138,0.59096,0.59096,0.57467,0.56489,0.55251,0.54795,0.53036,-1.4838,0.51276,0.49517,0.47757,0.44695,0.42935,0.41176,0.39417,0.37657,0.35898,0.29121,-1.4812,0.28469,0.27818,0.27818,0.27818,0.27818,0.28144,0.29121,0.30359,0.31728,0.32575,-1.9888,-1.4747,0.34334,0.37397,0.39156,0.40981,0.43978,0.45737,0.47627,0.50559,0.52319,0.647,-1.4682,0.67567,0.69326,0.72389,0.74148,0.7708,0.7897,0.8073,0.83727,0.85552,0.87311,-1.4551,0.8907,0.9083,0.92589,0.94348,0.96108,0.97867,0.99627,1.0139,1.0315,1.049,-1.448,1.0666,1.0842,1.1018,1.1194,1.137,1.1546,1.1722,1.1898,1.2074,1.2165,-1.4421,1.2295,1.2471,1.2647,1.2823,1.2999,1.3077,1.3221,1.3338,1.3338,1.3468,-1.4388,1.3468,1.3468,1.3468,1.3468,1.3468,1.3468,1.3468,1.3345,1.3338,1.3338,-1.4291,1.3338,1.3338,1.3429,1.3468,1.3521,1.3696,1.3859,1.3918,1.4094,1.427,-1.4167,1.4446,1.4733,1.4928,1.5176,1.541,1.5749,1.6101,1.6453,1.6844,1.7287,-1.4121,1.7639,1.8121,1.8473,1.8955,1.9307,1.9659,2.0011,2.0363,2.0714,2.1047,-1.403,2.1288,2.1529,2.1705,2.1881,2.2057,2.22,2.2278,2.233,-1.966,-1.39,-1.3854,-1.3769,-1.3639,-1.3587,-1.3509,-1.3365,-1.3189,-1.3014,-1.2838,-1.9308,-1.2662,-1.2596,-1.244,-1.2264,-1.1971,-1.1782,-1.1528,-1.13,-1.0993,-1.0733,-1.8956,-1.0511,-1.029,-1.0029,-0.98466,-0.95469,-0.9371,-0.90647,-0.88888,-0.87128,-0.85369,-1.8663,-0.83609,-0.8185,-0.80091,-0.78331,-0.76572,-0.73509,-0.7175,-0.69991,-0.69534,-0.67775,-1.8383,-0.67319,-0.66863,-0.66016,-0.66016,-0.66016,-0.66016,-0.66146,-0.67319,-0.67319,-0.68622,-1.8031,-0.69274,-0.69925,-0.71229,-0.71945,-0.72532,-0.74161,-0.7592,-0.76442,-0.78136,-0.80742,5.0,2.0
1.4182,1.3139,1.2206,0.57834,0.64306,0.70777,0.77249,0.84907,0.94145,1.0457,1.1188,1.2146,1.2986,1.1811,1.3836,1.4483,1.513,1.5792,1.682,1.7467,1.8114,1.8761,1.9409,2.0056,1.1811,2.0703,2.1296,2.1602,2.1854,2.2067,1.8974,1.512,1.2265,1.1573,1.0437,1.1811,0.94886,0.84462,0.72852,0.59662,0.49238,-0.28621,-0.41564,-0.49222,-0.55694,-0.62165,1.1811,-0.67649,-0.71157,-0.77628,-0.80148,-0.83458,-0.8741,-0.91659,-0.95315,-1.0065,-1.0712,1.1638,-1.0964,-1.1216,-1.1508,-1.172,-1.1903,-1.2224,-1.2298,-1.2298,-1.2298,-1.2693,1.1811,-1.2693,-1.2693,-1.2585,-1.2298,-1.2298,-1.2224,-1.1903,-1.1903,-1.1508,-1.1216,1.1811,-1.0964,-1.0712,-1.0322,-0.98131,-0.91659,-0.89139,-0.82668,-0.76196,-0.69724,-0.63252,1.1811,-0.5678,-0.50309,-0.43837,-0.37365,-0.30893,-0.24422,-0.15677,-0.07526,-0.010542,0.054175,1.2206,0.15842,0.22313,0.32737,0.43161,0.49633,0.60057,0.66529,0.73,0.79472,0.85944,1.2887,1.2206,0.94392,1.0284,1.0931,1.1974,1.3016,1.3663,1.4706,1.5353,1.6,1.7042,1.2206,1.7689,1.8337,1.8984,1.932,1.9715,2.011,2.011,1.9181,1.5822,1.5125,1.2206,1.4478,1.3831,1.2769,1.1746,1.1099,1.0452,0.98048,0.91576,0.85104,0.78632,1.2206,0.68208,0.61737,0.55265,0.48793,0.35603,0.096662,0.017123,-0.047594,-0.11231,-0.21655,1.2601,-0.28127,-0.74121,-0.80593,-0.87064,-0.93536,-0.99267,-1.0253,-1.0505,-1.0757,-1.1404,1.2601,-1.1656,-1.2298,-1.2555,-1.2807,-1.3088,-1.3484,-1.3484,-1.3815,-1.3879,-1.3879,1.2601,-1.3879,-1.3484,-1.3474,-1.3088,-1.2179,-1.1532,-1.1112,-1.0717,-1.0381,-0.99267,1.2517,-0.94821,-0.88349,-0.81877,-0.75405,-0.68934,-0.62462,-0.5599,-0.49518,-0.43047,-0.36575,1.187,-0.30103,-0.23088,-0.13207,-0.067355,0.31552,0.41778,0.52202,0.62478,0.71469,0.87426,1.1415,0.97356,1.0827,1.1929,1.3223,1.3787,1.4577,1.4854,1.5106,1.5368,1.5368,1.2601,1.0971,1.5269,1.3218,1.2186,0.81251,0.68307,0.57093,0.42717,0.33429,0.19102,0.074925,0.8214,-0.068837,-0.2126,-0.34846,-0.62165,-0.76245,-0.85928,-1.1903,-1.2333,-1.2693,-1.3088,0.65145,-1.3484,-1.4383,-1.4669,-1.4669,-1.4669,-1.4669,-1.4669,-1.4487,-1.4274,-1.4274,0.58674,-1.3879,-1.3874,-1.3484,-1.2975,-1.2328,-1.1903,-1.1429,-1.0781,-1.0322,-0.98822,0.52202,-0.9235,-0.85879,-0.79407,-0.72935,-0.67649,-0.63944,-0.57472,-0.51,-0.44529,-0.38057,0.41778,-0.31585,-0.25113,-0.18642,-0.1217,-0.056981,0.007737,0.034908,0.09765,0.16237,0.193,0.35306,0.17324,0.14804,0.11395,0.11395,0.11395,0.11395,0.11395,0.11395,0.11395,0.10457,0.24882,0.074431,0.074431,0.074431,0.043307,0.034908,0.034908,0.034908,0.034908,0.034908,0.034908,0.1841,0.025028,-0.004614,-0.004614,-0.004614,-0.004614,-0.004614,-0.007578,-0.044136,-0.044136,-0.044136,0.11939,-0.004614,-0.004614,-0.004614,-0.004614,0.034908,0.034908,0.074431,0.11741,1.2206,0.054669,-0.010048,-0.074766,-0.15579,-0.24372,-0.30844,-0.37316,-0.43788,-0.47888,-0.52779,1.2206,-0.59251,-0.65722,-0.72194,-0.78666,-0.85138,-0.91609,-0.98081,-1.006,-1.0707,-1.0959,1.2206,-1.1112,-1.1463,-1.1508,-1.1903,-1.1903,-1.1903,-1.1903,-1.1903,-1.1764,-1.1508,1.2206,-1.1261,-1.1009,-1.0717,-1.0505,-1.0322,-1.0001,-0.97488,-0.94969,-0.88497,-0.82025,1.2206,-0.75554,-0.69082,-0.6261,-0.56138,-0.5184,-0.47147,-0.40675,-0.34203,-0.27732,-0.2126,1.2206,-0.14788,-0.083164,-0.018447,0.046271,0.11099,0.17571,0.27995,0.34466,0.42815,0.51362,2.0,2.0
0.30939,0.3749,0.34215,0.62872,0.72354,0.79379,0.86405,0.9343,1.0046,1.0748,1.1451,1.1881,1.2528,0.34215,1.2911,1.3278,1.3941,1.4293,1.4644,1.4995,1.5346,1.5698,1.6049,1.6195,0.34215,1.6424,1.6775,1.7126,1.7478,1.7505,1.7157,1.6805,1.6454,1.6103,1.5752,0.34215,1.54,1.5049,1.4698,1.4136,1.3668,1.3059,1.2638,1.1981,1.1279,1.0576,0.34215,0.98736,0.9171,0.83719,0.74385,0.67359,0.58656,0.50034,0.43008,0.35983,0.2633,0.34215,0.18658,0.11632,0.013318,-0.059964,-0.15994,-0.23019,-0.3106,-0.40345,-0.4737,-0.54395,0.34215,-0.61421,-0.70648,-0.78746,-0.85772,-0.92797,-0.99822,-1.0357,-1.106,-1.1703,-1.2137,0.34215,-1.2733,-1.3085,-1.359,-1.4115,-1.4466,-1.4817,-1.5168,-1.552,-1.5871,-1.6222,0.35214,-1.623,-1.6189,-1.5902,-1.5814,-1.5463,-1.5112,-1.4761,-1.4409,-1.4058,-1.3477,0.3749,-1.3028,-1.2399,-1.1697,-1.0994,-1.0292,-0.95442,-0.85591,-0.78566,-0.70378,-0.6124,0.3749,0.3749,-0.52578,-0.43915,-0.34777,-0.26589,-0.16976,-0.064385,0.040993,0.11362,0.21638,0.29163,0.3749,0.38964,0.46963,0.56289,0.64764,0.73615,0.8064,0.87666,0.94691,1.0172,1.0874,0.3749,1.1577,1.1952,1.2623,1.3029,1.3653,1.4004,1.4356,1.4707,1.4885,1.5082,0.3749,1.5433,1.554,1.5808,1.5867,1.5867,1.5527,1.5176,1.4825,1.4474,1.4122,0.3749,1.364,1.3092,1.2562,1.186,1.1157,1.0455,0.97524,0.87526,0.80198,0.69898,0.40151,0.62463,0.51925,0.42272,0.35246,0.28221,0.19599,0.10895,0.038701,-0.054642,-0.13456,0.40765,-0.23265,-0.30781,-0.41065,-0.48107,-0.55591,-0.65433,-0.72458,-0.80654,-0.89784,-0.96809,0.40765,-1.0383,-1.1086,-1.1788,-1.2491,-1.3194,-1.3589,-1.4268,-1.4646,-1.5298,-1.5649,0.40667,-1.6,-1.6352,-1.6703,-1.7054,-1.7212,-1.7429,-1.778,-1.7867,-1.8155,-1.8507,0.37154,-1.8187,-1.7835,-1.7484,-1.7133,-1.6781,-1.6303,-1.5601,-1.5073,-1.4523,-1.3599,0.3749,0.33641,-1.2791,-1.1819,-1.1058,-1.0039,-0.89849,-0.79311,-0.68773,-0.59079,-0.50973,-0.40435,0.30129,-0.29897,-0.19359,-0.088212,0.017167,0.12255,0.22792,0.3333,0.4065,0.51131,0.61251,0.26616,0.68931,0.78577,0.86732,0.95903,1.0293,1.0995,1.149,1.2073,1.252,1.2871,0.23104,1.3525,1.3901,1.4252,1.4604,1.4885,1.4979,1.5212,1.507,1.4719,1.4368,0.18068,1.4017,1.3665,1.3054,1.2635,1.1976,1.1274,1.0571,0.98686,0.91661,0.83645,0.12803,0.74336,0.65845,0.5701,0.49985,0.40781,0.32659,0.28287,0.21884,0.14858,0.11108,0.092905,0.044105,0.003329,-0.0589,-0.094026,-0.12915,-0.16428,-0.1994,-0.23453,-0.26966,-0.30478,0.035426,-0.31289,-0.28349,-0.28014,-0.28014,-0.28014,-0.28014,-0.28014,-0.26925,-0.24739,-0.24739,-0.010099,-0.24739,-0.24739,-0.24739,-0.24739,-0.24739,-0.24739,-0.24739,-0.24739,-0.24313,-0.21463,-0.072328,-0.21463,-0.21463,-0.21463,-0.21463,-0.21463,-0.19375,-0.18188,-0.18188,0.3654,-0.1131,-0.18008,-0.24886,-0.28783,-0.35809,-0.41974,-0.46584,-0.52275,-0.57359,-0.62575,0.34215,-0.66088,-0.696,-0.75635,-0.79901,-0.83413,-0.86926,-0.90439,-0.93951,-0.98135,-1.0425,0.34215,-1.0776,-1.1128,-1.1479,-1.1644,-1.1854,-1.2205,-1.2556,-1.2908,-1.3259,-1.3609,0.34215,-1.3634,-1.3937,-1.3865,-1.3514,-1.3282,-1.3139,-1.2787,-1.2436,-1.187,-1.1168,0.34215,-1.0465,-0.97628,-0.90602,-0.83577,-0.76257,-0.66251,-0.59226,-0.51194,-0.41901,-0.33393,0.34215,-0.24575,-0.15593,-0.072492,0.022079,0.10077,0.20009,0.30546,0.37703,0.45072,0.55028,0.0,2.0
1.996,1.8869,1.6586,-0.46567,-0.48245,-0.49923,-0.52275,-0.54792,-0.57309,-0.59826,-0.62343,-0.6486,-0.67377,1.6085,-0.69894,-0.7242,-0.75776,-0.78367,-0.80884,-0.83401,-0.86434,-0.89357,-0.91874,-0.94658,1.5833,-0.9783,-1.0035,-1.0288,-1.0624,-1.0882,-1.1134,-1.1385,-1.1585,-1.1797,-1.2012,1.5276,-1.218,-1.2348,-1.2516,-1.2684,-1.2851,-1.2941,-1.3095,-1.3201,-1.3338,-1.3461,1.4961,-1.3545,-1.3629,-1.3712,-1.3796,-1.388,-1.3964,-1.4048,-1.4132,-1.4216,-1.43,1.465,-1.4338,-1.4375,-1.443,-1.4451,-1.4522,-1.4527,-1.461,-1.4694,-1.4706,-1.477,1.4366,-1.4799,-1.4752,-1.4706,-1.4676,-1.4614,-1.46,-1.4522,-1.4522,-1.4441,-1.4357,1.3984,-1.4338,-1.4281,-1.4197,-1.4113,-1.403,-1.3946,-1.3847,-1.3686,-1.3602,-1.3518,1.3586,-1.336,-1.3258,-1.3117,-1.2949,-1.2781,-1.2613,-1.247,-1.2354,-1.211,-1.1942,1.3334,-1.1774,-1.1607,-1.1439,-1.1271,-1.1103,-1.0935,-1.0768,-1.0575,-1.034,-1.0172,1.861,1.3045,-1.0004,-0.98364,-0.96686,-0.95008,-0.9274,-0.9073,-0.89476,-0.88296,-0.86618,-0.8494,1.2646,-0.83262,-0.81584,-0.79906,-0.78994,-0.77472,-0.75794,-0.74116,-0.72872,-0.71682,-0.70004,1.2394,-0.68511,-0.6757,-0.65911,-0.65072,-0.64233,-0.62702,-0.61633,-0.61319,-0.60877,-0.60038,1.2143,-0.59475,-0.59282,-0.58553,-0.58526,-0.57687,-0.57631,-0.56931,-0.56092,-0.55253,-0.54414,1.1659,-0.53943,-0.53657,-0.53021,-0.52901,-0.52099,-0.52099,-0.51306,-0.50467,-0.50255,-0.49711,1.1363,-0.48872,-0.48033,-0.47194,-0.46143,-0.44594,-0.43755,-0.42916,-0.41275,-0.40316,-0.38841,1.105,-0.37716,-0.36407,-0.35116,-0.33973,-0.32295,-0.30617,-0.28995,-0.28156,-0.26505,-0.24827,1.0504,-0.23149,-0.21471,-0.19793,-0.18115,-0.16124,-0.13837,-0.12159,-0.10481,-0.088031,-0.071251,1.0054,-0.054471,-0.037691,-0.020911,-0.004131,0.012649,0.029429,0.046209,0.061422,0.070549,0.087329,0.97667,0.10411,0.12836,0.14689,0.16367,0.18045,0.19723,0.21401,0.23079,0.24757,0.26352,1.8443,0.93481,0.27191,0.28869,0.29791,0.3063,0.32059,0.3323,0.34069,0.34908,0.36005,0.37508,0.88383,0.38347,0.39195,0.40873,0.41786,0.42625,0.43464,0.44303,0.45142,0.45981,0.46553,0.85866,0.46737,0.47576,0.48397,0.48397,0.49171,0.49319,0.49927,0.50766,0.51605,0.52444,0.83266,0.5356,0.55044,0.56104,0.58594,0.60272,0.6195,0.64328,0.66845,0.69362,0.71879,0.78232,0.74765,0.77835,0.80555,0.83791,0.86345,0.89701,0.93057,0.95703,0.98847,1.0166,0.75549,1.0418,1.0669,1.0921,1.1173,1.1424,1.1676,1.1928,1.234,1.2616,1.2867,0.73032,1.3119,1.3324,1.353,1.3782,1.4012,1.4193,1.4439,1.4607,1.4856,1.5108,0.69279,1.5295,1.5519,1.5771,1.5983,1.6182,1.6434,1.6671,1.6838,1.7006,1.7256,0.6455,1.7434,1.7602,1.7712,1.7845,1.7972,1.8089,1.8232,1.8332,1.85,1.8668,0.60871,1.8752,1.8911,1.9079,1.9247,1.9365,1.9448,1.9532,1.9616,1.8216,0.58354,0.56123,0.54242,0.51845,0.50167,0.48489,0.47604,0.46055,0.45004,0.44165,1.8015,0.43326,0.42487,0.41648,0.40809,0.3997,0.39131,0.38292,0.37453,0.33737,0.32723,1.7805,0.3051,0.28095,0.26804,0.25965,0.24241,0.20184,0.16939,0.15261,0.13583,0.10448,1.7485,0.083826,0.067046,0.050266,0.025557,-0.001734,-0.023124,-0.052258,-0.061294,-0.078074,-0.11127,1.7117,-0.13007,-0.14685,-0.18078,-0.20807,-0.23702,-0.2822,-0.31816,-0.31972,-0.32812,-0.33651,1.6865,-0.3449,-0.35329,-0.36831,-0.37928,-0.38767,-0.39606,-0.40777,-0.42206,-0.43211,-0.44889,1.0,2.0
1.8348,1.76,1.498,-0.88964,-0.90968,-0.93833,-0.95887,-0.97891,-0.99894,-1.019,-1.039,-1.059,-1.0791,1.4671,-1.0991,-1.1191,-1.1392,-1.1592,-1.1792,-1.1973,-1.2102,-1.2302,-1.2503,-1.2648,1.427,-1.2812,-1.3012,-1.3131,-1.3322,-1.3431,-1.3614,-1.3714,-1.3814,-1.3915,-1.4015,1.387,-1.4115,-1.4215,-1.4315,-1.4415,-1.4516,-1.4616,-1.4692,-1.4725,-1.4825,-1.4824,1.3469,-1.4783,-1.4715,-1.4692,-1.4606,-1.4597,-1.451,-1.4488,-1.4388,-1.4327,-1.4279,1.3068,-1.4236,-1.417,-1.407,-1.397,-1.3961,-1.386,-1.376,-1.366,-1.356,-1.346,1.2668,-1.336,-1.3259,-1.3159,-1.3059,-1.2959,-1.2859,-1.2759,-1.2658,-1.2558,-1.2458,1.2267,-1.2305,-1.2166,-1.2066,-1.1966,-1.1866,-1.176,-1.1574,-1.1474,-1.1374,-1.1274,1.1935,-1.1123,-1.0982,-1.0882,-1.0782,-1.0596,-1.049,-1.039,-1.0269,-1.0098,-0.99983,1.1557,-0.98502,-0.97067,-0.96065,-0.94317,-0.93149,-0.91234,-0.90132,-0.88318,-0.87038,-0.85402,1.7382,1.1156,-0.83944,-0.82486,-0.8085,-0.7957,-0.78568,-0.76665,-0.75652,-0.74484,-0.72736,-0.71734,1.0851,-0.70299,-0.68818,-0.67816,-0.66114,-0.649,-0.6302,-0.61984,-0.60839,-0.59068,-0.58066,1.0537,-0.57064,-0.55563,-0.54148,-0.53147,-0.52145,-0.51143,-0.50173,-0.50052,-0.49051,-0.48049,1.0181,-0.47047,-0.46523,-0.45957,-0.4561,-0.44866,-0.43864,-0.43775,-0.42774,-0.41772,-0.41046,0.99495,-0.40681,-0.39679,-0.39221,-0.38589,-0.37587,-0.37395,-0.36496,-0.35495,-0.34493,-0.33491,0.9649,-0.32832,-0.324,-0.31399,-0.31006,-0.30308,-0.30094,-0.29217,-0.29128,-0.28268,-0.28038,0.93973,-0.27036,-0.26034,-0.25032,-0.24031,-0.22354,-0.21115,-0.1926,-0.18169,-0.16165,-0.14162,0.91969,-0.12159,-0.10541,-0.090644,-0.07061,-0.050576,-0.030542,-0.002202,0.009527,0.028603,0.040468,0.893,0.057764,0.067781,0.082316,0.096943,0.10696,0.12416,0.13612,0.14614,0.16528,0.1753,0.8705,0.18783,0.20446,0.21448,0.22968,0.24364,0.26758,0.28193,0.30069,0.31159,0.33023,1.7108,0.85046,0.34253,0.36257,0.38666,0.40681,0.42267,0.43597,0.45361,0.46513,0.48455,0.50342,0.8213,0.51344,0.52346,0.53347,0.54349,0.55351,0.56353,0.57354,0.58356,0.59358,0.60266,0.80127,0.60448,0.6145,0.62091,0.62541,0.63543,0.64544,0.65546,0.66548,0.67549,0.68551,0.78123,0.69553,0.70555,0.71556,0.72558,0.74075,0.75474,0.77863,0.80086,0.81217,0.8318,0.76407,0.85457,0.89238,0.91928,0.93932,0.95935,0.99684,1.0335,1.056,1.0845,1.1237,0.75029,1.1526,1.1726,1.1985,1.2309,1.251,1.271,1.2846,1.3167,1.3402,1.3511,0.73491,1.3712,1.393,1.4204,1.4368,1.4513,1.466,1.4948,1.5134,1.5314,1.5604,0.7249,1.5813,1.6082,1.6207,1.6374,1.6559,1.6757,1.6857,1.7095,1.724,1.734,0.71488,1.7531,1.7632,1.7732,1.7832,1.7932,1.8032,1.8132,1.8233,1.8333,1.8433,0.71219,1.8533,1.8633,1.8734,1.8805,1.8767,1.8713,1.8658,1.8558,1.6872,0.67933,0.67568,0.66221,0.61213,0.57263,0.54493,0.50696,0.49163,0.4778,0.46069,1.6616,0.41669,0.40211,0.38297,0.36683,0.32642,0.3131,0.28047,0.25074,0.24072,0.22383,1.6363,0.18053,0.13044,0.072459,0.047222,-0.001928,-0.011945,-0.021962,-0.031979,-0.064997,-0.11508,1.6,-0.16517,-0.22367,-0.23723,-0.24724,-0.25726,-0.27013,-0.29017,-0.30557,-0.32111,-0.34114,1.567,-0.36848,-0.39034,-0.41945,-0.44038,-0.47043,-0.50048,-0.52702,-0.55145,-0.58151,-0.61156,1.537,-0.64161,-0.6637,-0.69258,-0.72202,-0.74356,-0.77122,-0.79454,-0.82041,-0.84551,-0.86961,1.0,2.0
1.8292,1.7166,1.448,-0.44313,-0.44702,-0.50007,-0.51,-0.51992,-0.53309,-0.54904,-0.56351,-0.57817,-0.59393,1.4111,-0.61378,-0.63363,-0.66127,-0.69104,-0.71172,-0.74177,-0.78035,-0.81013,-0.84231,-0.87894,1.3714,-0.91243,-0.94776,-0.98254,-1.0166,-1.0464,-1.0831,-1.1152,-1.1449,-1.1747,-1.2045,1.3317,-1.2333,-1.2548,-1.2845,-1.3114,-1.3313,-1.3553,-1.3802,-1.4001,-1.4199,-1.4398,1.292,-1.4522,-1.4702,-1.4813,-1.5005,-1.5105,-1.5204,-1.5303,-1.5402,-1.5502,-1.5601,1.2523,-1.57,-1.5799,-1.5839,-1.5905,-1.6004,-1.6025,-1.611,-1.6117,-1.6205,-1.6105,1.2126,-1.6025,-1.6,-1.5932,-1.5894,-1.5795,-1.5695,-1.5654,-1.559,-1.549,-1.5391,1.1729,-1.5292,-1.5193,-1.5186,-1.5087,-1.4988,-1.4888,-1.4789,-1.469,-1.4591,-1.4492,1.1356,-1.4337,-1.42,-1.4101,-1.3927,-1.381,-1.3622,-1.3517,-1.3318,-1.3135,-1.3014,1.1028,-1.2816,-1.2651,-1.2511,-1.2313,-1.2114,-1.1976,-1.181,-1.1612,-1.1413,-1.1215,1.6967,1.0631,-1.1016,-1.0811,-1.0527,-1.0328,-1.013,-0.99312,-0.96937,-0.94414,-0.9243,-0.90445,1.0277,-0.8846,-0.86475,-0.84491,-0.82506,-0.80521,-0.78536,-0.76551,-0.74567,-0.72582,-0.70597,0.99296,-0.68612,-0.66628,-0.64643,-0.62658,-0.60673,-0.59384,-0.57631,-0.55646,-0.53662,-0.52604,0.95327,-0.5062,-0.48792,-0.47577,-0.4588,-0.44535,-0.42968,-0.41976,-0.40436,-0.39063,-0.38071,0.91988,-0.37078,-0.36086,-0.35094,-0.34101,-0.33183,-0.33044,-0.32052,-0.31059,-0.30067,-0.29473,0.89011,-0.2901,-0.28017,-0.27025,-0.26032,-0.2504,-0.24048,-0.23055,-0.22063,-0.2107,-0.19957,0.85273,-0.18158,-0.17166,-0.15858,-0.14254,-0.13261,-0.11759,-0.10349,-0.093565,-0.083641,-0.066019,0.82129,-0.054519,-0.035598,-0.025396,-0.014452,0.005396,0.022925,0.032849,0.04639,0.061971,0.071895,0.79152,0.087384,0.10102,0.10408,0.11159,0.12151,0.13144,0.14136,0.15129,0.15973,0.16186,0.77102,0.17178,0.18171,0.18755,0.19228,0.19682,0.20285,0.2061,0.21343,0.22335,0.23327,1.6749,0.74218,0.2432,0.24385,0.25377,0.2637,0.27362,0.28679,0.30274,0.31267,0.33298,0.35106,0.72233,0.36099,0.37805,0.39011,0.40847,0.41923,0.43008,0.45874,0.47683,0.49157,0.52135,0.70248,0.54741,0.5629,0.57783,0.59768,0.61122,0.6281,0.64794,0.66779,0.68764,0.72576,0.68551,0.73661,0.75646,0.77631,0.79615,0.816,0.8442,0.87425,0.88862,0.90467,0.92452,0.67206,0.94436,0.95614,0.97478,1.0131,1.0238,1.0436,1.0634,1.0833,1.1031,1.131,0.65638,1.1614,1.1812,1.2011,1.2209,1.2408,1.2606,1.2719,1.3094,1.3294,1.3493,0.64164,1.3691,1.389,1.4088,1.4287,1.4441,1.4693,1.4975,1.511,1.5279,1.5401,0.62179,1.5583,1.5692,1.5888,1.6076,1.6175,1.6274,1.6374,1.6509,1.6708,1.6857,0.60806,1.6956,1.7055,1.7155,1.7254,1.7353,1.7452,1.7552,1.7651,1.775,1.7849,0.59137,1.7949,1.8048,1.8147,1.8246,1.8345,1.8445,1.8544,1.857,1.6452,0.57152,0.55167,0.53183,0.51198,0.49287,0.48156,0.46171,0.44186,0.42201,0.40217,1.6154,0.37768,0.3532,0.33335,0.3135,0.29365,0.28169,0.27176,0.26184,0.25192,0.2432,1.5817,0.2432,0.24069,0.23077,0.22465,0.20239,0.15787,0.14118,0.13478,0.11076,0.09638,1.5466,0.086456,0.085529,0.057334,0.044349,0.006323,-0.023449,-0.047284,-0.064443,-0.085682,-0.095606,1.5168,-0.11109,-0.12473,-0.14838,-0.16313,-0.18937,-0.20152,-0.212,-0.24919,-0.26357,-0.29687,1.4812,-0.30679,-0.31671,-0.32664,-0.35075,-0.37431,-0.38423,-0.38748,-0.39481,-0.42866,-0.43385,1.0,2.0
0.55084,0.53232,0.47892,1.6057,1.6792,1.7348,1.7767,1.8138,1.8508,1.8879,1.9091,1.907,1.8934,0.46699,1.8934,1.8575,1.8205,1.7764,1.7193,1.6452,1.5712,1.4879,1.3953,1.3027,0.44847,1.1933,1.0822,0.9711,0.85998,0.74886,0.62426,0.49462,0.36498,0.23534,0.12135,0.43097,4e-05,-0.1296,-0.25924,-0.37107,-0.48219,-0.58642,-0.68045,-0.79157,-0.87368,-0.95681,0.43097,-1.0422,-1.0978,-1.17,-1.2329,-1.2827,-1.32,-1.3756,-1.4044,-1.4229,-1.4414,0.41688,-1.46,-1.4785,-1.4869,-1.4823,-1.4638,-1.4453,-1.4268,-1.4015,-1.3644,-1.3274,0.40699,-1.276,-1.2204,-1.1648,-1.1093,-1.0372,-0.9631,-0.88903,-0.81495,-0.74087,-0.66679,0.40382,-0.59271,-0.51629,-0.4237,-0.3311,-0.24845,-0.16987,-0.077275,0.015323,0.095815,0.17655,0.3853,0.26915,0.36174,0.44008,0.52297,0.61221,0.68629,0.76037,0.83445,0.90852,0.9826,0.38302,1.0567,1.1308,1.1972,1.2527,1.3083,1.3638,1.4096,1.4466,1.4837,1.5207,0.52686,0.38302,1.5577,1.5882,1.6068,1.6253,1.6155,1.597,1.5752,1.5382,1.5012,1.4641,0.38302,1.4217,1.3661,1.3106,1.242,1.1679,1.0917,0.99915,0.90655,0.81395,0.71709,0.38302,0.60598,0.51218,0.40771,0.29018,0.1615,0.050385,-0.060734,-0.18042,-0.30694,-0.41806,0.36462,-0.52918,-0.6403,-0.75142,-0.86253,-0.97365,-1.0719,-1.1571,-1.2311,-1.3052,-1.3793,0.35905,-1.4438,-1.4993,-1.5549,-1.5933,-1.6303,-1.6673,-1.7035,-1.7221,-1.7267,-1.7267,0.35155,-1.7237,-1.7052,-1.6706,-1.6441,-1.6205,-1.5834,-1.5282,-1.4854,-1.441,-1.3855,0.33507,-1.3299,-1.2743,-1.2188,-1.1592,-1.0851,-1.0281,-0.96095,-0.88687,-0.81279,-0.73871,0.33507,-0.66463,-0.59055,-0.5136,-0.421,-0.34434,-0.27026,-0.19619,-0.12211,-0.066128,0.002078,0.31997,0.068964,0.12626,0.20034,0.25962,0.30582,0.34676,0.40232,0.44092,0.47796,0.515,0.30145,0.55204,0.58907,0.62611,0.65494,0.67622,0.71326,0.73448,0.75299,0.77643,0.81347,0.52686,0.27873,0.83253,0.85105,0.86957,0.88809,0.90661,0.92513,0.94365,0.96217,0.98069,0.99921,0.2417,1.0177,1.0362,1.0548,1.0733,1.0918,1.1103,1.1262,1.1262,1.1419,1.1604,0.22192,1.1789,1.1975,1.216,1.2097,1.1912,1.1727,1.1541,1.1356,1.1171,1.0986,0.19159,1.0801,1.0615,1.0317,0.99471,0.95767,0.92063,0.88359,0.83858,0.78302,0.72746,0.1482,0.6719,0.61634,0.56079,0.50523,0.43193,0.37013,0.30774,0.23366,0.15959,0.09995,0.092638,0.035401,-0.035142,-0.090701,-0.14626,-0.20182,-0.25738,-0.31294,-0.3685,-0.41075,-0.44779,0.037079,-0.48243,-0.50095,-0.53493,-0.56196,-0.58048,-0.599,-0.61752,-0.62388,-0.63059,-0.64659,-0.01848,-0.62807,-0.60955,-0.5999,-0.59649,-0.57797,-0.57593,-0.57593,-0.57593,-0.57581,-0.55729,-0.074039,-0.55196,-0.55196,-0.55196,-0.55196,-0.55196,-0.56184,-0.57593,-0.57593,-0.57593,-0.58798,-0.13265,-0.5999,-0.60104,-0.61956,-0.62388,-0.63263,-0.65115,-0.66967,-0.67182,0.52686,-0.20673,-0.28081,-0.35489,-0.43418,-0.52678,-0.6011,-0.68801,-0.77323,-0.84923,-0.94183,0.52686,-1.0194,-1.1031,-1.1875,-1.2431,-1.3158,-1.3781,-1.4337,-1.4893,-1.5448,-1.5727,0.51164,-1.5996,-1.6337,-1.6522,-1.6547,-1.6442,-1.6257,-1.6072,-1.5705,-1.5207,-1.4652,0.50289,-1.4078,-1.3337,-1.2597,-1.1762,-1.0836,-0.99097,-0.88135,-0.77024,-0.65912,-0.548,0.49857,-0.43688,-0.32576,-0.21464,-0.10353,0.007592,0.11871,0.22983,0.34095,0.45206,0.56318,0.48005,0.6743,0.78542,0.89654,1.0077,1.104,1.1966,1.2892,1.3818,1.4575,1.5316,0.0,2.0
1.8195,1.7147,1.3648,-0.75611,-0.79104,-0.82597,-0.8609,-0.89584,-0.93077,-0.9657,-1.0006,-1.0356,-1.0705,1.3299,-1.1054,-1.1404,-1.1732,-1.2011,-1.2346,-1.2676,-1.2955,-1.3288,-1.3619,-1.3899,1.2949,-1.4178,-1.4441,-1.465,-1.4911,-1.5175,-1.5384,-1.5594,-1.5803,-1.6013,-1.6174,1.2535,-1.6327,-1.6536,-1.6698,-1.6826,-1.6896,-1.6966,-1.7036,-1.7106,-1.7176,-1.7246,1.2145,-1.7315,-1.7342,-1.7342,-1.7342,-1.73,-1.723,-1.716,-1.709,-1.702,-1.695,1.1796,-1.688,-1.6807,-1.6667,-1.6527,-1.6387,-1.6248,-1.6108,-1.5968,-1.5829,-1.5653,1.1383,-1.5444,-1.5304,-1.513,-1.492,-1.4779,-1.4607,-1.4397,-1.4255,-1.4083,-1.3874,1.0992,-1.3664,-1.3485,-1.3345,-1.3141,-1.2931,-1.2722,-1.2512,-1.2302,-1.2093,-1.1883,1.0642,-1.1674,-1.1464,-1.1194,-1.094,-1.073,-1.0461,-1.0205,-0.99957,-0.97281,-0.94487,1.0293,-0.91693,-0.89465,-0.87158,-0.84364,-0.82123,-0.79829,-0.77035,-0.74781,-0.72685,-0.70589,1.6511,0.99438,-0.68493,-0.66397,-0.64302,-0.62206,-0.6011,-0.58014,-0.55918,-0.53967,-0.5257,-0.50685,0.95945,-0.48721,-0.47324,-0.45452,-0.43475,-0.42078,-0.4068,-0.39283,-0.37886,-0.36937,-0.36146,0.92452,-0.34749,-0.33786,-0.33088,-0.32389,-0.31691,-0.31058,-0.31058,-0.30649,-0.29951,-0.29252,0.88959,-0.28553,-0.27894,-0.27894,-0.27512,-0.2684,-0.2684,-0.26471,-0.25785,-0.25785,-0.25429,0.85466,-0.24731,-0.24032,-0.23334,-0.22635,-0.21936,-0.21238,-0.20539,-0.19841,-0.18826,-0.17428,0.82566,-0.1669,-0.15688,-0.14291,-0.12894,-0.11497,-0.10099,-0.087022,-0.07305,-0.059077,-0.045105,0.79772,-0.031133,-0.01716,0.002875,0.021329,0.035302,0.049274,0.063246,0.077219,0.091191,0.1074,0.76977,0.12836,0.14365,0.15763,0.1716,0.18557,0.19757,0.20455,0.21694,0.23091,0.24489,0.73603,0.25359,0.26229,0.27626,0.28509,0.29366,0.30763,0.31659,0.32503,0.339,0.3481,0.70558,0.35508,0.36207,0.36906,0.37604,0.38303,0.39001,0.397,0.40399,0.41097,0.41796,1.6301,0.68462,0.42495,0.43193,0.43892,0.4459,0.45289,0.45988,0.46686,0.47385,0.48083,0.48782,0.65799,0.49481,0.50179,0.50878,0.51577,0.52301,0.53699,0.54727,0.55425,0.56124,0.57179,0.63216,0.58576,0.59973,0.6137,0.62768,0.64165,0.65562,0.66959,0.68356,0.7007,0.72166,0.6112,0.73603,0.75303,0.77399,0.79495,0.81591,0.83686,0.85782,0.87878,0.89974,0.92689,0.59024,0.9522,0.97316,1.0002,1.0256,1.0466,1.0735,1.099,1.12,1.1468,1.1725,0.56533,1.1934,1.22,1.2459,1.2668,1.2878,1.3088,1.3297,1.3507,1.3716,1.3926,0.5304,1.4083,1.424,1.4449,1.4607,1.4747,1.4887,1.5027,1.5152,1.5222,1.534,0.49547,1.5467,1.5537,1.5607,1.5676,1.5746,1.5816,1.5886,1.5956,1.6026,1.6096,0.46792,1.6165,1.6235,1.6305,1.6375,1.6445,1.6515,1.6585,1.6655,1.673,1.6869,0.46093,1.697,1.7039,1.7109,1.7179,1.7249,1.7319,1.7389,1.7459,1.6023,0.43285,0.40306,0.38909,0.3597,0.32951,0.31554,0.29155,0.2665,0.25253,0.23856,1.5612,0.22063,0.1857,0.16501,0.15103,0.13706,0.11848,0.098573,0.0846,0.057183,0.02502,1.5053,0.011048,-0.011624,-0.037196,-0.044182,-0.055387,-0.070018,-0.090976,-0.10376,-0.11128,-0.12525,1.4696,-0.13131,-0.13171,-0.13869,-0.14186,-0.1437,-0.19261,-0.22305,-0.23703,-0.251,-0.26497,1.4346,-0.27894,-0.29292,-0.30689,-0.32086,-0.34169,-0.36265,-0.3836,-0.40456,-0.42552,-0.44648,1.3997,-0.47403,-0.49894,-0.5199,-0.54732,-0.57526,-0.60321,-0.63748,-0.66964,-0.69759,-0.72553,1.0,2.0
0.29996,0.23312,0.23312,0.55058,0.67891,0.82394,0.94374,1.0806,1.1947,1.3369,1.4457,1.5544,1.6632,0.23312,1.772,1.8662,1.9387,2.0113,2.0607,2.097,2.1332,2.1379,2.1379,2.1379,0.23312,2.1312,2.095,2.0092,1.8736,1.7289,1.5949,1.4037,1.2562,1.0592,0.93839,0.23312,0.82461,0.62059,0.51182,0.40305,0.29427,0.1855,0.076729,-0.032044,-0.14082,-0.24959,0.23312,-0.38844,-0.46764,-0.97458,-1.0471,-1.1196,-1.1813,-1.2312,-1.2872,-1.3235,-1.3597,0.23312,-1.396,-1.4043,-1.4043,-1.4043,-1.4043,-1.3985,-1.3622,-1.3144,-1.2419,-1.1522,0.23312,-1.0635,-0.96806,-0.85929,-0.72194,-0.60832,-0.49872,-0.35736,-0.24859,-0.13046,0.014573,0.23312,0.14457,0.27122,0.39553,0.52786,0.64649,0.75527,0.89612,1.0062,1.115,1.2238,0.23312,1.3325,1.4413,1.5344,1.6254,1.7128,1.7611,1.8244,1.8671,1.9033,1.9062,0.23312,1.9374,1.906,1.793,1.7432,1.6871,1.6316,1.4709,1.3529,1.1695,1.0437,0.23312,0.23312,0.7678,0.62277,0.47205,0.29929,0.15426,0.009226,-0.1358,-0.28084,-0.78945,-1.08,0.25935,-1.1604,-1.2641,-1.3388,-1.4078,-1.4504,-1.5138,-1.55,-1.5714,-1.5891,-1.6048,0.26654,-1.6048,-1.6048,-1.6048,-1.5729,-1.5701,-1.5338,-1.4905,-1.4279,-1.3789,-1.3064,0.26654,-1.2339,-1.1402,-1.0554,-0.95603,-0.81752,-0.70507,-0.56087,-0.41584,-0.27081,-0.12578,0.26654,0.019251,0.16428,0.30931,0.45434,0.59937,0.71684,0.82561,0.96763,1.0766,1.1798,0.27072,1.2607,1.3583,1.4448,1.5367,1.5895,1.6483,1.6955,1.7317,1.7369,1.7703,0.29996,1.767,1.7369,1.7279,1.6916,1.6554,1.6016,1.529,1.4565,1.3579,1.2203,0.29996,1.107,0.96362,0.81458,0.64014,0.48542,0.31666,0.15626,-0.006814,-0.15185,-0.29688,0.29996,-0.41517,-0.52395,-0.63272,-0.7562,-1.1129,-1.1854,-1.2476,-1.2839,-1.3201,-1.3564,0.29996,-1.3926,-1.4289,-1.4377,-1.4377,-1.4377,-1.4377,-1.4377,-1.4296,-1.3933,-1.357,0.23312,0.29996,-1.3208,-1.265,-1.2148,-1.1534,-1.0808,-1.0392,-0.96923,-0.89671,-0.83021,-0.7851,0.29996,-0.72428,-0.68802,-0.65177,-0.61551,-0.57925,-0.54299,-0.50674,-0.47048,-0.43422,-0.39796,0.29996,-0.36171,-0.32545,-0.28919,-0.25293,-0.21667,-0.18042,-0.14416,-0.1079,-0.10105,-0.068803,0.29996,-0.032546,0.003712,0.03997,0.076227,0.11249,0.14874,0.185,0.22126,0.25752,0.26654,0.27021,0.29661,0.29996,0.26654,0.26654,0.26654,0.26654,0.26654,0.25,0.23312,0.23312,0.23396,0.23312,0.23312,0.23312,0.1997,0.1997,0.1997,0.1997,0.1997,0.1997,0.1997,0.1977,0.1997,0.1997,0.22544,0.23312,0.23312,0.23312,0.23312,0.23312,0.23312,0.23312,0.16144,0.21808,0.1997,0.1997,0.1997,0.1997,0.17046,0.16629,0.16629,0.16629,0.16629,0.12518,0.16629,0.16629,0.16629,0.16629,0.16629,0.19051,0.1997,0.1997,0.1997,0.23312,0.088926,0.23312,0.23312,0.23312,0.23312,0.23312,0.23312,0.21107,0.1997,0.23312,0.052668,0.016411,-0.038895,-0.089522,-0.12578,-0.16204,-0.2287,-0.26797,-0.3069,-0.3739,0.23312,-0.41851,-0.47984,-0.53013,-0.58577,-0.64174,-0.6917,-0.75336,-0.82587,-0.86731,-0.93698,0.23312,-0.97658,-1.0429,-1.0792,-1.1154,-1.1517,-1.1879,-1.2242,-1.2605,-1.2707,-1.2996,0.23312,-1.3041,-1.3375,-1.3415,-1.3709,-1.3709,-1.3709,-1.3863,-1.4043,-1.4043,-1.3804,0.23312,-1.3709,-1.3413,-1.3051,-1.2688,-1.2279,-1.1554,-1.0828,-1.0103,-0.92178,-0.83189,0.23312,-0.73765,-0.62888,-0.5201,-0.38109,-0.26914,-0.12444,0.015241,0.1322,0.27723,0.42226,2.0,2.0
1.1206,1.1455,1.1703,0.91559,1.009,1.1024,1.1957,1.2827,1.3577,1.432,1.4943,1.5566,1.6188,1.1703,1.6618,1.7178,1.742,1.7552,1.7668,1.7659,1.742,1.6071,1.4539,1.3917,1.1703,1.2921,1.1429,1.0206,0.94237,0.85669,0.78045,0.68707,0.61853,0.50924,0.38206,1.1703,0.001617,-0.15073,-0.21299,-0.27525,-0.3375,-0.40194,-0.48687,-0.54913,-0.61139,-0.64879,1.1703,-0.71105,-0.75833,-0.81071,-0.84811,-0.90142,-0.94777,-0.98853,-1.0445,-1.0756,-1.1068,1.1703,-1.1379,-1.169,-1.2002,-1.2156,-1.2156,-1.2404,-1.2404,-1.2245,-1.2156,-1.2119,1.1703,-1.1808,-1.1496,-1.1185,-1.0874,-1.0563,-1.0087,-0.96915,-0.909,-0.85718,-0.80934,1.1776,-0.74708,-0.68483,-0.62257,-0.54335,-0.4732,-0.41095,-0.34869,-0.26922,-0.19932,-0.13215,1.1952,-0.049953,0.029764,0.099415,0.18652,0.26021,0.3536,0.423,0.51552,0.6089,0.68433,1.1952,0.77082,0.86421,0.94566,1.0261,1.1195,1.188,1.2693,1.3315,1.3938,1.4499,1.1455,1.1964,1.4934,1.537,1.5681,1.5992,1.6177,1.6177,1.6177,1.6177,1.6048,1.5928,1.22,1.5674,1.5293,1.4803,1.4491,1.3931,1.3549,1.2926,1.2304,1.1681,1.1058,1.22,1.0436,0.98133,0.89422,0.79375,0.64544,0.56299,0.49446,0.40896,0.33254,0.25959,1.2401,0.19547,0.11023,0.033554,-0.039142,-0.13731,-0.58616,-0.64842,-0.71067,-0.77293,-0.82655,1.22,-0.87259,-0.93485,-0.97225,-1.0256,-1.0568,-1.0879,-1.119,-1.1501,-1.1813,-1.2124,1.2123,-1.2404,-1.2498,-1.2809,-1.2901,-1.315,-1.315,-1.3309,-1.3398,-1.3398,-1.3398,1.1811,-1.3398,-1.3398,-1.3398,-1.3398,-1.3398,-1.3172,-1.3109,-1.2901,-1.2735,-1.2423,1.0078,-1.2361,-1.2049,-1.1738,-1.1427,-1.0867,-1.0447,-0.99959,-0.94504,-0.88278,-0.82053,0.94318,-0.75827,-0.69601,-0.63375,-0.5715,-0.49159,-0.42213,-0.35453,-0.27276,-0.19261,-0.12339,0.88894,-0.030692,0.050827,0.13123,0.22461,0.318,0.41138,0.50477,0.59816,0.69154,0.78493,1.1455,0.80065,0.87831,0.9717,1.0651,1.1585,1.2519,1.321,1.4569,1.5192,1.5623,1.5934,0.7067,1.6177,1.6177,1.5983,1.5423,1.5041,1.4151,1.3299,1.2666,1.1585,1.0301,0.49731,0.93672,0.76877,0.67539,0.582,0.42822,0.32067,0.2038,0.059339,-0.034047,-0.20199,0.45792,-0.29538,-0.43182,-0.8455,-0.99599,-1.0832,-1.2097,-1.2822,-1.349,-1.4564,-1.5038,0.33751,-1.5561,-1.5935,-1.6469,-1.678,-1.6878,-1.6878,-1.6878,-1.6878,-1.6878,-1.6629,0.17155,-1.6536,-1.6225,-1.5913,-1.5354,-1.4947,-1.4483,-1.395,-1.3292,-1.2456,-1.1834,0.090467,-1.0988,-1.0302,-0.93684,-0.85979,-0.77492,-0.68153,-0.58815,-0.49476,-0.40138,-0.33284,-0.039639,-0.23946,-0.14607,-0.0758,0.01131,0.084378,0.16068,0.22293,0.28519,0.33639,0.38485,-0.087108,0.4235,0.45463,0.48576,0.51689,0.54801,0.54901,0.53745,0.52415,0.50005,0.47445,-0.1393,0.46264,0.43151,0.40039,0.39411,0.37504,0.35671,0.32558,0.32533,1.1703,-0.19907,-0.23896,-0.28618,-0.33862,-0.37603,-0.43828,-0.48526,-0.53794,-0.57535,-0.62835,1.1703,-0.65948,-0.71241,-0.74659,-0.77772,-0.80884,-0.83997,-0.8711,-0.90223,-0.93336,-0.96449,1.1703,-0.96703,-0.97704,-0.99189,-0.99189,-0.98791,-0.96703,-0.96703,-0.94423,-0.9131,-0.89248,1.1703,-0.8757,-0.82152,-0.78859,-0.75746,-0.70931,-0.67035,-0.6345,-0.57224,-0.52726,-0.47258,1.1703,-0.41529,-0.37292,-0.31066,-0.24841,-0.18615,-0.12389,-0.061634,0.000623,0.038027,0.10028,1.1703,0.16254,0.2248,0.29277,0.37417,0.43642,0.49868,0.58579,0.66029,0.75367,0.82227,2.0,2.0
-0.88318,-0.90841,-0.88318,-1.4919,-1.462,-1.4448,-1.4168,-1.4004,-1.3856,-1.3511,-1.3333,-1.3073,-1.2862,-0.87056,-1.2689,-1.2417,-1.2218,-1.2045,-1.176,-1.1574,-1.1481,-1.123,-1.1011,-1.0758,-0.87056,-1.0573,-1.0287,-1.0114,-0.99161,-0.9643,-0.94705,-0.92103,-0.91254,-0.89478,-0.86542,-0.87056,-0.84817,-0.83091,-0.81366,-0.79641,-0.76654,-0.74929,-0.7444,-0.72301,-0.69753,-0.66766,-0.87056,-0.65041,-0.62284,-0.60329,-0.57906,-0.55616,-0.53528,-0.50904,-0.50412,-0.47454,-0.45728,-0.87056,-0.42741,-0.41016,-0.38206,-0.36304,-0.34579,-0.31639,-0.29866,-0.27261,-0.26416,-0.24691,-0.87056,-0.22965,-0.2124,-0.19515,-0.1779,-0.16064,-0.14339,-0.12607,-0.096268,-0.088351,-0.074379,-0.87056,-0.057126,-0.039873,-0.02262,-0.005368,0.011885,0.016522,0.025195,0.025795,0.037812,0.047684,-0.87832,0.052321,0.069573,0.075661,0.078846,0.088277,0.088277,0.088277,0.097392,0.10203,0.11351,-0.88318,0.11351,0.12855,0.14581,0.16306,0.1677,0.17659,0.18921,0.19422,0.20182,0.21611,-0.89914,-0.88318,0.22706,0.238,0.25525,0.27251,0.28976,0.30701,0.32426,0.34152,0.35877,0.37602,-0.88318,0.40589,0.42999,0.45301,0.48288,0.50014,0.53,0.54726,0.55508,0.58176,0.6051,-0.88425,0.62889,0.6615,0.696,0.74253,0.78167,0.83343,0.88518,0.93694,0.9588,1.0026,-0.89579,1.0544,1.0949,1.1453,1.1891,1.2362,1.2707,1.3145,1.3524,1.3751,1.3961,-0.89579,1.4307,1.4652,1.4997,1.5342,1.5687,1.6032,1.6377,1.6624,1.6905,1.7034,-0.90841,1.7268,1.7567,1.7816,1.8161,1.838,1.8725,1.8944,1.9289,1.9532,1.9807,-0.90841,1.9877,2.0049,2.0222,2.0394,2.0567,2.069,2.0595,2.017,1.9998,1.9825,-0.92005,1.9779,1.9681,1.956,1.9387,1.9215,1.9042,1.887,1.8697,1.8525,1.8285,-0.93364,1.8054,1.8007,1.7755,1.7536,1.7191,1.6846,1.65,1.6155,1.581,1.5339,-0.93364,1.4994,1.453,1.4139,1.3707,1.323,1.2764,1.2321,1.1803,1.1351,1.0894,-0.89579,-0.93364,1.0471,1.0237,0.98441,0.9284,0.86847,0.82601,0.73972,0.67758,0.66144,0.60968,-0.92869,0.56959,0.52247,0.48796,0.42822,0.39372,0.33997,0.32471,0.29648,0.27922,0.24936,-0.92103,0.22453,0.20223,0.1976,0.18921,0.20182,0.20182,0.20182,0.21444,0.21444,0.22589,-0.92103,0.22706,0.22706,0.22718,0.23967,0.23967,0.23967,0.23967,0.23967,0.23696,0.22706,-0.92103,0.22706,0.21444,0.2058,0.20182,0.19652,0.17927,0.17464,0.16397,0.15275,0.15136,-0.91014,0.15136,0.15136,0.15136,0.16054,0.16397,0.16397,0.16397,0.16647,0.17659,0.17659,-0.90841,0.16397,0.16397,0.16397,0.16397,0.16397,0.16397,0.16397,0.15297,0.15136,0.15136,-0.90087,0.13906,0.13874,0.13874,0.13874,0.13874,0.13874,0.13874,0.13874,0.13874,0.13874,-0.89579,0.13874,0.13852,0.12613,0.12613,0.12613,0.12613,0.12613,0.12893,0.13874,0.13874,-0.88318,0.13464,0.12613,0.12613,0.12073,0.11351,0.098843,0.08159,0.075661,-0.89579,-0.88318,-0.88233,-0.87056,-0.87056,-0.87056,-0.86378,-0.85794,-0.85794,-0.84987,-0.84533,-0.89579,-0.8406,-0.83271,-0.83271,-0.83271,-0.83271,-0.83003,-0.8201,-0.8201,-0.81612,-0.80748,-0.89579,-0.80811,-0.8201,-0.8201,-0.8201,-0.84634,-0.88176,-0.9151,-0.9872,-1.0092,-1.0445,-0.89579,-1.0942,-1.1114,-1.1519,-1.1964,-1.2112,-1.2254,-1.2951,-1.3347,-1.4046,-1.4403,-0.88393,-1.5115,-1.546,-1.5873,-1.6845,-1.7268,-1.7916,-1.761,-1.7288,-1.7242,-1.7069,-0.88318,-1.6897,-1.6724,-1.6552,-1.6379,-1.6138,-1.6023,-1.5826,-1.5563,-1.5388,-1.5092,4.0,2.0
0.57637,0.68713,0.80358,1.3716,1.3716,1.3716,1.362,1.3398,1.3016,1.2572,1.2129,1.1618,1.0954,0.80358,1.0289,0.96244,0.87629,0.7837,0.67293,0.56217,0.4514,0.34064,0.22873,0.095815,0.80358,-0.037104,-0.17002,-0.30294,-0.43586,-0.56878,-0.7017,-0.83462,-0.95637,-1.0671,-1.1603,0.80358,-1.2489,-1.3375,-1.4261,-1.5147,-1.5738,-1.6181,-1.6624,-1.7067,-1.751,-1.7834,0.80358,-1.8056,-1.8094,-1.8094,-1.8094,-1.7912,-1.7469,-1.7026,-1.6583,-1.614,-1.5634,0.80358,-1.4969,-1.4178,-1.3292,-1.2214,-1.1107,-0.99991,-0.8793,-0.74638,-0.61346,-0.48055,0.80358,-0.34763,-0.21471,-0.081789,0.05113,0.18405,0.31697,0.44572,0.55649,0.66725,0.77802,0.80358,0.88878,0.99822,1.0868,1.1677,1.2341,1.2864,1.3307,1.375,1.4144,1.4366,0.80358,1.4587,1.4809,1.4852,1.481,1.4367,1.401,1.3788,1.3267,1.2603,1.1938,0.80358,1.1274,1.0609,0.9702,0.85944,0.76723,0.67293,0.54001,0.41637,0.30561,0.17913,0.76571,0.80358,0.046207,-0.086712,-0.21963,-0.35255,-0.48547,-0.61839,-0.73199,-0.83916,-0.92777,-1.0264,0.79279,-1.1372,-1.215,-1.2815,-1.3479,-1.4144,-1.4808,-1.5337,-1.578,-1.6022,-1.6287,0.77063,-1.673,-1.6958,-1.6958,-1.6958,-1.6942,-1.6721,-1.6499,-1.6278,-1.5768,-1.5104,0.74848,-1.4648,-1.4102,-1.3216,-1.233,-1.1444,-1.0378,-0.92702,-0.81625,-0.69678,-0.56386,0.72633,-0.44609,-0.33532,-0.22455,-0.10792,0.025,0.14561,0.25638,0.36714,0.47488,0.56349,0.70417,0.66157,0.77234,0.8672,0.95581,1.0444,1.1264,1.1929,1.2724,1.361,1.4301,0.67407,1.4928,1.5371,1.5814,1.6257,1.67,1.7134,1.7355,1.7577,1.7798,1.802,0.62976,1.8241,1.826,1.8215,1.7993,1.7772,1.755,1.7155,1.6712,1.6268,1.5744,0.59985,1.5079,1.4415,1.375,1.3086,1.2315,1.1207,1.01,0.8992,0.78843,0.67767,0.57769,0.5669,0.44724,0.31432,0.1814,0.048479,-0.062665,-0.17343,-0.2842,-0.39496,-0.50573,0.76571,0.53471,-0.59756,-0.68295,-0.74941,-0.81587,-0.88233,-0.9327,-0.977,-1.0213,-1.0656,-1.1099,0.48529,-1.141,-1.1631,-1.1656,-1.1616,-1.1395,-1.1173,-1.0952,-1.073,-1.0486,-0.98212,0.41883,-0.92323,-0.87892,-0.82061,-0.75415,-0.68769,-0.62123,-0.55477,-0.47714,-0.38853,-0.31752,0.35237,-0.25106,-0.1846,-0.12647,-0.082168,-0.037862,0.006445,0.050751,0.095057,0.13936,0.18367,0.28592,0.22798,0.25392,0.27607,0.29822,0.32038,0.34253,0.36468,0.38684,0.38702,0.39327,0.21946,0.41543,0.41221,0.39005,0.3679,0.34575,0.32359,0.30144,0.27929,0.27342,0.27342,0.153,0.27342,0.27342,0.27342,0.27342,0.27342,0.25354,0.23555,0.23555,0.23555,0.23555,0.086537,0.21851,0.19768,0.19768,0.18992,0.16777,0.15981,0.15981,0.13917,0.12194,0.12194,0.011368,0.11058,0.08843,0.084076,0.081993,0.05984,0.046207,0.046207,0.046207,0.046207,0.024811,-0.077245,0.008338,0.008338,0.008338,0.008338,-0.010217,-0.02953,-0.02953,-0.038808,0.76571,-0.181,-0.29177,-0.38095,-0.47543,-0.5862,-0.68466,-0.77327,-0.86188,-0.9505,-1.0391,0.76571,-1.1183,-1.1847,-1.2512,-1.3174,-1.3617,-1.3994,-1.4216,-1.4437,-1.4659,-1.488,0.78502,-1.5026,-1.4805,-1.4685,-1.4685,-1.4352,-1.3919,-1.3697,-1.3328,-1.2663,-1.1999,0.80358,-1.1334,-1.0669,-0.99594,-0.90733,-0.80773,-0.69697,-0.5862,-0.47543,-0.36467,-0.2539,0.80358,-0.14314,-0.017791,0.11513,0.22703,0.3378,0.44856,0.54759,0.6362,0.74299,0.85129,0.80358,0.93991,1.0196,1.0861,1.1525,1.219,1.2637,1.3019,1.3241,1.3462,1.3684,0.0,2.0
0.8735,0.77858,0.65777,1.3769,1.4718,1.5552,1.6264,1.6746,1.7221,1.7695,1.7947,1.8084,1.8084,0.65777,1.8084,1.799,1.7753,1.7515,1.6847,1.5423,1.4603,1.3654,1.223,1.1194,0.65777,1.0245,0.92959,0.83467,0.73327,0.61462,0.51394,0.41326,0.29461,0.19321,0.093256,0.65777,-0.025399,-0.32599,-0.6496,-0.72079,-0.8078,-0.89913,-0.97032,-1.0264,-1.0768,-1.1479,0.65777,-1.2048,-1.2522,-1.2997,-1.3335,-1.3586,-1.4061,-1.4277,-1.4284,-1.4521,-1.4636,0.65777,-1.4636,-1.4636,-1.4521,-1.4284,-1.4047,-1.3809,-1.3572,-1.3335,-1.2997,-1.2522,0.65777,-1.1832,-1.112,-1.0408,-0.9696,-0.88978,-0.79486,-0.69993,-0.5971,-0.47844,-0.37921,0.65777,-0.27709,-0.15844,-0.039781,0.078874,0.19753,0.31618,0.42909,0.52401,0.63619,0.74981,0.65777,0.84474,0.93966,1.0303,1.1015,1.1727,1.2438,1.315,1.3711,1.4186,1.4661,0.65777,1.5135,1.5588,1.5826,1.6063,1.63,1.6537,1.6516,1.6279,1.6041,1.507,0.71817,0.65777,1.3409,1.2697,1.1985,1.1274,0.9411,0.7944,0.69947,0.60455,0.50963,0.4147,0.65777,0.29821,0.1889,0.093975,-0.000949,-0.095872,-0.1908,-0.28572,-0.45975,-0.79198,-0.91064,0.65777,-0.97464,-1.0221,-1.0883,-1.153,-1.2004,-1.2299,-1.2594,-1.3069,-1.3371,-1.3558,0.65129,-1.3558,-1.3723,-1.3917,-1.3917,-1.3759,-1.3558,-1.3558,-1.3256,-1.281,-1.2573,0.62756,-1.2335,-1.2076,-1.1602,-1.1127,-1.0638,-0.99262,-0.93437,-0.88619,-0.81499,-0.7438,0.62181,-0.67261,-0.60141,-0.53022,-0.45903,-0.36482,-0.28069,-0.20949,-0.11601,-0.021084,0.07384,0.62181,0.16876,0.26369,0.35861,0.45354,0.54846,0.64338,0.73831,0.83323,0.92815,1.0231,0.62181,1.118,1.2129,1.2892,1.3539,1.4013,1.4668,1.5322,1.5797,1.6099,1.6336,0.63907,1.6573,1.6811,1.7048,1.7285,1.7364,1.74,1.7638,1.7724,1.7724,1.7724,0.65273,1.5998,1.3366,1.2892,1.228,1.1525,1.0101,0.89364,0.79871,0.70379,0.60887,0.69444,0.629,0.51394,0.41902,0.32409,0.22917,0.11123,0.014153,-0.05704,-0.50721,-0.81068,-0.88187,0.60527,-0.95306,-1.0149,-1.0624,-1.1307,-1.1932,-1.2407,-1.2882,-1.3277,-1.3515,-1.3752,0.58585,-1.3989,-1.4226,-1.4464,-1.4636,-1.4636,-1.4636,-1.4579,-1.4342,-1.4104,-1.3867,0.58585,-1.363,-1.3392,-1.3112,-1.2637,-1.2004,-1.1328,-1.0854,-1.0228,-0.94875,-0.85383,0.57003,-0.77328,-0.70209,-0.6309,-0.54604,-0.45256,-0.38136,-0.31017,-0.23898,-0.16778,-0.10882,0.54271,-0.061355,-0.013893,0.033569,0.081031,0.12849,0.16517,0.1889,0.21263,0.23636,0.26009,0.49524,0.28382,0.30755,0.33128,0.31331,0.29821,0.29821,0.27807,0.25434,0.23061,0.20688,0.46288,0.18315,0.15942,0.15438,0.14791,0.12418,0.11843,0.11267,0.088941,0.082469,0.082469,0.43628,0.082469,0.082469,0.082469,0.082469,0.082469,0.082469,0.082469,0.097571,0.11843,0.11843,0.38881,0.11843,0.12058,0.14431,0.15438,0.15438,0.15438,0.14144,0.11771,0.69372,0.34135,0.29173,0.22054,0.14935,0.078155,0.006962,-0.077175,-0.1721,-0.26702,-0.34972,0.68293,-0.42091,-0.51584,-0.61076,-0.70569,-0.80061,-0.88475,-0.95594,-1.0271,-1.0983,-1.1695,0.6592,-1.2191,-1.2666,-1.3141,-1.3615,-1.4004,-1.4241,-1.4478,-1.4636,-1.4636,-1.4442,0.65777,-1.4277,-1.4277,-1.3903,-1.3493,-1.3256,-1.2659,-1.2004,-1.153,-1.0883,-1.012,0.65777,-0.91711,-0.82218,-0.72295,-0.60429,-0.48564,-0.36698,-0.24833,-0.12967,-0.011016,0.10764,0.65777,0.22629,0.34495,0.4636,0.59592,0.73687,0.85552,0.97418,1.0921,1.187,1.282,2.0,2.0
-1.9187,-1.8638,-1.7412,-0.81919,-0.82647,-0.84299,-0.85055,-0.86203,-0.86512,-0.88192,-0.89058,-0.90601,-0.91329,-1.7244,-0.92866,-0.93737,-0.9477,-0.96146,-0.97826,-0.99506,-1.0119,-1.0287,-1.0429,-1.0432,-1.7076,-1.0448,-1.0375,-1.0207,-1.0039,-0.98711,-0.86322,-0.78216,-0.75583,-0.74779,-0.72223,-1.6908,-0.69591,-0.66754,-0.64326,-0.60985,-0.5811,-0.55216,-0.51855,-0.50028,-0.4799,-0.45582,-1.6644,-0.43269,-0.40765,-0.38956,-0.35948,-0.33844,-0.32083,-0.29675,-0.27699,-0.25067,-0.23387,-1.6381,-0.21707,-0.19074,-0.17394,-0.16666,-0.14986,-0.13305,-0.11625,-0.09945,-0.082648,-0.065846,-1.6118,-0.049044,-0.033812,-0.024959,-0.014773,-0.005253,0.004267,0.004267,0.013786,0.013786,0.011073,-1.6045,0.004267,-0.003492,-0.005253,-0.014773,-0.01582,-0.024292,-0.033812,-0.043332,-0.04495,-0.061752,-1.5877,-0.078555,-0.085837,-0.10264,-0.11944,-0.13624,-0.14805,-0.16033,-0.18665,-0.20345,-0.22026,-1.5709,-0.23706,-0.25386,-0.27066,-0.27794,-0.29475,-0.31607,-0.30036,-0.29084,-0.27685,-0.26228,-1.847,-1.5693,-0.25277,-0.23596,-0.22421,-0.21469,-0.2046,-0.17994,-0.16147,-0.14467,-0.11835,-0.000445,-1.5278,0.045201,0.069286,0.10118,0.12698,0.14706,0.16563,0.19695,0.2138,0.24007,0.25687,-1.5189,0.27367,0.28986,0.30566,0.32408,0.34088,0.36721,0.38401,0.40705,0.42713,0.44393,-1.5037,0.45169,0.47754,0.49434,0.51114,0.52795,0.54475,0.56155,0.56883,0.57611,0.58497,-1.4869,0.6002,0.60748,0.61476,0.63157,0.63885,0.64613,0.65161,0.65161,0.65846,0.66113,-1.4701,0.66113,0.66113,0.66113,0.65594,0.65161,0.65161,0.64361,0.64209,0.63257,0.62305,-1.4533,0.62305,0.61353,0.60943,0.60215,0.59449,0.58497,0.57078,0.55398,0.53737,0.5299,-1.446,0.51309,0.49929,0.48901,0.47221,0.45541,0.43503,0.41228,0.39548,0.3882,0.37139,-1.4332,0.35459,0.33779,0.32099,0.30418,0.3089,0.31842,0.32594,0.33322,0.35002,0.36682,-1.4314,0.38363,0.40043,0.41723,0.43403,0.45084,0.47716,0.49396,0.53808,0.67007,0.68716,-1.8302,-1.4237,0.70396,0.71125,0.73757,0.76194,0.78602,0.81011,0.84286,0.8678,0.89188,0.90278,-1.4237,0.92911,0.94591,0.96271,0.97951,1.0038,1.0131,1.0394,1.0514,1.0635,1.0902,-1.4096,1.1162,1.1479,1.1815,1.2056,1.2228,1.2442,1.2646,1.2814,1.2982,1.315,-1.4023,1.3223,1.337,1.337,1.3465,1.3465,1.3465,1.3465,1.3465,1.3561,1.3561,-1.3951,1.3656,1.3656,1.3656,1.3656,1.3656,1.3656,1.3656,1.3656,1.3561,1.3561,-1.3951,1.3465,1.3465,1.337,1.337,1.3293,1.3275,1.318,1.3085,1.3002,1.2989,-1.3856,1.2989,1.2894,1.2894,1.2894,1.2938,1.3085,1.3179,1.3347,1.3515,1.3656,-1.3856,1.3756,1.3924,1.4092,1.426,1.4428,1.4596,1.4669,1.4837,1.5005,1.5173,-1.3761,1.5341,1.5465,1.5582,1.575,1.5918,1.6086,1.6254,1.6422,1.659,1.6758,-1.3761,1.6831,1.6999,1.7167,1.7335,1.7503,1.7654,1.7744,1.7912,-1.8235,-1.3666,-1.3666,-1.3653,-1.357,-1.357,-1.353,-1.3475,-1.3384,-1.3312,-1.3285,-1.8157,-1.319,-1.3093,-1.2925,-1.2757,-1.2589,-1.2516,-1.2348,-1.218,-1.2047,-1.1939,-1.7989,-1.1771,-1.1603,-1.1435,-1.1267,-1.1099,-1.0931,-1.0858,-1.069,-1.0427,-1.0259,-1.7821,-1.0091,-0.9923,-0.97474,-0.94918,-0.9419,-0.92509,-0.89877,-0.88197,-0.87469,-0.85788,-1.7653,-0.84108,-0.83347,-0.817,-0.80971,-0.80243,-0.79515,-0.78587,-0.78058,-0.77635,-0.77635,-1.7485,-0.76826,-0.77268,-0.77635,-0.77635,-0.78501,-0.78587,-0.79539,-0.79734,-0.80491,-0.8119,5.0,2.0
-0.22162,-0.27545,-0.36268,-1.8327,-1.8219,-1.8111,-1.7903,-1.7688,-1.7491,-1.7384,-1.7191,-1.6975,-1.6756,-0.38421,-1.6434,-1.6181,-1.5936,-1.5613,-1.529,-1.4967,-1.4644,-1.4321,-1.3998,-1.3675,-0.39535,-1.3352,-1.303,-1.264,-1.2235,-1.1912,-1.1496,-1.1066,-1.0646,-1.0323,-0.99225,-0.3998,-0.94919,-0.90613,-0.87346,-0.83486,-0.7918,-0.74874,-0.71459,-0.67747,-0.63515,-0.60285,-0.40426,-0.57056,-0.53492,-0.49186,-0.45882,-0.42653,-0.39609,-0.37456,-0.34449,-0.31665,-0.29512,-0.42579,-0.27359,-0.25206,-0.2335,-0.22273,-0.21197,-0.2012,-0.19044,-0.17967,-0.16891,-0.15814,-0.43841,-0.14738,-0.13661,-0.12585,-0.11768,-0.11768,-0.1084,-0.097637,-0.086872,-0.076107,-0.065342,-0.44917,-0.050865,-0.029335,-0.018199,-0.007434,0.005559,0.027089,0.048619,0.065323,0.076831,0.098361,-0.45994,0.11989,0.14142,0.16295,0.18448,0.20007,0.21269,0.23422,0.25575,0.27728,0.29918,-0.4707,0.33148,0.35672,0.38122,0.41352,0.43616,0.46326,0.49555,0.52785,0.55198,0.57759,-0.29586,-0.48147,0.60989,0.64218,0.67448,0.70417,0.7257,0.75651,0.78881,0.81999,0.84152,0.87085,-0.49223,0.89943,0.92096,0.95288,0.97887,1.0004,1.0219,1.0524,1.0798,1.1014,1.1229,-0.503,1.1444,1.1693,1.2016,1.2239,1.2454,1.2669,1.2885,1.31,1.3315,1.353,-0.51376,1.3746,1.3961,1.4176,1.4392,1.451,1.4674,1.4889,1.5104,1.5238,1.5346,-0.52453,1.5453,1.5669,1.5817,1.5925,1.6032,1.614,1.6248,1.6355,1.6463,1.6571,-0.53344,1.6678,1.6786,1.6894,1.6938,1.696,1.7068,1.7087,1.7087,1.7079,1.6972,-0.53344,1.6938,1.6905,1.6797,1.6689,1.6582,1.6456,1.624,1.6025,1.581,1.5594,-0.54197,1.5379,1.5164,1.4948,1.4733,1.4518,1.4247,1.3939,1.3723,1.3427,1.3104,-0.55274,1.2781,1.2458,1.2202,1.1934,1.1504,1.1166,1.0843,1.052,1.0197,0.98741,-0.5635,0.9514,0.90834,0.87567,0.83707,0.79623,0.76394,0.72273,0.6845,0.6522,0.61991,-0.29846,-0.57427,0.58761,0.55198,0.50892,0.4859,0.45843,0.42614,0.39384,0.37009,0.34856,0.32703,-0.58503,0.3055,0.29102,0.27728,0.25575,0.24387,0.23868,0.23719,0.22643,0.22383,0.21975,-0.5958,0.20898,0.20898,0.20898,0.20898,0.20898,0.20898,0.20898,0.20898,0.20898,0.20898,-0.60656,0.20898,0.20898,0.20898,0.21529,0.22383,0.22383,0.22383,0.22383,0.22383,0.22383,-0.60768,0.22383,0.22383,0.22383,0.22383,0.22383,0.22383,0.22383,0.22383,0.22383,0.2242,-0.61325,0.23497,0.23868,0.23868,0.23868,0.23868,0.23868,0.23868,0.23868,0.24684,0.25353,-0.62253,0.25353,0.25353,0.25353,0.25353,0.25353,0.25353,0.25353,0.25353,0.25353,0.26132,-0.62253,0.26837,0.26837,0.26837,0.26837,0.26615,0.25538,0.25353,0.25353,0.25353,0.25353,-0.63069,0.25353,0.25353,0.25353,0.25353,0.25353,0.25353,0.25353,0.25353,0.25353,0.25353,-0.64146,0.25353,0.25353,0.25353,0.25353,0.25353,0.25353,0.25353,0.25353,-0.30923,-0.65222,-0.65222,-0.65891,-0.66707,-0.66707,-0.67635,-0.68192,-0.68303,-0.6938,-0.71236,-0.31999,-0.7376,-0.7699,-0.7814,-0.79217,-0.81184,-0.86567,-0.88386,-0.89462,-0.90613,-0.92766,-0.32556,-0.97146,-1.0286,-1.0932,-1.1177,-1.1689,-1.235,-1.2566,-1.3208,-1.3783,-1.4102,-0.32667,-1.4318,-1.4533,-1.4926,-1.5788,-1.607,-1.6285,-1.65,-1.6716,-1.7258,-1.774,-0.33744,-1.7955,-1.8601,-1.918,-1.9641,-1.9856,-2.035,-2.068,-2.0788,-2.0895,-2.0224,-0.3482,-1.9552,-1.9444,-1.9336,-1.9229,-1.9121,-1.9013,-1.8906,-1.8798,-1.8683,-1.8468,4.0,2.0
-2.1424,-2.0281,-1.8592,-0.88793,-0.87754,-0.87178,-0.86753,-0.85714,-0.84675,-0.83636,-0.82597,-0.81558,-0.80519,-1.8384,-0.79479,-0.78317,-0.76325,-0.75285,-0.74236,-0.72158,-0.71092,-0.70052,-0.68077,-0.66898,-1.8176,-0.65859,-0.64819,-0.6378,-0.62741,-0.61702,-0.60663,-0.59624,-0.59183,-0.58623,-0.57584,-1.7968,-0.56545,-0.55952,-0.55543,-0.54504,-0.53799,-0.53503,-0.52464,-0.51645,-0.51462,-0.50423,-1.7705,-0.49384,-0.48415,-0.48383,-0.47344,-0.46305,-0.45266,-0.44227,-0.43187,-0.41265,-0.40033,-1.7445,-0.38993,-0.37954,-0.36915,-0.35182,-0.3376,-0.32721,-0.31682,-0.30643,-0.3011,-0.29642,-1.7237,-0.28603,-0.27564,-0.26525,-0.25486,-0.24447,-0.23407,-0.22573,-0.22406,-0.21367,-0.20419,-1.7029,-0.20366,-0.19343,-0.19343,-0.18325,-0.17286,-0.16247,-0.16112,-0.15246,-0.15036,-0.14244,-1.6782,-0.13959,-0.13243,-0.12882,-0.12242,-0.11805,-0.11805,-0.11278,-0.10729,-0.10276,-0.092374,-1.6506,-0.085752,-0.08236,-0.071969,-0.061579,-0.051188,-0.040797,-0.030407,-0.020016,-0.009625,0.001142,-2.0139,-1.6298,0.021924,0.032314,0.042705,0.062733,0.074254,0.084645,0.10354,0.11619,0.12658,0.14435,-1.609,0.15813,0.16852,0.18516,0.20007,0.21046,0.22085,0.23124,0.246,0.26279,0.27318,-1.5883,0.28358,0.29397,0.30188,0.30398,0.31437,0.32476,0.33515,0.34495,0.34517,0.35556,-1.5654,0.36595,0.37634,0.37725,0.38635,0.39674,0.40713,0.41752,0.42032,0.42754,0.43793,-1.5359,0.44186,0.44794,0.45263,0.45796,0.46835,0.47874,0.48493,0.48875,0.49914,0.50953,-1.5151,0.51992,0.53031,0.5407,0.54953,0.55072,0.5603,0.56073,0.57112,0.58151,0.58184,-1.4944,0.59153,0.5926,0.60154,0.61193,0.62232,0.62491,0.63234,0.64273,0.65312,0.65721,-1.4736,0.66313,0.67352,0.68391,0.68951,0.69393,0.70432,0.71105,0.71433,0.72472,0.73258,-1.453,0.73474,0.74513,0.75412,0.75514,0.76488,0.76515,0.77554,0.78593,0.79633,0.80672,-1.4426,0.80795,0.80795,0.81635,0.81872,0.82637,0.82949,0.83638,0.84677,0.85102,0.85679,-1.9939,-1.422,0.86718,0.87757,0.88333,0.88758,0.89797,0.90836,0.91875,0.92914,0.93953,0.95192,-1.4012,0.97108,0.98147,0.99186,1.0023,1.0126,1.023,1.0435,1.0546,1.065,1.0754,-1.3899,1.0858,1.0961,1.1065,1.1169,1.1273,1.1377,1.1481,1.1525,1.1581,1.1633,-1.3704,1.1681,1.1741,1.1781,1.1848,1.1882,1.1956,1.1982,1.2064,1.2082,1.2171,-1.3584,1.2182,1.2279,1.2279,1.2279,1.2382,1.2486,1.259,1.2602,1.2602,1.2686,-1.348,1.271,1.271,1.2783,1.2817,1.2883,1.2987,1.3033,1.3087,1.3191,1.3295,-1.3376,1.3356,1.3395,1.3499,1.3571,1.3599,1.3703,1.3807,1.3894,1.3907,1.4011,-1.3272,1.4109,1.4111,1.4215,1.4217,1.4217,1.4311,1.4325,1.4325,1.4325,1.4325,-1.3168,1.4325,1.4396,1.4432,1.4496,1.46,1.4704,1.4808,1.4912,1.5016,1.512,-1.3064,1.5224,1.5362,1.5569,1.5777,1.5985,1.6193,1.6416,1.6727,-1.9823,-1.3025,-1.2964,-1.286,-1.2756,-1.2652,-1.2594,-1.2552,-1.2448,-1.2379,-1.2348,-1.9631,-1.2271,-1.2248,-1.2163,-1.2148,-1.2044,-1.1948,-1.1944,-1.184,-1.1736,-1.1632,-1.9423,-1.1625,-1.1532,-1.1428,-1.141,-1.1328,-1.1224,-1.112,-1.1016,-1.0912,-1.0871,-1.9215,-1.0812,-1.0708,-1.0604,-1.0548,-1.0504,-1.0441,-1.0404,-1.0333,-1.0304,-1.0225,-1.9085,-1.0204,-1.0118,-1.0104,-1.001,-1.0003,-0.99023,-0.99023,-0.97994,-0.96955,-0.95916,-1.8833,-0.95792,-0.94915,-0.94716,-0.93913,-0.93639,-0.92912,-0.91873,-0.91485,-0.90872,-0.89832,3.0,2.0
-1.929,-1.8581,-1.6874,-0.79597,-0.80885,-0.82172,-0.8346,-0.84593,-0.85237,-0.86356,-0.87644,-0.88932,-0.8975,-1.6711,-0.90975,-0.94195,-0.9602,-0.97168,-0.97812,-0.97996,-0.98131,-0.98775,-0.98964,-0.98964,-1.6582,-0.98964,-0.98514,-0.97996,-0.97996,-0.9755,-0.96785,-0.95497,-0.94209,-0.92921,-0.91633,-1.6453,-0.8991,-0.87198,-0.80759,-0.76905,-0.74222,-0.71002,-0.68209,-0.65531,-0.62311,-0.59091,-1.6324,-0.55775,-0.51911,-0.48464,-0.45244,-0.42024,-0.38804,-0.35584,-0.32364,-0.29551,-0.26893,-1.6196,-0.23673,-0.20855,-0.18279,-0.15704,-0.13128,-0.10624,-0.086926,-0.067607,-0.048288,-0.028969,-1.6067,-0.013523,-0.000644,0.012235,0.021289,0.02831,0.041189,0.050292,0.056732,0.063171,0.065883,-1.5968,0.066367,0.072807,0.075567,0.075567,0.075567,0.075567,0.075179,0.06874,0.065883,0.065544,-1.5903,0.059104,0.052665,0.046225,0.039785,0.033346,0.026664,0.013785,0.004343,-0.002097,-0.008536,-1.5839,-0.018365,-0.031826,-0.070464,-0.092397,-0.098837,-0.10528,-0.11172,-0.11816,-0.1246,-0.12779,-1.816,-1.5803,-0.12779,-0.12779,-0.12779,-0.12779,-0.1214,-0.11811,-0.11811,-0.11176,-0.10842,-0.10842,-1.5803,-0.10213,-0.092639,-0.07976,-0.073127,-0.048675,-0.003598,0.01669,0.036009,0.055328,0.080796,-1.5864,0.10655,0.13231,0.15807,0.18383,0.20959,0.23535,0.26111,0.28686,0.31262,0.34114,-1.59,0.37334,0.39958,0.42534,0.4511,0.47095,0.49293,0.51869,0.54445,0.5676,0.58691,-1.59,0.60623,0.62555,0.64487,0.65843,0.67131,0.68419,0.69707,0.70995,0.72282,0.73004,-1.59,0.7389,0.75178,0.75904,0.76548,0.77192,0.77279,0.77512,0.78156,0.78248,0.78248,-1.59,0.78248,0.78248,0.78248,0.78248,0.78248,0.7803,0.77386,0.76742,0.76098,0.75454,-1.59,0.7481,0.73958,0.7267,0.7191,0.71062,0.69774,0.68486,0.67,0.65068,0.63654,-1.59,0.61785,0.58566,0.56885,0.55597,0.5431,0.53022,0.51734,0.50446,0.49661,0.49017,-1.59,0.48373,0.48228,0.48228,0.48228,0.48228,0.48398,0.49042,0.49686,0.50494,0.51782,-1.8032,-1.59,0.5307,0.54518,0.5645,0.58382,0.60313,0.62245,0.67973,0.74006,0.76582,0.79158,-1.5841,0.81734,0.8431,0.8735,0.9043,0.93006,0.95581,0.98022,0.99954,1.0234,1.0492,-1.5803,1.0749,1.0962,1.1155,1.1348,1.1541,1.1722,1.1851,1.198,1.212,1.2314,-1.5803,1.242,1.2495,1.2624,1.271,1.2774,1.2838,1.2903,1.2967,1.3032,1.3054,-1.5744,1.3064,1.3128,1.3151,1.316,1.3224,1.3248,1.3248,1.3248,1.3248,1.3248,-1.5653,1.3248,1.3207,1.3151,1.3151,1.3151,1.3144,1.3079,1.3054,1.3054,1.3054,-1.5525,1.3054,1.306,1.3125,1.3151,1.3157,1.3221,1.3285,1.3344,1.3344,1.3382,-1.5454,1.3446,1.3511,1.3612,1.3736,1.3801,1.3901,1.4026,1.4091,1.4191,1.432,-1.5364,1.4448,1.4577,1.4706,1.4835,1.4964,1.5095,1.5288,1.5447,1.5578,1.5771,-1.5235,1.593,1.606,1.6253,1.6447,1.664,1.6833,1.7026,1.722,-1.7839,-1.5106,-1.4952,-1.4759,-1.4623,-1.4469,-1.4276,-1.4083,-1.3914,-1.3785,-1.36,-1.7677,-1.3407,-1.3214,-1.302,-1.2827,-1.2634,-1.2441,-1.2248,-1.2054,-1.1861,-1.1668,-1.7548,-1.1475,-1.1282,-1.1088,-1.0895,-1.0702,-1.0509,-1.0316,-1.0176,-1.0026,-0.9833,-1.7356,-0.96398,-0.94466,-0.92534,-0.90602,-0.8867,-0.86738,-0.85329,-0.83843,-0.81911,-0.80497,-1.7194,-0.79209,-0.77921,-0.76633,-0.75534,-0.7489,-0.74246,-0.73602,-0.72958,-0.72314,-0.7185,-1.7065,-0.7185,-0.72348,-0.72818,-0.72818,-0.73312,-0.74125,-0.75413,-0.76212,-0.77021,-0.78309,5.0,2.0
-0.76781,-0.76781,-0.7539,-1.5745,-1.539,-1.5175,-1.482,-1.4465,-1.4111,-1.3756,-1.3401,-1.3047,-1.2692,-0.7539,-1.2337,-1.1983,-1.1628,-1.1134,-1.078,-1.0425,-1.007,-0.97157,-0.9361,-0.90064,-0.7539,-0.87908,-0.84361,-0.8158,-0.78659,-0.75251,-0.72956,-0.6941,-0.6715,-0.63986,-0.62212,-0.7539,-0.59396,-0.5724,-0.54111,-0.51538,-0.49173,-0.47226,-0.44236,-0.42463,-0.39368,-0.37525,-0.7539,-0.35752,-0.33979,-0.32205,-0.30432,-0.28659,-0.26885,-0.25112,-0.2393,-0.22956,-0.22539,-0.75217,-0.20801,-0.19027,-0.17254,-0.15481,-0.13707,-0.11934,-0.10161,-0.083876,-0.059884,-0.034501,-0.74,-0.016768,0.004789,0.032606,0.050339,0.08198,0.099713,0.12649,0.14909,0.1696,0.19846,-0.74,0.21619,0.23427,0.26557,0.2833,0.30103,0.33268,0.35041,0.36814,0.39909,0.41752,-0.74,0.43525,0.46376,0.48462,0.50236,0.52009,0.53782,0.55555,0.57329,0.59102,0.60875,-0.74,0.62996,0.65813,0.67586,0.69464,0.72523,0.74297,0.7607,0.79234,0.81007,0.82781,-0.76781,-0.74,0.84554,0.86327,0.88101,0.88727,0.90256,0.9203,0.92899,0.94186,0.94568,0.95681,-0.74,0.96724,0.97106,0.98462,0.99262,0.99853,1.0124,1.018,1.0263,1.0396,1.0434,-0.74,1.0611,1.0681,1.0827,1.0959,1.1042,1.122,1.1258,1.1435,1.1515,1.1651,-0.74452,1.1793,1.1866,1.2044,1.2221,1.235,1.2437,1.2489,1.2628,1.269,1.2767,-0.7539,1.2906,1.2944,1.3045,1.316,1.3198,1.3323,1.3323,1.3452,1.349,1.3668,-0.7539,1.3741,1.3883,1.406,1.4158,1.4276,1.4314,1.4436,1.453,1.4575,1.4714,-0.7539,1.4784,1.4853,1.4992,1.5037,1.5215,1.5392,1.543,1.5608,1.559,1.5413,-0.7539,1.5375,1.527,1.5159,1.5121,1.4944,1.4766,1.4589,1.4551,1.4373,1.4196,-0.7539,1.3741,1.3563,1.3386,1.3094,1.2864,1.2437,1.2169,1.1943,1.1571,1.1105,-0.76746,1.0855,1.0538,1.0319,0.99645,0.9728,0.95507,0.93177,0.90569,0.87475,0.85945,-0.76781,-0.76781,0.85249,0.83476,0.81564,0.77148,0.75375,0.73601,0.71828,0.68873,0.655,0.63727,-0.76781,0.61953,0.5945,0.57016,0.55243,0.53469,0.51696,0.48671,0.46759,0.44985,0.43212,-0.75669,0.41439,0.40048,0.39283,0.38657,0.37127,0.35875,0.34971,0.33198,0.31425,0.29651,-0.7539,0.27878,0.27461,0.24749,0.23949,0.22176,0.20576,0.19464,0.16856,0.15083,0.15013,-0.7539,0.15013,0.15013,0.15013,0.15013,0.15013,0.15013,0.15013,0.15013,0.15013,0.15013,-0.7539,0.15013,0.15013,0.15013,0.14909,0.13622,0.13622,0.13622,0.13622,0.13622,0.13622,-0.74139,0.12231,0.12231,0.12231,0.12231,0.12231,0.12231,0.12231,0.12231,0.12231,0.12231,-0.74,0.12231,0.12231,0.12231,0.12231,0.12231,0.12405,0.13622,0.13622,0.13622,0.13935,-0.74,0.15013,0.15013,0.15013,0.15013,0.15013,0.15013,0.16404,0.16404,0.16404,0.16404,-0.74,0.16404,0.16404,0.16404,0.17795,0.17795,0.17795,0.17795,0.16404,-0.76781,-0.74,-0.74,-0.74,-0.75147,-0.87908,-0.88429,-0.93819,-0.97539,-0.99313,-1.0373,-0.7626,-1.0842,-1.1576,-1.1753,-1.225,-1.2664,-1.2842,-1.3297,-1.3892,-1.4069,-1.4757,-0.7539,-1.5536,-1.5992,-1.6162,-1.6388,-1.6941,-1.7118,-1.7852,-1.8266,-1.8763,-1.8805,-0.7539,-1.9118,-1.9931,-2.0307,-2.0978,-2.0286,-2.0109,-2.0056,-1.9893,-1.9778,-1.9677,-0.7539,-1.95,-1.9361,-1.9285,-1.9107,-1.893,-1.8753,-1.8575,-1.8398,-1.8221,-1.8043,-0.7539,-1.7866,-1.7689,-1.7511,-1.7334,-1.7157,-1.6979,-1.6746,-1.6485,-1.6308,-1.5992,4.0,2.0
-2.4035,-2.0954,-1.6128,-0.72309,-0.70668,-0.69812,-0.68956,-0.681,-0.67244,-0.66388,-0.65532,-0.64676,-0.63821,-1.5871,-0.62965,-0.62886,-0.62823,-0.61967,-0.61111,-0.60255,-0.59745,-0.59745,-0.59258,-0.58402,-1.5784,-0.58175,-0.58175,-0.57405,-0.56604,-0.56604,-0.56408,-0.55552,-0.55033,-0.55033,-0.55033,-1.5685,-0.55033,-0.54413,-0.53557,-0.53463,-0.53463,-0.53463,-0.53275,-0.52419,-0.51892,-0.51892,-1.5514,-0.51421,-0.50565,-0.50322,-0.50322,-0.49568,-0.48751,-0.48751,-0.48571,-0.47715,-0.46859,-1.537,-0.46003,-0.45147,-0.44291,-0.43435,-0.42579,-0.41723,-0.40867,-0.40012,-0.39156,-0.383,-1.5284,-0.37444,-0.36588,-0.35276,-0.33565,-0.31853,-0.30141,-0.28429,-0.26717,-0.25005,-0.23293,-1.5199,-0.21582,-0.1987,-0.18158,-0.16446,-0.14734,-0.13022,-0.1131,-0.095986,-0.078867,-0.061749,-1.5113,-0.04463,-0.027511,-0.010393,0.006726,0.023844,0.040963,0.058082,0.0752,0.092319,0.10936,-1.5083,0.11792,0.12797,0.14509,0.1593,0.16786,0.17642,0.18498,0.19354,0.2021,0.21066,-1.8325,-1.5083,0.21922,0.22778,0.23633,0.24489,0.25063,0.25063,0.25487,0.26343,0.26633,0.26633,-1.5083,0.2734,0.28196,0.28204,0.28337,0.29193,0.29774,0.29774,0.29774,0.29774,0.30332,-1.5083,0.31188,0.31345,0.31345,0.31345,0.31345,0.31345,0.31345,0.31345,0.31345,0.31345,-1.5083,0.31894,0.3275,0.32915,0.32915,0.32915,0.32915,0.32915,0.33174,0.3403,0.34486,-1.5071,0.34486,0.35028,0.35883,0.36056,0.36056,0.36881,0.37627,0.37627,0.37878,0.38734,-1.4985,0.3959,0.40446,0.41302,0.42158,0.43014,0.4387,0.43909,0.44011,0.44867,0.45723,-1.4926,0.46579,0.47435,0.48291,0.49146,0.50002,0.50858,0.51714,0.53379,0.54997,0.55853,-1.4926,0.56708,0.57564,0.58797,0.60509,0.61703,0.62559,0.64074,0.65786,0.67498,0.69123,-1.4926,0.69979,0.71063,0.72775,0.74118,0.74974,0.7634,0.78052,0.79764,0.81475,0.83187,-1.4926,0.84821,0.85677,0.86752,0.88464,0.90176,0.91888,0.936,0.95312,0.9638,0.97236,-1.7983,-1.4926,0.98877,1.0052,1.0137,1.0244,1.0415,1.0551,1.0637,1.0722,1.0808,1.0894,-1.4926,1.0979,1.1065,1.1144,1.1144,1.1164,1.125,1.1336,1.1421,1.1458,1.1458,-1.4857,1.1521,1.1607,1.1615,1.1615,1.1615,1.1635,1.172,1.1772,1.1772,1.1772,-1.4772,1.1772,1.1772,1.1772,1.1848,1.1929,1.1929,1.1929,1.1929,1.1929,1.1929,-1.4769,1.1929,1.1929,1.1929,1.1929,1.1929,1.1929,1.1929,1.1929,1.1929,1.1929,-1.4769,1.1929,1.1929,1.1929,1.1929,1.1929,1.1929,1.1929,1.1929,1.1929,1.1929,-1.4769,1.1961,1.2046,1.2132,1.2218,1.2303,1.2389,1.2474,1.256,1.2645,1.2731,-1.4769,1.2817,1.2933,1.3104,1.3231,1.3316,1.3461,1.3632,1.3803,1.3974,1.4145,-1.4769,1.4317,1.4488,1.4659,1.483,1.5001,1.5172,1.5344,1.5515,1.5686,1.5857,-1.4729,1.6028,1.6185,1.627,1.6385,1.6556,1.6684,1.677,1.6855,-1.764,-1.4644,-1.4612,-1.4612,-1.4612,-1.4612,-1.453,-1.4455,-1.4455,-1.4455,-1.4455,-1.7298,-1.4416,-1.433,-1.4298,-1.4298,-1.4231,-1.4145,-1.4059,-1.3974,-1.3888,-1.3803,-1.6998,-1.3717,-1.367,-1.367,-1.3617,-1.3532,-1.3446,-1.3361,-1.3194,-1.3023,-1.2852,-1.6741,-1.2681,-1.2509,-1.2338,-1.2167,-1.1996,-1.1825,-1.1653,-1.1482,-1.1231,-1.0983,-1.6541,-1.0812,-1.0618,-1.0361,-1.0141,-0.99699,-0.97987,-0.96275,-0.93912,-0.91344,-0.89569,-1.637,-0.87857,-0.86145,-0.84433,-0.82722,-0.8101,-0.79298,-0.77586,-0.75874,-0.74806,-0.7395,3.0,2.0
-2.3226,-2.1173,-1.7924,-1.1285,-1.1285,-1.127,-1.1184,-1.1099,-1.1013,-1.0928,-1.0842,-1.0726,-1.0555,-1.7667,-1.0384,-1.0018,-0.94196,-0.91631,-0.89066,-0.86501,-0.83935,-0.8137,-0.78649,-0.75229,-1.7442,-0.7243,-0.69865,-0.673,-0.64735,-0.61858,-0.58438,-0.55795,-0.5323,-0.50664,-0.48099,-1.7271,-0.45534,-0.42968,-0.40403,-0.37838,-0.35428,-0.33718,-0.32008,-0.30297,-0.28587,-0.26877,-1.7178,-0.25167,-0.23457,-0.22524,-0.2128,-0.1957,-0.1957,-0.19104,-0.18248,-0.17393,-0.17082,-1.7053,-0.17082,-0.17082,-0.17082,-0.17316,-0.18171,-0.18326,-0.18637,-0.19492,-0.20347,-0.21591,-1.6882,-0.23301,-0.24156,-0.25478,-0.2711,-0.27965,-0.29365,-0.30919,-0.31774,-0.3263,-0.33485,-1.6797,-0.3434,-0.35894,-0.36983,-0.36983,-0.36983,-0.36594,-0.35739,-0.35739,-0.35273,-0.34417,-1.6665,-0.33562,-0.32707,-0.30453,-0.21902,-0.18326,-0.16383,-0.13817,-0.11952,-0.099307,-0.073654,-1.6501,-0.048001,-0.026235,-0.009133,0.01652,0.042173,0.067826,0.093478,0.11369,0.13235,0.158,-2.0101,-1.6416,0.18365,0.20697,0.22407,0.24817,0.27072,0.28782,0.30492,0.32591,0.35156,0.36866,-1.633,0.38577,0.40287,0.41997,0.43707,0.45417,0.47128,0.48838,0.50315,0.5117,0.52724,-1.6245,0.54124,0.54979,0.55834,0.56689,0.57544,0.58399,0.58788,0.58866,0.59721,0.60032,-1.6159,0.60187,0.61042,0.61275,0.61275,0.61275,0.61275,0.61275,0.61275,0.61275,0.60887,-1.6074,0.60032,0.60032,0.59565,0.58788,0.58788,0.58244,0.57389,0.56534,0.55678,0.54823,-1.6035,0.53968,0.53113,0.52258,0.51403,0.50548,0.50081,0.50081,0.49226,0.48371,0.47205,-1.612,0.4293,0.40831,0.40131,0.40131,0.40131,0.40131,0.40131,0.40831,0.41375,0.41375,-1.6136,0.42152,0.43008,0.43863,0.43863,0.44329,0.45184,0.46039,0.50159,0.55212,0.56067,-1.6136,0.57544,0.59021,0.59876,0.60731,0.61897,0.63608,0.6454,0.65784,0.67494,0.69205,-1.6136,0.70448,0.71381,0.73091,0.74257,0.75268,0.76978,0.78066,0.79155,0.80865,0.81875,-1.9836,-1.5981,0.83042,0.84752,0.86462,0.87783,0.88639,0.90349,0.91592,0.92525,0.94235,0.95402,-1.5848,0.96412,0.98122,0.99211,1.0007,1.0092,1.0178,1.0263,1.0349,1.0512,1.0644,-1.5763,1.073,1.0815,1.0901,1.0994,1.1165,1.1281,1.1367,1.1452,1.1538,1.1623,-1.5677,1.1709,1.1794,1.1849,1.1849,1.1927,1.2012,1.2098,1.2098,1.2144,1.2222,-1.5545,1.2222,1.2276,1.2346,1.2346,1.2409,1.2471,1.2471,1.2471,1.2471,1.2471,-1.5374,1.2471,1.2471,1.2471,1.2471,1.2471,1.2471,1.2471,1.2471,1.2471,1.2471,-1.5203,1.2471,1.2447,1.2362,1.2346,1.2378,1.2463,1.2549,1.2634,1.272,1.2805,-1.5032,1.2891,1.2976,1.3062,1.3202,1.3357,1.3442,1.3528,1.3637,1.3808,1.3909,-1.4877,1.4026,1.4197,1.4368,1.4539,1.471,1.4795,1.4927,1.5098,1.5269,1.5386,-1.4791,1.5471,1.5557,1.5642,1.5728,1.5813,1.5899,1.5984,1.607,-1.9494,-1.4643,-1.4472,-1.4301,-1.413,-1.3959,-1.3788,-1.3617,-1.3407,-1.3151,-1.298,-1.9207,-1.2762,-1.2506,-1.2249,-1.1993,-1.1736,-1.148,-1.1223,-1.099,-1.0819,-1.0578,-1.895,-1.0321,-1.0065,-0.98861,-0.9715,-0.9544,-0.9373,-0.9202,-0.90387,-0.89532,-0.88133,-1.8694,-0.86734,-0.86734,-0.86112,-0.8549,-0.8549,-0.8549,-0.8549,-0.8549,-0.86267,-0.87122,-1.8437,-0.87978,-0.88833,-0.89688,-0.90621,-0.92331,-0.93497,-0.94507,-0.96218,-0.97306,-0.98394,-1.818,-1.001,-1.0181,-1.0321,-1.0407,-1.057,-1.0702,-1.0788,-1.0959,-1.113,-1.1285,5.0,2.0
-0.54005,-0.59945,-0.63238,-1.9559,-1.9191,-1.8811,-1.8453,-1.8008,-1.7562,-1.7117,-1.671,-1.638,-1.5934,-0.63238,-1.5489,-1.5043,-1.461,-1.4299,-1.3706,-1.3261,-1.2815,-1.237,-1.179,-1.1325,-0.63238,-1.0879,-1.0316,-0.98343,-0.94957,-0.90971,-0.87478,-0.84507,-0.81537,-0.78567,-0.75597,-0.63238,-0.72626,-0.70295,-0.68225,-0.65255,-0.62284,-0.59737,-0.57883,-0.55228,-0.53743,-0.52258,-0.62454,-0.50773,-0.49288,-0.47802,-0.46317,-0.4631,-0.44886,-0.44771,-0.43455,-0.4197,-0.40485,-0.617,-0.40154,-0.39053,-0.38615,-0.37622,-0.36137,-0.34652,-0.33167,-0.31682,-0.30196,-0.28711,-0.61022,-0.27226,-0.25741,-0.24256,-0.22771,-0.20886,-0.18262,-0.16484,-0.13752,-0.12082,-0.091122,-0.60161,-0.062189,-0.047107,-0.017405,0.012298,0.042,0.058236,0.086015,0.11572,0.14542,0.17512,-0.59591,0.20483,0.23453,0.26423,0.29393,0.31502,0.33795,0.36765,0.39735,0.42059,0.44137,-0.58622,0.47107,0.49592,0.51509,0.54479,0.57126,0.5888,0.61851,0.64821,0.67791,0.70707,-0.58729,-0.5816,0.72193,0.75163,0.78133,0.81103,0.8275,0.85505,0.88475,0.91445,0.94416,0.97386,-0.57083,1.0036,1.0333,1.063,1.0927,1.1224,1.1521,1.1818,1.2115,1.2412,1.2709,-0.57083,1.3006,1.3303,1.36,1.3867,1.404,1.4337,1.4634,1.4923,1.5074,1.5371,-0.56782,1.5522,1.5671,1.5955,1.6122,1.627,1.6419,1.6567,1.6716,1.6864,1.6915,-0.55544,1.7007,1.7156,1.7304,1.7377,1.7447,1.7596,1.7744,1.7838,1.7888,1.7992,-0.55544,1.7992,1.7992,1.7964,1.7838,1.7821,1.7673,1.7524,1.7376,1.7227,1.7079,-0.55544,1.6792,1.6495,1.607,1.5747,1.5333,1.4999,1.4702,1.4304,1.3954,1.3567,-0.55544,1.3206,1.2909,1.2612,1.2246,1.1864,1.1567,1.1218,1.0819,1.048,1.0071,-0.55544,0.9774,0.94516,0.9026,0.8729,0.8432,0.8135,0.78379,0.75409,0.73855,0.71008,-0.55544,0.68037,0.66321,0.64836,0.62205,0.60327,0.57803,0.55818,0.54333,0.52847,0.50539,-0.58622,-0.54082,0.48338,0.46853,0.45368,0.43883,0.42398,0.40913,0.39427,0.37942,0.36457,0.35257,-0.54005,0.35026,0.33541,0.32056,0.3064,0.30624,0.29139,0.27654,0.26169,0.26023,0.24738,-0.54005,0.24484,0.24484,0.24484,0.23414,0.22945,0.22945,0.22037,0.21406,0.21406,0.2066,-0.52704,0.19867,0.19867,0.19282,0.18328,0.18328,0.18328,0.18328,0.18328,0.18328,0.18328,-0.52466,0.18328,0.18328,0.18282,0.16797,0.16789,0.16789,0.16789,0.16789,0.16789,0.16789,-0.51273,0.17943,0.18328,0.19374,0.19867,0.19867,0.19867,0.20698,0.21406,0.21406,0.21406,-0.50927,0.2079,0.19867,0.19867,0.19413,0.18328,0.18328,0.18328,0.18566,0.19867,0.19867,-0.49842,0.19944,0.21406,0.21406,0.21406,0.21406,0.21406,0.21406,0.21406,0.21406,0.20275,-0.49388,0.19867,0.19867,0.19867,0.19867,0.19867,0.19867,0.20621,0.21406,0.21406,0.21406,-0.49388,0.21945,0.22945,0.22945,0.22945,0.22945,0.22945,0.22945,0.23106,-0.58622,-0.49388,-0.50257,-0.50927,-0.51688,-0.53174,-0.54005,-0.54005,-0.54005,-0.54005,-0.54005,-0.58622,-0.55159,-0.58622,-0.58899,-0.60384,-0.61869,-0.63816,-0.71118,-0.75558,-0.77043,-0.79967,-0.59837,-0.85708,-0.87655,-0.94249,-0.98004,-1.0097,-1.0394,-1.1116,-1.1604,-1.2378,-1.3058,-0.61322,-1.3503,-1.387,-1.4462,-1.5148,-1.5719,-1.6347,-1.674,-1.7178,-1.7837,-1.8246,-0.617,-1.8543,-1.8942,-1.9833,-2.071,-2.1406,-2.141,-2.1558,-2.1854,-2.1726,-2.1714,-0.62754,-2.1583,-2.1434,-2.1286,-2.1137,-2.0989,-2.084,-2.0692,-2.045,-2.0153,-1.9856,4.0,2.0
1.9743,1.8181,1.4777,-0.38666,-0.4192,-0.45173,-0.48333,-0.50936,-0.54203,-0.58107,-0.6144,-0.64693,-0.67946,1.4386,-0.71199,-0.74453,-0.77706,-0.81185,-0.85089,-0.88528,-0.91781,-0.95035,-0.98288,-1.0154,1.3996,-1.0479,-1.0817,-1.1207,-1.1562,-1.1887,-1.2212,-1.2519,-1.2779,-1.3082,-1.3406,1.3606,-1.3666,-1.3927,-1.4187,-1.4447,-1.4699,-1.4895,-1.509,-1.5285,-1.5424,-1.5555,1.3215,-1.5685,-1.5776,-1.5841,-1.5906,-1.5972,-1.6037,-1.6011,-1.595,-1.595,-1.5922,1.2825,-1.5857,-1.5792,-1.5717,-1.5586,-1.5491,-1.5426,-1.5302,-1.5172,-1.5042,-1.4912,1.2434,-1.4782,-1.4652,-1.4522,-1.4391,-1.4261,-1.4138,-1.4073,-1.3977,-1.3847,-1.3717,1.2,-1.3587,-1.3457,-1.3326,-1.3196,-1.3066,-1.2936,-1.2806,-1.2676,-1.2546,-1.2416,1.1547,-1.2285,-1.2155,-1.2025,-1.1895,-1.1765,-1.1635,-1.1505,-1.1374,-1.1244,-1.1114,1.1157,-1.0984,-1.0854,-1.0788,-1.07,-1.057,-1.044,-1.0309,-1.0179,-1.0078,-1.0013,1.7122,1.0793,-0.98952,-0.97651,-0.96349,-0.95407,-0.94756,-0.93508,-0.92206,-0.90905,-0.90029,-0.89365,1.0468,-0.88063,-0.86762,-0.85461,-0.84159,-0.82938,-0.82287,-0.81318,-0.80016,-0.78715,-0.77414,1.0142,-0.76113,-0.75196,-0.74546,-0.73271,-0.7197,-0.70668,-0.69818,-0.69128,-0.67827,-0.66804,0.98171,-0.66153,-0.64985,-0.6379,-0.63139,-0.62489,-0.61838,-0.61187,-0.60537,-0.59886,-0.59235,0.94918,-0.58585,-0.57934,-0.57283,-0.56633,-0.55982,-0.55331,-0.54681,-0.5403,-0.53379,-0.52729,0.91664,-0.52078,-0.51427,-0.50777,-0.50126,-0.48865,-0.47762,-0.47112,-0.46023,-0.44722,-0.4342,0.88411,-0.42119,-0.40818,-0.39516,-0.38122,-0.3617,-0.34218,-0.32266,-0.30314,-0.28362,-0.2641,0.84016,-0.2406,-0.21457,-0.19492,-0.17314,-0.14712,-0.12109,-0.095063,-0.069037,-0.043011,-0.016984,0.80099,0.009042,0.035068,0.061095,0.087121,0.11315,0.1332,0.15272,0.17224,0.19601,0.2219,0.78147,0.24142,0.26094,0.28046,0.29998,0.3187,0.33172,0.34792,0.36744,0.38696,0.40501,1.6927,0.75,0.41803,0.43104,0.44405,0.46331,0.4807,0.49372,0.50221,0.50912,0.52213,0.53515,0.71096,0.54816,0.55599,0.5625,0.56901,0.57551,0.58202,0.58853,0.59503,0.60154,0.60805,0.69741,0.61455,0.62106,0.62757,0.63407,0.64058,0.64642,0.64642,0.64948,0.65598,0.66249,0.68214,0.669,0.6755,0.68201,0.68852,0.69502,0.70153,0.70804,0.71892,0.73167,0.73818,0.66262,0.75,0.76952,0.78399,0.79793,0.81745,0.83697,0.85649,0.87601,0.89712,0.92315,0.6524,0.94519,0.96471,0.99698,1.0273,1.0533,1.0793,1.1059,1.1384,1.1709,1.2035,0.6427,1.236,1.2685,1.3011,1.3336,1.3661,1.3987,1.4293,1.4554,1.4856,1.518,0.59716,1.5441,1.5701,1.5961,1.6221,1.6474,1.6669,1.6896,1.7156,1.7361,1.7541,0.57206,1.7671,1.784,1.8035,1.8168,1.8298,1.8428,1.8558,1.8685,1.875,1.8815,0.57206,1.888,1.8945,1.901,1.9075,1.914,1.9205,1.927,1.9335,1.6684,0.56675,0.55666,0.53063,0.51536,0.50885,0.50235,0.49584,0.48933,0.48283,0.47579,1.6417,0.44326,0.42082,0.41431,0.40289,0.39067,0.38417,0.37129,0.35177,0.33782,0.32627,1.6091,0.31976,0.30556,0.28604,0.279,0.27037,0.25735,0.24886,0.24235,0.23584,0.22376,1.5766,0.20424,0.19508,0.18645,0.16693,0.15776,0.15776,0.15192,0.14714,0.14714,0.11421,1.5441,0.062157,0.049144,0.03135,0.005324,-0.011142,-0.024819,-0.044339,-0.063858,-0.083378,-0.1029,1.5115,-0.12242,-0.14194,-0.16518,-0.1912,-0.21723,-0.24325,-0.26928,-0.29969,-0.33196,-0.35798,1.0,2.0
1.9026,1.8138,1.4692,-0.70728,-0.74163,-0.77709,-0.80669,-0.84202,-0.8765,-0.9061,-0.94241,-0.97941,-1.0161,1.4248,-1.0457,-1.0798,-1.1155,-1.1451,-1.1747,-1.2066,-1.2436,-1.2741,-1.3037,-1.3333,1.3804,-1.3629,-1.3925,-1.4211,-1.4433,-1.4655,-1.4877,-1.5099,-1.5321,-1.5543,-1.5765,1.336,-1.5987,-1.617,-1.6318,-1.6466,-1.6614,-1.6745,-1.6819,-1.6952,-1.7073,-1.7147,1.2916,-1.7221,-1.7221,-1.7152,-1.7152,-1.7105,-1.7031,-1.6957,-1.694,-1.6915,-1.6841,1.2472,-1.6767,-1.6693,-1.6617,-1.6469,-1.6365,-1.6291,-1.6217,-1.6089,-1.5941,-1.5793,1.2028,-1.5709,-1.5603,-1.5455,-1.5307,-1.5159,-1.5011,-1.4863,-1.4664,-1.4461,-1.4313,1.1584,-1.4165,-1.3988,-1.3766,-1.3544,-1.3361,-1.3206,-1.2984,-1.2762,-1.2524,-1.2228,1.1199,-1.199,-1.1768,-1.1546,-1.1324,-1.1066,-1.0774,-1.0552,-1.0284,-1.0002,-0.97801,1.0802,-0.95024,-0.92064,-0.89104,-0.86799,-0.84245,-0.81298,-0.79078,-0.76426,-0.73577,-0.71357,1.7585,1.0358,-0.69137,-0.66707,-0.63747,-0.61416,-0.59196,-0.56976,-0.54756,-0.52942,-0.51377,-0.49157,0.9983,-0.47441,-0.45961,-0.44481,-0.43603,-0.42582,-0.41102,-0.40322,-0.39203,-0.37781,-0.37041,0.96496,-0.36301,-0.35561,-0.34821,-0.34081,-0.33341,-0.32601,-0.32535,-0.32182,-0.31442,-0.30702,0.93491,-0.30413,-0.30283,-0.29543,-0.29352,-0.29124,-0.28384,-0.28291,-0.28291,-0.28286,-0.27546,0.89791,-0.2723,-0.2723,-0.2723,-0.26708,-0.25968,-0.25228,-0.24488,-0.23748,-0.23008,-0.22268,0.86555,-0.21528,-0.20711,-0.19231,-0.17751,-0.16446,-0.15706,-0.14372,-0.12892,-0.11412,-0.092393,0.83595,-0.073907,-0.059107,-0.044307,-0.029507,-0.014707,9.3e-05,0.014894,0.029694,0.044494,0.059294,0.80635,0.070646,0.078284,0.093084,0.10788,0.12146,0.12886,0.14168,0.15648,0.17128,0.17968,0.7655,0.18708,0.19448,0.20926,0.21989,0.22729,0.23469,0.24724,0.2601,0.2675,0.2749,0.73076,0.2823,0.2897,0.2971,0.3045,0.3119,0.3193,0.3267,0.33243,0.33243,0.33829,1.7289,0.71596,0.34569,0.35309,0.36049,0.36789,0.37529,0.38269,0.39009,0.39749,0.40489,0.41229,0.70116,0.42208,0.43688,0.4451,0.4525,0.4599,0.4673,0.4747,0.48324,0.49804,0.50751,0.67617,0.51491,0.52231,0.53602,0.54772,0.55512,0.56982,0.58462,0.59942,0.61422,0.62902,0.63992,0.64382,0.65862,0.67342,0.69105,0.71325,0.72842,0.74704,0.76924,0.79144,0.81364,0.63252,0.83584,0.85804,0.88024,0.90502,0.93462,0.95745,0.98321,1.0128,1.0424,1.0675,0.60761,1.091,1.1206,1.1447,1.1692,1.1988,1.2284,1.2547,1.2769,1.2991,1.3256,0.57528,1.3541,1.3763,1.3985,1.4207,1.4429,1.4651,1.4873,1.5095,1.5245,1.5433,0.56788,1.5647,1.5795,1.5943,1.6091,1.6239,1.6327,1.6429,1.6577,1.6655,1.6767,0.54441,1.691,1.6984,1.7058,1.7132,1.7206,1.728,1.7354,1.7428,1.7502,1.7576,0.51266,1.765,1.7724,1.7798,1.7872,1.7946,1.802,1.8094,1.8168,1.6993,0.47566,0.45767,0.43036,0.38596,0.37084,0.35604,0.34124,0.32644,0.30145,0.27373,1.6646,0.25153,0.23541,0.22061,0.20581,0.19101,0.16852,0.14083,0.13343,0.1212,0.10478,1.6276,0.082581,0.071998,0.064598,0.057198,0.043008,0.03537,0.03537,0.03537,-0.001127,-0.050858,1.5906,-0.058258,-0.065658,-0.073058,-0.080458,-0.094383,-0.10918,-0.12398,-0.13878,-0.15358,-0.16838,1.5536,-0.18318,-0.19798,-0.21485,-0.23705,-0.25925,-0.28145,-0.30365,-0.32585,-0.35208,-0.38086,1.5136,-0.40306,-0.43027,-0.45987,-0.48947,-0.51907,-0.54867,-0.57827,-0.60787,-0.64124,-0.67768,1.0,2.0
-2.0549,-1.8436,-1.6558,-0.85768,-0.84712,-0.84594,-0.83773,-0.83421,-0.82834,-0.81777,-0.81073,-0.80838,-0.79899,-1.6347,-0.79899,-0.78843,-0.77787,-0.7673,-0.75674,-0.75204,-0.74735,-0.74031,-0.73796,-0.72857,-1.623,-0.72857,-0.71801,-0.70744,-0.70509,-0.69805,-0.68749,-0.67692,-0.66636,-0.6558,-0.64523,-1.6124,-0.63467,-0.62411,-0.60415,-0.59124,-0.58068,-0.57011,-0.55955,-0.54899,-0.53842,-0.52786,-1.5948,-0.5173,-0.50673,-0.49617,-0.4856,-0.47504,-0.45861,-0.44218,-0.43161,-0.42105,-0.41048,-1.5795,-0.39992,-0.38936,-0.3694,-0.36471,-0.35767,-0.3471,-0.33654,-0.32597,-0.31776,-0.31658,-1.569,-0.30602,-0.29546,-0.28489,-0.27433,-0.26377,-0.25907,-0.25438,-0.24733,-0.24499,-0.23442,-1.5584,-0.22386,-0.22386,-0.21447,-0.2039,-0.20038,-0.19451,-0.18395,-0.17339,-0.16517,-0.164,-1.5478,-0.15343,-0.14287,-0.13231,-0.12174,-0.11118,-0.10061,-0.090051,-0.079487,-0.068924,-0.05836,-1.5373,-0.047796,-0.037233,-0.026669,-0.016105,-0.005541,0.010891,0.022629,0.02615,0.036714,0.047277,-1.8108,-1.5267,0.057841,0.068405,0.078968,0.089532,0.093053,0.098922,0.10949,0.12005,0.12827,0.12944,-1.5162,0.14,0.15057,0.16113,0.16348,0.17052,0.18108,0.19165,0.20221,0.21043,0.2116,-1.5056,0.22217,0.23273,0.2339,0.24212,0.25268,0.25738,0.26207,0.27264,0.28085,0.28203,-1.495,0.29259,0.30315,0.31372,0.31607,0.32311,0.33367,0.34424,0.35128,0.35363,0.36419,-1.4845,0.37475,0.38532,0.39588,0.40644,0.40997,0.4217,0.43813,0.4487,0.45926,0.46983,-1.4739,0.48039,0.49095,0.50152,0.51208,0.52264,0.53321,0.54377,0.55434,0.56255,0.56373,-1.468,0.57429,0.57429,0.58368,0.58603,0.59307,0.59776,0.60246,0.6095,0.6095,0.61068,-1.468,0.62124,0.62124,0.63063,0.63298,0.64002,0.64471,0.64941,0.65997,0.66819,0.66936,-1.468,0.67993,0.69049,0.69166,0.69988,0.71044,0.72101,0.72688,0.7304,0.74096,0.7527,-1.468,0.77383,0.78439,0.79495,0.80552,0.81608,0.82665,0.83721,0.84777,0.85834,0.86773,-1.792,-1.468,0.86773,0.87829,0.88885,0.89942,0.90294,0.90881,0.91468,0.9182,0.92641,0.92759,-1.4575,0.93815,0.93815,0.94754,0.9581,0.96163,0.96749,0.97336,0.97688,0.98745,0.99684,-1.4563,0.99684,1.0074,1.0086,1.0168,1.0274,1.0321,1.0321,1.0356,1.0438,1.045,-1.4563,1.0555,1.0661,1.0767,1.0872,1.0978,1.1083,1.1189,1.1295,1.14,1.1506,-1.4493,1.1612,1.1717,1.1823,1.1929,1.1964,1.2022,1.2128,1.2199,1.2222,1.2316,-1.4446,1.2316,1.2422,1.2527,1.2551,1.2621,1.2727,1.2785,1.2821,1.2903,1.2914,-1.4399,1.302,1.3126,1.3138,1.322,1.3325,1.3431,1.3537,1.3642,1.3748,1.3853,-1.4293,1.3959,1.417,1.4382,1.4593,1.4804,1.5015,1.5227,1.5438,1.5673,1.5978,-1.4187,1.6189,1.6401,1.6706,1.694,1.7222,1.748,1.7739,1.802,1.8255,1.856,-1.4082,1.8771,1.8983,1.91,1.9288,1.9429,1.9534,1.964,1.9746,-1.7709,-1.3976,-1.387,-1.3765,-1.3659,-1.3483,-1.333,-1.3225,-1.3119,-1.3014,-1.2908,-1.7497,-1.2802,-1.2697,-1.2591,-1.2485,-1.238,-1.2274,-1.2168,-1.2063,-1.1957,-1.1852,-1.7286,-1.1746,-1.164,-1.1535,-1.1429,-1.1323,-1.1218,-1.1112,-1.1006,-1.0901,-1.0807,-1.711,-1.0807,-1.0701,-1.0596,-1.0572,-1.0502,-1.0396,-1.0337,-1.0302,-1.0197,-1.0091,-1.6981,-0.99853,-0.99853,-0.98914,-0.97858,-0.96801,-0.96332,-0.95862,-0.94806,-0.9375,-0.92811,-1.677,-0.92811,-0.91754,-0.90698,-0.90463,-0.89759,-0.89289,-0.8882,-0.87764,-0.86942,-0.86825,3.0,2.0
0.81091,0.5386,-0.032848,1.9331,1.9473,1.9282,1.9189,1.7995,1.6639,1.4069,1.3169,1.2319,1.1652,-0.082138,1.0851,1.0135,0.93818,0.86474,0.81971,0.74627,0.67681,0.62781,0.55437,0.50934,-0.15558,0.45863,0.39088,0.34585,0.30082,0.25579,0.18945,-0.004723,-0.049751,-0.09478,-0.1266,-0.2006,-0.15643,-0.20146,-0.24649,-0.29151,-0.33654,-0.38157,-0.4266,-0.47163,-0.51666,-0.56169,-0.24563,-0.60671,-0.65174,-0.66836,-0.71339,-0.75842,-0.80345,-0.82007,-0.8651,-0.91012,-0.95515,-0.31268,-1.0002,-1.0168,-1.0618,-1.0784,-1.0951,-1.1209,-1.1283,-1.1493,-1.1493,-1.1493,-0.35387,-1.1493,-1.1441,-1.1209,-1.1108,-1.0925,-1.0641,-1.0326,-0.98754,-0.94251,-0.89748,-0.38072,-0.82404,-0.75061,-0.68796,-0.60373,-0.53626,-0.47461,-0.38455,-0.2945,-0.20444,-0.11438,-0.42575,-0.024325,0.065732,0.16914,0.27426,0.36431,0.46076,0.57284,0.67411,0.78136,0.89983,-0.47078,1.0183,1.1292,1.2359,1.3453,1.4353,1.5801,1.6439,1.7055,1.7484,1.7886,0.48874,-0.5158,1.8336,1.8336,1.8336,1.8336,1.7859,1.7221,1.6626,1.5726,1.4825,1.3565,-0.53242,1.2456,1.1271,1.0365,0.91858,0.81233,0.65323,0.53477,0.44471,0.35465,0.2646,-0.57745,0.19443,0.1413,0.075959,-0.025888,-0.099325,-0.16211,-0.22376,-0.29123,-0.34705,-0.4097,-0.60955,-0.45472,-0.52816,-0.75728,-0.86524,-0.89052,-0.92206,-0.95217,-0.97887,-1.0073,-1.0304,-0.6391,-1.0471,-1.0641,-1.0803,-1.0925,-1.1135,-1.1209,-1.1209,-1.1209,-1.1209,-1.1209,-0.68413,-1.1138,-1.0925,-1.0806,-1.064,-1.0189,-1.0023,-0.95728,-0.94066,-0.89564,-0.85061,-0.72319,-0.80558,-0.76055,-0.74393,-0.6989,-0.65387,-0.60884,-0.56382,-0.51879,-0.47376,-0.42873,-0.74578,-0.3837,-0.31026,-0.26524,-0.20018,-0.14677,-0.076882,-0.028302,0.016726,0.079652,0.13519,-0.78001,0.20295,0.2646,0.3271,0.40053,0.47795,0.56801,0.62965,0.71971,0.80977,0.89983,-0.80742,0.98988,1.1083,1.245,1.3683,1.4922,1.639,1.7859,1.8971,1.9944,2.0845,0.39869,-0.85245,2.1603,2.2338,2.2788,2.3522,2.3734,2.4139,2.4302,2.4471,2.4535,2.4302,-0.86907,2.3422,2.1251,1.987,1.8187,1.6524,1.4409,1.2325,0.98761,0.75153,0.5815,-0.89365,0.41318,0.18803,0.048118,-0.095632,-0.57035,-0.67348,-0.74336,-0.78839,-0.83342,-0.87845,-0.93072,-0.92348,-0.9685,-0.98512,-1.0302,-1.0468,-1.0641,-1.0925,-1.0966,-1.1209,-1.1299,-0.97575,-1.1493,-1.1493,-1.1493,-1.1493,-1.1209,-1.1209,-1.1209,-1.0927,-1.0925,-1.0641,-0.99237,-1.0428,-1.0262,-1.0073,-0.97887,-0.95047,-0.93129,-0.88626,-0.84123,-0.82461,-0.78001,-1.009,-0.76296,-0.71794,-0.67291,-0.65629,-0.61126,-0.56623,-0.5212,-0.47617,-0.43114,-0.38612,-1.0357,-0.34109,-0.29606,-0.25103,-0.206,-0.16097,-0.11594,-0.070916,-0.025888,0.019141,0.064169,-1.0641,0.10068,0.12582,0.15749,0.1859,0.1859,0.1859,0.1859,0.1859,0.1859,0.16985,-1.0873,0.15749,0.13661,0.12908,0.12908,0.10068,0.10068,0.10068,0.10068,0.3467,-1.1209,-1.1209,-1.1209,-1.1493,-1.1493,-1.1493,-1.1493,-1.1209,-1.1209,-1.1209,0.27539,-1.0925,-1.0925,-1.0641,-1.0357,-1.0189,-0.9739,-0.92887,-0.89365,-0.86723,-0.83683,0.21374,-0.80558,-0.76055,-0.71552,-0.67049,-0.61296,-0.55132,-0.47859,-0.40515,-0.33796,-0.24791,0.15479,-0.15785,-0.067791,-0.006143,0.083914,0.14556,0.21076,0.29727,0.35891,0.44897,0.53903,0.090448,0.62909,0.71914,0.8092,0.87085,0.96091,1.051,1.1126,1.2027,1.2927,1.3828,0.036328,1.4544,1.5278,1.5961,1.6578,1.7197,1.7647,1.8098,1.8548,1.8998,1.9189,2.0,2.0
0.47587,0.41955,0.40103,0.5819,0.67577,0.76964,0.86351,0.95089,1.0263,1.1202,1.2011,1.2695,1.3258,0.40795,1.3821,1.4384,1.4878,1.5253,1.5629,1.6004,1.6307,1.6495,1.6683,1.6734,0.42598,1.6734,1.6721,1.6533,1.6345,1.608,1.5705,1.5329,1.4954,1.4499,1.3917,0.42598,1.3166,1.2415,1.1582,1.0664,0.9913,0.8869,0.78274,0.68656,0.57392,0.46128,0.42598,0.34864,0.23599,0.12335,0.010712,-0.10193,-0.21457,-0.32721,-0.43985,-0.5525,-0.66208,0.42598,-0.75595,-0.83416,-0.90926,-0.98435,-1.0594,-1.1186,-1.1652,-1.2028,-1.2403,-1.2779,0.42598,-1.3054,-1.3242,-1.343,-1.3618,-1.3703,-1.3703,-1.3703,-1.3703,-1.3598,-1.341,0.42598,-1.3223,-1.3035,-1.274,-1.2365,-1.1989,-1.1614,-1.1128,-1.0565,-1.0002,-0.96127,0.42598,-0.90127,-0.83123,-0.77491,-0.70094,-0.63732,-0.5757,-0.5006,-0.42551,-0.35041,-0.26977,0.41855,-0.1759,-0.10018,-0.013114,0.074954,0.15005,0.24354,0.32518,0.40633,0.5002,0.59406,0.40103,0.40103,0.67546,0.75685,0.8506,0.92569,1.0135,1.1008,1.1759,1.251,1.3261,1.3944,0.40103,1.4507,1.507,1.5634,1.6197,1.6751,1.7127,1.7502,1.7878,1.8242,1.843,0.40103,1.8617,1.8654,1.8467,1.8279,1.8091,1.7825,1.7434,1.687,1.6307,1.5744,0.40103,1.5162,1.4411,1.366,1.2826,1.1888,1.0949,1.001,0.90717,0.81093,0.69829,0.39953,0.58564,0.473,0.36298,0.26911,0.16003,0.047386,-0.065256,-0.1779,-0.29054,-0.39389,0.38076,-0.48775,-0.58162,-0.67549,-0.76936,-0.85986,-0.93495,-1.01,-1.0753,-1.1317,-1.188,0.37608,-1.2443,-1.2906,-1.3281,-1.3657,-1.4032,-1.4305,-1.4493,-1.468,-1.4868,-1.495,0.36816,-1.4907,-1.4719,-1.4531,-1.4344,-1.4156,-1.3968,-1.3608,-1.3233,-1.2809,-1.2245,0.34938,-1.1857,-1.1256,-1.0556,-0.99926,-0.94294,-0.87508,-0.79998,-0.72489,-0.64979,-0.5747,0.33061,-0.49961,-0.42451,-0.34942,-0.26228,-0.17428,-0.099185,-0.005629,0.088239,0.17599,0.25109,0.40103,0.31184,0.34489,0.43876,0.53263,0.62631,0.7014,0.7765,0.85159,0.92669,1.0018,1.0638,0.29306,1.1202,1.1765,1.2328,1.2758,1.3063,1.326,1.3635,1.3875,1.4063,1.4251,0.27429,1.4439,1.4351,1.4163,1.3975,1.3788,1.36,1.3333,1.2975,1.2787,1.2314,0.25552,1.1832,1.1437,1.0874,1.031,0.97471,0.91839,0.86207,0.79097,0.71587,0.64078,0.22215,0.56569,0.49059,0.4155,0.3404,0.26531,0.19021,0.11512,0.042957,-0.013363,-0.085214,0.1846,-0.15095,-0.20727,-0.26359,-0.31992,-0.37624,-0.43256,-0.48888,-0.52917,-0.56672,-0.60426,0.14481,-0.64181,-0.66308,-0.68185,-0.70063,-0.7194,-0.73817,-0.74659,-0.74241,-0.72364,-0.70487,0.088488,-0.68609,-0.66732,-0.64855,-0.62977,-0.62185,-0.61717,-0.5984,-0.5969,-0.5858,-0.57196,0.047012,-0.57196,-0.57196,-0.5606,-0.54701,-0.54701,-0.56478,-0.57196,-0.57196,-0.57196,-0.58998,0.000795,-0.5969,-0.5969,-0.5969,-0.61518,-0.62185,-0.62185,-0.62185,-0.62185,0.40103,-0.058021,-0.13312,-0.19312,-0.25836,-0.33071,-0.38703,-0.45869,-0.53378,-0.60888,-0.68397,0.40103,-0.74347,-0.80921,-0.88106,-0.93739,-1.0095,-1.075,-1.1313,-1.1876,-1.2439,-1.3003,0.40103,-1.3528,-1.3904,-1.4443,-1.4803,-1.503,-1.5406,-1.5615,-1.5699,-1.5741,-1.5929,0.40103,-1.578,-1.5592,-1.536,-1.4984,-1.4609,-1.4233,-1.381,-1.3247,-1.2857,-1.2258,0.40103,-1.1557,-1.0994,-1.0255,-0.95042,-0.87533,-0.80023,-0.72514,-0.63838,-0.55,-0.47491,0.40103,-0.38172,-0.28786,-0.19399,-0.10012,-0.006253,0.087615,0.18747,0.30011,0.39417,0.48803,0.0,2.0
0.48794,0.48794,0.48794,1.5317,1.5097,1.4877,1.4753,1.4685,1.4245,1.3997,1.3647,1.3207,1.2761,0.47158,1.2101,1.1441,1.0781,1.0121,0.94605,0.8603,0.77228,0.68427,0.59626,0.50825,0.45973,0.40331,0.30401,0.21149,0.10147,0.011767,-0.09035,-0.19247,-0.28217,-0.39219,-0.48471,0.45578,-0.57273,-0.66074,-0.74875,-0.81589,-0.89657,-0.97612,-1.0421,-1.1081,-1.1561,-1.2119,0.43378,-1.2723,-1.3163,-1.3603,-1.4196,-1.4675,-1.4923,-1.5363,-1.5617,-1.5837,-1.6057,0.43152,-1.6277,-1.6277,-1.6119,-1.5899,-1.5646,-1.5206,-1.4765,-1.4196,-1.3536,-1.2875,0.41798,-1.2215,-1.1555,-1.0794,-0.99135,-0.90334,-0.81532,-0.72731,-0.6393,-0.55129,-0.46327,0.39597,-0.35834,-0.24832,-0.14282,-0.054806,0.053516,0.14943,0.24534,0.35366,0.44167,0.52969,0.37397,0.6177,0.70571,0.79372,0.86086,0.92687,1.0013,1.0848,1.1288,1.1909,1.2451,0.35197,1.2891,1.3331,1.3771,1.4059,1.4369,1.4781,1.5001,1.5221,1.5441,1.5599,0.48794,0.31304,1.5599,1.5819,1.5723,1.5599,1.5565,1.5345,1.4933,1.4493,1.3985,1.3325,0.27975,1.2665,1.2005,1.1243,1.0363,0.94831,0.8603,0.75874,0.64873,0.53871,0.4287,0.25324,0.31868,0.20867,0.098651,-0.011364,-0.12138,-0.2455,-0.36962,-0.48133,-0.61335,-0.72788,0.20923,-0.84917,-0.97612,-1.0861,-1.1961,-1.2915,-1.3795,-1.4675,-1.5555,-1.6255,-1.6915,0.16522,-1.7519,-1.7959,-1.8613,-1.8969,-1.9279,-1.9691,-1.9911,-2.0131,-2.0227,-2.0227,0.10711,-2.0227,-2.0007,-1.9787,-1.9471,-1.9031,-1.8591,-1.7959,-1.7299,-1.6639,-1.5973,0.041104,-1.5093,-1.4213,-1.3231,-1.2131,-1.1031,-0.99304,-0.88303,-0.77301,-0.66299,-0.55298,-0.024905,-0.42604,-0.30474,-0.19472,-0.084708,0.025307,0.12122,0.21713,0.32545,0.41346,0.50148,-0.090914,0.58949,0.67242,0.73843,0.80444,0.88512,0.96467,1.0284,1.0724,1.1345,1.1887,-0.15692,1.2327,1.2767,1.3207,1.3494,1.3714,1.3934,1.4155,1.4375,1.4595,1.4815,0.48794,-0.23422,1.5035,1.5035,1.5035,1.4939,1.4719,1.4499,1.4279,1.3929,1.3489,1.3049,-0.31715,1.2609,1.2169,1.1627,1.0967,1.0307,0.94492,0.87045,0.80444,0.7373,0.64929,-0.38316,0.57821,0.5122,0.4507,0.40669,0.34238,0.29047,0.23857,0.17425,0.13025,0.086239,-0.47004,0.042233,-0.001773,-0.04578,-0.089786,-0.11912,-0.14113,-0.16313,-0.18513,-0.20714,-0.22914,-0.55806,-0.2455,-0.2455,-0.26694,-0.27371,-0.27371,-0.27089,-0.24888,-0.2455,-0.2455,-0.25171,-0.63761,-0.27371,-0.27371,-0.27371,-0.27371,-0.27371,-0.27371,-0.27371,-0.27371,-0.28048,-0.30192,-0.70587,-0.30192,-0.30192,-0.30192,-0.29797,-0.27597,-0.27371,-0.27371,-0.27371,-0.27371,-0.27371,-0.79388,-0.27371,-0.27371,-0.27371,-0.27371,-0.27371,-0.27371,-0.27371,-0.27371,-0.27371,-0.27371,-0.86384,-0.27371,-0.27371,-0.27371,-0.27371,-0.27371,-0.27371,-0.27371,-0.27371,-0.25566,-0.2455,-0.92985,-0.2455,-0.2455,-0.2455,-0.26073,-0.27371,-0.27653,-0.29853,-0.32054,0.48794,-0.99022,-1.0342,-1.0782,-1.1222,-1.1572,-1.1792,-1.2012,-1.2232,-1.2328,-1.239,0.48794,-1.261,-1.261,-1.2452,-1.2232,-1.2012,-1.1792,-1.1572,-1.1222,-1.0715,-1.0055,0.48794,-0.93944,-0.87343,-0.79727,-0.70926,-0.62124,-0.53323,-0.44522,-0.34987,-0.23986,-0.12984,0.48794,-0.036753,0.061979,0.16748,0.25549,0.36382,0.45973,0.54774,0.63406,0.70007,0.78357,0.48794,0.8603,0.92631,0.99231,1.0374,1.0961,1.1537,1.1977,1.2417,1.2857,1.3297,0.48794,1.3681,1.3901,1.4335,1.4623,1.4843,1.5035,1.5035,1.5221,1.5317,1.5317,0.0,2.0
0.61346,0.63487,0.41252,-0.004801,-0.17615,-0.24371,-0.30797,-0.37222,-0.43648,-0.51884,-0.60451,-0.65662,-0.69946,0.36306,-0.74229,-0.78513,-0.8421,-0.90635,-0.94499,-0.96641,-0.98783,-1.0092,-1.0307,-1.0521,0.32023,-1.0647,-1.0647,-1.0722,-1.0936,-1.1088,-1.1088,-1.104,-1.0826,-1.0611,-1.0397,0.26392,-1.0183,-0.99688,-0.97546,-0.95405,-0.93263,-0.86926,-0.805,-0.78005,-0.75863,-0.71889,0.19967,-0.67605,-0.59921,-0.51354,-0.44354,-0.37929,-0.31503,-0.25078,-0.14744,-0.018932,0.074469,0.098978,0.13872,0.20298,0.26723,0.3677,0.51763,0.63664,0.7009,0.76515,0.82941,0.91397,-0.029531,1.0639,1.1951,1.2379,1.288,1.3951,1.4989,1.5417,1.5846,1.6274,1.6702,-0.12558,1.7131,1.7559,1.7616,1.7616,1.4689,1.1048,0.51807,-0.1459,-0.40181,-0.46606,-0.18984,-0.53032,-0.59457,-0.68268,-0.78977,-0.86506,-0.9079,-0.95073,-0.99357,-1.0444,-1.1086,-0.29207,-1.1596,-1.181,-1.2025,-1.2239,-1.2493,-1.2921,-1.3296,-1.3296,-1.3296,-1.3296,0.65629,-0.442,-1.3296,-1.3296,-1.3296,-1.3095,-1.2881,-1.2479,-1.2051,-1.1797,-1.1583,-1.1208,-0.56741,-1.0779,-1.0055,-0.91982,-0.86109,-0.81825,-0.73898,-0.63189,-0.54644,-0.48218,-0.39894,-0.65309,-0.29185,-0.2011,-0.13684,-0.065743,0.01993,0.11664,0.24515,0.36108,0.42533,0.48958,-0.73192,0.55384,0.62273,0.75124,0.87909,0.94334,1.0076,1.0719,1.1361,1.2193,1.305,-0.79617,1.3554,1.3982,1.4574,1.5216,1.5709,1.6137,1.6429,1.6643,1.6857,1.7071,-0.87699,1.7175,1.7175,1.7175,1.7175,1.7175,1.7175,1.7034,1.6605,1.6234,1.602,-1.0055,1.5718,1.5075,1.4494,1.428,1.4013,1.3156,1.2299,1.1443,1.0586,1.014,-1.1214,0.97116,0.8707,0.7636,0.69228,0.62803,0.54721,0.46154,0.3911,0.32685,0.23477,-1.1857,0.12768,0.020592,-0.086499,-0.17107,-0.23532,-0.30951,-0.39519,-0.46364,-0.50647,-0.54931,-1.2471,-0.59215,-0.64094,-0.7052,-0.76482,-0.80765,-0.85049,-0.89332,-0.93616,-0.979,-1.0212,0.63752,-1.2899,-1.0426,-1.064,-1.0854,-1.1068,-1.1283,-1.1497,-1.153,-1.153,-1.1698,-1.1912,-1.3312,-1.1972,-1.1972,-1.1972,-1.1972,-1.1972,-1.1972,-1.1972,-1.1972,-1.187,-1.1656,-1.3526,-1.153,-1.153,-1.138,-1.0951,-1.0585,-1.0371,-1.0108,-0.96796,-0.92512,-0.88228,-1.3742,-0.84166,-0.82024,-0.79705,-0.7328,-0.66854,-0.62527,-0.58243,-0.55924,-0.53783,-0.46143,-1.4171,-0.37575,-0.32409,-0.28125,-0.22274,-0.15848,-0.10858,-0.065743,-0.009879,0.054375,0.10693,-1.4599,0.14976,0.18222,0.20364,0.23411,0.27695,0.31206,0.33347,0.35489,0.37631,0.39265,-1.4621,0.39265,0.3889,0.36748,0.34849,0.34849,0.34849,0.34849,0.34849,0.32729,0.30587,-1.4621,0.28446,0.26304,0.26017,0.26017,0.26017,0.26017,0.26017,0.26017,0.26017,0.26017,-1.4621,0.26017,0.26017,0.26017,0.26017,0.26017,0.26017,0.26017,0.26017,0.26017,0.26017,-1.4621,0.26017,0.26017,0.26547,0.28688,0.30035,0.27894,0.25752,0.2361,0.61611,-1.4445,-1.423,-1.3853,-1.3424,-1.2696,-1.1839,-1.1119,-1.0477,-0.98341,-0.91916,0.59469,-0.81074,-0.66082,-0.53032,-0.42323,-0.32453,-0.23886,-0.11079,0.10339,0.28887,0.39596,0.57327,0.52513,0.73932,0.93804,1.0451,1.1522,1.2593,1.3677,1.5391,1.7104,1.7791,0.55185,1.8433,1.9076,1.9719,2.0182,2.0611,2.0708,2.0708,2.0708,2.0708,2.029,0.53043,1.9648,1.9131,1.8703,1.8274,1.7846,1.702,1.5735,1.4708,1.4066,1.3132,0.47678,1.1633,1.0312,0.94555,0.85988,0.7742,0.67197,0.47921,0.29837,0.23411,0.16655,2.0,2.0
0.47551,0.50964,0.59496,0.91917,0.9946,1.0579,1.1284,1.1881,1.2617,1.3183,1.3749,1.4314,1.4804,0.59496,1.5181,1.5558,1.5935,1.6313,1.669,1.6883,1.7072,1.726,1.7382,1.7467,0.59496,1.7451,1.7262,1.7074,1.6729,1.6522,1.6145,1.5768,1.5334,1.4843,1.4373,0.60118,1.3808,1.3242,1.2676,1.1946,1.1362,1.0608,0.9806,0.89289,0.81747,0.73189,0.61202,0.64956,0.5604,0.48165,0.38891,0.29668,0.21741,0.12314,0.028857,-0.065421,-0.1597,0.61202,-0.25398,-0.34826,-0.44254,-0.51975,-0.61113,-0.68655,-0.76197,-0.8374,-0.91282,-0.97638,0.61202,-1.0466,-1.1066,-1.1631,-1.2178,-1.2592,-1.3102,-1.3406,-1.3686,-1.4063,-1.4313,0.61202,-1.4502,-1.469,-1.4708,-1.4869,-1.4869,-1.4805,-1.4616,-1.4527,-1.441,-1.4221,0.61202,-1.4032,-1.3672,-1.3314,-1.3089,-1.2712,-1.2262,-1.1787,-1.1301,-1.0736,-1.017,0.629,-0.96043,-0.90292,-0.83023,-0.76914,-0.69372,-0.6183,-0.55277,-0.47282,-0.39203,-0.3166,0.50964,0.62908,-0.24118,-0.16397,-0.073271,0.002152,0.084742,0.17006,0.24549,0.32091,0.39633,0.48788,0.62908,0.56339,0.6226,0.69802,0.77345,0.84085,0.90723,0.97105,1.0276,1.0842,1.1407,0.63437,1.1956,1.2333,1.2763,1.3187,1.3465,1.3842,1.4094,1.4283,1.4471,1.4489,0.64615,1.4652,1.4652,1.4591,1.4402,1.4214,1.4025,1.3837,1.3497,1.312,1.2727,0.64615,1.2195,1.1766,1.127,1.0805,1.0239,0.96738,0.91081,0.83829,0.78061,0.72157,0.63548,0.65041,0.58779,0.51237,0.44658,0.37858,0.30316,0.22774,0.15232,0.093957,0.018534,0.52943,-0.056889,-0.13231,-0.20774,-0.27266,-0.34152,-0.41694,-0.49236,-0.56719,-0.62614,-0.70157,0.47832,-0.77102,-0.83535,-0.90122,-0.96913,-1.0314,-1.088,-1.1613,-1.2182,-1.2747,-1.3313,0.42739,-1.3879,-1.4358,-1.484,-1.5283,-1.566,-1.6037,-1.6415,-1.6769,-1.6998,-1.7316,0.38865,-1.7505,-1.7693,-1.7882,-1.8071,-1.8111,-1.7944,-1.7756,-1.7567,-1.7329,-1.7019,0.51501,0.34838,-1.6746,-1.6368,-1.5991,-1.5614,-1.508,-1.4685,-1.4119,-1.3554,-1.2988,-1.2422,0.29181,-1.1857,-1.1179,-1.0555,-0.98415,-0.90872,-0.85037,-0.77494,-0.69952,-0.6241,-0.55712,0.23525,-0.49032,-0.41489,-0.33947,-0.26405,-0.18862,-0.1132,-0.041702,0.020581,0.096004,0.17143,0.17868,0.24685,0.32227,0.3977,0.45665,0.53148,0.60391,0.66526,0.73411,0.79068,0.8574,0.12211,0.92088,0.97745,1.034,1.0903,1.1301,1.1828,1.2205,1.2582,1.2959,1.3227,0.065545,1.3415,1.3604,1.3465,1.3105,1.2859,1.234,1.1898,1.1332,1.0666,0.99118,-0.004332,0.92941,0.8574,0.78198,0.70655,0.63489,0.57277,0.50469,0.44812,0.38063,0.31792,-0.064653,0.27586,0.22185,0.18337,0.14566,0.10795,0.076637,0.057781,0.038925,0.02007,0.01478,-0.13811,-0.000578,-0.002284,-0.002284,-0.002284,-0.002284,-0.009537,-0.019348,-0.019348,-0.019348,-0.019348,-0.21354,-0.019348,-0.036412,-0.036412,-0.036412,-0.036412,-0.044518,-0.053476,-0.053476,0.5267,-0.28555,-0.34732,-0.42274,-0.48938,-0.55652,-0.61958,-0.67614,-0.74866,-0.80634,-0.86291,0.53566,-0.91948,-0.97604,-1.0248,-1.0721,-1.1287,-1.172,-1.2097,-1.2474,-1.2836,-1.3025,0.55451,-1.3213,-1.3402,-1.359,-1.3779,-1.3722,-1.3533,-1.3345,-1.315,-1.2773,-1.2396,0.56083,-1.2019,-1.1564,-1.1094,-1.0603,-0.99063,-0.93014,-0.87357,-0.79849,-0.72631,-0.66471,0.57516,-0.58929,-0.52248,-0.4555,-0.38008,-0.30466,-0.22924,-0.15381,-0.076086,0.014097,0.08952,0.57789,0.16494,0.24037,0.32705,0.40828,0.4837,0.55912,0.63454,0.70997,0.78044,0.84375,0.0,2.0
-0.82187,-0.78468,-0.77228,-1.9748,-1.9432,-1.8998,-1.8676,-1.8484,-1.8043,-1.7603,-1.7163,-1.6723,-1.6283,-0.77228,-1.5843,-1.5279,-1.5037,-1.4523,-1.3959,-1.3379,-1.2719,-1.2059,-1.1523,-1.0862,-0.77228,-1.0574,-0.9914,-0.93778,-0.8758,-0.83055,-0.77538,-0.73137,-0.69976,-0.68054,-0.63653,-0.77228,-0.59252,-0.54851,-0.5045,-0.46049,-0.42702,-0.39262,-0.36317,-0.34644,-0.30243,-0.27082,-0.77228,-0.2454,-0.211,-0.1766,-0.14437,-0.13259,-0.10593,-0.076181,-0.054176,-0.019774,-0.003658,-0.77228,0.014938,0.046241,0.068246,0.070725,0.087461,0.10947,0.13147,0.14108,0.16308,0.1699,-0.77724,0.1823,0.19191,0.20151,0.20709,0.21949,0.23034,0.23995,0.24955,0.25916,0.28117,-0.78468,0.29077,0.31278,0.33106,0.34439,0.35586,0.36361,0.37322,0.39522,0.41722,0.43923,-0.79645,0.44884,0.47084,0.49223,0.50246,0.52446,0.54646,0.57033,0.60287,0.62488,0.65928,-0.80606,0.67818,0.70329,0.72529,0.7473,0.7693,0.79131,0.81331,0.83532,0.85732,0.86693,-0.78468,-0.80947,0.88894,0.90133,0.92055,0.94255,0.96332,0.97417,0.99617,1.011,1.0402,1.0622,-0.80947,1.0842,1.1062,1.1282,1.1493,1.1598,1.1694,1.1914,1.2134,1.2354,1.2574,-0.82187,1.2794,1.3015,1.3111,1.3331,1.3625,1.3895,1.4115,1.4335,1.4555,1.4651,-0.82187,1.484,1.4964,1.5063,1.5159,1.5336,1.5475,1.5584,1.5667,1.5708,1.5832,-0.82187,1.5832,1.5832,1.5956,1.5956,1.608,1.6188,1.6284,1.6452,1.66,1.682,-0.81722,1.6947,1.6947,1.691,1.67,1.6594,1.6374,1.6328,1.6204,1.6086,1.5956,-0.80947,1.577,1.5674,1.5454,1.5234,1.5138,1.4917,1.4697,1.4477,1.4171,1.3913,-0.80947,1.3569,1.3346,1.3104,1.2909,1.2689,1.2345,1.2125,1.1821,1.1561,1.0799,-0.79707,0.91373,0.89172,0.86972,0.84772,0.82571,0.80371,0.7941,0.77209,0.74761,0.67942,-0.79119,0.64719,0.62209,0.58769,0.56568,0.53314,0.50927,0.47487,0.44047,0.41846,0.38747,-0.78468,-0.78468,0.36206,0.33664,0.30565,0.28365,0.26164,0.22724,0.21763,0.19563,0.1823,0.16401,-0.78437,0.15441,0.13271,0.12279,0.10079,0.095519,0.081573,0.070725,0.070725,0.058328,0.058328,-0.77228,0.058328,0.067936,0.070725,0.070725,0.083122,0.083122,0.09118,0.095519,0.095519,0.095519,-0.77228,0.083122,0.083122,0.086841,0.095519,0.095519,0.10792,0.12031,0.12031,0.13209,0.13271,-0.75988,0.13271,0.14511,0.14511,0.14511,0.15751,0.15751,0.15751,0.15751,0.1699,0.1699,-0.75988,0.1668,0.15751,0.15751,0.15751,0.14511,0.14511,0.14511,0.13271,0.13271,0.13271,-0.75988,0.13271,0.13271,0.13271,0.13271,0.13271,0.13271,0.13271,0.13271,0.13271,0.13271,-0.74749,0.13271,0.13271,0.13271,0.13271,0.13271,0.13271,0.13271,0.13271,0.13271,0.13271,-0.74749,0.13271,0.13271,0.14511,0.14511,0.14511,0.14511,0.14511,0.14511,0.14511,0.14511,-0.73509,0.14511,0.14511,0.14511,0.16463,0.1699,0.1699,0.1699,0.1699,-0.78468,-0.73509,-0.72269,-0.72269,-0.72269,-0.72269,-0.72269,-0.71463,-0.71029,-0.70781,-0.6979,-0.78468,-0.6979,-0.6979,-0.69418,-0.6855,-0.6855,-0.6855,-0.68054,-0.6731,-0.6731,-0.66411,-0.78468,-0.66071,-0.70719,-0.81381,-0.90648,-0.97807,-1.0187,-1.0735,-1.1061,-1.1715,-1.2245,-0.77941,-1.2558,-1.2824,-1.4045,-1.4792,-1.5378,-1.654,-1.676,-1.7315,-1.7696,-1.7916,-0.77228,-1.8136,-1.8976,-1.9469,-1.9912,-2.0008,-2.0662,-2.1347,-2.228,-2.2922,-2.2602,-0.77228,-2.2289,-2.2038,-2.1818,-2.1598,-2.1378,-2.1158,-2.1013,-2.0718,-2.038,-2.0064,4.0,2.0
-0.95617,-0.92741,-0.91302,-1.5709,-1.6603,-1.7403,-1.7612,-1.7327,-1.7308,-1.7153,-1.704,-1.6986,-1.6832,-0.91302,-1.6677,-1.6522,-1.6367,-1.6212,-1.6057,-1.5902,-1.5604,-1.5448,-1.5272,-1.4994,-0.89965,-1.4839,-1.463,-1.4386,-1.4231,-1.3988,-1.3777,-1.3622,-1.3346,-1.3168,-1.287,-0.89864,-1.2704,-1.2416,-1.2228,-1.1918,-1.1663,-1.1442,-1.1132,-1.0822,-1.0612,-1.0346,-0.89864,-1.0036,-0.97263,-0.94171,-0.92503,-0.89404,-0.86305,-0.83206,-0.80107,-0.77008,-0.73909,-0.89864,-0.7081,-0.67711,-0.65733,-0.62951,-0.61196,-0.58209,-0.56659,-0.5511,-0.5356,-0.5201,-0.89864,-0.51036,-0.50349,-0.49598,-0.48689,-0.4816,-0.47028,-0.46722,-0.46722,-0.45284,-0.45144,-0.89864,-0.43594,-0.42408,-0.41933,-0.4097,-0.40272,-0.39532,-0.38611,-0.37062,-0.36655,-0.36655,-0.89296,-0.35289,-0.35217,-0.35066,-0.33779,-0.33405,-0.32341,-0.31744,-0.30903,-0.30083,-0.28534,-0.88426,-0.26984,-0.25435,-0.23885,-0.22336,-0.20786,-0.19237,-0.17687,-0.16138,-0.14588,-0.13038,-0.92741,-0.88426,-0.11489,-0.091089,-0.069518,-0.043489,-0.024146,0.004112,0.021225,0.051712,0.080977,0.099313,-0.88426,0.1303,0.16129,0.19228,0.22328,0.25427,0.28526,0.31625,0.35899,0.39261,0.4236,-0.88426,0.45459,0.48558,0.51657,0.55163,0.59293,0.62393,0.65492,0.69443,0.73128,0.76227,-0.88426,0.80512,0.83863,0.86962,0.90061,0.9316,0.96565,1.008,1.039,1.0763,1.1153,-0.88426,1.1463,1.1773,1.2191,1.2537,1.2847,1.3156,1.3466,1.3776,1.4086,1.4396,-0.88426,1.4706,1.5016,1.5326,1.5636,1.5946,1.6146,1.6422,1.66,1.6755,1.7053,-0.88426,1.7208,1.7363,1.7518,1.7673,1.7828,1.7983,1.8049,1.8149,1.8304,1.8337,-0.88426,1.847,1.8337,1.8182,1.8027,1.7838,1.7528,1.7274,1.7119,1.6964,1.681,-0.88182,1.6655,1.65,1.6345,1.619,1.6035,1.588,1.5725,1.5535,1.5271,1.5116,-0.86988,1.4893,1.4662,1.4508,1.4251,1.4054,1.3775,1.36,1.3301,1.3133,1.2848,-0.92741,-0.86988,1.2693,1.2491,1.2239,1.2015,1.1624,1.1251,1.1044,1.0775,1.0465,1.0291,-0.86988,0.99926,0.9823,0.95389,0.93469,0.90852,0.88709,0.86315,0.84765,0.82288,0.80228,-0.86988,0.77528,0.75691,0.74142,0.71107,0.68008,0.65179,0.63629,0.6208,0.6053,0.59696,-0.86186,0.58869,0.5732,0.5682,0.55659,0.54109,0.5256,0.51068,0.51068,0.51068,0.51068,-0.8555,0.51068,0.51068,0.51794,0.52506,0.52506,0.52506,0.52506,0.52506,0.52506,0.52506,-0.8555,0.52326,0.51068,0.51068,0.51068,0.51068,0.51068,0.51068,0.51068,0.51068,0.51068,-0.8555,0.51068,0.51068,0.51147,0.52506,0.52506,0.52506,0.53031,0.53944,0.54692,0.55382,-0.8555,0.55382,0.55382,0.55382,0.56687,0.5682,0.5682,0.5682,0.5682,0.5682,0.5682,-0.84191,0.5682,0.5682,0.5769,0.58258,0.58258,0.58258,0.58258,0.58258,0.58258,0.5847,-0.84112,0.59696,0.59696,0.59696,0.59696,0.59696,0.59696,0.59696,0.59696,-0.92741,-0.84112,-0.84112,-0.84112,-0.84112,-0.84112,-0.84112,-0.84112,-0.84112,-0.84112,-0.84112,-0.92183,-0.84112,-0.82742,-0.82674,-0.82674,-0.82674,-0.82674,-0.82674,-0.82674,-0.82674,-0.82674,-0.91302,-0.82674,-0.82674,-0.82674,-0.82674,-0.81293,-0.81236,-0.81236,-0.81236,-0.80848,-0.79798,-0.91302,-0.79798,-0.79798,-0.79798,-0.79798,-0.79798,-0.79798,-0.79798,-0.79798,-0.79798,-0.79798,-0.91302,-0.79798,-0.79798,-0.79798,-0.8042,-0.81236,-0.81236,-0.88886,-0.93808,-0.95358,-1.0207,-0.91302,-1.0982,-1.1295,-1.1525,-1.218,-1.254,-1.3209,-1.3364,-1.3593,-1.416,-1.4935,4.0,2.0
-0.002033,-0.002033,-0.002033,0.58637,0.64527,0.69872,0.75216,0.80561,0.85906,0.9125,0.95565,0.9976,1.0487,-0.002033,1.0843,1.1362,1.1774,1.213,1.2487,1.2843,1.3199,1.3414,1.3694,1.3989,-0.002033,1.4167,1.4345,1.4523,1.4701,1.4799,1.4799,1.4798,1.462,1.4441,1.4263,0.011642,1.4025,1.3669,1.3313,1.2798,1.2263,1.1729,1.1155,1.0442,0.99074,0.90972,0.01976,0.83045,0.75336,0.66428,0.5752,0.48613,0.39705,0.30797,0.21889,0.12981,0.023138,0.01976,-0.070135,-0.16886,-0.27008,-0.36085,-0.46775,-0.55911,-0.64819,-0.73727,-0.82275,-0.89401,0.01976,-0.96528,-1.0365,-1.1078,-1.1736,-1.227,-1.2805,-1.3339,-1.3873,-1.4334,-1.469,0.01976,-1.5046,-1.523,-1.5541,-1.5804,-1.5929,-1.5915,-1.5737,-1.5711,-1.5487,-1.5203,0.01976,-1.4959,-1.4425,-1.4061,-1.3443,-1.2821,-1.2235,-1.1511,-1.062,-0.9729,-0.88382,0.01976,-0.79475,-0.70567,-0.61659,-0.51057,-0.40367,-0.29678,-0.1949,-0.10479,0.002108,0.094128,-0.002033,0.01976,0.18321,0.2792,0.38021,0.45148,0.53952,0.6286,0.70885,0.78011,0.85137,0.92264,0.01611,0.9939,1.0652,1.1297,1.1831,1.2366,1.2734,1.309,1.3533,1.3974,1.4159,-0.001706,1.4515,1.4726,1.4904,1.5083,1.5261,1.5439,1.5453,1.5328,1.515,1.4971,-0.019521,1.4788,1.4432,1.3931,1.3501,1.308,1.2521,1.1809,1.1259,1.0601,0.98055,-0.037337,0.89583,0.82419,0.73511,0.63181,0.53516,0.43982,0.33521,0.24613,0.14093,0.034035,-0.064687,-0.064687,-0.15377,-0.24284,-0.33192,-0.421,-0.52016,-0.61485,-0.68823,-0.77731,-0.86639,-0.094761,-0.94348,-1.0147,-1.086,-1.1573,-1.2285,-1.2859,-1.3493,-1.4086,-1.4462,-1.4997,-0.11416,-1.5373,-1.5611,-1.5868,-1.6186,-1.6364,-1.6542,-1.6583,-1.6485,-1.6307,-1.6129,-0.14979,-1.5951,-1.5616,-1.526,-1.4827,-1.4292,-1.3758,-1.3224,-1.2418,-1.1623,-1.0854,-0.17,-0.9947,-0.8878,-0.79638,-0.69581,-0.58891,-0.48556,-0.39648,-0.29002,-0.19653,-0.09803,-0.002033,-0.19926,0.003416,0.093965,0.20086,0.29244,0.38152,0.4706,0.5563,0.62756,0.71604,0.80512,-0.24235,0.88494,0.9562,1.0275,1.0987,1.1548,1.2083,1.2617,1.3152,1.3686,1.4221,-0.29231,1.4624,1.4981,1.5286,1.5475,1.5832,1.6038,1.6216,1.6254,1.6106,1.6106,-0.32794,1.5937,1.5759,1.5492,1.5135,1.4779,1.4423,1.3918,1.3384,1.2849,1.2286,-0.3809,1.1573,1.0861,1.0148,0.94356,0.8723,0.80103,0.72977,0.65851,0.59792,0.54448,-0.43435,0.49103,0.43758,0.4007,0.35248,0.30764,0.27201,0.23638,0.20075,0.17961,0.15128,-0.48779,0.12219,0.10437,0.086555,0.06874,0.050924,0.033108,0.015293,-0.002033,-0.002033,0.012296,-0.54124,0.01976,0.01976,0.01976,0.01976,0.035996,0.041553,0.041553,0.041553,0.041553,0.041553,-0.59469,0.041553,0.041553,0.041553,0.041553,0.041553,0.041553,0.029458,0.01976,0.01976,0.01976,-0.64814,0.01976,0.01976,0.01976,0.01976,0.01976,0.01976,0.01976,0.01976,-0.002033,-0.70158,-0.76631,-0.83027,-0.88704,-0.9583,-1.0124,-1.0658,-1.1193,-1.1727,-1.2249,-0.002033,-1.2606,-1.3113,-1.3536,-1.3893,-1.4249,-1.4605,-1.4961,-1.5188,-1.5366,-1.5544,-0.002033,-1.5711,-1.5711,-1.586,-1.5929,-1.5859,-1.5681,-1.5503,-1.5325,-1.5147,-1.488,-0.002033,-1.4523,-1.4167,-1.3811,-1.3307,-1.2772,-1.217,-1.1486,-1.0951,-1.025,-0.95372,-0.002033,-0.87375,-0.78941,-0.71814,-0.64688,-0.57562,-0.49373,-0.4113,-0.33737,-0.24829,-0.17572,-0.002033,-0.10446,-0.024643,0.059859,0.13112,0.20238,0.25921,0.32312,0.39438,0.46314,0.51658,0.0,2.0
1.0724,1.0724,0.9195,0.34198,0.39463,0.44729,0.49995,0.5594,0.61375,0.6851,0.75644,0.82778,0.89912,0.88383,0.97046,1.0418,1.1301,1.2015,1.2728,1.3442,1.4155,1.4868,1.5582,1.6295,0.84816,1.7009,1.7552,1.8266,1.8809,1.9285,1.9641,1.9828,2.0066,2.0066,2.0066,0.81249,2.0066,2.0049,1.9013,1.8826,1.8537,1.6754,1.6227,1.5752,1.5208,1.4648,0.77682,1.4121,1.3425,1.2864,1.1641,1.086,1.0044,0.93309,0.84476,0.77342,0.68679,0.74115,0.61375,0.54241,0.45409,0.38274,0.20949,-0.014728,-0.08607,-0.15741,-0.22875,-0.30009,0.70548,-0.38842,-0.44278,-0.49713,-0.55149,-0.59905,-0.63472,-0.67039,-0.68907,-0.70776,-0.72644,0.66981,-0.76211,-0.7791,-0.7825,-0.79609,-0.81307,-0.83006,-0.84704,-0.86403,-0.88102,-0.898,0.63414,-0.93197,-0.94896,-0.96595,-0.97104,-0.98293,-0.98293,-0.98293,-0.98293,-0.98293,-0.98293,0.59847,-0.98293,-0.96595,-0.96255,-0.94386,-0.92518,-0.90649,-0.88102,-0.85214,-0.81647,-0.7808,1.0724,0.5628,-0.74513,-0.72644,-0.69077,-0.63812,-0.60244,-0.55828,-0.50393,-0.44957,-0.37823,-0.32387,0.50844,-0.25253,-0.17949,-0.092864,-0.004537,0.083791,0.17212,0.27064,0.36576,0.46767,0.57469,0.45409,0.6817,0.78871,0.89572,1.0027,1.1097,1.2253,1.3611,1.4698,1.5752,1.6805,0.39973,1.7348,1.7688,1.7654,1.7467,1.7111,1.6669,1.6125,1.5582,1.4732,1.3849,0.35217,1.2762,1.1692,1.0486,0.9263,0.804,0.6817,0.54921,0.40822,0.26724,0.12626,0.29951,-0.33746,-0.49373,-0.58546,-0.69247,-0.7825,-0.88102,-0.95236,-1.0118,-1.0645,-1.1001,0.25365,-1.1188,-1.1358,-1.1358,-1.1358,-1.1188,-1.1103,-1.0916,-1.073,-1.0543,-1.0339,0.21119,-0.99992,-0.96595,-0.94556,-0.89291,-0.85723,-0.80458,-0.74173,-0.68737,-0.61603,-0.54469,0.15853,-0.47335,-0.38502,-0.31368,-0.23725,-0.14722,-0.065686,0.022641,0.11097,0.1993,0.30291,0.10757,0.39294,0.49995,0.60696,0.70888,0.804,0.91101,1.001,1.0911,1.1811,1.2558,1.0673,0.053216,1.3272,1.3985,1.4529,1.5191,1.6023,1.6839,1.7552,1.8147,1.8503,1.8384,-0.00114,1.8198,1.7824,1.728,1.6397,1.5446,1.4291,1.3034,1.1726,1.0486,0.90931,-0.055495,0.78361,0.69189,0.54921,0.39124,0.26384,0.10417,-0.038509,-0.38842,-0.64321,-0.82156,-0.12684,-0.98293,-1.073,-1.1596,-1.2258,-1.2615,-1.2972,-1.3328,-1.3685,-1.4042,-1.4229,-0.18119,-1.4585,-1.4772,-1.5129,-1.5316,-1.5605,-1.5774,-1.5774,-1.5825,-1.5774,-1.5774,-0.24404,-1.5605,-1.5435,-1.5265,-1.5095,-1.5027,-1.4925,-1.4755,-1.4636,-1.4416,-1.4246,-0.2967,-1.3906,-1.3719,-1.3362,-1.3006,-1.2649,-1.2292,-1.1936,-1.1579,-1.1052,-1.0696,-0.36124,-1.0339,-0.98123,-0.92858,-0.88781,-0.84025,-0.78759,-0.73494,-0.68228,-0.62962,-0.56168,-0.4156,-0.50732,-0.45297,-0.39861,-0.34426,-0.2899,-0.22705,-0.1744,-0.12684,-0.08607,-0.050399,-0.46995,-0.014728,0.003956,0.022641,0.03623,0.053216,0.053216,0.053216,0.053216,1.0554,-0.52431,-0.57697,-0.62962,-0.68228,-0.71795,-0.75362,-0.78929,-0.80798,-0.83006,-0.86233,1.0384,-0.88102,-0.8997,-0.91838,-0.93707,-0.95575,-0.98293,-0.98293,-0.98803,-0.98293,-0.96595,1.0214,-0.93197,-0.91499,-0.898,-0.87592,-0.85723,-0.83006,-0.80288,-0.76721,-0.73154,-0.71116,1.0044,-0.67718,-0.64151,-0.62283,-0.58716,-0.55149,-0.51582,-0.48015,-0.44447,-0.4088,-0.37313,0.97386,-0.35445,-0.31878,-0.28311,-0.26442,-0.22875,-0.19308,-0.1744,-0.13873,-0.10306,-0.082672,0.93819,-0.0487,-0.01303,0.022641,0.058312,0.093982,0.12965,0.16532,0.20099,0.23666,0.28932,2.0,2.0
-1.9425,-1.9349,-1.725,-0.86051,-0.83769,-0.81937,-0.80555,-0.79795,-0.78445,-0.76924,-0.75402,-0.7461,-0.73849,-1.7022,-0.73088,-0.72328,-0.71567,-0.70807,-0.70046,-0.69285,-0.6891,-0.68835,-0.68075,-0.67839,-1.6794,-0.67625,-0.66864,-0.66768,-0.66414,-0.65697,-0.65697,-0.65204,-0.64443,-0.63683,-0.62922,-1.6566,-0.6184,-0.60329,-0.59569,-0.58808,-0.57898,-0.56376,-0.54855,-0.53623,-0.52863,-0.51363,-1.6338,-0.5027,-0.49392,-0.4787,-0.46349,-0.45085,-0.44324,-0.42857,-0.41335,-0.399,-0.39139,-1.6179,-0.37843,-0.36322,-0.34801,-0.33954,-0.32829,-0.31308,-0.29787,-0.28266,-0.26937,-0.26177,-1.6027,-0.24773,-0.23584,-0.22802,-0.21281,-0.20231,-0.1947,-0.1871,-0.17949,-0.17189,-0.16428,-1.5875,-0.15667,-0.14907,-0.14275,-0.14275,-0.13696,-0.12936,-0.12175,-0.11414,-0.10654,-0.099896,-1.5723,-0.099896,-0.094432,-0.084469,-0.069257,-0.060901,-0.053295,-0.045689,-0.038083,-0.025334,-0.012158,-1.5571,-0.004551,0.00959,0.024802,0.040014,0.055227,0.070439,0.085651,0.10086,0.11608,0.13129,-1.9183,-1.544,0.1465,0.15411,0.16621,0.18003,0.18764,0.19524,0.20285,0.21046,0.21806,0.22567,-1.5364,0.23327,0.24088,0.24292,0.24538,0.25299,0.26059,0.26434,0.26509,0.2727,0.27505,-1.5288,0.2772,0.2848,0.29241,0.30002,0.30762,0.31523,0.32776,0.34115,0.34876,0.35637,-1.5212,0.36719,0.38229,0.3899,0.40211,0.41582,0.42343,0.43703,0.44935,0.45696,0.46457,-1.514,0.47217,0.48096,0.49617,0.5057,0.51331,0.52092,0.53559,0.54684,0.55445,0.56205,-1.514,0.57502,0.58798,0.59558,0.60994,0.62151,0.62912,0.63672,0.64433,0.65193,0.65954,-1.514,0.66715,0.67475,0.68236,0.68996,0.69757,0.70518,0.71278,0.71428,0.71728,0.72489,-1.5122,0.73249,0.7401,0.74771,0.75531,0.76292,0.77053,0.77813,0.78574,0.79334,0.80095,-1.5046,0.80856,0.81616,0.82613,0.84134,0.84969,0.86105,0.87562,0.88323,0.89597,0.91119,-1.5033,0.9264,0.94161,0.95339,0.96132,0.97653,0.98693,0.99453,1.0021,1.0097,1.0174,-1.8955,-1.5033,1.025,1.0326,1.0402,1.0478,1.0554,1.0571,1.0599,1.0675,1.0678,1.0678,-1.5033,1.0689,1.0765,1.0785,1.0785,1.0785,1.0785,1.0785,1.0785,1.0785,1.0838,-1.5033,1.0892,1.0892,1.0892,1.0928,1.1004,1.108,1.1107,1.1107,1.1107,1.1107,-1.4987,1.1107,1.1107,1.1107,1.1107,1.1122,1.1198,1.1214,1.1214,1.1214,1.1214,-1.4926,1.1257,1.1321,1.1321,1.1378,1.1428,1.1428,1.1499,1.1575,1.1642,1.1642,-1.4926,1.1696,1.1772,1.1848,1.1856,1.1893,1.1969,1.2045,1.2071,1.209,1.2166,-1.4866,1.2242,1.2285,1.2287,1.2363,1.2392,1.2392,1.2392,1.2392,1.2392,1.2392,-1.479,1.2392,1.2392,1.2405,1.2481,1.2499,1.2526,1.2602,1.2678,1.2754,1.283,-1.4714,1.2906,1.3037,1.3189,1.3341,1.3493,1.3683,1.3905,1.4057,1.426,1.4509,-1.4638,1.4813,1.5052,1.5315,1.5619,1.5923,1.6276,1.6639,1.6943,-1.8727,-1.4561,-1.4474,-1.4321,-1.4226,-1.4124,-1.3972,-1.382,-1.3668,-1.3516,-1.3364,-1.8498,-1.3265,-1.3167,-1.3015,-1.2862,-1.2747,-1.2671,-1.2595,-1.2519,-1.2442,-1.2366,-1.827,-1.229,-1.2214,-1.214,-1.214,-1.2093,-1.2033,-1.2033,-1.2033,-1.2003,-1.1927,-1.8042,-1.1926,-1.1926,-1.1926,-1.1926,-1.1868,-1.1819,-1.1819,-1.1747,-1.1671,-1.1595,-1.7741,-1.1519,-1.1443,-1.1367,-1.1291,-1.1146,-1.0994,-1.0842,-1.069,-1.0538,-1.0386,-1.7479,-1.0233,-1.0081,-0.98949,-0.967,-0.95178,-0.93657,-0.92136,-0.90615,-0.89094,-0.87572,3.0,2.0
0.17125,0.15152,0.17125,1.7297,1.6992,1.6598,1.6203,1.5808,1.5414,1.5007,1.4415,1.3776,1.2987,0.17044,1.2198,1.1409,1.0504,0.9518,0.83821,0.71984,0.61985,0.51707,0.37898,0.24637,0.15071,0.12801,0.00964,-0.10873,-0.23944,-0.37753,-0.49986,-0.61823,-0.7366,-0.85208,-0.95072,0.13098,-1.0431,-1.122,-1.2009,-1.2798,-1.3455,-1.4047,-1.4473,-1.4868,-1.5263,-1.562,0.11125,-1.5817,-1.5944,-1.5944,-1.5838,-1.5641,-1.5444,-1.5246,-1.4875,-1.4481,-1.4086,0.091524,-1.3646,-1.3055,-1.2384,-1.1594,-1.0805,-1.0016,-0.90793,-0.80929,-0.71065,-0.61201,0.071796,-0.51337,-0.41474,-0.3161,-0.21746,-0.11882,-0.020177,0.078462,0.1771,0.27574,0.37438,0.052068,0.47032,0.54923,0.63427,0.73291,0.822,0.90091,0.97982,1.0587,1.1212,1.1804,0.03234,1.2396,1.2953,1.3347,1.3742,1.4137,1.4531,1.4926,1.5182,1.538,1.5405,0.012613,1.5396,1.5199,1.5001,1.4804,1.4607,1.4409,1.4101,1.3706,1.3311,1.2917,0.13864,-0.007115,1.2342,1.1733,1.0944,1.0155,0.93658,0.85767,0.77876,0.68787,0.58923,0.49059,-0.026843,0.39195,0.29331,0.19215,0.073778,-0.038644,-0.13728,-0.23592,-0.33456,-0.4332,-0.53184,-0.048193,-0.63048,-0.72912,-0.82776,-0.92307,-1.002,-1.0809,-1.1598,-1.2285,-1.2877,-1.3469,-0.087648,-1.4061,-1.4482,-1.487,-1.5067,-1.5264,-1.5462,-1.5659,-1.5856,-1.5944,-1.5944,-0.1271,-1.5944,-1.5944,-1.5765,-1.5568,-1.5371,-1.5074,-1.4482,-1.3974,-1.358,-1.3067,-0.16656,-1.2475,-1.1731,-1.0942,-1.0153,-0.9364,-0.85749,-0.77858,-0.69966,-0.61156,-0.51292,-0.21448,-0.4269,-0.34798,-0.26907,-0.19016,-0.091792,0.003695,0.082606,0.16152,0.24043,0.31934,-0.27367,0.39825,0.47716,0.55608,0.63499,0.7139,0.79281,0.86776,0.92694,0.99351,1.0724,-0.32096,1.1405,1.1997,1.2589,1.3181,1.3596,1.3991,1.4385,1.4732,1.4929,1.5127,-0.36042,1.5324,1.5521,1.5718,1.5765,1.5765,1.5765,1.5744,1.5546,1.5349,1.5152,0.15836,-0.41519,1.4954,1.4757,1.456,1.4363,1.4165,1.3968,1.3578,1.3213,1.3016,1.2755,-0.47437,1.236,1.1966,1.1571,1.1176,1.0782,1.0387,0.99892,0.93973,0.88433,0.84488,-0.55229,0.79822,0.73903,0.67985,0.62066,0.56148,0.5023,0.44311,0.38393,0.32475,0.26556,-0.62877,0.20638,0.14719,0.088011,0.040268,0.000812,-0.038644,-0.0781,-0.11756,-0.15701,-0.19647,-0.68795,-0.23052,-0.25025,-0.2788,-0.31826,-0.34546,-0.36519,-0.38492,-0.40465,-0.42437,-0.4441,-0.75299,-0.46383,-0.47734,-0.47734,-0.4677,-0.44798,-0.44131,-0.44131,-0.44131,-0.44131,-0.44131,-0.8319,-0.44131,-0.44131,-0.44131,-0.44131,-0.44131,-0.44131,-0.45518,-0.47491,-0.47734,-0.47734,-0.90154,-0.47734,-0.47734,-0.47734,-0.47734,-0.47734,-0.4886,-0.50833,-0.51337,-0.51337,-0.51337,-0.96072,-0.51337,-0.51337,-0.51337,-0.51337,-0.51337,-0.51337,-0.51337,-0.51337,-0.51337,-0.51337,-1.0199,-0.51337,-0.51337,-0.51337,-0.51337,-0.51337,-0.51337,-0.51337,-0.52626,0.17125,-1.0791,-1.1383,-1.1975,-1.2371,-1.2765,-1.316,-1.3488,-1.3685,-1.3882,-1.408,0.17125,-1.4142,-1.4142,-1.4142,-1.4136,-1.3938,-1.3741,-1.3544,-1.3272,-1.2877,-1.2483,0.17125,-1.2088,-1.155,-1.0958,-1.0367,-0.97603,-0.89712,-0.81821,-0.7393,-0.6521,-0.55346,0.17125,-0.45482,-0.35618,-0.24241,-0.12404,-0.005674,0.11269,0.23106,0.34375,0.44239,0.55013,0.17125,0.6685,0.77434,0.87298,0.95568,1.0346,1.1329,1.2254,1.2846,1.3502,1.4291,0.17125,1.4882,1.5277,1.5672,1.6066,1.6461,1.6851,1.7048,1.7245,1.7443,1.7494,0.0,2.0
-0.95631,-0.95631,-0.95631,-1.7573,-1.7372,-1.7171,-1.697,-1.6769,-1.6568,-1.6222,-1.5925,-1.5668,-1.5327,-0.95631,-1.5243,-1.4899,-1.4497,-1.4095,-1.3693,-1.3291,-1.2889,-1.2487,-1.2086,-1.1652,-0.95631,-1.1136,-1.0734,-1.0478,-1.0076,-0.96738,-0.92718,-0.88699,-0.86135,-0.82116,-0.79552,-0.95631,-0.76115,-0.74106,-0.70639,-0.6863,-0.6528,-0.63154,-0.60154,-0.57678,-0.55027,-0.53396,-0.95631,-0.51648,-0.49639,-0.47629,-0.47075,-0.44017,-0.41599,-0.3959,-0.36327,-0.34114,-0.33007,-0.95631,-0.3155,-0.29541,-0.27531,-0.25521,-0.23511,-0.21501,-0.18035,-0.16025,-0.13957,-0.10549,-0.95631,-0.097047,-0.079862,-0.059764,-0.039666,-0.019568,0.00053,0.019463,0.026162,0.034026,0.034026,-0.95631,0.042765,0.04859,0.053833,0.063154,0.063154,0.063154,0.07597,0.077718,0.077718,0.092281,-0.95631,0.098107,0.10685,0.12141,0.12927,0.13597,0.14034,0.16044,0.17966,0.18607,0.20617,-0.95631,0.22627,0.24637,0.26646,0.30113,0.32122,0.33987,0.34686,0.37948,0.40162,0.42171,-0.95631,-0.95631,0.45638,0.47647,0.49657,0.51667,0.53677,0.55687,0.5624,0.5825,0.6026,0.62269,-0.95631,0.64279,0.66027,0.66842,0.68852,0.70862,0.72872,0.73425,0.75435,0.77445,0.79455,-0.97087,0.82338,0.84931,0.88397,0.91484,0.95329,0.96611,0.99174,1.0281,1.0576,1.0978,-0.97087,1.138,1.1782,1.2184,1.2507,1.2842,1.3244,1.3448,1.3748,1.4013,1.4415,-0.97087,1.4671,1.5073,1.5335,1.5682,1.5988,1.6375,1.6506,1.6631,1.6978,1.7179,-0.97087,1.738,1.7581,1.7782,1.7983,1.8184,1.8385,1.8545,1.8545,1.8696,1.8836,-0.97087,1.8953,1.9154,1.9355,1.9419,1.9465,1.9564,1.9553,1.9352,1.9273,1.9095,-0.97087,1.8894,1.8694,1.8545,1.8437,1.8254,1.8181,1.798,1.7817,1.7724,1.7523,-0.97087,1.7322,1.7121,1.6774,1.6494,1.6226,1.5836,1.5434,1.505,1.4986,1.4665,-0.97087,1.4118,1.3716,1.3314,1.2766,1.2259,1.1671,1.1199,1.0596,1.0098,0.99174,-0.95631,-0.97087,0.93698,0.87669,0.81639,0.77066,0.71037,0.66318,0.60842,0.56822,0.55716,0.51696,-0.97087,0.47676,0.45113,0.41094,0.38443,0.34977,0.32967,0.30957,0.28947,0.28161,0.27841,-0.97087,0.25831,0.25248,0.23792,0.22714,0.20704,0.18695,0.17966,0.1651,0.15578,0.13597,-0.97087,0.13597,0.13597,0.1383,0.15054,0.15054,0.13597,0.13597,0.1351,0.12141,0.12141,-0.97087,0.1185,0.10685,0.092864,0.092281,0.081796,0.077718,0.070727,0.063154,0.063154,0.063154,-0.97087,0.063154,0.05762,0.04859,0.050629,0.063154,0.063154,0.063154,0.063154,0.063154,0.063154,-0.97087,0.063154,0.065775,0.077718,0.077718,0.077718,0.087912,0.092281,0.092281,0.10452,0.10685,-0.97087,0.10685,0.10685,0.12141,0.12141,0.12141,0.12141,0.12141,0.12141,0.12141,0.12141,-0.97087,0.12723,0.13597,0.13597,0.13597,0.14937,0.15054,0.15054,0.1651,0.1651,0.1651,-0.97087,0.16801,0.17966,0.17966,0.17966,0.17966,0.1651,0.1651,0.1651,-0.95631,-0.97087,-0.97087,-0.97087,-0.97087,-0.97087,-0.97087,-0.98485,-1.0,-1.0111,-1.0,-0.95631,-1.0,-0.99447,-0.98544,-0.9834,-0.97087,-0.97087,-0.95631,-0.95631,-0.95573,-0.94174,-0.95631,-0.94174,-0.93912,-0.92718,-0.94087,-0.94174,-0.98252,-0.99767,-0.96417,-0.95631,-0.9531,-0.95631,-0.94174,-0.94174,-0.94174,-0.94174,-0.94174,-0.94174,-0.94174,-0.98922,-1.0373,-1.0728,-0.95631,-1.1019,-1.1911,-1.2208,-1.2409,-1.3012,-1.3422,-1.4031,-1.4232,-1.4369,-1.4966,-0.95631,-1.6,-1.6539,-1.6985,-1.704,-1.7661,-1.8068,-1.8383,-1.803,-1.7829,-1.7628,4.0,2.0
0.049781,0.028695,0.028428,0.16722,0.27799,0.38342,0.48886,0.59429,0.68504,0.7838,0.87508,0.97331,1.0651,0.028428,1.1495,1.2338,1.3053,1.3812,1.4409,1.4951,1.5466,1.5773,1.5984,1.6195,0.046578,1.6406,1.6513,1.6513,1.6414,1.6107,1.5779,1.5477,1.4967,1.442,1.3833,0.049781,1.3069,1.236,1.1516,1.0673,0.98291,0.89857,0.81422,0.72374,0.62418,0.53423,0.049781,0.4288,0.32337,0.21794,0.11251,0.007075,-0.098357,-0.20379,-0.30922,-0.41465,-0.51715,0.049781,-0.60416,-0.70719,-0.79153,-0.87588,-0.96022,-1.0446,-1.1289,-1.2133,-1.2976,-1.3817,0.049781,-1.4449,-1.5082,-1.5715,-1.6142,-1.6563,-1.6985,-1.7209,-1.7225,-1.7033,-1.6633,0.066597,-1.6398,-1.6003,-1.5581,-1.4981,-1.4524,-1.3755,-1.3083,-1.2282,-1.1439,-1.0595,0.071134,-0.97517,-0.89083,-0.80648,-0.70692,-0.61644,-0.51741,-0.41198,-0.30655,-0.20112,-0.095688,0.071134,0.009744,0.11518,0.22061,0.32604,0.43147,0.5369,0.64233,0.74776,0.84198,0.93727,0.028428,0.087149,1.032,1.1164,1.2007,1.2851,1.3598,1.4231,1.4772,1.5194,1.5616,1.6038,0.092487,1.6379,1.659,1.6801,1.7012,1.7153,1.7153,1.7089,1.6878,1.6609,1.6187,0.092487,1.5712,1.5029,1.4233,1.3555,1.2669,1.1655,1.0811,0.99332,0.8911,0.80382,0.092487,0.70105,0.61431,0.50887,0.40344,0.29801,0.19258,0.087149,-0.018282,-0.12371,-0.22914,0.092487,-0.33458,-0.44001,-0.54544,-0.65087,-0.7563,-0.88175,-0.98852,-1.0939,-1.1994,-1.3048,0.10717,-1.4102,-1.5157,-1.603,-1.6873,-1.7716,-1.8386,-1.8848,-1.9438,-1.974,-1.9951,0.11384,-2.0161,-2.0215,-2.006,-2.0001,-1.9702,-1.9427,-1.8928,-1.8437,-1.7877,-1.7244,0.11384,-1.6478,-1.5765,-1.4876,-1.3948,-1.2981,-1.1927,-1.0873,-0.98184,-0.8652,-0.74963,0.12772,-0.6442,-0.53877,-0.43333,-0.31803,-0.20112,-0.095688,0.009744,0.11518,0.22061,0.32604,0.13519,0.43147,0.52916,0.62098,0.72641,0.8249,0.90925,0.99359,1.0779,1.1564,1.2253,0.028428,0.13519,1.3043,1.3625,1.4094,1.4682,1.5103,1.5525,1.5909,1.612,1.6331,1.6542,0.14827,1.67,1.6513,1.6491,1.628,1.6054,1.5645,1.5424,1.5002,1.4575,1.3942,0.15655,1.331,1.2888,1.205,1.1412,1.0779,1.0147,0.95142,0.88816,0.80568,0.74029,0.16909,0.67703,0.61377,0.55051,0.50514,0.44535,0.38209,0.33591,0.29374,0.23502,0.18804,0.1779,0.14587,0.11945,0.082878,0.05592,0.034834,0.013747,-0.007339,-0.014279,-0.028158,-0.049244,0.18991,-0.056985,-0.070064,-0.078338,-0.078338,-0.078338,-0.078338,-0.078338,-0.078338,-0.089549,-0.099691,0.18751,-0.099691,-0.099691,-0.099691,-0.099691,-0.099691,-0.10903,-0.12104,-0.12104,-0.12104,-0.12104,0.16642,-0.12104,-0.12104,-0.12104,-0.12104,-0.12104,-0.12104,-0.12745,-0.1424,-0.1424,-0.1424,0.15655,-0.1424,-0.1424,-0.1424,-0.1424,-0.13813,-0.12104,-0.11731,-0.099691,-0.096488,-0.078338,0.1456,-0.078338,-0.078338,-0.076203,-0.056985,-0.056985,-0.056985,-0.058053,-0.078338,0.028428,0.12452,0.10343,0.082345,0.051382,0.018819,-0.011609,-0.044707,-0.074601,-0.11677,-0.15895,0.028428,-0.20112,-0.24329,-0.28546,-0.32764,-0.37675,-0.43333,-0.48191,-0.54517,-0.60256,-0.65034,0.028428,-0.7136,-0.77178,-0.81876,-0.87748,-0.91965,-0.96183,-1.004,-1.0462,-1.0883,-1.1305,0.028428,-1.1727,-1.2149,-1.2549,-1.2779,-1.3184,-1.3395,-1.3606,-1.3817,-1.4028,-1.4233,0.028428,-1.4022,-1.3811,-1.3601,-1.3184,-1.2763,-1.2341,-1.1722,-1.1089,-1.0264,-0.96103,0.028428,-0.87908,-0.77632,-0.68904,-0.58681,-0.48138,-0.37595,-0.27052,-0.16509,-0.059654,0.045777,0.0,2.0
-2.0015,-1.893,-1.7953,-0.7248,-0.69999,-0.68566,-0.66086,-0.64652,-0.62329,-0.60738,-0.59305,-0.56866,-0.55391,-1.781,-0.53957,-0.5245,-0.50043,-0.4861,-0.47176,-0.45167,-0.43262,-0.41525,-0.39349,-0.37884,-1.7666,-0.35435,-0.34001,-0.31521,-0.30088,-0.28654,-0.2722,-0.25787,-0.24353,-0.22919,-0.21486,-1.7523,-0.20157,-0.19665,-0.18231,-0.17844,-0.17017,-0.16023,-0.15971,-0.15249,-0.14924,-0.14924,-1.738,-0.14087,-0.13878,-0.13878,-0.13878,-0.13878,-0.13878,-0.13878,-0.13878,-0.13878,-0.13878,-1.7236,-0.13878,-0.13878,-0.13878,-0.14516,-0.14924,-0.15291,-0.15971,-0.17017,-0.17499,-0.18932,-1.7093,-0.20366,-0.218,-0.23233,-0.24667,-0.26812,-0.28633,-0.315,-0.34368,-0.36188,-0.39056,-1.695,-0.41923,-0.4479,-0.47658,-0.50514,-0.51948,-0.54167,-0.59001,-0.60435,-0.60969,-0.60728,-1.6806,-0.59922,-0.59922,-0.5852,-0.57829,-0.56699,-0.55265,-0.53832,-0.52199,-0.49918,-0.47511,-1.6663,-0.44644,-0.41776,-0.38909,-0.36042,-0.33175,-0.27848,-0.16975,-0.14108,-0.11241,-0.077143,-1.8786,-1.652,-0.044598,-0.015925,0.012748,0.042572,0.080558,0.10923,0.1379,0.16658,0.19525,0.22392,-1.6376,0.2526,0.28127,0.30534,0.32815,0.34636,0.36928,0.39324,0.41145,0.43321,0.44786,-1.6247,0.47235,0.48669,0.51149,0.52583,0.54016,0.5545,0.56883,0.58317,0.59751,0.61184,-1.6194,0.61572,0.63005,0.6356,0.64606,0.65213,0.65653,0.65988,0.66699,0.67746,0.67746,-1.6051,0.68583,0.68792,0.69357,0.69839,0.70132,0.70885,0.70885,0.70885,0.70885,0.70885,-1.5907,0.70885,0.69975,0.69839,0.692,0.67767,0.67379,0.65946,0.64512,0.63079,0.61645,-1.5829,0.58955,0.56088,0.54205,0.51724,0.49579,0.47758,0.44891,0.4285,0.4037,0.37273,-1.5725,0.34364,0.31884,0.2978,0.25877,0.24443,0.2301,0.2053,0.19096,0.17662,0.17275,-1.5582,0.16469,0.15454,0.15423,0.15423,0.16469,0.1694,0.18374,0.19808,0.21241,0.23648,-1.5515,0.26201,0.28336,0.31162,0.33882,0.37984,0.41009,0.44766,0.47633,0.5477,0.63832,-1.8643,-1.54,0.66699,0.70613,0.7348,0.76463,0.80261,0.83129,0.86226,0.8991,0.92777,0.96691,-1.5256,1.0029,1.0347,1.068,1.1025,1.1312,1.1599,1.1885,1.2142,1.2354,1.2641,-1.5113,1.2928,1.3214,1.3397,1.363,1.3865,1.4021,1.4165,1.4308,1.4451,1.4595,-1.497,1.4633,1.4728,1.4816,1.4854,1.4937,1.4937,1.5042,1.5114,1.5146,1.5146,-1.4826,1.5146,1.5146,1.5146,1.5146,1.5146,1.5146,1.5144,1.5042,1.4962,1.491,-1.4683,1.4728,1.4546,1.4284,1.4013,1.3685,1.3189,1.2677,1.2197,1.1718,1.1118,-1.454,1.0479,0.99296,0.95079,0.90443,0.87587,0.85431,0.83443,0.82616,0.82564,0.84552,-1.4396,0.86477,0.88957,0.9173,0.94964,0.97591,1.0176,1.0684,1.1217,1.1754,1.2393,-1.4253,1.2949,1.3361,1.4144,1.519,1.5372,1.5659,1.5946,1.6128,1.6415,1.6701,-1.411,1.6957,1.717,1.7457,1.7744,1.8112,1.8422,1.8708,1.8995,-1.8499,-1.3966,-1.3823,-1.3679,-1.3536,-1.3393,-1.3249,-1.3106,-1.2963,-1.2819,-1.2676,-1.8356,-1.2533,-1.2389,-1.2271,-1.2271,-1.2168,-1.213,-1.2062,-1.2052,-1.1957,-1.1957,-1.8317,-1.1936,-1.1852,-1.1852,-1.182,-1.1748,-1.1742,-1.1643,-1.1643,-1.1626,-1.1538,-1.8236,-1.1538,-1.151,-1.1434,-1.1434,-1.1394,-1.1329,-1.1317,-1.1224,-1.1134,-1.1096,-1.8236,-1.0952,-1.0809,-1.0666,-1.0522,-1.0379,-1.0236,-1.0092,-0.98442,-0.97008,-0.94602,-1.8097,-0.92781,-0.90615,-0.89139,-0.86701,-0.84451,-0.8263,-0.80307,-0.77942,-0.76121,-0.73913,5.0,2.0
0.38385,0.41292,0.41856,0.21032,0.32658,0.44285,0.55912,0.67538,0.79165,0.90792,1.0242,1.1405,1.2567,0.41856,1.3686,1.4558,1.5708,1.665,1.7522,1.8394,1.9213,1.9795,2.0376,2.0957,0.41856,2.1539,2.2003,2.2233,2.2237,2.2528,2.258,2.258,2.2454,2.2233,2.2142,0.41856,2.0107,1.8072,1.6801,1.5391,1.3669,1.2775,1.1613,0.94262,0.78992,0.67365,0.41856,0.55738,0.44112,0.32485,0.20858,0.092316,-0.02395,-0.14022,-0.25648,-0.37275,-0.735,0.43808,-0.89595,-0.9671,-1.0252,-1.0834,-1.1415,-1.1996,-1.2352,-1.2643,-1.3046,-1.3515,0.45326,-1.3515,-1.3805,-1.3862,-1.3862,-1.3862,-1.3797,-1.3515,-1.3515,-1.3029,-1.2634,0.45326,-1.2213,-1.1706,-1.1398,-1.0816,-0.99833,-0.93065,-0.85864,-0.77968,-0.71895,-0.63175,0.45326,-0.54455,-0.43696,-0.32069,-0.21353,-0.12286,-0.006597,0.13657,0.26064,0.37691,0.49318,0.45326,0.60944,0.72571,0.84197,0.93612,1.0398,1.1452,1.2324,1.3196,1.4068,1.471,0.41856,0.45326,1.5465,1.622,1.6801,1.7378,1.7669,1.796,1.825,1.8541,1.8762,1.8749,0.45326,1.8459,1.8168,1.7114,1.5929,1.4901,1.3491,1.2619,1.1747,1.0077,0.84718,0.45326,0.73091,0.61465,0.49838,0.38211,0.28667,0.18429,0.068022,-0.04434,-0.13154,-0.24607,0.45326,-0.34065,-0.42785,-0.51505,-0.60225,-0.68945,-0.94584,-1.0495,-1.1077,-1.1658,-1.2183,0.45326,-1.2474,-1.2764,-1.3055,-1.3346,-1.3636,-1.3862,-1.387,-1.4161,-1.4209,-1.4209,0.45326,-1.4209,-1.4209,-1.4191,-1.3901,-1.361,-1.3319,-1.3029,-1.2656,-1.2074,-1.1493,0.45326,-1.0912,-1.033,-0.97491,-0.90766,-0.82393,-0.7658,-0.68077,-0.61483,-0.54108,-0.45388,0.45326,-0.36668,-0.27948,-0.16451,-0.07037,0.01683,0.11488,0.22594,0.31314,0.42897,0.52224,0.45326,0.60944,0.69664,0.78384,0.87061,0.92874,1.0107,1.0797,1.1378,1.196,1.2541,0.45326,1.3122,1.3457,1.3938,1.4385,1.4676,1.4945,1.4945,1.5201,1.5292,1.5148,0.41856,0.45326,1.4597,1.3526,1.3235,1.268,1.2099,1.0758,0.91052,0.82332,0.73612,0.64892,0.45326,0.56172,0.47452,0.38732,0.29535,0.17908,0.091015,0.003815,-0.083385,-0.18186,-0.29249,0.45326,-0.37969,-0.46689,-0.55409,-0.80137,-1.0166,-1.0521,-1.1094,-1.1385,-1.1918,-1.2313,0.45326,-1.2604,-1.2821,-1.2838,-1.3129,-1.3168,-1.3168,-1.3029,-1.2821,-1.2795,-1.2504,0.45326,-1.2213,-1.1719,-1.1285,-1.0903,-1.0322,-0.97404,-0.9428,-0.89248,-0.83434,-0.77621,0.45326,-0.72242,-0.69335,-0.63652,-0.60051,-0.55496,-0.50767,-0.4734,-0.41526,-0.38576,-0.3567,0.44806,-0.32763,-0.29856,-0.2695,-0.24043,-0.21136,-0.1823,-0.15323,-0.12416,-0.10204,-0.10204,0.41899,-0.10204,-0.10204,-0.12113,-0.13675,-0.13675,-0.13675,-0.13675,-0.13675,-0.13675,-0.13675,0.41856,-0.13675,-0.13978,-0.16885,-0.17145,-0.17145,-0.17145,-0.17145,-0.17145,-0.17145,-0.17145,0.39556,-0.17145,-0.17145,-0.17145,-0.17145,-0.17145,-0.17145,-0.17145,-0.15453,0.41856,0.3665,0.33743,0.27192,0.071059,0.041992,-0.010935,-0.050848,-0.092495,-0.14369,-0.17406,0.41856,-0.23219,-0.29032,-0.32937,-0.37188,-0.43002,-0.48598,-0.51505,-0.56971,-0.60789,-0.65127,0.41856,-0.70073,-0.73283,-0.79096,-0.82263,-0.87252,-0.91547,-0.95408,-1.0083,-1.0374,-1.0664,0.41856,-1.0955,-1.1246,-1.1536,-1.1779,-1.1779,-1.2061,-1.2126,-1.2126,-1.2126,-1.207,0.41856,-1.1779,-1.1779,-1.1545,-1.1254,-1.0964,-1.0608,-1.0027,-0.94454,-0.8864,-0.82827,0.41856,-0.75712,-0.6773,-0.61743,-0.53023,-0.41787,-0.32112,-0.23392,-0.13848,-0.022215,0.094052,2.0,2.0
-2.1968,-2.0864,-1.8702,-0.83394,-0.83394,-0.8236,-0.82219,-0.81326,-0.81044,-0.80292,-0.79869,-0.79869,-0.79329,-1.8441,-0.78694,-0.78295,-0.77519,-0.77261,-0.76156,-0.75052,-0.73995,-0.73995,-0.72914,-0.71809,-1.811,-0.71645,-0.70775,-0.69671,-0.68567,-0.67462,-0.66358,-0.65254,-0.64149,-0.63045,-0.6194,-1.7804,-0.60836,-0.59567,-0.57452,-0.56348,-0.55244,-0.54139,-0.53035,-0.5193,-0.4998,-0.48547,-1.7564,-0.47442,-0.46338,-0.45234,-0.44129,-0.43025,-0.4192,-0.40816,-0.39712,-0.38748,-0.38678,-1.7245,-0.37573,-0.36469,-0.35365,-0.35224,-0.34331,-0.33226,-0.32122,-0.31699,-0.31088,-0.29984,-1.7019,-0.29349,-0.2895,-0.28174,-0.28174,-0.27986,-0.27,-0.26953,-0.25848,-0.24744,-0.2465,-1.6688,-0.2465,-0.2378,-0.23475,-0.22746,-0.21642,-0.21125,-0.20608,-0.19504,-0.18399,-0.17601,-1.6465,-0.17366,-0.16261,-0.15157,-0.14052,-0.12948,-0.11844,-0.097524,-0.0846,-0.073556,-0.062512,-1.6244,-0.051468,-0.040425,-0.023741,-0.006588,0.004456,0.019024,0.038292,0.051451,0.072129,0.083172,-2.0586,-1.5929,0.094216,0.10526,0.1163,0.12735,0.13839,0.14944,0.16048,0.16471,0.17082,0.18186,-1.5685,0.19291,0.19996,0.20324,0.21429,0.22345,0.22463,0.2352,0.2352,0.24601,0.25705,-1.5384,0.2681,0.27914,0.2822,0.28948,0.29395,0.29395,0.29395,0.29841,0.30569,0.30569,-1.5125,0.30569,0.30569,0.30569,0.30569,0.30569,0.31627,0.31744,0.31744,0.3259,0.32919,-1.4905,0.33624,0.34728,0.35833,0.36937,0.38042,0.39146,0.4025,0.41355,0.42459,0.43564,-1.4684,0.44668,0.45772,0.46877,0.47981,0.49085,0.5019,0.51294,0.52399,0.53503,0.54067,-1.4463,0.54537,0.55641,0.56417,0.56675,0.5778,0.58766,0.58813,0.59918,0.59941,0.60952,-1.4242,0.61116,0.61986,0.62291,0.62291,0.62949,0.63466,0.63466,0.63466,0.63466,0.63771,-1.4021,0.64641,0.64641,0.64735,0.65839,0.66944,0.68048,0.68165,0.69082,0.70186,0.71291,-1.3831,0.72395,0.73499,0.74604,0.75708,0.76813,0.77917,0.79303,0.81301,0.82546,0.84684,-2.0365,-1.3697,0.85789,0.87997,0.90206,0.91451,0.93449,0.94835,0.96691,0.98219,0.99323,1.0097,-1.3492,1.0271,1.0381,1.0492,1.0602,1.0712,1.0811,1.0816,1.0926,1.1037,1.1147,-1.3382,1.1258,1.1368,1.1478,1.1516,1.1582,1.1692,1.1803,1.1869,1.1906,1.2017,-1.3271,1.2127,1.2221,1.223,1.2338,1.2338,1.2444,1.2456,1.2548,1.2573,1.2573,-1.3161,1.2644,1.2691,1.2691,1.2691,1.2733,1.2808,1.2808,1.283,1.2926,1.2933,-1.3051,1.3043,1.3043,1.3147,1.3161,1.3161,1.3243,1.3278,1.3278,1.3278,1.3332,-1.294,1.3396,1.3396,1.3396,1.3422,1.3513,1.3513,1.3513,1.3513,1.3513,1.3412,-1.283,1.3396,1.3396,1.3396,1.3469,1.3579,1.369,1.38,1.3955,1.4138,1.4249,-1.2719,1.4359,1.4486,1.4698,1.481,1.5031,1.5252,1.5473,1.5786,1.6032,1.6253,-1.2686,1.6545,1.6812,1.709,1.7372,1.7593,1.7813,1.8062,1.8351,-2.0145,-1.2686,-1.2686,-1.263,-1.2569,-1.2569,-1.2534,-1.2451,-1.243,-1.232,-1.2216,-1.9924,-1.2216,-1.2106,-1.1996,-1.1885,-1.1775,-1.1747,-1.1671,-1.1561,-1.1512,-1.1457,-1.9703,-1.1347,-1.1237,-1.1159,-1.1133,-1.1042,-1.103,-1.0924,-1.0924,-1.0924,-1.0924,-1.9482,-1.083,-1.0807,-1.0727,-1.0689,-1.0623,-1.0572,-1.052,-1.0454,-1.0417,-1.0306,-1.9261,-1.0219,-1.0203,-1.0092,-0.99818,-0.98714,-0.9761,-0.96505,-0.96317,-0.95471,-0.94367,-1.8986,-0.93263,-0.92158,-0.91054,-0.89949,-0.88845,-0.88093,-0.87811,-0.86707,-0.85602,-0.84498,3.0,2.0
-0.56402,-0.59589,-0.62987,-1.5715,-1.5462,-1.5143,-1.4866,-1.4627,-1.4319,-1.4017,-1.3778,-1.3495,-1.3176,-0.62987,-1.2857,-1.2518,-1.212,-1.1769,-1.1451,-1.1132,-1.0813,-1.0495,-1.0124,-0.97261,-0.6333,-0.94067,-0.9088,-0.87693,-0.8396,-0.80002,-0.76815,-0.73628,-0.70441,-0.67254,-0.64067,-0.64126,-0.6088,-0.57693,-0.54506,-0.51319,-0.48224,-0.45834,-0.43075,-0.39888,-0.37346,-0.34956,-0.64304,-0.32566,-0.30577,-0.28983,-0.26712,-0.24479,-0.22886,-0.21292,-0.19699,-0.18105,-0.16512,-0.64403,-0.14918,-0.13792,-0.12996,-0.11455,-0.10085,-0.092884,-0.084917,-0.076949,-0.068981,-0.058446,-0.652,-0.042511,-0.031909,-0.023942,-0.015974,-0.008007,-3.9e-05,0.007929,0.016357,0.032292,0.045001,-0.65996,0.052968,0.066928,0.082073,0.09004,0.10156,0.1175,0.13343,0.15049,0.17439,0.19441,-0.66793,0.21034,0.23293,0.25538,0.27132,0.29147,0.31537,0.34625,0.37635,0.40025,0.42415,-0.66938,0.44805,0.47927,0.51114,0.54301,0.57488,0.60675,0.63862,0.67049,0.70236,0.73423,-0.6167,-0.6707,0.7661,0.79797,0.82984,0.86171,0.89911,0.93862,0.97049,1.0024,1.0342,1.0661,-0.67866,1.098,1.1298,1.1583,1.1822,1.2123,1.2432,1.2671,1.291,1.3149,1.3388,-0.68663,1.3627,1.3866,1.4064,1.4223,1.4383,1.4542,1.4701,1.4861,1.502,1.5108,-0.6946,1.5187,1.5267,1.5347,1.5426,1.5506,1.5586,1.5665,1.5694,1.5694,1.5773,-0.69572,1.5826,1.5826,1.5826,1.5826,1.5826,1.5826,1.5826,1.5826,1.5821,1.5741,-0.69736,1.5694,1.5694,1.5634,1.5554,1.5474,1.5395,1.5315,1.5235,1.5156,1.5076,-0.70533,1.4996,1.4917,1.477,1.4611,1.4451,1.4335,1.4255,1.4034,1.3814,1.3654,-0.7133,1.3449,1.321,1.3045,1.2864,1.2625,1.2336,1.2017,1.1776,1.1512,1.1193,-0.72127,1.0927,1.0687,1.0369,1.0022,0.96232,0.92808,0.89621,0.86434,0.83247,0.8006,-0.72924,0.76873,0.73686,0.70499,0.67312,0.64125,0.60938,0.57856,0.55466,0.53076,0.50686,-0.6167,-0.73523,0.48295,0.45905,0.43515,0.41539,0.39946,0.37661,0.35442,0.33848,0.32703,0.31906,-0.73523,0.30385,0.28995,0.28199,0.27402,0.26605,0.25808,0.25012,0.24215,0.23418,0.22621,-0.74471,0.22615,0.22345,0.21548,0.21298,0.21298,0.21298,0.21298,0.21298,0.21298,0.21298,-0.76064,0.21298,0.21298,0.21298,0.21298,0.21298,0.21298,0.21298,0.21298,0.21298,0.21298,-0.76907,0.21298,0.21298,0.21298,0.21298,0.21456,0.22253,0.22615,0.22615,0.23326,0.23932,-0.77474,0.23932,0.24399,0.25196,0.25993,0.26566,0.26566,0.27066,0.27863,0.27883,0.28139,-0.77474,0.28936,0.292,0.29213,0.30009,0.30516,0.30516,0.30516,0.30563,0.31359,0.31833,-0.77981,0.31833,0.31833,0.31833,0.31833,0.31833,0.31833,0.32466,0.3315,0.3315,0.3315,-0.78777,0.3315,0.3315,0.3315,0.3315,0.3315,0.3315,0.3315,0.3315,0.3315,0.33605,-0.84276,0.34401,0.35198,0.35995,0.36792,0.37588,0.38385,0.39182,0.39979,-0.6167,-0.88273,-0.89069,-0.92026,-0.9597,-0.9836,-1.0134,-1.0533,-1.0817,-1.1061,-1.138,-0.6167,-1.1698,-1.2017,-1.2336,-1.2654,-1.2973,-1.3292,-1.361,-1.3929,-1.4248,-1.4567,-0.6167,-1.4885,-1.5204,-1.5791,-1.6368,-1.6687,-1.7006,-1.7324,-1.7784,-1.8188,-1.8348,-0.6198,-1.8553,-1.8792,-1.8957,-1.916,-1.9479,-1.9551,-1.9471,-1.9468,-1.9393,-1.9154,-0.62776,-1.902,-1.8941,-1.8861,-1.8753,-1.8594,-1.8434,-1.8279,-1.8199,-1.8088,-1.7929,-0.62987,-1.771,-1.7478,-1.7319,-1.716,-1.7,-1.6778,-1.6539,-1.63,-1.6099,-1.594,4.0,2.0
0.33401,0.37519,0.37519,1.2091,1.2512,1.3054,1.3766,1.4187,1.4608,1.5029,1.545,1.5871,1.6106,0.37519,1.6301,1.6518,1.6518,1.6294,1.5873,1.5452,1.5031,1.461,1.3919,1.3356,0.37519,1.2647,1.1805,1.0656,0.97085,0.85411,0.76125,0.64265,0.51634,0.42626,0.30488,0.37519,0.17856,0.052244,-0.074073,-0.20039,-0.32609,-0.41185,-0.53816,-0.66108,-0.74962,-0.87069,0.37519,-0.96108,-1.0803,-1.1645,-1.2487,-1.3329,-1.4171,-1.5013,-1.5729,-1.615,-1.6571,0.37519,-1.6992,-1.7413,-1.7661,-1.7661,-1.747,-1.7049,-1.6628,-1.6207,-1.5786,-1.5365,0.39002,-1.4943,-1.4266,-1.369,-1.2994,-1.2152,-1.1603,-1.0879,-1.0037,-0.91948,-0.83527,0.41637,-0.75106,-0.66685,-0.58264,-0.49843,-0.41421,-0.33,-0.24579,-0.12112,-0.036188,0.048024,0.41637,0.13224,0.21943,0.34184,0.42605,0.51026,0.60116,0.71986,0.80408,0.88829,0.9725,0.39877,1.0567,1.1409,1.212,1.2682,1.3373,1.3795,1.4384,1.5048,1.547,1.5694,0.37519,0.35666,1.59,1.6106,1.6106,1.5872,1.5451,1.503,1.4347,1.3776,1.3075,1.2233,0.31456,1.1391,1.0241,0.92947,0.84525,0.72748,0.63565,0.51603,0.38971,0.30066,0.17825,0.27245,0.051936,-0.034335,-0.15952,-0.28512,-0.37098,-0.49472,-0.58243,-0.70432,-0.78853,-0.87275,0.23034,-0.95696,-1.0412,-1.1254,-1.1996,-1.2526,-1.325,-1.3671,-1.4092,-1.4513,-1.4934,0.18824,-1.5355,-1.5602,-1.5602,-1.5602,-1.5401,-1.498,-1.4558,-1.4137,-1.3716,-1.3295,0.14613,-1.2617,-1.2041,-1.1344,-1.0502,-0.96602,-0.88181,-0.79759,-0.71338,-0.62917,-0.54496,0.079938,-0.46075,-0.37654,-0.25547,-0.16693,-0.082721,0.041126,0.12688,0.2114,0.33648,0.4207,0.020742,0.508,0.6303,0.71451,0.79872,0.88293,0.96715,1.0514,1.1356,1.2093,1.2628,-0.047307,1.3347,1.3768,1.4189,1.461,1.5031,1.5282,1.5103,1.487,1.4673,1.4252,-0.10465,1.3614,1.2998,1.2342,1.15,1.0658,0.95531,0.85617,0.77196,0.65871,0.56235,0.37519,-0.17455,0.47814,0.36212,0.26854,0.15066,0.058936,-0.060793,-0.15067,-0.27225,-0.36027,-0.4837,-0.25876,-0.56987,-0.65408,-0.7383,-0.82251,-0.90672,-0.99093,-1.0751,-1.1539,-1.2024,-1.2793,-0.31332,-1.3214,-1.3635,-1.4056,-1.4477,-1.4898,-1.5062,-1.4641,-1.422,-1.3799,-1.3212,-0.38601,-1.2545,-1.1939,-1.1291,-1.0667,-0.98249,-0.89828,-0.83713,-0.77103,-0.68682,-0.60261,-0.47022,-0.5184,-0.43419,-0.34997,-0.26576,-0.18155,-0.06594,0.028052,0.11226,0.19647,0.28069,-0.55443,0.3649,0.44911,0.53332,0.61753,0.66201,0.74478,0.7874,0.83084,0.91279,0.95489,-0.60529,0.997,1.0391,1.0752,1.0683,1.0341,1.0341,1.0244,0.99288,0.98135,0.9517,-0.68167,0.93832,0.91052,0.89529,0.86934,0.85226,0.82817,0.80922,0.78699,0.78699,0.76526,-0.73068,0.74581,0.74581,0.74581,0.74581,0.74581,0.77309,0.78699,0.78699,0.78699,0.81797,-0.80892,0.82817,0.82817,0.86193,0.86934,0.86934,0.86934,0.86934,0.86934,0.37519,-0.85607,-0.93616,-0.98146,-1.0634,-1.1069,-1.1901,-1.2322,-1.2743,-1.3165,-1.3586,0.37519,-1.4007,-1.4428,-1.4779,-1.4779,-1.4779,-1.4779,-1.4672,-1.4367,-1.4241,-1.382,0.37519,-1.3399,-1.2978,-1.2394,-1.1724,-1.1303,-1.0882,-1.0261,-0.96283,-0.89889,-0.83743,0.37519,-0.77165,-0.71204,-0.64441,-0.58665,-0.51716,-0.46126,-0.38992,-0.33587,-0.26267,-0.17846,0.37519,-0.12719,-0.051219,0.032993,0.081482,0.16024,0.24445,0.29016,0.37169,0.41555,0.49883,0.37519,0.54197,0.62423,0.66921,0.74962,0.79646,0.88067,0.95829,1.0079,1.0837,1.1352,0.0,2.0
-2.2392,-2.1193,-1.8577,-0.4891,-0.4891,-0.4891,-0.4891,-0.4891,-0.49015,-0.49958,-0.50524,-0.51006,-0.52033,-1.8322,-0.52263,-0.53542,-0.5482,-0.55197,-0.56329,-0.57608,-0.59431,-0.61213,-0.62491,-0.6377,-1.7999,-0.65048,-0.66327,-0.67605,-0.69869,-0.69869,-0.70393,-0.70917,-0.70917,-0.70917,-0.70917,-1.7705,-0.70917,-0.70917,-0.70917,-0.70917,-0.70917,-0.70917,-0.70917,-0.69869,-0.69869,-0.69261,-1.745,-0.68821,-0.67773,-0.66264,-0.61003,-0.59725,-0.58446,-0.5612,-0.54841,-0.52976,-0.51236,-1.7225,-0.4891,-0.47401,-0.44844,-0.42978,-0.40778,-0.38221,-0.35664,-0.33107,-0.3055,-0.27993,-1.7043,-0.25436,-0.22879,-0.20322,-0.17765,-0.15208,-0.12651,-0.10094,-0.075366,-0.049796,-0.024226,-1.6865,0.001344,0.026914,0.052485,0.067575,0.093145,0.11348,0.13381,0.15938,0.17279,0.18956,-1.6737,0.20884,0.23022,0.24489,0.25767,0.27046,0.29058,0.30651,0.31929,0.33208,0.34486,-1.6609,0.35765,0.37043,0.38322,0.39118,0.39831,0.41109,0.4134,0.42262,0.42849,0.4331,-2.0937,-1.6481,0.4331,0.44358,0.44358,0.44358,0.44358,0.44358,0.44023,0.4331,0.42514,0.42262,-1.6353,0.41005,0.39726,0.38448,0.37169,0.35807,0.33564,0.31741,0.26082,0.23441,0.22162,-1.6402,0.20465,0.18557,0.18159,0.17048,0.1577,0.14491,0.13967,0.12982,0.12752,0.11872,-1.6425,0.11872,0.11012,0.10782,0.097756,0.097756,0.097756,0.097756,0.097756,0.097756,0.10383,-1.6523,0.10824,0.10845,0.11872,0.12354,0.12919,0.12919,0.14093,0.16797,0.20842,0.22121,-1.6523,0.24447,0.25725,0.27465,0.30022,0.31657,0.34088,0.36645,0.39202,0.41759,0.44316,-1.6599,0.45825,0.48382,0.50939,0.53496,0.56053,0.5861,0.61167,0.63724,0.65275,0.6779,-1.6628,0.69928,0.71856,0.74413,0.75922,0.78186,0.79988,0.81791,0.84055,0.85396,0.87073,-1.675,0.89001,0.91139,0.92606,0.94157,0.96211,0.97489,0.98768,1.0005,1.0132,1.026,-1.6838,1.0388,1.0516,1.0644,1.0772,1.0828,1.0923,1.0946,1.1038,1.1038,1.1038,-2.0682,-1.6838,1.1038,1.0933,1.0933,1.0864,1.0736,1.0713,1.0552,1.0353,1.0145,0.99921,-1.6924,0.96337,0.9378,0.91893,0.88812,0.86192,0.84914,0.82545,0.80261,0.79988,0.78563,-1.6942,0.76845,0.76195,0.74916,0.74686,0.73701,0.73177,0.72653,0.72653,0.72653,0.72653,-1.6915,0.72653,0.72653,0.73701,0.73701,0.74204,0.74749,0.75713,0.7609,0.7827,0.83195,-1.6838,0.87115,0.88414,0.91223,0.94576,0.97133,0.9969,1.012,1.0482,1.0946,1.1201,-1.6838,1.1457,1.1713,1.1968,1.2224,1.248,1.2725,1.2853,1.2981,1.3188,1.3239,-1.6838,1.3364,1.3492,1.3553,1.3643,1.3666,1.3763,1.3817,1.3867,1.3867,1.3886,-1.6823,1.3972,1.3972,1.3972,1.3972,1.3972,1.4025,1.4077,1.4077,1.4077,1.4077,-1.6733,1.414,1.4182,1.4182,1.4209,1.4337,1.4465,1.4593,1.4735,1.4953,1.5202,-1.6672,1.5502,1.5758,1.6014,1.6317,1.663,1.6885,1.7129,1.7292,-2.0426,-1.6628,-1.6523,-1.6498,-1.637,-1.6314,-1.6219,-1.6091,-1.5964,-1.5836,-1.5708,-2.016,-1.558,-1.5429,-1.522,-1.5023,-1.4767,-1.4511,-1.4255,-1.4,-1.3664,-1.3384,-1.981,-1.3002,-1.2619,-1.2302,-1.1956,-1.1573,-1.1221,-1.091,-1.0527,-1.0143,-0.98646,-1.9554,-0.9481,-0.91624,-0.88187,-0.85462,-0.82905,-0.79824,-0.76743,-0.74186,-0.72677,-0.7012,-1.9219,-0.68192,-0.66914,-0.64587,-0.63309,-0.6203,-0.60752,-0.59473,-0.58195,-0.56916,-0.55638,-1.8938,-0.54359,-0.53102,-0.5285,-0.52054,-0.51341,-0.51006,-0.5088,-0.49958,-0.49958,-0.4914,5.0,2.0
1.8878,1.7723,1.6486,-0.2115,-0.21464,-0.24089,-0.26195,-0.30604,-0.32795,-0.33745,-0.3986,-0.45497,-0.46967,1.638,-0.48437,-0.49907,-0.51376,-0.52846,-0.54196,-0.54527,-0.55997,-0.57466,-0.58936,-0.59232,1.6233,-0.60617,-0.62087,-0.63556,-0.64268,-0.65237,-0.66707,-0.68177,-0.69646,-0.71116,-0.72586,1.6086,-0.74056,-0.75526,-0.78254,-0.79724,-0.81194,-0.83435,-0.85392,-0.86862,-0.89591,-0.91061,1.5939,-0.92531,-0.94778,-0.96729,-0.98199,-0.9982,-1.024,-1.0387,-1.0612,-1.0807,-1.0954,1.5792,-1.1226,-1.1373,-1.1578,-1.1793,-1.194,-1.2087,-1.236,-1.2507,-1.2654,-1.2801,1.5645,-1.2948,-1.3095,-1.3242,-1.3389,-1.3536,-1.3683,-1.383,-1.3854,-1.3998,-1.4145,1.5498,-1.4292,-1.4439,-1.4586,-1.4733,-1.461,-1.457,-1.4484,-1.4402,-1.4358,-1.4234,1.5351,-1.4106,-1.4066,-1.398,-1.3898,-1.3751,-1.3729,-1.3583,-1.3436,-1.3351,-1.3268,1.5204,-1.3225,-1.31,-1.2953,-1.2806,-1.2659,-1.2595,-1.2491,-1.2344,-1.2197,-1.205,1.7577,1.5057,-1.1903,-1.1756,-1.1609,-1.1462,-1.1337,-1.1294,-1.1147,-1.1,-1.0959,-1.0832,1.491,-1.0707,-1.0664,-1.0517,-1.037,-1.0329,-1.0202,-1.0055,-0.9908,-0.9761,-0.97,1.4763,-0.9593,-0.9446,-0.9299,-0.9152,-0.9005,-0.87715,-0.85852,-0.84382,-0.82912,-0.81443,1.4616,-0.79973,-0.78503,-0.77033,-0.75563,-0.74094,-0.7308,-0.72413,-0.70943,-0.69473,-0.68044,1.4469,-0.67793,-0.66323,-0.64853,-0.64268,-0.63172,-0.62962,-0.61492,-0.60491,-0.60491,-0.596,1.4322,-0.59232,-0.57973,-0.57709,-0.56714,-0.56714,-0.56714,-0.55606,-0.55455,-0.55185,-0.54196,1.4175,-0.53504,-0.52937,-0.52937,-0.51678,-0.51401,-0.5042,-0.5042,-0.5042,-0.49299,-0.49161,1.4028,-0.48877,-0.47902,-0.47197,-0.46643,-0.45516,-0.45384,-0.45094,-0.44125,-0.43414,-0.42866,1.3881,-0.41733,-0.41522,-0.40348,-0.39841,-0.39089,-0.38161,-0.3783,-0.36571,-0.36269,-0.34799,1.3734,-0.34054,-0.33119,-0.31649,-0.30277,-0.29968,-0.28498,-0.27759,-0.26818,-0.25348,-0.23878,1.743,1.3587,-0.22408,-0.21464,-0.20728,-0.19258,-0.1663,-0.1517,-0.14849,-0.13379,-0.11909,-0.10439,1.344,-0.089694,-0.087586,-0.072888,-0.05819,-0.043492,-0.028794,-0.014096,-0.000626,0.002711,0.017409,1.3293,0.032107,0.037142,0.048913,0.063611,0.078309,0.093007,0.1077,0.1224,0.1371,0.1518,1.3146,0.1665,0.18119,0.21125,0.24556,0.26306,0.29034,0.30857,0.34923,0.39254,0.41208,1.2999,0.43874,0.46813,0.50471,0.55211,0.5815,0.6109,0.64029,0.67277,0.72791,0.76625,1.2852,0.79564,0.83502,0.86703,0.93419,0.9673,1.0056,1.0429,1.077,1.1428,1.1752,1.2705,1.2155,1.2625,1.3121,1.3415,1.3708,1.4002,1.4373,1.4842,1.5056,1.5304,1.2384,1.5598,1.5874,1.6021,1.6168,1.6315,1.6462,1.6609,1.6756,1.6903,1.705,1.153,1.7197,1.7344,1.7491,1.7638,1.7785,1.7932,1.8079,1.8226,1.8373,1.852,1.1383,1.8667,1.8814,1.8961,1.9004,1.9129,1.9255,1.9214,1.9067,1.7283,1.0883,1.0149,0.99348,0.96859,0.91373,0.89903,0.84883,0.78633,0.76681,0.75212,1.7136,0.73742,0.72272,0.70802,0.69332,0.67863,0.66393,0.64923,0.63453,0.62884,0.61773,1.6989,0.60303,0.58833,0.57363,0.55893,0.54424,0.52954,0.51484,0.50014,0.48545,0.47075,1.6842,0.45605,0.44135,0.42665,0.41196,0.39726,0.38256,0.37705,0.36575,0.35105,0.33636,1.6695,0.32166,0.30696,0.25525,0.19312,0.17122,0.10072,0.057222,0.049731,0.012467,-0.0349,1.6548,-0.064516,-0.076161,-0.086484,-0.10134,-0.11072,-0.11393,-0.12954,-0.16429,-0.17996,-0.20205,1.0,2.0
0.4025,0.4025,0.37672,-0.074303,0.016417,0.10688,0.19786,0.30147,0.39154,0.48291,0.58651,0.69012,0.79373,0.37672,0.88316,0.97517,1.0788,1.1678,1.2455,1.3232,1.4009,1.4786,1.5411,1.6083,0.37672,1.6705,1.7223,1.7741,1.8101,1.852,1.8877,1.9136,1.9395,1.9489,1.9489,0.37672,1.9489,1.932,1.804,1.7084,1.5875,1.4843,1.4066,1.2759,1.1739,1.0783,0.37672,0.93857,0.76499,0.65687,0.56074,0.40146,0.27621,-0.18487,-0.40175,-0.49853,-0.58293,0.37672,-0.66064,-0.73834,-0.83564,-0.89981,-0.97146,-1.0292,-1.1011,-1.1586,-1.2104,-1.2417,0.37672,-1.2882,-1.3193,-1.3243,-1.3453,-1.3501,-1.3501,-1.3287,-1.3243,-1.3026,-1.2767,0.37672,-1.2508,-1.2029,-1.1733,-1.1251,-1.0508,-0.99569,-0.9212,-0.8435,-0.76579,-0.68809,0.37672,-0.61038,-0.53268,-0.43152,-0.32791,-0.24801,-0.14647,-0.04286,0.060747,0.16435,0.26796,0.37672,0.37157,0.47518,0.60352,0.68329,0.786,0.8896,0.99321,1.0714,1.1491,1.2525,0.4025,0.37672,1.3303,1.4079,1.46,1.5373,1.5891,1.6409,1.6927,1.7436,1.7695,1.7954,0.37943,1.8213,1.8458,1.8442,1.8133,1.7061,1.5565,1.4726,1.3237,1.2437,1.1328,0.4025,0.95919,0.84476,0.64889,0.54824,0.46744,0.36384,0.26023,0.1601,0.021056,-0.43719,0.4025,-0.53693,-0.61863,-0.71811,-0.80007,-0.8993,-0.977,-1.0547,-1.1276,-1.1794,-1.2313,0.4025,-1.2831,-1.3296,-1.3609,-1.4016,-1.4073,-1.4274,-1.4274,-1.4274,-1.4274,-1.4274,0.4025,-1.4209,-1.395,-1.3691,-1.3364,-1.2916,-1.2586,-1.2068,-1.155,-1.0957,-1.0256,0.4025,-0.96605,-0.88834,-0.81064,-0.73293,-0.65523,-0.57752,-0.49131,-0.39634,-0.30987,-0.21515,0.40598,-0.12843,-0.024819,0.078788,0.17299,0.26023,0.36384,0.45765,0.53536,0.62311,0.71654,0.42827,0.79424,0.87195,0.96022,1.0531,1.1308,1.2085,1.2862,1.364,1.4303,1.4821,0.42827,1.5223,1.56,1.5999,1.6258,1.6517,1.6654,1.6777,1.6911,1.6911,1.6784,0.40211,0.42827,1.5881,1.3936,1.2393,1.1616,1.0705,0.96692,0.87698,0.79927,0.70765,0.61809,0.42827,0.52621,0.4226,0.33342,0.24116,0.13755,0.033943,-0.30884,-0.58564,-0.67404,-0.76708,0.42827,-0.85522,-0.93293,-1.0106,-1.0883,-1.166,-1.2276,-1.2957,-1.357,-1.4088,-1.444,0.42827,-1.4699,-1.4958,-1.5217,-1.5305,-1.5305,-1.5131,-1.5047,-1.487,-1.4434,-1.4095,0.42827,-1.3655,-1.3137,-1.2619,-1.1917,-1.1325,-1.0621,-0.98435,-0.8877,-0.80316,-0.72546,0.42376,-0.64775,-0.57005,-0.49234,-0.41464,-0.33693,-0.2792,-0.20729,-0.14982,-0.077654,-0.020438,0.39786,0.031366,0.083169,0.1141,0.161,0.19167,0.23884,0.26925,0.29515,0.32105,0.32518,0.37195,0.34708,0.37299,0.37672,0.37672,0.37672,0.37672,0.35404,0.35095,0.35095,0.35095,0.34605,0.32775,0.32518,0.32518,0.32518,0.32518,0.32518,0.32518,0.32518,0.32518,0.32518,0.32015,0.32518,0.34979,0.35095,0.35095,0.35095,0.35095,0.35095,0.35095,0.37672,0.29425,0.26835,0.24245,0.211,0.15353,0.081623,0.012036,-0.099303,-0.17585,-0.306,0.37672,-0.35781,-0.40961,-0.46141,-0.54054,-0.66811,-0.71992,-0.77172,-0.82352,-0.87533,-0.92713,0.37672,-0.9712,-1.005,-1.0488,-1.0747,-1.1006,-1.1265,-1.1609,-1.2041,-1.23,-1.2559,0.37672,-1.2727,-1.2819,-1.3078,-1.3243,-1.3243,-1.3243,-1.3243,-1.3144,-1.2985,-1.2883,0.37672,-1.2624,-1.2365,-1.2106,-1.1847,-1.1588,-1.1329,-1.0959,-1.0441,-0.99234,-0.94053,0.37672,-0.87713,-0.81115,-0.74749,-0.66979,-0.59208,-0.51438,-0.43667,-0.34647,-0.25549,-0.16502,2.0,2.0
-2.3109,-2.0286,-1.6236,-0.73286,-0.72431,-0.71576,-0.7072,-0.69865,-0.6901,-0.68154,-0.67299,-0.66443,-0.65912,-1.6065,-0.65912,-0.65352,-0.64497,-0.64438,-0.64261,-0.63405,-0.62963,-0.62963,-0.62963,-0.62933,-1.5894,-0.62078,-0.61488,-0.61488,-0.60987,-0.60131,-0.59276,-0.58538,-0.58538,-0.58185,-0.57329,-1.5803,-0.56474,-0.55618,-0.54763,-0.53908,-0.53052,-0.52639,-0.52639,-0.51961,-0.51105,-0.5025,-1.5717,-0.49395,-0.48539,-0.48215,-0.48215,-0.47448,-0.46593,-0.45737,-0.45265,-0.45265,-0.44646,-1.5632,-0.4379,-0.42935,-0.4208,-0.41224,-0.40369,-0.39514,-0.39366,-0.39278,-0.38422,-0.37567,-1.5546,-0.36711,-0.35856,-0.35001,-0.34145,-0.3329,-0.32435,-0.31579,-0.30724,-0.29868,-0.29013,-1.5461,-0.28158,-0.27037,-0.25326,-0.24117,-0.23261,-0.21668,-0.20076,-0.1922,-0.18011,-0.163,-1.544,-0.15179,-0.14324,-0.12643,-0.10932,-0.092211,-0.079528,-0.070974,-0.055636,-0.039119,-0.030565,-1.5437,-0.019061,-0.001954,0.009845,0.018399,0.026953,0.035506,0.04406,0.052614,0.061168,0.069722,-1.8171,-1.5352,0.078276,0.086829,0.095383,0.10394,0.10777,0.10777,0.11485,0.1234,0.13196,0.13727,-1.5293,0.13727,0.14287,0.15143,0.15202,0.15202,0.15202,0.15615,0.1647,0.16676,0.16706,-1.5293,0.17561,0.18417,0.19272,0.19626,0.19626,0.20363,0.21219,0.22074,0.22576,0.22576,-1.5293,0.23165,0.24021,0.24876,0.25732,0.26587,0.27,0.27,0.27678,0.28534,0.29389,-1.5293,0.30245,0.311,0.31955,0.32811,0.33666,0.34521,0.35377,0.36232,0.37088,0.37943,-1.5293,0.38798,0.39654,0.40509,0.41365,0.4222,0.43075,0.43931,0.44786,0.45641,0.46497,-1.5281,0.47352,0.48208,0.49063,0.49918,0.50774,0.51629,0.52485,0.5334,0.54195,0.55051,-1.5195,0.55906,0.57292,0.59859,0.61422,0.62277,0.6387,0.65463,0.66318,0.67527,0.69238,-1.5145,0.70949,0.7266,0.73545,0.74607,0.76317,0.78028,0.79739,0.80771,0.81686,0.83396,-1.5145,0.85107,0.86818,0.87998,0.88853,0.89709,0.90711,0.92422,0.93749,0.94605,0.9546,-1.7915,-1.5086,0.96316,0.97171,0.98026,0.98882,0.99737,1.0059,1.0145,1.023,1.0316,1.0401,-1.5001,1.0487,1.0572,1.0658,1.0744,1.0829,1.0915,1.1,1.1086,1.1106,1.1106,-1.4915,1.1106,1.1133,1.1218,1.1254,1.1254,1.1328,1.1401,1.1401,1.1401,1.1401,-1.4829,1.1401,1.1401,1.1484,1.1549,1.1549,1.1549,1.1549,1.1549,1.1549,1.1549,-1.4744,1.1549,1.1549,1.1549,1.1549,1.1625,1.1696,1.1696,1.1696,1.1696,1.1696,-1.4658,1.1696,1.1696,1.172,1.1805,1.1844,1.1844,1.1915,1.2,1.2086,1.2171,-1.4573,1.2257,1.2342,1.2428,1.2593,1.2746,1.2832,1.2959,1.313,1.3301,1.3472,-1.4487,1.3643,1.3841,1.4097,1.4354,1.461,1.4867,1.5124,1.538,1.5637,1.5894,-1.4402,1.6209,1.6551,1.6811,1.7047,1.7218,1.7433,1.769,1.7879,1.8044,1.8129,-1.4316,1.8244,1.8415,1.8533,1.8619,1.8705,1.8761,1.8675,1.8628,-1.7611,-1.4231,-1.4145,-1.406,-1.3974,-1.3812,-1.3656,-1.357,-1.3484,-1.3399,-1.3313,-1.7269,-1.3228,-1.3057,-1.2933,-1.2933,-1.2886,-1.28,-1.2715,-1.2629,-1.2544,-1.2458,-1.6997,-1.2372,-1.2343,-1.2343,-1.2263,-1.2178,-1.2092,-1.2007,-1.1921,-1.1771,-1.1603,-1.675,-1.1517,-1.1432,-1.1346,-1.121,-1.1039,-1.0868,-1.0697,-1.0526,-1.0355,-1.0184,-1.6579,-1.0013,-0.98417,-0.96706,-0.94996,-0.93285,-0.91574,-0.89863,-0.88831,-0.87917,-0.86206,-1.6408,-0.84495,-0.82784,-0.81604,-0.80749,-0.79127,-0.77563,-0.76708,-0.75853,-0.74997,-0.74142,3.0,2.0
1.9375,1.8684,1.7615,-0.40703,-0.40989,-0.44768,-0.46557,-0.51867,-0.53513,-0.54701,-0.55875,-0.55932,-0.5712,1.7496,-0.58308,-0.59496,-0.60684,-0.61872,-0.6306,-0.63891,-0.64692,-0.66625,-0.67813,-0.69001,1.7377,-0.70189,-0.71377,-0.72565,-0.73753,-0.74941,-0.75342,-0.76172,-0.78233,-0.79693,-0.80881,1.7258,-0.82069,-0.83257,-0.84445,-0.85633,-0.86821,-0.88009,-0.89197,-0.90385,-0.91573,-0.93005,1.714,-0.95094,-0.96282,-0.9747,-0.99073,-1.0099,-1.0218,-1.0337,-1.0456,-1.0574,-1.0693,1.7021,-1.0884,-1.1045,-1.1164,-1.1283,-1.1402,-1.152,-1.1542,-1.1644,-1.1762,-1.1881,1.6902,-1.2,-1.2119,-1.2238,-1.2356,-1.2475,-1.2573,-1.2598,-1.2717,-1.2836,-1.2916,1.6783,-1.2959,-1.3078,-1.3197,-1.3315,-1.3434,-1.3553,-1.3534,-1.3416,-1.3297,-1.326,1.6664,-1.3174,-1.3055,-1.2936,-1.2817,-1.2802,-1.2694,-1.2575,-1.2457,-1.2338,-1.2219,1.6546,-1.2115,-1.2096,-1.1977,-1.1858,-1.1739,-1.1621,-1.1502,-1.1383,-1.1264,-1.1198,1.8565,1.6427,-1.1141,-1.1022,-1.0904,-1.0785,-1.0666,-1.0547,-1.0428,-1.031,-1.0191,-1.0072,1.6308,-0.99532,-0.98343,-0.97155,-0.95967,-0.94779,-0.93591,-0.92403,-0.91215,-0.90027,-0.88839,1.6189,-0.87651,-0.86463,-0.85275,-0.84087,-0.82441,-0.80566,-0.79378,-0.7819,-0.77002,-0.75814,1.607,-0.74626,-0.73438,-0.7225,-0.71906,-0.71019,-0.69831,-0.69616,-0.686,-0.67412,-0.67326,1.5952,-0.67326,-0.66181,-0.66095,-0.65036,-0.65036,-0.64821,-0.63891,-0.63891,-0.63547,-0.62746,1.5833,-0.62746,-0.62746,-0.6223,-0.616,-0.616,-0.60956,-0.60455,-0.60455,-0.60455,-0.60455,1.5714,-0.59597,-0.5931,-0.58366,-0.58165,-0.57135,-0.55947,-0.54759,-0.54716,-0.53528,-0.5244,1.5595,-0.52297,-0.51109,-0.49921,-0.48733,-0.47544,-0.46714,-0.46314,-0.45125,-0.43937,-0.42749,1.5476,-0.40989,-0.39228,-0.3804,-0.36852,-0.35664,-0.34476,-0.32458,-0.30955,-0.29767,-0.28579,1.5358,-0.26389,-0.25058,-0.2387,-0.22682,-0.21465,-0.19161,-0.17973,-0.16785,-0.15597,-0.14408,1.8446,1.5239,-0.1322,-0.12032,-0.11217,-0.10801,-0.096134,-0.089264,-0.083825,-0.071944,-0.066362,-0.059635,1.512,-0.054911,-0.047325,-0.04346,-0.04346,-0.034586,-0.032009,-0.022276,-0.020558,-0.009966,0.001914,1.5001,0.013794,0.025675,0.038414,0.060886,0.072766,0.086794,0.10798,0.12286,0.14319,0.15893,1.4882,0.18269,0.20646,0.23022,0.26514,0.30665,0.33585,0.36648,0.40212,0.43776,0.4734,1.4764,0.50905,0.54469,0.58033,0.61597,0.65161,0.69798,0.73434,0.80448,0.85143,0.88707,1.4645,0.92414,0.9698,1.0077,1.0525,1.0913,1.1388,1.1824,1.2224,1.2651,1.306,1.4526,1.3478,1.4019,1.4535,1.4891,1.5173,1.5489,1.5763,1.6,1.6238,1.6475,1.4407,1.6713,1.6846,1.7183,1.7313,1.7429,1.7422,1.6375,0.79088,0.779,0.77199,1.4288,0.78387,0.79575,0.80763,0.81951,0.83139,1.239,1.7652,1.7948,1.8242,1.8479,1.3958,1.8789,1.9069,1.9307,1.946,1.9667,1.9719,1.9622,1.9503,1.8328,1.3364,1.2708,1.2325,1.2136,1.1972,1.1775,1.1122,1.0814,1.0604,0.99828,1.8209,0.93702,0.90897,0.85257,0.82709,0.81393,0.75381,0.68253,0.61124,0.54998,0.52594,1.809,0.45752,0.41128,0.3994,0.38752,0.37564,0.34372,0.30608,0.2942,0.25713,0.19772,1.7971,0.16695,0.15507,0.14319,0.13131,0.083931,0.061745,0.010932,0.002343,0.002343,-0.030721,1.7852,-0.077813,-0.11217,-0.11217,-0.11474,-0.13678,-0.15296,-0.18087,-0.18388,-0.19232,-0.19619,1.7734,-0.21665,-0.24285,-0.26503,-0.28951,-0.29538,-0.3147,-0.3366,-0.34118,-0.34891,-0.38527,1.0,2.0
-2.0368,-1.9375,-1.7279,-0.69074,-0.70177,-0.70177,-0.7128,-0.72384,-0.72384,-0.73487,-0.7459,-0.75694,-0.76797,-1.7168,-0.779,-0.79003,-0.80107,-0.8121,-0.82313,-0.8452,-0.85623,-0.9114,-0.9114,-0.9114,-1.6948,-0.90037,-0.90037,-0.90037,-0.88933,-0.88933,-0.8783,-0.8783,-0.86727,-0.85623,-0.85623,-1.6727,-0.8452,-0.83417,-0.82313,-0.8121,-0.73487,-0.72384,-0.70177,-0.69074,-0.6797,-0.65764,-1.6617,-0.63557,-0.62454,-0.60247,-0.59144,-0.56937,-0.55834,-0.54731,-0.52524,-0.51421,-0.50317,-1.6396,-0.48111,-0.45904,-0.44801,-0.42594,-0.40387,-0.38181,-0.35974,-0.33768,-0.31561,-0.29354,-1.6175,-0.27148,-0.24941,-0.23838,-0.21631,-0.19424,-0.17218,-0.15011,-0.13908,-0.11701,-0.094946,-1.6065,-0.07288,-0.050813,-0.03978,-0.017714,-0.006681,0.004352,0.026419,0.037452,0.048485,0.059518,-1.5844,0.059518,0.070551,0.070551,0.081584,0.081584,0.081584,0.081584,0.081584,0.081584,0.081584,-1.5624,0.070551,0.059518,0.059518,0.048485,0.037452,0.026419,0.015385,0.004352,-0.017714,-0.028747,-1.9154,-1.5513,-0.03978,-0.050813,-0.061847,-0.07288,-0.07288,-0.083913,-0.094946,-0.10598,-0.17218,-0.17218,-1.5403,-0.17218,-0.17218,-0.16114,-0.15011,-0.15011,-0.13908,-0.12805,-0.11701,-0.10598,-0.083913,-1.5293,-0.07288,-0.050813,0.048485,0.081584,0.10365,0.12572,0.14778,0.18088,0.20295,0.23605,-1.5072,0.25811,0.29121,0.31328,0.34638,0.37948,0.41258,0.43465,0.46774,0.48981,0.52291,-1.5072,0.54498,0.57808,0.60014,0.62221,0.64428,0.66634,0.68841,0.72151,0.74357,0.76564,-1.4962,0.78771,0.79874,0.82081,0.84287,0.8539,0.87597,0.887,0.89804,0.90907,0.90907,-1.4851,0.9201,0.9201,0.9201,0.9201,0.9201,0.9201,0.90907,0.89804,0.887,0.87597,-1.4741,0.86494,0.8539,0.83184,0.82081,0.80977,0.78771,0.77667,0.76564,0.75461,0.73254,-1.4631,0.72151,0.71047,0.68841,0.67737,0.66634,0.65531,0.64428,0.63324,0.62221,0.61118,-1.452,0.61118,0.60014,0.60014,0.58911,0.58911,0.58911,0.57808,0.57808,0.57808,0.58911,-1.8933,-1.452,0.58911,0.58911,0.60014,0.61118,0.62221,0.62221,0.63324,0.65531,0.66634,0.67737,-1.452,0.68841,0.71047,0.72151,0.74357,0.75461,0.77667,0.79874,0.887,0.90907,0.93114,-1.452,0.9532,0.96424,0.9863,1.0084,1.0194,1.0415,1.0635,1.0856,1.0966,1.1187,-1.452,1.1408,1.1518,1.1739,1.1849,1.207,1.218,1.229,1.2401,1.2621,1.2732,-1.452,1.2842,1.2952,1.2952,1.3063,1.3173,1.3173,1.3283,1.3283,1.3394,1.3394,-1.441,1.3394,1.3394,1.3394,1.3394,1.3394,1.3394,1.3394,1.3283,1.3283,1.3283,-1.441,1.3173,1.3173,1.3173,1.3173,1.3173,1.3173,1.3173,1.3283,1.3394,1.3504,-1.441,1.3614,1.3725,1.3835,1.4056,1.4276,1.4497,1.4607,1.4828,1.5049,1.5269,-1.43,1.538,1.56,1.5711,1.5821,1.6042,1.6152,1.6262,1.6373,1.6483,1.6593,-1.43,1.6704,1.6814,1.6924,1.7035,1.7145,1.7255,1.7366,1.7476,-1.8713,-1.4189,-1.4079,-1.4079,-1.3969,-1.3969,-1.3858,-1.3748,-1.3638,-1.3638,-1.3527,-1.8492,-1.3417,-1.3307,-1.3196,-1.3086,-1.2865,-1.2755,-1.2534,-1.2424,-1.2203,-1.1983,-1.8161,-1.1762,-1.1541,-1.1431,-1.121,-1.099,-1.0769,-1.0659,-1.0438,-1.0328,-1.0107,-1.7941,-0.98863,-0.9776,-0.95553,-0.93347,-0.9114,-0.90037,-0.8783,-0.85623,-0.83417,-0.82313,-1.772,-0.80107,-0.79003,-0.76797,-0.75694,-0.7459,-0.72384,-0.7128,-0.7128,-0.70177,-0.69074,-1.7499,-0.69074,-0.6797,-0.6797,-0.6797,-0.6797,-0.6797,-0.6797,-0.6797,-0.69074,-0.69074,5.0,2.0
-0.43436,-0.44495,-0.47802,-1.6786,-1.6505,-1.6217,-1.6006,-1.5698,-1.538,-1.5063,-1.4745,-1.4427,-1.411,-0.47802,-1.3792,-1.3475,-1.3157,-1.2809,-1.2386,-1.2059,-1.1741,-1.1423,-1.1106,-1.0788,-0.47802,-1.047,-1.0153,-0.98352,-0.95176,-0.92,-0.88823,-0.85647,-0.82471,-0.79295,-0.76119,-0.48468,-0.73779,-0.71222,-0.68089,-0.65972,-0.63148,-0.60281,-0.58164,-0.56047,-0.53354,-0.50356,-0.49258,-0.48239,-0.46121,-0.44004,-0.41887,-0.39769,-0.37652,-0.35534,-0.33417,-0.32274,-0.30637,-0.49258,-0.28702,-0.27643,-0.26584,-0.25526,-0.24467,-0.23408,-0.22349,-0.21607,-0.21607,-0.20628,-0.49258,-0.20152,-0.19966,-0.18908,-0.17849,-0.17241,-0.17187,-0.16128,-0.15786,-0.15466,-0.14407,-0.49792,-0.14331,-0.13745,-0.12686,-0.11627,-0.10569,-0.0951,-0.084513,-0.073926,-0.063339,-0.052751,-0.50713,-0.042164,-0.031577,-0.015096,0.00415,0.014738,0.033875,0.055049,0.076224,0.097398,0.11857,-0.50713,0.13975,0.16092,0.1821,0.20327,0.22444,0.24562,0.26679,0.28797,0.3098,0.34156,-0.44892,-0.50713,0.36604,0.38722,0.40839,0.4395,0.4653,0.48647,0.50764,0.53744,0.56455,0.58572,-0.51117,0.6069,0.63538,0.66714,0.69891,0.7207,0.74788,0.7776,0.79878,0.82861,0.85568,-0.52168,0.87758,0.90934,0.93375,0.95831,0.99007,1.0118,1.039,1.0687,1.0899,1.1198,-0.52168,1.1468,1.1687,1.2005,1.2249,1.2461,1.2672,1.2884,1.3157,1.3453,1.3665,-0.52168,1.3877,1.4088,1.43,1.4512,1.4724,1.4935,1.5147,1.5359,1.5571,1.5761,-0.52168,1.5867,1.606,1.6224,1.633,1.6436,1.6542,1.6647,1.6753,1.6859,1.6904,-0.52168,1.6925,1.7031,1.7049,1.7049,1.7058,1.7164,1.7195,1.7195,1.7195,1.7093,-0.52168,1.6864,1.659,1.6484,1.6379,1.6273,1.6167,1.6061,1.588,1.5704,1.5598,-0.52707,1.539,1.5178,1.4967,1.4755,1.4454,1.4186,1.3965,1.3647,1.3178,1.2721,-0.53624,1.2403,1.2085,1.1768,1.145,1.1133,1.0815,1.0497,1.018,0.98622,0.95445,-0.45157,-0.53624,0.92633,0.90516,0.87372,0.84196,0.81253,0.79135,0.76123,0.72947,0.69669,0.65434,-0.53624,0.61963,0.59154,0.57037,0.54919,0.52802,0.50921,0.49862,0.47905,0.45787,0.43775,-0.53624,0.42717,0.4089,0.38773,0.36655,0.34538,0.32421,0.30543,0.29484,0.28426,0.27367,-0.53634,0.26308,0.2525,0.24191,0.23507,0.23507,0.23507,0.23507,0.23507,0.23507,0.23507,-0.54693,0.23507,0.23507,0.23507,0.24282,0.24962,0.24962,0.26003,0.26417,0.26417,0.26417,-0.55079,0.26417,0.2693,0.27873,0.27873,0.27873,0.27873,0.27873,0.27873,0.27873,0.27622,-0.55079,0.26563,0.26417,0.26417,0.26417,0.26417,0.26417,0.26803,0.27862,0.27873,0.27873,-0.55079,0.27873,0.27873,0.27873,0.27873,0.27873,0.27873,0.27873,0.27873,0.27873,0.27873,-0.56956,0.27873,0.27873,0.27873,0.27873,0.27873,0.27873,0.27873,0.27873,0.28266,0.29324,-0.57989,0.29328,0.29328,0.29328,0.29328,0.29328,0.29328,0.29328,0.29328,-0.46216,-0.58863,-0.65215,-0.67529,-0.68588,-0.69704,-0.74998,-0.78262,-0.815,-0.87852,-0.90435,-0.46347,-0.94735,-1.0094,-1.0623,-1.0909,-1.1162,-1.1478,-1.169,-1.2174,-1.2724,-1.3042,-0.46347,-1.3548,-1.3968,-1.4285,-1.4603,-1.4921,-1.5322,-1.5847,-1.6165,-1.6619,-1.7062,-0.46347,-1.7274,-1.7486,-1.7697,-1.7956,-1.8485,-1.8769,-1.9108,-1.9627,-1.9733,-1.977,-0.46347,-1.9799,-1.9905,-1.9629,-1.9423,-1.9333,-1.9333,-1.9251,-1.9102,-1.8894,-1.8788,-0.47144,-1.8682,-1.8547,-1.8335,-1.8219,-1.8057,-1.7845,-1.7633,-1.7422,-1.721,-1.6998,4.0,2.0
0.082962,0.043381,0.010337,1.5899,1.6097,1.6295,1.6493,1.6691,1.6807,1.6807,1.6693,1.6495,1.6297,0.010337,1.6099,1.5721,1.5325,1.493,1.4487,1.3893,1.3219,1.2428,1.1636,1.0845,0.010337,0.99077,0.89182,0.77507,0.65633,0.53759,0.41431,0.27578,0.14506,0.026315,-0.1035,0.010337,-0.24203,-0.36622,-0.48496,-0.58609,-0.68613,-0.80487,-0.9149,-0.99406,-1.0732,-1.1524,0.010337,-1.2206,-1.28,-1.3394,-1.3988,-1.4407,-1.4803,-1.5199,-1.5553,-1.5751,-1.5948,0.010337,-1.6146,-1.613,-1.5932,-1.5874,-1.5874,-1.5702,-1.5496,-1.5101,-1.4665,-1.4071,0.010337,-1.3477,-1.2884,-1.229,-1.1696,-1.0965,-1.0173,-0.93814,-0.85898,-0.77982,-0.69684,0.010337,-0.59789,-0.50602,-0.42686,-0.33735,-0.2384,-0.15307,-0.073907,0.022139,0.12073,0.19989,0.010337,0.28268,0.38163,0.47368,0.55284,0.632,0.71116,0.77689,0.83626,0.91233,0.99131,-0.002554,1.0507,1.1066,1.1462,1.1858,1.2253,1.2649,1.3045,1.3308,1.3506,1.3704,0.010337,-0.022344,1.3902,1.3902,1.3902,1.3902,1.3837,1.3639,1.3441,1.3243,1.3045,1.2847,-0.042134,1.2486,1.209,1.1498,1.0935,1.054,1.0017,0.9225,0.84334,0.76418,0.68502,-0.061924,0.60586,0.51054,0.41159,0.31264,0.21369,0.11473,0.009611,-0.10913,-0.21843,-0.31738,-0.081714,-0.41633,-0.51528,-0.61423,-0.71318,-0.79289,-0.87205,-0.95121,-1.0304,-1.1095,-1.1794,-0.10441,-1.2388,-1.2982,-1.3575,-1.4169,-1.4763,-1.5166,-1.5536,-1.5734,-1.5932,-1.613,-0.14399,-1.6328,-1.6526,-1.66,-1.66,-1.6444,-1.6246,-1.6048,-1.585,-1.5653,-1.5398,-0.1774,-1.5003,-1.4607,-1.4211,-1.3815,-1.3419,-1.2869,-1.2275,-1.1682,-1.1088,-1.0494,-0.19719,-0.98462,-0.90546,-0.83501,-0.77564,-0.70429,-0.62513,-0.54597,-0.46681,-0.40616,-0.3448,-0.22642,-0.26564,-0.18648,-0.10731,-0.028154,0.051007,0.13017,0.20933,0.28849,0.36765,0.44681,-0.266,0.52597,0.60513,0.68429,0.76345,0.83426,0.89363,0.96462,1.0438,1.0932,1.1327,0.010337,-0.30558,1.1905,1.2482,1.2878,1.3274,1.367,1.4065,1.4461,1.4743,1.4941,1.5138,-0.34516,1.5336,1.5355,1.5369,1.5567,1.5718,1.5718,1.5638,1.544,1.5242,1.5044,-0.40072,1.4846,1.4648,1.4272,1.3877,1.3481,1.3085,1.2689,1.2293,1.1898,1.1502,-0.46009,1.1106,1.0567,0.9973,0.93793,0.87965,0.84007,0.79613,0.73676,0.67739,0.61802,-0.50021,0.55865,0.49928,0.45407,0.41449,0.35748,0.29902,0.25944,0.21986,0.18028,0.14814,-0.54252,0.12835,0.09785,0.058269,0.032669,0.012879,-0.006911,-0.026701,-0.046492,-0.066282,-0.086072,-0.60189,-0.0986,-0.0986,-0.0986,-0.0986,-0.0986,-0.0986,-0.0986,-0.0986,-0.0986,-0.0986,-0.66725,-0.0986,-0.0986,-0.0986,-0.10895,-0.12874,-0.13491,-0.13491,-0.1518,-0.17122,-0.17122,-0.74641,-0.17486,-0.19465,-0.20754,-0.20754,-0.2177,-0.23749,-0.24385,-0.24385,-0.24385,-0.24403,-0.81631,-0.26382,-0.28016,-0.28016,-0.28016,-0.28016,-0.28016,-0.28016,-0.29341,0.010337,-0.87568,-0.94758,-1.0267,-1.0901,-1.1495,-1.2088,-1.2657,-1.3053,-1.3448,-1.3844,0.010337,-1.424,-1.4636,-1.4908,-1.5106,-1.5148,-1.5148,-1.5148,-1.5101,-1.4705,-1.4365,0.010337,-1.4167,-1.3792,-1.3198,-1.2604,-1.201,-1.1417,-1.0823,-1.0042,-0.92507,-0.84591,0.010337,-0.7613,-0.66235,-0.5634,-0.46445,-0.36549,-0.26654,-0.16759,-0.068642,0.030309,0.12726,0.010337,0.20642,0.29085,0.3898,0.48875,0.5877,0.67485,0.75401,0.83317,0.91233,0.99149,0.010337,1.0688,1.1282,1.1927,1.2718,1.3426,1.402,1.4498,1.4893,1.5289,1.5685,0.0,2.0
0.23315,0.26423,0.28349,0.77438,0.85839,0.93611,1.029,1.1167,1.1945,1.2607,1.3229,1.3851,1.4395,0.28349,1.4862,1.5191,1.5502,1.5813,1.6025,1.618,1.6335,1.6429,1.6429,1.6307,0.28349,1.6152,1.5996,1.5756,1.5446,1.4991,1.4525,1.4059,1.3486,1.2854,1.2077,0.2828,1.1369,1.0747,0.98684,0.89357,0.8003,0.70704,0.61377,0.5205,0.42182,0.31301,0.26726,0.2042,0.097083,0.003815,-0.097067,-0.20588,-0.31469,-0.4235,-0.53232,-0.64113,-0.74994,0.25832,-0.85875,-0.96146,-1.0547,-1.136,-1.2137,-1.2914,-1.3691,-1.4469,-1.4961,-1.5428,0.25832,-1.5894,-1.6255,-1.6557,-1.6713,-1.6868,-1.7024,-1.7052,-1.7052,-1.7052,-1.6962,0.25832,-1.6807,-1.6651,-1.6443,-1.6132,-1.5709,-1.5227,-1.4605,-1.3983,-1.3362,-1.274,0.25832,-1.2043,-1.111,-1.0274,-0.94957,-0.84075,-0.73792,-0.64465,-0.5276,-0.40551,-0.29669,0.25832,-0.1797,-0.055342,0.069015,0.19337,0.31773,0.4317,0.54051,0.64933,0.75814,0.86695,0.28349,0.25832,0.96318,1.0564,1.1497,1.2341,1.3118,1.3748,1.4318,1.4784,1.525,1.5702,0.25832,1.6013,1.625,1.6406,1.6561,1.6607,1.6296,1.6081,1.5926,1.5615,1.5305,0.25832,1.4994,1.4683,1.4351,1.3884,1.3418,1.2952,1.2345,1.1724,1.1102,1.048,0.25832,0.9852,0.90748,0.82321,0.72994,0.63668,0.54341,0.45014,0.34813,0.23931,0.1305,0.25832,0.016654,-0.1077,-0.22111,-0.33124,-0.4556,-0.57272,-0.68153,-0.79034,-0.89563,-0.9889,0.25832,-1.0822,-1.1754,-1.2533,-1.3253,-1.3875,-1.4497,-1.5079,-1.5389,-1.57,-1.6011,0.25693,-1.6045,-1.6003,-1.5848,-1.5591,-1.5275,-1.4809,-1.4342,-1.3876,-1.3163,-1.2386,0.24139,-1.1608,-1.0745,-0.98122,-0.88795,-0.78978,-0.68097,-0.58298,-0.48971,-0.39644,-0.29606,0.22585,-0.18725,-0.091466,0.0052,0.11401,0.21351,0.30678,0.41528,0.51849,0.61175,0.71654,0.2103,0.82158,0.8993,0.97702,1.0547,1.1325,1.2061,1.2683,1.3205,1.3667,1.3978,0.28349,0.19476,1.4289,1.46,1.4789,1.4944,1.5099,1.517,1.517,1.517,1.5122,1.4967,0.17921,1.4811,1.4656,1.45,1.4275,1.3964,1.3782,1.3594,1.3283,1.288,1.2414,0.16367,1.1948,1.1481,1.1015,1.0435,0.9813,0.91912,0.84927,0.77154,0.70741,0.64127,0.13862,0.56355,0.48582,0.4081,0.33038,0.25266,0.17493,0.10929,0.047114,-0.015065,-0.068873,0.10753,-0.11551,-0.16214,-0.20877,-0.25541,-0.2809,-0.29739,-0.32847,-0.3527,-0.36825,-0.37102,0.09186,-0.37102,-0.37102,-0.37102,-0.37102,-0.35604,-0.34584,-0.34584,-0.33458,-0.32067,-0.32067,0.064735,-0.32067,-0.32067,-0.32067,-0.32067,-0.32067,-0.32067,-0.32067,-0.32067,-0.32067,-0.32067,0.018101,-0.32067,-0.323,-0.33854,-0.34584,-0.34584,-0.34584,-0.35038,-0.36592,-0.37102,-0.37184,-0.016827,-0.38738,-0.39619,-0.39619,-0.40884,-0.42136,-0.42136,-0.4303,-0.44585,-0.44654,-0.45176,-0.047916,-0.46731,-0.47171,-0.47171,-0.47171,-0.47171,-0.47171,-0.47171,-0.47542,0.28349,-0.079005,-0.11809,-0.16472,-0.22526,-0.28316,-0.3298,-0.39682,-0.47398,-0.53616,-0.60482,0.28349,-0.68254,-0.76026,-0.83522,-0.89739,-0.96826,-1.046,-1.1091,-1.1713,-1.2335,-1.2848,0.28349,-1.3314,-1.378,-1.4175,-1.4486,-1.4666,-1.4821,-1.4977,-1.5038,-1.5038,-1.5038,0.28349,-1.4982,-1.4826,-1.4671,-1.4496,-1.4185,-1.3874,-1.3563,-1.3114,-1.2648,-1.2182,0.28349,-1.1615,-1.0988,-1.0211,-0.9434,-0.86568,-0.77568,-0.68241,-0.58915,-0.48732,-0.37851,0.28349,-0.26969,-0.16088,-0.05207,0.056743,0.16442,0.25769,0.35801,0.46682,0.57563,0.68111,0.0,2.0
-1.9502,-1.8252,-1.5983,-0.6419,-0.63017,-0.61754,-0.59543,-0.58371,-0.57198,-0.56025,-0.54852,-0.53679,-0.52506,-1.5681,-0.51333,-0.5016,-0.48987,-0.484,-0.47769,-0.47273,-0.47273,-0.47273,-0.47273,-0.4813,-1.5446,-0.49303,-0.50476,-0.51649,-0.52822,-0.53994,-0.56295,-0.57513,-0.59769,-0.60942,-0.62295,-1.5212,-0.64416,-0.65589,-0.66762,-0.68295,-0.70235,-0.70957,-0.70957,-0.70957,-0.70371,-0.69829,-1.4977,-0.69153,-0.6798,-0.67574,-0.66762,-0.65589,-0.59904,-0.57604,-0.56431,-0.55258,-0.54085,-1.4742,-0.52912,-0.51739,-0.50476,-0.48265,-0.47092,-0.45694,-0.43618,-0.42445,-0.40912,-0.38972,-1.458,-0.37348,-0.35498,-0.33784,-0.32024,-0.3022,-0.2855,-0.27377,-0.25438,-0.23904,-0.21874,-1.4386,-0.2043,-0.1831,-0.16956,-0.14746,-0.13482,-0.11182,-0.099636,-0.07708,-0.06535,-0.051816,-1.4233,-0.030613,-0.018883,-0.003996,0.015854,0.027584,0.043825,0.062321,0.074051,0.091645,0.10879,-1.4115,0.12052,0.13225,0.14398,0.15571,0.16744,0.17917,0.18142,0.19135,0.1927,0.20353,-1.8018,-1.3998,0.20398,0.20398,0.20398,0.20262,0.1927,0.1927,0.18999,0.17826,0.16653,0.1548,-1.3881,0.14307,0.13135,0.11962,0.10202,0.084878,0.066382,0.042923,0.027133,-0.017079,-0.04144,-1.3962,-0.053169,-0.064899,-0.076628,-0.077982,-0.077982,-0.077982,-0.066703,-0.066703,-0.06535,-0.055425,-1.4079,-0.053169,-0.044147,-0.031515,0.004576,0.016305,0.028035,0.039765,0.056908,0.074502,0.086232,-1.4088,0.10473,0.12819,0.14398,0.16383,0.18729,0.21074,0.2342,0.25766,0.28112,0.30458,-1.4201,0.32804,0.35195,0.38624,0.41105,0.44443,0.46789,0.49406,0.52609,0.54955,0.57707,-1.4201,0.60774,0.6312,0.65466,0.67812,0.70158,0.72504,0.7485,0.77196,0.79542,0.8103,-1.4201,0.83106,0.85452,0.86805,0.87978,0.90234,0.91452,0.92625,0.93707,0.93843,0.95016,-1.4215,0.95963,0.95963,0.95963,0.95963,0.95963,0.95963,0.95963,0.95422,0.94249,0.93707,-1.4314,0.93031,0.91858,0.89918,0.88384,0.87211,0.85136,0.83737,0.81572,0.80264,0.79091,-1.7783,-1.4336,0.7679,0.75572,0.73406,0.73271,0.72098,0.71151,0.71151,0.70835,0.70023,0.70023,-1.4427,0.70023,0.70519,0.71151,0.71151,0.71782,0.72955,0.73406,0.74173,0.75346,0.75662,-1.4427,0.79271,0.81121,0.82294,0.83467,0.8464,0.85812,0.86985,0.88249,0.90459,0.91813,-1.4427,0.93933,0.95377,0.97722,1.0007,1.0241,1.0476,1.0711,1.0891,1.1067,1.1302,-1.4427,1.1536,1.1771,1.2005,1.224,1.2475,1.2709,1.2944,1.3079,1.33,1.3426,-1.4427,1.3657,1.3774,1.3891,1.4008,1.4126,1.422,1.4248,1.4333,1.4333,1.4374,-1.4427,1.4446,1.4446,1.4446,1.4446,1.4446,1.4446,1.4446,1.4369,1.4333,1.4333,-1.4427,1.4333,1.4333,1.4432,1.455,1.4559,1.4672,1.4793,1.5019,1.515,1.5384,-1.4427,1.5619,1.5881,1.6233,1.6548,1.6823,1.7175,1.7577,1.7992,1.8344,1.8696,-1.4427,1.9048,1.9399,1.9675,1.999,2.0257,2.0491,2.0726,2.096,-1.7549,-1.4427,-1.4427,-1.4427,-1.4345,-1.4314,-1.4314,-1.4219,-1.4201,-1.4097,-1.4088,-1.7314,-1.3976,-1.3863,-1.3854,-1.375,-1.3732,-1.3615,-1.3497,-1.3412,-1.3376,-1.3258,-1.7079,-1.3141,-1.3024,-1.2906,-1.2789,-1.2672,-1.2554,-1.2437,-1.232,-1.2203,-1.2,-1.6813,-1.1855,-1.1738,-1.1521,-1.1391,-1.1165,-1.1043,-1.0813,-1.0687,-1.0452,-1.0218,-1.6497,-1.0006,-0.98612,-0.96266,-0.94281,-0.92702,-0.90356,-0.88506,-0.86792,-0.85033,-0.83228,-1.6263,-0.81559,-0.79664,-0.78085,-0.761,-0.74611,-0.72536,-0.71138,-0.68972,-0.67664,-0.66491,5.0,2.0
-1.8909,-1.6931,-1.5653,-0.69843,-0.70916,-0.71989,-0.73062,-0.74135,-0.75208,-0.76743,-0.78393,-0.79466,-0.80539,-1.5546,-0.81611,-0.84578,-0.88205,-0.90026,-0.91099,-0.92938,-0.93484,-0.93484,-0.93484,-0.94385,-1.5439,-0.93588,-0.93484,-0.93484,-0.93484,-0.92445,-0.92445,-0.92346,-0.91273,-0.902,-0.89127,-1.5332,-0.86651,-0.80479,-0.78333,-0.76187,-0.73672,-0.70856,-0.6871,-0.66094,-0.6338,-0.61234,-1.5224,-0.59088,-0.56337,-0.53757,-0.50938,-0.48426,-0.4628,-0.44134,-0.41181,-0.38804,-0.36658,-1.5168,-0.34512,-0.33309,-0.31259,-0.29113,-0.26968,-0.24861,-0.23715,-0.21463,-0.18384,-0.16238,-1.5114,-0.14093,-0.11947,-0.098009,-0.07655,-0.055092,-0.033633,-0.016279,-0.00555,0.009959,0.0263,-1.5064,0.037029,0.047759,0.058488,0.069217,0.079946,0.090676,0.1014,0.11213,0.11471,0.11471,-1.5064,0.11471,0.11471,0.11471,0.10486,0.094131,0.083402,0.072672,0.061943,0.051214,0.040485,-1.5064,0.029755,0.019026,0.005803,-0.012824,-0.023553,-0.03779,-0.059248,-0.080707,-0.097645,-0.12781,-1.6817,-1.5131,-0.17106,-0.20325,-0.22369,-0.23442,-0.24515,-0.249,-0.25622,-0.25939,-0.25939,-0.25939,-1.5168,-0.25939,-0.25939,-0.25014,-0.249,-0.23907,-0.23861,-0.22801,-0.21728,-0.20655,-0.19582,-1.5168,-0.18509,-0.16298,-0.099048,-0.077589,-0.056131,-0.031425,-0.002822,0.018636,0.044355,0.071945,-1.5168,0.093403,0.12014,0.14671,0.16817,0.18963,0.21771,0.24294,0.2644,0.28585,0.30731,-1.5168,0.32877,0.35888,0.38208,0.40354,0.425,0.44646,0.46791,0.49976,0.5206,0.53229,-1.5252,0.55375,0.57521,0.59666,0.61812,0.63693,0.65065,0.67211,0.6899,0.70063,0.7157,-1.5272,0.73248,0.74321,0.74859,0.75428,0.76501,0.76937,0.77607,0.77976,0.77976,0.77976,-1.5272,0.77976,0.77976,0.77976,0.7707,0.76937,0.75963,0.75898,0.74856,0.7382,0.7375,-1.5272,0.72677,0.71741,0.7157,0.70497,0.69424,0.68351,0.66052,0.62049,0.60976,0.59903,-1.5272,0.59272,0.58321,0.56684,0.55611,0.55115,0.55115,0.55115,0.54437,0.54076,0.54821,-1.6612,-1.5272,0.55115,0.55115,0.55962,0.56154,0.57069,0.58142,0.64124,0.66499,0.68645,0.70791,-1.5272,0.72936,0.75194,0.78267,0.80592,0.83598,0.85991,0.88929,0.91389,0.9426,0.96406,-1.5272,0.98967,1.0174,1.0388,1.0551,1.0713,1.0928,1.1143,1.1357,1.1572,1.1786,-1.5272,1.1926,1.2112,1.2244,1.2437,1.2563,1.267,1.2777,1.2885,1.2889,1.2995,-1.5261,1.3103,1.3201,1.3213,1.332,1.3409,1.3431,1.3538,1.3617,1.3649,1.3721,-1.5168,1.3721,1.3763,1.3825,1.3825,1.3825,1.3825,1.3884,1.3929,1.3929,1.3929,-1.5168,1.4001,1.4033,1.4033,1.4115,1.4136,1.4136,1.4229,1.424,1.434,1.4447,-1.5147,1.4555,1.4662,1.4769,1.4877,1.4984,1.5091,1.5221,1.541,1.5547,1.5761,-1.5039,1.5976,1.619,1.6448,1.6723,1.6988,1.7257,1.7528,1.779,1.8004,1.8219,-1.496,1.8433,1.8648,1.8863,1.8997,1.9104,1.9211,1.9319,1.9426,-1.6492,-1.4929,-1.4821,-1.4714,-1.4565,-1.4396,-1.4288,-1.413,-1.397,-1.3804,-1.3651,-1.6294,-1.3479,-1.3264,-1.3122,-1.2939,-1.2725,-1.251,-1.2381,-1.2185,-1.197,-1.1851,-1.6166,-1.1645,-1.143,-1.1216,-1.1001,-1.0787,-1.0572,-1.0357,-1.0143,-0.99282,-0.97136,-1.5975,-0.94991,-0.92845,-0.91052,-0.89592,-0.87446,-0.853,-0.83643,-0.82048,-0.79902,-0.78346,-1.5868,-0.7665,-0.75161,-0.74088,-0.73015,-0.71942,-0.70869,-0.69796,-0.68723,-0.68544,-0.67617,-1.5761,-0.66544,-0.66466,-0.66466,-0.66466,-0.66466,-0.66466,-0.66591,-0.67505,-0.67697,-0.6877,5.0,2.0
0.57857,0.46178,0.29883,1.5996,1.6603,1.7023,1.7258,1.7725,1.8003,1.8237,1.8471,1.8604,1.837,0.29365,1.8136,1.7711,1.7244,1.6777,1.6257,1.5556,1.4855,1.396,1.3174,1.2371,0.27029,1.1437,1.0492,0.93245,0.83538,0.72684,0.61004,0.49325,0.37646,0.25966,0.16287,0.24694,0.054053,-0.06274,-0.17338,-0.26681,-0.36025,-0.45368,-0.54712,-0.64055,-0.72755,-0.79763,0.24288,-0.8677,-0.93778,-0.99191,-1.05,-1.1066,-1.1321,-1.1788,-1.2047,-1.2118,-1.2234,0.22819,-1.2398,-1.2374,-1.214,-1.1907,-1.1508,-1.116,-1.0853,-1.0386,-0.99191,-0.94519,0.21491,-0.89847,-0.85176,-0.79749,-0.72741,-0.65733,-0.60894,-0.54516,-0.47508,-0.40501,-0.33171,0.21491,-0.23828,-0.1668,-0.096729,-0.026653,0.051535,0.14147,0.21155,0.30386,0.37967,0.44975,0.21407,0.52822,0.62165,0.71509,0.786,0.87398,0.95413,1.0329,1.1223,1.1923,1.2852,0.19071,1.3605,1.4305,1.4917,1.5427,1.6128,1.6598,1.7065,1.7394,1.772,1.8141,0.4387,0.18693,1.8374,1.8608,1.8654,1.8513,1.8279,1.8045,1.7809,1.7342,1.6875,1.6408,0.18693,1.5842,1.5142,1.4435,1.3501,1.2567,1.1632,1.0698,0.97091,0.85496,0.76152,0.17658,0.64851,0.53171,0.41492,0.30386,0.20931,0.092518,-0.024275,-0.12582,-0.22989,-0.34066,0.15896,-0.4355,-0.55229,-0.64894,-0.72685,-0.80784,-0.89498,-0.96505,-1.0351,-1.1052,-1.1595,0.15896,-1.2062,-1.2529,-1.2996,-1.3463,-1.3724,-1.4118,-1.447,-1.4636,-1.4658,-1.4892,0.15896,-1.4915,-1.4915,-1.4915,-1.4844,-1.461,-1.4377,-1.4143,-1.391,-1.3676,-1.3368,0.15896,-1.2901,-1.2434,-1.1967,-1.133,-1.0753,-1.0209,-0.95078,-0.88071,-0.81063,-0.74056,0.14371,-0.67048,-0.59243,-0.50236,-0.43228,-0.3622,-0.29213,-0.22205,-0.15198,-0.081902,-0.011827,0.12035,0.058249,0.12832,0.21155,0.29645,0.36653,0.4366,0.50668,0.57675,0.64683,0.7169,0.096994,0.78698,0.85706,0.92713,0.97888,1.0256,1.0723,1.119,1.1658,1.2125,1.2406,0.42457,0.073635,1.2779,1.3153,1.3386,1.362,1.3854,1.4087,1.4178,1.4275,1.4407,1.4174,0.050276,1.394,1.3707,1.3473,1.3239,1.3006,1.2765,1.2298,1.1831,1.1364,1.0897,0.006776,1.0429,0.99525,0.92517,0.87482,0.813,0.75341,0.69494,0.60277,0.53269,0.46262,-0.10204,0.39254,0.32247,0.25239,0.18232,0.11224,0.042164,-0.027912,-0.097987,-0.16163,-0.21016,-0.2422,-0.28024,-0.32975,-0.37647,-0.42319,-0.46991,-0.51662,-0.56334,-0.58922,-0.61258,-0.64754,-0.36346,-0.68027,-0.68265,-0.70601,-0.72937,-0.73622,-0.73622,-0.73622,-0.73622,-0.73622,-0.71482,-0.43354,-0.70825,-0.70825,-0.70825,-0.70531,-0.68195,-0.68027,-0.68027,-0.68027,-0.68027,-0.68027,-0.50362,-0.68027,-0.68027,-0.68027,-0.693,-0.70825,-0.71174,-0.7351,-0.73622,-0.75385,-0.7642,-0.55327,-0.77259,-0.79217,-0.79217,-0.81469,-0.82014,-0.83343,-0.84812,-0.85218,-0.87553,-0.87609,-0.61579,-0.87609,-0.88966,-0.90407,-0.90407,-0.90407,-0.90407,-0.90407,-0.90407,0.41073,-0.68587,-0.75594,-0.82602,-0.89609,-0.96617,-1.0362,-1.1063,-1.1695,-1.2185,-1.2886,0.40583,-1.3377,-1.3844,-1.4311,-1.4707,-1.494,-1.5174,-1.5408,-1.5641,-1.5634,-1.5401,0.38247,-1.5167,-1.4933,-1.4484,-1.4017,-1.355,-1.3006,-1.2305,-1.1605,-1.0904,-1.0203,0.35911,-0.95023,-0.88015,-0.80672,-0.71328,-0.64195,-0.55439,-0.47382,-0.39549,-0.30206,-0.20863,0.33575,-0.11519,-0.003994,0.099651,0.19309,0.28652,0.37995,0.49605,0.5948,0.68823,0.78167,0.3124,0.8751,0.96853,1.039,1.1274,1.2072,1.2772,1.3473,1.4174,1.4875,1.5389,0.0,2.0
-0.83902,-0.76752,-0.91066,-1.0169,-0.97265,-0.92836,-0.88406,-0.83977,-0.79852,-0.76991,-0.72562,-0.68132,-0.65375,-0.93281,-0.61287,-0.5859,-0.54985,-0.5277,-0.50555,-0.48341,-0.46126,-0.43911,-0.42699,-0.41355,-0.95139,-0.3914,-0.36925,-0.35207,-0.34369,-0.32154,-0.2994,-0.27725,-0.25843,-0.25168,-0.2397,-0.95139,-0.22612,-0.22097,-0.20224,-0.19714,-0.18351,-0.17157,-0.14942,-0.12728,-0.10513,-0.082983,-0.95139,-0.060836,-0.052408,-0.035271,-0.031853,-0.009706,0.012441,0.034587,0.056734,0.078694,0.085905,-0.96521,0.12317,0.14532,0.16747,0.18962,0.21373,0.25264,0.28359,0.32788,0.35654,0.39741,-0.97012,0.42331,0.4676,0.50131,0.53746,0.58175,0.60732,0.65161,0.6959,0.72784,0.76576,-0.98885,0.81006,0.85435,0.89864,0.94294,0.98723,1.0315,1.0571,1.1014,1.1457,1.19,-0.98885,1.2183,1.2592,1.2854,1.3222,1.3553,1.3853,1.4251,1.4507,1.4892,1.5205,-0.99761,1.5522,1.5904,1.616,1.6561,1.6782,1.7004,1.7225,1.7447,1.7668,1.789,-0.78283,-1.0076,1.8017,1.8145,1.8367,1.8401,1.8622,1.8844,1.9065,1.9141,1.8961,1.8927,-1.0076,1.8767,1.8672,1.845,1.8229,1.8007,1.7741,1.7377,1.7043,1.6747,1.6344,-1.0076,1.6088,1.5708,1.5486,1.5134,1.4856,1.4447,1.418,1.3737,1.3408,1.3038,-1.0039,1.2595,1.234,1.1961,1.1641,1.133,1.0943,1.07,1.0431,1.007,0.97328,-0.98885,0.94397,0.92182,0.89967,0.87753,0.84545,0.8145,0.79236,0.77021,0.74806,0.72592,-0.98885,0.70377,0.68162,0.65948,0.63733,0.61518,0.6031,0.58962,0.58437,0.56564,0.56063,-0.98885,0.53849,0.51634,0.50946,0.49078,0.48736,0.46521,0.45327,0.43965,0.43454,0.41408,-0.98885,0.39708,0.38852,0.36637,0.34422,0.32208,0.29993,0.28471,0.27436,0.25222,0.23007,-0.97012,0.22665,0.2098,0.20109,0.19107,0.19107,0.19107,0.19107,0.19107,0.20156,0.2098,-0.97012,0.2098,0.2098,0.2098,0.2098,0.22206,0.22852,0.22852,0.22852,0.22852,0.22852,-0.78283,-0.97012,0.22852,0.22852,0.22852,0.22852,0.22852,0.21612,0.2098,0.2098,0.2098,0.20244,-0.95781,0.19107,0.19107,0.17346,0.17234,0.17234,0.16321,0.15361,0.15361,0.15361,0.15361,-0.95139,0.14612,0.13488,0.13488,0.13488,0.13488,0.13488,0.13488,0.13488,0.13488,0.13488,-0.95139,0.13488,0.13488,0.13488,0.13488,0.13488,0.13488,0.13488,0.13488,0.13488,0.13488,-0.95139,0.13488,0.13488,0.13488,0.13488,0.13488,0.13488,0.15361,0.15361,0.15361,0.15361,-0.95139,0.15361,0.15361,0.15361,0.1457,0.13488,0.13488,0.13488,0.13488,0.13488,0.13488,-0.95139,0.12177,0.11615,0.11615,0.11615,0.11615,0.11615,0.11615,0.11615,0.13488,0.13488,-0.95139,0.13488,0.13488,0.13488,0.13488,0.13488,0.13488,0.13488,0.14991,0.15361,0.15361,-0.93388,0.15361,0.15361,0.15361,0.15361,0.15361,0.15361,0.15361,0.15361,0.15361,0.1722,-0.93266,0.17234,0.17234,0.17234,0.17234,0.17234,0.17234,0.17234,0.17234,-0.78283,-0.93266,-0.93266,-0.92021,-0.91394,-0.91337,-0.89521,-0.9174,-0.96221,-1.0413,-1.0814,-0.79992,-1.1598,-1.2049,-1.279,-1.3011,-1.3873,-1.4952,-1.5174,-1.5395,-1.6055,-1.6731,-0.82029,-1.6996,-1.7317,-1.8247,-1.8597,-1.8818,-1.9848,-2.0198,-2.059,-2.139,-2.2166,-0.83069,-2.2769,-2.2991,-2.4066,-2.457,-2.3746,-2.3303,-2.286,-2.2417,-2.193,-2.1344,-0.85775,-2.0901,-2.0312,-1.9828,-1.9198,-1.8693,-1.8125,-1.7551,-1.7051,-1.6421,-1.5978,-0.88182,-1.5456,-1.4905,-1.4462,-1.4019,-1.3389,-1.2883,-1.2316,-1.1741,-1.1243,-1.0612,4.0,2.0
0.59468,0.66973,0.70286,0.35129,0.43986,0.5149,0.60343,0.68302,0.76551,0.85115,0.92759,1.0176,1.0943,0.70286,1.1694,1.2444,1.3151,1.3765,1.4515,1.5133,1.563,1.6153,1.6669,1.6981,0.70286,1.7431,1.775,1.7948,1.8098,1.8207,1.8207,1.8207,1.8075,1.732,1.6552,0.71769,1.5939,1.492,1.432,1.3719,1.3019,1.2268,1.1518,1.0758,0.98573,0.88274,0.72089,0.78759,0.69064,0.58558,0.48051,0.37545,0.27038,0.16532,0.060253,-0.044811,-0.14911,0.72089,-0.23917,-0.34198,-0.61255,-0.85188,-0.93824,-1.0133,-1.0883,-1.1634,-1.2288,-1.2888,0.72089,-1.3489,-1.4083,-1.4533,-1.4858,-1.5158,-1.5458,-1.5723,-1.5873,-1.6023,-1.5924,0.72363,-1.5774,-1.5624,-1.5439,-1.5135,-1.4685,-1.4111,-1.351,-1.291,-1.2276,-1.1526,0.73864,-1.0775,-0.99017,-0.90011,-0.81006,-0.72,-0.62995,-0.53989,-0.43762,-0.34175,-0.24552,0.73891,-0.14361,-0.05342,0.051644,0.14458,0.24374,0.34272,0.42972,0.50481,0.59486,0.68492,0.68483,0.73891,0.76596,0.841,0.91605,0.9911,1.0661,1.1412,1.2073,1.2673,1.3245,1.3695,0.73891,1.4146,1.4477,1.4777,1.502,1.5142,1.5142,1.2776,1.1786,1.1099,1.0348,0.73891,0.95977,0.88472,0.79499,0.70493,0.60622,0.50679,0.41412,0.30906,0.20399,0.098926,0.73626,-0.014703,-0.12369,-0.21627,-0.32133,-0.41188,-0.50194,-0.592,-0.6766,-0.78815,-1.0883,0.72125,-1.1433,-1.1884,-1.225,-1.255,-1.285,-1.3151,-1.3307,-1.3457,-1.3608,-1.3705,0.70624,-1.3682,-1.3532,-1.3382,-1.3232,-1.3082,-1.2828,-1.24,-1.2099,-1.1658,-1.1096,0.69123,-1.0577,-1.0076,-0.94546,-0.87041,-0.80943,-0.73835,-0.6633,-0.58825,-0.51321,-0.43816,0.67622,-0.36312,-0.28807,-0.20509,-0.11995,-0.043008,0.047047,0.1371,0.2163,0.29918,0.38442,0.66121,0.45946,0.53451,0.60956,0.6846,0.75965,0.83469,0.90803,0.96806,1.0281,1.0881,0.64363,1.1482,1.2036,1.2486,1.2936,1.3387,1.3837,1.4211,1.4557,1.4977,1.5127,0.68483,0.61361,1.5412,1.5607,1.5757,1.5863,1.5863,1.5863,1.5729,1.5683,1.5609,1.5415,0.59815,1.5115,1.4814,1.4514,1.4111,1.3661,1.321,1.2747,1.2147,1.1414,1.0766,0.56007,1.0021,0.91628,0.84006,0.75,0.65995,0.56989,0.47984,0.38978,0.29323,0.11312,0.52356,-0.27612,-0.47526,-0.55828,-0.62932,-0.69034,-0.76539,-0.84044,-0.90552,-0.96556,-1.0256,0.48804,-1.0847,-1.1298,-1.1748,-1.2099,-1.24,-1.2661,-1.2812,-1.2962,-1.2984,-1.2984,0.44301,-1.2984,-1.2946,-1.2796,-1.2646,-1.2369,-1.2069,-1.1702,-1.1288,-1.0982,-1.0531,0.39798,-0.99549,-0.94505,-0.90002,-0.85143,-0.7914,-0.73136,-0.67132,-0.6208,-0.56928,-0.50924,0.35296,-0.4492,-0.38917,-0.34157,-0.29654,-0.25152,-0.20649,-0.16182,-0.1318,-0.089433,-0.053736,0.29648,-0.030027,-0.011728,0.01802,0.033029,0.035779,0.045019,0.053808,0.057008,0.071837,0.071837,0.23644,0.071837,0.071837,0.071837,0.071837,0.071837,0.071837,0.071837,0.080897,0.68483,0.17641,0.11398,0.038934,-0.021734,-0.093129,-0.16818,-0.24322,-0.31597,-0.37601,-0.45033,0.68483,-0.52538,-0.59218,-0.65744,-0.73028,-0.79032,-0.85035,-0.92157,-0.9803,-1.0305,-1.0884,0.68483,-1.1334,-1.1925,-1.2415,-1.2785,-1.3085,-1.3385,-1.3685,-1.3845,-1.3995,-1.4145,0.68483,-1.4246,-1.4246,-1.4246,-1.4246,-1.4028,-1.3806,-1.3608,-1.3307,-1.3007,-1.2569,0.68483,-1.2118,-1.159,-1.099,-1.0389,-0.9789,-0.91886,-0.8481,-0.77305,-0.69332,-0.60493,0.69371,-0.52988,-0.44118,-0.35113,-0.26107,-0.17102,-0.08096,0.009096,0.099151,0.18921,0.27173,2.0,2.0
-0.67891,-0.67891,-0.66498,-1.3382,-1.3061,-1.2741,-1.2379,-1.1952,-1.1594,-1.1274,-1.0954,-1.0633,-1.0313,-0.66034,-0.99926,-0.96722,-0.93519,-0.90315,-0.87112,-0.83676,-0.79405,-0.76155,-0.7402,-0.71095,-0.66034,-0.67891,-0.64688,-0.61763,-0.59627,-0.56934,-0.53731,-0.51363,-0.49227,-0.47092,-0.45281,-0.66034,-0.44213,-0.42542,-0.40406,-0.39153,-0.37992,-0.35856,-0.34092,-0.33024,-0.31956,-0.30889,-0.66034,-0.29821,-0.28892,-0.28892,-0.28474,-0.27407,-0.27035,-0.27035,-0.2606,-0.25178,-0.25178,-0.66034,-0.24714,-0.23646,-0.22578,-0.2151,-0.21464,-0.21232,-0.20164,-0.19096,-0.18028,-0.1775,-0.66034,-0.1775,-0.16682,-0.15614,-0.14546,-0.13478,-0.12411,-0.11343,-0.10229,-0.080929,-0.062823,-0.66034,-0.052144,-0.03543,-0.014074,0.007283,0.028639,0.049996,0.071352,0.092709,0.11407,0.13542,-0.65384,0.15678,0.17953,0.21156,0.23942,0.26078,0.2891,0.32113,0.35317,0.3852,0.41723,-0.64316,0.44463,0.46598,0.49477,0.5268,0.55884,0.59087,0.62291,0.65494,0.68698,0.71901,-0.67891,-0.64177,0.75105,0.7724,0.79654,0.82858,0.86061,0.89265,0.92468,0.95672,0.98875,1.0175,-0.64177,1.0389,1.0663,1.0983,1.1304,1.1624,1.1944,1.2265,1.2585,1.284,1.3054,-0.64177,1.336,1.3667,1.388,1.4136,1.4456,1.4707,1.492,1.5134,1.5347,1.5561,-0.64177,1.5775,1.5988,1.6202,1.6415,1.6527,1.6657,1.687,1.7033,1.7139,1.7246,-0.64177,1.7353,1.746,1.7539,1.7539,1.7483,1.7376,1.7269,1.7163,1.7056,1.6949,-0.64177,1.6842,1.6675,1.6462,1.6336,1.6229,1.6123,1.5979,1.5765,1.5617,1.551,-0.64177,1.531,1.5097,1.4883,1.4711,1.4605,1.4358,1.4038,1.3815,1.3602,1.3388,-0.64177,1.3128,1.2808,1.2562,1.2348,1.2032,1.1712,1.1392,1.1122,1.0909,1.0616,-0.64177,1.0296,0.99757,0.96833,0.94697,0.92004,0.88801,0.85597,0.8244,0.80304,0.77844,-0.64177,0.7464,0.7204,0.69905,0.66887,0.63776,0.61641,0.59505,0.57369,0.55234,0.53098,-0.67891,-0.64641,0.50962,0.48827,0.46691,0.44556,0.4242,0.40981,0.39913,0.3787,0.3592,0.34852,-0.65709,0.33784,0.32717,0.31649,0.30581,0.29513,0.28445,0.27377,0.2631,0.25242,0.24963,-0.66034,0.24963,0.23895,0.23106,0.23106,0.23106,0.23106,0.23106,0.23106,0.23106,0.23106,-0.66034,0.23106,0.22503,0.21435,0.21249,0.21249,0.21249,0.21249,0.21249,0.21249,0.21249,-0.69098,0.21249,0.21249,0.21249,0.21249,0.21249,0.21249,0.21249,0.21249,0.21249,0.21249,-0.71605,0.21249,0.21249,0.21249,0.21249,0.21249,0.21481,0.22549,0.23106,0.23106,0.23106,-0.71605,0.23106,0.23106,0.23106,0.23106,0.23106,0.23106,0.23106,0.23106,0.23106,0.23106,-0.7467,0.23106,0.23106,0.23106,0.23106,0.23106,0.23106,0.23106,0.23106,0.23106,0.23106,-0.81076,0.23106,0.23106,0.23106,0.23106,0.23106,0.23106,0.23106,0.23106,0.23106,0.23106,-0.84326,0.23106,0.23106,0.23106,0.23106,0.23106,0.23106,0.23106,0.23106,-0.67891,-0.86462,-0.88598,-0.91569,-0.96908,-1.0113,-1.0434,-1.0754,-1.1074,-1.1395,-1.1813,-0.67891,-1.2453,-1.2913,-1.3233,-1.3642,-1.4097,-1.4844,-1.5443,-1.5763,-1.6084,-1.6404,-0.67891,-1.7003,-1.7602,-1.7922,-1.8368,-1.9009,-1.9371,-1.9584,-1.9798,-2.0012,-2.0225,-0.67891,-2.0624,-2.1265,-2.1163,-2.0736,-2.0615,-2.0485,-2.0272,-2.0058,-1.9844,-1.9631,-0.67891,-1.9417,-1.9204,-1.899,-1.8777,-1.8563,-1.8349,-1.8052,-1.7732,-1.7412,-1.7124,-0.67566,-1.691,-1.6636,-1.6316,-1.5907,-1.549,-1.5169,-1.4849,-1.4529,-1.4143,-1.3716,4.0,2.0
0.59468,0.66973,0.70286,0.35129,0.43986,0.5149,0.60343,0.68302,0.76551,0.85115,0.92759,1.0176,1.0943,0.70286,1.1694,1.2444,1.3151,1.3765,1.4515,1.5133,1.563,1.6153,1.6669,1.6981,0.70286,1.7431,1.775,1.7948,1.8098,1.8207,1.8207,1.8207,1.8075,1.732,1.6552,0.71769,1.5939,1.492,1.432,1.3719,1.3019,1.2268,1.1518,1.0758,0.98573,0.88274,0.72089,0.78759,0.69064,0.58558,0.48051,0.37545,0.27038,0.16532,0.060253,-0.044811,-0.14911,0.72089,-0.23917,-0.34198,-0.61255,-0.85188,-0.93824,-1.0133,-1.0883,-1.1634,-1.2288,-1.2888,0.72089,-1.3489,-1.4083,-1.4533,-1.4858,-1.5158,-1.5458,-1.5723,-1.5873,-1.6023,-1.5924,0.72363,-1.5774,-1.5624,-1.5439,-1.5135,-1.4685,-1.4111,-1.351,-1.291,-1.2276,-1.1526,0.73864,-1.0775,-0.99017,-0.90011,-0.81006,-0.72,-0.62995,-0.53989,-0.43762,-0.34175,-0.24552,0.73891,-0.14361,-0.05342,0.051644,0.14458,0.24374,0.34272,0.42972,0.50481,0.59486,0.68492,0.68483,0.73891,0.76596,0.841,0.91605,0.9911,1.0661,1.1412,1.2073,1.2673,1.3245,1.3695,0.73891,1.4146,1.4477,1.4777,1.502,1.5142,1.5142,1.2776,1.1786,1.1099,1.0348,0.73891,0.95977,0.88472,0.79499,0.70493,0.60622,0.50679,0.41412,0.30906,0.20399,0.098926,0.73626,-0.014703,-0.12369,-0.21627,-0.32133,-0.41188,-0.50194,-0.592,-0.6766,-0.78815,-1.0883,0.72125,-1.1433,-1.1884,-1.225,-1.255,-1.285,-1.3151,-1.3307,-1.3457,-1.3608,-1.3705,0.70624,-1.3682,-1.3532,-1.3382,-1.3232,-1.3082,-1.2828,-1.24,-1.2099,-1.1658,-1.1096,0.69123,-1.0577,-1.0076,-0.94546,-0.87041,-0.80943,-0.73835,-0.6633,-0.58825,-0.51321,-0.43816,0.67622,-0.36312,-0.28807,-0.20509,-0.11995,-0.043008,0.047047,0.1371,0.2163,0.29918,0.38442,0.66121,0.45946,0.53451,0.60956,0.6846,0.75965,0.83469,0.90803,0.96806,1.0281,1.0881,0.64363,1.1482,1.2036,1.2486,1.2936,1.3387,1.3837,1.4211,1.4557,1.4977,1.5127,0.68483,0.61361,1.5412,1.5607,1.5757,1.5863,1.5863,1.5863,1.5729,1.5683,1.5609,1.5415,0.59815,1.5115,1.4814,1.4514,1.4111,1.3661,1.321,1.2747,1.2147,1.1414,1.0766,0.56007,1.0021,0.91628,0.84006,0.75,0.65995,0.56989,0.47984,0.38978,0.29323,0.11312,0.52356,-0.27612,-0.47526,-0.55828,-0.62932,-0.69034,-0.76539,-0.84044,-0.90552,-0.96556,-1.0256,0.48804,-1.0847,-1.1298,-1.1748,-1.2099,-1.24,-1.2661,-1.2812,-1.2962,-1.2984,-1.2984,0.44301,-1.2984,-1.2946,-1.2796,-1.2646,-1.2369,-1.2069,-1.1702,-1.1288,-1.0982,-1.0531,0.39798,-0.99549,-0.94505,-0.90002,-0.85143,-0.7914,-0.73136,-0.67132,-0.6208,-0.56928,-0.50924,0.35296,-0.4492,-0.38917,-0.34157,-0.29654,-0.25152,-0.20649,-0.16182,-0.1318,-0.089433,-0.053736,0.29648,-0.030027,-0.011728,0.01802,0.033029,0.035779,0.045019,0.053808,0.057008,0.071837,0.071837,0.23644,0.071837,0.071837,0.071837,0.071837,0.071837,0.071837,0.071837,0.080897,0.68483,0.17641,0.11398,0.038934,-0.021734,-0.093129,-0.16818,-0.24322,-0.31597,-0.37601,-0.45033,0.68483,-0.52538,-0.59218,-0.65744,-0.73028,-0.79032,-0.85035,-0.92157,-0.9803,-1.0305,-1.0884,0.68483,-1.1334,-1.1925,-1.2415,-1.2785,-1.3085,-1.3385,-1.3685,-1.3845,-1.3995,-1.4145,0.68483,-1.4246,-1.4246,-1.4246,-1.4246,-1.4028,-1.3806,-1.3608,-1.3307,-1.3007,-1.2569,0.68483,-1.2118,-1.159,-1.099,-1.0389,-0.9789,-0.91886,-0.8481,-0.77305,-0.69332,-0.60493,0.69371,-0.52988,-0.44118,-0.35113,-0.26107,-0.17102,-0.08096,0.009096,0.099151,0.18921,0.27173,2.0,2.0
0.99501,0.96044,0.92586,-0.13735,-0.062921,-0.005784,0.06864,0.14306,0.23478,0.3092,0.38363,0.45805,0.54976,0.90857,0.62419,0.69861,0.79032,0.86877,0.95646,1.0482,1.1345,1.2143,1.306,1.3804,0.89129,1.4549,1.512,1.5691,1.6132,1.6504,1.6876,1.7248,1.7447,1.773,1.7903,0.85701,1.8218,1.8417,1.8617,1.8816,1.9113,1.9286,1.9458,1.9631,1.9804,1.9838,0.83942,1.9917,1.9804,1.9804,1.8973,1.708,1.6673,1.6301,1.5756,1.5384,1.5012,0.81716,1.4639,1.4267,1.3895,1.3523,1.3151,1.2779,1.2407,1.2035,1.1646,1.1117,0.78756,1.0745,1.0373,1.0001,0.9629,0.92586,0.90576,0.85126,0.82213,0.79413,0.75692,0.76003,0.73569,0.69978,0.67985,0.62535,0.59739,0.56822,0.53101,0.49379,0.42201,0.38994,0.72281,0.35709,0.29308,0.24282,0.20137,-0.060587,-0.097799,-0.16959,-0.21575,-0.29017,-0.36153,0.70289,-0.42216,-0.51344,-0.58303,-0.67958,-0.73672,-0.81568,-0.86828,-0.90739,-0.92732,-0.96453,0.96044,0.66568,-0.9931,-1.0217,-1.0416,-1.045,-1.0622,-1.0795,-1.0795,-1.0795,-1.0795,-1.0795,0.62847,-1.0791,-1.0622,-1.0565,-1.0277,-0.99941,-0.96219,-0.92498,-0.90506,-0.86785,-0.83063,0.59125,-0.79342,-0.75621,-0.719,-0.68178,-0.64457,-0.59007,-0.55286,-0.49836,-0.44784,-0.3907,0.55404,-0.33486,-0.27643,-0.20857,-0.14487,-0.070441,0.003984,0.078408,0.15283,0.24454,0.32671,0.51683,0.42105,0.5154,0.59411,0.68681,0.78116,0.86924,0.96096,1.0354,1.1098,1.1842,0.47962,1.2608,1.3629,1.4346,1.4992,1.5609,1.6001,1.6347,1.6347,1.6287,1.5398,0.44241,1.422,1.3337,1.2213,1.0549,0.90788,0.73461,0.58313,0.42188,0.23054,0.076809,0.40519,-0.1032,-0.36295,-0.67154,-0.8248,-0.9338,-1.0082,-1.0654,-1.1225,-1.1728,-1.21,0.36798,-1.2472,-1.2697,-1.2871,-1.3043,-1.3216,-1.3216,-1.3043,-1.3043,-1.287,-1.2697,0.33077,-1.2658,-1.2351,-1.2178,-1.2006,-1.1688,-1.1487,-1.1117,-1.0745,-1.0373,-1.0104,0.96044,0.29356,-0.98013,-0.94292,-0.90571,-0.86849,-0.82506,-0.76792,-0.71079,-0.65365,-0.57922,-0.5048,0.25634,-0.43038,-0.35595,-0.2715,-0.18981,-0.10009,-0.005741,0.10261,0.20024,0.31188,0.44081,0.21913,0.55244,0.66408,0.86579,1.0518,1.2135,1.3699,1.4569,1.5114,1.5313,1.5309,0.18136,1.508,1.4626,1.3555,1.2002,1.0352,0.86795,0.69766,0.52889,0.31456,0.087614,0.12742,-0.13043,-0.3537,-0.61181,-1.0024,-1.1712,-1.263,-1.3175,-1.372,-1.408,-1.4291,0.072919,-1.4491,-1.4599,-1.4772,-1.4772,-1.4772,-1.4748,-1.4549,-1.4176,-1.3977,-1.3605,0.035707,-1.3233,-1.3034,-1.2662,-1.2228,-1.1744,-1.1372,-1.0859,-1.0455,-0.99102,-0.93652,-0.018793,-0.89931,-0.84481,-0.8076,-0.7531,-0.6986,-0.65814,-0.60688,-0.55238,-0.49788,-0.44338,-0.069749,-0.38975,-0.33438,-0.27988,-0.22538,-0.1612,-0.10407,-0.046929,0.009905,0.050056,0.10162,-0.11051,0.13883,0.16519,0.18248,0.19977,0.21706,0.21706,0.21706,0.21706,0.94315,-0.16673,-0.22387,-0.28101,-0.32851,-0.38301,-0.43513,-0.47472,-0.52922,-0.56643,-0.62093,0.94315,-0.66895,-0.72608,-0.78322,-0.83893,-0.89343,-0.93064,-0.96786,-1.0051,-1.0277,-1.045,0.94315,-1.0821,-1.1193,-1.1566,-1.1938,-1.2178,-1.2351,-1.2524,-1.2697,-1.2761,-1.287,0.94315,-1.2753,-1.2697,-1.2524,-1.2351,-1.2302,-1.2103,-1.1904,-1.1531,-1.1314,-1.0968,0.94315,-1.0761,-1.0389,-1.0017,-0.98173,-0.95852,-0.92459,-0.88738,-0.85017,-0.81296,-0.77574,0.92586,-0.726,-0.68403,-0.62901,-0.57188,-0.51474,-0.4576,-0.39424,-0.32604,-0.26891,-0.21177,2.0,2.0
0.2547,0.32596,0.38853,1.6683,1.6861,1.6828,1.665,1.6472,1.6294,1.6116,1.5938,1.5759,1.5553,0.38853,1.5018,1.452,1.4164,1.3749,1.3215,1.2601,1.1888,1.1176,1.0463,0.96275,0.38853,0.87366,0.78458,0.6955,0.58978,0.48288,0.37598,0.26908,0.16218,0.049934,-0.07478,0.38853,-0.19197,-0.29886,-0.40576,-0.51266,-0.61956,-0.72645,-0.80525,-0.87651,-0.964,-1.0519,0.38853,-1.1054,-1.1588,-1.2123,-1.2608,-1.2964,-1.3249,-1.3427,-1.3606,-1.3784,-1.3847,0.38853,-1.3847,-1.3711,-1.3533,-1.3197,-1.2842,-1.2664,-1.2439,-1.1904,-1.137,-1.0835,0.38853,-1.0234,-0.95213,-0.88086,-0.8096,-0.72729,-0.63821,-0.54913,-0.46005,-0.37097,-0.28188,0.38853,-0.1928,-0.10372,-0.01464,0.074441,0.16352,0.25888,0.36578,0.45578,0.52704,0.60893,0.38853,0.69801,0.77429,0.84556,0.91683,0.98809,1.0422,1.0957,1.1491,1.1989,1.2345,0.38853,1.2701,1.3058,1.3334,1.3512,1.369,1.3868,1.3923,1.3923,1.3923,1.3923,0.38853,0.38853,1.3923,1.3912,1.3734,1.3555,1.3377,1.3199,1.3021,1.2767,1.241,1.2054,0.38853,1.1698,1.1222,1.0687,1.0011,0.92987,0.87492,0.8208,0.74954,0.67543,0.58635,0.38853,0.49726,0.40818,0.3191,0.23002,0.14094,0.051857,-0.037224,-0.12631,-0.21539,-0.30447,0.38853,-0.39355,-0.48263,-0.57171,-0.66079,-0.74987,-0.83436,-0.90562,-0.97011,-1.0236,-1.077,0.38853,-1.1305,-1.1839,-1.2374,-1.2642,-1.282,-1.2998,-1.3177,-1.3355,-1.3513,-1.3513,0.38853,-1.3513,-1.3513,-1.3449,-1.3271,-1.3008,-1.2651,-1.2295,-1.1939,-1.1453,-1.0919,0.38853,-1.0384,-0.985,-0.93155,-0.87651,-0.80525,-0.73775,-0.6843,-0.62491,-0.55364,-0.47427,0.3759,-0.38518,-0.30639,-0.23513,-0.16386,-0.092597,-0.006694,0.082388,0.15466,0.22709,0.31617,0.35808,0.40526,0.49434,0.5779,0.64916,0.72812,0.8172,0.89642,0.96768,1.0269,1.0804,0.22182,1.1338,1.1872,1.2407,1.2934,1.329,1.3647,1.4003,1.4308,1.4486,1.4665,0.38853,0.061477,1.4843,1.4926,1.4926,1.4926,1.4926,1.4926,1.4926,1.4926,1.4923,1.4745,0.003009,1.4542,1.4185,1.3876,1.3698,1.3451,1.3095,1.2648,1.2113,1.1579,1.1044,-0.05044,1.051,0.99754,0.92854,0.85727,0.76827,0.67919,0.59011,0.50103,0.41195,0.31642,-0.10389,0.20953,0.11125,0.022164,-0.077708,-0.18461,-0.27854,-0.36762,-0.4567,-0.54578,-0.63486,-0.15734,-0.72227,-0.79354,-0.86095,-0.9144,-0.96785,-1.0213,-1.0666,-1.1022,-1.1378,-1.1735,-0.21079,-1.1965,-1.2144,-1.2322,-1.25,-1.2509,-1.2509,-1.2509,-1.2475,-1.2297,-1.2174,-0.26992,-1.2174,-1.2174,-1.2174,-1.2075,-1.1897,-1.184,-1.184,-1.1697,-1.1519,-1.1505,-0.34119,-1.1497,-1.1319,-1.1171,-1.1171,-1.1171,-1.1171,-1.1171,-1.1171,-1.1171,-1.1171,-0.40459,-1.1171,-1.1171,-1.1171,-1.1171,-1.1171,-1.1171,-1.1171,-1.1197,-1.1375,-1.1505,-0.45804,-1.1505,-1.1505,-1.1505,-1.1505,-1.1505,-1.1505,-1.1505,-1.164,0.38853,-0.51149,-0.56494,-0.61839,-0.67183,-0.72528,-0.77873,-0.81562,-0.85125,-0.88688,-0.92252,0.38853,-0.95815,-0.98851,-1.0063,-1.0241,-1.042,-1.0405,-1.0227,-1.0049,-0.98709,-0.96927,0.38853,-0.95146,-0.9175,-0.88187,-0.84623,-0.80792,-0.75448,-0.70103,-0.64758,-0.5871,-0.51584,0.38853,-0.43537,-0.34629,-0.25721,-0.16813,-0.065496,0.041402,0.1483,0.2552,0.36209,0.46899,0.38853,0.57589,0.67835,0.76744,0.85652,0.9456,1.0347,1.1238,1.2019,1.2732,1.3313,0.38853,1.3847,1.4382,1.4916,1.5276,1.5614,1.5792,1.601,1.6367,1.6599,1.6599,0.0,2.0
-0.40737,-0.40737,-0.43763,-1.7312,-1.7808,-1.8303,-1.8588,-1.884,-1.9336,-1.9506,-1.9442,-1.8946,-1.869,-0.43763,-1.8583,-1.8385,-1.8241,-1.8142,-1.8043,-1.7895,-1.7697,-1.7594,-1.7451,-1.7253,-0.43763,-1.7146,-1.7008,-1.681,-1.6612,-1.6414,-1.6215,-1.6017,-1.5791,-1.5494,-1.5271,-0.43763,-1.505,-1.4753,-1.4456,-1.4176,-1.3978,-1.3715,-1.3406,-1.3009,-1.2672,-1.2375,-0.4402,-1.2077,-1.178,-1.1483,-1.1185,-1.084,-1.0443,-1.0142,-0.98449,-0.95476,-0.91603,-0.45011,-0.88017,-0.85044,-0.82071,-0.79098,-0.76125,-0.73152,-0.70179,-0.67206,-0.64975,-0.62773,-0.45276,-0.598,-0.56827,-0.54021,-0.52039,-0.50057,-0.48075,-0.46093,-0.44111,-0.42129,-0.40146,-0.45276,-0.38694,-0.37695,-0.35713,-0.34208,-0.33217,-0.32226,-0.31235,-0.30244,-0.29253,-0.28262,-0.45276,-0.27271,-0.2628,-0.25289,-0.24298,-0.23307,-0.22581,-0.22581,-0.21847,-0.21068,-0.21068,-0.45276,-0.20387,-0.19396,-0.18405,-0.17414,-0.16423,-0.15432,-0.14441,-0.1345,-0.12459,-0.11468,-0.41206,-0.45276,-0.10477,-0.084948,-0.065128,-0.045308,-0.034869,-0.020798,-0.000978,0.027693,0.053792,0.073612,-0.45276,0.093433,0.11325,0.13307,0.16068,0.18784,0.20766,0.23475,0.26243,0.28225,0.30881,-0.45276,0.33854,0.36827,0.398,0.42773,0.45746,0.48719,0.51692,0.54665,0.57638,0.60611,-0.45276,0.63584,0.66557,0.6953,0.72503,0.75476,0.78449,0.81422,0.84395,0.87368,0.91165,-0.45276,0.94827,0.978,1.0077,1.0375,1.0672,1.0969,1.1267,1.1564,1.1861,1.2173,-0.45276,1.2569,1.2904,1.3202,1.3499,1.3796,1.4094,1.4391,1.4688,1.4985,1.5283,-0.45276,1.5535,1.5733,1.6023,1.6281,1.6479,1.6677,1.6875,1.7073,1.7272,1.747,-0.45276,1.7668,1.779,1.7889,1.7988,1.8087,1.8186,1.8285,1.8384,1.847,1.847,-0.45276,1.847,1.8462,1.8362,1.8263,1.8164,1.8065,1.7966,1.7867,1.7768,1.7624,-0.45276,1.7426,1.7319,1.7181,1.6983,1.6871,1.6737,1.6539,1.6341,1.6143,1.5945,-0.42197,-0.45276,1.5671,1.5397,1.5199,1.493,1.4633,1.4336,1.3973,1.359,1.3292,1.2935,-0.45276,1.2539,1.2143,1.1746,1.135,1.0953,1.0557,1.0161,0.97641,0.93677,0.89713,-0.45276,0.85749,0.81785,0.77821,0.73857,0.69893,0.65929,0.61965,0.58281,0.55308,0.52335,-0.44345,0.49589,0.47607,0.44929,0.42304,0.41313,0.39679,0.37818,0.36827,0.35836,0.34913,-0.43763,0.34913,0.34913,0.34913,0.34913,0.34913,0.34913,0.34913,0.34913,0.34913,0.34913,-0.43763,0.34534,0.33543,0.334,0.334,0.334,0.334,0.334,0.334,0.32658,0.31887,-0.43763,0.31887,0.31887,0.3172,0.30729,0.30374,0.30374,0.30374,0.30374,0.30374,0.30374,-0.43407,0.30374,0.30366,0.29375,0.28861,0.28861,0.28861,0.28861,0.28861,0.28861,0.28861,-0.42416,0.28861,0.28861,0.28861,0.28861,0.28861,0.28861,0.28861,0.28861,0.28861,0.28861,-0.4225,0.28861,0.28861,0.28861,0.28861,0.28861,0.28861,0.28861,0.28808,-0.4225,-0.4225,-0.4225,-0.4225,-0.4225,-0.4225,-0.41531,-0.40737,-0.40737,-0.40737,-0.40737,-0.4225,-0.40737,-0.41349,-0.4225,-0.4225,-0.4225,-0.4225,-0.4225,-0.4225,-0.4225,-0.4225,-0.4225,-0.4225,-0.4225,-0.4225,-0.44655,-0.50601,-0.52197,-0.53536,-0.55518,-0.56683,-0.58855,-0.4225,-0.6381,-0.66472,-0.68454,-0.70436,-0.75263,-0.8102,-0.85975,-0.88955,-0.91074,-0.94047,-0.42613,-0.9823,-1.0302,-1.0599,-1.0896,-1.1194,-1.1491,-1.1938,-1.2533,-1.2837,-1.3134,-0.43604,-1.3431,-1.4095,-1.4631,-1.4929,-1.514,-1.5474,-1.6069,-1.642,-1.6689,-1.6887,4.0,2.0
0.50757,0.54496,0.5546,1.3425,1.4055,1.476,1.5134,1.5668,1.6117,1.6428,1.6615,1.6802,1.6989,0.53708,1.707,1.7012,1.6816,1.6442,1.6068,1.5694,1.5268,1.4707,1.4147,1.3443,0.53109,1.2695,1.1948,1.12,1.0267,0.93324,0.83976,0.74228,0.6301,0.53579,0.42925,0.53109,0.31707,0.20489,0.092714,-0.019466,-0.13165,-0.24383,-0.35601,-0.46819,-0.56367,-0.65715,0.53109,-0.75064,-0.84412,-0.9376,-1.015,-1.0898,-1.1581,-1.2142,-1.2703,-1.3264,-1.3717,0.53109,-1.4091,-1.4455,-1.4642,-1.4829,-1.5016,-1.515,-1.5145,-1.4958,-1.4771,-1.4584,0.53109,-1.4397,-1.421,-1.3837,-1.3463,-1.3,-1.2439,-1.1878,-1.1317,-1.0757,-1.0112,0.53109,-0.93643,-0.86164,-0.78685,-0.71207,-0.63728,-0.55955,-0.46607,-0.37259,-0.2791,-0.19279,0.53109,-0.1133,-0.001122,0.094831,0.18831,0.2818,0.37528,0.46876,0.56225,0.65573,0.74922,0.53109,0.8427,0.93618,1.0146,1.0996,1.1877,1.2619,1.318,1.3885,1.4537,1.5098,0.56848,0.53109,1.5659,1.622,1.6642,1.7016,1.7347,1.7534,1.7721,1.7908,1.8095,1.8209,0.53109,1.8022,1.7835,1.7648,1.7383,1.7039,1.6852,1.6327,1.5766,1.5205,1.4644,0.53109,1.4083,1.3359,1.2611,1.1796,1.088,1.0132,0.9069,0.80566,0.71217,0.6174,0.53779,0.50522,0.39304,0.29121,0.19219,0.080015,-0.032165,-0.14435,-0.24677,-0.34519,-0.45725,0.55272,-0.55073,-0.64422,-0.7377,-0.83118,-0.92467,-0.99992,-1.0747,-1.1495,-1.2205,-1.2766,0.53403,-1.3327,-1.3888,-1.4369,-1.4711,-1.4898,-1.5255,-1.5507,-1.562,-1.562,-1.562,0.51533,-1.5455,-1.5268,-1.5081,-1.4894,-1.4708,-1.4362,-1.4098,-1.3787,-1.324,-1.2866,0.49663,-1.2492,-1.2014,-1.1453,-1.0892,-1.0331,-0.9623,-0.89739,-0.83624,-0.76145,-0.68667,0.47794,-0.61188,-0.53709,-0.46231,-0.38752,-0.31273,-0.23795,-0.16316,-0.084493,0.008991,0.084718,0.45924,0.15951,0.24241,0.3326,0.40738,0.48217,0.55696,0.63174,0.70653,0.78132,0.83952,0.57812,0.44054,0.89561,0.94477,0.98216,1.0196,1.0569,1.0943,1.1254,1.1441,1.1628,1.1815,0.40668,1.2002,1.2189,1.2376,1.2563,1.2601,1.2501,1.2314,1.2128,1.1941,1.1754,0.36928,1.1567,1.1334,1.096,1.0771,1.0447,1.0073,0.96993,0.93254,0.87727,0.82118,0.32636,0.76509,0.709,0.65291,0.59682,0.54073,0.477,0.40503,0.34894,0.27615,0.21324,0.27027,0.15715,0.098829,0.024042,-0.034635,-0.090725,-0.14035,-0.17939,-0.23548,-0.27605,-0.30274,0.21418,-0.32731,-0.36365,-0.38235,-0.40104,-0.41974,-0.43844,-0.45666,-0.45666,-0.47101,-0.48018,0.15809,-0.48018,-0.48018,-0.48018,-0.46642,-0.45666,-0.46078,-0.47947,-0.48018,-0.48018,-0.48018,0.092244,-0.48018,-0.48018,-0.48018,-0.49276,-0.5037,-0.5037,-0.5037,-0.5037,-0.51569,-0.52722,0.017457,-0.52957,-0.54826,-0.55073,-0.56214,-0.57425,-0.57602,-0.59471,-0.59777,-0.59777,-0.60377,-0.057329,-0.62129,-0.62129,-0.60624,-0.59777,-0.59777,-0.59718,-0.57849,-0.57425,0.57389,-0.13212,-0.2069,-0.29086,-0.37999,-0.45478,-0.54779,-0.64128,-0.72618,-0.80473,-0.89821,0.55519,-0.97406,-1.0617,-1.1471,-1.2219,-1.2967,-1.3545,-1.4105,-1.4666,-1.5201,-1.5575,0.5546,-1.5949,-1.6207,-1.6394,-1.6561,-1.6561,-1.6402,-1.6104,-1.5731,-1.5357,-1.4983,0.5546,-1.4456,-1.3895,-1.3278,-1.253,-1.1782,-1.1034,-1.0187,-0.93031,-0.85505,-0.74287,0.5546,-0.64481,-0.55132,-0.45337,-0.34119,-0.24735,-0.14035,-0.028167,0.084013,0.19619,0.30837,0.5546,0.42055,0.52462,0.6214,0.73358,0.82859,0.92207,1.0156,1.109,1.2025,1.2794,0.0,2.0
2.1929,1.9922,1.6227,-1.0009,-1.0135,-1.0382,-1.0515,-1.064,-1.0766,-1.0997,-1.1146,-1.1271,-1.1397,1.5937,-1.1522,-1.1647,-1.1773,-1.1898,-1.2024,-1.2149,-1.2207,-1.2271,-1.2337,-1.2392,1.5438,-1.2466,-1.2514,-1.2595,-1.2635,-1.2761,-1.2854,-1.2854,-1.2878,-1.2983,-1.3,1.4969,-1.3113,-1.3122,-1.3242,-1.3243,-1.3369,-1.3371,-1.349,-1.35,-1.3612,-1.363,1.4668,-1.3733,-1.3859,-1.3888,-1.3888,-1.38,-1.3675,-1.363,-1.3553,-1.3428,-1.3303,1.4203,-1.3177,-1.3113,-1.3056,-1.293,-1.2854,-1.2809,-1.2725,-1.2687,-1.2562,-1.2466,1.3778,-1.244,-1.2315,-1.2207,-1.2193,-1.2068,-1.1942,-1.1817,-1.1691,-1.169,-1.157,1.3464,-1.1444,-1.1319,-1.1194,-1.0963,-1.0813,-1.0688,-1.0563,-1.0437,-1.0312,-1.0186,1.2968,-1.0061,-0.99355,-0.981,-0.96846,-0.95592,-0.94338,-0.93083,-0.91829,-0.90575,-0.89321,1.2508,-0.87678,-0.85519,-0.84265,-0.8301,-0.81756,-0.80502,-0.79248,-0.77993,-0.76739,-0.75485,1.9617,1.2257,-0.74231,-0.72976,-0.71722,-0.71645,-0.70507,-0.69252,-0.67998,-0.66744,-0.66472,-0.65528,1.1863,-0.64274,-0.63886,-0.63059,-0.61804,-0.613,-0.60589,-0.59335,-0.58714,-0.58119,-0.57421,1.1368,-0.56904,-0.56128,-0.55688,-0.54835,-0.54473,-0.53218,-0.52249,-0.52003,-0.50956,-0.50788,1.1117,-0.49533,-0.48279,-0.47025,-0.4577,-0.44516,-0.43262,-0.43197,-0.42046,-0.41904,-0.40831,1.0721,-0.40611,-0.39616,-0.38361,-0.38025,-0.37146,-0.36732,-0.3593,-0.34676,-0.33422,-0.32853,1.0066,-0.32206,-0.30952,-0.29698,-0.28444,-0.27189,-0.25935,-0.24681,-0.23426,-0.22172,-0.20621,0.96324,-0.18371,-0.17116,-0.15681,-0.13315,-0.1206,-0.10742,-0.082589,-0.070046,-0.04509,-0.03203,0.90789,-0.019488,-0.006945,0.016459,0.031071,0.043613,0.056156,0.068699,0.081241,0.093784,0.10633,0.8766,0.11887,0.13141,0.14395,0.1565,0.16904,0.18158,0.19413,0.21171,0.23214,0.24042,0.81389,0.2443,0.25684,0.26938,0.28192,0.29447,0.30701,0.31955,0.33209,0.34464,0.35718,1.8896,0.75505,0.36972,0.38226,0.39481,0.39558,0.40696,0.40851,0.41912,0.42144,0.43127,0.43438,0.73087,0.44343,0.44731,0.45558,0.46024,0.46774,0.48028,0.4861,0.49243,0.49903,0.50459,0.71626,0.51713,0.52489,0.52929,0.53782,0.54144,0.55398,0.56653,0.57907,0.59161,0.60415,0.65407,0.6167,0.62924,0.64178,0.65432,0.66687,0.67941,0.70385,0.71743,0.72997,0.75324,0.64152,0.77833,0.80341,0.81893,0.84065,0.86574,0.88242,0.90298,0.92806,0.96763,1.0041,0.57984,1.0292,1.0543,1.0794,1.1044,1.1295,1.1546,1.1921,1.2436,1.272,1.3067,0.56472,1.3318,1.359,1.4003,1.4587,1.4838,1.5096,1.5469,1.572,1.6095,1.6351,0.50614,1.6602,1.7078,1.7362,1.7613,1.7864,1.8018,1.8236,1.8487,1.8823,1.9037,0.48791,1.9162,1.9361,1.9542,1.9668,1.9793,1.9919,2.0044,2.0119,2.0166,2.0291,0.47536,2.0339,2.0213,2.0088,1.9963,1.9674,1.8787,1.8536,1.8285,1.8598,0.45248,0.40748,0.37645,0.36054,0.31283,0.27533,0.25826,0.20757,0.16852,0.15598,1.8348,0.14344,0.11266,0.07956,0.067018,0.039734,0.003141,-0.005264,-0.009014,-0.035004,-0.082848,1.7779,-0.085434,-0.097976,-0.11595,-0.16754,-0.22612,-0.23866,-0.25146,-0.27655,-0.28922,-0.30176,1.7458,-0.3143,-0.3381,-0.36318,-0.37779,-0.40042,-0.42551,-0.45059,-0.47568,-0.50076,-0.52585,1.7207,-0.54318,-0.56309,-0.58817,-0.61326,-0.63834,-0.66343,-0.68852,-0.7136,-0.73869,-0.76377,1.6673,-0.78886,-0.81394,-0.83903,-0.8614,-0.87627,-0.90135,-0.92489,-0.93859,-0.9629,-0.97583,1.0,2.0
0.16272,0.14556,0.11404,1.8056,1.8228,1.8399,1.8271,1.8022,1.7679,1.7336,1.6781,1.5924,1.438,0.11404,1.3237,1.2207,1.1178,0.99864,0.88753,0.78275,0.66264,0.54253,0.42242,0.30231,0.10285,0.16759,0.045165,-0.058031,-0.17814,-0.29826,-0.41533,-0.51828,-0.62123,-0.77676,-1.0341,0.089706,-1.1175,-1.1775,-1.229,-1.2805,-1.3205,-1.3505,-1.3677,-1.3849,-1.395,-1.395,0.089706,-1.395,-1.3851,-1.3653,-1.331,-1.2966,-1.2568,-1.2054,-1.1384,-1.0698,-1.0012,0.089706,-0.93253,-0.85282,-0.76702,-0.68123,-0.58156,-0.47861,-0.37565,-0.2727,-0.16975,-0.064481,0.089706,0.055631,0.16345,0.26641,0.36936,0.4874,0.5996,0.70256,0.80551,0.90846,1.0079,0.089706,1.0937,1.1795,1.2653,1.3511,1.4206,1.4892,1.5559,1.6074,1.6469,1.6812,0.072912,1.7155,1.7351,1.7523,1.7691,1.7691,1.7587,1.7353,1.6838,1.6454,1.6052,0.065367,1.5537,1.4863,1.3913,1.2744,1.1886,1.1028,1.017,0.93122,0.83107,0.72811,0.13838,0.065367,0.62516,0.52221,0.41925,0.3163,0.21335,0.11039,0.00744,-0.095513,-0.19847,-0.30142,0.065367,-0.40316,-0.48895,-0.6867,-0.89991,-0.96855,-1.0372,-1.099,-1.1505,-1.202,-1.2534,0.065367,-1.3025,-1.3368,-1.3587,-1.3759,-1.393,-1.4102,-1.4193,-1.4185,-1.4013,-1.3841,0.065367,-1.367,-1.3498,-1.319,-1.2783,-1.2268,-1.1753,-1.1238,-1.0703,-1.0016,-0.93301,0.065367,-0.85951,-0.77372,-0.68792,-0.60213,-0.51585,-0.41289,-0.3204,-0.23132,-0.12837,-0.025417,0.080578,0.071451,0.15725,0.2591,0.36206,0.46331,0.5491,0.64658,0.74503,0.83082,0.91662,0.089706,1.0024,1.0882,1.174,1.2497,1.3183,1.387,1.4427,1.4942,1.5457,1.5971,0.081187,1.6401,1.6731,1.6902,1.7074,1.7245,1.7417,1.7306,1.7204,1.7204,1.6697,-0.090402,1.6182,1.5667,1.5152,1.4262,1.3339,1.2653,1.1813,1.0955,1.0097,0.92392,-0.18618,0.83813,0.74856,0.64561,0.54265,0.4397,0.33675,0.23379,0.13084,0.030075,-0.055719,0.13838,-0.24495,-0.15368,-0.25165,-0.33744,-0.42324,-0.50903,-0.60091,-0.85829,-0.97804,-1.0158,-1.0672,-0.33075,-1.0919,-1.1153,-1.1496,-1.1678,-1.1849,-1.2003,-1.2003,-1.2003,-1.1956,-1.1785,-0.38928,-1.1613,-1.1442,-1.127,-1.1098,-1.0825,-1.0481,-1.0138,-0.9795,-0.93934,-0.88786,-0.44721,-0.85221,-0.80925,-0.75777,-0.7063,-0.65482,-0.60334,-0.55187,-0.50039,-0.44891,-0.39744,-0.51585,-0.34596,-0.29448,-0.24568,-0.21137,-0.16439,-0.11292,-0.061439,-0.025417,0.008901,0.043218,-0.56805,0.077536,0.11185,0.14617,0.18049,0.20093,0.21809,0.23525,0.25241,0.26957,0.28673,-0.62878,0.30389,0.30876,0.31387,0.33103,0.33309,0.33309,0.33309,0.33309,0.33309,0.33309,-0.69741,0.33309,0.33309,0.33309,0.33309,0.33309,0.33309,0.33309,0.33309,0.33309,0.33309,-0.76605,0.33309,0.34782,0.35743,0.35743,0.35743,0.35743,0.35743,0.35743,0.35743,0.35743,-0.83468,0.35743,0.34149,0.33309,0.33309,0.33309,0.32153,0.30876,0.30876,0.13838,-0.90332,-0.97196,-1.0406,-1.1092,-1.1774,-1.2289,-1.2908,-1.3561,-1.4076,-1.4458,0.13838,-1.4862,-1.5377,-1.5731,-1.5986,-1.6157,-1.6329,-1.65,-1.6627,-1.6627,-1.6482,0.13838,-1.6311,-1.6138,-1.5795,-1.5451,-1.5079,-1.4564,-1.392,-1.3234,-1.2548,-1.1861,0.13838,-1.109,-1.0232,-0.93739,-0.84028,-0.74147,-0.65567,-0.55576,-0.44587,-0.32576,-0.20565,0.12281,-0.085534,0.034578,0.15469,0.2748,0.39491,0.51503,0.63514,0.75525,0.87536,0.99548,0.11404,1.1046,1.2076,1.3105,1.4135,1.5033,1.5719,1.6406,1.6998,1.7491,1.7834,2.0,2.0
-1.8445,-1.7942,-1.5663,-0.84359,-0.82684,-0.81008,-0.79333,-0.77657,-0.76576,-0.75412,-0.73795,-0.72957,-0.72119,-1.5459,-0.71281,-0.70443,-0.69606,-0.69429,-0.69036,-0.68198,-0.67361,-0.67217,-0.66791,-0.66111,-1.5218,-0.66111,-0.65384,-0.65005,-0.65005,-0.65005,-0.65005,-0.64513,-0.63899,-0.63899,-0.63899,-1.505,-0.63374,-0.62793,-0.62793,-0.61966,-0.61128,-0.60581,-0.60559,-0.59721,-0.58883,-0.57722,-1.4883,-0.56102,-0.55264,-0.53801,-0.52482,-0.51556,-0.49881,-0.48205,-0.46919,-0.4596,-0.44284,-1.4715,-0.433,-0.42039,-0.40519,-0.39681,-0.38843,-0.37549,-0.36061,-0.35224,-0.34386,-0.33548,-1.4561,-0.32932,-0.32932,-0.32141,-0.31303,-0.30465,-0.29627,-0.29614,-0.29614,-0.29614,-0.29594,-1.4477,-0.28756,-0.28508,-0.28187,-0.27402,-0.27402,-0.2678,-0.25942,-0.2519,-0.2519,-0.24534,-1.4323,-0.23697,-0.22859,-0.22021,-0.21183,-0.20346,-0.19508,-0.1867,-0.17111,-0.15435,-0.13759,-1.4199,-0.12084,-0.11163,-0.098387,-0.081632,-0.064876,-0.048121,-0.031365,-0.01461,0.002146,0.01069,-1.7611,-1.4115,0.030127,0.052413,0.069168,0.085924,0.085094,0.086255,0.10301,0.11977,0.13652,0.14977,-1.4031,0.15814,0.16652,0.1749,0.17943,0.18408,0.21759,0.22367,0.22367,0.22367,0.22367,-1.3948,0.22367,0.22818,0.23473,0.23473,0.23473,0.23957,0.24795,0.25633,0.2647,0.27308,-1.3864,0.28146,0.28984,0.29822,0.3121,0.32603,0.33441,0.34279,0.357,0.3706,0.37945,-1.38,0.39621,0.4068,0.41866,0.43461,0.44299,0.45137,0.45974,0.46926,0.48601,0.49594,-1.38,0.50431,0.51269,0.52107,0.52945,0.5423,0.55726,0.56564,0.57402,0.5824,0.58865,-1.38,0.58865,0.59647,0.60485,0.61323,0.6216,0.62998,0.63288,0.63568,0.64394,0.64394,-1.38,0.64975,0.655,0.65545,0.66382,0.6722,0.68058,0.68818,0.68818,0.69465,0.70303,-1.38,0.71251,0.72927,0.73922,0.7476,0.75598,0.76436,0.77987,0.79217,0.80232,0.81908,-1.38,0.83583,0.8478,0.85828,0.87504,0.89179,0.90855,0.9253,0.94206,0.95882,0.97012,-1.7359,-1.38,0.98127,0.99794,1.0063,1.0205,1.0341,1.0425,1.0509,1.0593,1.0676,1.076,-1.3747,1.0844,1.0928,1.1012,1.1095,1.1179,1.1195,1.1236,1.132,1.1404,1.1416,-1.3689,1.1461,1.1527,1.1527,1.1601,1.1638,1.1638,1.1638,1.1638,1.1688,1.1748,-1.3689,1.1748,1.1748,1.1748,1.1776,1.1859,1.1859,1.1859,1.1889,1.1969,1.1969,-1.3689,1.203,1.208,1.2087,1.2171,1.2191,1.2228,1.2301,1.2301,1.2369,1.2412,-1.3633,1.2426,1.2509,1.2593,1.2633,1.265,1.2734,1.2818,1.2854,1.2875,1.2958,-1.3579,1.3042,1.3075,1.3099,1.3183,1.3267,1.3296,1.3324,1.3407,1.3491,1.3518,-1.3576,1.3548,1.3632,1.3716,1.3799,1.3883,1.3967,1.4051,1.4135,1.4218,1.4312,-1.3492,1.448,1.4647,1.4815,1.4996,1.5247,1.5428,1.564,1.5891,1.6142,1.6394,-1.3468,1.6692,1.7027,1.7362,1.7697,1.8032,1.8367,1.8703,1.9118,-1.7108,-1.3435,-1.3351,-1.3267,-1.3247,-1.321,-1.3136,-1.3136,-1.307,-1.3026,-1.3013,-1.6857,-1.2929,-1.2915,-1.2915,-1.2915,-1.2915,-1.2842,-1.2805,-1.2805,-1.2805,-1.2805,-1.6605,-1.2755,-1.2694,-1.2694,-1.2694,-1.2694,-1.2668,-1.2584,-1.2583,-1.2527,-1.2473,-1.6354,-1.247,-1.2386,-1.2302,-1.2219,-1.2135,-1.2051,-1.1967,-1.1884,-1.18,-1.1716,-1.6103,-1.1632,-1.1509,-1.1354,-1.127,-1.1117,-1.0992,-1.0892,-1.0725,-1.0557,-1.039,-1.5851,-1.0222,-1.0055,-0.9887,-0.96699,-0.94413,-0.92737,-0.91062,-0.89386,-0.87711,-0.86035,3.0,2.0
1.8295,1.7479,1.3635,-1.4517,-1.4654,-1.4791,-1.4928,-1.5064,-1.5201,-1.5451,-1.5588,-1.5725,-1.5861,1.3234,-1.5998,-1.6131,-1.6158,-1.6244,-1.6319,-1.6358,-1.6358,-1.6326,-1.6244,-1.6166,1.2635,-1.6131,-1.6018,-1.5982,-1.5845,-1.5791,-1.5685,-1.5548,-1.5412,-1.5275,-1.5138,1.2125,-1.5001,-1.4865,-1.4728,-1.4524,-1.4341,-1.4205,-1.4043,-1.3818,-1.3681,-1.3449,1.1749,-1.3294,-1.3128,-1.2908,-1.2695,-1.2521,-1.2271,-1.2101,-1.1884,-1.1747,-1.1507,1.1475,-1.1361,-1.1186,-1.0974,-1.0837,-1.07,-1.0564,-1.0385,-1.0177,-1.004,-0.99035,1.1057,-0.97668,-0.963,-0.94236,-0.92433,-0.91065,-0.89698,-0.88331,-0.86963,-0.85596,-0.84228,1.0475,-0.82861,-0.81493,-0.80126,-0.79775,-0.78524,-0.77156,-0.76378,-0.75554,-0.74186,-0.7298,0.98687,-0.72584,-0.71848,-0.70981,-0.70715,-0.69379,-0.6845,-0.6845,-0.67542,-0.67318,-0.67072,0.93685,-0.66186,-0.65469,-0.64102,-0.62734,-0.61656,-0.61132,-0.60523,-0.5953,-0.59295,-0.58258,1.7342,0.86525,-0.57692,-0.57126,-0.5609,-0.54861,-0.54487,-0.53729,-0.52885,-0.52596,-0.51464,-0.51048,0.83133,-0.4968,-0.49199,-0.48078,-0.4671,-0.45343,-0.43975,-0.42608,-0.42373,-0.41006,-0.39638,0.78128,-0.38271,-0.37874,-0.36668,-0.35301,-0.34477,-0.33699,-0.32331,-0.30964,-0.29596,-0.28229,0.75886,-0.27682,-0.26626,-0.25259,-0.23892,-0.22524,-0.21157,-0.19789,-0.19554,-0.18187,-0.16819,0.73151,-0.15452,-0.14085,-0.12717,-0.1135,-0.092688,-0.074824,-0.061149,-0.047475,-0.033801,-0.020126,0.69283,-0.006452,0.007222,0.020896,0.034571,0.048245,0.061919,0.074235,0.077943,0.091618,0.096884,0.66996,0.10764,0.11953,0.12367,0.13734,0.14218,0.15336,0.16704,0.18071,0.19439,0.1988,0.64946,0.21041,0.22145,0.22644,0.23278,0.24246,0.25613,0.26981,0.27808,0.28583,0.2894,0.63129,0.30186,0.31553,0.32921,0.34288,0.35655,0.3589,0.37258,0.38625,0.39993,0.4136,0.60629,0.42727,0.44095,0.45462,0.4683,0.48197,0.49565,0.50932,0.523,0.53667,0.55034,1.7206,0.59006,0.56402,0.57769,0.59137,0.60504,0.61872,0.63239,0.64606,0.65974,0.67341,0.68709,0.54802,0.70076,0.71444,0.72811,0.74178,0.75546,0.76913,0.78281,0.79648,0.81016,0.82383,0.50864,0.8375,0.85118,0.86485,0.8672,0.88088,0.89455,0.90823,0.9219,0.93557,0.94622,0.49497,0.9516,0.96527,0.97895,0.99152,0.99497,1.0086,1.0223,1.036,1.0497,1.0633,0.4788,1.077,1.0907,1.1044,1.118,1.1317,1.1454,1.1591,1.1727,1.1751,1.1888,0.41043,1.2024,1.2161,1.2298,1.2435,1.2571,1.2708,1.2845,1.2982,1.3118,1.3255,0.36867,1.3392,1.3529,1.3665,1.3802,1.3939,1.4075,1.4212,1.4349,1.4486,1.4622,0.32264,1.4759,1.4896,1.5033,1.5169,1.5306,1.5443,1.558,1.5716,1.5853,1.599,0.26064,1.6127,1.6263,1.64,1.6537,1.6674,1.681,1.6947,1.7084,1.7221,1.7357,0.24305,1.7494,1.7631,1.7768,1.7904,1.8041,1.8178,1.8315,1.8451,1.7069,0.22598,0.18714,0.13244,0.10909,0.095411,0.081737,0.049547,-0.00515,-0.070719,-0.086205,1.6458,-0.11687,-0.15225,-0.1612,-0.16358,-0.24517,-0.27753,-0.31782,-0.33149,-0.34517,-0.36159,1.5665,-0.38384,-0.40496,-0.43231,-0.44833,-0.47568,-0.50303,-0.53038,-0.55773,-0.58632,-0.62375,1.5186,-0.6511,-0.68674,-0.71712,-0.74614,-0.78314,-0.81686,-0.84916,-0.88758,-0.91518,-0.94253,1.4975,-0.97668,-1.0086,-1.0359,-1.0607,-1.0841,-1.1179,-1.1453,-1.1721,-1.1887,-1.216,1.4407,-1.2357,-1.2594,-1.2754,-1.2994,-1.3188,-1.3461,-1.3735,-1.3895,-1.4169,-1.4381,1.0,2.0
0.59468,0.66973,0.70286,0.35129,0.43986,0.5149,0.60343,0.68302,0.76551,0.85115,0.92759,1.0176,1.0943,0.70286,1.1694,1.2444,1.3151,1.3765,1.4515,1.5133,1.563,1.6153,1.6669,1.6981,0.70286,1.7431,1.775,1.7948,1.8098,1.8207,1.8207,1.8207,1.8075,1.732,1.6552,0.71769,1.5939,1.492,1.432,1.3719,1.3019,1.2268,1.1518,1.0758,0.98573,0.88274,0.72089,0.78759,0.69064,0.58558,0.48051,0.37545,0.27038,0.16532,0.060253,-0.044811,-0.14911,0.72089,-0.23917,-0.34198,-0.61255,-0.85188,-0.93824,-1.0133,-1.0883,-1.1634,-1.2288,-1.2888,0.72089,-1.3489,-1.4083,-1.4533,-1.4858,-1.5158,-1.5458,-1.5723,-1.5873,-1.6023,-1.5924,0.72363,-1.5774,-1.5624,-1.5439,-1.5135,-1.4685,-1.4111,-1.351,-1.291,-1.2276,-1.1526,0.73864,-1.0775,-0.99017,-0.90011,-0.81006,-0.72,-0.62995,-0.53989,-0.43762,-0.34175,-0.24552,0.73891,-0.14361,-0.05342,0.051644,0.14458,0.24374,0.34272,0.42972,0.50481,0.59486,0.68492,0.68483,0.73891,0.76596,0.841,0.91605,0.9911,1.0661,1.1412,1.2073,1.2673,1.3245,1.3695,0.73891,1.4146,1.4477,1.4777,1.502,1.5142,1.5142,1.2776,1.1786,1.1099,1.0348,0.73891,0.95977,0.88472,0.79499,0.70493,0.60622,0.50679,0.41412,0.30906,0.20399,0.098926,0.73626,-0.014703,-0.12369,-0.21627,-0.32133,-0.41188,-0.50194,-0.592,-0.6766,-0.78815,-1.0883,0.72125,-1.1433,-1.1884,-1.225,-1.255,-1.285,-1.3151,-1.3307,-1.3457,-1.3608,-1.3705,0.70624,-1.3682,-1.3532,-1.3382,-1.3232,-1.3082,-1.2828,-1.24,-1.2099,-1.1658,-1.1096,0.69123,-1.0577,-1.0076,-0.94546,-0.87041,-0.80943,-0.73835,-0.6633,-0.58825,-0.51321,-0.43816,0.67622,-0.36312,-0.28807,-0.20509,-0.11995,-0.043008,0.047047,0.1371,0.2163,0.29918,0.38442,0.66121,0.45946,0.53451,0.60956,0.6846,0.75965,0.83469,0.90803,0.96806,1.0281,1.0881,0.64363,1.1482,1.2036,1.2486,1.2936,1.3387,1.3837,1.4211,1.4557,1.4977,1.5127,0.68483,0.61361,1.5412,1.5607,1.5757,1.5863,1.5863,1.5863,1.5729,1.5683,1.5609,1.5415,0.59815,1.5115,1.4814,1.4514,1.4111,1.3661,1.321,1.2747,1.2147,1.1414,1.0766,0.56007,1.0021,0.91628,0.84006,0.75,0.65995,0.56989,0.47984,0.38978,0.29323,0.11312,0.52356,-0.27612,-0.47526,-0.55828,-0.62932,-0.69034,-0.76539,-0.84044,-0.90552,-0.96556,-1.0256,0.48804,-1.0847,-1.1298,-1.1748,-1.2099,-1.24,-1.2661,-1.2812,-1.2962,-1.2984,-1.2984,0.44301,-1.2984,-1.2946,-1.2796,-1.2646,-1.2369,-1.2069,-1.1702,-1.1288,-1.0982,-1.0531,0.39798,-0.99549,-0.94505,-0.90002,-0.85143,-0.7914,-0.73136,-0.67132,-0.6208,-0.56928,-0.50924,0.35296,-0.4492,-0.38917,-0.34157,-0.29654,-0.25152,-0.20649,-0.16182,-0.1318,-0.089433,-0.053736,0.29648,-0.030027,-0.011728,0.01802,0.033029,0.035779,0.045019,0.053808,0.057008,0.071837,0.071837,0.23644,0.071837,0.071837,0.071837,0.071837,0.071837,0.071837,0.071837,0.080897,0.68483,0.17641,0.11398,0.038934,-0.021734,-0.093129,-0.16818,-0.24322,-0.31597,-0.37601,-0.45033,0.68483,-0.52538,-0.59218,-0.65744,-0.73028,-0.79032,-0.85035,-0.92157,-0.9803,-1.0305,-1.0884,0.68483,-1.1334,-1.1925,-1.2415,-1.2785,-1.3085,-1.3385,-1.3685,-1.3845,-1.3995,-1.4145,0.68483,-1.4246,-1.4246,-1.4246,-1.4246,-1.4028,-1.3806,-1.3608,-1.3307,-1.3007,-1.2569,0.68483,-1.2118,-1.159,-1.099,-1.0389,-0.9789,-0.91886,-0.8481,-0.77305,-0.69332,-0.60493,0.69371,-0.52988,-0.44118,-0.35113,-0.26107,-0.17102,-0.08096,0.009096,0.099151,0.18921,0.27173,2.0,2.0
0.383,0.383,0.40911,-1.4771,-1.3837,-1.2903,-1.1753,-1.0769,-0.95238,-0.83842,-0.72942,-0.68739,-0.58479,0.40911,-0.46026,-0.32613,-0.18509,-0.060561,0.06397,0.19209,0.33914,0.46367,0.5882,0.61796,0.40911,0.73283,0.85736,0.98189,1.1064,1.231,1.3294,1.4473,1.5523,1.6602,1.7536,0.40911,1.8202,1.8711,1.8925,1.939,1.9494,1.9752,1.9494,1.9397,1.9086,1.8774,0.40911,1.8463,1.7853,1.7231,1.6884,1.6508,1.5885,1.5001,1.4301,1.3367,1.2433,0.40911,1.1271,1.0025,0.87799,0.74164,0.60282,0.45642,0.4313,0.27563,0.11997,-0.035694,0.40911,-0.19136,-0.32111,-0.47175,-0.60613,-0.74692,-0.87145,-0.97104,-1.0529,-1.0795,-1.159,0.40911,-1.2213,-1.2835,-1.3429,-1.382,-1.4313,-1.4624,-1.4936,-1.4986,-1.5228,-1.5228,0.40911,-1.5228,-1.5008,-1.4697,-1.4386,-1.3965,-1.3342,-1.2509,-1.1575,-1.079,-1.0391,0.40911,-0.91452,-0.76995,-0.61429,-0.48474,-0.33808,-0.19952,-0.06291,0.061621,0.16004,0.25246,0.383,0.40911,0.30468,0.42921,0.55374,0.67827,0.8028,0.92733,1.0348,1.1503,1.2477,1.335,0.40911,1.3973,1.4273,1.4484,1.5057,1.5317,1.5418,1.573,1.5839,1.5839,1.5839,0.40911,1.5748,1.5437,1.5125,1.4814,1.4732,1.411,1.3487,1.2682,1.1981,1.1358,0.40911,1.0735,1.0113,0.949,0.86448,0.8494,0.756,0.66261,0.55296,0.4497,0.3302,0.40911,0.23158,0.11729,0.008623,-0.095609,-0.21433,-0.31275,-0.43729,-0.50464,-0.58192,-0.70645,0.40911,-0.80161,-0.89501,-0.98841,-1.0635,-1.1491,-1.2141,-1.2764,-1.3386,-1.4009,-1.4184,0.40911,-1.4471,-1.503,-1.5342,-1.5653,-1.5964,-1.6011,-1.6011,-1.5908,-1.5596,-1.5285,0.40911,-1.4974,-1.4662,-1.4351,-1.404,-1.3728,-1.3662,-1.3333,-1.2794,-1.2349,-1.1726,0.41929,-1.1103,-1.022,-0.95225,-0.85885,-0.74796,-0.64595,-0.53075,-0.51136,-0.40648,-0.28195,0.43521,-0.15742,-0.032887,0.091644,0.20567,0.3146,0.41857,0.51197,0.60537,0.69876,0.7485,0.383,0.43521,0.80724,0.90064,0.99403,1.0789,1.1547,1.2295,1.2918,1.3515,1.3826,1.4138,0.43521,1.4449,1.4534,1.4534,1.4534,1.4534,1.4367,1.4273,1.4267,1.3956,1.3644,0.43521,1.3333,1.2815,1.2192,1.2045,1.1111,1.003,0.87851,0.75398,0.6331,0.53103,0.43521,0.4202,0.3268,0.23341,0.14268,0.095821,0.070366,0.025854,-0.028057,-0.062519,-0.093651,0.43521,-0.12478,-0.15592,-0.18705,-0.21746,-0.22321,-0.24357,-0.25937,-0.26968,-0.26968,-0.26491,0.43521,-0.24357,-0.24357,-0.24357,-0.24357,-0.24357,-0.24357,-0.24357,-0.24357,-0.24357,-0.24357,0.43521,-0.2514,-0.26968,-0.26968,-0.26968,-0.26968,-0.26968,-0.26968,-0.26968,-0.26968,-0.26968,0.43521,-0.26968,-0.26968,-0.26968,-0.26968,-0.26968,-0.26968,-0.25976,-0.24357,-0.24357,-0.24357,0.43521,-0.23966,-0.21746,-0.21746,-0.19847,-0.19136,-0.19136,-0.18339,-0.16525,-0.16525,-0.16525,0.43521,-0.16525,-0.16525,-0.16525,-0.16525,-0.16525,-0.19136,-0.18535,-0.16525,0.383,0.43521,0.43521,0.40911,0.40186,0.383,0.383,0.36068,0.32954,0.29841,0.26728,0.383,0.23615,0.20501,0.19999,0.16886,0.13772,0.10659,0.075457,0.044325,-0.012915,-0.053381,0.383,-0.13001,-0.20402,-0.26628,-0.348,-0.37306,-0.45308,-0.53375,-0.60372,-0.66598,-0.72825,0.39207,-0.79051,-0.85278,-0.9375,-1.0034,-1.0721,-1.1541,-1.1834,-1.2264,-1.3147,-1.377,0.40911,-1.4497,-1.5276,-1.5899,-1.6522,-1.6883,-1.7411,-1.7723,-1.8034,-1.81,-1.8361,0.40911,-1.8446,-1.8622,-1.8622,-1.8386,-1.8075,-1.7839,-1.7588,-1.7141,-1.6604,-1.5705,0.0,2.0
2.1209,1.8895,1.4887,-0.44778,-0.47093,-0.49407,-0.51722,-0.54522,-0.57506,-0.59821,-0.62624,-0.65606,-0.6792,1.4579,-0.70726,-0.73705,-0.76019,-0.78828,-0.81804,-0.84118,-0.8693,-0.89903,-0.92217,-0.95032,1.4269,-0.98002,-1.0032,-1.0263,-1.0495,-1.0726,-1.0957,-1.1189,-1.142,-1.1652,-1.1883,1.3883,-1.2115,-1.2295,-1.2462,-1.2693,-1.2925,-1.3143,-1.3298,-1.3504,-1.3722,-1.3876,1.3537,-1.403,-1.4185,-1.4339,-1.4493,-1.4648,-1.4802,-1.4904,-1.4995,-1.5149,-1.5251,1.3227,-1.5328,-1.5405,-1.5482,-1.5559,-1.5636,-1.566,-1.5675,-1.5752,-1.5776,-1.5791,1.2842,-1.5868,-1.5891,-1.5891,-1.5891,-1.5837,-1.576,-1.5683,-1.5605,-1.5528,-1.5451,1.2496,-1.5374,-1.5297,-1.522,-1.5143,-1.5049,-1.4894,-1.4795,-1.4718,-1.4641,-1.4508,1.2189,-1.4371,-1.4294,-1.4161,-1.4007,-1.3852,-1.3754,-1.3659,-1.3505,-1.3351,-1.3178,1.1958,-1.2947,-1.2772,-1.2618,-1.2464,-1.2309,-1.2136,-1.1905,-1.1731,-1.1577,-1.1422,1.7587,1.1686,-1.121,-1.0998,-1.0844,-1.0632,-1.042,-1.0265,-1.0053,-0.98213,-0.95899,-0.94171,1.1379,-0.92425,-0.90111,-0.87797,-0.85687,-0.84144,-0.82009,-0.79695,-0.7738,-0.75661,-0.73907,1.1148,-0.71593,-0.69278,-0.66964,-0.64649,-0.62936,-0.61176,-0.58862,-0.56547,-0.54452,-0.52909,1.0876,-0.5076,-0.48668,-0.47125,-0.45582,-0.43813,-0.41499,-0.39797,-0.38254,-0.36711,-0.35168,1.0569,-0.33394,-0.3108,-0.29383,-0.2784,-0.26297,-0.24755,-0.23448,-0.22677,-0.21281,-0.19738,1.0338,-0.18195,-0.16652,-0.15352,-0.14581,-0.13809,-0.12792,-0.11249,-0.10339,-0.095675,-0.087961,1.0106,-0.080246,-0.072531,-0.064816,-0.057101,-0.049386,-0.041672,-0.033957,-0.028814,-0.028814,-0.02237,0.98645,-0.017256,-0.017256,-0.017256,-0.014626,-0.006912,-0.005698,-0.00304,0.004675,0.00586,0.008547,0.93245,0.016262,0.023977,0.031692,0.039406,0.047121,0.054836,0.062551,0.070266,0.077981,0.085695,0.89497,0.09341,0.10393,0.11936,0.13479,0.14739,0.1551,0.16952,0.18495,0.20038,0.21581,1.7278,0.87096,0.23124,0.24667,0.2621,0.27753,0.29296,0.30839,0.32382,0.33924,0.35467,0.3701,0.82467,0.38553,0.39412,0.40183,0.40955,0.42414,0.43653,0.44425,0.45196,0.45968,0.46739,0.79503,0.47511,0.48282,0.49054,0.49129,0.49441,0.50212,0.50285,0.506,0.51371,0.52142,0.77928,0.52914,0.53685,0.54457,0.55549,0.57092,0.60051,0.6249,0.64033,0.66286,0.68274,0.75614,0.69817,0.72788,0.75544,0.77859,0.8089,0.84972,0.90373,0.94334,0.97857,1.0094,0.73718,1.0331,1.0596,1.0904,1.1213,1.1488,1.1719,1.2169,1.2529,1.276,1.2991,0.7221,1.3223,1.3454,1.3686,1.3917,1.4149,1.438,1.4612,1.4843,1.5222,1.5502,0.71438,1.5656,1.5884,1.6044,1.6121,1.6273,1.6427,1.6582,1.6736,1.6854,1.6931,0.68979,1.7158,1.7353,1.7507,1.7586,1.77,1.7855,1.7933,1.8048,1.8202,1.828,0.65272,1.8358,1.8435,1.8512,1.8589,1.8666,1.859,1.8513,1.8436,1.6893,0.64501,0.63729,0.62836,0.5975,0.57947,0.57046,0.5396,0.50874,0.47927,0.47155,1.6546,0.45084,0.42145,0.41374,0.40166,0.38519,0.35433,0.33225,0.31682,0.30139,0.27712,1.6237,0.24742,0.23199,0.20766,0.17801,0.16258,0.14715,0.13236,0.12465,0.10792,0.085435,1.5929,0.070006,0.059113,0.049317,0.018458,0.00586,0.002971,-0.027889,-0.044966,-0.054934,-0.085793,1.5581,-0.10278,-0.1105,-0.11821,-0.13058,-0.1452,-0.15292,-0.16531,-0.18074,-0.19617,-0.2116,1.5196,-0.2279,-0.25104,-0.26945,-0.28577,-0.30892,-0.33206,-0.35428,-0.36971,-0.39473,-0.42464,1.0,2.0
-0.11581,-0.19702,-0.14288,1.4543,1.5095,1.5636,1.5912,1.6188,1.6465,1.6741,1.7017,1.7293,1.7569,-0.13692,1.7845,1.8121,1.8397,1.8673,1.895,1.9226,1.9502,1.9686,1.9588,1.9312,-0.11581,1.7845,1.5214,1.3915,1.3086,1.2128,1.0617,0.92477,0.82731,0.65623,0.49814,-0.11581,0.38769,0.27725,0.1668,-0.2831,-0.55001,-0.63285,-0.71568,-0.79852,-0.88135,-0.96419,-0.10823,-1.0254,-1.0806,-1.1586,-1.2181,-1.2733,-1.3042,-1.3567,-1.3865,-1.4141,-1.4417,-0.08874,-1.4693,-1.4693,-1.4693,-1.4677,-1.4422,-1.4395,-1.4087,-1.3572,-1.3253,-1.2701,-0.08874,-1.2149,-1.1537,-1.0773,-1.0151,-0.93224,-0.84941,-0.76658,-0.68374,-0.59116,-0.491,-0.08874,-0.39734,-0.28689,-0.18836,-0.093071,0.017375,0.12782,0.25234,0.37578,0.48623,0.61238,-0.078994,0.73419,0.84464,0.97241,1.0926,1.203,1.3135,1.4239,1.5144,1.5972,1.6589,-0.06167,1.7141,1.7694,1.8018,1.8294,1.8332,1.7601,1.7022,1.5452,1.4575,1.3481,-0.19702,-0.06167,1.1294,0.9919,0.88037,0.74231,0.60426,0.4689,0.35521,0.21715,0.083426,-0.031892,-0.0503,-0.16995,-0.40925,-0.89976,-1.0032,-1.086,-1.1688,-1.243,-1.2982,-1.3535,-1.3984,-0.034599,-1.426,-1.4422,-1.4542,-1.4693,-1.4563,-1.4422,-1.4282,-1.4006,-1.3578,-1.3183,-0.034599,-1.2744,-1.2192,-1.164,-1.1087,-1.0535,-0.97935,-0.89651,-0.81368,-0.73084,-0.64801,-0.021606,-0.54352,-0.43307,-0.32263,-0.21218,-0.10173,0.008713,0.14406,0.25668,0.34113,0.4505,-0.007529,0.56094,0.64378,0.72661,0.80945,0.89012,0.94805,1.0276,1.0866,1.1651,1.2204,-0.007529,1.2756,1.3308,1.386,1.4342,1.4618,1.4894,1.5171,1.5447,1.5625,1.5625,0.007089,1.5625,1.5512,1.5236,1.4959,1.4683,1.3189,1.1413,1.0439,0.93343,0.82298,0.019541,0.71254,0.60209,0.47432,0.35413,0.24368,0.11429,-0.004281,-0.11473,-0.22517,-0.33562,0.019541,-0.44607,-0.55651,-0.96256,-1.0828,-1.1618,-1.2203,-1.2755,-1.3307,-1.36,-1.4141,-0.19702,0.035783,-1.4422,-1.4699,-1.4964,-1.498,-1.5235,-1.5235,-1.5235,-1.5197,-1.4921,-1.4644,0.046611,-1.4314,-1.3762,-1.321,-1.2587,-1.1759,-1.093,-1.0102,-0.92737,-0.84454,-0.7617,0.046611,-0.67887,-0.6074,-0.54027,-0.45743,-0.38759,-0.31884,-0.236,-0.16778,-0.097402,-0.030268,0.046611,0.041197,0.10725,0.19712,0.27183,0.32706,0.38228,0.41801,0.44562,0.49381,0.52792,0.046611,0.53387,0.51168,0.48406,0.47973,0.47973,0.47973,0.45483,0.45266,0.45266,0.45266,0.046611,0.45266,0.42559,0.42559,0.42559,0.42343,0.39852,0.39852,0.39473,0.37145,0.37145,0.046611,0.36604,0.34438,0.34438,0.34438,0.34438,0.34438,0.35304,0.37145,0.37145,0.37145,0.026579,0.38228,0.39852,0.39852,0.41097,0.42559,0.42559,0.42559,0.44021,0.45266,0.45266,0.019541,0.4689,0.47973,0.47973,0.47973,0.47973,0.49868,0.5068,0.5068,0.5068,0.5068,-0.043803,0.5068,0.5068,0.5068,0.5068,0.5068,0.5068,0.5068,0.48136,-0.19702,-0.083326,-0.24412,-0.32371,-0.47205,-0.56626,-0.62473,-0.75466,-0.84183,-0.92466,-0.98097,-0.19431,-1.0362,-1.1185,-1.1737,-1.2289,-1.2842,-1.3394,-1.3946,-1.446,-1.4736,-1.5013,-0.16995,-1.5235,-1.5294,-1.5505,-1.5505,-1.5505,-1.5424,-1.5148,-1.4872,-1.4498,-1.3946,-0.16995,-1.3394,-1.2842,-1.217,-1.1342,-1.0514,-0.95498,-0.85861,-0.76116,-0.63556,-0.5132,-0.16562,-0.40275,-0.29231,-0.18186,-0.053548,0.066101,0.17655,0.28699,0.37741,0.48082,0.59126,-0.14288,0.70171,0.78996,0.89553,0.9827,1.0655,1.1484,1.2312,1.2886,1.3438,1.399,2.0,2.0
0.58065,0.65243,0.67636,1.0113,1.07,1.0616,1.1238,1.1932,1.2566,1.308,1.3846,1.4803,1.515,0.67636,1.5497,1.5844,1.643,1.6777,1.7124,1.7471,1.7818,1.8165,1.8512,1.8858,0.67636,1.9205,1.9552,1.9899,2.0246,2.0593,2.094,2.112,2.0844,2.0497,2.0151,0.6967,1.9684,1.899,1.844,1.7602,1.6358,1.5497,1.4516,1.3475,1.2434,1.1657,0.70029,1.0831,0.97903,0.87495,0.77925,0.69072,0.58664,0.48256,0.37848,0.27439,0.14758,0.71823,0.066234,-0.037847,-0.118,-0.20174,-0.27831,-0.36444,-0.45776,-0.5427,-0.62046,-0.68985,0.72421,-0.75923,-0.82862,-0.89801,-0.96739,-1.0368,-1.1002,-1.1516,-1.221,-1.2904,-1.3598,0.72421,-1.4172,-1.4746,-1.544,-1.5931,-1.6589,-1.7103,-1.7689,-1.8036,-1.8383,-1.8599,0.72661,-1.8359,-1.8012,-1.7665,-1.7079,-1.6541,-1.6086,-1.5392,-1.4459,-1.3765,-1.2832,0.74814,-1.2019,-1.1205,-1.0272,-0.93748,-0.84058,-0.75325,-0.6731,-0.58457,-0.49125,-0.40871,0.6309,0.74814,-0.32855,-0.23524,-0.14432,-0.07254,-0.003153,0.060252,0.11169,0.18108,0.23611,0.29593,0.71345,0.35335,0.41078,0.45624,0.50529,0.57108,0.62253,0.68115,0.73139,0.77685,0.83308,0.67875,0.8917,0.92639,0.96109,1.0197,1.0544,1.0891,1.1238,1.1585,1.1932,1.2279,0.64406,1.2626,1.2973,1.308,1.3427,1.3774,1.4121,1.4468,1.4815,1.5162,1.5509,0.59023,1.5856,1.6203,1.6334,1.6657,1.7004,1.7351,1.7363,1.7016,1.6669,1.6322,0.54476,1.5975,1.5401,1.4946,1.4253,1.3248,1.2386,1.1405,1.0365,0.93477,0.85222,0.49213,0.74814,0.65483,0.56391,0.45145,0.33182,0.22774,0.14041,0.043504,-0.046221,-0.14073,0.42992,-0.24481,-0.34889,-0.45297,-0.53672,-0.63721,-0.72334,-0.81666,-0.88604,-0.97936,-1.0487,0.36053,-1.0942,-1.1528,-1.2091,-1.2461,-1.2808,-1.3155,-1.3502,-1.3849,-1.4052,-1.4304,0.26722,-1.4531,-1.4758,-1.501,-1.4806,-1.4459,-1.4292,-1.3957,-1.3418,-1.2832,-1.2354,0.62851,0.18587,-1.166,-1.0727,-0.98175,-0.9016,-0.79751,-0.69343,-0.6061,-0.5092,-0.41948,-0.32616,0.081786,-0.24481,-0.16346,-0.084503,-0.00076,0.061449,0.11409,0.15955,0.21338,0.272,0.3067,0.001632,0.34139,0.36532,0.38685,0.41317,0.43231,0.45504,0.42035,0.38565,0.35096,0.31627,-0.082111,0.28157,0.24688,0.18826,0.13323,0.087768,0.036326,-0.022294,-0.07254,-0.118,-0.17423,-0.15868,-0.20892,-0.26754,-0.30224,-0.33693,-0.37162,-0.40033,-0.41708,-0.45178,-0.47211,-0.49604,-0.24481,-0.508,-0.5427,-0.56782,-0.58816,-0.59892,-0.61567,-0.62046,-0.6396,-0.64199,-0.66353,-0.3142,-0.66353,-0.68745,-0.68745,-0.71138,-0.71138,-0.73531,-0.73531,-0.75923,-0.75923,-0.75923,-0.38359,-0.7712,-0.78316,-0.79273,-0.80709,-0.81426,-0.83101,-0.85494,-0.85494,-0.87886,-0.87886,-0.45297,-0.90279,-0.91356,-0.92672,-0.95064,-0.95064,-0.97457,-0.97457,-0.97457,-0.98893,-0.9985,-0.52236,-1.0105,-1.0224,-1.0224,-1.0428,-1.0464,-1.0643,-1.0703,-1.0858,0.64765,-0.56782,-0.63721,-0.68506,-0.72813,-0.77837,-0.81307,-0.84776,-0.85853,-0.89322,-0.90399,0.65243,-0.92672,-0.94945,-0.95064,-0.95064,-0.94347,-0.92672,-0.89801,-0.87886,-0.85255,-0.83101,0.65243,-0.80709,-0.77239,-0.7377,-0.72693,-0.69224,-0.65754,-0.62285,-0.58816,-0.55346,-0.51877,0.65243,-0.48408,-0.44938,-0.41469,-0.40033,-0.36923,-0.31659,-0.27592,-0.24122,-0.1826,-0.13475,0.65243,-0.089289,-0.043828,0.004025,0.062645,0.11648,0.15596,0.2074,0.25286,0.32225,0.36771,0.65363,0.4371,0.50648,0.55194,0.62133,0.68354,0.73618,0.78164,0.83547,0.89649,0.95271,0.0,2.0
-2.2063,-2.0305,-1.7822,-0.96631,-0.96324,-0.95139,-0.94291,-0.9394,-0.92756,-0.91952,-0.91557,-0.90372,-0.89612,-1.7585,-0.89173,-0.87989,-0.86805,-0.8562,-0.84436,-0.83252,-0.82067,-0.80883,-0.79698,-0.78514,-1.7348,-0.7733,-0.76145,-0.74961,-0.73148,-0.71422,-0.6958,-0.67884,-0.66012,-0.63644,-0.61275,-1.7131,-0.59637,-0.57707,-0.56099,-0.54139,-0.5256,-0.50571,-0.49022,-0.47004,-0.45483,-0.43436,-1.6992,-0.41944,-0.39868,-0.38406,-0.363,-0.34867,-0.32733,-0.31329,-0.30145,-0.2896,-0.27776,-1.6777,-0.26591,-0.26445,-0.25392,-0.24208,-0.23024,-0.21839,-0.20655,-0.20596,-0.20596,-0.19441,-1.6658,-0.19427,-0.19427,-0.19427,-0.19383,-0.18257,-0.18257,-0.18257,-0.18155,-0.17087,-0.16956,-1.654,-0.15917,-0.15757,-0.14748,-0.14558,-0.13373,-0.12189,-0.11004,-0.095714,-0.074658,-0.062815,-1.6421,-0.050971,-0.039127,-0.027283,-0.018802,-0.015293,-0.003449,0.004593,0.008541,0.020384,0.027988,-1.6303,0.032374,0.044218,0.051383,0.056208,0.063081,0.063081,0.068345,0.074778,0.080335,0.086476,-2.0065,-1.6184,0.086476,0.092471,0.098173,0.098173,0.10461,0.10987,0.10987,0.10987,0.11689,0.12157,-1.6066,0.12888,0.13327,0.14087,0.14496,0.14496,0.15301,0.15666,0.165,0.16836,0.17699,-1.598,0.18006,0.18898,0.19175,0.20097,0.21281,0.21515,0.2248,0.23664,0.23854,0.24863,-1.5946,0.26048,0.27232,0.28417,0.29601,0.30785,0.3197,0.33154,0.34338,0.35523,0.36707,-1.5828,0.37892,0.39076,0.4026,0.41489,0.43799,0.44983,0.46168,0.47352,0.48536,0.49589,-1.5709,0.49735,0.5092,0.52104,0.53288,0.54473,0.55657,0.56842,0.57777,0.58041,0.59225,-1.5591,0.60409,0.61287,0.61608,0.62456,0.62807,0.63626,0.64006,0.64796,0.65205,0.65966,-1.5472,0.66404,0.67136,0.67603,0.68788,0.69475,0.69987,0.71171,0.71815,0.7237,0.72984,-1.5354,0.73569,0.74754,0.75324,0.75953,0.76494,0.77152,0.77663,0.78351,0.79535,0.80719,-1.5236,0.81173,0.81918,0.83103,0.83512,0.84302,0.85486,0.8667,0.87855,0.88191,0.89054,-1.9714,-1.5073,0.90238,0.91423,0.92607,0.9287,0.93806,0.9499,0.9521,0.96189,0.96379,0.97388,-1.4882,0.97549,0.98587,0.98719,0.98719,0.99801,0.99889,0.99889,1.0101,1.0106,1.0106,-1.4716,1.0106,1.0107,1.0223,1.0223,1.0223,1.0223,1.0223,1.0223,1.0235,1.034,-1.448,1.0354,1.0457,1.0457,1.0457,1.0477,1.0574,1.0597,1.0691,1.0691,1.0719,-1.4292,1.0808,1.0838,1.0925,1.0958,1.1042,1.1078,1.1159,1.1198,1.1276,1.1318,-1.4123,1.1436,1.1555,1.1627,1.1675,1.1793,1.186,1.1913,1.1977,1.1977,1.2034,-1.3886,1.2094,1.2154,1.2273,1.2391,1.251,1.2628,1.2747,1.2865,1.3054,1.3219,-1.3649,1.341,1.3722,1.4001,1.4238,1.4554,1.4909,1.5183,1.5503,1.5773,1.601,-1.3412,1.6335,1.6601,1.6747,1.6958,1.7195,1.7336,1.7455,1.7671,1.7809,1.7927,-1.3175,1.8046,1.8164,1.8282,1.8401,1.8411,1.8301,1.8072,1.8398,-1.9477,-1.2938,-1.2702,-1.2526,-1.2345,-1.2172,-1.1988,-1.1818,-1.17,-1.1581,-1.1463,-1.9233,-1.1345,-1.1226,-1.1108,-1.0989,-1.0871,-1.0833,-1.0833,-1.0833,-1.0748,-1.0716,-1.8887,-1.0716,-1.0716,-1.0716,-1.0716,-1.0716,-1.0716,-1.0716,-1.0716,-1.0716,-1.0716,-1.864,-1.0716,-1.0716,-1.0716,-1.0609,-1.0599,-1.0599,-1.0599,-1.0599,-1.0599,-1.0599,-1.8296,-1.0599,-1.0599,-1.0596,-1.0482,-1.0482,-1.0475,-1.0365,-1.0365,-1.0353,-1.0248,-1.8059,-1.0233,-1.0131,-1.0131,-1.0112,-1.0014,-0.99921,-0.9897,-0.98722,-0.978,-0.97523,3.0,2.0
-2.3426,-2.1181,-1.7295,-0.81738,-0.83141,-0.84545,-0.85948,-0.87351,-0.88297,-0.88998,-0.90341,-0.91866,-0.93971,-1.7084,-0.95771,-0.97174,-0.97113,-0.96411,-0.96381,-0.96228,-0.95527,-0.94489,-0.93086,-0.91683,-1.6874,-0.9028,-0.88876,-0.87473,-0.8607,-0.8247,-0.76857,-0.74539,-0.73105,-0.71,-0.68895,-1.6721,-0.66791,-0.64686,-0.62581,-0.60476,-0.58371,-0.56266,-0.53917,-0.51111,-0.48731,-0.46627,-1.6581,-0.44522,-0.42417,-0.40312,-0.37933,-0.35126,-0.32777,-0.30672,-0.27927,-0.25242,-0.23138,-1.6441,-0.21033,-0.18928,-0.17311,-0.15908,-0.13833,-0.11729,-0.096237,-0.078544,-0.064512,-0.055665,-1.6325,-0.048649,-0.034617,-0.022414,-0.015398,-0.008382,-0.001366,0.00565,0.012362,0.012362,0.012362,-1.6255,0.012362,0.012362,0.012362,0.006566,-0.000451,-0.007467,-0.014483,-0.021499,-0.028516,-0.035532,-1.6185,-0.042548,-0.049564,-0.05658,-0.066342,-0.080374,-0.089831,-0.096847,-0.11027,-0.1243,-0.13833,-1.6114,-0.14932,-0.15633,-0.16823,-0.18226,-0.21643,-0.24388,-0.24388,-0.24724,-0.25425,-0.2509,-1.9449,-1.6044,-0.24388,-0.23687,-0.22985,-0.22283,-0.21216,-0.19812,-0.18409,-0.16701,-0.082815,-0.017839,-1.5983,0.00321,0.028224,0.056289,0.084354,0.11242,0.14048,0.16855,0.19661,0.22468,0.25274,-1.5983,0.28081,0.30887,0.33694,0.365,0.39307,0.41656,0.43761,0.46506,0.4919,0.51295,-1.5983,0.534,0.55505,0.5761,0.59715,0.61149,0.62704,0.64809,0.66578,0.67982,0.68866,-1.5983,0.69568,0.70971,0.72191,0.72893,0.73595,0.74296,0.74449,0.74479,0.75181,0.75669,-1.5983,0.75669,0.75272,0.74571,0.74449,0.74388,0.73686,0.72985,0.72283,0.71154,0.69751,-1.5983,0.68958,0.68165,0.66761,0.65358,0.63955,0.62552,0.61149,0.59745,0.58342,0.56939,-1.5919,0.55536,0.54132,0.52729,0.51326,0.49923,0.48519,0.47116,0.45713,0.4431,0.43425,-1.5849,0.42723,0.42022,0.4132,0.40618,0.39917,0.39215,0.39612,0.40313,0.41015,0.41717,-1.5779,0.42418,0.4312,0.43822,0.44523,0.45286,0.46689,0.47848,0.4855,0.49679,0.51082,-1.9168,-1.5739,0.52485,0.5398,0.56085,0.60386,0.68104,0.72161,0.74266,0.77011,0.79818,0.82624,-1.5739,0.85126,0.87231,0.89823,0.9263,0.94765,0.97023,0.99829,1.023,1.044,1.0703,-1.569,1.0983,1.1194,1.1404,1.1615,1.1789,1.1929,1.2124,1.2332,1.2472,1.2591,-1.562,1.2661,1.2771,1.2911,1.2994,1.3064,1.3134,1.318,1.318,1.3223,1.3293,-1.555,1.3302,1.3302,1.3302,1.3274,1.3204,1.318,1.318,1.318,1.3168,1.3098,-1.548,1.3058,1.3058,1.3009,1.2939,1.2936,1.2921,1.285,1.2814,1.2814,1.2814,-1.541,1.2814,1.2884,1.2954,1.3024,1.3094,1.3165,1.3235,1.3305,1.3375,1.3467,-1.534,1.3607,1.3708,1.3778,1.3906,1.4046,1.4187,1.4327,1.4467,1.4608,1.4748,-1.5269,1.4888,1.5028,1.5169,1.5309,1.5449,1.559,1.573,1.587,1.5999,1.6069,-1.5147,1.6139,1.6209,1.6279,1.6349,1.642,1.6459,1.6389,1.6352,-1.8887,-1.5007,-1.4867,-1.4726,-1.4586,-1.4446,-1.4305,-1.411,-1.3903,-1.3762,-1.3601,-1.8607,-1.339,-1.318,-1.2969,-1.2817,-1.267,-1.246,-1.2249,-1.2039,-1.1828,-1.1618,-1.8326,-1.1407,-1.1197,-1.0986,-1.0776,-1.0565,-1.0355,-1.0144,-0.9934,-0.97235,-0.9513,-1.8045,-0.93025,-0.9092,-0.88815,-0.86711,-0.84606,-0.82653,-0.8125,-0.79847,-0.78444,-0.7704,-1.7765,-0.75637,-0.74234,-0.73014,-0.72312,-0.7161,-0.70909,-0.70756,-0.70756,-0.70756,-0.7097,-1.7505,-0.71671,-0.71977,-0.71977,-0.73136,-0.74478,-0.7518,-0.76125,-0.77528,-0.78932,-0.80335,5.0,2.0
1.9886,1.9669,1.831,0.030829,0.007207,-0.006551,-0.030173,-0.053794,-0.077416,-0.10104,-0.12597,-0.15814,-0.18176,1.8192,-0.20539,-0.23811,-0.26368,-0.29598,-0.3196,-0.35025,-0.38568,-0.41125,-0.44367,-0.47225,1.8074,-0.50768,-0.53426,-0.56775,-0.59425,-0.62969,-0.65834,-0.68196,-0.71544,-0.73906,-0.76269,1.7956,-0.79296,-0.81979,-0.84341,-0.86703,-0.89066,-0.91428,-0.9379,-0.96152,-0.98514,-1.0132,1.7838,-1.0422,-1.0659,-1.0994,-1.1254,-1.1565,-1.1801,-1.2119,-1.2372,-1.2631,-1.2943,1.772,-1.3118,-1.3317,-1.3454,-1.3669,-1.3787,-1.3905,-1.4023,-1.4043,-1.4141,-1.418,1.7602,-1.4239,-1.4318,-1.4338,-1.4456,-1.4574,-1.4692,-1.481,-1.4734,-1.4715,-1.4597,1.7484,-1.4535,-1.4459,-1.4437,-1.4338,-1.4302,-1.4239,-1.4164,-1.4141,-1.4027,-1.3944,1.7366,-1.3889,-1.3845,-1.3752,-1.3648,-1.3614,-1.3549,-1.3477,-1.3358,-1.3339,-1.3253,1.7173,-1.3201,-1.3083,-1.3056,-1.2946,-1.2828,-1.276,-1.269,-1.2572,-1.2464,-1.2434,1.9551,1.7031,-1.2316,-1.2198,-1.208,-1.1962,-1.1844,-1.1774,-1.1706,-1.1588,-1.147,-1.1352,1.6913,-1.1234,-1.1116,-1.0997,-1.0879,-1.0761,-1.0643,-1.0525,-1.0322,-1.019,-1.0072,1.6795,-0.9954,-0.98359,-0.97178,-0.95997,-0.94816,-0.93635,-0.92454,-0.91272,-0.90091,-0.8891,1.6676,-0.87729,-0.86548,-0.85367,-0.84186,-0.83005,-0.81824,-0.80643,-0.79462,-0.78281,-0.77299,1.6339,-0.76905,-0.75724,-0.74543,-0.73362,-0.7218,-0.70999,-0.70395,-0.69623,-0.68442,-0.67261,1.5774,-0.6608,-0.64899,-0.63718,-0.62537,-0.62342,-0.61161,-0.5998,-0.58799,-0.5856,-0.57423,1.5632,-0.56242,-0.55601,-0.54866,-0.53685,-0.52642,-0.52309,-0.51128,-0.5067,-0.49752,-0.49558,1.5382,-0.48697,-0.48182,-0.47711,-0.47711,-0.46724,-0.46416,-0.45738,-0.4504,-0.43859,-0.42678,1.5001,-0.41497,-0.40316,-0.3982,-0.3894,-0.38745,-0.37564,-0.36383,-0.34529,-0.33035,-0.31854,1.4596,-0.30401,-0.28505,-0.27324,-0.26143,-0.23976,-0.22277,-0.19641,-0.1846,-0.16436,-0.15112,1.9433,1.437,-0.13684,-0.11763,-0.099459,-0.084147,-0.072336,-0.060526,-0.048715,-0.036904,-0.016907,-0.003149,1.4252,0.018254,0.030065,0.041875,0.053686,0.075508,0.097033,0.10884,0.12065,0.14041,0.15414,1.3976,0.16792,0.18762,0.2053,0.22111,0.23292,0.25459,0.2664,0.2897,0.30975,0.3312,1.3472,0.34323,0.35872,0.37672,0.40367,0.42007,0.44174,0.4571,0.47522,0.49448,0.5275,1.3024,0.55011,0.56535,0.58359,0.60273,0.61708,0.64146,0.67029,0.6821,0.69391,0.71487,1.2793,0.72739,0.74238,0.75575,0.76282,0.77463,0.78645,0.79826,0.81007,0.82188,0.83369,1.2533,0.8455,0.85731,0.86912,0.88093,0.89274,0.91528,0.9389,0.95776,0.98969,1.011,1.2034,1.0341,1.0669,1.0905,1.1273,1.1489,1.1725,1.2146,1.2427,1.2717,1.2953,1.1648,1.3485,1.3721,1.4089,1.449,1.4726,1.5258,1.554,1.597,1.6262,1.6743,1.1335,1.7031,1.7311,1.77,1.7937,1.8253,1.841,1.8723,1.8841,1.9237,1.1217,1.106,1.0586,1.0273,0.99551,0.99246,0.96035,0.93049,0.91868,0.91355,1.9098,0.90492,0.89097,0.84639,0.81095,0.78864,0.77683,0.76384,0.73348,0.72616,0.71972,1.8962,0.69115,0.65712,0.64987,0.6188,0.60149,0.58968,0.55849,0.5562,0.5359,0.51904,1.8763,0.49463,0.48879,0.45986,0.45163,0.44014,0.44014,0.36114,0.35137,0.34738,0.33557,1.8645,0.32376,0.31194,0.30013,0.29219,0.28638,0.27456,0.26275,0.25094,0.23913,0.22732,1.845,0.21551,0.2037,0.19021,0.17022,0.15283,0.13673,0.11545,0.091831,0.07171,0.05445,1.0,2.0
0.16964,0.1522,0.10706,1.2099,1.2622,1.3146,1.3537,1.3886,1.4066,1.4241,1.4415,1.4589,1.4764,0.10706,1.4837,1.4837,1.4699,1.4525,1.435,1.4141,1.3792,1.3443,1.3094,1.2531,0.10706,1.1833,1.1135,1.0438,0.97401,0.90017,0.81296,0.71809,0.61343,0.50878,0.40413,0.10706,0.28461,0.16354,0.058884,-0.050384,-0.17248,-0.28636,-0.39101,-0.50748,-0.62957,-0.73626,0.10706,-0.83935,-0.92656,-1.0138,-1.101,-1.1794,-1.2492,-1.319,-1.3887,-1.4266,-1.4636,0.10706,-1.5159,-1.5568,-1.5743,-1.5917,-1.6091,-1.6266,-1.644,-1.645,-1.6423,-1.6249,0.10706,-1.6012,-1.5663,-1.5215,-1.4692,-1.4169,-1.3646,-1.2952,-1.2222,-1.135,-1.0478,0.10706,-0.96058,-0.86297,-0.75832,-0.66766,-0.5803,-0.47564,-0.36724,-0.24514,-0.1304,-0.025746,0.10597,0.067957,0.15517,0.25693,0.36088,0.44809,0.5396,0.64425,0.7331,0.80287,0.88414,0.088528,0.97135,1.0435,1.1132,1.183,1.2479,1.3002,1.3526,1.4049,1.4572,1.5096,0.13835,0.075778,1.5462,1.5793,1.5968,1.6196,1.6545,1.6714,1.6714,1.6714,1.6714,1.6552,0.075778,1.6377,1.6203,1.5969,1.562,1.5272,1.4923,1.4311,1.3613,1.2916,1.2218,0.075778,1.152,1.0758,0.98856,0.89126,0.7866,0.66826,0.54617,0.44136,0.33327,0.21117,0.075778,0.089075,-0.03302,-0.15511,-0.27721,-0.38507,-0.48972,-0.59438,-0.69903,-0.80368,-0.90075,0.075778,-0.98796,-1.064,-1.1338,-1.2035,-1.2733,-1.3431,-1.4038,-1.4386,-1.4817,-1.534,0.075778,-1.5628,-1.5803,-1.6131,-1.6465,-1.6639,-1.6763,-1.6763,-1.6676,-1.6501,-1.6327,0.075778,-1.6152,-1.5819,-1.547,-1.5122,-1.4716,-1.4193,-1.367,-1.3147,-1.2495,-1.1797,0.074136,-1.11,-1.0376,-0.95041,-0.86938,-0.79961,-0.72007,-0.63286,-0.55902,-0.48925,-0.40251,0.056694,-0.3153,-0.22809,-0.14761,-0.077838,0.002256,0.089466,0.16275,0.23252,0.30229,0.37206,0.039252,0.44183,0.5116,0.58137,0.65113,0.7209,0.7762,0.82915,0.89892,0.96447,1.0168,0.13835,0.021809,1.0613,1.0962,1.1425,1.1948,1.2321,1.2658,1.2833,1.3055,1.3404,1.3669,0.004367,1.3843,1.4018,1.4192,1.4367,1.4524,1.4524,1.4524,1.4524,1.4524,1.4524,-0.013075,1.4399,1.4224,1.405,1.3875,1.3701,1.3527,1.3352,1.3083,1.2734,1.2385,-0.042953,1.2037,1.1521,1.1026,1.0677,1.02,0.95023,0.89048,0.83815,0.77221,0.70244,-0.077838,0.63268,0.56291,0.49314,0.42337,0.3536,0.29439,0.24207,0.17558,0.10644,0.071555,-0.11272,0.03276,-0.019567,-0.064384,-0.099269,-0.12305,-0.14049,-0.17264,-0.20666,-0.2241,-0.24154,-0.1498,-0.25899,-0.27643,-0.29387,-0.29966,-0.29966,-0.29966,-0.29825,-0.28081,-0.26837,-0.26837,-0.20212,-0.27698,-0.29442,-0.29966,-0.29966,-0.29966,-0.29966,-0.29966,-0.29966,-0.29966,-0.29966,-0.25445,-0.29966,-0.31241,-0.32985,-0.33094,-0.33094,-0.33094,-0.33705,-0.35449,-0.36223,-0.36223,-0.30678,-0.36223,-0.36223,-0.36223,-0.36223,-0.36223,-0.36888,-0.38632,-0.39352,0.13116,-0.3591,-0.41143,-0.47674,-0.54651,-0.61628,-0.68878,-0.77599,-0.85687,-0.92664,-0.99641,0.11371,-1.0662,-1.1224,-1.1747,-1.2442,-1.3074,-1.3423,-1.3772,-1.412,-1.4469,-1.4818,0.10706,-1.5026,-1.5198,-1.5198,-1.5198,-1.5198,-1.5124,-1.495,-1.4665,-1.4316,-1.3967,0.10706,-1.3603,-1.2905,-1.2207,-1.151,-1.0732,-0.986,-0.89879,-0.81158,-0.72437,-0.63583,0.10706,-0.53118,-0.42652,-0.32187,-0.21722,-0.11257,-0.007913,0.09674,0.18567,0.27476,0.37941,0.10706,0.47859,0.5658,0.65301,0.74022,0.81476,0.88453,0.9543,1.0241,1.0938,1.1576,0.0,2.0
-0.82434,-0.80443,-0.80316,-1.7985,-1.7587,-1.7189,-1.6617,-1.6181,-1.5783,-1.5249,-1.4775,-1.4376,-1.3881,-0.80316,-1.3368,-1.297,-1.2513,-1.1962,-1.1564,-1.1166,-1.0768,-1.037,-0.99715,-0.95733,-0.80909,-0.91752,-0.87771,-0.82349,-0.7769,-0.73709,-0.69727,-0.65746,-0.61764,-0.57783,-0.54352,-0.82434,-0.51938,-0.48253,-0.46093,-0.42154,-0.40163,-0.38173,-0.34403,-0.32073,-0.30083,-0.28092,-0.82773,-0.26101,-0.24111,-0.2212,-0.20129,-0.18901,-0.18266,-0.16275,-0.14284,-0.12293,-0.10303,-0.84552,-0.083121,-0.063214,-0.043307,-0.040765,-0.02467,-0.004763,0.00159,0.00159,0.012602,0.022768,-0.84636,0.022768,0.022768,0.028697,0.043945,0.047334,0.067241,0.0863,0.0863,0.10578,0.12569,-0.86627,0.1456,0.1655,0.19981,0.2265,0.2464,0.26631,0.29554,0.33535,0.36839,0.3938,-0.86669,0.43361,0.47343,0.51494,0.57423,0.61405,0.65386,0.69367,0.73349,0.7733,0.81312,-0.86669,0.86564,0.91392,0.95374,1.0024,1.0545,1.1007,1.1553,1.1952,1.2375,1.296,-0.78452,-0.86669,1.3358,1.3756,1.4154,1.4552,1.495,1.5349,1.5747,1.6022,1.6331,1.6632,-0.86669,1.6831,1.703,1.7229,1.7428,1.7627,1.7826,1.8017,1.8017,1.8212,1.8229,-0.86669,1.8398,1.844,1.8584,1.8652,1.8771,1.8864,1.8957,1.9076,1.9144,1.9232,-0.86669,1.9033,1.8864,1.8847,1.8648,1.8449,1.825,1.7873,1.764,1.7288,1.689,-0.87855,1.6492,1.598,1.5484,1.5086,1.4612,1.4014,1.3417,1.2858,1.2434,1.1837,-0.88787,1.124,1.0842,1.0257,0.98338,0.94357,0.90376,0.8775,0.84531,0.80549,0.77542,-0.88787,0.75551,0.73561,0.7157,0.69579,0.67589,0.6581,0.65725,0.63734,0.63692,0.61871,-0.88787,0.5988,0.59456,0.58016,0.57339,0.56153,0.54162,0.52171,0.50181,0.48868,0.48868,-0.88787,0.48868,0.48571,0.4675,0.4675,0.4675,0.4675,0.44971,0.44632,0.44632,0.44632,-0.88787,0.44632,0.44632,0.43615,0.42514,0.42514,0.42514,0.42514,0.42514,0.42514,0.42387,-0.78198,-0.88787,0.40396,0.40396,0.40396,0.40396,0.40396,0.40396,0.40396,0.40396,0.39295,0.38279,-0.88787,0.38279,0.37559,0.36161,0.36161,0.36161,0.35949,0.34043,0.34043,0.34043,0.34043,-0.88787,0.32349,0.31925,0.31925,0.31925,0.30739,0.29808,0.29808,0.29808,0.29808,0.29257,-0.88745,0.2769,0.2769,0.2769,0.2769,0.2769,0.2769,0.2769,0.2769,0.26165,0.25572,-0.86754,0.25572,0.25572,0.25572,0.25572,0.25572,0.25572,0.25572,0.25572,0.25572,0.25572,-0.86669,0.25572,0.25572,0.25572,0.25572,0.25572,0.2409,0.23454,0.23454,0.23454,0.23454,-0.86669,0.23454,0.23454,0.22861,0.21337,0.21337,0.21337,0.21337,0.21337,0.19388,0.19219,-0.86669,0.19219,0.19219,0.17779,0.17101,0.17101,0.17101,0.16169,0.14983,0.14306,0.12866,-0.85145,0.12442,0.10748,0.10748,0.10748,0.10748,0.088418,0.0863,0.0863,0.0863,0.0863,-0.84552,0.073594,0.065123,0.065123,0.065123,0.065123,0.065123,0.080371,0.12866,-0.78198,-0.84552,-0.84552,-0.84552,-0.84552,-0.84552,-0.83916,-0.82434,-0.82434,-0.82434,-0.82307,-0.78198,-0.80316,-0.80316,-0.80316,-0.80316,-0.80316,-0.80316,-0.80316,-0.79088,-0.78198,-0.78198,-0.78198,-0.79045,-0.87516,-1.0209,-1.0408,-1.0776,-1.1865,-1.2064,-1.2263,-1.2657,-1.3966,-0.78198,-1.4343,-1.4542,-1.4741,-1.5465,-1.5986,-1.6185,-1.6384,-1.6583,-1.7053,-1.7994,-0.79299,-1.879,-1.9497,-1.9747,-2.0531,-2.073,-2.0929,-2.1662,-2.1797,-2.195,-2.1729,-0.80316,-2.1458,-2.1259,-2.106,-2.0772,-2.045,-2.0188,-1.9789,-1.9391,-1.8968,-1.8383,4.0,2.0
1.0831,1.0423,1.0016,-0.97561,-0.87981,-0.81866,-0.76057,-0.70247,-0.64438,-0.54552,-0.48743,-0.39265,-0.33048,1.0016,-0.27238,-0.20716,-0.11543,-0.05734,0.000753,0.058846,0.1577,0.2158,0.27389,0.35542,1.0016,0.43084,0.48894,0.54703,0.61633,0.70398,0.76207,0.82017,0.87826,0.93635,0.99444,1.0016,1.0525,1.1106,1.1687,1.2268,1.2849,1.3022,1.3603,1.3777,1.4092,1.45,1.0016,1.4704,1.4908,1.5458,1.6039,1.662,1.6946,1.7354,1.716,1.6579,1.6131,1.0016,1.5825,1.5244,1.4663,1.4082,1.3318,1.2513,1.1524,1.0648,0.9547,0.84972,1.0016,0.71621,0.60002,0.48384,0.35644,0.2107,0.094516,-0.021669,-0.13785,-0.29481,-0.41099,1.0016,-0.69024,-0.88898,-1.0408,-1.1845,-1.475,-1.5413,-1.5993,-1.6982,-1.7828,-1.8083,0.97508,-1.7502,-1.6921,-1.6483,-1.6167,-1.5586,-1.5005,-1.4424,-1.3649,-1.2854,-1.2273,0.96081,-1.1693,-1.104,-1.0123,-0.95319,-0.85535,-0.76159,-0.65763,-0.56998,-0.49456,-0.37838,1.0077,0.96081,-0.30296,-0.2041,-0.11136,-0.006381,0.080248,0.19134,0.27185,0.38804,0.46346,0.57964,0.96081,0.68563,0.77125,0.88335,0.96285,1.0403,1.1392,1.1973,1.2961,1.3542,1.4123,0.96081,1.4704,1.4908,1.5315,1.5631,1.5805,1.6131,1.6151,1.6538,1.6172,1.5591,0.96081,1.501,1.4429,1.3848,1.3257,1.2278,1.1341,1.0587,0.94247,0.8324,0.75086,0.96081,0.63468,0.51849,0.40231,0.28612,0.16994,0.05375,-0.062436,-0.17862,-0.29481,-0.37736,0.93533,-0.48641,-0.6026,-0.67801,-0.7942,-0.91038,-0.9858,-1.102,-1.1774,-1.2936,-1.3782,0.92004,-1.5871,-1.6452,-1.7033,-1.7614,-1.6809,-1.6228,-1.5667,-1.5474,-1.4893,-1.4312,0.92004,-1.3731,-1.315,-1.2569,-1.1988,-1.1407,-1.047,-0.98377,-0.89612,-0.8207,-0.72795,0.92004,-0.62909,-0.53023,-0.43749,-0.3213,-0.20512,-0.09403,-0.013516,0.10267,0.21886,0.30141,0.92004,0.41046,0.49913,0.59799,0.67748,0.75494,0.81303,0.87112,0.92922,0.98731,1.0454,1.0016,0.92004,1.1035,1.1239,1.1789,1.237,1.2543,1.2869,1.2441,1.2054,1.1687,1.1106,0.92004,1.0525,0.99444,0.93635,0.83749,0.76105,0.68054,0.58168,0.49403,0.42473,0.34319,0.92004,0.26778,0.16892,0.11082,0.011964,-0.074666,-0.14499,-0.20308,-0.30092,-0.36003,-0.41813,0.92004,-0.47622,-0.53431,-0.59648,-0.69126,-0.74936,-0.80745,-0.86554,-0.92363,-0.98173,-1.0368,0.92004,-1.0571,-1.0775,-1.0368,-1.0052,-0.996,-0.996,-0.95523,-0.95523,-0.95523,-0.91446,0.92004,-0.91446,-0.91446,-0.91446,-0.91344,-0.87369,-0.87369,-0.87369,-0.87369,-0.87369,-0.87369,0.87928,-0.87369,-0.87369,-0.87369,-0.88491,-0.91446,-0.91446,-0.93688,-0.95523,-0.97153,-0.996,0.87928,-0.996,-0.996,-0.996,-0.996,-0.95727,-0.95523,-0.95523,-0.95523,-0.95523,-0.95523,0.87928,-0.95523,-0.95523,-0.95523,-0.95523,-0.95523,-0.95523,-0.95523,-0.95523,-0.95523,-0.95523,0.87928,-0.95523,-0.95523,-0.95523,-0.95523,-0.95523,-0.9909,-1.049,-1.1071,1.0016,0.87928,0.87928,0.87928,0.87928,0.87928,0.92004,0.92004,0.92004,0.92004,0.92004,0.99648,0.92004,0.92004,0.92004,0.92004,0.88132,0.82322,0.76513,0.70704,0.64894,0.59085,0.96081,0.53276,0.47467,0.41657,0.35848,0.30039,0.21682,0.14344,0.06598,-0.013516,-0.11237,0.96081,-0.20104,-0.31009,-0.36819,-0.46705,-0.54348,-0.624,-0.68209,-0.76974,-0.83904,-0.89714,0.96081,-0.95523,-1.0133,-1.0714,-1.1295,-1.1876,-1.2457,-1.3038,-1.3619,-1.42,-1.4781,0.96081,-1.5158,-1.4852,-1.4404,-1.3823,-1.3242,-1.2661,-1.208,-1.1499,-1.0918,-1.0337,0.0,2.0
-2.2906,-2.0616,-1.6513,-0.73602,-0.72686,-0.72461,-0.72374,-0.71458,-0.70941,-0.70941,-0.7023,-0.69421,-0.69421,-1.6329,-0.69421,-0.69421,-0.68691,-0.679,-0.679,-0.679,-0.679,-0.67152,-0.6638,-0.6638,-1.6111,-0.6638,-0.6638,-0.65612,-0.6486,-0.6486,-0.64385,-0.63469,-0.62553,-0.61637,-0.60721,-1.5836,-0.59805,-0.58889,-0.57973,-0.57057,-0.56141,-0.55225,-0.54309,-0.53393,-0.52477,-0.51561,-1.5628,-0.50645,-0.49729,-0.48813,-0.48136,-0.48136,-0.47585,-0.46669,-0.45753,-0.45096,-0.45096,-1.5445,-0.44525,-0.43609,-0.43575,-0.43298,-0.42382,-0.42055,-0.42055,-0.42055,-0.41758,-0.40842,-1.5261,-0.39926,-0.3901,-0.38094,-0.37494,-0.37494,-0.36867,-0.35928,-0.34096,-0.32598,-0.31682,-1.5115,-0.30766,-0.29809,-0.27977,-0.26145,-0.24313,-0.22481,-0.20649,-0.18817,-0.16985,-0.15153,-1.5023,-0.13321,-0.11489,-0.096567,-0.078247,-0.059928,-0.041608,-0.023288,-0.004968,0.009247,0.018407,-1.4864,0.034789,0.051931,0.061091,0.074545,0.092865,0.10377,0.11293,0.12209,0.12677,0.12677,-1.898,-1.4688,0.13437,0.14353,0.15269,0.15718,0.15718,0.16497,0.17238,0.17238,0.17238,0.17238,-1.4597,0.18036,0.18758,0.18758,0.19264,0.2018,0.20279,0.20491,0.21407,0.21799,0.21799,-1.4544,0.22635,0.23551,0.24467,0.24839,0.24839,0.25695,0.26611,0.27527,0.28443,0.29359,-1.4544,0.30275,0.31191,0.32107,0.32441,0.32441,0.33334,0.3425,0.35166,0.35482,0.35482,-1.4474,0.36394,0.37002,0.37002,0.37622,0.38538,0.39454,0.40043,0.40043,0.40681,0.41597,-1.4392,0.42513,0.43083,0.43083,0.43741,0.44657,0.45573,0.46124,0.46124,0.46801,0.47717,-1.4392,0.48633,0.49549,0.50465,0.51381,0.52388,0.5422,0.55649,0.56565,0.58195,0.60027,-1.4392,0.61859,0.6327,0.64186,0.65835,0.67538,0.68454,0.69811,0.71643,0.72722,0.73638,-1.4392,0.74554,0.7547,0.76386,0.77302,0.78218,0.79134,0.80529,0.82361,0.83403,0.84318,-1.4392,0.85234,0.8615,0.87066,0.87982,0.88898,0.89814,0.9073,0.91646,0.92562,0.93254,-1.8614,-1.438,0.93254,0.9379,0.94706,0.95622,0.96538,0.97454,0.9837,0.99286,0.99336,0.99598,-1.4289,1.0051,1.0086,1.0086,1.0174,1.0238,1.0238,1.0297,1.0389,1.039,1.042,-1.424,1.0511,1.0542,1.0542,1.0634,1.0726,1.0817,1.0846,1.0848,1.094,1.1032,-1.424,1.1123,1.115,1.1154,1.1246,1.1338,1.1429,1.1521,1.1606,1.1606,1.1644,-1.4166,1.1735,1.1758,1.1758,1.1758,1.1797,1.1889,1.191,1.191,1.191,1.1951,-1.4088,1.2043,1.2062,1.2062,1.2062,1.2062,1.2062,1.2137,1.2228,1.232,1.2411,-1.4088,1.2503,1.2595,1.2686,1.2778,1.2916,1.31,1.3205,1.3314,1.3497,1.368,-1.4043,1.3864,1.4047,1.423,1.4413,1.4647,1.4922,1.5115,1.532,1.5594,1.5816,-1.3952,1.6,1.6183,1.6366,1.6549,1.6732,1.6916,1.7099,1.7257,1.7348,1.744,-1.386,1.7531,1.7623,1.7715,1.7806,1.7839,1.7839,1.7929,1.7962,-1.831,-1.3768,-1.3677,-1.3632,-1.3632,-1.3554,-1.3462,-1.3371,-1.3279,-1.3188,-1.3175,-1.8035,-1.3156,-1.3065,-1.3023,-1.3023,-1.2942,-1.2871,-1.2871,-1.2819,-1.2728,-1.2719,-1.776,-1.2697,-1.2605,-1.2567,-1.2567,-1.2482,-1.2415,-1.2415,-1.2359,-1.2268,-1.2176,-1.7485,-1.2085,-1.1993,-1.1901,-1.181,-1.1718,-1.1598,-1.1415,-1.1291,-1.12,-1.1017,-1.721,-1.0834,-1.0651,-1.0468,-1.0283,-1.0009,-0.97661,-0.95829,-0.93997,-0.92135,-0.89387,-1.6871,-0.86981,-0.85149,-0.83317,-0.81485,-0.79653,-0.78182,-0.77266,-0.7635,-0.75434,-0.74518,3.0,2.0
1.9259,1.8407,1.5347,-0.58454,-0.61313,-0.63268,-0.66089,-0.68007,-0.70019,-0.72783,-0.74833,-0.7756,-0.79478,1.506,-0.81396,-0.83521,-0.86172,-0.8809,-0.90008,-0.91926,-0.93544,-0.94822,-0.9674,-0.98301,1.4727,-0.99636,-1.0155,-1.0306,-1.0402,-1.0543,-1.0688,-1.0832,-1.0973,-1.1069,-1.1165,1.4321,-1.1261,-1.1357,-1.1393,-1.1455,-1.1487,-1.1553,-1.1649,-1.1744,-1.1769,-1.1842,1.405,-1.1938,-1.2034,-1.213,-1.2226,-1.2322,-1.2418,-1.2427,-1.2515,-1.2521,-1.2613,1.3655,-1.2709,-1.2805,-1.2901,-1.2997,-1.3093,-1.3189,-1.3273,-1.3286,-1.3367,-1.3384,1.3433,-1.3461,-1.3482,-1.3578,-1.3674,-1.3743,-1.3772,-1.3837,-1.3869,-1.3931,-1.3931,1.3049,-1.3931,-1.3892,-1.3837,-1.3794,-1.3698,-1.3602,-1.3506,-1.3411,-1.3315,-1.3219,1.2576,-1.3123,-1.3027,-1.2931,-1.2835,-1.2739,-1.2643,-1.2547,-1.2382,-1.2262,-1.2092,1.2288,-1.1976,-1.1803,-1.169,-1.1513,-1.1404,-1.1308,-1.1212,-1.1028,-1.0926,-1.0831,1.8112,1.2038,-1.0735,-1.0545,-1.0445,-1.0253,-1.0061,-0.9879,-0.97718,-0.95932,-0.94822,-0.93073,1.1688,-0.92114,-0.91155,-0.90196,-0.89237,-0.88278,-0.87037,-0.8542,-0.84141,-0.82223,-0.80662,1.1154,-0.79327,-0.77409,-0.75491,-0.74006,-0.72595,-0.71147,-0.70188,-0.69229,-0.67744,-0.66371,1.0847,-0.64848,-0.6293,-0.61613,-0.59413,-0.57815,-0.56198,-0.5428,-0.52362,-0.51158,-0.50199,1.0526,-0.4924,-0.48281,-0.47322,-0.46363,-0.46231,-0.45385,-0.44426,-0.42583,-0.41568,-0.40609,1.0138,-0.3965,-0.38691,-0.37732,-0.36829,-0.36754,-0.35795,-0.34836,-0.33877,-0.32918,-0.31789,0.98,-0.30059,-0.291,-0.28141,-0.26938,-0.25283,-0.24324,-0.23365,-0.22086,-0.20507,-0.19547,0.94728,-0.18212,-0.16689,-0.1573,-0.14339,-0.12872,-0.11913,-0.10465,-0.090545,-0.080955,-0.065911,0.93337,-0.052372,-0.042781,-0.027174,-0.014198,-0.004608,0.011564,0.023975,0.033565,0.043156,0.06008,0.90196,0.071739,0.081329,0.090919,0.1086,0.1195,0.12909,0.14733,0.15768,0.17629,0.18626,1.7649,0.87658,0.19585,0.21484,0.22518,0.25283,0.26317,0.28141,0.291,0.30191,0.31958,0.32917,0.83784,0.34064,0.35776,0.36735,0.37694,0.38653,0.39612,0.40571,0.4153,0.42489,0.43448,0.78631,0.44407,0.45366,0.46325,0.47284,0.48243,0.49202,0.50161,0.5112,0.52079,0.53038,0.73216,0.54561,0.5648,0.58398,0.61557,0.64114,0.6669,0.69568,0.72445,0.75322,0.80399,0.70658,0.83897,0.86774,0.90441,0.93468,0.96345,1.0176,1.0579,1.0874,1.1161,1.1541,0.67067,1.1831,1.222,1.2876,1.3164,1.3459,1.3852,1.4309,1.4584,1.4791,1.5062,0.64979,1.5253,1.5507,1.5919,1.6086,1.6209,1.64,1.6562,1.669,1.6848,1.6944,0.61933,1.704,1.7136,1.7232,1.7371,1.7517,1.7613,1.7709,1.7805,1.7901,1.7997,0.59526,1.8093,1.8189,1.8285,1.8381,1.8476,1.8572,1.8668,1.8764,1.8932,1.905,0.55408,1.9146,1.9165,1.9244,1.934,1.9435,1.9531,1.9541,1.9541,1.7457,0.52869,0.50951,0.49033,0.44689,0.43203,0.42244,0.41285,0.37675,0.32936,0.31827,1.7265,0.27107,0.26148,0.25189,0.24286,0.2391,0.19491,0.18532,0.17573,0.16463,0.14207,1.7029,0.11123,0.10916,0.099569,0.082645,0.054814,0.051994,0.045412,0.039019,0.026608,0.019462,1.6493,0.007803,0.007803,-0.012882,-0.043534,-0.075689,-0.10973,-0.11932,-0.13398,-0.1479,-0.16294,1.6205,-0.18212,-0.19547,-0.21108,-0.23026,-0.24944,-0.26204,-0.2784,-0.29758,-0.32391,-0.34535,1.5866,-0.36453,-0.38371,-0.40289,-0.43016,-0.45065,-0.46983,-0.49766,-0.5176,-0.5458,-0.56536,1.0,2.0
1.8083,1.741,1.6487,0.17828,0.14751,0.11674,0.11403,0.046829,0.036573,0.026317,0.016061,0.002283,-0.01397,1.6384,-0.029224,-0.044001,-0.06073,-0.081243,-0.10176,-0.11358,-0.13326,-0.15442,-0.18381,-0.20432,1.6281,-0.22483,-0.24534,-0.26585,-0.28637,-0.31269,-0.33691,-0.35742,-0.37794,-0.39845,-0.41896,1.6179,-0.44019,-0.4695,-0.49002,-0.51346,-0.54423,-0.57059,-0.59624,-0.62701,-0.65778,-0.68855,1.6076,-0.71932,-0.75009,-0.78086,-0.81241,-0.85191,-0.88268,-0.91345,-0.94795,-0.98451,-1.0153,1.5974,-1.046,-1.0768,-1.1076,-1.1383,-1.1602,-1.1902,-1.2108,-1.2297,-1.2423,-1.2597,1.5871,-1.27,-1.2802,-1.2905,-1.3007,-1.311,-1.3138,-1.322,-1.3322,-1.333,-1.3432,1.5769,-1.3535,-1.3637,-1.374,-1.3843,-1.3945,-1.4048,-1.415,-1.4253,-1.4355,-1.4458,1.5666,-1.447,-1.4568,-1.466,-1.4678,-1.4756,-1.4724,-1.466,-1.4614,-1.4511,-1.4408,1.5564,-1.4306,-1.4203,-1.4101,-1.3998,-1.3899,-1.3888,-1.3786,-1.3709,-1.3676,-1.3573,1.7307,1.5461,-1.3471,-1.3423,-1.3361,-1.3258,-1.3156,-1.3138,-1.3046,-1.2943,-1.2841,-1.2738,1.5358,-1.2635,-1.2566,-1.2525,-1.2423,-1.232,-1.2155,-1.202,-1.1917,-1.1815,-1.1712,1.5256,-1.1605,-1.1412,-1.1309,-1.118,-1.1009,-1.0865,-1.0709,-1.055,-1.0409,-1.0235,1.5153,-1.0108,-0.99198,-0.98079,-0.96102,-0.95076,-0.93848,-0.92073,-0.90698,-0.8907,-0.88044,1.5051,-0.87019,-0.85348,-0.84016,-0.8299,-0.81964,-0.80939,-0.79913,-0.78888,-0.77862,-0.76836,1.4948,-0.75811,-0.74785,-0.73759,-0.72734,-0.71708,-0.71408,-0.70609,-0.69583,-0.68558,-0.68484,1.475,-0.67601,-0.67384,-0.66649,-0.66285,-0.65697,-0.65697,-0.65112,-0.64745,-0.64745,-0.63939,1.4648,-0.63794,-0.62842,-0.62766,-0.6189,-0.61666,-0.6064,-0.59615,-0.59034,-0.58515,-0.5749,1.4529,-0.56464,-0.55439,-0.54413,-0.54275,-0.53314,-0.52288,-0.51262,-0.50237,-0.49211,-0.47807,1.4348,-0.46208,-0.45182,-0.43557,-0.42179,-0.41154,-0.39307,-0.38151,-0.36173,-0.35057,-0.3317,1.7205,1.4214,-0.31906,-0.29855,-0.28189,-0.26704,-0.2412,-0.2165,-0.19599,-0.18302,-0.16448,-0.14397,1.4047,-0.1237,-0.11246,-0.091951,-0.07389,-0.060445,-0.043859,-0.028938,-0.013827,0.002568,0.016204,1.3899,0.034075,0.054587,0.066009,0.086403,0.11508,0.12712,0.14511,0.15536,0.16562,0.17588,1.3747,0.18066,0.18687,0.19713,0.20738,0.21764,0.2279,0.23815,0.24841,0.25866,0.26892,1.3584,0.27918,0.28943,0.29969,0.30995,0.32648,0.33998,0.35023,0.38598,0.40853,0.42905,1.3447,0.44956,0.47007,0.49325,0.53082,0.57382,0.59971,0.62584,0.65661,0.70156,0.73719,1.3269,0.76796,0.79872,0.82154,0.8793,0.91007,0.94357,0.98112,1.0119,1.0625,1.1115,1.3064,1.1423,1.1802,1.2133,1.2786,1.3223,1.3532,1.384,1.421,1.4713,1.4953,1.2949,1.5218,1.5474,1.5781,1.6024,1.6229,1.6355,1.6457,1.6749,1.6853,1.6955,1.2749,1.7058,1.716,1.7263,1.7409,1.7563,1.7666,1.7768,1.7725,1.7102,1.2553,1.2434,1.2228,1.2023,1.1857,1.1708,1.1503,1.1359,1.1188,1.0983,1.6999,1.0778,1.0573,1.0463,1.0258,1.0053,0.98724,0.97375,0.95323,0.93272,0.91766,1.6897,0.90121,0.8807,0.86019,0.83968,0.81916,0.79865,0.77814,0.75763,0.73711,0.71991,1.6794,0.70561,0.6851,0.66458,0.64407,0.63055,0.6203,0.60157,0.59027,0.58001,0.56975,1.6692,0.5595,0.54924,0.53899,0.52873,0.51847,0.50822,0.47264,0.44963,0.43937,0.40349,1.6589,0.36246,0.35199,0.34828,0.32146,0.30578,0.28191,0.27166,0.2614,0.23982,0.20905,1.0,2.0
0.37719,0.37719,0.35008,1.8278,1.8774,1.9135,1.9361,1.9498,1.9498,1.9365,1.9185,1.9004,1.8824,0.35008,1.844,1.7359,1.6667,1.6126,1.5585,1.44,1.3072,1.217,1.1396,1.0638,0.35008,0.97369,0.88354,0.79339,0.70324,0.61308,0.52293,0.43278,0.33029,0.22536,0.13521,0.35008,0.032852,-0.075332,-0.18351,-0.27963,-0.36979,-0.45994,-0.66939,-0.90853,-0.98066,-1.041,0.34168,-1.0978,-1.1699,-1.2187,-1.2548,-1.2908,-1.3269,-1.3605,-1.3785,-1.3852,-1.3852,0.32365,-1.3852,-1.3852,-1.3809,-1.3448,-1.3198,-1.2998,-1.2637,-1.2167,-1.1645,-1.1284,0.32297,-1.0707,-1.0003,-0.94622,-0.88142,-0.80767,-0.71752,-0.63794,-0.56433,-0.47417,-0.38402,0.32297,-0.29251,-0.18433,-0.086448,0.004925,0.11311,0.21112,0.30236,0.41054,0.5087,0.59885,0.32297,0.689,0.77915,0.86931,0.95946,1.0399,1.112,1.1841,1.2562,1.3278,1.3819,0.32297,1.436,1.4897,1.5257,1.5618,1.5979,1.6339,1.6608,1.6786,1.6786,1.6696,0.37719,0.32297,1.6515,1.6335,1.5618,1.4356,1.3988,1.3099,1.1657,1.0925,1.0203,0.94821,0.32297,0.85846,0.76831,0.67816,0.57051,0.47074,0.38058,0.27308,0.1649,0.056712,-0.051472,0.32297,-0.15965,-0.26784,-0.37602,-0.48421,-0.59239,-0.68363,-0.83668,-1.0711,-1.1542,-1.2109,0.32297,-1.2469,-1.283,-1.319,-1.3551,-1.3746,-1.3852,-1.3852,-1.3688,-1.3508,-1.3327,0.32297,-1.3147,-1.2895,-1.2534,-1.2012,-1.1542,-1.1181,-1.0501,-0.98486,-0.93077,-0.86081,0.33991,-0.78869,-0.71657,-0.64445,-0.57232,-0.5002,-0.41249,-0.32234,-0.23218,-0.14203,-0.051878,0.34222,0.038274,0.14375,0.24569,0.33585,0.426,0.52225,0.63044,0.72357,0.81372,0.90388,0.32419,0.99403,1.0784,1.1505,1.2374,1.3218,1.394,1.4514,1.5111,1.5832,1.6263,0.30616,1.6624,1.6984,1.7345,1.7653,1.7833,1.8013,1.8091,1.791,1.7448,1.6757,0.23403,1.5675,1.5012,1.4422,1.3701,1.215,1.0584,0.96827,0.86443,0.75624,0.64806,0.37719,0.08979,0.53988,0.43169,0.32351,0.20191,0.080029,-0.028154,-0.13634,-0.24452,-0.3527,-0.46089,0.045595,-0.565,-0.65516,-0.84943,-1.0484,-1.1206,-1.1669,-1.2068,-1.2609,-1.3022,-1.3346,0.001942,-1.3527,-1.3707,-1.3887,-1.4067,-1.4123,-1.4123,-1.4123,-1.4,-1.3819,-1.3639,-0.052149,-1.3337,-1.2976,-1.2616,-1.2255,-1.1894,-1.1534,-1.1054,-1.0513,-0.99719,-0.9431,-0.15586,-0.8863,-0.81418,-0.75371,-0.69705,-0.62492,-0.56433,-0.50779,-0.43567,-0.36355,-0.29373,-0.24913,-0.23964,-0.1743,-0.10434,-0.050251,0.00384,0.057932,0.11202,0.16612,0.21831,0.25437,-0.32125,0.27959,0.29762,0.31565,0.33368,0.35008,0.35008,0.24434,0.077454,0.059423,0.041393,-0.39337,0.024718,0.024718,0.014415,-0.002396,-0.002396,-0.012564,-0.02951,-0.02951,-0.039542,-0.056623,-0.4655,-0.056623,-0.06652,-0.083737,-0.083737,-0.093498,-0.11085,-0.11085,-0.12048,-0.13851,-0.15654,-0.53762,-0.16508,-0.16548,-0.18351,-0.20155,-0.21958,-0.23761,-0.25564,-0.2738,0.3593,-0.60974,-0.67468,-0.72877,-0.79899,-0.87112,-0.94324,-0.99936,-1.0604,-1.1325,-1.1888,0.35008,-1.2361,-1.2721,-1.3239,-1.3647,-1.3828,-1.4164,-1.4394,-1.4394,-1.4549,-1.4602,0.35008,-1.4421,-1.4241,-1.3998,-1.3638,-1.3277,-1.2916,-1.2556,-1.2045,-1.1444,-1.0723,0.35008,-1.0002,-0.92806,-0.85593,-0.78381,-0.70599,-0.61584,-0.52569,-0.43554,-0.34538,-0.24072,0.35008,-0.13254,-0.024358,0.083825,0.1973,0.32351,0.43549,0.54367,0.65186,0.77414,0.89534,0.35008,1.0035,1.1117,1.215,1.3052,1.4091,1.5078,1.58,1.6521,1.7196,1.7737,2.0,2.0
-1.9328,-1.8477,-1.6072,-0.77974,-0.79523,-0.81071,-0.82619,-0.84167,-0.85715,-0.87263,-0.88811,-0.90359,-0.91907,-1.5917,-0.93456,-0.94497,-0.95911,-0.99007,-1.0072,-1.0146,-1.0157,-1.0234,-1.0253,-1.0253,-1.5687,-1.0253,-1.0253,-1.0205,-1.0146,-1.0146,-1.008,-0.99648,-0.981,-0.96552,-0.95004,-1.5501,-0.93456,-0.91907,-0.89612,-0.8729,-0.83686,-0.75172,-0.70501,-0.66978,-0.63881,-0.60785,-1.533,-0.57689,-0.54352,-0.50482,-0.47332,-0.44236,-0.4114,-0.38044,-0.34948,-0.31851,-0.28755,-1.5098,-0.25659,-0.2307,-0.20748,-0.18425,-0.16103,-0.13781,-0.11459,-0.091368,-0.068146,-0.04786,-1.4929,-0.032379,-0.009158,0.00926,0.022872,0.030613,0.045026,0.056771,0.064511,0.072252,0.079992,-1.4775,0.085064,0.085064,0.085064,0.085064,0.085064,0.085064,0.078658,0.074387,0.073853,0.066113,-1.4625,0.058372,0.048229,0.032748,0.024474,0.012463,-0.001684,-0.009425,-0.023304,-0.038785,-0.054,-1.4548,-0.06174,-0.074552,-0.090033,-0.10551,-0.11406,-0.1218,-0.13381,-0.17251,-0.1936,-0.20614,-1.801,-1.4417,-0.21388,-0.22162,-0.22936,-0.2371,-0.24484,-0.24591,-0.24965,-0.25579,-0.24805,-0.24591,-1.4286,-0.24324,-0.2355,-0.22776,-0.22002,-0.21228,-0.20454,-0.19039,-0.17491,-0.1589,-0.13568,-1.4209,-0.11245,-0.074819,-0.005154,0.028478,0.055169,0.079725,0.11069,0.14165,0.16941,0.1929,-1.4131,0.22386,0.24975,0.27511,0.30607,0.33009,0.35331,0.3776,0.40857,0.43366,0.45688,-1.4054,0.4801,0.50332,0.52654,0.54976,0.57299,0.59621,0.61569,0.63117,0.64666,0.66214,-1.3977,0.67762,0.6931,0.70858,0.72406,0.73794,0.74568,0.75342,0.76116,0.7689,0.77664,-1.3899,0.78438,0.78972,0.78972,0.78972,0.78545,0.77905,0.77905,0.77291,0.76517,0.75743,-1.3945,0.74968,0.74194,0.7342,0.72646,0.71872,0.71098,0.70217,0.68669,0.67708,0.66934,-1.399,0.6616,0.64612,0.63544,0.62584,0.61035,0.57485,0.54736,0.52948,0.49078,0.47449,-1.3993,0.46675,0.45901,0.4438,0.43739,0.43739,0.43739,0.43739,0.44086,0.4486,0.45634,-1.7777,-1.407,0.46942,0.4849,0.50039,0.51587,0.53135,0.54683,0.56231,0.58393,0.60715,0.63197,-1.4097,0.70164,0.74595,0.77477,0.798,0.82816,0.85512,0.87941,0.91037,0.93546,0.95868,-1.4097,0.9819,1.0129,1.039,1.0622,1.0855,1.1087,1.1319,1.1551,1.1784,1.2016,-1.4097,1.2248,1.248,1.2638,1.2838,1.3054,1.3209,1.3428,1.3625,1.3775,1.3852,-1.4166,1.3983,1.4114,1.4191,1.4269,1.4346,1.441,1.441,1.441,1.441,1.441,-1.4203,1.441,1.441,1.441,1.441,1.4341,1.4263,1.4196,1.4196,1.4138,1.409,-1.4214,1.409,1.4012,1.3983,1.3983,1.3983,1.3916,1.3951,1.4098,1.4175,1.4252,-1.4292,1.433,1.4407,1.4485,1.4562,1.4656,1.481,1.4901,1.5013,1.5168,1.5323,-1.4369,1.5478,1.5632,1.5787,1.6014,1.6204,1.6358,1.6513,1.6729,1.693,1.7087,-1.4417,1.7319,1.7501,1.7656,1.781,1.8035,1.8227,1.8392,1.8625,-1.7545,-1.4417,-1.434,-1.431,-1.4292,-1.4214,-1.4137,-1.4022,-1.3867,-1.3712,-1.3614,-1.7313,-1.3483,-1.3251,-1.3093,-1.2938,-1.2767,-1.2535,-1.2303,-1.2105,-1.1945,-1.1713,-1.7081,-1.1481,-1.1273,-1.1118,-1.0891,-1.0659,-1.044,-1.0285,-1.0069,-0.98687,-0.97112,-1.6841,-0.9479,-0.92975,-0.91213,-0.88891,-0.87263,-0.85715,-0.84167,-0.82619,-0.81071,-0.79523,-1.6531,-0.77974,-0.772,-0.75946,-0.74585,-0.73811,-0.73036,-0.72262,-0.71568,-0.71568,-0.71008,-1.6277,-0.70501,-0.70501,-0.70501,-0.70955,-0.71729,-0.72503,-0.73277,-0.74398,-0.75892,-0.76667,5.0,2.0
0.79947,0.68825,0.64128,1.0071,1.1183,1.2296,1.3408,1.4322,1.5237,1.6201,1.6942,1.7684,1.8425,0.64128,1.9118,1.9513,2.0255,2.0625,2.0996,2.1045,2.1342,2.1441,2.1441,2.1441,0.64128,2.1243,2.0007,1.8376,1.7634,1.6497,1.457,1.368,1.1875,1.0763,1.0022,0.64128,0.8934,0.78217,0.67094,0.55972,0.44849,0.33726,0.22603,0.097503,-0.03597,-0.13484,0.64128,-0.31775,-0.71817,-0.79232,-0.86647,-0.94062,-1.0148,-1.0889,-1.1309,-1.168,-1.2051,0.64128,-1.2422,-1.2792,-1.2966,-1.2966,-1.2966,-1.2842,-1.257,-1.2496,-1.2125,-1.173,0.64128,-1.0988,-1.0617,-1.0247,-0.95545,-0.8813,-0.80715,-0.70828,-0.6193,-0.52537,-0.41414,0.64128,-0.30292,-0.19169,-0.080462,0.030766,0.14199,0.25322,0.36445,0.47568,0.5869,0.69813,0.64128,0.80936,0.92059,1.0071,1.1035,1.1949,1.2691,1.3433,1.4174,1.4817,1.5262,0.64128,1.5954,1.6324,1.6695,1.6695,1.6695,1.6695,1.6695,1.6695,1.5707,1.4668,0.68083,0.64128,1.4125,1.3581,1.2691,1.1084,0.86868,0.69813,0.5869,0.47568,0.36445,0.25322,0.64128,0.14199,0.030766,-0.080462,-0.19169,-0.30292,-0.3919,-0.48582,-0.57975,-0.75771,-1.0049,0.64128,-1.079,-1.1532,-1.2224,-1.2595,-1.2966,-1.3336,-1.3707,-1.4078,-1.4152,-1.4152,0.64128,-1.4152,-1.3929,-1.3756,-1.3583,-1.3213,-1.2842,-1.2372,-1.1705,-1.1285,-1.0543,0.62151,-0.98017,-0.90602,-0.83187,-0.75771,-0.6539,-0.56986,-0.47099,-0.35977,-0.24854,-0.13731,0.60174,-0.026084,0.085144,0.19637,0.3076,0.42377,0.5696,0.68083,0.79206,0.90329,1.0145,0.60174,1.1257,1.237,1.3235,1.4199,1.4916,1.5459,1.6201,1.6819,1.7091,1.7165,0.60174,1.7486,1.7511,1.7882,1.7511,1.6448,1.5657,1.4026,1.2988,1.0763,0.91317,0.60174,0.81925,0.70802,0.61162,0.52511,0.41388,0.31007,0.23098,0.11975,0.008521,-0.065631,0.60174,-0.17439,-0.28561,-0.36718,-0.46852,-0.55503,-0.62918,-0.72311,-0.81704,-1.0098,-1.2694,0.68083,0.60174,-1.3064,-1.3509,-1.4201,-1.4547,-1.4547,-1.4918,-1.5289,-1.5338,-1.5338,-1.5338,0.60174,-1.5338,-1.5338,-1.5338,-1.5165,-1.4943,-1.4943,-1.4844,-1.4547,-1.4498,-1.4127,0.60174,-1.3756,-1.3386,-1.3015,-1.2644,-1.2273,-1.1903,-1.1285,-1.0766,-1.0395,-0.98511,0.56466,-0.92579,-0.88872,-0.85164,-0.80715,-0.73794,-0.70087,-0.66379,-0.58964,-0.55009,-0.48088,0.31996,-0.43639,-0.37213,-0.32269,-0.28561,-0.24854,-0.19416,-0.13484,-0.097764,-0.060688,-0.023612,0.25322,0.013464,0.05054,0.087616,0.12469,0.16177,0.19884,0.20626,0.20626,0.20626,0.20626,0.21615,0.20626,0.20626,0.20626,0.1939,0.16671,0.16671,0.16671,0.16671,0.16671,0.16671,0.17907,0.16671,0.16671,0.13705,0.12716,0.12716,0.12716,0.12716,0.12716,0.12716,0.12716,0.043125,0.12716,0.12716,0.12716,0.12716,0.12716,0.12716,0.12716,0.095031,0.087616,0.087616,-0.053273,0.087616,0.087616,0.087616,0.070314,0.048068,0.048068,0.048068,0.048068,0.68083,-0.14967,-0.28067,-0.36224,-0.39931,-0.43639,-0.48088,-0.55009,-0.58717,-0.62424,-0.66132,0.65364,-0.69839,-0.73547,-0.77255,-0.80962,-0.87141,-0.92332,-0.9604,-0.99747,-1.0345,-1.0716,0.64128,-1.1087,-1.1384,-1.1433,-1.1804,-1.2175,-1.2175,-1.2521,-1.257,-1.257,-1.257,0.64128,-1.257,-1.257,-1.257,-1.2397,-1.2026,-1.1655,-1.1285,-1.0914,-1.0494,-0.97523,0.64128,-0.90107,-0.82692,-0.78738,-0.68603,-0.60447,-0.53032,-0.45616,-0.35977,-0.26831,-0.17686,0.64128,-0.065631,0.045597,0.15682,0.26805,0.37434,0.45096,0.56219,0.67342,0.78464,0.89587,2.0,2.0
1.7416,1.6599,1.548,0.21862,0.17814,0.16646,0.15479,0.15463,0.11303,0.066317,0.04408,0.032401,0.002965,1.5364,-0.024552,-0.03927,-0.078305,-0.095742,-0.15285,-0.16453,-0.21973,-0.23908,-0.25076,-0.26244,1.5247,-0.27412,-0.2858,-0.29748,-0.30915,-0.32275,-0.34531,-0.35699,-0.38003,-0.39314,-0.41394,1.502,-0.4373,-0.46065,-0.47825,-0.49457,-0.51793,-0.54128,-0.56592,-0.6008,-0.62415,-0.64751,1.4885,-0.67087,-0.69422,-0.72494,-0.75374,-0.77709,-0.80445,-0.83661,-0.85996,-0.88332,-0.90668,1.4769,-0.93003,-0.96347,-0.98955,-1.0129,-1.0363,-1.0652,-1.0958,-1.1191,-1.1447,-1.1786,1.4652,-1.202,-1.2254,-1.2593,-1.2849,-1.3082,-1.3316,-1.3549,-1.3783,-1.3978,-1.4122,1.4469,-1.4356,-1.4584,-1.4701,-1.4928,-1.5063,-1.518,-1.5296,-1.5413,-1.5476,-1.5519,1.429,-1.5636,-1.5732,-1.5732,-1.5732,-1.5847,-1.5859,-1.5859,-1.5859,-1.5859,-1.5859,1.413,-1.5859,-1.5859,-1.5859,-1.5859,-1.5859,-1.5859,-1.5751,-1.5732,-1.5645,-1.5604,1.6415,1.3929,-1.554,-1.5423,-1.5306,-1.5189,-1.5092,-1.5084,-1.4967,-1.485,-1.4733,-1.4525,1.3812,-1.4372,-1.4255,-1.4138,-1.4021,-1.3905,-1.3764,-1.3543,-1.3426,-1.3309,-1.3085,1.3685,-1.2948,-1.2831,-1.2641,-1.247,-1.2302,-1.2108,-1.1962,-1.1746,-1.1623,-1.139,1.3452,-1.1268,-1.1051,-1.0817,-1.0662,-1.0478,-1.0244,-1.0055,-0.99051,-0.96715,-0.94379,1.3334,-0.92044,-0.90876,-0.88652,-0.86316,-0.83981,-0.82365,-0.80589,-0.78253,-0.76302,-0.74862,1.3113,-0.72686,-0.7147,-0.69134,-0.67903,-0.65743,-0.64287,-0.63119,-0.61296,-0.59504,-0.58336,1.2972,-0.57168,-0.56,-0.54832,-0.53665,-0.51345,-0.50049,-0.48881,-0.47713,-0.46545,-0.45378,1.2774,-0.4421,-0.4341,-0.43154,-0.41986,-0.4085,-0.4085,-0.39762,-0.3957,-0.38706,-0.38291,1.261,-0.37651,-0.36483,-0.35315,-0.34451,-0.34259,-0.33171,-0.33171,-0.32035,-0.30867,-0.297,1.2434,-0.29332,-0.28644,-0.27476,-0.26308,-0.2514,-0.23972,-0.22677,-0.20357,-0.19189,-0.18021,1.6298,1.2249,-0.15893,-0.14406,-0.12502,-0.10166,-0.083424,-0.067746,-0.044389,-0.022792,-0.010473,0.012884,1.2095,0.036241,0.059597,0.082954,0.098472,0.11687,0.14023,0.16358,0.18358,0.1975,0.22086,1.1887,0.24421,0.25589,0.27813,0.29205,0.31204,0.3282,0.33988,0.35156,0.36324,0.37492,1.1771,0.385,0.38548,0.39715,0.40883,0.41059,0.41939,0.42339,0.42339,0.42883,0.43619,1.1651,0.43619,0.43827,0.44995,0.46163,0.4733,0.48498,0.49666,0.50834,0.52706,0.54449,1.1417,0.56097,0.58065,0.59489,0.61824,0.64192,0.67696,0.70111,0.72447,0.75647,0.7915,1.1292,0.82654,0.85629,0.89629,0.96028,1.0051,1.0401,1.0751,1.1102,1.1452,1.1803,1.1175,1.2153,1.2503,1.2854,1.3204,1.3554,1.3905,1.4255,1.4604,1.4837,1.5178,1.1059,1.5528,1.5964,1.6284,1.6517,1.6751,1.6944,1.709,1.7306,1.7423,1.7539,1.0867,1.7656,1.7773,1.789,1.8007,1.8123,1.824,1.8267,1.8184,1.6181,1.0697,1.058,1.0422,1.0219,1.0083,0.98572,0.97404,0.951,0.93788,0.91709,1.6064,0.90173,0.88317,0.86557,0.84925,0.82942,0.81774,0.80606,0.79438,0.7827,0.76031,1.5948,0.74655,0.73487,0.72319,0.71151,0.69983,0.68816,0.67648,0.6648,0.65312,0.64144,1.5831,0.62976,0.61808,0.60641,0.59473,0.58305,0.57137,0.55969,0.54801,0.53634,0.52466,1.5714,0.51298,0.5013,0.48962,0.47794,0.46626,0.46179,0.45571,0.44899,0.43363,0.39507,1.5597,0.385,0.3826,0.3242,0.321,0.31108,0.29941,0.27237,0.25701,0.25157,0.23989,1.0,2.0
-1.9944,-1.7972,-1.5937,-0.88436,-0.88436,-0.88284,-0.87115,-0.87115,-0.87115,-0.87115,-0.86087,-0.84855,-0.84472,-1.5813,-0.83712,-0.8315,-0.82569,-0.81829,-0.81426,-0.80194,-0.78961,-0.77729,-0.76497,-0.75265,-1.5665,-0.74032,-0.728,-0.71568,-0.70335,-0.69103,-0.67127,-0.65317,-0.6352,-0.61531,-0.60299,-1.5435,-0.58769,-0.56513,-0.5528,-0.54018,-0.51554,-0.50262,-0.4903,-0.47797,-0.46565,-0.46149,-1.5312,-0.45422,-0.4419,-0.42958,-0.41725,-0.40863,-0.40582,-0.3935,-0.3822,-0.38207,-0.36975,-1.5188,-0.36899,-0.35831,-0.35577,-0.34688,-0.34256,-0.33545,-0.32934,-0.32402,-0.3117,-0.30291,-1.5065,-0.30027,-0.2897,-0.28884,-0.27651,-0.27648,-0.26508,-0.26327,-0.26327,-0.26327,-0.25544,-1.4942,-0.25005,-0.25005,-0.2449,-0.23684,-0.23347,-0.22362,-0.22204,-0.20971,-0.19739,-0.18507,-1.4922,-0.17275,-0.16042,-0.1481,-0.13578,-0.12345,-0.11113,-0.098808,-0.081497,-0.060948,-0.048625,-1.4828,-0.036302,-0.023979,-0.012185,-0.012185,-0.000226,0.012097,0.014245,0.023528,0.027459,0.034959,-1.7601,-1.4704,0.040674,0.04639,0.053889,0.05782,0.070143,0.080319,0.080319,0.080682,0.093005,0.093534,-1.4581,0.093534,0.10354,0.10675,0.10675,0.11408,0.11996,0.11996,0.11996,0.12373,0.13318,-1.4526,0.13318,0.13427,0.14639,0.14639,0.15802,0.17034,0.18267,0.19499,0.20731,0.21964,-1.4526,0.23196,0.24428,0.2566,0.26893,0.28125,0.29357,0.3059,0.31819,0.31819,0.32965,-1.4476,0.3314,0.34108,0.34462,0.35251,0.35783,0.35783,0.36305,0.37104,0.37104,0.37104,-1.4394,0.37104,0.3718,0.38413,0.38426,0.38426,0.39467,0.40699,0.41069,0.41842,0.4239,-1.4394,0.42985,0.43712,0.44128,0.45033,0.45271,0.46504,0.47736,0.48968,0.502,0.51433,-1.437,0.52665,0.53897,0.5513,0.55605,0.56273,0.57505,0.58737,0.5957,0.5988,0.61113,-1.4247,0.62213,0.62256,0.63488,0.63534,0.64631,0.65863,0.66177,0.67006,0.67499,0.68149,-1.413,0.6882,0.69293,0.70142,0.70436,0.71463,0.71579,0.72811,0.74043,0.74106,0.74106,-1.7355,-1.413,0.74106,0.75008,0.75427,0.75427,0.75427,0.75973,0.76749,0.77116,0.7807,0.78259,-1.401,0.79392,0.79402,0.80634,0.80713,0.81777,0.82035,0.8292,0.83356,0.84063,0.84678,-1.3886,0.84678,0.85117,0.85999,0.85999,0.85999,0.86082,0.87314,0.87321,0.88457,0.88642,-1.3865,0.88642,0.89511,0.89964,0.90654,0.91887,0.92607,0.9303,0.94262,0.95494,0.96726,-1.3772,0.97959,0.99191,1.0042,1.0278,1.0524,1.0676,1.0885,1.1208,1.151,1.1815,-1.3649,1.2184,1.2554,1.2924,1.3294,1.3663,1.4033,1.4403,1.4653,1.501,1.5278,-1.3526,1.5525,1.5771,1.5943,1.6132,1.6321,1.6492,1.67,1.6853,1.7079,1.7214,-1.3402,1.7457,1.758,1.7704,1.7936,1.8082,1.8205,1.8411,1.8584,1.8707,1.8831,-1.3279,1.9,1.9209,1.9332,1.9456,1.9589,1.9834,1.9957,2.0081,2.0204,2.0327,-1.3156,2.045,2.0574,2.0625,2.0563,2.044,2.0317,2.0193,2.007,-1.7205,-1.3033,-1.291,-1.2786,-1.2663,-1.2536,-1.2289,-1.2161,-1.2038,-1.2015,-1.1924,-1.6994,-1.18,-1.1677,-1.1554,-1.1487,-1.144,-1.1316,-1.1222,-1.1202,-1.109,-1.1088,-1.6747,-1.0965,-1.0958,-1.085,-1.0826,-1.0736,-1.0613,-1.049,-1.0429,-1.0429,-1.0429,-1.6501,-1.0393,-1.0297,-1.0297,-1.0297,-1.0297,-1.0297,-1.0297,-1.0191,-1.0165,-1.0165,-1.6315,-1.0165,-1.0095,-1.0033,-0.99804,-0.99008,-0.98661,-0.97429,-0.96365,-0.96286,-0.95054,-1.614,-0.93821,-0.93722,-0.92678,-0.92401,-0.91535,-0.91079,-0.91079,-0.90481,-0.89758,-0.89338,3.0,2.0
-0.31129,-0.34239,-0.41495,-1.6208,-1.5897,-1.5611,-1.5404,-1.5146,-1.4835,-1.4524,-1.4213,-1.4004,-1.3773,-0.42041,-1.3462,-1.3151,-1.284,-1.2529,-1.2218,-1.1907,-1.1596,-1.1285,-1.0974,-1.0662,-0.42041,-1.0351,-1.004,-0.97295,-0.94185,-0.91075,-0.88419,-0.86346,-0.83563,-0.80453,-0.78307,-0.42787,-0.76052,-0.72942,-0.70268,-0.68195,-0.66121,-0.64048,-0.6292,-0.6172,-0.59647,-0.57992,-0.43823,-0.56955,-0.55245,-0.53172,-0.52026,-0.50989,-0.49953,-0.48916,-0.47879,-0.47497,-0.47497,-0.4486,-0.46588,-0.45551,-0.44515,-0.43478,-0.42441,-0.42041,-0.42041,-0.4115,-0.40222,-0.40222,-0.45897,-0.40222,-0.40222,-0.39604,-0.38567,-0.38404,-0.38404,-0.38404,-0.38058,-0.37021,-0.35985,-0.46934,-0.34948,-0.34766,-0.34693,-0.33657,-0.3262,-0.31583,-0.30547,-0.2951,-0.28473,-0.27436,-0.47497,-0.264,-0.25363,-0.24326,-0.2329,-0.22253,-0.21216,-0.20143,-0.1807,-0.16288,-0.15251,-0.47497,-0.13669,-0.11595,-0.095218,-0.074484,-0.05375,-0.033016,-0.012283,0.008451,0.029185,0.057739,-0.36585,-0.48225,0.08884,0.10957,0.13285,0.16395,0.18996,0.2107,0.23907,0.27017,0.30127,0.33237,-0.49262,0.36347,0.39457,0.42567,0.45677,0.48787,0.51898,0.55008,0.58118,0.61228,0.64338,-0.49316,0.67448,0.70558,0.73668,0.76778,0.79888,0.82998,0.86108,0.89928,0.94074,0.97257,-0.49316,1.0055,1.047,1.0884,1.1299,1.1645,1.1956,1.2267,1.2594,1.3009,1.3381,-0.49316,1.3692,1.4003,1.4314,1.4533,1.4755,1.5066,1.5337,1.5544,1.5751,1.5959,-0.49316,1.6166,1.6373,1.6581,1.6788,1.6995,1.7139,1.7243,1.7257,1.7268,1.7372,-0.49316,1.7439,1.7439,1.7501,1.7605,1.7621,1.7612,1.7508,1.7439,1.7439,1.7379,-0.50025,1.7275,1.7172,1.7061,1.6853,1.6679,1.6575,1.6413,1.6206,1.5999,1.5786,-0.51062,1.5475,1.5164,1.4853,1.4542,1.4231,1.392,1.3609,1.3298,1.2987,1.2676,-0.51135,1.231,1.1895,1.1561,1.1248,1.0833,1.0446,1.0135,0.97712,0.93565,0.89418,-0.36585,-0.50953,0.85272,0.82162,0.78797,0.7465,0.71013,0.67903,0.64792,0.61682,0.58572,0.55462,-0.49916,0.52352,0.49733,0.4766,0.45586,0.43513,0.4244,0.41185,0.39112,0.37511,0.36474,-0.49316,0.35438,0.34401,0.33364,0.32328,0.31291,0.30709,0.30709,0.3,0.28963,0.2889,-0.49316,0.2889,0.2889,0.29327,0.30363,0.314,0.32437,0.33474,0.34347,0.34347,0.34765,-0.49316,0.35802,0.36838,0.37875,0.38912,0.39948,0.40985,0.42022,0.43058,0.44095,0.45132,-0.49316,0.45259,0.45386,0.46423,0.4746,0.48496,0.48897,0.48897,0.49788,0.50715,0.50715,-0.49316,0.51079,0.52116,0.52534,0.52534,0.53407,0.54353,0.54353,0.54698,0.55735,0.56172,-0.49316,0.56172,0.57026,0.58063,0.591,0.59809,0.59809,0.60391,0.61428,0.62464,0.63447,-0.49316,0.63447,0.63756,0.64792,0.65265,0.65265,0.65265,0.65265,0.65265,0.65556,0.66593,-0.50989,0.67084,0.67084,0.67084,0.67084,0.67084,0.67084,0.67084,0.67084,-0.37094,-0.55136,-0.59956,-0.65139,-0.66612,-0.68377,-0.74597,-0.79216,-0.8129,-0.85327,-0.90511,-0.38131,-0.92966,-0.95167,-0.98277,-1.0101,-1.0308,-1.077,-1.1392,-1.1746,-1.2057,-1.2368,-0.38404,-1.2789,-1.3411,-1.3785,-1.3993,-1.4549,-1.5135,-1.5342,-1.5584,-1.5895,-1.6146,-0.38404,-1.6353,-1.6988,-1.7677,-1.7885,-1.819,-1.8709,-1.8994,-1.9098,-1.962,-2.0198,-0.39422,-1.9991,-1.9814,-1.9711,-1.9551,-1.9343,-1.9218,-1.9111,-1.8903,-1.8696,-1.8489,-0.40459,-1.8336,-1.8232,-1.8048,-1.7839,-1.7528,-1.7245,-1.7037,-1.683,-1.6623,-1.6415,4.0,2.0
-0.52338,-0.50498,-0.56359,-1.2572,-1.202,-1.1468,-1.0916,-1.0364,-0.98125,-0.92607,-0.88907,-0.8358,-0.78061,-0.56359,-0.73849,-0.7017,-0.66491,-0.62812,-0.59133,-0.55906,-0.54067,-0.52117,-0.48438,-0.46538,-0.56359,-0.44698,-0.42859,-0.39753,-0.37169,-0.3533,-0.32736,-0.2964,-0.27801,-0.25961,-0.24121,-0.58158,-0.22282,-0.18703,-0.16592,-0.14753,-0.12913,-0.11074,-0.092342,-0.073947,-0.055552,-0.040876,-0.59997,-0.038865,-0.020771,-0.020771,-0.003783,0.014612,0.019437,0.031299,0.049694,0.06809,0.086485,-0.61837,0.10488,0.12328,0.14167,0.16007,0.17846,0.19686,0.21525,0.24682,0.27215,0.29054,-0.6239,0.30894,0.33367,0.36583,0.38714,0.42273,0.44112,0.47741,0.49802,0.53089,0.55491,-0.63506,0.58437,0.61181,0.63784,0.67463,0.7072,0.7256,0.7448,0.78159,0.81838,0.83939,-0.644,0.87186,0.89628,0.92534,0.96213,0.99892,1.0357,1.0725,1.1093,1.1461,1.1829,-0.65174,1.2197,1.2565,1.2932,1.33,1.3668,1.4036,1.4336,1.4571,1.4905,1.5106,-0.50327,-0.66411,1.5474,1.5842,1.6043,1.6376,1.6612,1.6911,1.718,1.7364,1.7548,1.7732,-0.66843,1.7916,1.81,1.8284,1.8288,1.8451,1.8635,1.869,1.8802,1.8891,1.8969,-0.68421,1.9092,1.9092,1.9092,1.9092,1.9092,1.9092,1.8934,1.875,1.8566,1.8382,-0.68512,1.8107,1.7739,1.7371,1.6964,1.6412,1.5866,1.5498,1.4958,1.4406,1.3992,-0.70351,1.3503,1.2952,1.24,1.1778,1.1095,1.0543,0.99912,0.94393,0.88875,0.83356,-0.70432,0.77837,0.73656,0.6881,0.64287,0.60608,0.56929,0.5325,0.49571,0.45892,0.42213,-0.70432,0.38533,0.34854,0.31175,0.28793,0.26953,0.25114,0.23274,0.21435,0.19595,0.17756,-0.70432,0.15916,0.14077,0.14006,0.14006,0.14006,0.14006,0.15092,0.16017,0.16017,0.16017,-0.70432,0.16017,0.15786,0.14006,0.14006,0.14006,0.14006,0.14006,0.14006,0.14006,0.14006,-0.70432,0.14006,0.14006,0.14006,0.13815,0.11996,0.11996,0.11996,0.11996,0.11996,0.11996,-0.51825,-0.70432,0.11996,0.11996,0.11996,0.11996,0.11996,0.11996,0.11996,0.11996,0.11996,0.10518,-0.70432,0.099854,0.099854,0.099854,0.099854,0.099854,0.099854,0.099854,0.099854,0.099854,0.099854,-0.70995,0.099854,0.099854,0.099854,0.099854,0.099854,0.099854,0.099854,0.099854,0.099854,0.099854,-0.72442,0.099854,0.11724,0.11996,0.11996,0.11996,0.11996,0.1288,0.14006,0.14006,0.14006,-0.72442,0.14207,0.16017,0.16017,0.16017,0.16017,0.16017,0.16017,0.16017,0.16017,0.16017,-0.72492,0.16519,0.18027,0.18027,0.18027,0.18027,0.18027,0.18027,0.18027,0.18027,0.18027,-0.74332,0.18027,0.18027,0.18027,0.18027,0.18027,0.18027,0.18027,0.18027,0.18027,0.18027,-0.74452,0.18027,0.18027,0.18791,0.20038,0.20038,0.20038,0.20038,0.20038,0.20038,0.20038,-0.74452,0.20038,0.20038,0.20038,0.20038,0.20038,0.20038,0.20038,0.20038,0.20038,0.20038,-0.7583,0.20038,0.20038,0.20038,0.20038,0.21063,0.22048,0.22048,0.22048,-0.52338,-0.76463,-0.77498,-0.78473,-0.78473,-0.78996,-0.80836,-0.83942,-0.98588,-1.0043,-1.0395,-0.52338,-1.1215,-1.1733,-1.1985,-1.2666,-1.344,-1.3808,-1.4176,-1.4638,-1.5515,-1.5883,-0.52338,-1.6251,-1.711,-1.8177,-1.8762,-1.9468,-2.0005,-2.0581,-2.1379,-2.1695,-2.2458,-0.52338,-2.3338,-2.3522,-2.3706,-2.373,-2.4301,-2.4031,-2.3621,-2.3346,-2.2978,-2.261,-0.52981,-2.2202,-2.1673,-2.1299,-2.0747,-2.0368,-1.9845,-1.9293,-1.8862,-1.839,-1.7926,-0.54821,-1.7487,-1.6989,-1.6585,-1.6052,-1.5682,-1.513,-1.4578,-1.4026,-1.3609,-1.3124,4.0,2.0
2.3056,2.015,1.5155,-0.61443,-0.63933,-0.66424,-0.68914,-0.71405,-0.73896,-0.76386,-0.78877,-0.81368,-0.83858,1.4768,-0.86349,-0.88839,-0.9133,-0.93821,-0.96311,-0.98802,-1.0129,-1.0378,-1.0627,-1.0876,1.4353,-1.1126,-1.1349,-1.1515,-1.173,-1.1979,-1.2156,-1.2334,-1.2583,-1.2797,-1.2963,1.3938,-1.3129,-1.3295,-1.3462,-1.3628,-1.3794,-1.3917,-1.4,-1.4149,-1.4315,-1.4481,1.3523,-1.4618,-1.4701,-1.4836,-1.5002,-1.5093,-1.5176,-1.5259,-1.538,-1.5546,-1.5652,1.3108,-1.5735,-1.5818,-1.5878,-1.5878,-1.5924,-1.6007,-1.609,-1.6155,-1.6072,-1.6021,1.2733,-1.6021,-1.5966,-1.5883,-1.58,-1.5717,-1.5634,-1.5551,-1.5468,-1.5385,-1.5302,1.2401,-1.5219,-1.5136,-1.5053,-1.4922,-1.4756,-1.4661,-1.4567,-1.4401,-1.4269,-1.4186,1.2006,-1.4046,-1.388,-1.3713,-1.3547,-1.3381,-1.3172,-1.2923,-1.274,-1.2574,-1.2408,1.1585,-1.2213,-1.1964,-1.1767,-1.1601,-1.136,-1.1126,-1.0959,-1.0756,-1.0507,-1.0318,1.7955,1.1004,-1.0152,-0.99031,-0.96769,-0.95109,-0.9299,-0.905,-0.88696,-0.8695,-0.84459,-0.82284,1.0526,-0.80623,-0.78419,-0.75928,-0.73438,-0.71119,-0.69458,-0.67397,-0.64907,-0.63046,-0.61357,1.0277,-0.58866,-0.56633,-0.54973,-0.53312,-0.51652,-0.49991,-0.48331,-0.46671,-0.44667,-0.42176,1.0028,-0.40258,-0.38597,-0.36937,-0.35076,-0.32586,-0.30524,-0.28864,-0.27204,-0.25543,-0.23883,0.97786,-0.22222,-0.20562,-0.18902,-0.17241,-0.16325,-0.15352,-0.13691,-0.12403,-0.11573,-0.10743,0.93148,-0.099124,-0.099124,-0.096833,-0.088531,-0.08481,-0.08481,-0.077939,-0.069637,-0.061335,-0.053033,0.88625,-0.044731,-0.041868,-0.041868,-0.034138,-0.025836,-0.017534,-0.01324,-0.01324,-0.006942,0.00136,0.86964,0.009662,0.015388,0.015388,0.020255,0.028557,0.036859,0.045161,0.053463,0.061765,0.070067,0.84273,0.078369,0.086671,0.094973,0.10528,0.12188,0.13419,0.1425,0.1508,0.15967,0.17628,0.80122,0.19002,0.19832,0.20662,0.21492,0.23067,0.24584,0.25414,0.26617,0.28277,0.29336,1.7623,0.77689,0.30167,0.31827,0.33258,0.34089,0.35377,0.37037,0.38698,0.40358,0.42019,0.43364,0.76029,0.44194,0.45568,0.47229,0.48116,0.49118,0.50779,0.52038,0.52869,0.54329,0.5596,0.74368,0.56791,0.57621,0.58451,0.59281,0.60111,0.60942,0.61772,0.62602,0.63432,0.64262,0.72106,0.65093,0.65923,0.66753,0.67583,0.68413,0.69244,0.70074,0.70904,0.71734,0.72565,0.67955,0.73395,0.74225,0.75055,0.75885,0.76716,0.77689,0.79349,0.8101,0.8267,0.84932,0.65522,0.87422,0.89083,0.90972,0.93463,0.96412,0.99732,1.0237,1.0494,1.0826,1.1158,0.64692,1.1491,1.1877,1.2292,1.263,1.2979,1.3394,1.3809,1.4224,1.4577,1.4909,0.61886,1.5241,1.5573,1.5905,1.6237,1.6569,1.683,1.7079,1.7328,1.7542,1.7708,0.58737,1.7875,1.8041,1.8207,1.8353,1.8436,1.8519,1.8602,1.8685,1.8768,1.8851,0.57907,1.8905,1.8905,1.8854,1.8771,1.8688,1.8605,1.8522,1.8439,1.7291,0.56218,0.52897,0.49576,0.46256,0.45168,0.44194,0.42534,0.41246,0.40415,0.38984,1.6958,0.37324,0.36493,0.35434,0.33774,0.32571,0.31741,0.30911,0.29909,0.27418,0.25558,1.6626,0.24727,0.23353,0.21693,0.20805,0.19803,0.18143,0.16883,0.16053,0.13963,0.11415,1.6286,0.072644,0.028557,-0.021256,-0.046735,-0.055037,-0.070496,-0.085955,-0.094257,-0.10599,-0.1226,1.5871,-0.1392,-0.15581,-0.18043,-0.20333,-0.21993,-0.24083,-0.26574,-0.28406,-0.30124,-0.32614,1.5487,-0.35105,-0.37596,-0.40086,-0.42577,-0.45067,-0.47558,-0.50049,-0.52539,-0.5503,-0.58122,1.0,2.0
-0.83845,-0.88671,-0.90279,-1.9724,-1.9455,-1.9214,-1.904,-1.873,-1.8381,-1.8032,-1.7683,-1.7334,-1.6985,-0.90279,-1.6636,-1.6287,-1.5854,-1.5428,-1.4968,-1.4444,-1.4059,-1.3558,-1.3039,-1.2672,-0.90279,-1.218,-1.1786,-1.1322,-1.0973,-1.0537,-1.0114,-0.97646,-0.94155,-0.90665,-0.87175,-0.9011,-0.83685,-0.80194,-0.77058,-0.74822,-0.71959,-0.6945,-0.6686,-0.65115,-0.6337,-0.61625,-0.88671,-0.5988,-0.58135,-0.56389,-0.54644,-0.52899,-0.51154,-0.49409,-0.4846,-0.47527,-0.45782,-0.88671,-0.44037,-0.42291,-0.40546,-0.38801,-0.37201,-0.36919,-0.35592,-0.35037,-0.33984,-0.33155,-0.88671,-0.32375,-0.31274,-0.29528,-0.27783,-0.26038,-0.24333,-0.24156,-0.22411,-0.20666,-0.18921,-0.87955,-0.17176,-0.1543,-0.13685,-0.1194,-0.089244,-0.068414,-0.050963,-0.017427,2.5e-05,0.020934,-0.87062,0.051012,0.074656,0.102,0.12838,0.15299,0.1821,0.217,0.25191,0.28681,0.30563,-0.86073,0.34053,0.37543,0.40519,0.42916,0.45618,0.48288,0.50717,0.52462,0.55542,0.5756,-0.88671,-0.85454,0.59306,0.62659,0.64678,0.67758,0.7005,0.72857,0.75422,0.77955,0.80794,0.83054,-0.84191,0.84799,0.88048,0.91539,0.95029,0.98519,1.0201,1.055,1.0899,1.1163,1.1436,-0.83845,1.1785,1.2134,1.2343,1.2672,1.3014,1.3209,1.3558,1.3907,1.4256,1.4605,-0.83845,1.4865,1.5142,1.5491,1.5711,1.6028,1.6221,1.6556,1.673,1.6905,1.7079,-0.82237,1.7254,1.7428,1.7603,1.7672,1.7791,1.7966,1.814,1.8315,1.8476,1.845,-0.82036,1.8316,1.8316,1.8248,1.8155,1.806,1.7994,1.7872,1.7697,1.7523,1.7346,-0.80629,1.7013,1.6838,1.662,1.6271,1.5993,1.5734,1.5385,1.5148,1.4848,1.4638,-0.80629,1.4311,1.4128,1.3934,1.3618,1.3444,1.3269,1.3095,1.292,1.2644,1.241,-0.80629,1.2236,1.2061,1.1887,1.1551,1.1377,1.1202,1.0978,1.0692,1.0441,1.0092,-0.80629,0.98471,0.95544,0.93372,0.90171,0.88274,0.8492,0.82917,0.79821,0.77545,0.74055,-0.88671,-0.80629,0.71369,0.68683,0.65192,0.61702,0.58212,0.56209,0.52856,0.51111,0.49365,0.4762,-0.80629,0.45875,0.4483,0.43993,0.42248,0.40503,0.40004,0.38621,0.36876,0.36787,0.36787,-0.80629,0.36787,0.36787,0.36787,0.36787,0.35919,0.35179,0.35179,0.35179,0.35179,0.33627,-0.80629,0.3349,0.31962,0.31962,0.31962,0.31335,0.30354,0.30354,0.30354,0.30354,0.29043,-0.79197,0.28745,0.28745,0.28745,0.28496,0.27137,0.27137,0.27137,0.26341,0.25528,0.25528,-0.7902,0.24322,0.2392,0.2392,0.22311,0.22311,0.2203,0.20703,0.20703,0.20703,0.19875,-0.7902,0.19095,0.19095,0.17856,0.17486,0.17486,0.17446,0.15878,0.15878,0.15878,0.15878,-0.7902,0.15878,0.15878,0.15878,0.15878,0.15878,0.15878,0.15878,0.17486,0.17486,0.17486,-0.7902,0.17486,0.17486,0.17486,0.17486,0.17486,0.17486,0.17486,0.17486,0.17486,0.17486,-0.79527,0.17486,0.17864,0.19609,0.21354,0.231,0.24845,0.2659,0.27137,-0.88671,-0.80629,-0.80629,-0.80629,-0.80629,-0.80629,-0.79302,-0.7902,-0.7902,-0.7902,-0.7902,-0.88671,-0.7902,-0.7902,-0.7902,-0.7902,-0.7902,-0.7902,-0.7902,-0.7902,-0.7902,-0.79044,-0.88671,-0.80629,-0.80629,-0.80629,-0.80629,-0.80629,-0.80629,-0.80629,-0.80629,-0.80629,-0.79237,-0.88671,-0.80548,-0.82518,-0.91244,-0.98651,-1.004,-1.0214,-1.0759,-1.1367,-1.1542,-1.2176,-0.89764,-1.3178,-1.3513,-1.3688,-1.3897,-1.477,-1.5534,-1.5833,-1.6325,-1.7295,-1.8168,-0.90279,-1.8622,-1.927,-1.9615,-1.9789,-2.0601,-2.0436,-2.0261,-2.0126,-2.0073,-1.9899,4.0,2.0
-0.46076,-0.46761,-0.50341,-1.6755,-1.6618,-1.6481,-1.6344,-1.6192,-1.5986,-1.5804,-1.5667,-1.5499,-1.5293,-0.51025,-1.5088,-1.4882,-1.4723,-1.4587,-1.4395,-1.419,-1.3984,-1.3778,-1.3504,-1.3239,-0.51245,-1.3033,-1.2828,-1.2622,-1.2417,-1.2211,-1.1974,-1.17,-1.1466,-1.126,-1.1055,-0.51245,-1.0849,-1.0644,-1.0438,-1.0233,-1.0027,-0.98219,-0.96061,-0.93321,-0.90944,-0.89574,-0.51788,-0.87946,-0.85891,-0.83836,-0.81781,-0.79727,-0.77672,-0.75617,-0.73563,-0.71508,-0.69453,-0.52473,-0.67399,-0.65383,-0.64013,-0.62527,-0.60472,-0.58417,-0.56363,-0.54308,-0.52253,-0.50547,-0.53158,-0.49178,-0.47381,-0.45327,-0.43272,-0.41217,-0.39744,-0.38374,-0.36345,-0.34291,-0.32236,-0.5383,-0.30181,-0.28126,-0.26072,-0.24017,-0.21962,-0.19908,-0.17491,-0.14751,-0.12451,-0.10396,-0.5383,-0.078249,-0.050852,-0.023456,0.00394,0.031336,0.058732,0.086128,0.11352,0.14092,0.17051,-0.5392,0.20476,0.23603,0.26343,0.29082,0.31822,0.35014,0.38438,0.41333,0.44073,0.4742,-0.47446,-0.54605,0.50844,0.54269,0.57616,0.60355,0.6325,0.66675,0.69866,0.72606,0.75656,0.7908,-0.5529,0.82117,0.84857,0.88062,0.91486,0.94911,0.98335,1.0114,1.0389,1.0732,1.1065,-0.55975,1.1339,1.1613,1.1887,1.2161,1.2435,1.2709,1.2983,1.3257,1.3531,1.3757,-0.56414,1.3962,1.4168,1.4373,1.4579,1.4782,1.4919,1.5056,1.5193,1.5311,1.538,-0.56414,1.5448,1.5517,1.5585,1.5654,1.5722,1.5791,1.581,1.581,1.581,1.581,-0.56737,1.581,1.5806,1.5738,1.5658,1.5521,1.5403,1.5335,1.5293,1.5293,1.5224,-0.57422,1.5087,1.4992,1.4924,1.4855,1.4787,1.466,1.4523,1.4386,1.4249,1.4112,-0.58107,1.3975,1.3838,1.3701,1.3564,1.3399,1.3193,1.2988,1.2782,1.2577,1.2372,-0.58792,1.2114,1.184,1.1626,1.142,1.1148,1.088,1.0675,1.0455,1.0181,0.99072,-0.58999,0.96332,0.93593,0.90853,0.88488,0.86433,0.83926,0.81187,0.78977,0.76922,0.7426,-0.48131,-0.58999,0.71521,0.69466,0.67411,0.65356,0.63457,0.62087,0.60485,0.5843,0.56685,0.55315,-0.59554,0.53946,0.52576,0.51206,0.49836,0.48466,0.47097,0.46347,0.45662,0.44977,0.44292,-0.60239,0.43607,0.42923,0.42238,0.41798,0.41798,0.41798,0.41798,0.41398,0.40713,0.40506,-0.60924,0.40506,0.40506,0.40506,0.40506,0.40506,0.40506,0.40506,0.40506,0.40687,0.41372,-0.61635,0.41798,0.41798,0.41798,0.41798,0.41798,0.41798,0.42289,0.42974,0.43091,0.43091,-0.63005,0.43091,0.43091,0.43091,0.43207,0.43892,0.44383,0.44383,0.44383,0.44383,0.44732,-0.64271,0.45417,0.45675,0.45675,0.45675,0.45675,0.46257,0.46942,0.47626,0.48311,0.48996,-0.64956,0.49681,0.50366,0.51051,0.51736,0.52421,0.53106,0.53791,0.54475,0.5516,0.55845,-0.6546,0.5653,0.57215,0.579,0.58585,0.5927,0.5989,0.5989,0.60032,0.60717,0.61402,-0.6546,0.62087,0.62475,0.62475,0.62849,0.63534,0.63767,0.63767,0.64297,-0.48661,-0.65719,-0.66403,-0.68096,-0.70836,-0.7523,-0.80709,-0.84715,-0.88139,-0.8929,-0.89974,-0.48661,-0.91306,-0.92675,-0.94045,-0.95415,-0.96785,-0.98736,-1.0216,-1.0504,-1.071,-1.0915,-0.48893,-1.1121,-1.1326,-1.1532,-1.1737,-1.1943,-1.2206,-1.248,-1.2952,-1.3411,-1.3616,-0.49578,-1.3834,-1.4108,-1.4444,-1.4924,-1.5318,-1.5592,-1.583,-1.6035,-1.6372,-1.6783,-0.49953,-1.7039,-1.7245,-1.7391,-1.7528,-1.7866,-1.8183,-1.8251,-1.8291,-1.8223,-1.8154,-0.49953,-1.8086,-1.7988,-1.7851,-1.7751,-1.7683,-1.7569,-1.7432,-1.7295,-1.7158,-1.696,4.0,2.0
-1.9404,-1.9061,-1.6764,-1.1187,-1.1187,-1.1187,-1.1187,-1.1149,-1.1034,-1.0919,-1.0804,-1.0689,-1.0523,-1.6534,-1.0292,-1.0062,-0.98321,-0.96019,-0.93081,-0.9029,-0.87301,-0.77441,-0.70266,-0.67576,-1.6304,-0.64486,-0.61846,-0.58706,-0.56117,-0.53816,-0.51514,-0.49212,-0.4691,-0.44608,-0.43322,-1.6074,-0.4113,-0.39895,-0.38744,-0.37593,-0.36442,-0.35292,-0.34141,-0.3299,-0.31839,-0.30688,-1.5879,-0.29537,-0.2858,-0.28361,-0.2721,-0.26059,-0.25204,-0.24883,-0.24078,-0.24078,-0.23681,-1.5726,-0.22952,-0.22952,-0.22952,-0.22952,-0.23476,-0.24078,-0.24652,-0.25803,-0.26329,-0.26979,-1.5536,-0.2813,-0.29281,-0.31158,-0.32708,-0.33859,-0.3501,-0.36161,-0.37312,-0.38463,-0.40517,-1.5421,-0.4189,-0.43041,-0.44192,-0.45343,-0.46494,-0.47645,-0.53118,-0.54449,-0.54474,-0.55625,-1.5306,-0.5672,-0.5672,-0.5672,-0.56587,-0.55436,-0.54285,-0.53135,-0.5175,-0.49707,-0.48272,-1.5191,-0.45661,-0.42543,-0.39881,-0.36814,-0.31636,-0.23895,-0.19981,-0.15864,-0.12412,-0.089589,-1.8831,-1.5177,-0.055062,-0.020535,0.013992,0.048519,0.076405,0.10632,0.1337,0.16411,0.19099,0.2061,-1.5186,0.22577,0.24879,0.26314,0.28357,0.29741,0.30892,0.32043,0.33194,0.34345,0.35495,-1.5071,0.36646,0.37797,0.38948,0.40079,0.40124,0.41205,0.41301,0.4233,0.4233,0.4233,-1.5014,0.4233,0.4233,0.42083,0.41205,0.40907,0.39756,0.38605,0.37454,0.35903,0.34027,-1.4953,0.32876,0.31249,0.29448,0.27771,0.26021,0.24293,0.22594,0.21443,0.19639,0.18015,-1.4838,0.16864,0.15714,0.14563,0.13412,0.12261,0.1111,0.099591,0.088082,0.076574,0.046436,-1.4723,0.040612,0.040612,0.040612,0.040612,0.051192,0.051867,0.062954,0.074463,0.085972,0.097481,-1.4608,0.10899,0.1216,0.14326,0.15638,0.17939,0.20241,0.22543,0.24845,0.30304,0.42142,-1.4493,0.45595,0.48684,0.51374,0.54827,0.5828,0.61268,0.6406,0.67512,0.70425,0.73292,-1.4378,0.76154,0.79072,0.81883,0.84185,0.86487,0.88071,0.89965,0.91498,0.93443,0.94925,-1.8601,-1.4263,0.96076,0.97227,0.97483,0.98403,0.99554,0.99734,1.0073,1.0086,1.0086,1.0086,-1.4148,1.0196,1.0086,1.0086,1.0086,1.0086,1.0076,0.99734,0.99585,0.98434,0.97483,-1.4033,0.97258,0.96358,0.96082,0.94931,0.94433,0.95584,0.96735,0.97886,0.99037,1.0019,-1.3918,1.0134,1.0249,1.0364,1.0479,1.0652,1.0822,1.1,1.1165,1.128,1.1465,-1.3716,1.1622,1.1813,1.1965,1.2161,1.2308,1.2423,1.2626,1.2766,1.2881,1.3092,-1.3575,1.3224,1.3339,1.3454,1.3675,1.3796,1.3912,1.4028,1.4254,1.4376,1.4597,-1.3369,1.4712,1.4841,1.5055,1.5189,1.5419,1.5625,1.5767,1.5997,1.6196,1.6345,-1.3138,1.6575,1.6766,1.6923,1.7109,1.7271,1.7451,1.7618,1.7848,1.8022,1.8137,-1.3004,1.8314,1.848,1.8595,1.8779,1.8937,1.9053,1.9168,1.9283,1.9398,1.9513,-1.2791,1.9628,1.9743,1.9858,1.9973,1.9991,2.0091,2.0206,2.0216,-1.8371,-1.256,-1.233,-1.21,-1.1761,-1.1527,-1.1296,-1.0954,-1.0724,-1.0494,-1.0264,-1.8128,-1.0034,-0.98034,-0.95732,-0.9343,-0.91128,-0.89094,-0.8765,-0.85666,-0.84515,-0.82996,-1.7798,-0.81088,-0.79937,-0.78786,-0.77635,-0.76485,-0.75334,-0.74183,-0.73603,-0.73603,-0.72981,-1.7568,-0.72477,-0.72477,-0.72477,-0.73201,-0.73603,-0.73603,-0.74402,-0.75553,-0.76704,-0.77855,-1.7317,-0.79006,-0.80157,-0.81308,-0.83435,-0.84735,-0.86913,-0.88162,-0.90391,-0.9159,-0.93866,-1.6995,-0.95045,-0.97293,-0.98523,-1.0072,-1.0187,-1.0349,-1.0755,-1.087,-1.0985,-1.11,5.0,2.0
2.1234,2.0388,1.924,-0.64287,-0.65269,-0.65394,-0.66602,-0.6781,-0.69018,-0.71254,-0.72743,-0.73951,-0.75159,1.9119,-0.76367,-0.77575,-0.8004,-0.83919,-0.85127,-0.8645,-0.88853,-0.90061,-0.91269,-0.92477,1.8962,-0.93685,-0.94893,-0.95387,-0.95387,-0.95387,-0.95387,-0.95387,-0.95387,-0.95387,-0.95394,1.8358,-0.9781,-0.99116,-0.99315,-1.0113,-1.0918,-1.1442,-1.1563,-1.1684,-1.1765,-1.1795,1.7754,-1.1915,-1.2036,-1.2157,-1.2158,-1.2268,-1.2289,-1.2378,-1.2499,-1.262,-1.2741,1.7588,-1.2812,-1.2851,-1.2915,-1.2794,-1.2681,-1.2681,-1.2562,-1.2441,-1.2321,-1.2289,1.7468,-1.221,-1.2158,-1.2099,-1.1979,-1.1896,-1.1868,-1.1765,-1.1757,-1.1636,-1.1634,1.7347,-1.1526,-1.1503,-1.1415,-1.1372,-1.1305,-1.1241,-1.1194,-1.111,-1.1083,-1.0979,1.7147,-1.0973,-1.0852,-1.0731,-1.0717,-1.062,-1.05,-1.0379,-1.0258,-1.0193,-1.0147,1.6698,-1.0026,-0.99315,-0.99158,-0.98006,-0.98006,-0.96844,-0.96697,-0.95737,-0.94529,-0.94078,2.0206,1.6094,-0.93423,-0.92215,-0.91459,-0.91108,-0.899,-0.8884,-0.88794,-0.87586,-0.86378,-0.8517,1.5441,-0.84911,-0.84063,-0.82855,-0.82292,-0.81749,-0.80541,-0.79673,-0.79435,-0.78227,-0.77055,1.4755,-0.77055,-0.75912,-0.75745,-0.74806,-0.73598,-0.73126,-0.72491,-0.71817,-0.71385,-0.70177,1.4123,-0.69198,-0.6907,-0.67888,-0.67888,-0.66756,-0.66579,-0.65649,-0.65269,-0.64543,-0.6396,1.349,-0.63436,-0.62228,-0.61341,-0.61341,-0.61223,-0.60032,-0.60032,-0.58909,-0.57701,-0.56493,1.3361,-0.56103,-0.55386,-0.54178,-0.5297,-0.51762,-0.50554,-0.49346,-0.48138,-0.4693,-0.45722,1.3119,-0.43401,-0.41997,-0.39879,-0.38272,-0.37064,-0.34644,-0.32029,-0.30821,-0.29613,-0.28405,1.2402,-0.27197,-0.25989,-0.24781,-0.23573,-0.21363,-0.19847,-0.17841,-0.16122,-0.14914,-0.12717,1.2221,-0.098791,-0.086711,-0.072732,-0.049456,-0.037377,-0.025297,-0.002283,0.011957,0.032942,0.041322,1.2001,0.048197,0.060277,0.077201,0.097531,0.1068,0.1086,0.12068,0.13276,0.14484,0.15692,2.0086,1.1229,0.16899,0.17227,0.18006,0.18536,0.19112,0.2032,0.21528,0.22736,0.23944,0.25084,1.0811,0.25084,0.26259,0.27467,0.28675,0.29883,0.30321,0.30989,0.32197,0.3294,0.33304,1.0622,0.34512,0.35559,0.35618,0.36826,0.38034,0.39242,0.4045,0.41658,0.42866,0.44074,1.0148,0.45282,0.4649,0.47698,0.48906,0.50114,0.51322,0.5253,0.53738,0.57054,0.58773,0.96148,0.59981,0.61938,0.64354,0.66224,0.68322,0.71602,0.74018,0.76716,0.8143,0.82638,0.93356,0.84992,0.9054,0.93752,0.96168,1.008,1.0493,1.0895,1.1369,1.1644,1.2029,0.88907,1.25,1.2865,1.3348,1.3604,1.3949,1.4405,1.4722,1.5036,1.5462,1.5839,0.81659,1.6081,1.6387,1.6826,1.708,1.744,1.7682,1.7811,1.8034,1.8276,1.8435,0.74699,1.8628,1.8808,1.898,1.918,1.927,1.9291,1.9412,1.9532,1.9653,1.9774,0.72283,1.9895,1.9924,2.0005,2.0126,2.0247,2.0368,2.0407,2.0287,1.9965,0.66332,0.63523,0.5818,0.55637,0.51338,0.46641,0.44156,0.43416,0.43049,0.40781,1.9844,0.35396,0.3425,0.3425,0.27238,0.25326,0.24118,0.19453,0.16464,0.1195,0.075008,1.9723,0.062928,0.036575,-0.01361,-0.02569,-0.039865,-0.10026,-0.11431,-0.12639,-0.1767,-0.19438,1.9602,-0.23956,-0.27946,-0.30804,-0.33842,-0.36618,-0.44563,-0.45771,-0.46937,-0.46937,-0.48086,1.9482,-0.48246,-0.49192,-0.49556,-0.50299,-0.50865,-0.51405,-0.52175,-0.52512,-0.5372,-0.54794,1.9361,-0.54826,-0.56034,-0.57242,-0.57413,-0.58349,-0.59557,-0.60032,-0.60663,-0.61871,-0.63079,1.0,2.0
-2.2356,-2.1227,-1.9404,-0.54434,-0.52524,-0.50614,-0.49483,-0.47836,-0.46356,-0.45313,-0.4419,-0.43229,-0.42186,-1.9196,-0.41144,-0.40101,-0.39059,-0.38983,-0.38017,-0.38017,-0.36974,-0.36974,-0.36974,-0.35932,-1.8917,-0.35932,-0.35932,-0.35932,-0.35932,-0.36974,-0.36974,-0.37907,-0.38017,-0.39059,-0.39468,-1.8641,-0.40101,-0.41144,-0.42071,-0.42939,-0.44271,-0.45717,-0.47627,-0.49483,-0.50405,-0.55307,-1.8363,-0.57822,-0.58864,-0.59907,-0.59857,-0.58864,-0.57822,-0.57254,-0.5678,-0.55737,-0.55693,-1.8136,-0.54695,-0.53957,-0.5309,-0.52222,-0.51568,-0.50525,-0.50525,-0.49483,-0.48925,-0.45376,-1.7945,-0.3885,-0.3694,-0.35932,-0.34162,-0.32805,-0.31384,-0.29474,-0.27564,-0.25654,-0.22701,-1.7754,-0.20791,-0.17838,-0.15928,-0.14018,-0.12108,-0.10198,-0.082875,-0.063773,-0.044671,-0.025569,-1.7563,-0.015327,0.002211,0.010889,0.029991,0.038669,0.057771,0.068064,0.08555,0.099336,0.11333,-1.7372,0.12201,0.14103,0.14979,0.16188,0.1723,0.18273,0.19315,0.20358,0.20358,0.214,-2.1036,-1.7181,0.22442,0.22789,0.23485,0.24525,0.24527,0.25218,0.2557,0.2557,0.2557,0.2557,-1.699,0.24527,0.24527,0.23485,0.23485,0.22442,0.21413,0.214,0.20358,0.19315,0.18273,-1.6799,0.17074,0.15164,0.14296,0.11343,0.068064,0.068064,0.078488,0.078488,0.086932,0.088912,-1.6608,0.099336,0.10976,0.11122,0.12018,0.12858,0.13725,0.18023,0.238,0.24668,0.26578,-1.6417,0.28488,0.29739,0.31266,0.32866,0.34044,0.34951,0.36822,0.38732,0.396,0.4151,-1.6226,0.42378,0.44288,0.45375,0.46417,0.4746,0.48502,0.49545,0.50538,0.51629,0.53315,-1.6035,0.55226,0.56093,0.56961,0.58871,0.60782,0.62692,0.64602,0.6547,0.6738,0.6929,-1.5844,0.70158,0.72068,0.72936,0.73804,0.74672,0.75605,0.76647,0.78317,0.79185,0.80816,-1.5653,0.81859,0.82831,0.83944,0.84986,0.86028,0.87071,0.8717,0.88113,0.88905,0.89156,-1.5462,0.90198,0.90466,0.9124,0.9124,0.92283,0.92283,0.92283,0.92283,0.92283,0.92283,-2.0845,-1.5271,0.92283,0.92283,0.92283,0.92025,0.9124,0.9124,0.90198,0.89156,0.88113,0.86818,-1.508,0.84908,0.82998,0.81088,0.78581,0.77267,0.75357,0.73447,0.72477,0.72477,0.72477,-1.4889,0.72894,0.74562,0.75605,0.7654,0.77408,0.79904,0.81859,0.91478,0.93388,0.95298,-1.4698,0.96166,0.98076,0.99986,1.0085,1.0276,1.0467,1.0658,1.0849,1.104,1.1232,-1.4507,1.1417,1.1509,1.1626,1.1787,1.1978,1.2169,1.2256,1.2447,1.2638,1.2829,-1.4316,1.302,1.3107,1.3298,1.3489,1.3576,1.3662,1.3749,1.3836,1.3923,1.4023,-1.4124,1.4096,1.4128,1.4166,1.4232,1.4235,1.4336,1.4336,1.444,1.444,1.444,-1.3933,1.444,1.444,1.4544,1.4544,1.4582,1.4649,1.4649,1.4738,1.4753,1.4753,-1.3913,1.4753,1.4772,1.4857,1.4857,1.4961,1.5015,1.5102,1.5188,1.5379,1.557,-1.3913,1.5761,1.5953,1.6144,1.6335,1.6526,1.6717,1.7885,1.8506,-2.0654,-1.3913,-1.3913,-1.3913,-1.3913,-1.3913,-1.3865,-1.3809,-1.3809,-1.3709,-1.3704,-2.0463,-1.3704,-1.36,-1.357,-1.3496,-1.3396,-1.3392,-1.3287,-1.3136,-1.3049,-1.2962,-2.0272,-1.287,-1.2766,-1.2662,-1.2558,-1.2424,-1.2338,-1.2245,-1.206,-1.1973,-1.1782,-2.0081,-1.1695,-1.1504,-1.1313,-1.1122,-1.0931,-1.074,-1.0549,-1.0358,-1.0167,-0.9976,-1.989,-0.97225,-0.94897,-0.92987,-0.91077,-0.89167,-0.87257,-0.84304,-0.82394,-0.80484,-0.78574,-1.9648,-0.76663,-0.74753,-0.71801,-0.6989,-0.66938,-0.65028,-0.62158,-0.60165,-0.58255,-0.56344,5.0,2.0
-2.3738,-2.14,-1.7954,-1.0439,-1.0439,-1.0439,-1.0399,-1.0336,-1.0273,-1.0209,-1.0093,-0.99667,-0.98403,-1.7891,-0.97139,-0.95875,-0.94323,-0.91163,-0.88326,-0.8643,-0.84534,-0.82638,-0.80155,-0.76995,-1.7788,-0.74553,-0.72657,-0.70761,-0.68865,-0.65495,-0.61703,-0.59583,-0.57686,-0.53921,-0.503,-1.7662,-0.48404,-0.46139,-0.42347,-0.39121,-0.37225,-0.35329,-0.33433,-0.31537,-0.29641,-0.26972,-1.7628,-0.23812,-0.21556,-0.1966,-0.17246,-0.14718,-0.12774,-0.10896,-0.096315,-0.081998,-0.056717,-1.7628,-0.034431,-0.02179,-0.011307,-0.004986,0.006965,0.025926,0.034463,0.034463,0.038597,0.044917,-1.7628,0.046444,0.046444,0.046444,0.046444,0.040334,0.034014,0.027693,0.020265,0.007624,-0.003249,-1.7628,-0.009569,-0.023168,-0.048449,-0.064475,-0.070795,-0.080859,-0.0935,-0.11054,-0.1295,-0.1434,-1.7628,-0.15604,-0.16296,-0.16928,-0.1756,-0.18192,-0.18824,-0.19319,-0.19319,-0.19319,-0.19319,-1.7628,-0.19049,-0.18417,-0.17785,-0.17153,-0.16521,-0.15889,-0.14322,-0.12426,-0.11063,-0.097993,-1.9285,-1.7628,-0.073371,-0.048419,-0.029459,-0.011486,0.001154,0.01709,0.042371,0.065345,0.084306,0.1003,-1.7618,0.11294,0.13646,0.16806,0.19109,0.21005,0.22407,0.23671,0.27176,0.30968,0.32256,-1.7555,0.337,0.3686,0.39768,0.41664,0.43369,0.44633,0.46412,0.4894,0.51145,0.53041,-1.7508,0.54548,0.55812,0.57986,0.60514,0.62,0.63264,0.64528,0.65813,0.67709,0.69518,-1.7508,0.70782,0.71894,0.72526,0.73376,0.74641,0.75905,0.77169,0.78082,0.78714,0.79346,-1.7485,0.79978,0.80128,0.80128,0.80128,0.80128,0.80128,0.80128,0.80128,0.80014,0.79382,-1.7422,0.7893,0.7893,0.78439,0.77175,0.75911,0.74647,0.7376,0.73128,0.71609,0.69713,-1.7359,0.68835,0.68203,0.66996,0.65741,0.65109,0.64477,0.63845,0.63213,0.62581,0.61949,-1.7296,0.61317,0.59595,0.56435,0.54967,0.54967,0.54967,0.54967,0.54967,0.54967,0.54967,-1.7233,0.54967,0.54967,0.55003,0.55635,0.56267,0.56899,0.57531,0.58163,0.58795,0.59427,-1.9096,-1.7169,0.60059,0.60691,0.61689,0.62953,0.63785,0.64417,0.65049,0.65681,0.71945,0.78897,-1.7022,0.80188,0.81515,0.83411,0.8505,0.85682,0.86508,0.87772,0.89297,0.91193,0.92763,-1.6832,0.94027,0.95291,0.96555,0.98277,1.0017,1.0155,1.0281,1.0466,1.0654,1.078,-1.6691,1.0906,1.1033,1.1175,1.1364,1.151,1.1573,1.1694,1.1883,1.2002,1.2065,-1.6565,1.2128,1.2192,1.2303,1.243,1.2501,1.2564,1.2689,1.2811,1.2874,1.2925,-1.6439,1.2925,1.2925,1.2925,1.2925,1.2925,1.2925,1.2925,1.2925,1.2925,1.2925,-1.6312,1.2925,1.2925,1.2925,1.2925,1.2925,1.2925,1.2925,1.2925,1.2925,1.2925,-1.6,1.2925,1.2925,1.2953,1.3016,1.3079,1.3142,1.3246,1.3373,1.3499,1.3626,-1.57,1.3698,1.3761,1.3945,1.4131,1.4258,1.4384,1.451,1.4637,1.4763,1.489,-1.5573,1.5016,1.5112,1.5175,1.5239,1.5302,1.5365,1.5428,1.5491,-1.8919,-1.5435,-1.5245,-1.5074,-1.4948,-1.4746,-1.443,-1.4178,-1.3988,-1.3798,-1.3609,-1.8793,-1.3284,-1.2905,-1.2474,-1.2032,-1.1822,-1.1632,-1.1443,-1.1237,-1.0921,-1.0634,-1.8607,-1.0445,-1.0276,-1.015,-0.994,-0.9624,-0.94113,-0.92849,-0.91996,-0.91364,-0.89779,-1.8291,-0.87883,-0.87071,-0.86439,-0.85807,-0.85175,-0.84543,-0.84019,-0.84019,-0.84019,-0.84019,-1.8081,-0.84259,-0.84891,-0.85828,-0.87092,-0.87985,-0.88617,-0.90123,-0.9202,-0.92909,-0.93541,-1.8017,-0.94742,-0.96009,-0.97905,-0.99664,-1.003,-1.0093,-1.0156,-1.0239,-1.0366,-1.0439,5.0,2.0
-2.3347,-2.2085,-1.9009,-0.84703,-0.82927,-0.82025,-0.81124,-0.80223,-0.79321,-0.7842,-0.77519,-0.76618,-0.75716,-1.8681,-0.74815,-0.74786,-0.74179,-0.73278,-0.72452,-0.72452,-0.7174,-0.70839,-0.69938,-0.69036,-1.8352,-0.68135,-0.67234,-0.66332,-0.65431,-0.6453,-0.63629,-0.62336,-0.60659,-0.59758,-0.58095,-1.8081,-0.56293,-0.5472,-0.53819,-0.52051,-0.50249,-0.48446,-0.46643,-0.44841,-0.43038,-0.41235,-1.7811,-0.39433,-0.3763,-0.36638,-0.35192,-0.33389,-0.31586,-0.29784,-0.27981,-0.26178,-0.24495,-1.754,-0.23594,-0.21937,-0.20625,-0.19499,-0.17696,-0.16754,-0.15853,-0.14951,-0.1405,-0.13149,-1.727,-0.12947,-0.12513,-0.11781,-0.11781,-0.10975,-0.10614,-0.1034,-0.09447,-0.09447,-0.088024,-1.7,-0.082802,-0.081665,-0.072651,-0.063638,-0.059467,-0.057279,-0.048266,-0.039253,-0.03024,-0.021226,-1.6729,-0.012213,-0.0032,0.005813,0.019114,0.035507,0.044521,0.061526,0.079553,0.094896,0.10394,-1.6538,0.12196,0.1336,0.14262,0.15271,0.17074,0.18132,0.19034,0.19935,0.20836,0.20889,-2.1522,-1.6358,0.21472,0.22056,0.22108,0.23009,0.23222,0.23222,0.23222,0.23222,0.23222,0.23222,-1.6177,0.23485,0.24386,0.24389,0.25022,0.25556,0.25658,0.26559,0.28199,0.29529,0.30637,-1.5997,0.3244,0.33399,0.34878,0.36681,0.38484,0.40286,0.42089,0.43892,0.45694,0.47497,-1.5906,0.49299,0.5058,0.51738,0.53541,0.55343,0.56519,0.57782,0.59488,0.6039,0.61291,-1.5816,0.62192,0.63094,0.63995,0.64896,0.65798,0.66699,0.67559,0.67559,0.68236,0.69137,-1.5726,0.70039,0.7094,0.7106,0.7106,0.7131,0.72212,0.72226,0.72226,0.72226,0.72317,-1.5636,0.73218,0.73393,0.73854,0.74755,0.75657,0.75727,0.76293,0.77194,0.7806,0.7806,-1.5546,0.78731,0.80038,0.817,0.82602,0.83503,0.84404,0.85306,0.86207,0.87108,0.8801,-1.5456,0.88911,0.89812,0.90714,0.90895,0.9135,0.92251,0.93152,0.93228,0.93788,0.94395,-1.5413,0.94424,0.95325,0.95562,0.95562,0.95562,0.95562,0.95562,0.95562,0.95562,0.95562,-2.1252,-1.5392,0.95562,0.95562,0.95562,0.95562,0.95562,0.95562,0.95112,0.94395,0.94395,0.94395,-1.5302,0.94395,0.94395,0.94395,0.94395,0.94395,0.94395,0.94523,0.95425,0.95562,0.95562,-1.5296,0.95562,0.95562,0.95562,0.95562,0.95562,0.95562,0.95562,0.95562,0.95562,0.95562,-1.5238,0.95562,0.95562,0.9611,0.96728,0.96728,0.96728,0.96728,0.97116,0.97895,0.97895,-1.5179,0.98654,0.99062,0.99289,1.0019,1.0109,1.014,1.0173,1.0263,1.0353,1.0443,-1.5175,1.049,1.0507,1.0597,1.0687,1.0777,1.0867,1.0956,1.0956,1.1021,1.1111,-1.5085,1.1201,1.1291,1.1306,1.1355,1.1423,1.1423,1.1509,1.1599,1.1656,1.1662,-1.4995,1.1753,1.1773,1.1816,1.189,1.189,1.197,1.206,1.215,1.2241,1.2421,-1.4904,1.2537,1.2665,1.2845,1.3026,1.3206,1.3386,1.3588,1.3858,1.4044,1.4282,-1.4814,1.4553,1.4823,1.5094,1.5433,1.5751,1.6038,1.6398,1.6759,-2.0971,-1.4724,-1.4634,-1.4544,-1.4428,-1.4248,-1.4157,-1.4004,-1.386,-1.377,-1.368,-2.061,-1.3517,-1.3383,-1.3273,-1.3092,-1.2996,-1.2905,-1.2815,-1.2725,-1.2635,-1.2545,-2.0324,-1.2455,-1.2365,-1.2275,-1.2184,-1.2146,-1.2121,-1.2031,-1.2029,-1.2029,-1.1994,-2.0006,-1.1904,-1.1813,-1.1796,-1.175,-1.166,-1.157,-1.1479,-1.1389,-1.1299,-1.1209,-1.9646,-1.1119,-1.0962,-1.0822,-1.0732,-1.0642,-1.0474,-1.0345,-1.0255,-1.0164,-0.99865,-1.9285,-0.98063,-0.96607,-0.95624,-0.93821,-0.92736,-0.91383,-0.89767,-0.88866,-0.87142,-0.85896,3.0,2.0
0.52668,0.61009,0.58229,0.69349,0.75577,0.81804,0.88032,0.95593,1.0327,1.0949,1.1572,1.2195,1.2818,0.58229,1.344,1.3974,1.4408,1.4875,1.5375,1.5776,1.6087,1.6398,1.671,1.7021,0.58229,1.7333,1.7355,1.7221,1.701,1.6699,1.6387,1.6076,1.5765,1.5453,1.5008,0.58229,1.4386,1.3963,1.3418,1.2795,1.2451,1.1828,1.1205,1.0705,1.0238,0.96149,0.58229,0.89922,0.83695,0.77467,0.7124,0.65791,0.61565,0.55337,0.4911,0.42882,0.36655,0.58229,0.27647,0.2142,0.14525,0.06185,-0.013769,-0.0905,-0.17279,-0.24285,-0.30513,-0.3674,0.58229,-0.43523,-0.51975,-0.58202,-0.6443,-0.70657,-0.76885,-0.83112,-0.8934,-0.95567,-1.0102,0.58229,-1.0524,-1.1002,-1.1492,-1.1903,-1.2459,-1.2804,-1.3115,-1.3427,-1.3738,-1.4049,0.58229,-1.4194,-1.4394,-1.4705,-1.475,-1.4728,-1.4416,-1.4194,-1.4072,-1.376,-1.3449,0.58229,-1.3138,-1.2826,-1.2515,-1.2203,-1.1892,-1.1581,-1.1125,-1.068,-1.0157,-0.97791,0.61009,0.58229,-0.91897,-0.8567,-0.79443,-0.73215,-0.66988,-0.6076,-0.54533,-0.48305,-0.42078,-0.3585,0.58229,-0.29067,-0.20615,-0.14388,-0.066035,0.008472,0.092987,0.16082,0.2231,0.28982,0.37545,0.56449,0.43772,0.5,0.56227,0.64567,0.69016,0.74909,0.81137,0.87364,0.92591,0.97039,0.53336,1.016,1.0471,1.0783,1.1094,1.1405,1.1717,1.2028,1.2339,1.2651,1.2962,0.50222,1.3274,1.3585,1.3596,1.3285,1.2973,1.2662,1.2351,1.1861,1.145,1.0894,0.47108,1.0271,0.96483,0.90256,0.83027,0.73686,0.64345,0.55004,0.45663,0.36321,0.2698,0.43995,0.17639,0.082979,-0.010433,-0.10384,-0.19726,-0.31291,-0.41188,-0.50529,-0.60315,-0.71992,0.40881,-0.81333,-0.9212,-1.028,-1.1214,-1.2148,-1.2804,-1.3705,-1.4394,-1.5228,-1.5851,0.37767,-1.6474,-1.7096,-1.7719,-1.8075,-1.8664,-1.9031,-1.9565,-1.9877,-2.0032,-2.0221,0.34653,-2.0533,-2.0588,-2.0866,-2.0866,-2.0788,-2.0477,-2.0166,-1.9854,-1.9543,-1.9232,0.61009,0.3154,-1.8642,-1.8019,-1.733,-1.6396,-1.5462,-1.4528,-1.3593,-1.2426,-1.1447,-1.0235,0.28426,-0.92453,-0.80888,-0.70324,-0.59426,-0.48194,-0.37963,-0.26064,-0.16501,-0.067147,0.049617,0.25312,0.14303,0.2509,0.35765,0.45107,0.54448,0.63789,0.7313,0.82471,0.90812,0.98374,0.1953,1.0605,1.1428,1.2128,1.2751,1.3374,1.3941,1.4341,1.4842,1.5153,1.5464,0.16082,1.5776,1.6087,1.6098,1.5831,1.5753,1.5442,1.5131,1.4819,1.4297,1.3919,0.098547,1.3329,1.2706,1.2017,1.1183,1.0427,0.96594,0.86363,0.76244,0.66903,0.57561,0.045169,0.4822,0.38879,0.29538,0.21754,0.15526,0.092987,0.030713,-0.002649,-0.038234,-0.092724,0.001799,-0.12386,-0.155,-0.18614,-0.19614,-0.19614,-0.16834,-0.16834,-0.16834,-0.16834,-0.16834,-0.044907,-0.16834,-0.16834,-0.16834,-0.16834,-0.17057,-0.19614,-0.19614,-0.20838,-0.22395,-0.22395,-0.094949,-0.22395,-0.24952,-0.25175,-0.25175,-0.25175,-0.25175,-0.25175,-0.25175,0.61009,-0.13498,-0.1917,-0.22506,-0.26064,-0.31513,-0.35739,-0.40521,-0.45414,-0.49529,-0.55089,0.61009,-0.58536,-0.6443,-0.68211,-0.73437,-0.77886,-0.82445,-0.85559,-0.91008,-0.94566,-0.9768,0.61009,-1.0079,-1.0391,-1.0702,-1.1013,-1.1325,-1.1414,-1.1158,-1.1125,-1.0813,-1.0502,0.58674,-1.0191,-0.98792,-0.95678,-0.92565,-0.89451,-0.83557,-0.80443,-0.76662,-0.71436,-0.66988,0.58229,-0.6076,-0.56534,-0.51085,-0.44858,-0.3863,-0.32403,-0.26176,-0.19948,-0.13721,-0.074932,0.58229,-0.012657,0.075194,0.13969,0.20642,0.29204,0.35432,0.41659,0.47887,0.54114,0.60342,0.0,2.0
-1.9173,-1.8328,-1.7042,-0.80761,-0.80761,-0.80761,-0.80761,-0.80761,-0.80761,-0.80761,-0.79535,-0.79356,-0.79356,-1.6899,-0.78056,-0.77951,-0.77951,-0.76578,-0.76546,-0.76546,-0.76504,-0.75142,-0.75142,-0.75026,-1.6756,-0.73737,-0.73737,-0.73547,-0.72332,-0.72093,-0.70664,-0.69235,-0.67805,-0.66376,-0.64947,-1.6613,-0.63904,-0.63493,-0.62064,-0.61094,-0.6061,-0.5918,-0.57751,-0.56322,-0.55475,-0.54868,-1.647,-0.53439,-0.52009,-0.5058,-0.49856,-0.49126,-0.47697,-0.46267,-0.44838,-0.44238,-0.43384,-1.6327,-0.41955,-0.40525,-0.39096,-0.37667,-0.36238,-0.34808,-0.34404,-0.33354,-0.31925,-0.30496,-1.6184,-0.29066,-0.27637,-0.27381,-0.26183,-0.24754,-0.23325,-0.23166,-0.21871,-0.21762,-0.20417,-1.6041,-0.20357,-0.18963,-0.18938,-0.17548,-0.17484,-0.16055,-0.14738,-0.14738,-0.14738,-0.14738,-1.5898,-0.14738,-0.14738,-0.14738,-0.14738,-0.14738,-0.14738,-0.14738,-0.14355,-0.13333,-0.13333,-1.5755,-0.13333,-0.13333,-0.13333,-0.12803,-0.11929,-0.11929,-0.11929,-0.11929,-0.11929,-0.11929,-1.8185,-1.5563,-0.11226,-0.10524,-0.10524,-0.10524,-0.097232,-0.091192,-0.082693,-0.077144,-0.077144,-0.067908,-1.5329,-0.063097,-0.053369,-0.049049,-0.03883,-0.035002,-0.035002,-0.024045,-0.020955,-0.009506,0.004787,-1.5186,0.01908,0.033373,0.035235,0.047912,0.049282,0.062451,0.063329,0.07699,0.077377,0.091424,-1.5043,0.091775,0.10547,0.10631,0.12061,0.1349,0.14919,0.16349,0.17778,0.19207,0.20637,-1.49,0.22066,0.23495,0.24925,0.26354,0.27783,0.29213,0.30642,0.32524,0.34905,0.36335,-1.4757,0.38291,0.40598,0.42027,0.43457,0.44886,0.46315,0.47744,0.49174,0.50603,0.52032,-1.4614,0.53462,0.54891,0.55499,0.56345,0.57774,0.59204,0.60633,0.61118,0.62087,0.62522,-1.4471,0.62522,0.63565,0.63927,0.65019,0.65332,0.66473,0.66736,0.67927,0.68141,0.69381,-1.4329,0.69546,0.70835,0.70951,0.72289,0.72355,0.73743,0.73767,0.75165,0.75221,0.7657,-1.4186,0.76675,0.77974,0.77974,0.78153,0.79379,0.79607,0.80784,0.81061,0.82189,0.82515,-1.8042,-1.4043,0.83593,0.83969,0.84998,0.84998,0.85448,0.86403,0.86901,0.87808,0.88355,0.89212,-1.39,0.89809,0.90617,0.90617,0.91288,0.92022,0.92022,0.92766,0.93426,0.9422,0.95649,-1.3835,0.96236,0.97103,0.97641,0.97641,0.98582,0.99045,0.99045,1.0006,1.0045,1.0151,-1.3754,1.0294,1.0437,1.0466,1.0583,1.0726,1.0869,1.1011,1.1154,1.1297,1.144,-1.3611,1.1583,1.1726,1.1869,1.1872,1.2014,1.2157,1.2293,1.2303,1.2433,1.2433,-1.3468,1.2451,1.2574,1.2574,1.2574,1.2574,1.2603,1.2746,1.2889,1.3032,1.3175,-1.3326,1.3318,1.3461,1.3604,1.3747,1.3942,1.4228,1.4513,1.474,1.4945,1.5231,-1.3183,1.5516,1.5871,1.6229,1.6515,1.6724,1.6946,1.7232,1.7517,1.7803,1.8089,-1.304,1.8375,1.8661,1.8851,1.9092,1.9378,1.956,1.9703,1.9846,1.9989,2.0132,-1.2897,2.0275,2.0418,2.0561,2.0704,2.0847,2.099,2.1002,2.1135,-1.7899,-1.2754,-1.2611,-1.2468,-1.2325,-1.229,-1.218,-1.2037,-1.2009,-1.1891,-1.1869,-1.7756,-1.1746,-1.1728,-1.1601,-1.1458,-1.1315,-1.1307,-1.1169,-1.1026,-1.0886,-1.0881,-1.7614,-1.0738,-1.0595,-1.0452,-1.0324,-1.0307,-1.0164,-1.0021,-0.99022,-0.98755,-0.97326,-1.7471,-0.96213,-0.95872,-0.94443,-0.93013,-0.91584,-0.90594,-0.9013,-0.89189,-0.88676,-0.87247,-1.7328,-0.85818,-0.84975,-0.84975,-0.84975,-0.84975,-0.84975,-0.84265,-0.8357,-0.8357,-0.8357,-1.7185,-0.8357,-0.8357,-0.82713,-0.82165,-0.82165,-0.82165,-0.82165,-0.82165,-0.81161,-0.80761,3.0,2.0
-1.9173,-2.0323,-1.6815,-0.72441,-0.72256,-0.71336,-0.70235,-0.70409,-0.69127,-0.66637,-0.65814,-0.65814,-0.65253,-1.6567,-0.64709,-0.64331,-0.63605,-0.625,-0.61843,-0.61382,-0.59817,-0.59187,-0.58082,-0.57329,-1.641,-0.56868,-0.55873,-0.54841,-0.5438,-0.53664,-0.5256,-0.51892,-0.51455,-0.5097,-0.50351,-1.6254,-0.49247,-0.48482,-0.48142,-0.47559,-0.47038,-0.45933,-0.45933,-0.44829,-0.44829,-0.43724,-1.6097,-0.43724,-0.42766,-0.4262,-0.4262,-0.41515,-0.41515,-0.41515,-0.41104,-0.40411,-0.40411,-1.5941,-0.3972,-0.39306,-0.38798,-0.38202,-0.38202,-0.37415,-0.36953,-0.35993,-0.34927,-0.34466,-1.5784,-0.33784,-0.33784,-0.33082,-0.32679,-0.32679,-0.32679,-0.32342,-0.31575,-0.31575,-0.31575,-1.5627,-0.31575,-0.31575,-0.31575,-0.31323,-0.3047,-0.3047,-0.2994,-0.29366,-0.29366,-0.28557,-1.5471,-0.28261,-0.27634,-0.27157,-0.26052,-0.25146,-0.24685,-0.2312,-0.22659,-0.21634,-0.20632,-1.5314,-0.19425,-0.18605,-0.17039,-0.16112,-0.15013,-0.13447,-0.12798,-0.1142,-0.098547,-0.082891,-1.9465,-1.5158,-0.067235,-0.051579,-0.046967,-0.031311,-0.015655,1e-06,0.015657,0.031314,0.04697,0.062626,-1.5001,0.078282,0.093938,0.10396,0.11421,0.12605,0.13447,0.14814,0.15474,0.15935,0.17023,-1.4845,0.17023,0.18128,0.18884,0.19232,0.19232,0.20268,0.20337,0.2119,0.21441,0.21441,-1.4755,0.21469,0.22546,0.22546,0.2365,0.2365,0.24755,0.24755,0.25801,0.25859,0.26723,-1.4642,0.27184,0.2875,0.29211,0.30777,0.32342,0.32804,0.34369,0.3483,0.358,0.36857,-1.4485,0.38009,0.38884,0.40449,0.41322,0.42426,0.42937,0.44503,0.44964,0.4574,0.46991,-1.4329,0.47949,0.49018,0.49479,0.50158,0.51262,0.51262,0.52367,0.52367,0.5335,0.53471,-1.4172,0.54272,0.54733,0.56299,0.56785,0.57889,0.57889,0.58994,0.58994,0.59066,0.60098,-1.4092,0.61092,0.61554,0.62307,0.6358,0.65146,0.66712,0.68277,0.69843,0.71408,0.72974,-1.4092,0.7454,0.76105,0.77671,0.79236,0.79979,0.81263,0.82829,0.84394,0.85502,0.86421,-1.9034,-1.4092,0.87711,0.88448,0.88909,0.8992,0.8992,0.91024,0.91858,0.93233,0.93885,0.94346,-1.4092,0.95442,0.96373,0.96834,0.97651,0.97756,0.98756,0.98756,0.99139,0.9986,1.0006,-1.4092,1.0096,1.0207,1.0255,1.0317,1.0347,1.0428,1.0538,1.0538,1.0642,1.0688,-1.4092,1.0759,1.087,1.0937,1.0983,1.1091,1.1186,1.1311,1.1388,1.1435,1.1591,-1.4092,1.1748,1.1794,1.1864,1.1996,1.2085,1.2195,1.2245,1.2305,1.2416,1.2494,-1.4092,1.254,1.2637,1.2743,1.2789,1.2858,1.2881,1.2968,1.3084,1.324,1.3397,-1.4092,1.3554,1.371,1.3882,1.4134,1.429,1.449,1.4714,1.4895,1.5137,1.5294,-1.4043,1.545,1.5607,1.5874,1.6031,1.6187,1.6344,1.6609,1.6767,1.6924,1.7191,-1.3982,1.7347,1.7504,1.7714,1.7928,1.8084,1.8241,1.8397,1.8554,1.871,1.8757,-1.3982,1.8913,1.907,1.9226,1.9383,1.9539,1.9696,1.9852,2.0009,-1.8804,-1.3982,-1.3982,-1.3982,-1.3982,-1.3982,-1.3895,-1.3848,-1.3761,-1.3756,-1.365,-1.8481,-1.365,-1.3618,-1.354,-1.3415,-1.3259,-1.3102,-1.2945,-1.2789,-1.2743,-1.2586,-1.8067,-1.243,-1.2273,-1.2117,-1.185,-1.1693,-1.1536,-1.138,-1.1116,-1.0956,-1.08,-1.7754,-1.0643,-1.0487,-1.0323,-1.0063,-0.99065,-0.97499,-0.95127,-0.93263,-0.91698,-0.90132,-1.733,-0.88566,-0.87904,-0.8654,-0.84974,-0.83409,-0.81843,-0.80277,-0.79816,-0.79068,-0.77963,-1.7017,-0.77328,-0.76859,-0.75754,-0.75754,-0.7465,-0.7465,-0.73545,-0.72996,-0.72441,-0.72441,3.0,2.0
-2.1409,-2.0026,-1.8138,-0.84532,-0.8361,-0.82613,-0.80769,-0.79835,-0.78913,-0.77991,-0.7707,-0.75592,-0.74216,-1.7866,-0.73294,-0.72372,-0.7145,-0.70529,-0.69607,-0.68685,-0.67763,-0.66842,-0.66602,-0.66008,-1.7681,-0.65591,-0.65175,-0.64253,-0.63331,-0.62409,-0.61488,-0.60566,-0.59644,-0.58722,-0.578,-1.741,-0.56879,-0.55414,-0.54025,-0.53103,-0.52181,-0.5126,-0.50237,-0.48406,-0.47484,-0.46562,-1.7211,-0.45641,-0.44719,-0.43797,-0.43368,-0.42964,-0.42042,-0.4112,-0.40198,-0.39327,-0.39327,-1.6958,-0.38443,-0.37521,-0.36599,-0.35678,-0.34756,-0.33834,-0.32912,-0.31725,-0.30059,-0.29137,-1.6742,-0.28215,-0.27293,-0.26371,-0.26195,-0.25538,-0.25185,-0.24705,-0.24174,-0.23871,-0.2295,-1.6506,-0.22154,-0.22116,-0.21194,-0.20273,-0.19351,-0.18429,-0.17507,-0.16585,-0.15664,-0.14742,-1.6272,-0.14073,-0.13744,-0.11976,-0.11055,-0.10133,-0.092111,-0.082894,-0.073676,-0.058902,-0.045138,-1.6054,-0.03592,-0.026703,-0.015464,0.001835,0.011053,0.02027,0.038075,0.048808,0.058026,0.073178,-1.981,-1.5802,0.086563,0.095781,0.105,0.11662,0.13354,0.14275,0.15197,0.16119,0.17041,0.17963,-1.5601,0.18884,0.19806,0.20728,0.2165,0.22294,0.22483,0.23405,0.24327,0.25248,0.2617,-1.5333,0.27092,0.28014,0.28936,0.29857,0.30779,0.31701,0.32623,0.33544,0.34466,0.35388,-1.5148,0.3631,0.37232,0.38153,0.38456,0.38987,0.39909,0.40477,0.40742,0.41664,0.42497,-1.4964,0.42497,0.43419,0.44341,0.44517,0.45174,0.46096,0.47018,0.47939,0.48861,0.49783,-1.4779,0.50705,0.51627,0.52548,0.5347,0.54392,0.56008,0.57246,0.58167,0.59089,0.60352,-1.4595,0.61943,0.62865,0.63787,0.64708,0.66539,0.67562,0.68484,0.69406,0.70327,0.71249,-1.4475,0.72171,0.72802,0.73004,0.73813,0.73838,0.7476,0.74823,0.75593,0.76515,0.76843,-1.4383,0.77348,0.7827,0.78863,0.79103,0.80025,0.80947,0.81869,0.8279,0.82904,0.83624,-1.4244,0.84546,0.85467,0.86389,0.87311,0.88233,0.89344,0.91086,0.92008,0.9293,0.93852,-1.9643,-1.4098,0.94774,0.96365,0.97627,0.98549,0.99471,1.0039,1.0131,1.0224,1.0316,1.0408,-1.4005,1.05,1.0592,1.0685,1.0777,1.0869,1.1005,1.1154,1.1246,1.1321,1.133,-1.3913,1.1422,1.1514,1.1606,1.1624,1.169,1.1782,1.1826,1.1865,1.1927,1.1948,-1.3832,1.2028,1.2028,1.2028,1.2115,1.2129,1.2129,1.2129,1.2129,1.2129,1.2163,-1.3832,1.223,1.223,1.2238,1.233,1.2331,1.2331,1.2331,1.2331,1.2387,1.2432,-1.3832,1.2432,1.2432,1.2452,1.2533,1.2536,1.2628,1.2634,1.2711,1.2735,1.2795,-1.3747,1.2836,1.2836,1.2869,1.2937,1.2937,1.2937,1.2937,1.2937,1.2937,1.2937,-1.3731,1.2937,1.2937,1.2983,1.3038,1.3038,1.3038,1.3038,1.3039,1.3132,1.3224,-1.3731,1.3316,1.3408,1.35,1.3593,1.3685,1.3808,1.397,1.4076,1.4255,1.4348,-1.3672,1.4528,1.4792,1.4998,1.5182,1.5367,1.5595,1.5836,1.6047,-1.9459,-1.363,-1.3589,-1.3529,-1.3505,-1.3413,-1.3321,-1.3229,-1.3226,-1.3145,-1.3053,-1.9218,-1.2961,-1.2923,-1.2878,-1.2786,-1.2721,-1.2702,-1.262,-1.2619,-1.2527,-1.2519,-1.8989,-1.2519,-1.2452,-1.2418,-1.2418,-1.2378,-1.2286,-1.2216,-1.2202,-1.211,-1.2018,-1.8805,-1.1926,-1.1834,-1.1671,-1.1548,-1.1456,-1.1364,-1.1272,-1.1179,-1.107,-1.0894,-1.859,-1.0802,-1.071,-1.0618,-1.0451,-1.0332,-1.024,-1.01,-0.99546,-0.98624,-0.97488,-1.8335,-0.9577,-0.94849,-0.93927,-0.92134,-0.91073,-0.90151,-0.88623,-0.87298,-0.86376,-0.85454,3.0,2.0
-1.95,-1.7207,-1.7327,-0.89772,-0.91202,-0.96749,-0.9795,-0.98922,-0.99208,-1.0041,-1.0121,-1.0121,-1.0172,-1.7327,-1.0235,-1.0235,-1.0167,-1.0121,-1.0041,-0.99208,-0.98922,-0.9795,-0.96749,-0.94462,-1.7327,-0.93204,-0.9166,-0.83939,-0.82567,-0.80394,-0.78907,-0.76848,-0.75247,-0.72845,-0.70958,-1.7327,-0.69185,-0.67412,-0.65525,-0.63123,-0.61522,-0.59463,-0.57061,-0.55631,-0.5443,-0.53229,-1.7247,-0.50885,-0.49684,-0.48483,-0.47282,-0.46081,-0.4488,-0.43679,-0.42078,-0.40134,-0.38933,-1.7212,-0.3716,-0.35387,-0.34186,-0.32242,-0.3064,-0.28582,-0.27095,-0.25894,-0.23663,-0.22348,-1.7212,-0.21147,-0.19889,-0.17602,-0.16401,-0.152,-0.13999,-0.12798,-0.11597,-0.10853,-0.10339,-1.7115,-0.091378,-0.079369,-0.074222,-0.066787,-0.062784,-0.054206,-0.051347,-0.041625,-0.039909,-0.039909,-1.7098,-0.039909,-0.039909,-0.039909,-0.041625,-0.051347,-0.054206,-0.062784,-0.062784,-0.067359,-0.074222,-1.6989,-0.079941,-0.085659,-0.092522,-0.10453,-0.11654,-0.14571,-0.17258,-0.1966,-0.20003,-0.2109,-1.7086,-1.6984,-0.22291,-0.22348,-0.23435,-0.23606,-0.24578,-0.24578,-0.24235,-0.23435,-0.22977,-0.19718,-1.6863,-0.16,-0.1417,-0.12455,-0.1051,-0.089091,-0.068503,-0.044484,-0.020465,0.003553,0.027572,-1.6755,0.051591,0.07561,0.099629,0.12365,0.14538,0.16025,0.18084,0.19685,0.21629,0.23345,-1.6738,0.25175,0.27005,0.29407,0.31809,0.3421,0.35754,0.3787,0.393,0.4153,0.42846,-1.6618,0.4519,0.46391,0.47707,0.49937,0.51367,0.53483,0.55027,0.57028,0.58687,0.60574,-1.6469,0.62347,0.6412,0.66007,0.67665,0.68866,0.69209,0.70124,0.71325,0.72526,0.73727,-1.6263,0.73784,0.74928,0.75042,0.76072,0.76301,0.77216,0.77216,0.77216,0.77216,0.77216,-1.6143,0.77216,0.77216,0.77216,0.76472,0.76072,0.76072,0.75157,0.74928,0.73899,0.73784,-1.5977,0.72641,0.7144,0.70239,0.69209,0.68752,0.66636,0.65435,0.63834,0.61889,0.60688,-1.5737,0.59487,0.57657,0.55255,0.5434,0.5354,0.53197,0.52282,0.52053,0.52053,0.52053,-1.7001,-1.5497,0.53197,0.53254,0.5434,0.54512,0.55484,0.55484,0.55827,0.56628,0.57085,0.57772,-1.5256,0.58344,0.6269,0.67151,0.68809,0.70811,0.73212,0.75614,0.78016,0.80418,0.8282,-1.5016,0.85222,0.87624,0.90026,0.92599,0.95973,0.98375,1.0078,1.0318,1.0558,1.0798,-1.4776,1.1038,1.1279,1.1519,1.1685,1.1885,1.2039,1.2159,1.2377,1.2514,1.2634,-1.4616,1.2754,1.2868,1.288,1.3,1.312,1.324,1.3326,1.3366,1.3486,1.3555,-1.441,1.3555,1.3618,1.3669,1.3669,1.3749,1.3783,1.3783,1.3783,1.3886,1.3898,-1.417,1.3898,1.4012,1.4012,1.4029,1.4127,1.4155,1.4275,1.4395,1.4515,1.4636,-1.393,1.4756,1.4876,1.5064,1.523,1.543,1.5671,1.5911,1.6151,1.6288,1.6517,-1.3689,1.6757,1.6997,1.7238,1.7478,1.7718,1.7958,1.8198,1.8439,1.8679,1.8919,-1.3449,1.9102,1.9222,1.9342,1.9462,1.9582,1.9702,1.9822,1.9943,-1.7144,-1.3323,-1.3083,-1.2843,-1.262,-1.2477,-1.2237,-1.1997,-1.1797,-1.1631,-1.1391,-1.7327,-1.1208,-1.1025,-1.0784,-1.0619,-1.0418,-1.0264,-1.0052,-0.98122,-0.96749,-0.94462,-1.7327,-0.9206,-0.90802,-0.88514,-0.87142,-0.84969,-0.83768,-0.82567,-0.81366,-0.80165,-0.78964,-1.7327,-0.77763,-0.76562,-0.76047,-0.75304,-0.74904,-0.74046,-0.7376,-0.7376,-0.7376,-0.7376,-1.7327,-0.7376,-0.7376,-0.73874,-0.74904,-0.75132,-0.76047,-0.7639,-0.77591,-0.78792,-0.79993,-1.7327,-0.81194,-0.81766,-0.82452,-0.83653,-0.84854,-0.86055,-0.86341,-0.87313,-0.88514,-0.88629,5.0,2.0
-0.32672,-0.37398,-0.32672,0.32912,0.41183,0.50341,0.58908,0.67771,0.75304,0.82838,0.90371,0.96131,1.0307,-0.32672,1.0854,1.1578,1.2095,1.2597,1.307,1.3365,1.3808,1.4133,1.4547,1.4798,-0.32672,1.5049,1.53,1.5403,1.5241,1.499,1.4739,1.4488,1.4015,1.3749,1.3247,-0.32672,1.2745,1.2198,1.1504,1.0928,1.0263,0.96575,0.89041,0.81508,0.72498,0.62454,-0.32672,0.52409,0.42365,0.30253,0.19913,0.075054,-0.049023,-0.15242,-0.27354,-0.37398,-0.47443,-0.30456,-0.57487,-0.66497,-0.75212,-0.85257,-0.93824,-1.0298,-1.1125,-1.1879,-1.2632,-1.3385,-0.30308,-1.3902,-1.4405,-1.4877,-1.5173,-1.5616,-1.5867,-1.6118,-1.6162,-1.5911,-1.566,-0.30308,-1.5409,-1.4995,-1.4493,-1.4183,-1.3725,-1.3223,-1.2721,-1.2218,-1.1687,-1.0978,-0.30013,-1.0475,-0.99732,-0.93824,-0.86291,-0.78757,-0.71224,-0.62214,-0.53794,-0.44489,-0.32524,-0.27945,-0.22037,-0.097767,0.027787,0.12971,0.25526,0.38081,0.50637,0.63192,0.74861,0.85939,-0.37398,-0.27945,0.97313,1.0736,1.1592,1.2508,1.3335,1.4089,1.4842,1.5374,1.5876,1.6363,-0.27206,1.6615,1.6866,1.7058,1.6984,1.6733,1.6482,1.6231,1.5847,1.5344,1.4842,-0.25582,1.434,1.3838,1.3335,1.2833,1.2095,1.1356,1.0824,1.0027,0.90814,0.82542,-0.25582,0.73384,0.63783,0.52409,0.41036,0.2848,0.15925,0.033695,-0.072656,-0.19378,-0.31933,-0.25582,-0.42125,-0.52169,-0.62214,-0.72258,-0.82302,-0.92347,-1.0239,-1.114,-1.1893,-1.2647,-0.25582,-1.34,-1.3991,-1.4493,-1.4803,-1.5261,-1.5542,-1.5557,-1.5542,-1.5291,-1.504,-0.25582,-1.4789,-1.4537,-1.4286,-1.4035,-1.3784,-1.3533,-1.3282,-1.3031,-1.278,-1.2337,-0.25582,-1.2041,-1.1568,-1.1066,-1.0549,-0.9796,-0.90426,-0.82302,-0.72997,-0.64577,-0.54533,-0.25582,-0.44489,-0.34444,-0.25877,-0.16719,-0.066748,0.014493,0.089825,0.16516,0.24049,0.29219,-0.23661,0.36457,0.41479,0.46501,0.51523,0.56545,0.61567,0.65408,0.70578,0.76634,0.81656,-0.37398,-0.23218,0.86678,0.917,0.96722,1.0174,1.0677,1.0943,1.1445,1.1947,1.239,1.2715,-0.23218,1.3217,1.3719,1.4222,1.4724,1.5226,1.5728,1.6231,1.6733,1.7028,1.7501,-0.25582,1.7767,1.8018,1.8239,1.8284,1.8417,1.8166,1.7914,1.7663,1.7294,1.6925,-0.25729,1.6526,1.6024,1.5344,1.4783,1.4074,1.3321,1.2567,1.1799,1.0824,1.0027,-0.27945,0.90814,0.82542,0.73384,0.64817,0.55954,0.47092,0.38524,0.30991,0.25231,0.18288,-0.28388,0.12823,0.078008,0.05142,0.002676,-0.022435,-0.047546,-0.072656,-0.097767,-0.12288,-0.12731,-0.30899,-0.1022,-0.090381,-0.090381,-0.090381,-0.090381,-0.071179,-0.066748,-0.066748,-0.066748,-0.043114,-0.3341,-0.04016,-0.019481,-0.013572,0.004153,0.004153,0.004153,0.01597,0.027787,0.027787,0.027787,-0.35921,0.027787,0.027787,0.027787,0.027787,0.05142,0.05142,0.054374,0.075054,0.075054,0.082439,-0.38432,0.098687,0.098687,0.1105,0.12232,0.12232,0.12232,0.12232,0.14152,-0.36808,-0.42125,-0.45818,-0.49806,-0.54828,-0.58078,-0.62509,-0.67531,-0.72553,-0.77576,-0.82598,-0.35035,-0.87324,-0.90279,-0.95301,-1.0032,-1.0535,-1.1037,-1.1421,-1.1805,-1.2159,-1.2573,-0.35035,-1.2898,-1.3341,-1.3636,-1.3888,-1.4139,-1.439,-1.4641,-1.4892,-1.5143,-1.532,-0.35035,-1.532,-1.5217,-1.4966,-1.4715,-1.4464,-1.4212,-1.3784,-1.3282,-1.278,-1.2277,-0.33853,-1.1775,-1.1273,-1.0741,-1.0032,-0.95301,-0.8954,-0.82007,-0.75508,-0.69304,-0.61771,-0.32672,-0.54237,-0.46704,-0.39171,-0.31638,-0.24105,-0.14356,-0.043114,0.033695,0.13414,0.23458,0.0,2.0
0.02392,-0.031274,-0.000917,0.29989,0.30072,0.38434,0.46796,0.55158,0.6352,0.71716,0.77291,0.83086,0.912,0.026956,0.96498,0.99589,1.0483,1.0726,1.0765,1.1043,1.1322,1.1554,1.1504,1.1278,0.051517,1.1223,1.1002,1.0941,1.0663,1.0318,0.98292,0.96222,0.94732,0.89157,0.83583,0.055105,0.78008,0.72434,0.66859,0.61284,0.54771,0.47375,0.40807,0.33466,0.26843,0.18481,0.082978,0.10119,0.051517,0.016745,-0.066874,-0.13835,-0.20652,-0.29014,-0.37375,-0.45737,-0.52747,0.10671,-0.59702,-0.68063,-0.76425,-0.84787,-0.88679,-0.93232,-1.0159,-1.0996,-1.1672,-1.2229,0.11113,-1.2952,-1.3452,-1.3902,-1.4285,-1.4564,-1.5022,-1.5397,-1.5676,-1.5767,-1.5767,0.13431,-1.596,-1.6043,-1.6242,-1.6319,-1.6319,-1.6319,-1.6109,-1.5831,-1.5552,-1.5491,0.13928,-1.527,-1.4768,-1.4437,-1.4158,-1.3648,-1.309,-1.2533,-1.1735,-1.1142,-1.0339,0.16191,-0.95026,-0.89175,-0.88679,-0.80979,-0.72617,-0.64255,-0.55893,-0.47531,-0.39169,-0.30807,-0.031274,0.16191,-0.22445,-0.14083,-0.056664,0.054001,0.13762,0.22124,0.29989,0.30569,0.39151,0.50052,0.1677,0.58138,0.64016,0.72378,0.80381,0.85956,0.91117,0.94346,0.99451,1.0224,1.0503,0.1895,1.0726,1.0784,1.1063,1.1342,1.1554,1.1623,1.183,1.183,1.1753,1.1554,0.1895,1.1471,1.1278,1.119,1.0911,1.0632,1.045,1.0251,0.97961,0.94125,0.89627,0.1895,0.85735,0.80161,0.74586,0.67825,0.60677,0.55103,0.48258,0.41194,0.34294,0.29989,0.1895,0.2585,0.17488,0.091257,0.007638,-0.1654,-0.32518,-0.4088,-0.47669,-0.54844,-0.58322,0.19668,-0.61633,-0.68891,-0.77253,-0.85615,-0.93977,-1.0234,-1.107,-1.1721,-1.2279,-1.3788,0.2171,-1.4387,-1.4191,-1.4111,-1.391,-1.3631,-1.3352,-1.3283,-1.3071,-1.2577,-1.2237,0.2171,-1.1738,-1.1404,-1.0899,-1.0342,-0.97841,-0.8992,-0.83932,-0.78357,-0.72783,-0.64752,0.2171,-0.58874,-0.53299,-0.47724,-0.4215,-0.36575,-0.28379,-0.22666,-0.14415,-0.087572,-0.004505,-0.031274,0.20882,0.079114,0.16246,0.21931,0.32914,0.38599,0.46961,0.55323,0.63685,0.71826,0.77649,0.18095,0.86011,0.94373,1.024,1.0834,1.1902,1.4162,1.5175,1.6891,1.7399,1.7678,0.15307,1.7957,1.8235,1.8453,1.8517,1.8729,1.8798,1.9005,1.9005,1.8928,1.8729,0.1252,1.8646,1.8368,1.8089,1.781,1.7438,1.6977,1.6599,1.6041,1.5589,1.5202,0.10671,1.4866,1.4639,1.4082,1.3406,1.2691,1.2009,1.1173,1.0337,0.96333,0.89406,0.097052,0.82424,0.76849,0.71274,0.657,0.60125,0.57586,0.56041,0.53254,0.50466,0.47679,0.059244,0.44892,0.42104,0.39317,0.34791,0.36281,0.38268,0.38268,0.38268,0.40145,0.41028,0.013709,0.4296,0.43788,0.43788,0.45802,0.46547,0.48617,0.49307,0.49307,0.5146,0.52067,-0.024651,0.56482,0.59822,0.60346,0.62637,0.63106,0.63106,0.65479,0.65865,0.65865,0.68322,-0.069634,0.68625,0.68625,0.68625,0.68625,0.68625,0.68625,0.68625,0.68625,-0.031274,-0.10855,-0.16429,-0.23163,-0.30338,-0.37127,-0.45489,-0.53851,-0.58322,-0.6362,-0.73417,-0.031274,-0.83159,-0.94308,-1.0402,-1.1385,-1.2351,-1.3187,-1.4023,-1.4859,-1.5535,-1.6093,-0.031274,-1.6319,-1.6656,-1.7213,-1.7771,-1.8152,-1.843,-1.8709,-1.8988,-1.9079,-1.9269,-0.029342,-1.9162,-1.8883,-1.8803,-1.8601,-1.8323,-1.7837,-1.7279,-1.6722,-1.5949,-1.5331,-0.003677,-1.4553,-1.3717,-1.288,-1.2044,-1.1208,-1.1076,-1.0364,-0.95274,-0.86912,-0.76094,-0.003677,-0.67429,-0.56555,-0.45406,-0.36824,-0.25867,-0.14718,-0.062183,0.048206,0.13265,0.21627,0.0,2.0
-2.3726,-2.2257,-1.8955,-0.74829,-0.7415,-0.7279,-0.7279,-0.72627,-0.71431,-0.71431,-0.70976,-0.70072,-0.70072,-1.8573,-0.70072,-0.68774,-0.68713,-0.67673,-0.67353,-0.66572,-0.65994,-0.65471,-0.64635,-0.6437,-1.8191,-0.63276,-0.63276,-0.62718,-0.61916,-0.61916,-0.61067,-0.60516,-0.59198,-0.59198,-0.59198,-1.7809,-0.58314,-0.57838,-0.57213,-0.56479,-0.56479,-0.55562,-0.55011,-0.53761,-0.53761,-0.52401,-1.7427,-0.5145,-0.49683,-0.4899,-0.48324,-0.46529,-0.45605,-0.44069,-0.42886,-0.41609,-0.40168,-1.7181,-0.39148,-0.37449,-0.37449,-0.36138,-0.35587,-0.34731,-0.33372,-0.32576,-0.30667,-0.30116,-1.6865,-0.29294,-0.27934,-0.27105,-0.26575,-0.26004,-0.25216,-0.24903,-0.23857,-0.22497,-0.21893,-1.6674,-0.21138,-0.19779,-0.19779,-0.19779,-0.19779,-0.19779,-0.19779,-0.18848,-0.1842,-0.1842,-1.6347,-0.1842,-0.18005,-0.1706,-0.1706,-0.1706,-0.1706,-0.16612,-0.15701,-0.14342,-0.13601,-1.6156,-0.12982,-0.11623,-0.1059,-0.086804,-0.067706,-0.061861,-0.043103,-0.024006,-0.018501,-0.007491,-2.1985,-1.5829,0.006102,0.019695,0.030705,0.04688,0.055308,0.074066,0.079911,0.087659,0.10451,0.11484,-1.5638,0.12844,0.13462,0.14203,0.15562,0.16473,0.17023,0.18281,0.18281,0.1964,0.1964,-1.5447,0.20999,0.21686,0.22359,0.22359,0.23337,0.23718,0.24438,0.25077,0.25539,0.26436,-1.5256,0.27796,0.27796,0.29101,0.29651,0.30514,0.31873,0.32662,0.33233,0.34592,0.35673,-1.5065,0.37311,0.38133,0.38683,0.40593,0.41388,0.42748,0.43604,0.44154,0.45466,0.45466,-1.4738,0.46825,0.47716,0.49544,0.50176,0.50903,0.52263,0.53187,0.53737,0.54981,0.54981,-1.4547,0.5634,0.57299,0.57849,0.59059,0.59059,0.60418,0.6141,0.61961,0.63137,0.63137,-1.4356,0.64496,0.64496,0.65855,0.65855,0.65855,0.66365,0.67215,0.67466,0.68574,0.68574,-1.4165,0.68574,0.69668,0.69933,0.70769,0.71292,0.71292,0.71292,0.71292,0.72162,0.72652,-1.4075,0.72652,0.73814,0.74011,0.74011,0.7537,0.7537,0.7537,0.7537,0.7537,0.7537,-2.1629,-1.3919,0.7537,0.7537,0.7537,0.7537,0.75533,0.76729,0.76729,0.77185,0.78089,0.78089,-1.3728,0.78836,0.79448,0.79937,0.80807,0.81038,0.82167,0.82167,0.83526,0.83526,0.84885,-1.3537,0.84885,0.86244,0.86802,0.87604,0.88963,0.89812,0.90363,0.91681,0.91681,0.93041,-1.3346,0.93041,0.944,0.95025,0.95759,0.97119,0.97119,0.98478,0.98478,0.99688,1.0024,-1.3155,1.012,1.027,1.0391,1.0516,1.0663,1.0762,1.0935,1.1008,1.1071,1.1207,-1.2964,1.1309,1.1479,1.1555,1.1615,1.1665,1.1751,1.1887,1.1887,1.2021,1.2212,-1.2773,1.2403,1.273,1.2921,1.3114,1.3439,1.3742,1.4093,1.437,1.4747,1.4998,-1.2582,1.538,1.5727,1.6008,1.639,1.6708,1.7018,1.7362,1.7646,1.7892,1.8207,-1.2391,1.8398,1.8589,1.878,1.8971,1.9162,1.9352,1.9543,1.9734,1.9925,2.0116,-1.22,2.0178,2.0362,2.0553,2.0744,2.0935,2.1126,2.1317,2.1508,-2.1247,-1.2009,-1.1818,-1.1765,-1.1708,-1.1629,-1.1629,-1.1629,-1.1493,-1.1493,-1.1493,-2.0865,-1.1493,-1.1493,-1.1493,-1.1493,-1.1375,-1.1357,-1.1264,-1.1221,-1.1154,-1.1085,-2.0483,-1.1044,-1.0949,-1.0934,-1.0813,-1.0688,-1.0633,-1.0541,-1.0405,-1.0332,-1.0269,-2.0101,-1.0134,-1.0134,-1.0134,-1.0134,-1.0002,-0.99466,-0.98617,-0.97257,-0.97257,-0.95905,-1.9719,-0.95354,-0.94539,-0.9318,-0.92344,-0.91793,-0.89883,-0.89102,-0.87423,-0.86383,-0.84963,-1.9337,-0.83053,-0.82305,-0.80593,-0.79587,-0.78228,-0.78228,-0.77031,-0.76868,-0.7593,-0.75509,3.0,2.0
1.8659,1.8097,1.5682,-0.26695,-0.2857,-0.30444,-0.32517,-0.35016,-0.37516,-0.40015,-0.42514,-0.45013,-0.47512,1.5364,-0.50011,-0.5251,-0.55086,-0.5821,-0.61334,-0.64422,-0.66921,-0.69748,-0.72872,-0.76616,1.4864,-0.80078,-0.83202,-0.86326,-0.8945,-0.92574,-0.95698,-0.98821,-1.0195,-1.0507,-1.0819,1.4549,-1.1132,-1.1444,-1.1744,-1.1994,-1.2286,-1.259,-1.2839,-1.3089,-1.3339,-1.3589,1.4286,-1.3839,-1.4089,-1.4276,-1.4464,-1.4651,-1.4839,-1.5001,-1.5126,-1.5251,-1.5376,1.3974,-1.55,-1.5575,-1.5637,-1.57,-1.5716,-1.5729,-1.5792,-1.5812,-1.5812,-1.5812,1.3661,-1.5773,-1.5716,-1.5716,-1.5682,-1.5619,-1.5557,-1.5524,-1.5524,-1.5465,-1.5403,1.3349,-1.534,-1.5278,-1.5215,-1.5153,-1.509,-1.501,-1.4885,-1.4807,-1.4731,-1.4606,1.3036,-1.4481,-1.4356,-1.4231,-1.4106,-1.3975,-1.3788,-1.3635,-1.351,-1.3385,-1.3229,1.2724,-1.3042,-1.2915,-1.2763,-1.2575,-1.2388,-1.2223,-1.2098,-1.1921,-1.1734,-1.1547,1.7768,1.2412,-1.1407,-1.1267,-1.108,-1.0893,-1.0705,-1.0518,-1.033,-1.0143,-0.99554,-0.9768,1.2099,-0.95829,-0.9458,-0.93014,-0.9114,-0.89265,-0.87391,-0.85517,-0.83642,-0.81768,-0.79893,1.1787,-0.78546,-0.77102,-0.75228,-0.73839,-0.72437,-0.70562,-0.69133,-0.67884,-0.66634,-0.65384,1.1474,-0.64135,-0.62885,-0.61636,-0.60386,-0.59137,-0.57887,-0.56637,-0.56003,-0.55378,-0.54753,1.1162,-0.54129,-0.53504,-0.52879,-0.52254,-0.5163,-0.51005,-0.5038,-0.49755,-0.4913,-0.48506,1.085,-0.47881,-0.47256,-0.47043,-0.46964,-0.46339,-0.45343,-0.44132,-0.43507,-0.42882,-0.42258,1.0537,-0.41011,-0.39761,-0.38511,-0.37262,-0.36012,-0.34763,-0.33513,-0.32055,-0.30181,-0.28807,1.0225,-0.2739,-0.25515,-0.23181,-0.20809,-0.18935,-0.1706,-0.15186,-0.13312,-0.11059,-0.086052,0.99124,-0.067309,-0.048565,-0.029821,-0.011078,0.007666,0.02641,0.045153,0.063897,0.082641,0.10138,0.96,0.12013,0.13887,0.15254,0.16678,0.18553,0.1996,0.2121,0.22459,0.24135,0.25916,1.7706,0.93427,0.27166,0.28415,0.29665,0.30914,0.32509,0.34371,0.35621,0.3687,0.3812,0.39369,0.90928,0.40619,0.41869,0.43118,0.44145,0.4477,0.45909,0.47159,0.48409,0.49658,0.50908,0.88429,0.52157,0.52974,0.53699,0.54949,0.56198,0.57448,0.58697,0.59947,0.61196,0.62446,0.85929,0.63696,0.64945,0.66798,0.68402,0.69651,0.70901,0.7238,0.74255,0.75607,0.77046,0.83076,0.7892,0.80795,0.82669,0.84543,0.85977,0.87442,0.89941,0.92041,0.93915,0.9579,0.79327,0.98023,1.005,1.0237,1.0456,1.0706,1.0895,1.111,1.136,1.161,1.1836,0.76986,1.2024,1.2264,1.2514,1.2764,1.3014,1.3264,1.3514,1.3764,1.4014,1.4263,0.75248,1.4513,1.4756,1.4943,1.5167,1.5414,1.5601,1.5789,1.5976,1.6164,1.6351,0.73999,1.6539,1.6726,1.6889,1.7014,1.7193,1.736,1.7485,1.7659,1.783,1.7955,0.71035,1.808,1.8205,1.833,1.8455,1.858,1.8705,1.883,1.8951,1.7585,0.67669,0.6642,0.64007,0.60883,0.57759,0.56023,0.55399,0.54774,0.54149,0.53524,1.7309,0.52899,0.50946,0.47197,0.4568,0.44655,0.4403,0.41854,0.39724,0.38474,0.37225,1.681,0.35975,0.34725,0.33476,0.3202,0.29521,0.28207,0.27396,0.24896,0.23106,0.21878,1.6418,0.21253,0.20001,0.18127,0.17464,0.16293,0.14419,0.13674,0.13049,0.12425,0.11275,1.6107,0.098344,0.0796,0.036679,-0.007272,-0.032263,-0.048398,-0.059792,-0.06604,-0.07631,-0.088805,1.5919,-0.1013,-0.11741,-0.13587,-0.14836,-0.16086,-0.17336,-0.19198,-0.21072,-0.22947,-0.24821,1.0,2.0
-2.1558,-1.9708,-1.7367,-0.88281,-0.88281,-0.88281,-0.87233,-0.86955,-0.86093,-0.85629,-0.84952,-0.84303,-0.83812,-1.7121,-0.82579,-0.81346,-0.80112,-0.78999,-0.78972,-0.77739,-0.76506,-0.75273,-0.75021,-0.74132,-1.6874,-0.72899,-0.71666,-0.70433,-0.692,-0.67966,-0.66402,-0.64174,-0.62941,-0.61708,-0.60475,-1.6628,-0.59241,-0.58008,-0.56775,-0.55542,-0.54309,-0.53805,-0.53168,-0.51935,-0.50702,-0.49469,-1.6381,-0.48501,-0.48328,-0.47016,-0.44549,-0.43303,-0.4207,-0.40837,-0.39603,-0.3837,-0.37137,-1.6134,-0.35904,-0.34671,-0.33915,-0.3353,-0.32297,-0.31263,-0.31157,-0.29937,-0.29937,-0.29937,-1.5888,-0.29937,-0.29937,-0.29937,-0.29155,-0.28611,-0.28611,-0.28107,-0.27285,-0.26967,-0.25959,-1.5641,-0.25826,-0.24633,-0.24633,-0.23453,-0.2222,-0.20987,-0.19753,-0.1852,-0.17287,-0.16054,-1.5492,-0.14821,-0.13588,-0.12354,-0.11121,-0.09888,-0.086548,-0.074217,-0.061885,-0.060691,-0.060691,-1.528,-0.051409,-0.047431,-0.047431,-0.047431,-0.047431,-0.042791,-0.034172,-0.031387,-0.020912,-0.019983,-1.9341,-1.5034,-0.007652,-0.007652,0.003752,0.005608,0.015155,0.018868,0.026559,0.032128,0.037962,0.050294,-1.4857,0.058648,0.061698,0.074029,0.086361,0.098428,0.098428,0.1101,0.12243,0.13476,0.14709,-1.4734,0.15942,0.17175,0.17799,0.18316,0.19549,0.20782,0.22015,0.23249,0.24482,0.25715,-1.4611,0.26948,0.28181,0.29414,0.30648,0.31881,0.33114,0.34347,0.3558,0.36813,0.38047,-1.4487,0.3928,0.40513,0.41746,0.42979,0.44212,0.45446,0.46679,0.47912,0.49145,0.50378,-1.4364,0.50948,0.51519,0.52274,0.52659,0.53892,0.55125,0.56252,0.56266,0.57499,0.58732,-1.4241,0.58904,0.59872,0.6023,0.6023,0.6092,0.61556,0.6206,0.62882,0.63201,0.64208,-1.4117,0.64341,0.65574,0.66807,0.6686,0.67948,0.69181,0.69512,0.70321,0.71554,0.72164,-1.3994,0.72695,0.73928,0.74816,0.75068,0.76301,0.77468,0.77468,0.78675,0.79908,0.8012,-1.3871,0.81048,0.81446,0.82189,0.82772,0.83329,0.84098,0.8447,0.85424,0.85424,0.85517,-1.9094,-1.3747,0.8675,0.8675,0.87891,0.88076,0.89031,0.89402,0.90171,0.90728,0.90728,0.91219,-1.3734,0.92452,0.93685,0.94918,0.96032,0.96059,0.97292,0.97358,0.98432,0.98684,0.98684,-1.3734,0.9948,1.0001,1.0062,1.0134,1.0134,1.0167,1.0266,1.0281,1.0399,1.0399,-1.3643,1.0518,1.0531,1.0632,1.0664,1.0746,1.0797,1.086,1.0929,1.0929,1.0965,-1.3602,1.1062,1.1062,1.107,1.1193,1.1194,1.1194,1.1194,1.1194,1.1194,1.1194,-1.3602,1.1261,1.1384,1.146,1.1498,1.1621,1.1745,1.1868,1.199,1.199,1.2105,-1.3538,1.2229,1.2352,1.2475,1.2599,1.2722,1.2845,1.3019,1.3266,1.348,1.3626,-1.3469,1.3873,1.412,1.4366,1.4613,1.4968,1.5239,1.5485,1.5813,1.6111,1.642,-1.3424,1.6737,1.7027,1.7397,1.7742,1.8005,1.8368,1.8615,1.8982,1.9241,1.9487,-1.3336,1.9734,1.998,2.0227,2.0474,2.0665,2.0834,2.1044,2.1167,-1.8847,-1.331,-1.3187,-1.3063,-1.294,-1.2817,-1.2693,-1.257,-1.2541,-1.2456,-1.2333,-1.8601,-1.2209,-1.2086,-1.1963,-1.1878,-1.1849,-1.1725,-1.1602,-1.1479,-1.1355,-1.1232,-1.8354,-1.1215,-1.1118,-1.0995,-1.095,-1.0881,-1.0817,-1.0767,-1.0643,-1.0552,-1.0552,-1.8107,-1.0539,-1.0419,-1.0419,-1.0419,-1.0311,-1.0287,-1.0287,-1.0206,-1.0154,-1.0092,-1.7861,-1.0021,-0.99777,-0.98889,-0.98637,-0.97563,-0.97496,-0.96263,-0.96237,-0.96237,-0.95216,-1.7614,-0.94911,-0.94075,-0.93585,-0.92935,-0.92259,-0.91794,-0.90933,-0.90654,-0.89607,-0.89514,3.0,2.0
0.55638,0.58341,0.55638,1.1898,1.0006,0.84692,0.73881,0.25233,-0.15307,-0.26118,-0.34901,-0.43009,-0.51117,0.55638,-0.59225,-0.67164,-0.7257,-0.77975,-0.8338,-0.88786,-0.94191,-0.99596,-1.0281,-1.0551,0.55638,-1.0821,-1.1091,-1.1328,-1.1328,-1.148,-1.175,-1.175,-1.175,-1.175,-1.1514,0.55638,-1.1328,-1.1328,-1.1125,-1.0855,-1.0585,-1.0145,-0.96218,-0.93515,-0.89461,-0.84056,0.55638,-0.76117,-0.69022,-0.63617,-0.56016,-0.47908,-0.398,-0.31692,-0.23584,-0.15476,-0.058476,0.55638,0.049631,0.13071,0.22361,0.33172,0.41618,0.49726,0.57834,0.67969,0.78273,0.86381,0.55638,0.94489,1.026,1.107,1.1881,1.2692,1.3503,1.4212,1.4753,1.5513,1.6256,0.55638,1.6797,1.7151,1.7456,1.7996,1.8385,1.8655,1.8655,1.8655,1.8655,1.8655,0.55638,1.7641,1.4398,1.3182,1.254,1.1459,1.0547,0.97192,0.86381,0.76922,0.68814,0.56314,0.58172,0.47361,0.3655,-0.093948,-0.51962,-0.6007,-0.6632,-0.72063,-0.80171,-0.85238,0.58679,0.59016,-0.87941,-0.93346,-0.98752,-1.0416,-1.072,-1.1074,-1.1615,-1.1953,-1.2223,-1.2493,0.61719,-1.2764,-1.3017,-1.3017,-1.3017,-1.3017,-1.3017,-1.3017,-1.3017,-1.3017,-1.2949,0.64084,-1.2679,-1.2409,-1.2139,-1.1868,-1.1598,-1.1328,-1.1058,-1.0787,-1.0517,-1.001,0.64084,-0.94698,-0.89292,-0.83887,-0.78482,-0.73076,-0.65982,-0.58043,-0.52637,-0.45881,-0.37773,0.47361,-0.29665,-0.21557,-0.13449,-0.075367,-0.014557,0.066523,0.1476,0.2253,0.27936,0.34861,0.17632,0.42969,0.51077,0.58003,0.63408,0.71178,0.79286,0.87394,0.93475,0.99387,1.075,0.095238,1.1391,1.1915,1.2185,1.2591,1.3131,1.3418,1.379,1.4331,1.4652,1.4922,0.014158,1.5192,1.5277,1.531,1.5581,1.5699,1.5699,1.5699,1.5699,1.5699,1.3334,-0.066922,1.1307,1.0766,1.0226,0.96854,0.91448,0.86043,0.80469,0.72361,0.65604,0.60199,-0.148,0.5226,0.45165,0.3976,0.32159,0.1324,-0.38111,-0.57874,-0.63617,-0.71725,-0.78313,0.55976,-0.22908,-0.83718,-0.89123,-0.94529,-0.99934,-1.0534,-1.1074,-1.1615,-1.1953,-1.2274,-1.2814,-0.31016,-1.3186,-1.3456,-1.3726,-1.3997,-1.4267,-1.4284,-1.4284,-1.4284,-1.4503,-1.4706,-0.39124,-1.4706,-1.452,-1.4284,-1.4284,-1.4132,-1.3862,-1.3591,-1.3321,-1.3051,-1.2544,-0.47739,-1.2088,-1.1818,-1.1345,-1.0804,-1.0264,-0.97231,-0.91826,-0.86421,-0.81015,-0.7561,-0.5855,-0.70205,-0.64799,-0.59394,-0.53989,-0.48583,-0.43178,-0.37773,-0.32367,-0.26962,-0.21557,-0.67671,-0.16151,-0.13449,-0.095637,-0.041584,-0.011179,0.015848,0.042874,0.069901,0.096928,0.12395,-0.7561,0.15098,0.17632,0.17632,0.17632,0.17632,0.17632,0.17632,0.17632,0.15436,0.13409,-0.81015,0.13409,0.13409,0.13071,0.10368,0.09186,0.09186,0.09186,0.09186,0.09186,0.068212,-0.87772,0.049631,0.049631,0.049631,0.049631,0.049631,0.032739,0.007402,0.007402,0.007402,0.007402,-0.9588,0.007402,0.007402,0.007402,0.007402,0.007402,0.007402,-0.011179,-0.038206,0.55638,-1.0145,-1.0585,-1.0855,-1.1125,-1.1395,-1.1666,-1.175,-1.175,-1.175,-1.175,0.55638,-1.175,-1.148,-1.1091,-1.0551,-1.001,-0.94698,-0.89292,-0.8186,-0.73245,-0.62435,0.55638,-0.51624,-0.40813,-0.30003,-0.19192,-0.083813,0.049631,0.18476,0.3199,0.45503,0.59016,0.55638,0.7253,0.84185,0.95333,1.0885,1.2084,1.3165,1.4246,1.5209,1.602,1.6831,0.55638,1.7557,1.8097,1.8638,1.9128,1.9398,1.9668,1.9939,2.0209,2.0344,2.0344,0.55638,2.0344,2.0344,2.0344,2.0124,1.9246,1.6543,1.5141,1.4331,1.352,1.2709,2.0,2.0
-1.9514,-1.9259,-1.7378,-0.95105,-0.96809,-0.98512,-1.0022,-1.0192,-1.0288,-1.063,-1.1027,-1.1187,-1.1187,-1.7136,-1.1187,-1.1142,-1.1057,-1.0972,-1.0803,-1.0693,-1.057,-1.04,-1.023,-1.0059,-1.6929,-0.9835,-0.95795,-0.92591,-0.83223,-0.79478,-0.7645,-0.73044,-0.69637,-0.66231,-0.62824,-1.6733,-0.59417,-0.56187,-0.53632,-0.50279,-0.4744,-0.44547,-0.41249,-0.38694,-0.36139,-0.33584,-1.6481,-0.31029,-0.28515,-0.26811,-0.24446,-0.22323,-0.2062,-0.18917,-0.17213,-0.1551,-0.14172,-1.631,-0.13185,-0.11482,-0.10535,-0.096838,-0.088322,-0.079805,-0.071289,-0.069666,-0.06507,-0.058852,-1.614,-0.058852,-0.050335,-0.048037,-0.048037,-0.048037,-0.048037,-0.048037,-0.048037,-0.051282,-0.059798,-1.597,-0.068315,-0.069666,-0.074533,-0.083049,-0.091836,-0.10887,-0.11941,-0.13212,-0.14726,-0.15578,-1.5799,-0.1724,-0.18944,-0.20647,-0.22594,-0.26,-0.2792,-0.29623,-0.32178,-0.36328,-0.38883,-1.5629,-0.3941,-0.3941,-0.3941,-0.3941,-0.3941,-0.38802,-0.3795,-0.37099,-0.36247,-0.34625,-1.9003,-1.5459,-0.32922,-0.31218,-0.29515,-0.27812,-0.26108,-0.23932,-0.21377,-0.18755,-0.11941,-0.083049,-1.5346,-0.0575,-0.030193,0.003873,0.029963,0.055512,0.081062,0.10769,0.14176,0.16852,0.19407,-1.5261,0.21962,0.24517,0.27072,0.29627,0.32182,0.34737,0.37292,0.39847,0.42402,0.44592,-1.5176,0.4643,0.48985,0.50783,0.52487,0.5419,0.55893,0.57596,0.593,0.61003,0.62706,-1.5091,0.6441,0.65261,0.66735,0.68438,0.69979,0.70831,0.71682,0.72534,0.73386,0.74143,-1.5006,0.74143,0.74859,0.75224,0.74967,0.74116,0.73264,0.72412,0.71561,0.70709,0.69857,-1.4921,0.68195,0.66491,0.64788,0.63085,0.61382,0.59678,0.57975,0.55988,0.53487,0.51784,-1.4835,0.5008,0.47485,0.44511,0.42807,0.39428,0.37846,0.36995,0.36143,0.35291,0.3521,-1.4761,0.3521,0.3521,0.35291,0.36143,0.36292,0.36765,0.3786,0.39563,0.41266,0.42334,-1.4846,0.43592,0.45295,0.46998,0.49499,0.51486,0.53527,0.56839,0.65356,0.68762,0.71317,-1.8787,-1.4729,0.73602,0.75346,0.77901,0.80456,0.83011,0.85566,0.88121,0.89851,0.92149,0.94704,-1.4603,0.97124,0.98827,1.0053,1.0276,1.0502,1.0672,1.0842,1.1013,1.1183,1.1353,-1.4518,1.1524,1.1694,1.1802,1.1927,1.2081,1.2166,1.2329,1.2444,1.253,1.2615,-1.4433,1.27,1.2785,1.2822,1.2847,1.2932,1.3018,1.3038,1.3038,1.3057,1.3142,-1.4347,1.3146,1.3146,1.3146,1.3146,1.3146,1.322,1.3254,1.3254,1.3254,1.3254,-1.4201,1.3254,1.321,1.3146,1.3146,1.3146,1.3146,1.3146,1.3131,1.3046,1.3038,-1.4069,1.2984,1.2899,1.283,1.2915,1.3,1.3038,1.3062,1.3147,1.3233,1.3318,-1.3984,1.3403,1.3488,1.3573,1.3658,1.3744,1.3862,1.4022,1.4107,1.4265,1.4486,-1.3899,1.4714,1.4888,1.5144,1.5333,1.5547,1.5823,1.6163,1.6421,1.6677,1.6969,-1.3736,1.7296,1.7552,1.7883,1.8223,1.8564,1.8905,1.9245,1.9586,-1.8616,-1.362,-1.3504,-1.3334,-1.3163,-1.2993,-1.287,-1.276,-1.259,-1.242,-1.2249,-1.8446,-1.2079,-1.1909,-1.1738,-1.1568,-1.1398,-1.1227,-1.1057,-1.0887,-1.0789,-1.0654,-1.8197,-1.0484,-1.0318,-1.0232,-1.0081,-0.99539,-0.98485,-0.96782,-0.95903,-0.94457,-0.93118,-1.7997,-0.92131,-0.90428,-0.89482,-0.88103,-0.86697,-0.85845,-0.84994,-0.84142,-0.83291,-0.82439,-1.7795,-0.81587,-0.80736,-0.79884,-0.79424,-0.79424,-0.79424,-0.79424,-0.79424,-0.79749,-0.806,-1.7548,-0.81452,-0.82304,-0.83155,-0.84007,-0.84886,-0.86589,-0.88292,-0.89996,-0.91699,-0.93402,5.0,2.0
-2.0981,-2.0137,-1.7777,-0.409,-0.41965,-0.42361,-0.43581,-0.44492,-0.46228,-0.47964,-0.497,-0.50283,-0.51832,-1.7462,-0.53568,-0.55304,-0.5704,-0.58327,-0.59171,-0.60907,-0.62643,-0.64379,-0.66115,-0.67992,-1.7216,-0.70928,-0.72664,-0.74399,-0.76135,-0.77871,-0.83126,-0.83797,-0.83797,-0.83797,-0.83797,-1.6869,-0.83327,-0.82456,-0.81196,-0.80801,-0.79775,-0.78669,-0.78274,-0.77094,-0.76142,-0.74413,-1.6539,-0.74011,-0.72275,-0.70539,-0.69051,-0.68407,-0.66671,-0.64842,-0.61859,-0.53045,-0.47663,-1.6309,-0.44251,-0.4151,-0.38648,-0.36516,-0.33621,-0.31885,-0.30149,-0.2799,-0.25336,-0.236,-1.6058,-0.21864,-0.20128,-0.17333,-0.15316,-0.1358,-0.10939,-0.087673,-0.070313,-0.052953,-0.024132,-1.5751,-0.004828,0.012532,0.029892,0.047251,0.064611,0.081971,0.099331,0.11669,0.13405,0.15141,-1.5577,0.16877,0.18613,0.19424,0.19424,0.19424,0.19424,0.18258,0.17862,0.16126,0.13378,-1.5322,0.11314,0.095779,0.069839,0.047654,0.027211,-0.000471,-0.028824,-0.050138,-0.079361,-0.096721,-1.9963,-1.5096,-0.11408,-0.13144,-0.1488,-0.1543,-0.17253,-0.19451,-0.22548,-0.23473,-0.23955,-0.24813,-1.4788,-0.24813,-0.23473,-0.22749,-0.22132,-0.20618,-0.19451,-0.18486,-0.1675,-0.15014,-0.13278,-1.4614,-0.11542,-0.098062,-0.087271,-0.076747,-0.059388,-0.037001,0.051608,0.11287,0.1307,0.14806,-1.4441,0.16542,0.18278,0.20604,0.2309,0.24826,0.26562,0.29129,0.31375,0.33392,0.36187,-1.4133,0.38996,0.41127,0.44076,0.46731,0.48889,0.51965,0.54465,0.56778,0.59854,0.6159,-1.396,0.64332,0.66463,0.69479,0.71215,0.72951,0.74687,0.76423,0.77067,0.78407,0.78407,-1.3786,0.78407,0.78407,0.78407,0.78407,0.77228,0.76832,0.75726,0.73675,0.72965,0.71229,-1.3612,0.69493,0.67757,0.66021,0.64285,0.62549,0.60645,0.57736,0.54083,0.50243,0.48098,-1.3643,0.4543,0.42495,0.37937,0.36201,0.34465,0.32628,0.30148,0.29257,0.28808,0.28808,-1.3742,0.28808,0.28808,0.30148,0.31315,0.33808,0.35544,0.3728,0.39016,0.40752,0.45169,-1.979,-1.3742,0.46905,0.48641,0.50377,0.52113,0.5476,0.58232,0.60002,0.61738,0.63474,0.77482,-1.3742,0.80351,0.82087,0.83823,0.85559,0.85606,0.9131,0.93448,0.95184,0.9692,0.98656,-1.3742,1.0039,1.0213,1.0386,1.0522,1.06,1.0773,1.0947,1.1058,1.116,1.1326,-1.3742,1.1373,1.146,1.1586,1.1594,1.1594,1.1594,1.1594,1.1594,1.1594,1.1594,-1.3742,1.1594,1.1594,1.1594,1.146,1.146,1.146,1.146,1.146,1.146,1.146,-1.3742,1.146,1.1387,1.1326,1.1326,1.1268,1.1192,1.1192,1.1192,1.1192,1.1313,-1.3742,1.1487,1.1661,1.1834,1.2142,1.2315,1.2579,1.2927,1.3274,1.3621,1.3968,-1.3742,1.4336,1.4797,1.5144,1.5625,1.5972,1.632,1.679,1.7148,1.7495,1.7842,-1.3742,1.819,1.8537,1.8884,1.9231,1.9578,1.9926,2.0156,2.0486,2.0833,2.1079,-1.3742,2.1393,2.1694,2.1868,2.2167,2.2349,2.2523,2.2696,2.2839,-1.9482,-1.3742,-1.3742,-1.3742,-1.3742,-1.3742,-1.3742,-1.3665,-1.3608,-1.3586,-1.3474,-1.9308,-1.3474,-1.334,-1.3294,-1.3206,-1.3081,-1.3041,-1.2868,-1.2803,-1.2655,-1.2535,-1.9031,-1.2441,-1.2268,-1.2094,-1.1999,-1.1881,-1.1684,-1.14,-1.1226,-1.1045,-1.0745,-1.8818,-1.0484,-1.0264,-0.99561,-0.97825,-0.94977,-0.92845,-0.89936,-0.87242,-0.8377,-0.80707,-1.8471,-0.78166,-0.74694,-0.71222,-0.68401,-0.65619,-0.63488,-0.60512,-0.58776,-0.5704,-0.53963,-1.8124,-0.52227,-0.50491,-0.48755,-0.47019,-0.45283,-0.44888,-0.43581,-0.42756,-0.4224,-0.409,5.0,2.0
1.7639,1.6936,1.5887,-0.063499,-0.077345,-0.096056,-0.1061,-0.16104,-0.18855,-0.19859,-0.20863,-0.21867,-0.22871,1.5786,-0.23876,-0.2488,-0.26083,-0.28092,-0.2914,-0.30861,-0.32395,-0.3363,-0.35638,-0.37647,1.5686,-0.40403,-0.42911,-0.44919,-0.46946,-0.49958,-0.52971,-0.55447,-0.57748,-0.60761,-0.63773,1.5585,-0.66785,-0.69798,-0.7281,-0.75823,-0.78835,-0.81847,-0.8486,-0.88228,-0.92132,-0.95145,1.5485,-0.98157,-1.0117,-1.0418,-1.0734,-1.1135,-1.1447,-1.1748,-1.2007,-1.2226,-1.2527,1.5384,-1.2828,-1.3129,-1.3386,-1.3587,-1.3787,-1.4085,-1.4314,-1.4515,-1.4692,-1.4792,1.5284,-1.4992,-1.5118,-1.5269,-1.5443,-1.5544,-1.5644,-1.5666,-1.572,-1.5821,-1.5915,1.5098,-1.5915,-1.5997,-1.604,-1.604,-1.6049,-1.6149,-1.608,-1.604,-1.604,-1.6028,1.4958,-1.5928,-1.5915,-1.5852,-1.5791,-1.5776,-1.5675,-1.5666,-1.5599,-1.5499,-1.5416,1.4858,-1.5416,-1.5322,-1.5222,-1.5121,-1.5021,-1.4921,-1.4723,-1.4595,-1.4446,-1.4269,1.669,1.4758,-1.4169,-1.3968,-1.3767,-1.3567,-1.3366,-1.3165,-1.2964,-1.2763,-1.2562,-1.2362,1.4657,-1.2161,-1.196,-1.1759,-1.1558,-1.1357,-1.1157,-1.0956,-1.0755,-1.0554,-1.0353,1.4557,-1.0152,-0.99517,-0.97508,-0.96142,-0.94739,-0.92731,-0.90723,-0.88714,-0.8738,-0.85945,1.4456,-0.83937,-0.81929,-0.80868,-0.79159,-0.77613,-0.7639,-0.74382,-0.73353,-0.71613,-0.70097,1.4316,-0.69093,-0.68089,-0.67085,-0.66081,-0.65076,-0.64072,-0.63068,-0.62064,-0.6106,-0.60611,1.4131,-0.60299,-0.59295,-0.58291,-0.58116,-0.58116,-0.57773,-0.56869,-0.56869,-0.56008,-0.55621,1.403,-0.55247,-0.54243,-0.53239,-0.52235,-0.51879,-0.51474,-0.5047,-0.49466,-0.48461,-0.47457,1.3838,-0.46453,-0.45449,-0.44445,-0.43441,-0.42437,-0.419,-0.41676,-0.40672,-0.39667,-0.37921,1.3705,-0.36412,-0.35152,-0.33144,-0.31135,-0.299,-0.28366,-0.26071,-0.23102,-0.21094,-0.19086,1.3561,-0.17077,-0.14751,-0.11813,-0.098052,-0.077969,-0.051961,-0.025329,-0.005247,0.014836,0.043588,1.6589,1.3379,0.067475,0.087558,0.10764,0.12772,0.14781,0.16789,0.18797,0.20805,0.22814,0.24822,1.3279,0.26144,0.27591,0.296,0.31608,0.32656,0.34377,0.35911,0.36915,0.3792,0.39915,1.3084,0.41175,0.42179,0.43183,0.44188,0.45192,0.46196,0.472,0.48204,0.49208,0.50212,1.2883,0.50406,0.50973,0.51977,0.52901,0.52901,0.53743,0.54148,0.54503,0.55508,0.56512,1.2682,0.57516,0.5852,0.59524,0.60528,0.61532,0.62537,0.63541,0.65381,0.68218,0.70227,1.2481,0.72235,0.74243,0.76251,0.7826,0.80268,0.83243,0.85532,0.8802,0.90796,0.92804,1.228,0.9581,0.98068,1.0059,1.036,1.0661,1.0963,1.1185,1.144,1.1741,1.2037,1.208,1.2238,1.252,1.2764,1.2965,1.3166,1.3367,1.3568,1.3768,1.3969,1.4158,1.1879,1.4259,1.4447,1.4584,1.4685,1.4785,1.4886,1.4986,1.5086,1.5229,1.5412,1.1678,1.5512,1.5613,1.5713,1.5814,1.5914,1.6014,1.6115,1.6142,1.6489,1.1477,1.1276,1.1075,1.0875,1.0621,1.0348,1.0144,0.98424,0.9621,0.93646,1.6389,0.90946,0.88869,0.85856,0.83673,0.81079,0.78409,0.76401,0.74393,0.72385,0.70376,1.6288,0.68368,0.6636,0.64351,0.62343,0.60335,0.58732,0.57728,0.56724,0.54797,0.53468,1.6188,0.52464,0.5146,0.50456,0.49452,0.48447,0.47443,0.45541,0.4052,0.39441,0.39179,1.6087,0.37184,0.33934,0.3293,0.31926,0.28602,0.26175,0.25171,0.24036,0.2002,0.18417,1.5987,0.15167,0.10783,0.079201,0.069159,0.034046,-0.000195,-0.030319,-0.057262,-0.057262,-0.057262,1.0,2.0
-0.51313,-0.45892,-0.44085,-2.0988,-2.1176,-2.1959,-2.2117,-2.1792,-2.1587,-2.1399,-2.1212,-2.1024,-2.0821,-0.43339,-2.0469,-2.0281,-2.0057,-1.9682,-1.9357,-1.9113,-1.8738,-1.8363,-1.7988,-1.7613,-0.42277,-1.7238,-1.6863,-1.6489,-1.6114,-1.5739,-1.5364,-1.4989,-1.4614,-1.4239,-1.3864,-0.42277,-1.3489,-1.3114,-1.2739,-1.2364,-1.1989,-1.1625,-1.142,-1.1045,-1.067,-1.0295,-0.42277,-0.99199,-0.95969,-0.93507,-0.89757,-0.86008,-0.82258,-0.79367,-0.76566,-0.72816,-0.70129,-0.41261,-0.67124,-0.63375,-0.6089,-0.57683,-0.55333,-0.5199,-0.49777,-0.46298,-0.4422,-0.40606,-0.4047,-0.38663,-0.34982,-0.33107,-0.31232,-0.29086,-0.25675,-0.238,-0.21926,-0.20051,-0.18176,-0.4047,-0.16301,-0.14426,-0.12552,-0.11558,-0.11558,-0.11558,-0.11558,-0.10406,-0.097508,-0.084632,-0.4047,-0.079437,-0.065207,-0.046459,-0.043296,-0.027033,-0.025226,-0.007607,0.011141,0.029889,0.047056,-0.41758,0.049315,0.068063,0.086811,0.10556,0.12431,0.14305,0.1618,0.18055,0.1993,0.21805,-0.45892,-0.40922,0.23679,0.25554,0.27429,0.30411,0.32986,0.34861,0.36735,0.39988,0.42292,0.44167,-0.4047,0.47623,0.49723,0.53315,0.5528,0.59007,0.62757,0.66326,0.68449,0.72199,0.75948,-0.4047,0.79698,0.83447,0.87197,0.90947,0.94696,0.98446,1.022,1.0595,1.0969,1.1344,-0.4047,1.1719,1.2094,1.2469,1.2844,1.3219,1.3447,1.3788,1.4003,1.4358,1.4559,-0.4047,1.4746,1.5114,1.5302,1.5489,1.5677,1.5864,1.6052,1.6239,1.6427,1.6614,-0.4047,1.6802,1.6989,1.7177,1.7364,1.7552,1.7739,1.7927,1.8114,1.8302,1.8489,-0.4047,1.8541,1.8683,1.8722,1.8566,1.8541,1.8372,1.836,1.8177,1.799,1.7802,-0.4047,1.7615,1.7398,1.7059,1.6829,1.6504,1.626,1.5885,1.551,1.5135,1.476,-0.4047,1.4385,1.401,1.3635,1.326,1.2767,1.2329,1.1954,1.1442,1.1024,1.0649,-0.4047,1.0274,0.98988,0.95238,0.89704,0.85932,0.82182,0.78433,0.74683,0.70934,0.67184,-0.45892,-0.4047,0.63434,0.60204,0.57742,0.53993,0.50966,0.49091,0.46358,0.43534,0.4166,0.39785,-0.4047,0.3791,0.36035,0.3416,0.32286,0.31811,0.30343,0.30004,0.31608,0.31811,0.3355,-0.4047,0.33618,0.33618,0.33618,0.33822,0.35425,0.35425,0.35425,0.35425,0.35425,0.35425,-0.409,0.35425,0.35425,0.35425,0.35425,0.35425,0.35425,0.35425,0.35425,0.35425,0.35425,-0.42277,0.35425,0.35425,0.35425,0.35425,0.35425,0.35425,0.35425,0.37232,0.37323,0.39039,-0.42277,0.39039,0.39333,0.40846,0.40846,0.40846,0.41411,0.42653,0.42653,0.42653,0.42653,-0.42277,0.42653,0.42653,0.42653,0.42653,0.42653,0.42653,0.42653,0.42653,0.42653,0.42653,-0.42277,0.41072,0.40846,0.40846,0.40846,0.40801,0.39039,0.39039,0.39288,0.40846,0.40846,-0.42277,0.40846,0.40846,0.40846,0.40846,0.40846,0.39265,0.37232,0.36306,0.35425,0.35425,-0.43113,0.34296,0.33618,0.33618,0.32286,0.31811,0.34748,0.35425,0.35425,-0.45892,-0.44988,-0.46863,-0.47699,-0.47699,-0.48873,-0.49506,-0.49506,-0.50884,-0.51313,-0.51313,-0.45892,-0.52894,-0.5312,-0.56553,-0.56734,-0.56824,-0.60461,-0.62336,-0.6421,-0.65769,-0.66153,-0.45485,-0.68028,-0.69383,-0.69383,-0.69383,-0.69383,-0.70174,-0.7119,-0.7119,-0.7119,-0.7119,-0.44085,-0.7119,-0.72387,-0.72997,-0.72997,-0.74398,-0.74804,-0.8402,-0.8725,-0.89125,-0.97957,-0.44085,-1.0733,-1.1643,-1.1831,-1.212,-1.3109,-1.3534,-1.4749,-1.4937,-1.5178,-1.5492,-0.44085,-1.6154,-1.7132,-1.7726,-1.8411,-1.8598,-1.9192,-1.9588,-1.9703,-1.989,-2.0593,4.0,2.0
-0.78895,-0.76731,-0.7596,-1.3283,-1.2958,-1.26,-1.2167,-1.1837,-1.1448,-1.1041,-1.0716,-1.0392,-1.001,-0.7596,-0.95955,-0.92708,-0.88581,-0.84747,-0.815,-0.78253,-0.75006,-0.7176,-0.68513,-0.65266,-0.7596,-0.62019,-0.58772,-0.55525,-0.52278,-0.49032,-0.45785,-0.42538,-0.40263,-0.37512,-0.34467,-0.7596,-0.32302,-0.30137,-0.27973,-0.25808,-0.23644,-0.22305,-0.21222,-0.20085,-0.1792,-0.16508,-0.7596,-0.15426,-0.14343,-0.13261,-0.12858,-0.12564,-0.11482,-0.1139,-0.10785,-0.097024,-0.086201,-0.7596,-0.075378,-0.064555,-0.0552,-0.0552,-0.046762,-0.035939,-0.025116,-0.014293,-0.003471,0.007352,-0.7596,0.018175,0.028998,0.039821,0.050644,0.061467,0.082378,0.097787,0.10861,0.11943,0.13026,-0.7596,0.14658,0.16658,0.1774,0.19684,0.21849,0.23922,0.25004,0.26875,0.2904,0.31223,-0.76364,0.3447,0.37001,0.39166,0.4133,0.44522,0.47127,0.49548,0.52795,0.55088,0.57821,-0.77428,0.61068,0.64315,0.66681,0.69341,0.72588,0.75835,0.79082,0.82329,0.85575,0.88822,-0.7596,-0.77428,0.92069,0.95316,0.98563,1.0286,1.0652,1.0977,1.1302,1.1626,1.1892,1.2129,-0.77428,1.2454,1.2778,1.3103,1.3415,1.3631,1.3848,1.4108,1.4428,1.4644,1.486,-0.77758,1.5077,1.5293,1.551,1.5726,1.5943,1.6159,1.6376,1.6592,1.6787,1.6895,-0.7884,1.7095,1.7258,1.7381,1.7597,1.7729,1.7838,1.7946,1.8054,1.8162,1.8271,-0.78895,1.8379,1.8487,1.8595,1.8672,1.8672,1.8773,1.8757,1.8648,1.854,1.8432,-0.78895,1.8324,1.8216,1.8107,1.7999,1.7891,1.7773,1.7557,1.7341,1.7124,1.6908,-0.78895,1.6691,1.6475,1.6225,1.5901,1.5576,1.5251,1.4927,1.4602,1.4182,1.3749,-0.78895,1.3316,1.2883,1.245,1.2017,1.1584,1.1151,1.0638,1.0139,0.97059,0.92729,-0.79849,0.884,0.83723,0.78311,0.73945,0.69616,0.65562,0.62315,0.58096,0.54354,0.51107,-0.80363,0.4786,0.44614,0.41367,0.3812,0.34873,0.32452,0.29847,0.26655,0.2449,0.22326,-0.7596,-0.80363,0.20161,0.17997,0.16896,0.15814,0.14438,0.12273,0.11099,0.10623,0.10402,0.093201,-0.80363,0.082378,0.071556,0.060733,0.04991,0.047525,0.042939,0.03285,0.03285,0.03285,0.03285,-0.81243,0.03285,0.043673,0.047525,0.047525,0.047525,0.047525,0.053762,0.0622,0.0622,0.0622,-0.8183,0.067703,0.076875,0.076875,0.076875,0.076875,0.076875,0.076875,0.076875,0.076875,0.076875,-0.8194,0.076875,0.076875,0.076875,0.076875,0.066603,0.0622,0.0622,0.0622,0.0622,0.056514,-0.83023,0.047525,0.047525,0.047525,0.042572,0.03285,0.03285,0.03285,0.028631,0.018175,0.018175,-0.84105,0.018175,0.018175,0.018175,0.018175,0.018175,0.018175,0.018175,0.018175,0.012305,0.0035,-0.85187,0.0035,0.0035,0.0035,0.0035,0.0035,0.0035,0.0035,0.0035,0.0035,0.0035,-0.86269,0.0035,0.0035,0.0035,0.0035,0.0035,0.0035,0.0035,0.0035,0.001299,-0.009524,-0.87352,-0.020347,-0.02585,-0.024383,-0.01356,-0.002737,0.0035,0.004234,0.015057,-0.7596,-0.89168,-0.91332,-0.93497,-0.9357,-0.95551,-0.98248,-0.9933,-1.0333,-1.0825,-1.1366,-0.7596,-1.1907,-1.2088,-1.2453,-1.3051,-1.3268,-1.3402,-1.373,-1.4358,-1.4574,-1.5016,-0.7596,-1.5447,-1.5664,-1.6306,-1.6616,-1.6753,-1.697,-1.7186,-1.7584,-1.8037,-1.8146,-0.7596,-1.8254,-1.8575,-1.9057,-1.9165,-1.8936,-1.8703,-1.8602,-1.8602,-1.8525,-1.8379,-0.7596,-1.8162,-1.8054,-1.7876,-1.7659,-1.7443,-1.7327,-1.7094,-1.6794,-1.6577,-1.6361,-0.7596,-1.6144,-1.5911,-1.5587,-1.5348,-1.5084,-1.4768,-1.4552,-1.4257,-1.3932,-1.3607,4.0,2.0
2.0907,1.9987,1.7126,-0.41844,-0.4379,-0.46244,-0.48378,-0.50218,-0.5259,-0.55175,-0.58242,-0.60964,-0.63418,1.6758,-0.66429,-0.69338,-0.71792,-0.74615,-0.77682,-0.80749,-0.83633,-0.86086,-0.88935,-0.92002,1.6363,-0.9446,-0.96914,-0.99367,-1.0224,-1.0529,-1.0774,-1.0996,-1.118,-1.1409,-1.165,1.5934,-1.1834,-1.2018,-1.2202,-1.2386,-1.2562,-1.2685,-1.2808,-1.293,-1.3053,-1.3176,1.5505,-1.3298,-1.3421,-1.3544,-1.3614,-1.3688,-1.381,-1.39,-1.3961,-1.4077,-1.4185,1.5075,-1.4246,-1.4308,-1.4369,-1.4373,-1.439,-1.4452,-1.4475,-1.4475,-1.4534,-1.4576,1.4646,-1.4576,-1.4576,-1.4575,-1.4514,-1.4475,-1.4475,-1.4431,-1.437,-1.4308,-1.4272,1.4217,-1.4272,-1.4226,-1.4164,-1.4103,-1.4042,-1.398,-1.387,-1.3756,-1.3695,-1.3634,1.3787,-1.3572,-1.3511,-1.3438,-1.3316,-1.3226,-1.3164,-1.3049,-1.294,-1.2879,-1.2782,1.3358,-1.266,-1.2537,-1.2414,-1.2292,-1.2132,-1.1948,-1.1822,-1.1681,-1.1497,-1.1353,1.9323,1.2929,-1.123,-1.1046,-1.0841,-1.0596,-1.0393,-1.0209,-1.0025,-0.98171,-0.95717,-0.93715,1.2499,-0.91824,-0.89371,-0.87181,-0.85341,-0.83025,-0.80571,-0.78118,-0.75953,-0.74113,-0.71771,1.207,-0.69419,-0.67579,-0.65739,-0.63899,-0.62059,-0.60219,-0.58379,-0.56539,-0.54699,-0.53411,1.1641,-0.52185,-0.50958,-0.49731,-0.48504,-0.47278,-0.46228,-0.45615,-0.44611,-0.43385,-0.42761,1.1264,-0.42148,-0.41534,-0.40921,-0.40323,-0.40323,-0.40095,-0.39482,-0.38868,-0.38255,-0.37641,1.0896,-0.37028,-0.36415,-0.35801,-0.35254,-0.35254,-0.34975,-0.34362,-0.3424,-0.34149,-0.33536,1.0528,-0.33226,-0.33226,-0.32709,-0.32096,-0.31483,-0.30869,-0.30256,-0.291,-0.28015,-0.27402,1.0194,-0.26434,-0.25207,-0.24548,-0.23768,-0.22541,-0.21314,-0.20087,-0.18268,-0.1662,-0.15393,0.98873,-0.13761,-0.11921,-0.10081,-0.08241,-0.06401,-0.045609,-0.027209,-0.008808,0.009593,0.027993,0.95806,0.046394,0.064794,0.083195,0.1016,0.12,0.1384,0.15761,0.18214,0.20374,0.22214,1.9139,0.92739,0.24054,0.25894,0.27734,0.29574,0.31414,0.33254,0.34962,0.36189,0.3776,0.39601,0.89672,0.40883,0.4211,0.43336,0.44563,0.4579,0.47017,0.48061,0.48674,0.49683,0.5091,0.86971,0.51528,0.52141,0.52755,0.53368,0.53961,0.53961,0.54194,0.54808,0.55421,0.56034,0.84517,0.56648,0.57261,0.57874,0.58488,0.59101,0.59714,0.60328,0.60941,0.61555,0.62264,0.82064,0.63491,0.64718,0.65944,0.67693,0.69533,0.71373,0.73213,0.75053,0.76893,0.7888,0.79788,0.81334,0.84147,0.87214,0.89708,0.92334,0.954,0.98467,1.0153,1.052,1.0868,0.77948,1.1175,1.1523,1.189,1.2196,1.2525,1.2893,1.3261,1.3629,1.3997,1.434,0.76108,1.4647,1.5,1.5362,1.5669,1.5975,1.6282,1.6637,1.6988,1.7233,1.7509,0.74268,1.7815,1.8071,1.8316,1.8561,1.8807,1.9052,1.9297,1.9543,1.9788,1.9964,0.71221,2.0086,2.0265,2.0433,2.0556,2.0678,2.0801,2.0865,2.0889,1.8912,0.67952,0.64272,0.62254,0.61043,0.60429,0.5936,0.5752,0.56121,0.54772,0.51705,1.8667,0.48385,0.44705,0.42424,0.40584,0.38744,0.36067,0.32387,0.30182,0.28342,0.26502,1.8422,0.24054,0.20987,0.18954,0.17114,0.15274,0.13764,0.12537,0.10225,0.080559,0.068292,1.8152,0.059573,0.05344,0.030274,0.010758,0.004625,-0.00531,-0.017577,-0.029845,-0.055595,-0.1108,1.7846,-0.13356,-0.13974,-0.15201,-0.16428,-0.17654,-0.18881,-0.20108,-0.21334,-0.22561,-0.23788,1.7494,-0.25014,-0.26297,-0.28137,-0.29708,-0.30935,-0.32643,-0.34483,-0.36324,-0.38164,-0.40004,1.0,2.0
-1.8384,-1.7314,-1.4836,-0.55796,-0.55823,-0.57184,-0.58544,-0.59798,-0.59931,-0.61292,-0.62465,-0.62679,-0.63799,-1.4457,-0.64066,-0.65133,-0.65453,-0.66813,-0.68174,-0.71135,-0.7623,-0.78044,-0.80284,-0.82152,-1.4185,-0.83805,-0.84366,-0.85139,-0.85139,-0.85139,-0.84472,-0.83805,-0.83085,-0.82472,-0.81698,-1.3913,-0.80338,-0.79804,-0.78951,-0.7759,-0.77137,-0.76203,-0.70041,-0.65826,-0.64119,-0.62759,-1.3641,-0.60331,-0.58704,-0.56223,-0.54649,-0.52115,-0.50595,-0.48007,-0.4654,-0.43899,-0.42486,-1.3409,-0.39791,-0.38431,-0.37017,-0.34376,-0.33016,-0.31655,-0.30295,-0.28748,-0.2624,-0.2488,-1.3273,-0.23519,-0.21866,-0.19465,-0.17758,-0.1541,-0.1365,-0.11356,-0.099952,-0.081546,-0.059405,-1.3137,-0.045801,-0.032197,-0.024461,-0.018325,-0.011123,-0.011123,-0.004188,0.002214,0.002214,-0.005521,-1.3001,-0.011123,-0.011123,-0.019659,-0.033264,-0.046868,-0.051136,-0.060739,-0.074343,-0.087948,-0.11196,-1.2865,-0.12849,-0.1421,-0.1557,-0.16931,-0.18291,-0.19652,-0.21012,-0.23626,-0.30188,-0.31762,-1.7173,-1.2729,-0.3579,-0.37124,-0.37177,-0.38458,-0.38351,-0.37124,-0.36964,-0.35603,-0.34243,-0.32882,-1.2649,-0.31522,-0.30162,-0.28801,-0.27441,-0.2608,-0.2432,-0.22026,-0.20665,-0.15944,-0.081012,-1.2649,-0.053803,-0.026595,0.000614,0.027823,0.055031,0.075571,0.096111,0.11612,0.13719,0.15666,-1.271,0.17027,0.18387,0.19748,0.21108,0.23376,0.25163,0.26523,0.27884,0.29244,0.30604,-1.2782,0.33032,0.34659,0.3602,0.3738,0.3874,0.40101,0.41461,0.42822,0.44182,0.45543,-1.2715,0.46903,0.4693,0.48237,0.48237,0.48237,0.48237,0.48237,0.4805,0.46903,0.46663,-1.2649,0.45303,0.44236,0.43915,0.42555,0.41195,0.39834,0.38474,0.3666,0.34899,0.34392,-1.2649,0.33032,0.31671,0.30311,0.28951,0.2759,0.23562,0.20228,0.20228,0.20228,0.19454,-1.2574,0.18894,0.19721,0.20228,0.20228,0.21135,0.21562,0.23482,0.25216,0.25563,0.26603,-1.2515,0.27964,0.30418,0.3762,0.41195,0.42742,0.45303,0.46796,0.49411,0.50851,0.52211,-1.6901,-1.2515,0.54906,0.56293,0.5896,0.60401,0.63015,0.64375,0.65896,0.6843,0.6979,0.71151,-1.2515,0.72511,0.74165,0.76566,0.77926,0.78913,0.79313,0.80674,0.82034,0.82915,0.82915,-1.2515,0.83448,0.84248,0.84248,0.84248,0.83608,0.82915,0.82221,0.81581,0.81581,0.80807,-1.2515,0.80247,0.7942,0.7806,0.7758,0.76673,0.76246,0.75285,0.76886,0.7758,0.7862,-1.2515,0.78913,0.80007,0.81367,0.82728,0.84088,0.85449,0.86809,0.8817,0.8953,0.9089,-1.2422,0.93585,0.94972,0.97693,1.0041,1.0313,1.0599,1.1007,1.1396,1.169,1.2098,-1.2382,1.2506,1.2944,1.3456,1.3864,1.4309,1.4814,1.5264,1.5809,1.6353,1.6897,-1.2382,1.7441,1.7985,1.8529,1.9074,1.9618,2.0229,2.0839,2.1384,2.2003,2.2605,-1.2382,2.315,2.3694,2.4238,2.4694,2.5193,2.5644,2.6052,2.646,2.6868,2.7172,-1.2278,2.7444,2.7716,2.7988,2.8146,2.8282,2.8418,2.8554,2.869,-1.6629,-1.2248,-1.2248,-1.2136,-1.2115,-1.2115,-1.1995,-1.1982,-1.1856,-1.1848,-1.1718,-1.6356,-1.1715,-1.1582,-1.1576,-1.144,-1.1304,-1.1168,-1.1032,-1.0896,-1.076,-1.0624,-1.6084,-1.0488,-1.0352,-1.0216,-1.008,-0.99437,-0.98077,-0.96716,-0.95356,-0.93995,-0.92635,-1.5794,-0.91274,-0.89914,-0.88554,-0.87193,-0.85833,-0.84472,-0.82418,-0.80418,-0.7831,-0.76363,-1.5407,-0.74202,-0.72308,-0.70948,-0.68707,-0.66893,-0.65533,-0.64172,-0.62812,-0.61452,-0.60091,-1.5135,-0.58731,-0.5737,-0.5601,-0.55796,-0.54623,-0.54463,-0.54463,-0.54463,-0.54463,-0.54463,5.0,2.0
-1.9089,-1.7965,-1.6903,-0.90169,-0.93076,-0.94942,-0.97849,-1.0076,-1.0366,-1.0553,-1.0844,-1.103,-1.1257,-1.6799,-1.1924,-1.2111,-1.2322,-1.2426,-1.2286,-1.2204,-1.2017,-1.1935,-1.1748,-1.1561,-1.6695,-1.1375,-1.1188,-1.0897,-1.0661,-1.0392,-1.0123,-0.98388,-0.9548,-0.93156,-0.89013,-1.659,-0.81554,-0.78837,-0.76781,-0.73874,-0.71805,-0.69101,-0.67234,-0.64327,-0.62461,-0.59554,-1.6581,-0.57688,-0.54781,-0.52358,-0.49667,-0.46976,-0.43244,-0.41287,-0.3838,-0.36513,-0.33606,-1.6486,-0.3174,-0.29874,-0.27529,-0.25101,-0.23235,-0.20497,-0.18462,-0.16596,-0.13689,-0.11823,-1.6382,-0.099566,-0.080906,-0.062245,-0.043585,-0.024924,-0.006263,0.006619,0.020647,0.039308,0.057969,-1.6278,0.069082,0.084879,0.10354,0.12113,0.13045,0.14195,0.15236,0.16561,0.17386,0.1836,-1.6174,0.19401,0.20442,0.20686,0.21483,0.21483,0.21483,0.21483,0.21483,0.20452,0.20442,-1.6064,0.18802,0.17977,0.1507,0.12212,0.10297,0.062705,0.024005,-0.005066,-0.033252,-0.060163,-1.784,-1.5966,-0.087074,-0.11398,-0.1409,-0.16908,-0.18774,-0.2064,-0.22772,-0.25364,-0.26238,-0.27063,-1.5795,-0.28487,-0.29528,-0.29528,-0.29528,-0.28909,-0.28487,-0.27259,-0.26405,-0.24568,-0.23282,-1.5712,-0.21512,-0.2001,-0.18144,-0.16278,-0.14412,-0.12546,-0.11721,-0.098551,-0.087074,-0.071641,-1.5526,-0.05298,0.017732,0.036393,0.065464,0.094535,0.12361,0.15299,0.18175,0.20041,0.22331,-1.5339,0.24814,0.2668,0.29363,0.31453,0.3436,0.36396,0.39133,0.42041,0.44469,0.4716,-1.5152,0.49721,0.52542,0.55233,0.57401,0.60308,0.63215,0.65997,0.67988,0.70896,0.72762,-1.507,0.7468,0.77535,0.79401,0.81712,0.84174,0.8604,0.88744,0.90813,0.92679,0.95586,-1.4883,0.97452,0.99318,1.0118,1.0201,1.0388,1.0477,1.0581,1.0685,1.0789,1.0789,-1.4697,1.0883,1.0893,1.0893,1.0893,1.0893,1.0803,1.0789,1.0685,1.0477,1.0258,-1.451,0.98702,0.96193,0.93502,0.90811,0.88114,0.85207,0.81696,0.79005,0.75445,0.72582,-1.7696,-1.4404,0.69891,0.672,0.63811,0.58695,0.5592,0.53312,0.51673,0.50322,0.4855,0.47631,-1.4241,0.46468,0.45427,0.45427,0.45481,0.46468,0.48172,0.48997,0.50863,0.52729,0.54595,-1.4054,0.56462,0.58736,0.60194,0.63077,0.64967,0.72038,0.74945,0.77852,0.80697,0.83388,-1.3868,0.85532,0.87729,0.9042,0.93213,0.9612,0.97986,1.0089,1.0276,1.0553,1.0753,-1.3681,1.094,1.1126,1.1313,1.15,1.1686,1.1916,1.2164,1.235,1.2537,1.2619,-1.3571,1.2767,1.2888,1.2975,1.3079,1.3183,1.3287,1.3391,1.3488,1.357,1.3653,-1.3412,1.3808,1.3912,1.4004,1.412,1.4273,1.4356,1.4537,1.4625,1.4745,1.4894,-1.3226,1.5057,1.5163,1.5265,1.5432,1.5515,1.5701,1.5888,1.6074,1.6261,1.6448,-1.3039,1.6634,1.6821,1.7084,1.7298,1.7589,1.7787,1.8066,1.8357,1.8648,1.8938,-1.2852,1.9125,1.9402,1.9602,1.9789,2.008,2.0266,2.0453,2.0639,-1.7614,-1.2666,-1.2479,-1.2292,-1.2106,-1.1919,-1.1733,-1.1546,-1.1359,-1.1173,-1.0986,-1.7427,-1.08,-1.0613,-1.0426,-1.024,-1.0053,-0.99707,-0.97841,-0.96154,-0.9515,-0.94072,-1.7319,-0.92459,-0.91634,-0.89908,-0.88943,-0.88118,-0.86785,-0.85427,-0.84602,-0.83662,-0.82621,-1.7215,-0.8158,-0.80539,-0.79498,-0.7861,-0.77785,-0.7696,-0.76375,-0.75334,-0.75334,-0.74293,-1.7076,-0.73876,-0.73051,-0.72211,-0.7117,-0.7117,-0.70129,-0.70129,-0.70129,-0.7117,-0.7117,-1.6993,-0.72549,-0.73374,-0.7524,-0.76065,-0.77931,-0.79797,-0.81663,-0.83529,-0.85395,-0.87738,5.0,2.0
1.8431,1.8102,1.7087,-0.53871,-0.56744,-0.5869,-0.61563,-0.63509,-0.66382,-0.67402,-0.69487,-0.72221,-0.74213,1.6943,-0.7704,-0.79867,-0.81859,-0.84732,-0.86956,-0.89551,-0.90941,-0.93444,-0.96317,-0.98263,1.68,-1.0114,-1.0401,-1.0688,-1.0975,-1.1226,-1.1295,-1.1559,-1.1768,-1.2004,-1.2236,1.6749,-1.2431,-1.2718,-1.295,-1.32,-1.3357,-1.3589,-1.3802,-1.4038,-1.4182,-1.4326,1.6605,-1.4469,-1.4613,-1.4655,-1.4715,-1.4859,-1.4933,-1.5025,-1.5025,-1.4988,-1.4933,1.6462,-1.484,-1.484,-1.4785,-1.4734,-1.4655,-1.4539,-1.4469,-1.4344,-1.4284,-1.415,1.6318,-1.4099,-1.3955,-1.3811,-1.3728,-1.3617,-1.3543,-1.3422,-1.3279,-1.3265,-1.3177,1.6174,-1.3126,-1.2982,-1.2894,-1.2787,-1.2644,-1.2523,-1.2449,-1.2305,-1.2162,-1.2111,1.6031,-1.1967,-1.1823,-1.168,-1.1596,-1.1504,-1.1434,-1.1291,-1.1147,-1.1003,-1.086,1.5887,-1.0716,-1.0572,-1.0429,-1.0378,-1.0299,-1.0183,-1.0039,-0.98958,-0.97522,-0.96085,1.806,1.5743,-0.94649,-0.94139,-0.92795,-0.92193,-0.90756,-0.8932,-0.87883,-0.86447,-0.8501,-0.83574,1.5692,-0.83064,-0.81674,-0.81118,-0.79681,-0.78245,-0.77735,-0.76299,-0.74862,-0.73426,-0.73333,1.5549,-0.72406,-0.7097,-0.7046,-0.69023,-0.67772,-0.67077,-0.65641,-0.64992,-0.63694,-0.63138,1.5405,-0.62212,-0.61239,-0.60358,-0.59292,-0.57856,-0.56419,-0.54983,-0.54797,-0.53963,-0.52527,1.5261,-0.52017,-0.50581,-0.49237,-0.48634,-0.47383,-0.46688,-0.4553,-0.44742,-0.44232,-0.42796,1.5048,-0.41823,-0.4085,-0.39413,-0.38903,-0.37467,-0.37189,-0.36447,-0.35938,-0.35335,-0.33991,1.4854,-0.32555,-0.32045,-0.31536,-0.30701,-0.29775,-0.2908,-0.28848,-0.2806,-0.27921,-0.27921,1.4645,-0.27458,-0.26994,-0.26438,-0.25929,-0.25141,-0.24214,-0.23473,-0.22361,-0.21526,-0.2009,1.4501,-0.18653,-0.17217,-0.1578,-0.14344,-0.12907,-0.10776,-0.10034,-0.08598,-0.067908,-0.047982,1.3918,-0.028984,-0.009522,0.013648,0.038671,0.060913,0.084546,0.10632,0.12579,0.14618,0.16471,1.8,1.3704,0.18417,0.19854,0.22217,0.23051,0.23237,0.24673,0.2611,0.27546,0.28983,0.30419,1.3144,0.31855,0.33292,0.34728,0.35238,0.36675,0.37184,0.38621,0.39131,0.40567,0.41077,1.2944,0.41587,0.42513,0.42606,0.4344,0.44367,0.45062,0.45294,0.46081,0.46591,0.47147,1.23,0.47611,0.4812,0.49557,0.50993,0.5243,0.53866,0.55303,0.57064,0.59103,0.60956,1.2157,0.62902,0.65266,0.67721,0.69992,0.72541,0.75414,0.78009,0.80233,0.83106,0.85098,1.1897,0.87925,0.90798,0.93671,0.96544,1.0007,1.0322,1.0683,1.0989,1.136,1.1656,1.1332,1.2036,1.2323,1.2703,1.2991,1.3278,1.3565,1.3853,1.414,1.4427,1.4627,1.0637,1.4909,1.5104,1.5335,1.5572,1.5715,1.5859,1.6003,1.6146,1.629,1.6341,1.0192,1.6485,1.6536,1.6577,1.6638,1.6763,1.6832,1.6948,1.7027,1.7171,1.7314,0.97888,1.7458,1.7509,1.7652,1.7689,1.7754,1.7782,1.7782,1.7782,1.7856,0.89779,0.83708,0.78565,0.74719,0.71985,0.70548,0.67258,0.65822,0.64385,0.62949,1.7713,0.60585,0.58176,0.54747,0.49788,0.48352,0.45294,0.44552,0.4344,0.42606,0.39501,1.7569,0.32319,0.27175,0.23978,0.23376,0.22866,0.20039,0.17583,0.14062,0.10262,0.065083,1.7504,0.049792,0.034037,-0.006741,-0.017399,-0.089224,-0.16105,-0.1958,-0.20831,-0.21434,-0.21851,1.7374,-0.23287,-0.24214,-0.25234,-0.2667,-0.2718,-0.28616,-0.30053,-0.31489,-0.32555,-0.33435,1.7231,-0.34872,-0.36308,-0.38301,-0.40108,-0.42193,-0.4414,-0.46271,-0.47105,-0.49144,-0.51507,1.0,2.0
2.3359,2.1669,1.8931,-0.54471,-0.56008,-0.57544,-0.59081,-0.61347,-0.63196,-0.64733,-0.66269,-0.68483,-0.70385,1.8624,-0.71921,-0.73458,-0.7562,-0.77573,-0.79188,-0.81493,-0.83225,-0.84762,-0.86324,-0.88629,1.8317,-0.90413,-0.92198,-0.94503,-0.96065,-0.98071,-1.0038,-1.0268,-1.043,-1.0625,-1.0855,1.7826,-1.1086,-1.1253,-1.1406,-1.1569,-1.18,-1.1913,-1.2021,-1.2175,-1.2328,-1.2429,1.7389,-1.2505,-1.2582,-1.2659,-1.2784,-1.2917,-1.2994,-1.3071,-1.3147,-1.324,-1.3394,1.7063,-1.3482,-1.3559,-1.3636,-1.3713,-1.3789,-1.3866,-1.3938,-1.3938,-1.3883,-1.3834,1.6525,-1.3834,-1.3834,-1.3784,-1.373,-1.373,-1.3658,-1.3625,-1.3608,-1.3532,-1.3455,1.6155,-1.3378,-1.3289,-1.3136,-1.3043,-1.2966,-1.2883,-1.2729,-1.2576,-1.2451,-1.2373,1.5848,-1.2219,-1.2116,-1.2016,-1.1862,-1.1708,-1.1555,-1.1401,-1.1247,-1.1094,-1.094,1.5536,-1.0786,-1.0633,-1.0479,-1.0325,-1.0164,-0.99334,-0.97602,-0.96065,-0.94529,-0.92992,2.0919,1.4998,-0.91455,-0.89919,-0.88382,-0.86845,-0.85309,-0.83772,-0.82235,-0.81389,-0.80204,-0.78667,1.4613,-0.7713,-0.75594,-0.74057,-0.72612,-0.71843,-0.70489,-0.69265,-0.68457,-0.66921,-0.65918,1.4306,-0.6515,-0.64381,-0.63613,-0.62845,-0.62076,-0.61308,-0.61243,-0.60813,-0.60045,-0.59276,1.3998,-0.59159,-0.58781,-0.58117,-0.58117,-0.57518,-0.5675,-0.56034,-0.56034,-0.56034,-0.5576,1.3399,-0.54992,-0.54992,-0.54992,-0.5477,-0.54002,-0.5395,-0.53507,-0.52908,-0.52908,-0.52244,1.2967,-0.51866,-0.51866,-0.51866,-0.51254,-0.50825,-0.50759,-0.49991,-0.49223,-0.48741,-0.48728,1.266,-0.4796,-0.47191,-0.46423,-0.45655,-0.44157,-0.43076,-0.42308,-0.41539,-0.40094,-0.38557,1.2352,-0.37021,-0.35484,-0.33947,-0.32411,-0.30952,-0.30184,-0.28842,-0.27306,-0.25769,-0.24232,1.1774,-0.22696,-0.21159,-0.19622,-0.18086,-0.16549,-0.14817,-0.12512,-0.10897,-0.089437,-0.066387,1.1361,-0.043337,-0.026668,-0.007655,0.015395,0.038445,0.061495,0.08142,0.097178,0.12023,0.13794,2.0688,1.1131,0.15591,0.17896,0.19446,0.20982,0.22519,0.24056,0.26296,0.28171,0.29708,0.31244,1.09,0.32781,0.34695,0.36792,0.3756,0.38928,0.40139,0.40959,0.42496,0.42939,0.43212,1.067,0.4398,0.4398,0.44475,0.45022,0.45022,0.45738,0.46507,0.47275,0.48043,0.48812,1.0334,0.4958,0.50348,0.51117,0.51885,0.52653,0.53487,0.55024,0.5656,0.5781,0.58592,0.98806,0.60128,0.62173,0.64244,0.6578,0.68046,0.69895,0.71614,0.73919,0.76224,0.78933,0.94964,0.81876,0.84181,0.86486,0.89143,0.92216,0.9529,0.98363,1.0144,1.0451,1.0758,0.91122,1.1066,1.1398,1.1782,1.2092,1.2399,1.2706,1.3014,1.339,1.3733,1.404,0.87281,1.4347,1.4655,1.4962,1.5269,1.5577,1.5884,1.6191,1.6499,1.6806,1.7113,0.83543,1.7421,1.7728,1.8035,1.8343,1.865,1.8957,1.9265,1.9529,1.976,1.999,0.82775,2.0221,2.0451,2.0671,2.0825,2.0919,2.1028,2.1176,2.1253,2.0458,0.79923,0.77071,0.76303,0.71081,0.6664,0.62798,0.58956,0.57185,0.53565,0.48903,2.0227,0.47366,0.42639,0.39084,0.37274,0.33432,0.30762,0.28457,0.26035,0.21425,0.16815,1.9997,0.12986,0.10681,0.091317,0.071132,0.050166,0.034799,-0.001665,-0.027189,-0.040993,-0.048676,1.9766,-0.088916,-0.11613,-0.12798,-0.1664,-0.18086,-0.20156,-0.23737,-0.23737,-0.24284,-0.25326,1.9536,-0.26863,-0.30705,-0.32567,-0.33335,-0.34103,-0.34872,-0.3564,-0.36409,-0.37177,-0.37945,1.9239,-0.39104,-0.40524,-0.41292,-0.42672,-0.44209,-0.45746,-0.47282,-0.48819,-0.50642,-0.52934,1.0,2.0
-2.0853,-1.9272,-1.6208,-1.0678,-1.0738,-1.0788,-1.0788,-1.081,-1.0871,-1.0899,-1.0899,-1.0899,-1.0899,-1.5981,-1.0843,-1.0783,-1.0722,-1.0628,-1.0445,-1.029,-1.0169,-1.0086,-1.0025,-0.98148,-1.592,-0.95715,-0.94498,-0.93282,-0.92065,-0.90406,-0.87972,-0.86203,-0.84986,-0.83769,-0.82553,-1.586,-0.79677,-0.76801,-0.75584,-0.7387,-0.70828,-0.6834,-0.66515,-0.6469,-0.62865,-0.59546,-1.5799,-0.55896,-0.54071,-0.52357,-0.5114,-0.49039,-0.45389,-0.42734,-0.40909,-0.37757,-0.34107,-1.5738,-0.32116,-0.30346,-0.29129,-0.27415,-0.24373,-0.21884,-0.20059,-0.18622,-0.17405,-0.14695,-1.5677,-0.11653,-0.10437,-0.089987,-0.065653,-0.045744,-0.033577,-0.024728,-0.018645,-0.003713,0.014537,-1.5655,0.021727,0.027257,0.027257,0.028916,0.035,0.038318,0.038318,0.038318,0.038318,0.028363,-1.5655,0.016196,0.010113,0.001818,-0.016433,-0.032471,-0.044638,-0.063441,-0.087775,-0.098835,-0.10492,-1.5655,-0.11653,-0.12925,-0.1475,-0.16243,-0.16852,-0.1746,-0.18068,-0.1829,-0.1829,-0.17294,-1.7944,-1.5655,-0.16078,-0.15469,-0.1475,-0.13534,-0.12317,-0.111,-0.098835,-0.086668,-0.043532,0.011219,-1.5594,0.021727,0.029469,0.053803,0.074818,0.086985,0.099152,0.11132,0.13123,0.15556,0.16994,-1.5544,0.18211,0.21252,0.23962,0.25179,0.26617,0.28442,0.30931,0.33972,0.35687,0.36903,-1.5544,0.38673,0.40609,0.43651,0.4636,0.48185,0.50563,0.53605,0.55486,0.56702,0.57919,-1.5544,0.59136,0.62177,0.64887,0.66104,0.67321,0.68537,0.70086,0.71911,0.73293,0.7451,-1.5544,0.75727,0.76943,0.7816,0.79377,0.80593,0.81534,0.82142,0.8275,0.83359,0.83967,-1.5511,0.84575,0.85184,0.85792,0.864,0.86787,0.86787,0.87119,0.87728,0.87894,0.87894,-1.545,0.8734,0.86787,0.86787,0.86622,0.86013,0.85405,0.84797,0.83801,0.82584,0.81368,-1.5389,0.80151,0.79543,0.78824,0.77607,0.76612,0.76003,0.75063,0.73846,0.73072,0.72464,-1.5329,0.71855,0.71192,0.69975,0.68758,0.67542,0.65772,0.63339,0.62841,0.63449,0.64058,-1.7762,-1.5268,0.64666,0.64666,0.64887,0.66104,0.67099,0.67708,0.68648,0.69864,0.70639,0.71247,-1.5207,0.7628,0.81312,0.81921,0.82861,0.84686,0.86234,0.87451,0.88668,0.89884,0.90603,-1.5146,0.91212,0.93037,0.94751,0.95968,0.97627,1.0006,1.0183,1.0305,1.0515,1.0758,-1.5069,1.0891,1.1024,1.1267,1.1477,1.1599,1.1748,1.1931,1.2074,1.2196,1.2268,-1.4947,1.2329,1.2511,1.2672,1.2733,1.2815,1.2937,1.3026,1.3086,1.3147,1.3208,-1.4853,1.3269,1.3324,1.3324,1.3341,1.3402,1.3463,1.3523,1.3545,1.3545,1.3545,-1.4792,1.3545,1.3606,1.3656,1.3656,1.3656,1.3656,1.3656,1.3656,1.3656,1.3656,-1.4654,1.3656,1.3662,1.3722,1.3783,1.3844,1.3905,1.3966,1.4027,1.4087,1.4248,-1.4471,1.443,1.4491,1.4552,1.4613,1.4718,1.49,1.505,1.5171,1.5337,1.552,-1.4388,1.5592,1.5658,1.578,1.5901,1.6023,1.6117,1.6178,1.6239,-1.7491,-1.4328,-1.4084,-1.3863,-1.3741,-1.362,-1.3498,-1.331,-1.3067,-1.2868,-1.2685,-1.7065,-1.2392,-1.2104,-1.1983,-1.1861,-1.1739,-1.1535,-1.1231,-1.1004,-1.0821,-1.0689,-1.6805,-1.0567,-1.0263,-0.99807,-0.97982,-0.96379,-0.95162,-0.93282,-0.90848,-0.893,-0.88083,-1.6684,-0.86866,-0.8565,-0.84433,-0.83382,-0.82774,-0.82442,-0.82442,-0.82442,-0.82442,-0.8294,-1.6562,-0.83548,-0.84156,-0.84986,-0.86811,-0.88194,-0.88802,-0.89742,-0.90959,-0.9306,-0.95494,-1.644,-0.96268,-0.96932,-0.98148,-0.99531,-1.0136,-1.0263,-1.0324,-1.0384,-1.0445,-1.0556,5.0,2.0
-2.1394,-1.9004,-1.5975,-0.77665,-0.77313,-0.77313,-0.77313,-0.77313,-0.77313,-0.77264,-0.76493,-0.75905,-0.75905,-1.5901,-0.75905,-0.75905,-0.75454,-0.74683,-0.74496,-0.74496,-0.73778,-0.73007,-0.72235,-0.71464,-1.5901,-0.70693,-0.69922,-0.69151,-0.6838,-0.67608,-0.66837,-0.66066,-0.65295,-0.64411,-0.62869,-1.5884,-0.61573,-0.60802,-0.5965,-0.58108,-0.57079,-0.56308,-0.55537,-0.54766,-0.53995,-0.53223,-1.5807,-0.52452,-0.51681,-0.5091,-0.50139,-0.49368,-0.48596,-0.47825,-0.47054,-0.46283,-0.45512,-1.576,-0.44917,-0.44917,-0.44607,-0.43835,-0.43064,-0.42293,-0.40944,-0.39402,-0.38571,-0.37726,-1.576,-0.36183,-0.34641,-0.33099,-0.31898,-0.31127,-0.2988,-0.28338,-0.26795,-0.25253,-0.23711,-1.576,-0.22168,-0.20626,-0.19084,-0.17541,-0.15999,-0.14456,-0.12914,-0.11372,-0.1047,-0.096956,-1.576,-0.081532,-0.067482,-0.05977,-0.052058,-0.044346,-0.036634,-0.028922,-0.02121,-0.013499,-0.005787,-1.576,0.001925,0.009637,0.015659,0.015659,0.018687,0.026399,0.029744,0.029744,0.035449,0.043161,-1.7001,-1.576,0.050872,0.058584,0.066296,0.074008,0.08172,0.086086,0.086086,0.095453,0.11088,0.12028,-1.569,0.12799,0.1357,0.14341,0.15113,0.15884,0.16655,0.17792,0.19335,0.20377,0.21148,-1.5619,0.21919,0.22691,0.2423,0.25642,0.26413,0.27184,0.27955,0.28726,0.29498,0.308,-1.5619,0.32343,0.3322,0.33991,0.34762,0.35533,0.36304,0.37076,0.37847,0.38618,0.39389,-1.56,0.4016,0.40931,0.41005,0.41065,0.41836,0.42608,0.43379,0.4415,0.44921,0.45692,-1.5522,0.46464,0.47235,0.48006,0.48777,0.49548,0.5032,0.51316,0.52858,0.54401,0.55943,-1.5478,0.56993,0.57764,0.59162,0.60704,0.62246,0.63789,0.65331,0.66874,0.68416,0.69567,-1.5478,0.70339,0.71634,0.73177,0.74719,0.76262,0.77804,0.79346,0.80889,0.82142,0.82914,-1.5432,0.84107,0.8565,0.86636,0.87407,0.88178,0.88949,0.8972,0.90492,0.91263,0.92034,-1.5355,0.92805,0.93122,0.93122,0.9371,0.94481,0.95252,0.95939,0.95939,0.96157,0.96929,-1.6847,-1.5278,0.97348,0.97348,0.97834,0.98605,0.98756,0.98756,0.9951,1.0016,1.0016,1.0041,-1.5201,1.0119,1.0196,1.0273,1.0298,1.0298,1.0363,1.044,1.0518,1.058,1.058,-1.5123,1.0608,1.0685,1.0721,1.0721,1.0776,1.0853,1.0862,1.0866,1.0943,1.1002,-1.5046,1.1002,1.1034,1.1111,1.1143,1.1143,1.1201,1.1279,1.1356,1.1425,1.1425,-1.4969,1.1446,1.1523,1.1566,1.1566,1.1566,1.1566,1.1627,1.1704,1.1707,1.1718,-1.4892,1.1795,1.1872,1.1949,1.1988,1.1988,1.204,1.2117,1.2194,1.2271,1.2348,-1.4815,1.2425,1.2502,1.2579,1.2656,1.2734,1.2811,1.2888,1.2965,1.311,1.326,-1.4738,1.3337,1.3432,1.3586,1.374,1.3894,1.4092,1.4324,1.4555,1.4787,1.4947,-1.4661,1.5108,1.534,1.5551,1.5705,1.5893,1.6124,1.6309,1.6463,1.6556,1.6634,-1.4534,1.6785,1.6929,1.7006,1.7083,1.716,1.7237,1.7314,1.7291,-1.6693,-1.438,-1.4289,-1.4211,-1.4134,-1.4057,-1.398,-1.3903,-1.3826,-1.3749,-1.3672,-1.6538,-1.3594,-1.3517,-1.344,-1.3363,-1.3286,-1.3225,-1.3225,-1.3166,-1.3012,-1.29,-1.6424,-1.2823,-1.2746,-1.2669,-1.2523,-1.2374,-1.2297,-1.2201,-1.2046,-1.1892,-1.1738,-1.6347,-1.1584,-1.1429,-1.1275,-1.1121,-1.0967,-1.0804,-1.0572,-1.0363,-1.0209,-1.0055,-1.6216,-0.99005,-0.97463,-0.9592,-0.94378,-0.92836,-0.91293,-0.89871,-0.89099,-0.88075,-0.86532,-1.6062,-0.85377,-0.84606,-0.83835,-0.83064,-0.81638,-0.8013,-0.8013,-0.79979,-0.79208,-0.78437,3.0,2.0
0.70959,0.61193,0.557,1.5107,1.413,1.262,1.0422,0.92932,0.82403,0.70196,0.57988,0.45323,0.30674,0.557,0.17552,0.054968,-0.042691,-0.28684,-0.67747,-0.77056,-0.8438,-0.91704,-0.97045,-1.0193,0.557,-1.0681,-1.1002,-1.1276,-1.1765,-1.2115,-1.236,-1.2604,-1.2741,-1.2741,-1.2955,0.557,-1.3123,-1.3123,-1.2939,-1.2741,-1.2741,-1.2589,-1.2329,-1.1841,-1.1475,-1.123,0.557,-1.0757,-1.0269,-0.97808,-0.90941,-0.84227,-0.79344,-0.72783,-0.65459,-0.58134,-0.5081,0.557,-0.43485,-0.36161,-0.28836,-0.21512,-0.12051,-0.022854,0.074805,0.17246,0.27012,0.36778,0.54784,0.46544,0.5631,0.66076,0.75842,0.85608,0.95374,1.0422,1.1155,1.1887,1.262,0.52343,1.3352,1.4085,1.4787,1.5275,1.5763,1.6251,1.674,1.7121,1.7365,1.7396,0.49901,1.7396,1.7396,1.648,1.5397,1.4909,1.4268,1.3535,1.2803,1.207,1.1338,0.4746,0.94611,0.78741,0.68975,0.59209,0.48833,0.36626,0.26097,0.16331,0.065649,-0.03201,0.557,0.45018,-0.12967,-0.22733,-0.41044,-0.70342,-0.80413,-0.86974,-0.91857,-0.9674,-1.0162,-1.0651,0.42577,-1.1139,-1.1612,-1.1856,-1.2222,-1.2711,-1.297,-1.3214,-1.3458,-1.3504,-1.3565,0.40135,-1.3809,-1.3886,-1.3886,-1.3886,-1.3748,-1.3504,-1.3504,-1.3397,-1.3153,-1.2909,0.37694,-1.2589,-1.21,-1.1612,-1.1169,-1.0925,-1.0529,-1.0025,-0.92925,-0.86821,-0.81939,0.35252,-0.74767,-0.67442,-0.60118,-0.52793,-0.45469,-0.38145,-0.3082,-0.23191,-0.13425,-0.050321,0.32811,0.022923,0.12058,0.20756,0.2808,0.37541,0.46544,0.53868,0.63024,0.72332,0.79657,0.27928,0.86981,0.94305,1.0163,1.0773,1.1262,1.1979,1.262,1.3108,1.3596,1.4024,0.23045,1.4268,1.468,1.5137,1.5382,1.5626,1.587,1.6114,1.6251,1.6251,1.6251,0.18162,1.6251,1.6251,1.6068,1.5824,1.558,1.5336,1.5061,1.4329,1.3718,1.323,0.11143,1.2742,1.2162,1.1429,1.0697,0.99646,0.92322,0.84997,0.77673,0.70348,0.61651,0.557,0.038183,0.51885,0.42119,0.33421,0.26097,0.16636,0.076331,0.003086,-0.088469,-0.18155,-0.25479,-0.035062,-0.3433,-0.45316,-0.74614,-0.92925,-1.0025,-1.0529,-1.1017,-1.1505,-1.1993,-1.2421,-0.10831,-1.2665,-1.2909,-1.3153,-1.3397,-1.3504,-1.3504,-1.3748,-1.3779,-1.3535,-1.3504,-0.18613,-1.3428,-1.3184,-1.2939,-1.2695,-1.2451,-1.2207,-1.1948,-1.1459,-1.0971,-1.0483,-0.28379,-0.99944,-0.95061,-0.90179,-0.83312,-0.76598,-0.71715,-0.65153,-0.58134,-0.53251,-0.46995,-0.38145,-0.39671,-0.32346,-0.2609,-0.21207,-0.16324,-0.11441,-0.06558,-0.016751,0.032079,0.080908,-0.4791,0.11448,0.13889,0.16331,0.18772,0.21214,0.23655,0.26097,0.28538,0.3098,0.32811,-0.57676,0.32811,0.32811,0.32506,0.30064,0.28996,0.28996,0.26554,0.25181,0.25181,0.23045,-0.67442,0.21366,0.21366,0.19535,0.17552,0.17552,0.17552,0.17552,0.17552,0.17552,0.17552,-0.77208,0.17552,0.17552,0.17552,0.17552,0.17552,0.17552,0.15873,0.13432,0.557,-0.86974,-0.9674,-1.0651,-1.1429,-1.2161,-1.2894,-1.3458,-1.3947,-1.4435,-1.4786,0.557,-1.503,-1.503,-1.503,-1.503,-1.4816,-1.4572,-1.4328,-1.3901,-1.3367,-1.2634,0.557,-1.2054,-1.1536,-1.0559,-0.95824,-0.86059,-0.76293,-0.66527,-0.56761,-0.45011,-0.33414,0.557,-0.23648,-0.12204,3.5e-05,0.12211,0.24418,0.36626,0.48833,0.6104,0.73248,0.85455,0.557,0.96899,1.0667,1.1826,1.3001,1.3978,1.4802,1.5534,1.6267,1.6999,1.7732,0.557,1.8006,1.825,1.8495,1.8739,1.8922,1.8922,1.8754,1.851,1.8266,1.706,2.0,2.0
-0.71158,-0.73041,-0.73199,-1.564,-1.5416,-1.5039,-1.4666,-1.4478,-1.4113,-1.3737,-1.3505,-1.3188,-1.2811,-0.73199,-1.2434,-1.2058,-1.142,-1.0488,-1.0111,-0.97342,-0.93575,-0.89808,-0.84296,-0.80233,-0.73342,-0.76466,-0.72699,-0.71158,-0.71158,-0.71158,-0.71158,-0.71158,-0.71158,-0.71158,-0.71148,-0.75226,-0.67381,-0.63614,-0.62991,-0.57336,-0.38502,-0.27186,-0.24364,-0.21378,-0.19494,-0.17611,-0.75241,-0.15728,-0.13548,-0.078979,-0.059941,-0.041107,-0.022273,-0.017424,-0.005021,0.013813,0.032647,-0.76951,0.051481,0.064241,0.068732,0.084657,0.085984,0.10482,0.10507,0.12207,0.12549,0.13932,-0.77283,0.14591,0.15657,0.17541,0.19424,0.21308,0.22757,0.23033,0.24799,0.24799,0.26641,-0.77283,0.2684,0.28366,0.28882,0.30092,0.30924,0.31817,0.32965,0.33542,0.35007,0.35267,-0.77283,0.37151,0.39034,0.3909,0.40759,0.42643,0.44526,0.46409,0.48293,0.50176,0.5134,-0.77283,0.51901,0.53785,0.55668,0.57552,0.59435,0.61318,0.63202,0.65085,0.66969,0.68852,-0.73199,-0.77283,0.71756,0.7466,0.76544,0.78427,0.80699,0.84236,0.86119,0.88002,0.91682,0.93811,-0.78043,0.97174,0.99619,1.0267,1.0543,1.0816,1.1124,1.1365,1.1742,1.2097,1.2291,-0.79324,1.2668,1.2866,1.3217,1.3447,1.3635,1.3939,1.4216,1.4405,1.4593,1.473,-0.79324,1.4765,1.4954,1.5142,1.533,1.5342,1.5503,1.5691,1.588,1.5955,1.6052,-0.79324,1.624,1.6363,1.6413,1.6601,1.6771,1.6774,1.6962,1.68,1.6612,1.6424,-0.79324,1.6235,1.6159,1.6063,1.5874,1.5686,1.5498,1.5309,1.5121,1.4934,1.4934,-0.79324,1.4587,1.4368,1.4179,1.3865,1.3599,1.3316,1.3018,1.2829,1.2641,1.2422,-0.79324,1.206,1.1872,1.1684,1.1495,1.1151,1.0774,1.0522,1.0334,1.0052,0.95985,-0.79324,0.9156,0.89677,0.87497,0.83868,0.81985,0.78238,0.74472,0.72251,0.6898,0.66443,-0.80861,0.65631,0.64718,0.62079,0.58909,0.57026,0.55423,0.55301,0.53417,0.51534,0.4965,-0.73199,-0.81366,0.49298,0.47925,0.47257,0.462,0.45215,0.44475,0.43173,0.43173,0.43173,0.43066,-0.81366,0.41183,0.41132,0.41132,0.41132,0.41132,0.39932,0.3909,0.3909,0.38365,0.37049,-0.81366,0.37049,0.36798,0.35007,0.35007,0.35007,0.35007,0.33506,0.32965,0.32965,0.32965,-0.81366,0.32965,0.32965,0.32414,0.30924,0.30924,0.30924,0.30924,0.30924,0.30924,0.30924,-0.81366,0.30924,0.32092,0.32965,0.32965,0.32965,0.32965,0.32965,0.32965,0.32965,0.32965,-0.81366,0.31179,0.30924,0.30924,0.30924,0.2977,0.28882,0.28045,0.2684,0.2684,0.26478,-0.81366,0.24799,0.24753,0.22869,0.22757,0.22757,0.22757,0.21461,0.20715,0.20715,0.20715,-0.81366,0.20715,0.20715,0.20368,0.18674,0.18674,0.18674,0.18674,0.18674,0.17235,0.16632,-0.81366,0.16632,0.16632,0.16632,0.16632,0.16142,0.14591,0.14591,0.14591,0.14591,0.14591,-0.81366,0.14591,0.16015,0.16632,0.16632,0.16632,0.17423,0.19307,0.20715,-0.73199,-0.81366,-0.81366,-0.82887,-0.83408,-0.8943,-0.99894,-1.0587,-1.066,-1.0848,-1.1202,-0.73199,-1.2016,-1.2025,-1.2214,-1.3131,-1.3241,-1.3391,-1.3984,-1.438,-1.4878,-1.537,-0.73199,-1.5558,-1.5913,-1.6507,-1.6531,-1.6744,-1.7497,-1.7528,-1.7528,-1.7975,-1.8274,-0.73199,-1.8932,-1.9467,-1.9998,-2.066,-2.0903,-2.1126,-2.0795,-2.0788,-2.06,-2.0411,-0.73199,-2.0223,-2.0035,-1.9846,-1.9658,-1.947,-1.9281,-1.9093,-1.8905,-1.8716,-1.8528,-0.73199,-1.8335,-1.7958,-1.7759,-1.757,-1.7236,-1.699,-1.6801,-1.6514,-1.622,-1.5965,4.0,2.0
0.32387,0.32387,0.26763,1.6456,1.7181,1.7502,1.7743,1.7862,1.7862,1.7817,1.758,1.758,1.7372,0.25469,1.6962,1.6607,1.5916,1.4616,1.3891,1.3165,1.2226,1.1259,1.0291,0.92285,0.2395,0.80755,0.70913,0.58821,0.46728,0.34636,0.2395,0.001039,-0.34148,-0.41403,-0.48658,0.2395,-0.55913,-0.61312,-0.66149,-0.70986,-0.75148,-0.77566,-0.79985,-0.82403,-0.84822,-0.85721,0.2395,-0.86846,-0.88534,-0.88534,-0.88534,-0.86171,-0.85721,-0.84147,-0.80547,-0.76498,-0.73686,0.2395,-0.68849,-0.64012,-0.57151,-0.49895,-0.41403,-0.31729,-0.22055,-0.12382,-0.027082,0.069654,0.2395,0.16639,0.26313,0.35986,0.46166,0.58033,0.65288,0.74681,0.84354,0.94028,1.0275,0.22207,1.1056,1.2007,1.2732,1.3677,1.4465,1.505,1.5634,1.6298,1.6782,1.7265,0.21138,1.7749,1.8233,1.857,1.8812,1.8986,1.9015,1.9256,1.9268,1.9268,1.9116,0.21138,1.7749,1.5674,1.4915,1.3947,1.3216,1.2294,1.1169,1.0078,0.91103,0.81036,0.32387,0.21138,0.68944,0.5927,0.47572,0.061218,-0.25992,-0.34822,-0.42078,-0.49333,-0.56588,-0.63843,0.21138,-0.69411,-0.74248,-0.79085,-0.83922,-0.88646,-0.91064,-0.9562,-0.98713,-0.99782,-1.0074,0.21138,-1.0259,-1.0243,-1.0001,-0.99782,-0.97982,-0.95564,-0.92133,-0.87915,-0.85272,-0.80435,0.18945,-0.73348,-0.67949,-0.6165,-0.54395,-0.47139,-0.39603,-0.29929,-0.20256,-0.12494,-0.037206,0.16527,0.05953,0.14896,0.22488,0.32162,0.41835,0.51509,0.59608,0.68044,0.7693,0.84579,0.14108,0.94253,1.0151,1.0876,1.1602,1.2327,1.2969,1.3497,1.4217,1.4701,1.5184,0.1169,1.5668,1.6152,1.6546,1.6838,1.731,1.7552,1.7794,1.8036,1.8278,1.852,0.092713,1.8705,1.8722,1.8964,1.8986,1.8986,1.8986,1.7873,1.5708,1.4937,1.3728,0.066279,1.2744,1.1962,1.1236,1.0404,0.94365,0.84973,0.77718,0.68157,0.58483,0.48809,0.017911,0.39136,0.29462,0.19789,0.10115,-0.27905,-0.41009,-0.49839,-0.58332,-0.65587,-0.72842,0.30756,-0.030457,-0.80097,-0.87352,-0.94608,-1.0023,-1.0507,-1.0991,-1.1474,-1.1958,-1.2442,-1.2717,-0.078825,-1.2959,-1.3201,-1.3443,-1.3685,-1.3926,-1.4168,-1.4196,-1.4196,-1.4196,-1.4196,-0.12719,-1.4196,-1.4179,-1.3938,-1.3696,-1.3634,-1.3493,-1.3251,-1.301,-1.2745,-1.2262,-0.18625,-1.2003,-1.1761,-1.1373,-1.0996,-1.0687,-1.0231,-0.99894,-0.9517,-0.90333,-0.87015,-0.25205,-0.83472,-0.79366,-0.7661,-0.71773,-0.69299,-0.6688,-0.64462,-0.62044,-0.59625,-0.57207,-0.30323,-0.54788,-0.5237,-0.51976,-0.53607,-0.54788,-0.54788,-0.54788,-0.54845,-0.57263,-0.576,-0.37578,-0.576,-0.576,-0.585,-0.60413,-0.60413,-0.60413,-0.60413,-0.60413,-0.60413,-0.60413,-0.44834,-0.60413,-0.60413,-0.60413,-0.60413,-0.60413,-0.60413,-0.60413,-0.60413,-0.60413,-0.60413,-0.52089,-0.60413,-0.60413,-0.60413,-0.60413,-0.59738,-0.576,-0.576,-0.576,-0.576,-0.576,-0.59344,-0.576,-0.576,-0.576,-0.576,-0.576,-0.576,-0.576,-0.576,0.29575,-0.67724,-0.76666,-0.83922,-0.91177,-0.9607,-1.0288,-1.0856,-1.1339,-1.1823,-1.2267,0.29575,-1.2509,-1.2751,-1.2993,-1.3072,-1.3072,-1.3072,-1.3027,-1.279,-1.279,-1.2582,0.29575,-1.234,-1.1969,-1.1485,-1.1052,-1.0799,-1.0316,-0.9832,-0.91739,-0.85834,-0.80041,0.29518,-0.73348,-0.68343,-0.61087,-0.53832,-0.46577,-0.39322,-0.32067,-0.24811,-0.17556,-0.10301,0.271,-0.030457,0.042095,0.11465,0.19789,0.28787,0.36324,0.45997,0.55671,0.63432,0.72206,0.26763,0.8188,0.91553,1.0123,1.109,1.2057,1.2828,1.3553,1.4397,1.5286,1.5972,2.0,2.0
-0.55278,-0.64197,-0.72081,-1.757,-1.7187,-1.6805,-1.6423,-1.6041,-1.5658,-1.5276,-1.4842,-1.4372,-1.3989,-0.72095,-1.3593,-1.3085,-1.2703,-1.2204,-1.1694,-1.1276,-1.0815,-1.0371,-0.99357,-0.94666,-0.73369,-0.90563,-0.85621,-0.8177,-0.76673,-0.72753,-0.6893,-0.66032,-0.62685,-0.58862,-0.55586,-0.74643,-0.53038,-0.50195,-0.46541,-0.44034,-0.4276,-0.40296,-0.37747,-0.36137,-0.34863,-0.33589,-0.74881,-0.32314,-0.3104,-0.29766,-0.28674,-0.28618,-0.27344,-0.26069,-0.25873,-0.24921,-0.24473,-0.75791,-0.23773,-0.23073,-0.22625,-0.21673,-0.21477,-0.20272,-0.20272,-0.20272,-0.1918,-0.18872,-0.76281,-0.18032,-0.16758,-0.15484,-0.14209,-0.12935,-0.11661,-0.10387,-0.091127,-0.078385,-0.065643,-0.77597,-0.043099,-0.026157,-0.006134,0.01333,0.030832,0.052816,0.067798,0.093282,0.11877,0.14425,-0.79614,0.16973,0.19522,0.2207,0.24619,0.27783,0.31116,0.33664,0.36212,0.38761,0.41309,-0.80888,0.45118,0.47806,0.50355,0.53785,0.56852,0.6003,0.63349,0.66275,0.69846,0.7252,-0.65079,-0.82442,0.76343,0.78891,0.82588,0.8641,0.90233,0.94055,0.97234,1.003,1.0412,1.0768,-0.84837,1.1037,1.1418,1.1672,1.2044,1.2322,1.2668,1.305,1.3367,1.3675,1.4016,-0.86111,1.4299,1.4666,1.4921,1.5176,1.5548,1.5826,1.608,1.6335,1.659,1.6845,-0.87385,1.71,1.7355,1.7593,1.7724,1.7979,1.8115,1.8242,1.837,1.8416,1.8416,-0.88659,1.836,1.8276,1.8245,1.8118,1.799,1.7863,1.7615,1.7468,1.7341,1.7213,-0.89933,1.7016,1.6818,1.6691,1.6531,1.6276,1.6029,1.5901,1.5652,1.5397,1.5142,-0.91208,1.4971,1.4773,1.4518,1.4263,1.4008,1.3774,1.3638,1.3384,1.3129,1.2763,-0.91684,1.2479,1.2224,1.1969,1.1715,1.146,1.1205,1.095,1.0695,1.044,1.0185,-0.91684,0.99306,0.96758,0.94209,0.91661,0.89113,0.86564,0.84016,0.81467,0.79031,0.77757,-0.91684,0.75223,0.72674,0.70126,0.67577,0.65029,0.63111,0.61332,0.58784,0.56236,0.53813,-0.66102,-0.91684,0.52539,0.49991,0.4859,0.47316,0.46042,0.43998,0.42093,0.40819,0.39545,0.38271,-0.91684,0.36997,0.35722,0.34448,0.33174,0.319,0.31536,0.30752,0.29477,0.28203,0.26929,-0.91684,0.25655,0.24381,0.23106,0.21832,0.21734,0.20684,0.20334,0.20334,0.20334,0.20334,-0.91684,0.20334,0.2004,0.18934,0.18934,0.18934,0.18934,0.18934,0.17996,0.17533,0.17533,-0.91684,0.17533,0.17533,0.17533,0.17533,0.17533,0.17533,0.18738,0.18934,0.18934,0.1976,-0.91684,0.20334,0.20334,0.20334,0.20334,0.20334,0.20334,0.20334,0.20334,0.20334,0.20334,-0.91684,0.20334,0.20334,0.20334,0.20334,0.20334,0.20124,0.18934,0.18934,0.18934,0.18934,-0.90745,0.17954,0.17533,0.17533,0.16931,0.16133,0.16133,0.16133,0.16133,0.16133,0.14887,-0.90283,0.15853,0.16133,0.16133,0.16133,0.16133,0.16133,0.16133,0.15895,0.14733,0.14733,-0.89597,0.14733,0.13599,0.13333,0.13333,0.12577,0.11933,0.11933,0.11933,-0.67376,-0.88883,-0.88449,-0.87483,-0.87483,-0.87427,-0.86153,-0.86083,-0.86083,-0.85131,-0.84683,-0.6788,-0.84683,-0.84108,-0.83282,-0.83282,-0.83282,-0.83212,-0.81938,-0.81882,-0.88435,-0.9125,-0.68524,-0.96724,-1.0151,-1.0406,-1.0661,-1.1084,-1.1934,-1.2554,-1.2936,-1.3195,-1.3893,-0.69798,-1.4363,-1.466,-1.4988,-1.549,-1.6032,-1.6485,-1.7077,-1.7449,-1.7704,-1.8333,-0.7068,-1.8634,-1.8889,-1.9404,-1.9818,-2.0196,-2.0461,-2.0334,-2.0206,-2.0079,-1.9951,-0.70946,-1.9824,-1.9697,-1.9468,-1.9302,-1.9099,-1.8844,-1.8639,-1.8436,-1.8079,-1.7825,4.0,2.0
-1.8139,-1.7667,-1.6177,-0.84655,-0.84103,-0.84047,-0.82997,-0.82997,-0.82997,-0.81891,-0.81891,-0.81891,-0.80813,-1.5925,-0.80509,-0.7968,-0.7968,-0.78575,-0.78188,-0.77469,-0.76474,-0.7617,-0.75258,-0.75258,-1.5784,-0.75258,-0.75258,-0.7465,-0.74152,-0.74042,-0.73047,-0.73047,-0.72024,-0.7172,-0.70311,-1.5643,-0.6973,-0.68625,-0.68293,-0.66883,-0.66413,-0.6517,-0.64202,-0.63456,-0.62046,-0.60637,-1.5408,-0.59227,-0.57818,-0.56408,-0.54998,-0.53589,-0.52179,-0.5077,-0.4936,-0.4795,-0.46541,-1.5237,-0.45131,-0.43722,-0.42312,-0.40902,-0.39493,-0.38083,-0.36674,-0.3637,-0.3496,-0.3355,-1.4955,-0.32141,-0.30731,-0.2993,-0.29018,-0.27719,-0.27304,-0.26613,-0.26613,-0.25507,-0.25507,-1.4748,-0.24678,-0.24374,-0.23296,-0.23296,-0.22357,-0.22053,-0.21085,-0.20339,-0.18929,-0.18625,-1.4502,-0.17216,-0.15806,-0.14397,-0.12987,-0.12241,-0.11273,-0.098637,-0.084541,-0.070445,-0.067128,-1.4355,-0.053309,-0.039213,-0.025117,-0.011021,0.003075,0.017171,0.031267,0.045363,0.059459,0.06554,-1.7526,-1.4214,0.076595,0.090691,0.10479,0.11888,0.12192,0.13602,0.14293,0.15316,0.1562,0.16504,-1.4074,0.17333,0.17637,0.18715,0.19351,0.19821,0.20926,0.21369,0.22032,0.23082,0.23386,-1.3933,0.24243,0.23386,0.23137,0.23137,0.22474,0.22032,0.22032,0.22032,0.22032,0.2311,-1.3792,0.23137,0.23718,0.24243,0.25349,0.25736,0.26454,0.27449,0.28665,0.29163,0.30572,-1.3717,0.31982,0.33088,0.33696,0.35105,0.36404,0.36819,0.38228,0.39638,0.41048,0.42457,-1.3717,0.44696,0.46382,0.47792,0.49201,0.50611,0.5202,0.5343,0.5484,0.55199,0.56304,-1.3606,0.56857,0.58267,0.58571,0.5998,0.60727,0.61694,0.61998,0.63408,0.64817,0.66227,-1.3606,0.66531,0.6736,0.68245,0.68549,0.69958,0.70677,0.71672,0.72888,0.73385,0.73994,-1.3606,0.75099,0.75099,0.75099,0.76011,0.76205,0.76205,0.76205,0.76205,0.7731,0.7731,-1.3606,0.78139,0.78443,0.79521,0.80157,0.80627,0.80765,0.81732,0.81732,0.82783,0.82838,-1.7293,-1.3579,0.82838,0.82838,0.83944,0.83944,0.83944,0.84911,0.85049,0.85519,0.86155,0.87233,-1.3496,0.87537,0.88946,0.89471,0.90577,0.90964,0.91683,0.91683,0.92788,0.92788,0.92788,-1.3496,0.92788,0.93894,0.94502,0.94999,0.96215,0.9721,0.97929,0.98316,0.98537,0.99422,-1.3385,1.0025,1.0055,1.0163,1.0227,1.0368,1.0398,1.0495,1.057,1.0605,1.0741,-1.3385,1.0827,1.0912,1.0943,1.1084,1.1158,1.1255,1.1379,1.1426,1.1567,1.1601,-1.3316,1.1739,1.1822,1.191,1.194,1.2043,1.2112,1.2253,1.2394,1.2535,1.2676,-1.3275,1.2817,1.2988,1.3209,1.335,1.3602,1.3784,1.3994,1.4237,1.4497,1.4691,-1.3164,1.4972,1.5254,1.5536,1.5818,1.61,1.6382,1.6664,1.6946,1.7228,1.7399,-1.3164,1.7681,1.7963,1.8134,1.8416,1.8632,1.887,1.9024,1.9212,1.9417,1.9666,-1.3164,1.9809,2.0008,2.0202,2.0343,2.0484,2.0625,2.0766,2.0907,-1.7133,-1.3164,-1.3054,-1.3054,-1.3054,-1.3054,-1.3054,-1.2982,-1.2943,-1.2943,-1.2891,-1.6992,-1.2833,-1.2722,-1.2689,-1.2548,-1.2501,-1.2376,-1.2236,-1.2169,-1.2064,-1.1948,-1.6851,-1.1893,-1.1838,-1.1727,-1.1691,-1.1616,-1.152,-1.1489,-1.1395,-1.1395,-1.1287,-1.6608,-1.1285,-1.1227,-1.1174,-1.1064,-1.1025,-1.0953,-1.0854,-1.0732,-1.0682,-1.0541,-1.6459,-1.0511,-1.037,-1.029,-1.0199,-1.0069,-1.0027,-0.98862,-0.98475,-0.97148,-0.95739,-1.6318,-0.94329,-0.94025,-0.92615,-0.91206,-0.90736,-0.89492,-0.88083,-0.87419,-0.86369,-0.85208,3.0,2.0
0.12314,0.16375,0.16753,0.89984,0.99027,1.0845,1.1657,1.2434,1.3059,1.3872,1.4483,1.491,1.5316,0.16608,1.5578,1.5781,1.5984,1.6012,1.5809,1.5556,1.5181,1.4953,1.4344,1.3735,0.14578,1.3126,1.2517,1.1768,1.0956,1.0144,0.92481,0.82972,0.74395,0.64509,0.56309,0.14534,0.46156,0.36004,0.27582,0.17918,0.077651,-0.023874,-0.1254,-0.22693,-0.32246,-0.40779,0.12736,-0.50931,-0.61084,-0.71236,-0.79514,-0.87636,-0.97256,-1.061,-1.1422,-1.2141,-1.2825,0.12314,-1.3581,-1.419,-1.4782,-1.5188,-1.5796,-1.6039,-1.6406,-1.6667,-1.6744,-1.6744,0.12314,-1.6744,-1.6674,-1.6471,-1.6268,-1.6051,-1.5645,-1.5239,-1.4654,-1.4205,-1.3658,0.12314,-1.3049,-1.244,-1.183,-1.1156,-1.039,-0.97533,-0.89411,-0.81289,-0.75098,-0.65522,0.11271,-0.56923,-0.48801,-0.39503,-0.30338,-0.21417,-0.11874,-0.033306,0.06822,0.1693,0.25052,0.10095,0.35061,0.43515,0.53147,0.61979,0.70101,0.79166,0.88564,0.96686,1.0481,1.1293,0.16753,0.10761,1.2105,1.2917,1.3545,1.432,1.4986,1.5595,1.6095,1.6501,1.6836,1.7039,0.12314,1.7209,1.7195,1.6992,1.6789,1.6586,1.6222,1.5816,1.541,1.5003,1.4512,0.12314,1.3903,1.3246,1.2463,1.1843,1.1031,1.0025,0.91848,0.83726,0.74228,0.64076,0.12314,0.53923,0.44581,0.35837,0.25685,0.15532,0.053795,-0.04773,-0.13028,-0.22859,-0.31491,0.12314,-0.39614,-0.48878,-0.58077,-0.66199,-0.74321,-0.82443,-0.90565,-0.98687,-1.0681,-1.1308,0.12314,-1.2083,-1.2748,-1.3357,-1.3966,-1.4485,-1.4891,-1.5297,-1.5668,-1.5871,-1.6075,0.12314,-1.6278,-1.6481,-1.6684,-1.6744,-1.6619,-1.6522,-1.6435,-1.6232,-1.6029,-1.5796,0.12314,-1.5401,-1.5198,-1.4604,-1.4172,-1.3608,-1.2999,-1.239,-1.178,-1.1171,-1.0499,0.12314,-0.97311,-0.90964,-0.82842,-0.7472,-0.68507,-0.60695,-0.52573,-0.44451,-0.37483,-0.30426,0.12314,-0.22304,-0.14182,-0.060601,0.018511,0.079648,0.16087,0.22345,0.30112,0.36747,0.44137,0.16753,0.12314,0.52259,0.5946,0.66284,0.73862,0.79954,0.86045,0.92137,1.0024,1.0654,1.1263,0.12314,1.1872,1.2356,1.2869,1.339,1.3796,1.4202,1.4608,1.5002,1.5205,1.5605,0.12314,1.5833,1.5878,1.6018,1.61,1.6202,1.6322,1.6257,1.6054,1.5851,1.564,0.11882,1.5234,1.502,1.4644,1.4084,1.361,1.3087,1.238,1.1647,1.1038,1.0429,0.098511,0.98195,0.92104,0.86012,0.7992,0.73829,0.69235,0.63865,0.58894,0.53901,0.4781,0.078206,0.41718,0.35993,0.31754,0.25662,0.2159,0.17529,0.13468,0.094073,0.066112,0.045807,0.057901,0.025501,0.005196,-0.010005,-0.010005,-0.011336,-0.031641,-0.032196,-0.032196,-0.048174,-0.054388,0.037596,-0.054388,-0.064707,-0.076579,-0.076579,-0.076579,-0.073805,-0.054388,-0.054388,-0.054388,-0.054388,0.000203,-0.054388,-0.054388,-0.042626,-0.032196,-0.032196,-0.032196,-0.02798,-0.010005,-0.009561,0.010744,-0.025206,0.012187,0.012187,0.027277,0.034378,0.034378,0.034378,0.034378,0.034378,0.16753,-0.058826,-0.099436,-0.14959,-0.20285,-0.24923,-0.31014,-0.37106,-0.43197,-0.49289,-0.55381,0.16753,-0.63136,-0.69783,-0.75874,-0.81966,-0.88057,-0.94149,-1.0024,-1.0599,-1.102,-1.163,0.16753,-1.2239,-1.2667,-1.3235,-1.3701,-1.4107,-1.4408,-1.4698,-1.5036,-1.519,-1.519,0.16753,-1.5179,-1.4976,-1.4773,-1.457,-1.4209,-1.3803,-1.3397,-1.289,-1.2281,-1.1672,0.16753,-1.1018,-1.0206,-0.93938,-0.85816,-0.77694,-0.67852,-0.577,-0.47547,-0.37394,-0.26276,0.16753,-0.14093,-0.024984,0.080536,0.20026,0.30178,0.40331,0.50484,0.60636,0.70789,0.80941,0.0,2.0
-1.7204,-1.6534,-1.4108,-0.89612,-0.9057,-0.91528,-0.92486,-0.96875,-1.022,-1.0316,-1.0412,-1.0507,-1.0521,-1.3871,-1.0588,-1.0632,-1.0668,-1.0744,-1.0739,-1.0643,-1.0632,-1.0563,-1.0467,-1.0371,-1.368,-1.0253,-1.0062,-0.98702,-0.96786,-0.9487,-0.92954,-0.8783,-0.79965,-0.7718,-0.75264,-1.3488,-0.72457,-0.70318,-0.68402,-0.66063,-0.63456,-0.6154,-0.59624,-0.58622,-0.56906,-0.5499,-1.3301,-0.5352,-0.52272,-0.5049,-0.49532,-0.48574,-0.47616,-0.46034,-0.44586,-0.43628,-0.4267,-1.3205,-0.41712,-0.40754,-0.39796,-0.38838,-0.3788,-0.36922,-0.35964,-0.35006,-0.34048,-0.3309,-1.311,-0.31464,-0.3006,-0.29102,-0.28345,-0.283,-0.27342,-0.26384,-0.26117,-0.25582,-0.25003,-1.3014,-0.25003,-0.25003,-0.25003,-0.25003,-0.25716,-0.26674,-0.27632,-0.2859,-0.29548,-0.30506,-1.2918,-0.31464,-0.33157,-0.34494,-0.35452,-0.36677,-0.38482,-0.3944,-0.40398,-0.42113,-0.43428,-1.2822,-0.4394,-0.4394,-0.4394,-0.4394,-0.43004,-0.42826,-0.42826,-0.42358,-0.41712,-0.41712,-1.6264,-1.2771,-0.41712,-0.40754,-0.39796,-0.34315,-0.29592,-0.27342,-0.24646,-0.22708,-0.19834,-0.1696,-1.2867,-0.14086,-0.11212,-0.083381,-0.054641,-0.025456,0.012864,0.042718,0.071458,0.1002,0.12894,-1.2963,0.15545,0.17528,0.20402,0.22407,0.24323,0.26239,0.28155,0.30071,0.31987,0.33903,-1.2971,0.34928,0.36621,0.37958,0.39339,0.40988,0.41946,0.42904,0.44775,0.45934,0.46892,-1.2971,0.48295,0.49922,0.5088,0.51838,0.5186,0.5264,0.53598,0.54088,0.54088,0.54244,-1.2916,0.55202,0.55202,0.544,0.54088,0.54088,0.53754,0.52974,0.52951,0.51993,0.51035,-1.286,0.50077,0.49119,0.48161,0.47203,0.46245,0.45287,0.44329,0.43371,0.42413,0.41455,-1.2836,0.40497,0.39606,0.39606,0.38737,0.37779,0.36821,0.35061,0.32923,0.32834,0.31876,-1.2749,0.31809,0.31809,0.32388,0.32923,0.32923,0.33034,0.33992,0.34037,0.34794,0.35752,-1.2749,0.3671,0.37668,0.38626,0.39584,0.45221,0.4785,0.49766,0.52149,0.54712,0.56783,-1.6008,-1.266,0.59657,0.61573,0.64291,0.67165,0.70039,0.72913,0.75609,0.77547,0.80421,0.83295,-1.2564,0.86169,0.89043,0.91561,0.93678,0.96551,0.99425,1.0145,1.0406,1.064,1.0869,-1.2526,1.1134,1.1326,1.1518,1.1709,1.1901,1.2037,1.2173,1.234,1.2444,1.2636,-1.2484,1.2739,1.2834,1.293,1.3026,1.3122,1.3206,1.3206,1.3298,1.3318,1.3378,-1.2388,1.3429,1.3458,1.3541,1.3541,1.3541,1.3541,1.3603,1.3652,1.3652,1.3652,-1.2303,1.3652,1.3652,1.3732,1.3763,1.3812,1.3908,1.4004,1.41,1.4196,1.4291,-1.2303,1.4387,1.4483,1.4579,1.4675,1.4775,1.4966,1.5158,1.535,1.5541,1.5733,-1.2212,1.5924,1.6123,1.641,1.6611,1.6874,1.7161,1.7448,1.7736,1.8014,1.8206,-1.2192,1.8487,1.8774,1.9061,1.9349,1.9609,1.9812,2.01,2.0296,2.0487,2.0739,-1.2132,2.0937,2.1062,2.1254,2.1445,2.1543,2.1717,2.1846,2.1942,-1.5721,-1.208,-1.2051,-1.1955,-1.186,-1.1857,-1.1779,-1.1621,-1.1476,-1.1381,-1.1285,-1.5433,-1.1189,-1.0998,-1.0886,-1.0726,-1.0583,-1.0454,-1.028,-1.0184,-1.0089,-0.99103,-1.5146,-0.97855,-0.96385,-0.94825,-0.93867,-0.92909,-0.91951,-0.90993,-0.90035,-0.89077,-0.88119,-1.4858,-0.87161,-0.86203,-0.85245,-0.85156,-0.84443,-0.83485,-0.82928,-0.82683,-0.81814,-0.81814,-1.4571,-0.80923,-0.807,-0.807,-0.807,-0.807,-0.807,-0.807,-0.807,-0.807,-0.81302,-1.4366,-0.81814,-0.82104,-0.83062,-0.8402,-0.84978,-0.85156,-0.86404,-0.87384,-0.87696,-0.88654,5.0,2.0
0.23365,0.23365,0.12503,-0.2067,-0.17128,-0.12235,-0.070386,-0.018424,0.029134,0.085499,0.13746,0.18433,0.24138,0.11221,0.29335,0.33953,0.39727,0.44952,0.5143,0.57909,0.64387,0.68908,0.75386,0.83713,0.096655,0.90299,0.96777,1.0326,1.1169,1.1817,1.2465,1.3112,1.376,1.4408,1.486,0.096655,1.5312,1.5803,1.6216,1.6646,1.7121,1.7573,1.8009,1.8333,1.8853,1.9372,0.077084,1.9833,2.0216,2.0735,2.1059,2.1383,2.1707,2.1835,2.1852,2.1528,2.1321,0.077084,2.1076,2.0575,2.0123,1.9671,1.9193,1.8571,1.7958,1.7471,1.6823,1.6175,0.067689,1.5528,1.4791,1.4036,1.3388,1.2545,1.1882,1.1054,1.033,0.95544,0.87187,0.057512,0.78752,0.70317,0.63839,0.55403,0.47027,0.39267,0.30098,0.2179,0.12073,0.023556,0.057512,-0.073615,-0.17079,-0.26796,-0.3482,-0.44273,-0.52033,-0.60126,-0.68561,-0.75313,-0.83474,0.037941,-0.87995,-0.94268,-0.97507,-1.0156,-1.0594,-1.0918,-1.1242,-1.1566,-1.1755,-1.1559,0.22759,0.037941,-1.1559,-1.1235,-1.1107,-1.0783,-1.0459,-0.99395,-0.96156,-0.91772,-0.87721,-0.8273,0.037941,-0.78209,-0.73688,-0.68893,-0.62689,-0.56544,-0.5169,-0.45212,-0.38734,-0.32256,-0.25778,0.037941,-0.193,-0.11344,-0.043867,0.040485,0.10527,0.17005,0.23541,0.31918,0.37731,0.42917,0.037941,0.49395,0.53319,0.58437,0.61754,0.64993,0.66422,0.69514,0.72753,0.75992,0.73184,0.037941,0.69945,0.66706,0.63467,0.58271,0.55032,0.49835,0.44385,0.37907,0.30568,0.22993,0.01837,0.15048,0.072876,-0.004724,-0.1019,-0.1795,-0.27618,-0.35427,-0.43187,-0.50966,-0.60664,0.017783,-0.68424,-0.76272,-0.85901,-0.93661,-1.0338,-1.1114,-1.189,-1.2688,-1.3532,-1.418,-0.001201,-1.4661,-1.528,-1.57,-1.6184,-1.6544,-1.6868,-1.7192,-1.7516,-1.7609,-1.7285,-0.027427,-1.7039,-1.6833,-1.6509,-1.6185,-1.5861,-1.5537,-1.5017,-1.4501,-1.4048,-1.3401,-0.059817,-1.2753,-1.2105,-1.1457,-1.0809,-0.99659,-0.91224,-0.83024,-0.75264,-0.67504,-0.59441,0.21408,-0.092208,-0.50027,-0.42267,-0.34135,-0.257,-0.1703,-0.088293,-0.003941,0.080411,0.15967,0.23727,-0.1246,0.31487,0.39825,0.48965,0.56725,0.6513,0.73566,0.81962,0.88479,0.96914,1.0339,-0.15699,1.1183,1.1831,1.2478,1.3126,1.3774,1.4422,1.4966,1.5485,1.5974,1.6329,-0.18938,1.6653,1.6977,1.7301,1.7429,1.7602,1.7798,1.7782,1.7458,1.7134,1.6802,-0.22177,1.6291,1.5702,1.5054,1.4406,1.3696,1.2915,1.2071,1.1228,1.0396,0.962,-0.25416,0.86972,0.78723,0.70963,0.63623,0.50335,0.32857,0.1538,0.024828,-0.11785,-0.24457,-0.2979,-0.32608,-0.38196,-0.4122,-0.4122,-0.4122,-0.4122,-0.4122,-0.41973,-0.43177,-0.43177,-0.33851,-0.43862,-0.45134,-0.46426,-0.47708,-0.49048,-0.50271,-0.51005,-0.51005,-0.52962,-0.52962,-0.38832,-0.54724,-0.5492,-0.55331,-0.56877,-0.57894,-0.58834,-0.58834,-0.58834,-0.58834,-0.58834,-0.43353,-0.58834,-0.58834,-0.58834,-0.58834,-0.58834,-0.58834,-0.59578,-0.60791,0.21408,-0.47874,-0.52679,-0.57875,-0.63394,-0.68267,-0.73463,-0.76957,-0.81899,-0.85138,-0.90334,0.2087,-0.93573,-0.96812,-1.0005,-1.0329,-1.0653,-1.0977,-1.1301,-1.1625,-1.1949,-1.2146,0.19451,-1.2401,-1.2725,-1.3048,-1.3372,-1.3696,-1.3599,-1.3471,-1.332,-1.3019,-1.2733,0.18306,-1.2567,-1.2342,-1.2115,-1.1791,-1.1467,-1.1143,-1.0819,-1.03,-0.99757,-0.9506,0.17024,-0.91322,-0.87975,-0.82887,-0.79648,-0.76409,-0.71849,-0.67974,-0.64735,-0.61496,-0.58256,0.13785,-0.55017,-0.51778,-0.48539,-0.47091,-0.44018,-0.40779,-0.3754,-0.32344,-0.29105,-0.25866,0.0,2.0
-2.2168,-1.9794,-1.6848,-0.80333,-0.79485,-0.78637,-0.77789,-0.76941,-0.76093,-0.75244,-0.74396,-0.73548,-0.727,-1.6741,-0.71852,-0.71004,-0.70156,-0.69308,-0.6846,-0.67611,-0.66763,-0.6656,-0.66517,-0.65669,-1.6656,-0.64821,-0.63973,-0.63124,-0.62276,-0.61428,-0.6058,-0.59732,-0.58884,-0.58036,-0.57188,-1.6572,-0.56412,-0.56412,-0.56093,-0.55245,-0.54397,-0.53549,-0.52701,-0.51853,-0.51005,-0.50156,-1.6487,-0.49308,-0.4846,-0.47612,-0.46764,-0.45916,-0.45068,-0.4422,-0.43372,-0.41683,-0.40226,-1.6402,-0.39378,-0.38529,-0.37681,-0.36101,-0.34535,-0.33687,-0.32462,-0.30766,-0.2907,-0.27374,-1.6317,-0.25677,-0.23981,-0.22285,-0.20589,-0.18892,-0.17196,-0.155,-0.13804,-0.12108,-0.10411,-1.6232,-0.087152,-0.07019,-0.053228,-0.036266,-0.019304,-0.007778,0.000703,0.017085,0.032163,0.040644,-1.6148,0.053474,0.070436,0.080584,0.089066,0.097547,0.10929,0.12625,0.13749,0.14597,0.15445,-1.6063,0.16293,0.17141,0.17989,0.18837,0.18975,0.19084,0.19932,0.20425,0.20425,0.21026,-1.806,-1.5978,0.21875,0.21875,0.21875,0.21875,0.21875,0.21875,0.22614,0.23324,0.23324,0.23709,-1.5934,0.24557,0.24774,0.24803,0.25651,0.26499,0.27347,0.27674,0.27674,0.28442,0.2929,-1.5934,0.30138,0.30986,0.31834,0.32683,0.33531,0.34379,0.35227,0.36075,0.36923,0.37771,-1.5934,0.37822,0.38018,0.38866,0.40156,0.41852,0.4286,0.43708,0.44556,0.45404,0.46252,-1.5934,0.4768,0.49376,0.50246,0.51094,0.51943,0.53262,0.54958,0.55937,0.56901,0.58597,-1.5934,0.59931,0.60779,0.62236,0.63925,0.64773,0.65875,0.67571,0.68767,0.69615,0.70463,-1.5934,0.71456,0.73152,0.74457,0.75305,0.76153,0.77001,0.7785,0.78698,0.79546,0.80394,-1.5934,0.81242,0.8209,0.82764,0.82764,0.83185,0.84033,0.84214,0.84214,0.84214,0.84214,-1.5879,0.84214,0.84214,0.84214,0.84214,0.84214,0.84214,0.84214,0.84214,0.84214,0.84214,-1.5795,0.84214,0.84214,0.84214,0.84214,0.84214,0.84214,0.84214,0.84214,0.84214,0.84214,-1.789,-1.5789,0.84214,0.84214,0.84214,0.84214,0.84214,0.84214,0.84214,0.84214,0.84214,0.84214,-1.5789,0.84721,0.8557,0.86418,0.87266,0.88114,0.88962,0.8981,0.90013,0.90057,0.90905,-1.5789,0.91753,0.92601,0.93449,0.94297,0.94362,0.94544,0.95392,0.9624,0.97088,0.97936,-1.5745,0.98712,0.98712,0.99031,0.99879,1.0073,1.0157,1.0242,1.0306,1.0306,1.0352,-1.566,1.0437,1.0451,1.0461,1.0546,1.0596,1.0596,1.0596,1.0596,1.068,1.0741,-1.5576,1.0741,1.0741,1.0741,1.0741,1.0754,1.0839,1.0924,1.1008,1.1093,1.1178,-1.5491,1.1263,1.1348,1.1433,1.1517,1.1602,1.1763,1.1949,1.2203,1.2417,1.2587,-1.5406,1.2821,1.3076,1.333,1.3585,1.3839,1.4094,1.4348,1.4602,1.4857,1.5111,-1.5321,1.5322,1.5492,1.5661,1.5831,1.6001,1.6138,1.6223,1.6365,1.6534,1.6622,-1.5236,1.6707,1.6792,1.6876,1.6961,1.6975,1.6986,1.7071,1.7155,-1.7721,-1.5152,-1.5067,-1.4982,-1.4875,-1.4705,-1.4583,-1.4498,-1.4413,-1.4328,-1.4243,-1.7551,-1.4122,-1.3953,-1.3844,-1.3759,-1.3674,-1.3589,-1.3505,-1.342,-1.3335,-1.325,-1.7381,-1.3165,-1.3081,-1.2996,-1.2911,-1.2826,-1.2741,-1.2657,-1.2572,-1.2487,-1.2402,-1.7225,-1.2317,-1.2233,-1.213,-1.1961,-1.1833,-1.1748,-1.1597,-1.1427,-1.1258,-1.1088,-1.7141,-1.0918,-1.0749,-1.0579,-1.0409,-1.024,-1.007,-0.99006,-0.9731,-0.95613,-0.93917,-1.7017,-0.92221,-0.90866,-0.90017,-0.88582,-0.86886,-0.86023,-0.85175,-0.84327,-0.83001,-0.81304,3.0,2.0
-2.2907,-1.6449,-1.6174,-0.89808,-0.8869,-0.87562,-0.86455,-0.84776,-0.83097,-0.82542,-0.80863,-0.79184,-0.77505,-1.6168,-0.75826,-0.74147,-0.71839,-0.70789,-0.67987,-0.66308,-0.65752,-0.64073,-0.62854,-0.61838,-1.6063,-0.60608,-0.60608,-0.59485,-0.58491,-0.57935,-0.57239,-0.56116,-0.55145,-0.54589,-0.5387,-1.6007,-0.52354,-0.51624,-0.50501,-0.49563,-0.49007,-0.48255,-0.47132,-0.46216,-0.4566,-0.44886,-1.5944,-0.43426,-0.42639,-0.42314,-0.41516,-0.41516,-0.41516,-0.41213,-0.40393,-0.3927,-0.38422,-1.5896,-0.37866,-0.37024,-0.35632,-0.34778,-0.33397,-0.32532,-0.31162,-0.30286,-0.28927,-0.2804,-1.5831,-0.26692,-0.25794,-0.24457,-0.23548,-0.22222,-0.21301,-0.20178,-0.19432,-0.18876,-0.17197,-1.5785,-0.16641,-0.15686,-0.14563,-0.1385,-0.12317,-0.11615,-0.11059,-0.10071,-0.089478,-0.082684,-1.5719,-0.077125,-0.060335,-0.054776,-0.044556,-0.032427,-0.022095,-0.010865,-0.004519,0.000366,0.006599,-1.5719,0.012158,0.022827,0.034058,0.034058,0.045288,0.045288,0.056519,0.056519,0.067749,0.073421,-1.6505,-1.5618,0.07898,0.07898,0.07898,0.07898,0.089986,0.09021,0.1011,0.10666,0.11267,0.12901,-1.5607,0.13513,0.15136,0.15759,0.17371,0.18005,0.19129,0.20162,0.20718,0.22397,0.22953,-1.5607,0.23621,0.25187,0.25867,0.27422,0.28113,0.29657,0.30359,0.31482,0.32448,0.33004,-1.5494,0.34683,0.35239,0.35974,0.37097,0.3803,0.38585,0.40264,0.4082,0.4159,0.42713,-1.5494,0.43611,0.44167,0.44959,0.45279,0.46082,0.46391,0.47205,0.47205,0.48058,0.48614,-1.5382,0.49451,0.50574,0.50574,0.51697,0.51697,0.5195,0.5282,0.5282,0.53617,0.53943,-1.5284,0.54729,0.55285,0.56189,0.56397,0.57312,0.58435,0.59188,0.59744,0.60681,0.61805,-1.527,0.62535,0.62928,0.63646,0.64202,0.65174,0.66297,0.66993,0.6742,0.6742,0.6742,-1.5173,0.6742,0.6742,0.6742,0.6742,0.68723,0.69666,0.70306,0.70862,0.71912,0.71974,-1.5158,0.73035,0.74158,0.74158,0.75281,0.75281,0.75309,0.76404,0.76404,0.76977,0.77533,-1.6505,-1.5062,0.7865,0.79768,0.80324,0.80896,0.8202,0.83114,0.83143,0.84226,0.84782,0.85389,-1.5007,0.86512,0.87573,0.87635,0.88685,0.88758,0.88758,0.8923,0.89881,0.89881,0.90897,-1.4933,0.91004,0.92009,0.92127,0.93121,0.9325,0.94233,0.94789,0.95496,0.96619,0.97579,-1.4933,0.98135,0.98865,0.99988,0.99988,1.0111,1.0111,1.0223,1.0223,1.0223,1.0314,-1.484,1.0336,1.0336,1.0336,1.0424,1.0448,1.0448,1.056,1.056,1.0702,1.087,-1.4821,1.101,1.1093,1.1261,1.1429,1.1709,1.1877,1.207,1.2325,1.2517,1.2773,-1.4821,1.3054,1.3299,1.3502,1.3746,1.395,1.4118,1.4398,1.4566,1.4752,1.5014,-1.4708,1.5182,1.535,1.563,1.5798,1.6078,1.6316,1.6526,1.6694,1.6974,1.7142,-1.4708,1.731,1.7478,1.7646,1.7814,1.7982,1.8149,1.8317,1.8485,1.8653,1.8821,-1.4674,1.8989,1.9157,1.9325,1.9493,1.966,1.9828,1.9996,2.0048,-1.6505,-1.4596,-1.4596,-1.4507,-1.4452,-1.4371,-1.4259,-1.4173,-1.4005,-1.3922,-1.3781,-1.6505,-1.3698,-1.3558,-1.3473,-1.3334,-1.3248,-1.3111,-1.3024,-1.2887,-1.2799,-1.2664,-1.6396,-1.2575,-1.244,-1.235,-1.2217,-1.2049,-1.1993,-1.1825,-1.1658,-1.149,-1.1322,-1.6393,-1.1154,-1.1002,-1.093,-1.0762,-1.0595,-1.0539,-1.0371,-1.0328,-1.026,-1.0204,-1.6285,-1.0036,-0.99915,-0.99253,-0.98792,-0.98141,-0.97669,-0.97669,-0.96546,-0.96546,-0.96484,-1.6281,-0.95423,-0.95372,-0.943,-0.94261,-0.93177,-0.93177,-0.92593,-0.92054,-0.91481,-0.90925,3.0,2.0
2.2493,2.1283,1.9493,-0.45912,-0.46906,-0.47006,-0.48216,-0.49426,-0.49558,-0.5052,-0.5173,-0.5294,-0.5415,1.8908,-0.5536,-0.5657,-0.5778,-0.5899,-0.602,-0.6141,-0.6262,-0.6383,-0.6504,-0.6625,1.8787,-0.6746,-0.6867,-0.6988,-0.7109,-0.723,-0.73592,-0.76012,-0.77256,-0.78466,-0.79676,1.8666,-0.80886,-0.82096,-0.83306,-0.84516,-0.8609,-0.88262,-0.89472,-0.90682,-0.91892,-0.93102,1.8134,-0.95306,-0.96848,-0.98058,-0.99914,-1.018,-1.0301,-1.0422,-1.0543,-1.0664,-1.0785,1.7802,-1.0906,-1.1027,-1.1148,-1.1351,-1.1453,-1.1511,-1.1632,-1.1753,-1.1874,-1.1995,1.764,-1.2116,-1.2237,-1.2358,-1.2382,-1.2468,-1.2589,-1.2647,-1.2647,-1.2687,-1.2779,1.7519,-1.2796,-1.2912,-1.2912,-1.2912,-1.3015,-1.3045,-1.3045,-1.3113,-1.3177,-1.3132,1.7229,-1.3045,-1.3023,-1.2912,-1.2912,-1.2793,-1.2672,-1.2647,-1.2562,-1.2441,-1.2382,1.6879,-1.2332,-1.2249,-1.2222,-1.2101,-1.198,-1.1859,-1.1738,-1.1719,-1.1629,-1.1508,2.1058,1.6725,-1.1387,-1.1266,-1.1145,-1.1024,-1.0903,-1.0782,-1.0661,-1.054,-1.0419,-1.0298,1.6504,-1.0177,-1.0056,-0.9935,-0.9814,-0.9693,-0.9572,-0.9451,-0.933,-0.9209,-0.9088,1.6383,-0.8967,-0.8846,-0.8725,-0.8604,-0.8483,-0.8362,-0.8241,-0.812,-0.7999,-0.7878,1.6262,-0.7757,-0.7636,-0.7515,-0.7394,-0.7273,-0.7152,-0.7031,-0.691,-0.6789,-0.6668,1.6141,-0.65471,-0.64261,-0.63051,-0.61841,-0.60631,-0.59421,-0.58211,-0.57001,-0.55791,-0.54581,1.602,-0.53536,-0.53487,-0.52277,-0.5221,-0.51183,-0.50884,-0.50089,-0.49558,-0.48995,-0.48232,1.5899,-0.47901,-0.46691,-0.45481,-0.44271,-0.44254,-0.43177,-0.42928,-0.42928,-0.42199,-0.41602,1.5778,-0.41105,-0.40276,-0.40011,-0.3895,-0.3895,-0.3895,-0.37823,-0.37624,-0.36729,-0.36298,1.5584,-0.35635,-0.34425,-0.33646,-0.33331,-0.32121,-0.30994,-0.30994,-0.29817,-0.28607,-0.27397,1.5404,-0.27016,-0.26303,-0.25093,-0.23883,-0.22673,-0.21463,-0.20386,-0.20369,-0.19159,-0.17949,2.0936,1.5283,-0.16739,-0.15529,-0.14319,-0.13109,-0.11899,-0.10689,-0.09479,-0.08269,-0.07059,-0.05849,1.5162,-0.057993,-0.047551,-0.035451,-0.023351,-0.011251,-0.004952,-0.000311,0.008308,0.010629,0.021568,1.5014,0.021568,0.033668,0.034829,0.044608,0.048089,0.055548,0.067648,0.079748,0.091848,0.10113,1.4787,0.10279,0.11489,0.12699,0.13909,0.15119,0.16329,0.17539,0.19428,0.21285,0.22495,1.4666,0.23705,0.2513,0.2755,0.2997,0.31197,0.33484,0.35904,0.38324,0.40744,0.43777,1.4545,0.4691,0.4933,0.52015,0.55496,0.57916,0.60336,0.63883,0.66502,0.69817,0.73447,1.3973,0.77077,0.8016,0.83011,0.86956,0.91597,0.95227,0.98857,1.0249,1.0718,1.1107,1.357,1.1553,1.1966,1.2389,1.2825,1.3224,1.3708,1.4179,1.4543,1.5027,1.54,1.3386,1.5863,1.6347,1.6755,1.7182,1.7613,1.8018,1.8472,1.8835,1.9218,1.9944,1.3265,2.0322,2.0685,2.1048,2.1411,2.1704,2.2004,2.2321,2.2563,2.0816,1.3144,1.2805,1.22,1.1595,1.1069,1.094,1.0698,1.0574,1.0453,0.96702,2.0694,0.91995,0.87437,0.83774,0.82083,0.80028,0.77823,0.72304,0.71027,0.64977,0.6337,2.0574,0.6216,0.6095,0.5974,0.55944,0.52015,0.50805,0.48402,0.42352,0.36567,0.35357,2.0247,0.29506,0.28677,0.24964,0.20937,0.18699,0.15749,0.12301,0.096986,0.048089,0.046929,1.9801,0.034829,0.022729,-0.022191,-0.060811,-0.079873,-0.091973,-0.097774,-0.11319,-0.13755,-0.14037,1.968,-0.15082,-0.15231,-0.18861,-0.22491,-0.26121,-0.27927,-0.28342,-0.3106,-0.35337,-0.40309,1.0,2.0
1.8344,1.7362,1.4355,-0.58173,-0.61858,-0.65543,-0.68909,-0.7198,-0.75584,-0.79401,-0.837,-0.87654,-0.91339,1.3986,-0.95025,-0.9871,-1.0239,-1.0608,-1.0977,-1.1287,-1.1612,-1.1981,-1.2309,-1.2617,1.3591,-1.2924,-1.3231,-1.3538,-1.3845,-1.415,-1.4396,-1.4641,-1.4887,-1.5088,-1.5277,1.3161,-1.5523,-1.5742,-1.5927,-1.6064,-1.6187,-1.6309,-1.6432,-1.6555,-1.6678,-1.6791,1.2731,-1.6853,-1.6883,-1.6883,-1.6935,-1.6984,-1.6984,-1.6951,-1.689,-1.6828,-1.6767,1.2302,-1.6705,-1.6608,-1.6485,-1.6362,-1.6222,-1.6038,-1.5854,-1.5669,-1.5545,-1.5402,1.1872,-1.5218,-1.5034,-1.485,-1.4665,-1.4459,-1.4213,-1.4011,-1.3827,-1.3642,-1.3458,1.1442,-1.3274,-1.309,-1.2905,-1.2721,-1.2509,-1.2264,-1.2067,-1.1883,-1.1698,-1.1484,1.1012,-1.1238,-1.1044,-1.0849,-1.0603,-1.039,-1.0205,-1.0021,-0.98233,-0.95776,-0.93669,1.0582,-0.91827,-0.89984,-0.88142,-0.86299,-0.84456,-0.82614,-0.8136,-0.79944,-0.78101,-0.7666,1.6635,1.0162,-0.75431,-0.73589,-0.71959,-0.70731,-0.69502,-0.68274,-0.67046,-0.65817,-0.64589,-0.63361,0.97935,-0.62183,-0.61569,-0.60691,-0.59462,-0.58234,-0.57082,-0.56467,-0.55853,-0.55239,-0.54122,0.94249,-0.52995,-0.52381,-0.51767,-0.51153,-0.50539,-0.49924,-0.4931,-0.49036,-0.49036,-0.48483,0.90564,-0.47869,-0.47254,-0.47006,-0.47006,-0.46427,-0.45813,-0.45199,-0.44584,-0.4397,-0.4396,0.86879,-0.43757,-0.43143,-0.42529,-0.4193,-0.4193,-0.41701,-0.41087,-0.40473,-0.39859,-0.39244,0.83194,-0.3863,-0.38016,-0.37402,-0.36722,-0.35493,-0.34544,-0.3393,-0.32823,-0.31686,-0.31072,0.79509,-0.30153,-0.28925,-0.27697,-0.26468,-0.2524,-0.23681,-0.21839,-0.20539,-0.19169,-0.17326,0.76164,-0.15839,-0.14611,-0.12814,-0.10971,-0.091285,-0.072859,-0.054433,-0.036007,-0.01951,-0.007227,0.73093,0.009118,0.027544,0.04597,0.064396,0.082822,0.10125,0.11967,0.1381,0.15653,0.17495,0.70022,0.19338,0.2118,0.23023,0.24865,0.26708,0.28068,0.29378,0.31221,0.32769,0.33997,1.6389,0.67103,0.35733,0.37469,0.38698,0.39926,0.41154,0.42383,0.43611,0.4484,0.45723,0.46337,0.64646,0.4751,0.48738,0.49966,0.50824,0.51438,0.52636,0.53865,0.55093,0.56321,0.5755,0.61458,0.58778,0.60007,0.61235,0.62885,0.64707,0.65935,0.67397,0.6924,0.71082,0.72925,0.57773,0.74768,0.7661,0.78453,0.80295,0.82209,0.84666,0.86838,0.88681,0.90524,0.92463,0.56403,0.94919,0.97067,0.98909,1.0127,1.0373,1.0619,1.0864,1.111,1.1301,1.15,0.54641,1.1746,1.1991,1.2237,1.2483,1.2711,1.2895,1.3118,1.3364,1.361,1.3835,0.5157,1.402,1.4245,1.449,1.4674,1.4858,1.5043,1.5183,1.531,1.5494,1.5653,0.50063,1.5776,1.5899,1.6022,1.6145,1.6267,1.639,1.6513,1.6636,1.6759,1.6852,0.49449,1.6913,1.7026,1.7149,1.7271,1.7362,1.7423,1.7485,1.756,1.7683,1.777,0.49438,1.7832,1.7893,1.7955,1.8016,1.8077,1.8139,1.8083,1.8021,1.6144,0.49032,0.47804,0.47408,0.47408,0.47408,0.4718,0.46565,0.45951,0.45256,0.43413,1.5898,0.42078,0.41464,0.39916,0.38139,0.36911,0.35682,0.34454,0.31749,0.28952,0.27723,1.5652,0.26495,0.25266,0.22485,0.19414,0.16343,0.13932,0.12089,0.1079,0.092771,0.068203,1.5383,0.050741,0.038457,0.026174,0.015565,0.009423,-0.000526,-0.01281,-0.042911,-0.077478,-0.12047,1.5076,-0.14316,-0.15545,-0.16773,-0.18001,-0.1923,-0.20458,-0.21717,-0.2356,-0.25402,-0.27245,1.4723,-0.29544,-0.32001,-0.34458,-0.36915,-0.39371,-0.4231,-0.45381,-0.48452,-0.51523,-0.54594,1.0,2.0
0.25202,0.22982,0.25202,1.7393,1.7789,1.8074,1.828,1.8423,1.8297,1.7965,1.7505,1.7046,1.6698,0.25202,1.605,1.5335,1.456,1.3926,1.3071,1.2215,1.1359,1.0504,0.9508,0.85702,0.25202,0.767,0.66367,0.5781,0.49131,0.38476,0.29919,0.19342,0.10585,0.020277,-0.065295,0.26767,-0.15087,-0.23644,-0.32201,-0.40758,-0.48894,-0.55653,-0.6421,-0.70547,-0.78372,-0.85442,0.27422,-0.92001,-0.99926,-1.0563,-1.1134,-1.1926,-1.2496,-1.3067,-1.3637,-1.4208,-1.4778,0.27422,-1.5182,-1.5697,-1.6197,-1.6482,-1.6767,-1.6975,-1.669,-1.6404,-1.6119,-1.5764,0.27422,-1.5327,-1.4845,-1.4274,-1.3704,-1.3134,-1.2563,-1.1993,-1.129,-1.063,-1.0023,0.27422,-0.91668,-0.84743,-0.76818,-0.70436,-0.63189,-0.55542,-0.4734,-0.40647,-0.3371,-0.25753,0.27133,-0.17195,-0.086382,-0.000811,0.084761,0.16057,0.23371,0.31928,0.40485,0.47755,0.5538,0.24281,0.63604,0.70274,0.78831,0.87377,0.93726,1.0228,1.0893,1.1686,1.2256,1.2827,0.22982,0.21428,1.3397,1.3746,1.4189,1.4665,1.4982,1.5267,1.5552,1.5838,1.6123,1.6283,0.18576,1.6094,1.5839,1.5746,1.546,1.5175,1.489,1.448,1.391,1.3339,1.2769,0.15724,1.2198,1.1628,1.0835,1.0142,0.94725,0.868,0.80185,0.73171,0.65291,0.56734,0.12871,0.48176,0.39619,0.31062,0.22505,0.13948,0.053906,-0.031665,-0.11724,-0.20281,-0.28838,0.10019,-0.37395,-0.45952,-0.5451,-0.63067,-0.70425,-0.77961,-0.84055,-0.88883,-0.91735,-0.96729,0.071664,-0.99659,-1.0251,-1.0718,-1.1044,-1.1329,-1.1764,-1.2121,-1.2629,-1.3031,-1.3421,0.043141,-1.3928,-1.4299,-1.4721,-1.5218,-1.5513,-1.5915,-1.6306,-1.6591,-1.6876,-1.7161,-0.000811,-1.7447,-1.7236,-1.712,-1.6835,-1.655,-1.6265,-1.5979,-1.5694,-1.5409,-1.5124,-0.036105,-1.4838,-1.4331,-1.3964,-1.3393,-1.2823,-1.2252,-1.1682,-1.0935,-1.0319,-0.97484,-0.086826,-0.91779,-0.83999,-0.7815,-0.71324,-0.64521,-0.5643,-0.48672,-0.41535,-0.32978,-0.24898,0.22982,-0.12756,-0.18083,-0.11269,-0.055639,0.001409,0.058457,0.13604,0.19475,0.26279,0.33104,0.41029,-0.18461,0.47511,0.54658,0.62405,0.70507,0.773,0.84137,0.92061,0.97766,1.0347,1.0918,-0.21946,1.1444,1.1837,1.2407,1.2977,1.3548,1.398,1.4467,1.4994,1.5279,1.5565,-0.2765,1.585,1.6061,1.5923,1.5638,1.5353,1.4962,1.4391,1.4033,1.3251,1.268,-0.33355,1.211,1.1317,1.0642,0.99542,0.91528,0.83693,0.76634,0.70063,0.64359,0.58654,-0.36896,0.52949,0.49464,0.43759,0.39397,0.34569,0.29253,0.26401,0.21895,0.18476,0.15624,-0.42545,0.12771,0.099189,0.070666,0.042142,0.030044,0.030044,0.030044,0.030044,0.030044,0.030044,-0.4825,0.030044,0.030044,0.030044,0.030044,0.030044,0.030044,0.030044,0.030044,0.030044,0.052242,-0.53955,0.052242,0.065227,0.074439,0.074439,0.084206,0.096637,0.096637,0.096637,0.096637,0.096637,-0.5744,0.096637,0.096637,0.096637,0.096637,0.096637,0.096637,0.096637,0.093418,0.22982,-0.63144,-0.68849,-0.74554,-0.80259,-0.85964,-0.91668,-0.97129,-1.0086,-1.0656,-1.1013,0.22982,-1.1575,-1.2027,-1.2494,-1.2843,-1.3327,-1.3762,-1.4119,-1.4404,-1.469,-1.4613,0.22982,-1.4328,-1.4043,-1.3609,-1.3038,-1.2468,-1.1781,-1.0925,-1.0291,-0.94354,-0.87273,0.22982,-0.7946,-0.70902,-0.62345,-0.53788,-0.45031,-0.34454,-0.25897,-0.15242,-0.065628,0.019944,0.22982,0.12327,0.21517,0.32105,0.42117,0.53526,0.62716,0.72993,0.81551,0.90108,0.98665,0.24236,1.0722,1.1578,1.2212,1.3067,1.3748,1.454,1.5191,1.5903,1.6474,1.6996,0.0,2.0
2.3066,2.2146,1.7886,-0.60111,-0.6274,-0.66083,-0.69062,-0.7157,-0.74077,-0.76599,-0.79943,-0.83286,-0.8663,1.7406,-0.89473,-0.9198,-0.95231,-0.98574,-1.0192,-1.0487,-1.0738,-1.1052,-1.1382,-1.1633,1.6904,-1.1884,-1.2134,-1.2385,-1.2636,-1.2809,-1.2994,-1.3245,-1.3496,-1.3747,-1.3931,1.6403,-1.4098,-1.4265,-1.4433,-1.46,-1.4767,-1.4934,-1.5101,-1.5248,-1.5331,-1.546,1.5901,-1.5627,-1.5725,-1.5809,-1.5892,-1.5976,-1.6059,-1.6143,-1.6226,-1.631,-1.6394,1.54,-1.6477,-1.6513,-1.6513,-1.6513,-1.6513,-1.6513,-1.6476,-1.6392,-1.637,-1.6368,1.4898,-1.6284,-1.6201,-1.6117,-1.6034,-1.595,-1.5866,-1.5783,-1.5699,-1.5576,-1.5408,1.4397,-1.5306,-1.5217,-1.505,-1.4853,-1.4603,-1.4405,-1.4238,-1.4071,-1.3885,-1.3635,1.3895,-1.3384,-1.3133,-1.2882,-1.2632,-1.2381,-1.213,-1.1879,-1.1628,-1.1378,-1.1127,1.3377,-1.0876,-1.0625,-1.0375,-1.0124,-0.98732,-0.96224,-0.93716,-0.91209,-0.88701,-0.86194,2.1421,1.2792,-0.83686,-0.80343,-0.77242,-0.74735,-0.72713,-0.71041,-0.68641,-0.66133,-0.63625,-0.61118,1.2248,-0.5861,-0.56103,-0.53624,-0.51952,-0.50009,-0.47501,-0.45508,-0.43836,-0.42164,-0.40328,1.1746,-0.37821,-0.3572,-0.34049,-0.32377,-0.30762,-0.29927,-0.28791,-0.27119,-0.25447,-0.23776,1.131,-0.22104,-0.20625,-0.19789,-0.18517,-0.16846,-0.15853,-0.15017,-0.14181,-0.13345,-0.12509,1.0886,-0.11673,-0.10838,-0.10002,-0.093873,-0.093873,-0.089229,-0.08087,-0.079584,-0.078441,-0.070083,1.0385,-0.065296,-0.065296,-0.059295,-0.050936,-0.042578,-0.03672,-0.03672,-0.03179,-0.023431,-0.022431,0.99132,-0.022431,-0.022431,-0.018573,-0.010215,-0.008143,-0.007786,0.000573,0.006145,0.006145,0.01136,0.94953,0.019719,0.020433,0.022148,0.030507,0.038865,0.047224,0.04901,0.049653,0.058012,0.06637,0.90773,0.074729,0.083087,0.091446,0.099805,0.10816,0.11652,0.12488,0.13324,0.1416,0.14996,0.86594,0.15832,0.17003,0.18675,0.19768,0.20604,0.2144,0.22504,0.24176,0.25376,0.26212,2.117,0.83201,0.27048,0.27884,0.28719,0.29555,0.30391,0.31227,0.32077,0.33749,0.35163,0.35999,0.79086,0.36835,0.37671,0.38507,0.39343,0.40179,0.40622,0.40622,0.41257,0.42093,0.42929,0.72399,0.43479,0.43479,0.44008,0.44844,0.44908,0.44908,0.44908,0.4533,0.46165,0.47001,0.67455,0.47837,0.48673,0.49509,0.50345,0.51181,0.52016,0.52852,0.53688,0.54524,0.5581,0.64111,0.57482,0.59153,0.60825,0.62497,0.64512,0.67019,0.69527,0.72034,0.74542,0.77285,0.61447,0.80629,0.83493,0.86001,0.8923,0.92574,0.95917,0.99632,1.0381,1.0738,1.1074,0.58768,1.1492,1.1884,1.2218,1.2552,1.2887,1.3221,1.3555,1.389,1.4224,1.4558,0.54588,1.4828,1.5079,1.533,1.5581,1.5831,1.6082,1.6333,1.6506,1.6692,1.6942,0.51395,1.715,1.7317,1.7417,1.7509,1.7676,1.7811,1.7895,1.7978,1.8062,1.8065,0.49723,1.8086,1.817,1.8253,1.8337,1.828,1.8197,1.8113,1.803,2.0677,0.48051,0.4638,0.44708,0.42372,0.38193,0.36335,0.36335,0.35628,0.34335,0.30155,2.0008,0.26691,0.24183,0.22876,0.22033,0.20361,0.18439,0.15932,0.1441,0.13574,0.12002,1.9558,0.10331,0.086588,0.069871,0.053154,0.042723,0.034007,0.01729,0.000573,-0.016144,-0.032862,1.914,-0.049579,-0.058652,-0.067011,-0.075369,-0.083728,-0.092086,-0.093873,-0.094515,-0.10287,-0.13581,1.8722,-0.21104,-0.24226,-0.25061,-0.2669,-0.28362,-0.30034,-0.31705,-0.33377,-0.35049,-0.36721,1.8304,-0.38392,-0.404,-0.42907,-0.44836,-0.46508,-0.49001,-0.51509,-0.54017,-0.56053,-0.57724,1.0,2.0
1.9425,1.8686,1.7024,-0.23304,-0.23882,-0.25178,-0.26474,-0.2777,-0.29079,-0.31321,-0.32617,-0.33981,-0.36168,1.6765,-0.37464,-0.39719,-0.41015,-0.42311,-0.43785,-0.45862,-0.47158,-0.49413,-0.51279,-0.52964,1.6505,-0.55218,-0.56514,-0.58769,-0.60065,-0.62042,-0.63676,-0.65871,-0.67902,-0.69536,-0.71676,1.6302,-0.73763,-0.75227,-0.76523,-0.77819,-0.79341,-0.8137,-0.82666,-0.84921,-0.86835,-0.88471,1.5993,-0.90726,-0.92022,-0.93318,-0.94615,-0.95911,-0.97207,-0.98503,-0.99799,-1.011,-1.0239,1.5728,-1.0453,-1.0594,-1.0724,-1.0854,-1.1079,-1.1209,-1.1433,-1.1564,-1.176,-1.1919,1.5468,-1.2048,-1.2106,-1.2212,-1.2341,-1.2471,-1.2601,-1.2681,-1.2764,-1.2873,-1.2927,1.5209,-1.2968,-1.3091,-1.316,-1.3254,-1.3288,-1.3352,-1.3451,-1.3581,-1.3711,-1.3744,1.495,-1.3874,-1.3927,-1.4037,-1.4118,-1.4201,-1.433,-1.4406,-1.4494,-1.4598,-1.4657,1.4691,-1.4693,-1.4821,-1.4885,-1.4978,-1.4885,-1.4814,-1.4781,-1.4651,-1.4521,-1.4392,1.8495,1.4432,-1.4262,-1.4133,-1.3983,-1.3778,-1.3648,-1.3422,-1.3293,-1.3163,-1.2938,-1.2808,1.4172,-1.2583,-1.2417,-1.2158,-1.1994,-1.1777,-1.1572,-1.1326,-1.1149,-1.0971,-1.0745,1.3913,-1.0616,-1.0399,-1.0236,-1.0035,-0.99054,-0.968,-0.95504,-0.93249,-0.91953,-0.90657,1.3654,-0.8936,-0.88064,-0.86768,-0.85345,-0.83217,-0.81921,-0.80625,-0.79329,-0.78032,-0.75778,1.3395,-0.74482,-0.73185,-0.71889,-0.70593,-0.69297,-0.68001,-0.66704,-0.65408,-0.64112,-0.62816,1.3135,-0.6152,-0.60223,-0.58927,-0.57631,-0.56847,-0.55997,-0.54931,-0.54363,-0.53972,-0.53014,1.2972,-0.53014,-0.52056,-0.51715,-0.51097,-0.50139,-0.49744,-0.4918,-0.48222,-0.48222,-0.47434,1.2713,-0.47096,-0.458,-0.44504,-0.4343,-0.4287,-0.41573,-0.40277,-0.39597,-0.38643,-0.37347,1.2537,-0.36051,-0.35713,-0.34417,-0.33121,-0.32783,-0.3193,-0.31149,-0.30971,-0.30473,-0.30013,1.229,-0.29582,-0.27543,-0.26247,-0.2495,-0.23046,-0.214,-0.20103,-0.18144,-0.16553,-0.15256,1.8365,1.2086,-0.13241,-0.11607,-0.094511,-0.081549,-0.059003,-0.046041,-0.033079,-0.010533,0.002429,0.015391,1.1867,0.04752,0.060482,0.073444,0.09599,0.10895,0.12227,0.14072,0.14784,0.1608,0.17376,1.1635,0.18672,0.19822,0.20306,0.20781,0.21739,0.22278,0.22698,0.23912,0.25209,0.26505,1.1445,0.27489,0.28139,0.28477,0.29406,0.30111,0.30448,0.31323,0.32082,0.33379,0.34675,1.1186,0.35971,0.37655,0.41012,0.42735,0.47155,0.50335,0.55148,0.5872,0.63275,0.65932,1.1054,0.71694,0.76978,0.8043,0.85148,0.89372,0.92359,0.97901,1.034,1.0664,1.1157,1.0859,1.1547,1.2094,1.2353,1.2796,1.3063,1.3449,1.368,1.4093,1.4292,1.4544,1.0699,1.4714,1.4899,1.5124,1.53,1.564,1.5837,1.6122,1.6337,1.6573,1.676,1.0532,1.6928,1.7058,1.7187,1.7317,1.7481,1.7672,1.7802,1.7931,1.8061,1.8191,1.0344,1.832,1.845,1.8579,1.8709,1.8839,1.8968,1.9098,1.9227,1.8196,1.0119,0.99892,0.97825,0.96191,0.94087,0.92791,0.90536,0.8924,0.87062,0.85689,1.801,0.84393,0.83097,0.81801,0.80504,0.79208,0.77912,0.76616,0.7532,0.74023,0.72727,1.7869,0.71431,0.70135,0.68839,0.67542,0.66246,0.6495,0.63654,0.62358,0.61061,0.59765,1.7655,0.58469,0.50385,0.45564,0.40974,0.36829,0.33779,0.3324,0.30777,0.27489,0.24241,1.7447,0.22698,0.22168,0.17403,0.16701,0.13651,0.11233,0.10291,0.08322,0.073444,0.053342,1.7283,0.028353,0.022746,-0.016739,-0.022201,-0.052246,-0.083897,-0.15676,-0.18108,-0.20952,-0.22248,1.0,2.0
-0.44537,-0.4985,-0.5725,-1.5986,-1.5667,-1.5349,-1.503,-1.4711,-1.4393,-1.4074,-1.3755,-1.3404,-1.2979,-0.5725,-1.2617,-1.2299,-1.1885,-1.146,-1.1035,-1.066,-1.0342,-0.99421,-0.95226,-0.92038,-0.5725,-0.88851,-0.85664,-0.82476,-0.79289,-0.75121,-0.71325,-0.69201,-0.6654,-0.63353,-0.60165,-0.5725,-0.57069,-0.54944,-0.52819,-0.50694,-0.47861,-0.44674,-0.42503,-0.40642,-0.39579,-0.37945,-0.5725,-0.3582,-0.34576,-0.33386,-0.31261,-0.29572,-0.2851,-0.28192,-0.28192,-0.27139,-0.26376,-0.5725,-0.26376,-0.25768,-0.24705,-0.23643,-0.2258,-0.21518,-0.20928,-0.20928,-0.20147,-0.19112,-0.57904,-0.19112,-0.18776,-0.17713,-0.16651,-0.15588,-0.14526,-0.13463,-0.12401,-0.11338,-0.10276,-0.58967,-0.092136,-0.081511,-0.070887,-0.05654,-0.035291,-0.020852,-0.010228,0.010294,0.031543,0.052792,-0.59066,0.074041,0.095289,0.11654,0.13779,0.15904,0.18028,0.20153,0.22996,0.26183,0.28344,-0.59066,0.30469,0.32594,0.34719,0.36844,0.38968,0.4123,0.44417,0.47159,0.49284,0.51409,-0.53618,-0.59066,0.53534,0.56721,0.59909,0.63096,0.65666,0.67791,0.70842,0.74029,0.77216,0.80404,-0.59066,0.83591,0.86778,0.89966,0.93153,0.9634,0.99527,1.0271,1.059,1.0909,1.1228,-0.59066,1.1546,1.1865,1.2184,1.2503,1.2814,1.3027,1.3277,1.3596,1.3846,1.4058,-0.59893,1.437,1.4665,1.4877,1.509,1.5302,1.5515,1.5727,1.594,1.611,1.6217,-0.60883,1.6395,1.6608,1.6717,1.6823,1.6929,1.6977,1.6977,1.7067,1.7158,1.7158,-0.60883,1.7204,1.731,1.734,1.734,1.734,1.7308,1.7202,1.7158,1.7158,1.7065,-0.60883,1.6958,1.6852,1.6746,1.664,1.6534,1.6427,1.6321,1.6215,1.6109,1.5936,-0.60883,1.5724,1.5608,1.548,1.5268,1.5055,1.4843,1.463,1.4418,1.4205,1.3954,-0.61573,1.3635,1.3386,1.3174,1.286,1.2542,1.2223,1.1904,1.1585,1.1267,1.0948,-0.62635,1.0629,1.0311,0.99918,0.95995,0.91745,0.8854,0.85062,0.80812,0.77162,0.73974,-0.53618,-0.62699,0.70787,0.676,0.64413,0.60762,0.56512,0.53806,0.51663,0.48476,0.45289,0.42101,-0.62944,0.38914,0.35727,0.30651,0.2591,0.23786,0.2216,0.21098,0.19227,0.17102,0.14977,-0.64006,0.13216,0.12153,0.11091,0.10028,0.089659,0.079035,0.068411,0.063144,0.063144,0.063144,-0.64515,0.064052,0.074676,0.081305,0.081305,0.081305,0.081305,0.091475,0.099466,0.099466,0.099466,-0.64515,0.099466,0.10827,0.11763,0.11763,0.11763,0.11763,0.12507,0.1357,0.13579,0.13579,-0.64515,0.13579,0.13579,0.13579,0.13579,0.13579,0.13579,0.14051,0.15114,0.15395,0.15395,-0.64515,0.15395,0.15731,0.16793,0.17211,0.17211,0.17211,0.17211,0.17211,0.1772,0.18782,-0.64515,0.19027,0.19027,0.19027,0.19027,0.19027,0.19027,0.19027,0.19027,0.19027,0.19027,-0.64515,0.19572,0.20635,0.20843,0.20843,0.20843,0.20843,0.20843,0.20843,0.20843,0.2187,-0.64515,0.2266,0.2266,0.2266,0.2266,0.2266,0.22796,0.23858,0.24476,-0.54236,-0.64515,-0.64515,-0.64515,-0.65359,-0.68547,-0.70554,-0.71616,-0.72678,-0.74613,-0.8205,-0.55298,-0.88579,-0.93891,-0.97677,-1.0086,-1.0298,-1.0638,-1.1275,-1.1725,-1.2043,-1.2362,-0.55434,-1.2735,-1.3373,-1.3863,-1.4182,-1.4581,-1.5015,-1.5652,-1.6148,-1.636,-1.6971,-0.55607,-1.782,-1.8087,-1.83,-1.8512,-1.8936,-1.9573,-1.9876,-2.0113,-2.0645,-2.0902,-0.56669,-2.069,-2.0477,-2.0265,-2.0153,-2.0022,-1.9809,-1.9597,-1.9384,-1.9172,-1.8959,-0.5725,-1.8747,-1.8534,-1.8322,-1.8036,-1.7717,-1.7503,-1.7261,-1.6942,-1.6624,-1.6305,4.0,2.0
0.68349,0.76022,0.76022,1.0096,1.0959,1.1631,1.2446,1.3357,1.3885,1.47,1.5323,1.5851,1.6378,0.72186,1.7002,1.7817,1.8345,1.8872,1.94,1.9927,2.0263,2.0599,2.0646,2.0646,0.72186,2.0263,1.8824,1.6139,1.4028,1.2973,1.1918,1.0959,1.0192,0.91368,0.80818,0.72186,0.70267,-0.016676,-0.103,-0.18932,-0.28523,-0.36197,-0.46747,-0.52022,-0.57297,-0.62573,0.72186,-0.67848,-0.73123,-0.78398,-0.81276,-0.85112,-0.86551,-0.88949,-0.92785,-0.94704,-0.96622,0.72186,-0.96622,-0.96622,-0.96622,-0.96622,-0.96622,-0.96142,-0.92785,-0.92785,-0.91826,-0.88949,0.72186,-0.85112,-0.81276,-0.78398,-0.73123,-0.67848,-0.62573,-0.57297,-0.52022,-0.46747,-0.40033,0.72186,-0.3236,-0.26605,-0.17973,-0.12698,-0.035859,0.040872,0.10801,0.17515,0.25188,0.30943,0.72186,0.39575,0.4485,0.53962,0.59237,0.68349,0.75063,0.82736,0.91848,0.99042,1.0624,0.72186,1.1151,1.1918,1.259,1.3117,1.3645,1.4172,1.47,1.5227,1.5371,1.5899,0.76022,0.72186,1.6043,1.5515,1.2686,1.1343,1.0288,0.95685,0.85614,0.75063,0.64513,0.53962,0.72186,0.43412,0.33341,0.26147,-0.28044,-0.40992,-0.49145,-0.58257,-0.63532,-0.68807,-0.74082,0.72186,-0.79358,-0.84633,-0.89908,-0.92785,-0.96622,-0.98061,-1.0046,-1.0094,-1.043,-1.043,0.72186,-1.043,-1.043,-1.043,-1.043,-1.043,-1.0382,-1.0046,-1.0046,-0.96622,-0.94224,0.72186,-0.88949,-0.85112,-0.82235,-0.7696,-0.71685,-0.66409,-0.60175,-0.52022,-0.46747,-0.41472,0.72186,-0.33319,-0.27085,-0.19891,-0.12698,-0.035859,0.016893,0.10801,0.16076,0.21352,0.30463,0.72186,0.35739,0.41014,0.50126,0.55401,0.60676,0.69788,0.75063,0.80338,0.85614,0.94246,0.72186,1.0,1.0528,1.1055,1.1727,1.2206,1.2638,1.3165,1.3693,1.4604,1.5131,0.72186,1.5659,1.6186,1.6426,1.6858,1.7194,1.7529,1.7577,1.7817,1.7961,1.6666,0.72186,1.4988,1.4076,1.3549,1.235,1.1727,1.0959,0.95205,0.8993,0.81777,0.71227,0.76502,0.72186,0.62594,0.53962,0.39575,0.31423,0.22311,0.093624,0.012098,-0.14616,-0.62093,-0.72644,0.72186,-0.78398,-0.86072,-0.96622,-1.0573,-1.1389,-1.2396,-1.3115,-1.3834,-1.4362,-1.4889,0.68349,-1.5801,-1.6328,-1.6856,-1.7335,-1.7527,-1.8055,-1.8199,-1.8486,-1.887,-1.887,0.68349,-1.9158,-1.9254,-1.9254,-1.9254,-1.9637,-1.9637,-1.9254,-1.9254,-1.9254,-1.9206,0.68349,-1.887,-1.8534,-1.839,-1.8103,-1.7719,-1.7191,-1.6664,-1.6136,-1.5609,-1.5081,0.68349,-1.4554,-1.4026,-1.3499,-1.2971,-1.2156,-1.1533,-1.1005,-1.0477,-0.99499,-0.94224,0.68349,-0.88949,-0.83674,-0.78398,-0.73123,-0.67848,-0.62573,-0.57297,-0.49624,-0.4291,-0.37635,0.68349,-0.3236,-0.27085,-0.23728,-0.20371,-0.15096,-0.098203,-0.083816,-0.083816,-0.11259,-0.12218,0.6739,-0.12218,-0.12218,-0.13177,-0.16055,-0.16055,-0.16055,-0.16055,-0.16534,-0.19891,-0.19891,0.64513,-0.19891,-0.19891,-0.19891,-0.19891,-0.19891,-0.19891,-0.19891,-0.19891,0.77941,0.60676,0.5684,0.53962,0.48687,0.43412,0.38136,0.32861,0.29984,0.26147,0.20872,0.76022,0.15597,0.10322,0.050463,-0.002289,-0.055042,-0.13177,-0.19891,-0.29003,-0.37156,-0.4339,0.76022,-0.48665,-0.53941,-0.59216,-0.64491,-0.6593,-0.69766,-0.72644,-0.77439,-0.77439,-0.80796,0.76022,-0.81276,-0.81276,-0.81276,-0.81276,-0.78398,-0.7696,-0.73603,-0.70246,-0.6593,-0.63532,0.76022,-0.58257,-0.52981,-0.47706,-0.38594,-0.33319,-0.24687,-0.17973,-0.098203,-0.007085,0.060054,0.76022,0.13679,0.2327,0.31902,0.40534,0.47248,0.57799,0.64513,0.75063,0.82736,0.92328,2.0,2.0
-1.8837,-1.8678,-1.7348,-0.41031,-0.40965,-0.40015,-0.38999,-0.38227,-0.37653,-0.36967,-0.36505,-0.35951,-0.35356,-1.7167,-0.34935,-0.34935,-0.33919,-0.33919,-0.33919,-0.33919,-0.33919,-0.32903,-0.32903,-0.32903,-1.6928,-0.32903,-0.32903,-0.32903,-0.32903,-0.32903,-0.32903,-0.33096,-0.33919,-0.33919,-0.34818,-1.6769,-0.34935,-0.35951,-0.35951,-0.36967,-0.37688,-0.38262,-0.38999,-0.40427,-0.41031,-0.42591,-1.661,-0.43165,-0.44755,-0.46112,-0.4692,-0.4851,-0.5104,-0.52706,-0.54352,-0.56903,-0.58681,-1.65,-0.61099,-0.64026,-0.66312,-0.68918,-0.71525,-0.73699,-0.75721,-0.78028,-0.80192,-0.82524,-1.6394,-0.88178,-0.89769,-0.93513,-0.96917,-0.97588,-0.99965,-1.0077,-1.0098,-1.0098,-1.0098,-1.6235,-1.0098,-1.0036,-0.99782,-0.98949,-0.97933,-0.97044,-0.95454,-0.93864,-0.92273,-0.89667,-1.6076,-0.88077,-0.85471,-0.8388,-0.81889,-0.79684,-0.78094,-0.75487,-0.73897,-0.72083,-0.69701,-1.5917,-0.67755,-0.65504,-0.62898,-0.60246,-0.57685,-0.55079,-0.53489,-0.50882,-0.48408,-0.43592,-1.8519,-1.5758,-0.37983,-0.34803,-0.32638,-0.29458,-0.26542,-0.24113,-0.20933,-0.17752,-0.14572,-0.11392,-1.5599,-0.082113,-0.050309,-0.018505,0.013299,0.045103,0.072081,0.09855,0.13035,0.16043,0.1838,-1.5483,0.21256,0.23725,0.25889,0.28058,0.30218,0.32382,0.34861,0.37468,0.39891,0.41664,-1.5382,0.4422,0.46384,0.48548,0.51073,0.52663,0.55041,0.5686,0.5845,0.6004,0.6163,-1.5223,0.63221,0.64811,0.66401,0.67691,0.68565,0.70156,0.71746,0.72772,0.73788,0.74484,-1.5064,0.74804,0.75632,0.7582,0.7582,0.7582,0.7582,0.7582,0.75612,0.74804,0.73788,-1.4905,0.72874,0.70267,0.67661,0.66071,0.62448,0.59385,0.56941,0.52892,0.49991,0.45398,-1.4848,0.42086,0.39007,0.35136,0.32646,0.29466,0.27301,0.25076,0.23486,0.21896,0.20306,-1.4689,0.19732,0.18919,0.18919,0.18919,0.19386,0.1996,0.2155,0.23141,0.23999,0.26321,-1.453,0.28775,0.30517,0.34099,0.36838,0.4048,0.4709,0.52938,0.56118,0.59674,0.63495,-1.836,-1.4371,0.67691,0.71822,0.75333,0.78249,0.80657,0.83263,0.85758,0.88938,0.92119,0.95299,-1.4212,0.98479,1.0166,1.0484,1.0802,1.112,1.1438,1.1655,1.1962,1.2189,1.2405,-1.4053,1.2642,1.2801,1.296,1.3119,1.3272,1.3336,1.3475,1.3552,1.3679,1.3769,-1.3894,1.3826,1.3883,1.3983,1.4085,1.4157,1.4215,1.4288,1.439,1.4488,1.4593,-1.3836,1.4695,1.4695,1.4796,1.4796,1.4796,1.4796,1.4695,1.4695,1.4632,1.4574,-1.3677,1.4492,1.4326,1.4097,1.3837,1.3574,1.3155,1.275,1.2448,1.1998,1.1765,-1.3518,1.1464,1.1145,1.0983,1.0834,1.0766,1.063,1.063,1.063,1.063,1.0781,-1.3359,1.094,1.1162,1.1378,1.1772,1.2046,1.3234,1.4105,1.4596,1.5217,1.565,-1.32,1.6056,1.6401,1.6794,1.7152,1.7532,1.7951,1.8279,1.8689,1.9007,1.9325,-1.3143,1.9643,1.9868,2.0178,2.0491,2.0712,2.0911,2.1145,2.133,-1.8227,-1.2984,-1.2825,-1.2666,-1.2405,-1.2246,-1.1986,-1.1827,-1.1566,-1.1305,-1.1146,-1.8143,-1.0886,-1.0727,-1.0529,-1.0307,-1.0148,-0.98873,-0.97283,-0.95484,-0.93086,-0.9048,-1.7984,-0.8889,-0.86827,-0.84693,-0.83103,-0.81513,-0.79923,-0.78038,-0.74857,-0.7312,-0.7153,-1.7825,-0.69939,-0.68349,-0.66759,-0.65169,-0.64402,-0.63005,-0.61414,-0.59824,-0.58305,-0.5766,-1.7666,-0.56273,-0.55496,-0.54921,-0.54241,-0.53225,-0.52208,-0.51609,-0.51035,-0.50176,-0.4916,-1.7507,-0.4916,-0.48144,-0.47148,-0.46574,-0.46,-0.45096,-0.4408,-0.43262,-0.42688,-0.42047,5.0,2.0
-2.1831,-1.9055,-1.5575,-0.84189,-0.82274,-0.80359,-0.78444,-0.76529,-0.74614,-0.72699,-0.70897,-0.69939,-0.68505,-1.5383,-0.6659,-0.65516,-0.64559,-0.63602,-0.62644,-0.61687,-0.60729,-0.59772,-0.58814,-0.58605,-1.5192,-0.5845,-0.57492,-0.57054,-0.57054,-0.57054,-0.56764,-0.55806,-0.55504,-0.55442,-0.54484,-1.5,-0.53953,-0.53953,-0.53953,-0.53755,-0.52798,-0.52403,-0.52403,-0.51476,-0.50852,-0.50852,-1.4809,-0.50852,-0.50747,-0.4979,-0.49301,-0.49301,-0.48468,-0.47511,-0.46553,-0.462,-0.46189,-1.4617,-0.45231,-0.44274,-0.43316,-0.43099,-0.42952,-0.41994,-0.41037,-0.40079,-0.39122,-0.38164,-1.4426,-0.37207,-0.36897,-0.36843,-0.35885,-0.34928,-0.3397,-0.33013,-0.32055,-0.31098,-0.30695,-1.4311,-0.30695,-0.29776,-0.28818,-0.27861,-0.26903,-0.25946,-0.24989,-0.24031,-0.23074,-0.22116,-1.4216,-0.21159,-0.20201,-0.19244,-0.18286,-0.17329,-0.16371,-0.15414,-0.13724,-0.11809,-0.098938,-1.412,-0.084827,-0.075253,-0.056995,-0.037845,-0.018696,0.000454,0.019603,0.038753,0.053793,0.063368,-1.7262,-1.4024,0.080696,0.099845,0.11899,0.13268,0.14225,0.15183,0.1614,0.17098,0.18055,0.19013,-1.3928,0.1997,0.20928,0.21885,0.22025,0.22025,0.22025,0.22025,0.22025,0.22025,0.22025,-1.3833,0.22025,0.22025,0.22025,0.22025,0.22521,0.23478,0.23575,0.23575,0.23575,0.24207,-1.3737,0.25126,0.25126,0.25126,0.25126,0.25893,0.26676,0.26676,0.26676,0.26676,0.2758,-1.3641,0.28227,0.28227,0.28901,0.29777,0.29777,0.30223,0.31181,0.31328,0.31545,0.32503,-1.3545,0.3346,0.34418,0.35375,0.36333,0.3729,0.38247,0.39205,0.40162,0.4112,0.42077,-1.3458,0.43035,0.43992,0.4495,0.45907,0.46865,0.47822,0.4878,0.49737,0.50695,0.51652,-1.3458,0.5261,0.54098,0.56013,0.57033,0.5799,0.58948,0.60572,0.62413,0.63371,0.64328,-1.3458,0.65285,0.67045,0.68751,0.69708,0.70666,0.71623,0.72581,0.73538,0.74496,0.75453,-1.3458,0.76411,0.77368,0.78326,0.79283,0.80241,0.81198,0.82156,0.83729,0.85621,0.86579,-1.707,-1.3458,0.87536,0.88494,0.89451,0.90409,0.91366,0.92847,0.94762,0.95789,0.96746,0.97704,-1.3458,0.98661,0.99553,0.99553,0.99983,1.0094,1.011,1.011,1.011,1.0167,1.0263,-1.3458,1.0265,1.0265,1.0265,1.0265,1.0276,1.0372,1.042,1.042,1.042,1.0445,-1.3458,1.0541,1.0576,1.0577,1.0673,1.0731,1.0731,1.0805,1.0901,1.0997,1.1092,-1.3458,1.1188,1.1196,1.1224,1.132,1.1416,1.1506,1.1506,1.1548,1.1644,1.174,-1.3458,1.1835,1.1931,1.2027,1.2123,1.2218,1.2314,1.241,1.2436,1.2446,1.2542,-1.3458,1.2638,1.2734,1.2829,1.2949,1.314,1.3332,1.3524,1.3811,1.4098,1.4386,-1.3458,1.4673,1.496,1.5247,1.5535,1.5822,1.6196,1.6551,1.6839,1.719,1.7568,-1.3458,1.7855,1.8143,1.843,1.8717,1.9004,1.9292,1.9524,1.9715,1.9907,2.0098,-1.3458,2.029,2.0413,2.0508,2.0604,2.07,2.0796,2.0891,2.0964,-1.6879,-1.3458,-1.3458,-1.3458,-1.3458,-1.3458,-1.3458,-1.3395,-1.3303,-1.3303,-1.3263,-1.6674,-1.3168,-1.3072,-1.2976,-1.288,-1.2785,-1.2689,-1.2593,-1.2497,-1.2402,-1.2373,-1.6387,-1.2365,-1.2269,-1.2174,-1.2078,-1.2063,-1.2041,-1.1946,-1.185,-1.1754,-1.1658,-1.6149,-1.1563,-1.1467,-1.1443,-1.1431,-1.1335,-1.1239,-1.1143,-1.1132,-1.1107,-1.1011,-1.5958,-1.0915,-1.0822,-1.0822,-1.0783,-1.0687,-1.0592,-1.0496,-1.04,-1.0304,-1.0209,-1.5766,-1.0024,-0.98621,-0.97664,-0.96043,-0.94198,-0.93241,-0.91849,-0.89934,-0.88019,-0.86104,3.0,2.0
-0.91621,-0.89915,-0.98446,-0.64324,-0.61262,-0.59053,-0.56186,-0.52928,-0.50718,-0.48509,-0.463,-0.4409,-0.40175,-0.98864,-0.38733,-0.37462,-0.35253,-0.33044,-0.30834,-0.28625,-0.26415,-0.24206,-0.21997,-0.19787,-1.0015,-0.17578,-0.15369,-0.13159,-0.11436,-0.10447,-0.097301,-0.08024,-0.08024,-0.067274,-0.06318,-1.0015,-0.057208,-0.046119,-0.030082,-0.025049,-0.011998,0.002078,0.00711,0.029204,0.039185,0.056331,-1.0037,0.073306,0.083457,0.10555,0.12764,0.14974,0.17183,0.19392,0.21602,0.23811,0.26021,-1.0186,0.2823,0.30439,0.32649,0.34858,0.37067,0.39277,0.41486,0.43695,0.45905,0.48114,-1.0309,0.50324,0.52533,0.54742,0.56952,0.59161,0.6137,0.6358,0.65789,0.67998,0.70208,-1.0356,0.72417,0.74626,0.76836,0.79045,0.81255,0.8453,0.87379,0.89589,0.91798,0.94007,-1.0356,0.97923,1.0013,1.0234,1.0455,1.0724,1.1068,1.1289,1.1509,1.173,1.1951,-1.046,1.2172,1.2393,1.2614,1.2835,1.2885,1.3106,1.3187,1.3378,1.3599,1.3819,-0.90922,-1.0527,1.404,1.4261,1.4482,1.4703,1.4924,1.5145,1.5366,1.5576,1.5637,1.5858,-1.0527,1.6079,1.6129,1.635,1.6429,1.6577,1.6356,1.6258,1.6085,1.5864,1.5746,-1.0527,1.5593,1.5372,1.5151,1.493,1.4709,1.4488,1.4267,1.4046,1.3825,1.3604,-1.0393,1.3384,1.2992,1.2771,1.255,1.2159,1.1938,1.1611,1.1325,1.1104,1.0883,-1.0356,1.0662,1.0441,1.0221,1.0116,0.99492,0.97283,0.96046,0.9457,0.92361,0.89375,-1.0356,0.86236,0.84027,0.81818,0.79608,0.77399,0.75189,0.7298,0.6938,0.66855,0.64646,-1.0356,0.62437,0.60227,0.58018,0.55809,0.53599,0.5139,0.4918,0.46971,0.44762,0.42552,-1.0356,0.40343,0.38134,0.3763,0.35421,0.33212,0.31002,0.29509,0.2829,0.2608,0.23871,-1.0356,0.21662,0.19452,0.18949,0.17567,0.16236,0.15733,0.13524,0.12449,0.10811,0.090367,-1.1209,0.080983,0.05889,0.053857,0.039185,0.02673,0.021697,0.005063,0.015555,0.022124,0.022124,-0.93131,-1.2037,0.022124,0.022124,0.039185,0.039185,0.039185,0.039185,0.056245,0.056245,0.070917,0.073306,-1.2527,0.080983,0.090367,0.090367,0.096082,0.10743,0.10743,0.10743,0.10743,0.12125,0.12449,-1.3332,0.12449,0.12449,0.12449,0.14155,0.14155,0.14155,0.15861,0.15861,0.17158,0.17567,-1.418,0.17567,0.17567,0.19171,0.19273,0.19273,0.19273,0.19478,0.20979,0.20979,0.20979,-1.4627,0.21491,0.22685,0.22685,0.23001,0.24391,0.24391,0.26097,0.26097,0.26097,0.27727,-1.4848,0.27803,0.28733,0.29509,0.29509,0.29509,0.30746,0.31216,0.31216,0.31216,0.31216,-1.5492,0.32922,0.32922,0.32922,0.34628,0.34628,0.34628,0.34628,0.3508,0.36334,0.36334,-1.6596,0.3804,0.3804,0.39302,0.39746,0.39746,0.39746,0.41315,0.41452,0.41452,0.41452,-1.6875,0.41452,0.41452,0.41452,0.41452,0.41452,0.41452,0.41452,0.41452,0.42237,0.43158,-1.7096,0.43243,0.44864,0.44864,0.44864,0.4657,0.47466,0.48276,0.49982,-0.95341,-1.7317,-1.8221,-1.8708,-1.9345,-1.9566,-2.0657,-2.1372,-2.2184,-2.2469,-2.2547,-0.9674,-2.328,-2.4354,-2.4401,-2.4067,-2.3846,-2.3625,-2.3404,-2.3044,-2.2792,-2.2502,-0.9674,-2.2179,-2.1789,-2.1396,-2.1076,-2.0634,-2.0192,-1.975,-1.9308,-1.8866,-1.8485,-0.96851,-1.8153,-1.7711,-1.7269,-1.6828,-1.6386,-1.5965,-1.5673,-1.5231,-1.4789,-1.4347,-0.98446,-1.3905,-1.3616,-1.3192,-1.275,-1.2308,-1.1879,-1.1595,-1.1153,-1.0711,-1.0269,-0.98446,-0.98275,-0.95298,-0.91383,-0.88431,-0.84012,-0.813,-0.77427,-0.74168,-0.71302,-0.67387,4.0,2.0
-0.62897,-0.57018,-0.53787,-1.8837,-1.8935,-1.9105,-1.9497,-1.9937,-2.0427,-2.0411,-2.0215,-2.0019,-1.9846,-0.54303,-1.9748,-1.9603,-1.9408,-1.9212,-1.9016,-1.882,-1.8624,-1.8428,-1.8187,-1.7893,-0.54303,-1.7668,-1.7472,-1.7183,-1.6871,-1.6479,-1.613,-1.5836,-1.5475,-1.5083,-1.4691,-0.54303,-1.4299,-1.3907,-1.3516,-1.3124,-1.2732,-1.234,-1.1859,-1.1384,-1.0992,-1.0561,-0.54303,-1.0071,-0.95812,-0.90913,-0.86891,-0.82835,-0.77936,-0.73416,-0.69497,-0.65578,-0.61659,-0.54303,-0.5774,-0.53821,-0.49903,-0.46345,-0.43406,-0.40466,-0.37527,-0.34588,-0.31649,-0.2871,-0.54509,-0.25771,-0.22832,-0.20477,-0.18517,-0.15733,-0.1288,-0.1092,-0.089609,-0.070014,-0.056092,-0.55489,-0.046295,-0.028419,-0.009513,0.000285,0.013176,0.03277,0.046864,0.056661,0.074365,0.093443,-0.56022,0.10324,0.11304,0.12283,0.13263,0.14243,0.15996,0.17921,0.18901,0.19881,0.2086,-0.56022,0.2184,0.2282,0.24556,0.26498,0.27478,0.28715,0.30675,0.32136,0.33115,0.34834,-0.52584,-0.56022,0.36794,0.38753,0.40712,0.42672,0.45113,0.48052,0.50269,0.52228,0.5515,0.58313,-0.56022,0.62232,0.65687,0.68626,0.71565,0.74504,0.78388,0.82101,0.8504,0.87979,0.90919,-0.56022,0.94545,0.98464,1.0145,1.0439,1.0733,1.0984,1.118,1.1443,1.1737,1.194,-0.56211,1.2136,1.2332,1.2528,1.2724,1.292,1.3116,1.3311,1.3507,1.3703,1.3899,-0.5719,1.4095,1.4228,1.4326,1.4511,1.4693,1.4791,1.4889,1.4987,1.5147,1.5343,-0.5774,1.5453,1.5551,1.5649,1.5747,1.5845,1.5943,1.6041,1.6139,1.6227,1.6227,-0.5774,1.6261,1.6359,1.6457,1.6555,1.657,1.6562,1.6464,1.6268,1.5876,1.5654,-0.5774,1.5556,1.5458,1.536,1.5262,1.5133,1.4937,1.4742,1.4546,1.435,1.4154,-0.5774,1.3958,1.3733,1.3439,1.3198,1.3002,1.2729,1.2435,1.2141,1.1847,1.1553,-0.5774,1.1208,1.0816,1.05,1.0204,0.9812,0.94459,0.9152,0.88581,0.85642,0.82703,-0.52584,-0.5774,0.79764,0.76824,0.73885,0.70946,0.68007,0.65068,0.62851,0.60891,0.58932,0.56972,-0.5774,0.55013,0.53517,0.52538,0.50853,0.48894,0.46934,0.45181,0.44202,0.43222,0.42242,-0.58153,0.41262,0.40283,0.40231,0.40231,0.40231,0.40661,0.41641,0.4195,0.4195,0.4195,-0.59133,0.4195,0.4195,0.4195,0.4195,0.41297,0.40317,0.40231,0.40231,0.40231,0.40231,-0.59459,0.40231,0.40867,0.41847,0.4195,0.4195,0.4195,0.4195,0.4195,0.4195,0.4195,-0.59459,0.4195,0.4207,0.4305,0.43669,0.43669,0.43669,0.43669,0.43669,0.43669,0.43669,-0.60353,0.43669,0.43669,0.43669,0.43669,0.43669,0.43583,0.42603,0.4195,0.4195,0.4195,-0.61333,0.4195,0.41142,0.40231,0.40231,0.39922,0.38942,0.38512,0.38512,0.38512,0.38461,-0.62312,0.37481,0.36794,0.36794,0.36794,0.36794,0.36794,0.36794,0.36794,0.36794,0.36794,-0.63292,0.37309,0.38289,0.38512,0.3853,0.39509,0.40231,0.40231,0.40231,-0.52584,-0.64272,-0.64616,-0.64616,-0.66369,-0.68191,-0.6917,-0.7015,-0.7113,-0.72109,-0.73089,-0.52584,-0.7321,-0.7333,-0.7431,-0.75289,-0.76269,-0.76647,-0.76647,-0.76647,-0.7675,-0.7773,-0.52584,-0.78366,-0.78366,-0.78366,-0.78366,-0.78366,-0.79053,-0.86891,-0.92116,-0.92116,-0.92684,-0.52584,-0.93663,-0.94643,-0.95966,-1.0184,-1.0618,-1.0716,-1.0869,-1.1064,-1.1498,-1.1972,-0.52584,-1.2168,-1.2481,-1.3069,-1.3497,-1.3791,-1.4239,-1.4719,-1.4915,-1.5111,-1.5306,-0.52807,-1.5657,-1.6147,-1.6712,-1.7293,-1.7489,-1.7737,-1.8129,-1.8421,-1.8617,-1.8739,4.0,2.0
-2.1556,-2.0577,-1.9292,-0.684,-0.67425,-0.6725,-0.66126,-0.66126,-0.66126,-0.6495,-0.64826,-0.64826,-0.64826,-1.9122,-0.63949,-0.63527,-0.62799,-0.62227,-0.61649,-0.60928,-0.60499,-0.59628,-0.59628,-0.59628,-1.8917,-0.59628,-0.59573,-0.58348,-0.58329,-0.58329,-0.58329,-0.58329,-0.57423,-0.5703,-0.5703,-1.8762,-0.56347,-0.5573,-0.55197,-0.54431,-0.54047,-0.52823,-0.51598,-0.50373,-0.49148,-0.47924,-1.8492,-0.46699,-0.45474,-0.44249,-0.42014,-0.405,-0.38415,-0.36751,-0.35527,-0.33665,-0.31778,-1.8142,-0.30553,-0.29328,-0.28104,-0.27142,-0.26954,-0.25843,-0.25804,-0.24579,-0.24543,-0.24543,-1.7887,-0.23504,-0.23244,-0.23244,-0.23244,-0.22503,-0.21944,-0.21944,-0.21428,-0.20203,-0.19345,-1.7522,-0.19345,-0.19345,-0.19345,-0.19277,-0.18052,-0.18046,-0.16902,-0.16746,-0.15752,-0.15447,-1.7277,-0.14602,-0.14147,-0.13452,-0.12227,-0.11549,-0.11077,-0.098527,-0.089496,-0.087027,-0.074779,-1.6914,-0.062532,-0.050285,-0.038037,-0.037518,-0.026537,-0.01429,-0.002042,0.010205,0.014461,0.021705,-2.0402,-1.6547,0.033953,0.04045,0.04045,0.044706,0.053445,0.056206,0.066439,0.067706,0.079434,0.079434,-1.618,0.079434,0.079434,0.089959,0.092428,0.092428,0.092428,0.092428,0.092428,0.098471,0.11072,-1.5908,0.11842,0.12222,0.13447,0.14671,0.1574,0.15821,0.17046,0.18271,0.19496,0.2072,-1.5575,0.21945,0.22237,0.23095,0.2432,0.25545,0.26769,0.27994,0.29219,0.30443,0.31334,-1.5207,0.31594,0.32818,0.34043,0.35268,0.36492,0.37717,0.38942,0.40167,0.41391,0.42616,-1.484,0.43841,0.45066,0.4629,0.47515,0.4874,0.49965,0.51189,0.52414,0.53639,0.54724,-1.4538,0.54789,0.56014,0.57238,0.57323,0.58388,0.58622,0.58622,0.59464,0.59922,0.59922,-1.4293,0.60539,0.61221,0.61221,0.61614,0.62521,0.62764,0.6382,0.6382,0.6384,0.65064,-1.3997,0.6512,0.66214,0.66419,0.67364,0.67718,0.68514,0.69739,0.70317,0.70889,0.72114,-1.3673,0.73339,0.74563,0.75788,0.77013,0.78114,0.78163,0.79388,0.80612,0.81837,0.82012,-2.0279,-1.3464,0.82987,0.83312,0.84137,0.84611,0.84611,0.84611,0.84611,0.84611,0.84611,0.84914,-1.3313,0.85911,0.85911,0.85911,0.85911,0.85911,0.85911,0.84832,0.84611,0.84611,0.84611,-1.3089,0.84611,0.85316,0.85911,0.85911,0.85911,0.86317,0.8721,0.8721,0.87392,0.8851,-1.2967,0.8851,0.8851,0.89692,0.89809,0.90842,0.91109,0.91109,0.91918,0.92408,0.93068,-1.2844,0.93708,0.94218,0.95007,0.95368,0.96592,0.97606,0.9747,0.96368,0.97593,0.98818,-1.2722,1.0004,1.002,1.0119,1.0242,1.0364,1.0487,1.0609,1.0732,1.0854,1.1023,-1.2599,1.1229,1.1383,1.1628,1.1873,1.2127,1.2494,1.2862,1.3229,1.3597,1.3964,-1.2477,1.4331,1.4786,1.5276,1.5765,1.6255,1.6688,1.7105,1.7595,1.8085,1.8575,-1.246,1.9045,1.9413,1.9785,2.0275,2.0645,2.09,2.125,2.152,2.1855,2.214,-1.246,2.231,2.25,2.2745,2.2937,2.306,2.3182,2.3335,2.3557,-2.0157,-1.2369,-1.233,-1.233,-1.233,-1.2269,-1.22,-1.2154,-1.207,-1.2039,-1.1917,-2.0034,-1.1794,-1.168,-1.1679,-1.1557,-1.1434,-1.1421,-1.1319,-1.1291,-1.1204,-1.1161,-1.9912,-1.1089,-1.1031,-1.1031,-1.1031,-1.1031,-1.1031,-1.1031,-1.1031,-1.1019,-1.0901,-1.9789,-1.0901,-1.0782,-1.0771,-1.0667,-1.0544,-1.0422,-1.0299,-1.0177,-1.0054,-0.99317,-1.9667,-0.97573,-0.95568,-0.94343,-0.93119,-0.91673,-0.8937,-0.88145,-0.8692,-0.84474,-0.83171,-1.9482,-0.81947,-0.79725,-0.78198,-0.76973,-0.74975,-0.73224,-0.71999,-0.70775,-0.70024,-0.69625,3.0,2.0
-0.89823,-0.98231,-0.98888,-1.7254,-1.6834,-1.6414,-1.5872,-1.5242,-1.4699,-1.4207,-1.3577,-1.2946,-1.2338,-0.98888,-1.1911,-1.1281,-1.085,-1.0429,-1.0009,-0.94384,-0.89415,-0.85211,-0.79998,-0.74536,-0.98888,-0.70332,-0.66128,-0.61924,-0.5772,-0.53516,-0.49312,-0.45108,-0.427,-0.38966,-0.3623,-0.98758,-0.34128,-0.32026,-0.28949,-0.26366,-0.2572,-0.23618,-0.21516,-0.19414,-0.17312,-0.1521,-0.96656,-0.13108,-0.12768,-0.1117,-0.090679,-0.08235,-0.071302,-0.050282,-0.037024,-0.030905,-0.009884,-0.96622,0.011136,0.032156,0.053176,0.074196,0.076293,0.093573,0.11459,0.12162,0.13397,0.15499,-0.96622,0.17601,0.18961,0.19539,0.21227,0.21227,0.21312,0.23414,0.23494,0.25352,0.2576,-0.96622,0.2729,0.29392,0.30293,0.31329,0.33431,0.35533,0.37635,0.40117,0.44106,0.46208,-0.96622,0.4831,0.52401,0.56605,0.59149,0.62746,0.65619,0.68888,0.73092,0.76458,0.79234,-0.96622,0.82928,0.8503,0.87313,0.915,0.93602,0.95704,0.99597,1.0217,1.0428,1.0638,-1.0083,-0.96622,1.0961,1.1285,1.1576,1.1932,1.2142,1.2352,1.2577,1.2998,1.321,1.342,-0.9554,1.363,1.3363,1.3513,1.3807,1.4018,1.4321,1.4665,1.4935,1.5312,1.5633,-0.94355,1.6639,1.6849,1.7059,1.7269,1.7479,1.769,1.79,1.811,1.8214,1.8304,-0.94355,1.844,1.8497,1.8667,1.8691,1.8901,1.9112,1.9322,1.9347,1.9347,1.9347,-0.93766,1.9211,1.912,1.9017,1.8807,1.8667,1.8613,1.8403,1.8193,1.7982,1.7772,-0.92089,1.7562,1.717,1.6915,1.6705,1.6362,1.6058,1.5748,1.5411,1.5134,1.4713,-0.92089,1.4327,1.4099,1.368,1.347,1.3065,1.2823,1.245,1.2176,1.1965,1.1642,-0.92089,1.1318,1.1028,1.0608,1.0234,0.99937,0.95308,0.84798,0.76367,0.71789,0.69336,-0.92089,0.67234,0.60865,0.54973,0.51862,0.4976,0.46893,0.4329,0.41188,0.39086,0.36984,-0.92089,0.34882,0.3278,0.32559,0.32559,0.32559,0.31171,0.30293,0.30293,0.30293,0.30293,-1.0115,-0.92089,0.29726,0.28026,0.28026,0.27953,0.25851,0.2576,0.2576,0.19029,0.15176,0.14428,-0.90384,0.13238,0.12162,0.11301,0.098956,0.098956,0.10632,0.14428,0.14428,0.14428,0.12451,-0.89823,0.12162,0.12162,0.10677,0.098956,0.087398,0.076293,0.076293,0.069664,0.053629,0.053629,-0.89823,0.053629,0.053573,0.032553,0.030966,0.013175,0.008303,-0.006202,-0.01436,-0.01436,-0.023936,-0.89823,-0.037024,-0.037024,-0.037024,-0.037024,-0.037024,-0.037024,-0.037024,-0.056117,-0.059687,-0.059687,-0.89823,-0.059687,-0.059687,-0.059687,-0.059687,-0.059687,-0.065636,-0.08235,-0.08235,-0.08235,-0.08235,-0.88939,-0.08235,-0.08235,-0.08235,-0.08235,-0.08235,-0.08235,-0.08235,-0.091246,-0.10501,-0.10501,-0.87556,-0.10501,-0.10501,-0.10501,-0.10501,-0.10501,-0.12343,-0.12768,-0.12768,-0.12768,-0.12768,-0.87556,-0.12768,-0.12768,-0.12768,-0.12768,-0.12768,-0.12768,-0.12768,-0.12768,-0.14739,-0.15034,-0.87556,-0.15034,-0.15034,-0.15034,-0.15034,-0.15034,-0.15034,-0.15691,-0.173,-1.0115,-0.8733,-0.8529,-0.8529,-0.8529,-0.83454,-0.83024,-0.83024,-0.83024,-0.83024,-0.83024,-1.0115,-0.82174,-0.80757,-0.80757,-0.80757,-0.80757,-0.80757,-0.80757,-0.80757,-0.82559,-0.83024,-1.0115,-0.88916,-0.92089,-0.96667,-1.0115,-1.0197,-1.0407,-1.0666,-1.1054,-1.1264,-1.1475,-1.0115,-1.1475,-1.2055,-1.2332,-1.3023,-1.3432,-1.4025,-1.4533,-1.5121,-1.5859,-1.607,-1.0115,-1.628,-1.6606,-1.7607,-1.7817,-1.8852,-1.8954,-1.9127,-1.9338,-2.011,-2.0541,-1.0037,-2.0648,-2.0585,-2.0239,-2.0029,-1.9777,-1.9356,-1.8945,-1.8735,-1.8322,-1.7715,4.0,2.0
0.32849,0.32849,0.32849,0.10062,0.33157,0.54679,0.74937,0.94886,1.1032,1.2105,1.2837,1.4066,1.5184,0.32849,1.6178,1.6923,1.7668,1.8347,1.8719,1.9092,1.9153,1.878,1.8574,1.8329,0.32849,1.7633,1.678,1.5662,1.4544,1.3376,1.1885,1.0394,0.86176,0.70483,0.5931,0.32849,0.47917,0.29284,0.11562,-0.05043,-0.21192,-0.39039,-0.53945,-0.68852,-0.86449,-0.99459,0.30658,-1.0343,-1.1672,-1.3162,-1.4285,-1.5403,-1.6289,-1.7019,-1.7391,-1.7764,-1.8137,0.29908,-1.8178,-1.8063,-1.769,-1.7318,-1.6888,-1.6142,-1.5397,-1.4358,-1.3474,-1.2848,0.29908,-1.1122,-0.95527,-0.75909,-0.53549,-0.33746,-0.11769,0.094006,0.28034,0.46667,0.6175,0.29908,0.71071,0.79803,0.9174,1.021,1.1116,1.2234,1.3058,1.4074,1.4819,1.5305,0.29908,1.5928,1.605,1.6222,1.5942,1.5569,1.5196,1.4824,1.4451,1.4078,1.3706,0.29908,1.309,1.2399,1.2188,1.1442,1.0434,0.93159,0.80715,0.67859,0.56679,0.46182,0.32849,0.29908,0.37259,0.28335,0.18148,0.15479,0.042994,-0.09343,-0.24558,-0.42097,-0.58885,-0.77518,0.29908,-0.95637,-1.1054,-1.2336,-1.2592,-1.3912,-1.4808,-1.5697,-1.6456,-1.7389,-1.7933,0.29908,-1.8428,-1.9095,-1.9468,-1.9649,-1.9378,-1.9005,-1.8633,-1.826,-1.7887,-1.7221,0.29908,-1.6694,-1.5948,-1.4944,-1.4752,-1.3831,-1.2713,-1.1301,-1.0066,-0.85758,-0.70852,0.29908,-0.53005,-0.38098,-0.23191,-0.20045,-0.043447,0.12708,0.27615,0.42522,0.56429,0.69395,0.29908,0.81729,0.89969,0.99943,1.074,1.1485,1.1811,1.2094,1.2619,1.2992,1.3365,0.29908,1.3737,1.3869,1.4189,1.4458,1.464,1.5012,1.5091,1.5464,1.5836,1.5928,0.29254,1.5994,1.6077,1.5928,1.6214,1.5928,1.5928,1.5684,1.5605,1.5232,1.486,0.26968,1.4487,1.4114,1.3614,1.3075,1.2417,1.233,1.1957,1.1357,1.0918,1.0545,0.26968,1.0172,0.95518,0.91329,0.87602,0.83875,0.77466,0.74011,0.7138,0.63926,0.56473,0.32849,0.26968,0.48284,0.37104,0.25924,0.14899,0.065046,-0.029481,-0.10401,-0.14194,-0.16488,-0.22008,0.26968,-0.23015,-0.26521,-0.28895,-0.31034,-0.34761,-0.35547,-0.37716,-0.37716,-0.37716,-0.37716,0.26968,-0.37716,-0.37716,-0.37716,-0.37716,-0.37716,-0.37716,-0.37716,-0.37716,-0.37716,-0.37716,0.26968,-0.37716,-0.37716,-0.35334,-0.34776,-0.34776,-0.34776,-0.34776,-0.34776,-0.33555,-0.31835,0.26968,-0.31835,-0.31835,-0.30409,-0.28895,-0.28895,-0.28895,-0.28895,-0.28895,-0.28895,-0.28895,0.26968,-0.28895,-0.28895,-0.25955,-0.25955,-0.25955,-0.25955,-0.25955,-0.25955,-0.25955,-0.26051,0.26968,-0.28895,-0.28895,-0.28895,-0.28895,-0.28895,-0.28895,-0.31556,-0.31835,-0.31835,-0.31835,0.26968,-0.31835,-0.32548,-0.34776,-0.34776,-0.34776,-0.34776,-0.34776,-0.34776,-0.34776,-0.34776,0.27453,-0.34776,-0.34776,-0.34776,-0.34776,-0.34776,-0.34776,-0.34776,-0.34776,-0.34776,-0.34776,0.29908,-0.34776,-0.34776,-0.34776,-0.34776,-0.34776,-0.34776,-0.34776,-0.37716,0.32849,0.29908,0.29908,0.29908,0.28431,0.26968,0.26968,0.26968,0.26968,0.26968,0.26968,0.32849,0.26968,0.25079,0.21352,0.17626,0.13899,0.10172,0.093271,0.056593,0.034468,0.011461,0.32849,-0.055208,-0.10181,-0.17634,-0.25088,-0.35481,-0.44074,-0.55254,-0.63722,-0.74115,-0.82914,0.32849,-0.94094,-0.96519,-1.0687,-1.1587,-1.2705,-1.3805,-1.4647,-1.559,-1.6335,-1.6747,0.32849,-1.7238,-1.759,-1.7865,-1.8238,-1.8472,-1.8256,-1.7883,-1.751,-1.6979,-1.6234,0.32849,-1.5172,-1.4054,-1.2936,-1.156,-0.97754,-0.80422,-0.60061,-0.55357,-0.34555,-0.14503,0.0,2.0
-1.9749,-1.9148,-1.8104,-0.58421,-0.55494,-0.53476,-0.51304,-0.48931,-0.46604,-0.46004,-0.44295,-0.42168,-0.4026,-1.8022,-0.38333,-0.37515,-0.36315,-0.34851,-0.34297,-0.33879,-0.33188,-0.32633,-0.32061,-0.31152,-1.7902,-0.31152,-0.30416,-0.30243,-0.30243,-0.30243,-0.30243,-0.30243,-0.30243,-0.30243,-0.30243,-1.7756,-0.31152,-0.31979,-0.3297,-0.33088,-0.35224,-0.36924,-0.3926,-0.42187,-0.45114,-0.4804,-1.761,-0.50967,-0.53876,-0.55003,-0.5793,-0.60857,-0.63784,-0.66656,-0.68728,-0.70746,-0.72864,-1.7463,-0.76146,-0.766,-0.75946,-0.75391,-0.73928,-0.72464,-0.7191,-0.69746,-0.67729,-0.65702,-1.7386,-0.63693,-0.61866,-0.60402,-0.5803,-0.56603,-0.55421,-0.53403,-0.51267,-0.48895,-0.46522,-1.7352,-0.39332,-0.35133,-0.33042,-0.31097,-0.29207,-0.27743,-0.25371,-0.23026,-0.20099,-0.1899,-1.7206,-0.16063,-0.12763,-0.093003,-0.063734,-0.034466,-0.012923,0.014982,0.026072,0.05534,0.084609,-1.706,0.11388,0.14315,0.16333,0.19259,0.21277,0.23341,0.24295,0.26268,0.2844,0.30103,-1.9002,-1.6913,0.32476,0.33939,0.35403,0.36866,0.37421,0.3793,0.3793,0.3793,0.3793,0.3793,-1.6767,0.37021,0.37021,0.35821,0.35203,0.34294,0.33112,0.30876,0.29413,0.27949,0.25577,-1.6582,0.24113,0.2265,0.21568,0.20632,0.18587,0.17932,0.17932,0.17023,0.17023,0.17651,-1.6474,0.17932,0.18759,0.18841,0.1975,0.20423,0.21886,0.22477,0.23904,0.25368,0.26831,-1.6328,0.31203,0.37039,0.39966,0.42892,0.45819,0.47928,0.48946,0.51873,0.53891,0.56009,-1.6068,0.58381,0.60754,0.62217,0.64589,0.66907,0.67516,0.69889,0.72052,0.7407,0.76097,-1.5853,0.78469,0.80124,0.82305,0.8286,0.85232,0.86696,0.8725,0.88713,0.89741,0.90731,-1.5616,0.91558,0.92467,0.93304,0.93376,0.93504,0.94285,0.94613,0.95194,0.95194,0.95022,-1.5463,0.94285,0.94285,0.94267,0.93376,0.92467,0.91695,0.9114,0.89677,0.88832,0.87659,-1.5233,0.86196,0.84732,0.83269,0.81805,0.81251,0.79787,0.78324,0.77015,0.76306,0.74843,-1.8856,-1.5086,0.73379,0.72825,0.68834,0.68834,0.69234,0.69743,0.69743,0.70652,0.71452,0.72007,-1.494,0.73379,0.74025,0.74579,0.75197,0.76106,0.76242,0.77706,0.7826,0.78833,0.79742,-1.4841,0.80833,0.8156,0.82469,0.82496,0.83378,0.84514,0.93013,0.95622,0.97085,0.98548,-1.4647,1.0001,1.0148,1.0294,1.0349,1.0496,1.0642,1.0788,1.1026,1.1188,1.1409,-1.4501,1.1646,1.1884,1.1974,1.2176,1.2323,1.256,1.2706,1.2853,1.2999,1.3145,-1.4355,1.3292,1.3347,1.3493,1.364,1.3786,1.3842,1.3897,1.3973,1.3973,1.4063,-1.4208,1.4064,1.4155,1.4155,1.4155,1.4155,1.4155,1.4155,1.4155,1.4155,1.4064,-1.4062,1.4064,1.3973,1.389,1.3882,1.3792,1.3792,1.3668,1.3522,1.3428,1.332,-1.3932,1.3246,1.3374,1.343,1.3576,1.3722,1.3869,1.4015,1.4162,1.4246,1.4363,-1.386,1.451,1.4656,1.4802,1.4949,1.5095,1.5241,1.5388,1.5443,-1.8749,-1.3805,-1.3749,-1.3659,-1.3568,-1.3492,-1.3477,-1.3472,-1.3386,-1.3386,-1.3386,-1.8654,-1.3386,-1.3386,-1.3321,-1.3296,-1.3296,-1.3246,-1.3205,-1.3205,-1.3205,-1.3205,-1.8508,-1.3114,-1.3023,-1.3023,-1.2932,-1.2841,-1.2782,-1.2727,-1.2659,-1.2568,-1.2478,-1.8386,-1.2414,-1.2387,-1.2303,-1.2248,-1.2101,-1.2023,-1.1899,-1.1753,-1.1607,-1.1478,-1.8306,-1.1405,-1.1221,-1.102,-1.0784,-1.0525,-1.0232,-0.99397,-0.96597,-0.95361,-0.92171,-1.8159,-0.88598,-0.85208,-0.81836,-0.78245,-0.74764,-0.71237,-0.67801,-0.64784,-0.63366,-0.60439,5.0,2.0
2.1456,1.9882,1.7057,-0.60632,-0.63118,-0.65603,-0.68089,-0.70575,-0.7306,-0.75546,-0.78031,-0.80517,-0.83003,1.6654,-0.85488,-0.88211,-0.91446,-0.93931,-0.96417,-0.98311,-1.004,-1.0289,-1.0537,-1.0786,1.6106,-1.0956,-1.1184,-1.1386,-1.1583,-1.1816,-1.1981,-1.223,-1.2411,-1.2577,-1.2743,1.5857,-1.2908,-1.307,-1.3153,-1.3307,-1.3417,-1.35,-1.3583,-1.3674,-1.384,-1.393,1.5234,-1.4013,-1.4096,-1.4179,-1.4262,-1.4345,-1.4427,-1.451,-1.4593,-1.4676,-1.4759,1.4867,-1.4842,-1.4842,-1.4909,-1.494,-1.4905,-1.4842,-1.4838,-1.4755,-1.4743,-1.4688,1.4575,-1.4644,-1.4621,-1.4538,-1.4455,-1.4447,-1.4388,-1.4305,-1.4222,-1.4139,-1.4057,1.4244,-1.3974,-1.3891,-1.3808,-1.3725,-1.3642,-1.3559,-1.3394,-1.3295,-1.3161,-1.2995,1.3877,-1.283,-1.2664,-1.2498,-1.2332,-1.2167,-1.2001,-1.1812,-1.1571,-1.1405,-1.124,1.3297,-1.1015,-1.081,-1.0644,-1.0478,-1.0312,-1.0068,-0.98824,-0.97167,-0.9551,-0.93852,1.9448,1.2954,-0.92195,-0.90538,-0.88881,-0.87224,-0.85567,-0.8391,-0.82213,-0.79728,-0.77952,-0.76295,1.237,-0.74638,-0.72981,-0.71403,-0.70575,-0.68996,-0.67339,-0.65682,-0.64301,-0.63354,-0.61697,1.1896,-0.60829,-0.5937,-0.57713,-0.56371,-0.55385,-0.53728,-0.52899,-0.514,-0.50256,-0.49072,1.1565,-0.47612,-0.46784,-0.45955,-0.45127,-0.44298,-0.4347,-0.42641,-0.41813,-0.40984,-0.40155,1.1186,-0.39919,-0.39485,-0.38656,-0.37828,-0.36999,-0.3696,-0.36328,-0.35973,-0.35658,-0.34987,1.0606,-0.34987,-0.34158,-0.34001,-0.33488,-0.32659,-0.31831,-0.31002,-0.30174,-0.29345,-0.27964,1.0358,-0.26702,-0.25636,-0.24058,-0.2323,-0.21652,-0.20586,-0.19324,-0.17667,-0.1601,-0.14353,1.0042,-0.12695,-0.1167,-0.10368,-0.087106,-0.070535,-0.053965,-0.045679,-0.030687,-0.019245,-0.007409,0.97618,0.007189,0.015869,0.03244,0.041909,0.055717,0.068343,0.078995,0.094777,0.10306,0.11884,0.94422,0.1295,0.14212,0.15869,0.17408,0.18236,0.19854,0.21511,0.22695,0.23839,0.25496,1.9231,0.90871,0.27153,0.27982,0.29481,0.30625,0.31809,0.33466,0.35083,0.35912,0.3674,0.38121,0.89214,0.39384,0.40212,0.40962,0.40962,0.41712,0.4254,0.42935,0.43211,0.44039,0.44868,0.87557,0.45697,0.46525,0.47354,0.48498,0.49997,0.50826,0.52483,0.53469,0.54297,0.55481,0.8377,0.57138,0.58756,0.59584,0.61123,0.6278,0.64437,0.66331,0.68738,0.70395,0.72801,0.79627,0.75287,0.77773,0.80258,0.82744,0.85229,0.87715,0.90201,0.92213,0.94186,0.96671,0.7509,0.99157,1.0164,1.0413,1.0661,1.091,1.1158,1.1407,1.1656,1.1904,1.2208,0.71302,1.25,1.2748,1.2997,1.3246,1.3569,1.3841,1.409,1.4338,1.4587,1.4836,0.70474,1.5084,1.5333,1.5581,1.583,1.6078,1.6327,1.6576,1.6824,1.7073,1.7286,0.69645,1.7471,1.7716,1.7881,1.8047,1.8213,1.8379,1.8544,1.871,1.8876,1.8966,0.68067,1.9108,1.9231,1.9314,1.9408,1.9574,1.9661,1.9744,1.9827,1.8982,0.67002,0.64437,0.60294,0.56625,0.55797,0.51812,0.47669,0.4542,0.44592,0.42974,1.8714,0.38003,0.3386,0.3173,0.30586,0.29402,0.27745,0.2593,0.20959,0.18828,0.17171,1.8386,0.13936,0.099117,0.080179,0.038752,0.027311,-0.010565,-0.038578,-0.046863,-0.055148,-0.063434,1.8138,-0.07961,-0.10881,-0.12774,-0.14865,-0.18692,-0.21178,-0.22007,-0.22835,-0.23664,-0.24492,1.7676,-0.25321,-0.26149,-0.26978,-0.28517,-0.29621,-0.30844,-0.32501,-0.34158,-0.35816,-0.37473,1.7345,-0.3913,-0.41221,-0.4343,-0.45206,-0.47691,-0.50177,-0.52031,-0.54162,-0.56647,-0.58975,1.0,2.0
-2.3974,-2.1957,-1.8394,-0.89873,-0.88996,-0.88119,-0.87241,-0.8696,-0.86782,-0.85904,-0.85665,-0.85445,-0.84568,-1.8101,-0.8369,-0.83075,-0.83075,-0.82354,-0.81476,-0.80599,-0.79722,-0.78498,-0.76744,-0.75796,-1.7838,-0.74918,-0.74041,-0.72316,-0.70992,-0.70102,-0.68347,-0.67066,-0.66133,-0.64379,-0.62625,-1.7575,-0.6087,-0.59116,-0.57361,-0.55607,-0.53852,-0.51499,-0.49049,-0.47294,-0.44899,-0.42267,-1.7312,-0.39636,-0.37004,-0.34373,-0.31741,-0.29834,-0.2808,-0.26326,-0.24571,-0.22817,-0.21062,-1.7049,-0.19308,-0.17945,-0.17068,-0.16191,-0.15314,-0.14436,-0.13559,-0.13158,-0.131,-0.12222,-1.6786,-0.11345,-0.10568,-0.10568,-0.10568,-0.10568,-0.10568,-0.099662,-0.092735,-0.092735,-0.092735,-1.659,-0.09047,-0.081697,-0.079788,-0.079788,-0.079788,-0.072505,-0.06684,-0.06684,-0.059136,-0.053892,-1.6389,-0.053892,-0.045768,-0.040945,-0.040945,-0.032399,-0.027997,-0.027803,-0.019031,-0.010259,-0.001487,-1.6126,0.007286,0.016058,0.02483,0.033602,0.036742,0.038198,0.04697,0.055742,0.064514,0.073286,-2.0812,-1.6005,0.082058,0.090831,0.099603,0.10837,0.11715,0.12592,0.12738,0.13052,0.13929,0.14806,-1.5888,0.15683,0.1656,0.16622,0.1702,0.17897,0.17917,0.18357,0.19234,0.20111,0.20506,-1.5712,0.20571,0.21448,0.21801,0.21908,0.22785,0.23096,0.23245,0.24122,0.24999,0.25876,-1.5612,0.26753,0.27631,0.28508,0.29385,0.30955,0.32434,0.33311,0.34923,0.36361,0.37238,-1.5525,0.38892,0.40646,0.42401,0.44155,0.45508,0.46385,0.48124,0.49878,0.51607,0.52484,-1.5437,0.53846,0.55533,0.5641,0.57815,0.59459,0.60336,0.61783,0.63386,0.64263,0.6514,-1.5349,0.66212,0.67966,0.68413,0.68649,0.69526,0.70403,0.71281,0.72158,0.73035,0.73912,-1.5299,0.74789,0.74886,0.75249,0.76126,0.77003,0.77476,0.77476,0.7834,0.78771,0.788,-1.5299,0.79677,0.80066,0.80066,0.80066,0.80066,0.80066,0.80066,0.80066,0.80066,0.80066,-1.5215,0.80066,0.80263,0.8114,0.8136,0.816,0.82477,0.82655,0.82937,0.83814,0.8395,-2.0466,-1.517,0.84274,0.85151,0.85245,0.8561,0.86488,0.86539,0.86947,0.87824,0.87834,0.88284,-1.5169,0.89161,0.90038,0.90424,0.90498,0.91375,0.92253,0.9313,0.94007,0.94884,0.95761,-1.5082,0.96639,0.96898,0.97098,0.97975,0.98192,0.98192,0.98192,0.98895,0.99772,1.0065,-1.504,1.0078,1.0111,1.0199,1.0286,1.0374,1.0462,1.0549,1.0637,1.0725,1.0726,-1.5036,1.0771,1.0855,1.0855,1.0905,1.0985,1.0985,1.1038,1.1114,1.1114,1.1172,-1.4948,1.1243,1.1243,1.1306,1.1393,1.1481,1.1502,1.1527,1.1615,1.1702,1.179,-1.486,1.1878,1.1966,1.2053,1.2141,1.2229,1.2317,1.2404,1.2492,1.258,1.2667,-1.4764,1.2843,1.3018,1.3193,1.3369,1.3594,1.3857,1.412,1.4384,1.4659,1.501,-1.4588,1.5361,1.5695,1.5958,1.6284,1.6635,1.6986,1.727,1.7533,1.7796,1.8059,-1.4468,1.8293,1.8469,1.8569,1.869,1.8866,1.8962,1.9012,1.9012,-2.0203,-1.4367,-1.4192,-1.4075,-1.397,-1.3795,-1.3619,-1.3423,-1.3159,-1.2964,-1.2788,-1.9939,-1.2613,-1.2437,-1.2262,-1.2086,-1.1911,-1.1735,-1.156,-1.1465,-1.1339,-1.1163,-1.9668,-1.0988,-1.0855,-1.0767,-1.0679,-1.0592,-1.0504,-1.0416,-1.0328,-1.0241,-1.0153,-1.9317,-1.012,-1.012,-1.012,-1.012,-1.0103,-1.0015,-0.99907,-0.99907,-0.99907,-0.99907,-1.902,-0.99648,-0.98771,-0.98613,-0.98613,-0.98613,-0.97852,-0.97318,-0.97318,-0.97318,-0.96933,-1.8745,-0.96055,-0.95178,-0.94728,-0.94719,-0.93841,-0.92964,-0.92087,-0.9121,-0.90844,-0.9075,3.0,2.0
-2.0049,-1.9458,-1.6872,-0.90297,-0.90954,-0.91611,-0.92267,-0.92924,-0.93581,-0.94238,-0.94894,-0.95551,-0.96768,-1.6609,-1.0005,-1.0192,-1.0257,-1.0266,-1.0254,-1.0188,-1.0122,-1.0057,-0.99909,-0.98464,-1.6365,-0.9321,-0.89918,-0.88605,-0.8675,-0.84681,-0.82054,-0.7974,-0.7777,-0.758,-0.73744,-1.6168,-0.71117,-0.6879,-0.6682,-0.64849,-0.62808,-0.60181,-0.57839,-0.55869,-0.53399,-0.5083,-1.5971,-0.48859,-0.46889,-0.44919,-0.42949,-0.40979,-0.39008,-0.37038,-0.35068,-0.3357,-0.32257,-1.5774,-0.30943,-0.2963,-0.28316,-0.27003,-0.2569,-0.24376,-0.23293,-0.22637,-0.2198,-0.21323,-1.5577,-0.20666,-0.2001,-0.19353,-0.18696,-0.18039,-0.18028,-0.18028,-0.18028,-0.18028,-0.18028,-1.5398,-0.18028,-0.18218,-0.18875,-0.19128,-0.19128,-0.19128,-0.19303,-0.1996,-0.20227,-0.20227,-1.5266,-0.20227,-0.20389,-0.21046,-0.20573,-0.1926,-0.17946,-0.16781,-0.16124,-0.15105,-0.13791,-1.5135,-0.12478,-0.11164,-0.098508,-0.085374,-0.072239,-0.053471,-0.033769,-0.014067,0.002283,0.015418,-1.8995,-1.5004,0.034048,0.054822,0.081092,0.10415,0.12385,0.14355,0.16325,0.18296,0.20573,0.232,-1.4932,0.25305,0.27355,0.29982,0.32315,0.34285,0.36256,0.38226,0.40196,0.42166,0.44136,-1.4867,0.46107,0.48025,0.49338,0.50918,0.52888,0.54378,0.55691,0.57005,0.58065,0.58722,-1.4801,0.59846,0.61135,0.61791,0.62687,0.64001,0.64861,0.65517,0.66174,0.66831,0.67488,-1.4735,0.67705,0.67705,0.67705,0.67705,0.67705,0.67705,0.67705,0.67705,0.67507,0.6685,-1.467,0.66606,0.66606,0.65979,0.65322,0.64666,0.64009,0.63352,0.62695,0.62209,0.62209,-1.4722,0.61824,0.61168,0.60511,0.59854,0.59197,0.57428,0.54801,0.54515,0.54658,0.55315,-1.4773,0.55614,0.55614,0.55614,0.55614,0.55614,0.55958,0.56614,0.56713,0.57752,0.63663,-1.4773,0.66935,0.67592,0.68793,0.70005,0.70661,0.71634,0.72948,0.74261,0.75487,0.76143,-1.4773,0.77102,0.78416,0.79213,0.79944,0.81257,0.82282,0.82939,0.84099,0.85352,0.86008,-1.8798,-1.4773,0.8694,0.88253,0.89078,0.89781,0.91095,0.92408,0.93722,0.9456,0.95249,0.96563,-1.4773,0.97876,0.9919,1.005,1.0182,1.0313,1.0444,1.0576,1.0662,1.0728,1.086,-1.4773,1.0991,1.1123,1.121,1.1276,1.1407,1.1517,1.1583,1.1649,1.1714,1.1844,-1.4773,1.1956,1.2021,1.2087,1.2153,1.2218,1.2284,1.235,1.2376,1.2376,1.2437,-1.4773,1.2503,1.2568,1.2596,1.2596,1.2596,1.2611,1.2677,1.2706,1.2706,1.2706,-1.4773,1.2706,1.2706,1.2706,1.2706,1.2706,1.2706,1.2706,1.2706,1.2706,1.2706,-1.4717,1.2706,1.2706,1.2706,1.2706,1.2706,1.2706,1.2706,1.2737,1.2803,1.2868,-1.4663,1.2934,1.3,1.3065,1.3131,1.3197,1.3262,1.3328,1.3394,1.3459,1.3525,-1.4663,1.3591,1.3656,1.3749,1.388,1.3963,1.4029,1.4095,1.4186,1.4317,1.4402,-1.463,1.4467,1.4533,1.4599,1.4664,1.473,1.4796,1.4861,1.4881,-1.8558,-1.4564,-1.4498,-1.4433,-1.4367,-1.4301,-1.4236,-1.4117,-1.3985,-1.3854,-1.3723,-1.8296,-1.3591,-1.3408,-1.3219,-1.3087,-1.2927,-1.273,-1.2583,-1.2452,-1.2321,-1.2161,-1.7969,-1.1964,-1.1817,-1.1685,-1.1554,-1.1423,-1.1291,-1.1112,-1.0919,-1.0787,-1.0656,-1.766,-1.0525,-1.0393,-1.0262,-1.0131,-0.99992,-0.98678,-0.97365,-0.96059,-0.95403,-0.94523,-1.7398,-0.9321,-0.92333,-0.91677,-0.9102,-0.90363,-0.89706,-0.8905,-0.88393,-0.88374,-0.88374,-1.7135,-0.88374,-0.88374,-0.88374,-0.88374,-0.88374,-0.88374,-0.88769,-0.89426,-0.89473,-0.8964,5.0,2.0
0.92823,0.88231,0.85935,-0.007491,0.099515,0.1893,0.29211,0.39183,0.50458,0.61732,0.73007,0.84281,0.93725,0.85935,1.0453,1.1581,1.2598,1.3444,1.4289,1.5135,1.5891,1.6455,1.6824,1.7336,0.84258,1.7549,1.767,1.7779,1.7779,1.7356,1.5927,1.4107,1.303,1.2185,1.11,0.83638,0.99368,0.84517,0.74247,0.65791,0.57335,0.48879,0.40423,0.28901,0.16622,0.038779,0.83638,-0.071786,-0.15991,-0.28683,-0.54258,-0.75998,-0.81635,-0.87272,-0.92909,-0.97008,-1.0189,0.83638,-1.0724,-1.1087,-1.1517,-1.1799,-1.2081,-1.2363,-1.2645,-1.2926,-1.2991,-1.3221,0.83638,-1.3221,-1.3221,-1.3221,-1.3221,-1.315,-1.2991,-1.2816,-1.2762,-1.2482,-1.22,0.83638,-1.1918,-1.1636,-1.1324,-1.0843,-1.0426,-1.0049,-0.95286,-0.89649,-0.84011,-0.78374,0.83638,-0.72737,-0.64803,-0.58236,-0.4978,-0.41324,-0.35164,-0.26708,-0.18252,-0.080282,0.009559,0.83638,0.094119,0.18907,0.2862,0.37076,0.47828,0.56284,0.66095,0.75492,0.84052,0.94701,0.88231,0.83638,1.0316,1.1161,1.2007,1.2852,1.3604,1.4314,1.4961,1.5503,1.5859,1.6297,0.83638,1.6401,1.663,1.663,1.663,1.6473,1.6401,1.5978,1.4625,1.3924,1.2323,0.85935,1.1326,1.0507,0.91641,0.83185,0.74729,0.66273,0.57817,0.49361,0.40905,0.32449,0.85935,0.23993,0.15537,0.070812,-0.013748,-0.092912,-0.15991,-0.24446,-0.30796,-0.39062,-0.46663,0.85935,-0.53678,-0.83036,-0.93426,-0.99063,-1.0353,-1.0804,-1.1146,-1.1658,-1.194,-1.2222,0.85935,-1.2503,-1.2785,-1.3067,-1.3221,-1.3401,-1.3453,-1.368,-1.368,-1.368,-1.368,0.85935,-1.3451,-1.3364,-1.3221,-1.303,-1.2734,-1.2236,-1.1836,-1.1443,-1.0939,-1.0375,0.85935,-0.9811,-0.92473,-0.86836,-0.80952,-0.72496,-0.65331,-0.5788,-0.49424,-0.40968,-0.32512,0.85935,-0.24056,-0.156,-0.048479,0.036081,0.13465,0.24739,0.33718,0.44992,0.55073,0.65245,0.87307,0.7652,0.8733,0.96773,1.0805,1.1729,1.26,1.365,1.4886,1.603,1.6641,0.88231,0.86337,1.7204,1.7768,1.817,1.8666,1.8734,1.8927,1.8927,1.8733,1.8451,1.8169,0.85935,1.7767,1.6858,1.618,1.5569,1.4524,1.3418,1.2573,1.1646,1.0114,0.91176,0.85292,0.77209,0.65079,0.54281,0.38982,0.30526,0.19917,0.04429,-0.04027,-0.12483,-0.26777,0.82473,-0.36111,-0.42443,-0.53333,-0.63948,-0.70142,-0.82668,-0.88305,-1.0774,-1.1819,-1.2331,0.79654,-1.2693,-1.3124,-1.3406,-1.368,-1.374,-1.391,-1.391,-1.391,-1.3871,-1.368,0.76836,-1.3537,-1.3255,-1.3203,-1.285,-1.2409,-1.1952,-1.1616,-1.1054,-1.0491,-0.9927,0.71836,-0.93633,-0.87995,-0.82358,-0.75383,-0.68787,-0.60854,-0.54608,-0.47283,-0.39992,-0.33712,0.59717,-0.25778,-0.19217,-0.10761,-0.042738,0.036597,0.10015,0.17231,0.22868,0.28505,0.34143,0.46531,0.3978,0.45417,0.48976,0.54091,0.5691,0.59729,0.62547,0.60676,0.60056,0.5838,0.29992,0.56715,0.56083,0.53787,0.52851,0.50033,0.49195,0.46898,0.46898,0.86141,0.25084,0.13247,0.088837,0.024714,-0.036653,-0.093026,-0.13872,-0.18281,-0.23918,-0.29556,0.85935,-0.35193,-0.4083,-0.46468,-0.52105,-0.57088,-0.61083,-0.66721,-0.72358,-0.77547,-0.81336,0.85935,-0.86974,-0.90596,-0.95711,-0.99293,-1.0364,-1.0646,-1.0928,-1.121,-1.1492,-1.1774,0.85935,-1.2056,-1.2302,-1.239,-1.2532,-1.2532,-1.2762,-1.2695,-1.2532,-1.2532,-1.2309,0.85935,-1.2027,-1.1745,-1.1463,-1.1181,-1.0874,-1.031,-0.97468,-0.9365,-0.88489,-0.82852,0.85935,-0.76124,-0.69281,-0.63644,-0.57645,-0.50073,-0.43029,-0.34573,-0.26117,-0.17661,-0.092051,2.0,2.0
-1.8162,-1.7647,-1.6597,-0.66604,-0.65227,-0.63851,-0.62475,-0.61098,-0.59722,-0.59062,-0.58854,-0.57478,-0.57176,-1.6459,-0.57176,-0.56233,-0.56233,-0.57157,-0.57176,-0.57176,-0.58119,-0.58892,-0.59326,-0.60702,-1.6322,-0.62079,-0.63455,-0.65774,-0.67697,-0.69507,-0.71789,-0.7226,-0.73995,-0.75918,-0.77295,-1.6184,-0.78671,-0.79105,-0.79802,-0.80915,-0.81688,-0.82725,-0.83045,-0.82612,-0.81688,-0.81688,-1.6046,-0.80368,-0.78992,-0.77615,-0.76239,-0.7392,-0.71883,-0.6913,-0.66962,-0.57025,-0.54782,-1.5909,-0.52462,-0.50143,-0.479,-0.45863,-0.44279,-0.42469,-0.39716,-0.37171,-0.35154,-0.32401,-1.5805,-0.29648,-0.26952,-0.25085,-0.22332,-0.21465,-0.1956,-0.17845,-0.15865,-0.14488,-0.13112,-1.5728,-0.10793,-0.094164,-0.079268,-0.062676,-0.052871,-0.034393,-0.015915,-0.002151,0.011613,0.0316,-1.559,0.039142,0.052906,0.06667,0.078737,0.084771,0.089108,0.097593,0.097593,0.097593,0.088731,-1.5452,0.084394,0.07063,0.056866,0.050455,0.038765,0.025,0.011236,-0.008373,-0.02572,-0.039484,-1.7596,-1.5315,-0.062676,-0.080776,-0.099632,-0.10397,-0.12565,-0.14092,-0.15469,-0.16638,-0.15997,-0.15563,-1.5177,-0.14187,-0.1281,-0.11434,-0.10057,-0.077383,-0.063618,-0.037033,-0.017235,0.027075,0.095141,-1.504,0.11833,0.1321,0.15529,0.16359,0.17377,0.19658,0.21035,0.23354,0.2556,0.27049,-1.4847,0.28426,0.29802,0.31179,0.31612,0.32989,0.34365,0.35742,0.37118,0.38494,0.39871,-1.467,0.41247,0.42624,0.43057,0.44434,0.46036,0.48129,0.49657,0.51825,0.5422,0.56972,-1.4532,0.58782,0.61102,0.61611,0.6327,0.64439,0.65382,0.66098,0.66324,0.66966,0.67267,-1.4304,0.67267,0.6821,0.6821,0.6821,0.67795,0.67267,0.66928,0.66324,0.65118,0.64439,-1.4163,0.63308,0.61931,0.60555,0.59178,0.56859,0.55011,0.52259,0.49902,0.47696,0.45263,-1.3942,0.43887,0.43453,0.42077,0.40361,0.37438,0.37193,0.38042,0.38985,0.39437,0.40814,-1.3793,0.4219,0.43566,0.44943,0.46319,0.48412,0.49072,0.50599,0.53352,0.55162,0.57915,-1.7466,-1.3656,0.67267,0.69586,0.70963,0.72697,0.74658,0.76318,0.78354,0.7973,0.81107,0.82351,-1.3518,0.82917,0.8435,0.86613,0.88913,0.91666,0.9357,0.96229,0.98208,0.99585,1.0026,-1.338,1.0234,1.0371,1.052,1.0741,1.0973,1.1158,1.1342,1.1574,1.1629,1.1755,-1.3243,1.1893,1.2031,1.21,1.2212,1.2349,1.2487,1.2625,1.2762,1.2855,1.2943,-1.3105,1.3081,1.3219,1.3356,1.3494,1.3537,1.3609,1.3703,1.3703,1.3711,1.3797,-1.2977,1.3797,1.3797,1.3711,1.3703,1.3703,1.3609,1.3609,1.3588,1.3643,1.3703,-1.2924,1.376,1.3897,1.4035,1.4173,1.431,1.4448,1.4619,1.4817,1.4955,1.5162,-1.2786,1.523,1.5368,1.56,1.5792,1.5969,1.6154,1.6339,1.6477,1.6614,1.6752,-1.2649,1.6814,1.7027,1.7165,1.7303,1.744,1.7578,1.7715,1.7853,1.7945,1.8034,-1.26,1.8172,1.8309,1.8447,1.8585,1.8628,1.8766,1.8888,1.8947,-1.7329,-1.26,-1.26,-1.26,-1.26,-1.26,-1.26,-1.26,-1.26,-1.26,-1.26,-1.7191,-1.26,-1.2505,-1.2505,-1.2505,-1.2505,-1.2505,-1.2505,-1.2411,-1.2411,-1.2411,-1.7053,-1.2411,-1.2317,-1.2317,-1.2317,-1.2317,-1.2232,-1.2223,-1.2145,-1.2102,-1.2034,-1.6936,-1.1921,-1.1783,-1.1646,-1.1453,-1.1276,-1.1138,-1.091,-1.0808,-1.0643,-1.0399,-1.6872,-1.0186,-1.0005,-0.973,-0.9549,-0.9334,-0.91021,-0.89645,-0.89192,-0.86892,-0.84629,-1.6735,-0.83196,-0.81009,-0.79199,-0.77181,-0.75579,-0.73486,-0.72109,-0.71318,-0.69357,-0.6798,5.0,2.0
-0.48564,-0.50531,-0.53695,-1.5547,-1.5252,-1.4957,-1.4623,-1.423,-1.3901,-1.3606,-1.3221,-1.2845,-1.2549,-0.53695,-1.2254,-1.1959,-1.1596,-1.1202,-1.0903,-1.0608,-1.0313,-1.0018,-0.97228,-0.94278,-0.53695,-0.91327,-0.88376,-0.85426,-0.82475,-0.79524,-0.76574,-0.74393,-0.72383,-0.69432,-0.66781,-0.53695,-0.64814,-0.62291,-0.5934,-0.57202,-0.55149,-0.52199,-0.4959,-0.47623,-0.45656,-0.43689,-0.53781,-0.41722,-0.39755,-0.37787,-0.3582,-0.33853,-0.31886,-0.29919,-0.2885,-0.27695,-0.25728,-0.54764,-0.24189,-0.23205,-0.22906,-0.22906,-0.21965,-0.20982,-0.19998,-0.19485,-0.19485,-0.18758,-0.55406,-0.17774,-0.17774,-0.17774,-0.17774,-0.17261,-0.16278,-0.16064,-0.16021,-0.15037,-0.14054,-0.55406,-0.1307,-0.12087,-0.11103,-0.1012,-0.091362,-0.081526,-0.06827,-0.048598,-0.028927,-0.009256,-0.56005,0.010415,0.030086,0.049757,0.069428,0.089099,0.11518,0.14469,0.16522,0.1866,0.21611,-0.56988,0.24561,0.27512,0.30463,0.33413,0.36364,0.39314,0.42265,0.45216,0.48166,0.51117,-0.51985,-0.57116,0.54068,0.56035,0.58002,0.59969,0.62449,0.654,0.67581,0.69548,0.71515,0.73782,-0.57245,0.76732,0.79683,0.82634,0.84772,0.86824,0.89775,0.92726,0.95676,0.98627,1.0158,-0.58228,1.0453,1.0735,1.0932,1.1167,1.1462,1.1757,1.2052,1.2347,1.2625,1.2822,-0.58827,1.3061,1.3356,1.3583,1.378,1.3977,1.4173,1.437,1.4567,1.4763,1.496,-0.58827,1.5157,1.5353,1.555,1.5747,1.5892,1.5991,1.6166,1.6358,1.6457,1.6555,-0.59468,1.6653,1.6752,1.685,1.6949,1.7047,1.7145,1.7209,1.7209,1.7209,1.7209,-0.60452,1.7124,1.7026,1.6927,1.6829,1.673,1.6632,1.6534,1.6435,1.632,1.6123,-0.60537,1.5969,1.5871,1.5704,1.5507,1.5311,1.5114,1.4917,1.4674,1.4378,1.4083,-0.60709,1.3788,1.3592,1.3344,1.295,1.2608,1.2313,1.2018,1.1719,1.1325,1.0962,-0.61692,1.0667,1.0316,0.99226,0.95291,0.91443,0.88492,0.85199,0.81265,0.77331,0.73397,-0.51985,-0.62248,0.70318,0.67239,0.63305,0.59755,0.56805,0.53854,0.50903,0.47953,0.45002,0.42051,-0.62248,0.39528,0.37561,0.35594,0.33627,0.3166,0.29907,0.28923,0.27469,0.25502,0.23535,-0.62248,0.21568,0.20584,0.19601,0.18617,0.18147,0.18147,0.18916,0.19857,0.19857,0.20157,-0.62248,0.2114,0.21568,0.21568,0.21568,0.21568,0.21568,0.21568,0.21568,0.21568,0.21568,-0.63189,0.21568,0.21568,0.21568,0.21568,0.21568,0.22209,0.23193,0.23278,0.23278,0.23278,-0.63959,0.23278,0.23278,0.23278,0.23278,0.23278,0.23278,0.23278,0.23749,0.24732,0.24989,-0.63959,0.24989,0.24989,0.25245,0.26229,0.26699,0.26699,0.27469,0.28453,0.29436,0.3012,-0.64899,0.3012,0.30676,0.3166,0.31831,0.31916,0.329,0.33541,0.33541,0.33541,0.33541,-0.66866,0.34397,0.35252,0.35252,0.35252,0.35252,0.35252,0.35252,0.35252,0.35423,0.36407,-0.71014,0.3739,0.38374,0.38673,0.38673,0.39614,0.40597,0.41581,0.42564,-0.51985,-0.75932,-0.76916,-0.78156,-0.80123,-0.8363,-0.88547,-0.91156,-0.93123,-0.9509,-0.97057,-0.51985,-0.99024,-1.0322,-1.0912,-1.1258,-1.1579,-1.2169,-1.2656,-1.2951,-1.3486,-1.4174,-0.51985,-1.4777,-1.5329,-1.5624,-1.5996,-1.6488,-1.6787,-1.6984,-1.754,-1.8062,-1.8258,-0.52028,-1.8455,-1.8652,-1.9122,-1.9712,-2.0208,-2.0529,-2.0234,-2.0033,-1.9935,-1.9836,-0.53011,-1.9738,-1.964,-1.9541,-1.9443,-1.9293,-1.9097,-1.8977,-1.8874,-1.8677,-1.8481,-0.53695,-1.8284,-1.8032,-1.7737,-1.7523,-1.7318,-1.7022,-1.6727,-1.6432,-1.6137,-1.5842,4.0,2.0
-1.8204,-1.6085,-1.3982,-0.77252,-0.75849,-0.74446,-0.74188,-0.72865,-0.71461,-0.70058,-0.69286,-0.68477,-0.67074,-1.3842,-0.66835,-0.65493,-0.64384,-0.63912,-0.63158,-0.62331,-0.60927,-0.60707,-0.59481,-0.59169,-1.3701,-0.58256,-0.57588,-0.56184,-0.54781,-0.53378,-0.532,-0.52127,-0.51619,-0.50902,-0.50038,-1.3561,-0.49676,-0.49676,-0.49676,-0.49676,-0.49676,-0.49676,-0.49676,-0.49676,-0.49676,-0.49676,-1.3421,-0.49676,-0.49676,-0.48953,-0.48451,-0.48451,-0.4842,-0.47225,-0.47225,-0.46661,-0.45999,-1.328,-0.45999,-0.45999,-0.44774,-0.44774,-0.44774,-0.44774,-0.44774,-0.44774,-0.44774,-0.44774,-1.314,-0.44529,-0.43548,-0.43548,-0.43548,-0.42592,-0.42323,-0.41097,-0.40833,-0.39871,-0.39871,-1.3,-0.39075,-0.38646,-0.37494,-0.3742,-0.3742,-0.36961,-0.36195,-0.36195,-0.35202,-0.34969,-1.2859,-0.33621,-0.32217,-0.30814,-0.29411,-0.28007,-0.27615,-0.26426,-0.2639,-0.26071,-0.25164,-1.2719,-0.2449,-0.23938,-0.22909,-0.22713,-0.21328,-0.19925,-0.19036,-0.18344,-0.1694,-0.16585,-1.5804,-1.2579,-0.15359,-0.14134,-0.13778,-0.12375,-0.10972,-0.095682,-0.092311,-0.079872,-0.065838,-0.051805,-1.2566,-0.037772,-0.023739,-0.009705,0.004328,0.018361,0.032394,0.046428,0.060461,0.074494,0.097781,-1.2566,0.11482,0.12885,0.14288,0.15692,0.17095,0.18498,0.19902,0.21305,0.22708,0.24112,-1.2525,0.25515,0.26312,0.27096,0.28499,0.29903,0.3008,0.31214,0.31661,0.3244,0.33242,-1.2444,0.34646,0.36049,0.36116,0.36116,0.36116,0.36116,0.36116,0.36116,0.36116,0.36116,-1.2444,0.36116,0.36116,0.36116,0.36116,0.36116,0.36116,0.36116,0.36116,0.36619,0.37342,-1.2444,0.37342,0.37342,0.38555,0.38568,0.38568,0.38568,0.39266,0.39793,0.39793,0.39799,-1.2444,0.41019,0.4138,0.42244,0.42961,0.44365,0.44696,0.45921,0.46124,0.47527,0.48372,-1.2321,0.49108,0.49598,0.50689,0.52049,0.5227,0.53275,0.53851,0.54501,0.54501,0.5561,-1.2321,0.57013,0.58416,0.5982,0.60629,0.60629,0.61578,0.61854,0.6308,0.6308,0.63515,-1.5577,-1.2321,0.64305,0.65096,0.65531,0.66677,0.67982,0.68258,0.69661,0.70433,0.71242,0.72646,-1.2261,0.74049,0.74227,0.7563,0.76562,0.77211,0.77787,0.78792,0.79013,0.79013,0.79325,-1.2199,0.80238,0.80238,0.80238,0.81262,0.81464,0.81464,0.81464,0.81464,0.81464,0.81464,-1.2199,0.81464,0.81464,0.8269,0.8269,0.8269,0.83394,0.83915,0.83915,0.85141,0.85331,-1.2199,0.86734,0.88137,0.89541,0.90944,0.92347,0.93751,0.95154,0.96557,0.97961,0.99364,-1.2076,1.0169,1.034,1.0485,1.0743,1.0924,1.1204,1.1409,1.1643,1.1924,1.2327,-1.2076,1.2608,1.2931,1.3292,1.365,1.4071,1.4492,1.4913,1.536,1.5878,1.636,-1.2076,1.6842,1.7361,1.7807,1.8361,1.8922,1.9483,2.0045,2.0524,2.1045,2.1606,-1.2014,2.2167,2.2699,2.3167,2.3663,2.4084,2.4505,2.4926,2.5347,2.5736,2.6067,-1.1954,2.642,2.6701,2.6982,2.7262,2.7527,2.7701,2.793,2.8071,-1.5366,-1.1954,-1.1954,-1.1831,-1.1831,-1.1831,-1.1831,-1.1749,-1.1708,-1.1708,-1.1696,-1.5085,-1.1586,-1.1586,-1.152,-1.1463,-1.1463,-1.1344,-1.1341,-1.1341,-1.1291,-1.1218,-1.4911,-1.1218,-1.1218,-1.1218,-1.1096,-1.1096,-1.1044,-1.0973,-1.0973,-1.0868,-1.085,-1.4646,-1.0728,-1.0692,-1.0605,-1.0534,-1.0483,-1.0376,-1.0358,-1.0218,-1.0115,-1.0059,-1.4385,-0.99926,-0.99013,-0.9761,-0.97432,-0.96029,-0.94625,-0.93222,-0.91819,-0.91347,-0.90238,-1.4207,-0.88834,-0.87431,-0.86028,-0.84625,-0.83993,-0.83043,-0.8164,-0.80237,-0.79091,-0.78656,3.0,2.0
0.57661,0.60929,0.65032,1.4857,1.5511,1.6164,1.6575,1.6901,1.7228,1.7435,1.7522,1.7358,1.7314,0.65032,1.6909,1.5111,1.355,1.2222,1.1405,1.0471,0.95254,0.87084,0.77759,0.67956,0.65032,0.58152,0.48349,0.38545,0.28742,0.18938,0.091345,-0.006691,-0.11591,-0.22733,-0.32537,0.65032,-0.4234,-0.5497,-0.81112,-0.95228,-1.034,-1.1157,-1.1866,-1.2493,-1.2984,-1.3474,0.65032,-1.3939,-1.4266,-1.4487,-1.4651,-1.4814,-1.4873,-1.4851,-1.4687,-1.4524,-1.434,0.65032,-1.4013,-1.3584,-1.3094,-1.2604,-1.2013,-1.1359,-1.0706,-0.99528,-0.91358,-0.83189,0.65032,-0.75019,-0.6669,-0.56886,-0.47082,-0.37279,-0.27475,-0.16713,-0.054111,0.043924,0.15142,0.65032,0.26579,0.38017,0.48521,0.58435,0.69872,0.80389,0.90192,0.99996,1.098,1.1952,0.65032,1.2769,1.3586,1.4395,1.5049,1.5614,1.6104,1.6594,1.6997,1.7319,1.7482,0.65032,1.7646,1.7772,1.6302,1.5255,1.4602,1.3948,1.2877,1.1411,1.0594,0.96949,0.62575,0.64295,0.87145,0.77342,0.67538,0.57735,0.47931,0.38128,0.28324,0.16911,0.062598,-0.035438,0.62661,-0.14944,-0.26382,-0.37819,-0.49257,-0.69835,-1.0088,-1.0991,-1.1808,-1.2625,-1.3442,0.61027,-1.4185,-1.4839,-1.5337,-1.5828,-1.6318,-1.6501,-1.6735,-1.7062,-1.7084,-1.7084,0.59393,-1.7084,-1.6933,-1.6701,-1.6374,-1.6047,-1.5653,-1.5163,-1.4673,-1.4116,-1.3463,0.57759,-1.2809,-1.209,-1.1273,-1.0456,-0.95756,-0.85953,-0.76149,-0.66346,-0.56542,-0.45301,0.56125,-0.34478,-0.24674,-0.13446,-0.020081,0.094294,0.20867,0.32304,0.43742,0.55179,0.66617,0.54491,0.78054,0.88104,0.97907,1.0771,1.1751,1.2732,1.3712,1.442,1.5073,1.5727,0.52857,1.638,1.6981,1.7471,1.7828,1.8103,1.8266,1.8297,1.8297,1.8297,1.8034,0.46653,1.7609,1.6955,1.6302,1.5648,1.4995,1.4341,1.3641,1.2824,1.1879,1.0944,0.41518,1.0127,0.90573,0.79578,0.69774,0.58717,0.4771,0.37906,0.26862,0.15842,0.060387,0.62575,0.3825,-0.049934,-0.16026,-0.25829,-0.35633,-0.45436,-0.5524,-0.74675,-0.93741,-1.0028,-1.0562,0.34983,-1.1052,-1.1542,-1.1915,-1.2242,-1.2568,-1.2778,-1.2942,-1.3105,-1.3153,-1.312,0.31027,-1.2957,-1.2907,-1.2875,-1.2712,-1.2436,-1.2109,-1.1782,-1.1343,-1.0853,-1.0363,0.26125,-0.98729,-0.93827,-0.88926,-0.82931,-0.76395,-0.69859,-0.63323,-0.56788,-0.50252,-0.43716,0.21223,-0.37426,-0.32524,-0.26566,-0.2003,-0.13495,-0.069591,-0.006445,0.042573,0.091591,0.14061,0.16321,0.18963,0.23864,0.2857,0.31838,0.35105,0.38189,0.39823,0.41457,0.43091,0.44725,0.1142,0.44393,0.42759,0.41125,0.39491,0.38005,0.38005,0.37046,0.35412,0.33779,0.33091,0.050313,0.32968,0.31334,0.30634,0.30634,0.30634,0.29712,0.28177,0.28177,0.28177,0.28091,-0.015044,0.26457,0.25719,0.25719,0.25719,0.25719,0.25658,0.24024,0.23262,0.23262,0.23262,-0.080402,0.23262,0.23226,0.21592,0.20805,0.20781,0.19147,0.16678,0.13422,0.62575,-0.14576,-0.21112,-0.27647,-0.35645,-0.43176,-0.49711,-0.57697,-0.6524,-0.71776,-0.79749,0.62575,-0.87304,-0.9384,-1.0038,-1.0631,-1.1121,-1.1753,-1.2288,-1.2615,-1.3082,-1.3457,0.62575,-1.362,-1.3783,-1.3947,-1.411,-1.3998,-1.389,-1.389,-1.3617,-1.3291,-1.2964,0.64184,-1.2502,-1.2012,-1.1522,-1.0898,-1.0244,-0.95904,-0.88041,-0.79872,-0.71702,-0.62218,0.65032,-0.52414,-0.42611,-0.32807,-0.23003,-0.132,-0.021064,0.088642,0.18668,0.29749,0.41187,0.65032,0.52624,0.64062,0.75057,0.8486,0.94664,1.0447,1.1427,1.2407,1.3346,1.4163,2.0,2.0
0.49164,0.4596,0.4596,-0.73414,-0.59161,-0.54522,-0.40269,-0.26017,-0.11764,0.024886,0.16741,0.30994,0.45247,0.4596,0.59499,0.68392,0.78391,0.92643,1.0688,1.1794,1.2909,1.3859,1.4809,1.5626,0.4596,1.6101,1.6774,1.7051,1.7415,1.7681,1.7735,1.7735,1.7646,1.7415,1.7337,0.4596,1.6862,1.6387,1.5912,1.5061,1.4111,1.316,1.2012,1.0907,0.94815,0.83767,0.4596,0.69514,0.58466,0.44213,0.2996,0.18912,0.046597,-0.09593,-0.14929,-0.2717,-0.39532,0.4596,-0.53785,-0.6529,-0.77996,-0.87498,-1.002,-1.0466,-1.1366,-1.2551,-1.3501,-1.4221,0.48267,-1.5016,-1.5492,-1.5914,-1.6121,-1.6234,-1.6234,-1.6234,-1.6049,-1.5574,-1.5099,0.49164,-1.4616,-1.3666,-1.335,-1.2086,-1.083,-0.95446,-0.82995,-0.68743,-0.5449,-0.40237,0.49164,-0.28709,-0.16002,-0.11724,0.007501,0.15003,0.26051,0.40303,0.54556,0.68809,0.82445,0.49701,0.9411,1.0364,1.0775,1.1725,1.2675,1.3625,1.4393,1.4868,1.5343,1.5497,0.4596,0.52369,1.5812,1.5812,1.5812,1.5509,1.5171,1.4879,1.4083,1.3608,1.2697,1.1477,0.52794,1.0685,0.99085,0.88037,0.73784,0.59531,0.45279,0.34231,0.19978,0.089299,-0.053228,0.55574,-0.099615,-0.24214,-0.41672,-0.55924,-0.69921,-0.79422,-0.88924,-0.98426,-1.0472,-1.1422,0.58778,-1.1748,-1.2361,-1.301,-1.3485,-1.3961,-1.4436,-1.4632,-1.4952,-1.4952,-1.4952,0.58778,-1.5209,-1.5363,-1.5593,-1.5593,-1.5359,-1.5205,-1.4952,-1.4575,-1.41,-1.3625,0.61983,-1.315,-1.2675,-1.2389,-1.1725,-1.1249,-1.0762,-0.99788,-0.95037,-0.88732,-0.82331,0.61983,-0.76138,-0.69624,-0.61669,-0.59794,-0.54154,-0.44652,-0.38355,-0.31505,-0.22556,-0.15594,0.61983,-0.099615,-0.028872,0.010946,0.057253,0.11365,0.16116,0.20867,0.25618,0.30369,0.3512,0.61983,0.39871,0.42755,0.49373,0.54124,0.58971,0.6683,0.71581,0.79536,0.87364,0.95447,0.61983,1.0316,1.0946,1.1326,1.1766,1.2515,1.3036,1.3511,1.3986,1.4461,1.4937,0.4596,0.65188,1.5412,1.5566,1.6041,1.6196,1.6671,1.6826,1.7301,1.7735,1.754,1.7035,0.65188,1.6453,1.6114,1.5466,1.4523,1.3886,1.2936,1.2306,1.1356,1.0406,0.94558,0.65188,0.90184,0.78759,0.69257,0.59756,0.53459,0.43957,0.34455,0.27445,0.18656,0.091542,0.65188,0.060618,-0.011727,-0.091283,-0.13879,-0.21835,-0.26586,-0.31337,-0.38018,-0.44315,-0.51998,0.65188,-0.53705,-0.615,-0.66251,-0.69408,-0.72548,-0.74095,-0.75817,-0.77187,-0.79022,-0.79022,0.65188,-0.79022,-0.79022,-0.79022,-0.79022,-0.76442,-0.75817,-0.75817,-0.75817,-0.75817,-0.7512,0.65188,-0.72612,-0.72612,-0.72612,-0.72612,-0.70593,-0.69408,-0.69408,-0.69408,-0.69408,-0.69408,0.65188,-0.69408,-0.69432,-0.72612,-0.72612,-0.72612,-0.72612,-0.72612,-0.72612,-0.71379,-0.69408,0.68392,-0.69408,-0.69408,-0.69408,-0.69408,-0.69408,-0.69408,-0.69408,-0.69408,-0.69408,-0.69408,0.68392,-0.69408,-0.69408,-0.69408,-0.69408,-0.69408,-0.69408,-0.69408,-0.67637,0.4596,0.68392,0.68392,0.68392,0.68392,0.68392,0.70676,0.71597,0.71597,0.71597,0.71597,0.4596,0.71597,0.71597,0.71597,0.71597,0.71597,0.69874,0.65188,0.65188,0.62031,0.5728,0.4596,0.52529,0.47778,0.43027,0.38277,0.30706,0.26732,0.21316,0.11814,0.023123,-0.10394,0.4596,-0.2238,-0.36632,-0.50885,-0.68342,-0.82595,-0.87234,-1.0149,-1.1574,-1.2796,-1.3746,0.4596,-1.4696,-1.5326,-1.6095,-1.6585,-1.7196,-1.72,-1.7675,-1.7837,-1.7837,-1.7535,0.4596,-1.7059,-1.6584,-1.5984,-1.5593,-1.4725,-1.3775,-1.2504,-1.1297,-0.99628,-0.87666,0.0,2.0
0.41543,0.38812,0.40877,0.70412,0.49604,-0.022925,-0.31205,-0.42131,-0.53057,-0.63139,-0.71333,-0.77662,-0.8328,0.38146,-0.91474,-0.98491,-1.0395,-1.0722,-1.0995,-1.1268,-1.1541,-1.1814,-1.1834,-1.1834,0.35414,-1.1834,-1.1834,-1.1821,-1.1548,-1.1159,-1.0613,-1.0067,-0.95205,-0.89742,-0.82791,0.32683,-0.74597,-0.66403,-0.58209,-0.50014,-0.4182,-0.33626,-0.25432,-0.16105,-0.051794,0.035922,0.29951,0.11786,0.19981,0.29641,0.40566,0.49005,0.57976,0.68902,0.79827,0.90664,0.98858,0.2722,1.0705,1.1525,1.2557,1.3608,1.4427,1.5247,1.6066,1.6639,1.7185,1.7731,0.24489,1.8278,1.8824,1.937,1.9808,2.0081,2.0143,2.0143,2.0143,2.0143,2.0143,0.19736,1.9899,1.6914,0.65349,0.21202,0.10276,-0.006492,-0.10509,-0.18703,-0.28985,-0.39533,0.14274,-0.47727,-0.55921,-0.64116,-0.69889,-0.76063,-0.84257,-0.90719,-0.96182,-1.0164,-1.0606,0.088108,-1.088,-1.1359,-1.187,-1.2143,-1.2416,-1.2689,-1.2723,-1.2723,-1.2723,-1.2723,0.38123,0.033479,-1.2723,-1.245,-1.2176,-1.1903,-1.1426,-1.088,-1.0333,-0.9787,-0.92407,-0.84568,-0.021149,-0.7704,-0.71577,-0.64427,-0.56232,-0.45329,-0.35403,-0.27208,-0.19014,-0.10509,0.004167,-0.075777,0.1001,0.18204,0.26398,0.35237,0.46162,0.55422,0.63617,0.71811,0.80005,0.88199,-0.13684,0.96393,1.0459,1.1278,1.2098,1.2917,1.3503,1.405,1.4596,1.5142,1.5688,-0.21879,1.5968,1.6241,1.6515,1.6788,1.7061,1.7334,1.7478,1.7478,1.7709,1.7922,-0.30073,1.7922,1.776,1.7487,1.4836,1.285,1.2304,1.1758,1.1187,1.0368,0.96749,-0.38267,0.91286,0.83536,0.75919,0.70456,0.63395,0.552,0.47006,0.29707,-0.058012,-0.20058,-0.46461,-0.25743,-0.33937,-0.40888,-0.4635,-0.54078,-0.61717,-0.6718,-0.71066,-0.73798,-0.79127,-0.55633,-0.8459,-0.90053,-0.93606,-0.96337,-0.99069,-1.018,-1.0453,-1.0726,-1.0946,-1.0946,-0.66558,-1.1102,-1.1375,-1.139,-1.139,-1.139,-1.139,-1.139,-1.139,-1.139,-1.139,0.40855,-0.75485,-1.139,-1.139,-1.139,-1.1237,-1.0964,-1.0946,-1.0946,-1.0946,-1.076,-1.0502,-0.8368,-1.0502,-1.0502,-1.0502,-1.0282,-1.0058,-1.0058,-0.99069,-0.96337,-0.93606,-0.91696,-0.91874,-0.91696,-0.89853,-0.87255,-0.87255,-0.861,-0.83369,-0.80637,-0.77906,-0.75174,-0.72443,-0.98758,-0.69712,-0.6698,-0.64249,-0.61517,-0.58786,-0.56055,-0.53323,-0.50592,-0.4786,-0.45129,-1.0422,-0.42398,-0.39666,-0.36935,-0.34203,-0.31472,-0.28741,-0.26009,-0.21479,-0.16105,-0.13374,-1.1202,-0.10642,-0.079108,-0.051794,-0.02448,0.002834,0.030148,0.057463,0.084777,0.11209,0.1394,-1.1959,0.16672,0.19403,0.22135,0.24866,0.27598,0.2611,0.23778,0.23778,0.22357,0.19625,-1.2505,0.19337,0.19337,0.19337,0.19337,0.19292,0.16561,0.14895,0.14895,0.14895,0.14895,-1.2887,0.14895,0.14895,0.14895,0.14895,0.14895,0.14895,0.14895,0.14895,0.14895,0.15939,-1.316,0.1867,0.19337,0.19337,0.19337,0.19337,0.19337,0.19337,0.18648,0.41543,-1.3433,-1.3706,-1.398,-1.4055,-1.4055,-1.4055,-1.3926,-1.3653,-1.3149,-1.2603,0.41543,-1.2056,-1.1348,-1.0529,-0.97092,-0.87965,-0.7704,-0.66114,-0.55189,-0.44263,-0.32072,0.41543,-0.18414,-0.047575,0.088996,0.22557,0.36214,0.49871,0.60907,0.72743,0.86401,0.98126,0.41543,1.0905,1.1998,1.2966,1.3785,1.4605,1.5424,1.6244,1.6905,1.7452,1.7998,0.41543,1.8544,1.909,1.9446,1.9719,1.9992,2.0143,2.0143,2.0143,2.009,1.9817,0.41543,1.9543,1.927,1.6936,1.4998,1.4178,1.317,1.206,1.0694,0.94484,0.83558,2.0,2.0
-2.4001,-2.0804,-1.6178,-1.1839,-1.1942,-1.2046,-1.2149,-1.2252,-1.2337,-1.2337,-1.2255,-1.2152,-1.2049,-1.5765,-1.1946,-1.1843,-1.1711,-1.1505,-1.1391,-1.1181,-1.0886,-1.068,-1.0474,-1.0228,-1.5353,-0.99191,-0.97129,-0.94426,-0.91332,-0.88239,-0.85145,-0.82051,-0.79065,-0.77002,-0.69712,-1.5,-0.62921,-0.60858,-0.578,-0.55311,-0.53035,-0.49942,-0.46848,-0.44217,-0.42083,-0.38989,-1.4691,-0.35896,-0.33122,-0.3106,-0.28037,-0.25513,-0.2345,-0.21388,-0.19325,-0.17263,-0.152,-1.4382,-0.13138,-0.11076,-0.092975,-0.082663,-0.063106,-0.047815,-0.037503,-0.027191,-0.009056,0.003745,-1.4072,0.003745,0.014057,0.017969,0.017969,0.017969,0.017969,0.012991,0.003745,0.003745,-0.003722,-1.3809,-0.014034,-0.024346,-0.034659,-0.044971,-0.055283,-0.065595,-0.075907,-0.090842,-0.11076,-0.12107,-1.3603,-0.13138,-0.14489,-0.16552,-0.17654,-0.18685,-0.19716,-0.20748,-0.21779,-0.2281,-0.23841,-1.3397,-0.24872,-0.25904,-0.27504,-0.30597,-0.31842,-0.32873,-0.33762,-0.33762,-0.33762,-0.33762,-1.9399,-1.3262,-0.33762,-0.33762,-0.33122,-0.32091,-0.3106,-0.2914,-0.27575,-0.26437,-0.24375,-0.22312,-1.3159,-0.2025,-0.18187,-0.16125,-0.14062,-0.10293,0.000189,0.043572,0.074508,0.10473,0.12536,-1.3055,0.14598,0.16661,0.18723,0.20785,0.22848,0.2491,0.26973,0.28217,0.29675,0.31738,-1.3048,0.338,0.35863,0.3764,0.38672,0.40627,0.4269,0.4461,0.45641,0.47455,0.49126,-1.3048,0.50157,0.5222,0.53642,0.54673,0.55705,0.56736,0.57269,0.57376,0.58407,0.58691,-1.3066,0.58691,0.58691,0.57696,0.57269,0.57056,0.56025,0.54993,0.53962,0.52931,0.519,-1.3169,0.50157,0.48415,0.47384,0.46352,0.44752,0.42868,0.41836,0.40805,0.39774,0.38743,-1.3191,0.37712,0.3668,0.35649,0.34618,0.33587,0.32556,0.31524,0.30493,0.30244,0.30635,-1.3361,0.31667,0.31667,0.32307,0.33338,0.34369,0.354,0.36431,0.37463,0.38494,0.40272,-1.3763,0.45179,0.55491,0.58834,0.61927,0.65021,0.68115,0.71208,0.74302,0.77324,0.79387,-1.9065,-1.3866,0.8216,0.84934,0.86997,0.89059,0.90552,0.91761,0.93824,0.95886,0.97522,0.98589,-1.4037,1.0065,1.0204,1.0335,1.0542,1.0748,1.0954,1.1146,1.1249,1.1431,1.1598,-1.4215,1.1701,1.1804,1.1971,1.2128,1.2128,1.2216,1.232,1.2412,1.2412,1.2412,-1.4318,1.2412,1.2412,1.2412,1.2352,1.227,1.227,1.2184,1.2081,1.1978,1.1875,-1.4513,1.1701,1.1495,1.1288,1.1178,1.1018,1.0812,1.0606,1.0481,1.0335,1.0133,-1.4666,1.003,0.9994,0.9994,0.9994,0.9994,1.0047,1.015,1.0254,1.0435,1.0641,-1.4755,1.0847,1.1157,1.1466,1.18,1.2213,1.2625,1.3088,1.3593,1.4005,1.4492,-1.4755,1.5008,1.5523,1.6039,1.6494,1.6907,1.7319,1.7646,1.7956,1.8258,1.8464,-1.4755,1.867,1.8845,1.8948,1.9051,1.9154,1.9257,1.936,1.9463,1.9609,1.9812,-1.4716,1.9915,2.0086,2.0292,2.0498,2.0612,2.0768,2.096,2.1064,-1.8652,-1.4613,-1.451,-1.4343,-1.4136,-1.393,-1.3635,-1.3276,-1.2874,-1.2565,-1.2181,-1.824,-1.1733,-1.1217,-1.0801,-1.0388,-0.99973,-0.9688,-0.92933,-0.8927,-0.86176,-0.83083,-1.7827,-0.79989,-0.76895,-0.73802,-0.71668,-0.70175,-0.68966,-0.66903,-0.65659,-0.64628,-0.63596,-1.7415,-0.62565,-0.6221,-0.6221,-0.6221,-0.63134,-0.63632,-0.63916,-0.65979,-0.67259,-0.68681,-1.7002,-0.70744,-0.71775,-0.73446,-0.75758,-0.78851,-0.81056,-0.83616,-0.8671,-0.89803,-0.92897,-1.659,-0.95991,-0.99084,-1.0118,-1.0385,-1.0673,-1.0879,-1.1171,-1.1388,-1.1498,-1.1704,5.0,2.0
-1.757,-1.6946,-1.5882,-0.89915,-0.88733,-0.88564,-0.87382,-0.862,-0.85018,-0.83837,-0.81721,-0.80461,-0.79279,-1.5764,-0.77667,-0.75903,-0.74722,-0.7354,-0.72262,-0.70164,-0.68982,-0.67801,-0.65844,-0.64425,-1.5646,-0.63243,-0.62061,-0.60879,-0.59698,-0.58516,-0.57334,-0.56152,-0.54971,-0.54234,-0.53619,-1.5528,-0.53222,-0.52268,-0.51198,-0.51198,-0.51198,-0.51198,-0.50408,-0.50185,-0.50185,-0.50185,-1.5409,-0.4973,-0.49173,-0.49173,-0.49173,-0.49173,-0.49173,-0.49173,-0.49173,-0.48373,-0.48161,-1.5291,-0.48161,-0.47865,-0.47149,-0.47149,-0.47149,-0.46174,-0.46005,-0.44823,-0.43641,-0.4246,-1.5173,-0.41278,-0.40096,-0.38914,-0.37426,-0.35539,-0.34357,-0.33175,-0.31993,-0.30953,-0.30642,-1.5055,-0.2946,-0.28278,-0.27097,-0.25915,-0.24733,-0.23551,-0.22855,-0.222,-0.21843,-0.21843,-1.4937,-0.20831,-0.2051,-0.19819,-0.19158,-0.18807,-0.17807,-0.16782,-0.16456,-0.15274,-0.14092,-1.4819,-0.13745,-0.12741,-0.12571,-0.1139,-0.10208,-0.096966,-0.088564,-0.076747,-0.064929,-0.053111,-1.6828,-1.47,-0.041294,-0.029476,-0.017658,-0.005866,-0.004145,0.007672,0.01949,0.031308,0.034623,0.044821,-1.4582,0.056639,0.068456,0.075112,0.081969,0.085234,0.08536,0.095356,0.095356,0.095356,0.10226,-1.4464,0.10548,0.10548,0.10548,0.10548,0.11074,0.1156,0.1156,0.12572,0.12572,0.12934,-1.4346,0.13584,0.14285,0.14597,0.15609,0.15806,0.16621,0.17158,0.18339,0.19521,0.20703,-1.4228,0.21885,0.23066,0.2479,0.26442,0.27624,0.28806,0.29987,0.31169,0.32351,0.33533,-1.4091,0.34715,0.35896,0.37078,0.3826,0.39442,0.40623,0.41805,0.42987,0.44169,0.4535,-1.389,0.45975,0.46702,0.47884,0.49012,0.49235,0.50417,0.51598,0.5278,0.53962,0.54131,-1.3772,0.55313,0.56098,0.56665,0.5711,0.58016,0.59134,0.59367,0.60549,0.61731,0.62912,-1.3654,0.64094,0.65208,0.65446,0.66627,0.67809,0.68991,0.69257,0.70342,0.71524,0.72293,-1.3536,0.72875,0.74057,0.74318,0.75408,0.7659,0.77354,0.77941,0.79123,0.79379,0.80391,-1.6709,-1.3417,0.80644,0.81826,0.83008,0.83428,0.83428,0.8444,0.8444,0.8444,0.8444,0.85207,-1.3299,0.85452,0.85452,0.85715,0.86464,0.86464,0.87236,0.87476,0.88489,0.88757,0.89501,-1.3181,0.90108,0.90513,0.9146,0.92538,0.92811,0.93993,0.94562,0.95344,0.96526,0.97599,-1.3063,0.97877,0.98611,0.99228,0.99623,1.0058,1.0064,1.0092,1.0165,1.0227,1.0345,-1.2945,1.0463,1.0582,1.07,1.0818,1.0936,1.1054,1.1172,1.1291,1.1438,1.1628,-1.2827,1.1746,1.1945,1.2084,1.2316,1.2553,1.2742,1.2988,1.3262,1.3498,1.3734,-1.2708,1.3971,1.4254,1.4545,1.4781,1.5017,1.5355,1.5622,1.5977,1.6266,1.6585,-1.259,1.684,1.7178,1.7414,1.7699,1.7988,1.8307,1.8562,1.89,1.9136,1.9421,-1.2472,1.971,1.9864,2.0081,2.0302,2.0421,2.0588,2.0758,2.0876,2.0994,2.1113,-1.2354,2.1231,2.1349,2.1467,2.1585,2.1704,2.1822,2.194,2.2058,-1.6591,-1.2236,-1.2117,-1.1999,-1.1881,-1.1763,-1.1645,-1.1598,-1.151,-1.1493,-1.1396,-1.6473,-1.1396,-1.1341,-1.1294,-1.1205,-1.1189,-1.1092,-1.1092,-1.1036,-1.0991,-1.0991,-1.6355,-1.0889,-1.0889,-1.085,-1.0788,-1.0788,-1.0698,-1.0681,-1.0586,-1.0586,-1.0529,-1.6237,-1.0485,-1.0485,-1.0383,-1.0383,-1.0343,-1.0282,-1.0282,-1.0191,-1.0181,-1.0157,-1.6119,-1.008,-1.008,-1.008,-1.008,-0.99784,-0.99544,-0.98772,-0.98772,-0.98023,-0.9776,-1.6,-0.97684,-0.96747,-0.96332,-0.95735,-0.94981,-0.94723,-0.9363,-0.92699,-0.92278,-0.91097,3.0,2.0
-0.55547,-0.53743,-0.50489,-2.3763,-2.3896,-2.3402,-2.3222,-2.3041,-2.2802,-2.2512,-2.2249,-2.1888,-2.1527,-0.4919,-2.1167,-2.0806,-2.0303,-1.9916,-1.939,-1.8848,-1.8307,-1.7766,-1.7225,-1.6684,-0.48803,-1.6143,-1.5522,-1.4892,-1.435,-1.3694,-1.3099,-1.2558,-1.1867,-1.1307,-1.0766,-0.48803,-1.0225,-0.96836,-0.91424,-0.86012,-0.81241,-0.76874,-0.72339,-0.68731,-0.6401,-0.6106,-0.48803,-0.57907,-0.54299,-0.50691,-0.48769,-0.45296,-0.43239,-0.40002,-0.38198,-0.36394,-0.3459,-0.48718,-0.32786,-0.30982,-0.29178,-0.27374,-0.2557,-0.23766,-0.23513,-0.21844,-0.2004,-0.18455,-0.47117,-0.18118,-0.16769,-0.16196,-0.14392,-0.13397,-0.1247,-0.10666,-0.088622,-0.070583,-0.066536,-0.47117,-0.051363,-0.033323,-0.015283,0.002757,0.020797,0.038836,0.056876,0.074916,0.092956,0.111,-0.47117,0.12904,0.14708,0.16512,0.19681,0.21805,0.23609,0.25413,0.27369,0.30707,0.32511,-0.47117,0.34821,0.37805,0.40351,0.43099,0.44903,0.47803,0.51411,0.53687,0.56941,0.58981,-0.52175,-0.47117,0.62471,0.64393,0.68001,0.71255,0.73531,0.77139,0.80747,0.83529,0.86277,0.89885,-0.47117,0.93493,0.97101,0.99292,1.0263,1.0624,1.0816,1.1177,1.1506,1.173,1.2035,-0.47117,1.2283,1.2564,1.2836,1.3094,1.3389,1.3623,1.3942,1.4153,1.4495,1.4687,-0.47117,1.5031,1.524,1.556,1.5793,1.609,1.627,1.6538,1.68,1.698,1.716,-0.4597,1.7341,1.7521,1.7702,1.7713,1.7894,1.8049,1.8086,1.8266,1.8386,1.8459,-0.45431,1.8555,1.8651,1.8615,1.8435,1.8255,1.7931,1.7725,1.7378,1.7186,1.6825,-0.45431,1.643,1.5935,1.5517,1.5044,1.4603,1.4154,1.3689,1.3264,1.2903,1.2403,-0.4393,1.2013,1.1652,1.1285,1.0762,1.0371,0.98719,0.95111,0.90846,0.86209,0.82601,-0.43745,0.78993,0.76515,0.73463,0.71221,0.67933,0.65927,0.62437,0.60481,0.57143,0.54951,-0.43694,0.51849,0.50045,0.475,0.44751,0.42947,0.42239,0.41025,0.39221,0.38867,0.38867,-0.52175,-0.42059,0.38867,0.37181,0.37181,0.37181,0.36709,0.35495,0.35495,0.34669,0.33809,0.33809,-0.42059,0.33809,0.32511,0.32124,0.32124,0.32124,0.32124,0.32124,0.32124,0.32124,0.31567,-0.42059,0.30438,0.30438,0.30438,0.29409,0.28752,0.28752,0.28752,0.28752,0.28752,0.28752,-0.42059,0.28752,0.28465,0.27066,0.27066,0.27066,0.27066,0.27066,0.27066,0.27066,0.27066,-0.42059,0.27066,0.27066,0.27066,0.28752,0.28752,0.28499,0.27066,0.27066,0.27066,0.27066,-0.42059,0.27066,0.26105,0.2538,0.2538,0.2538,0.2538,0.2538,0.2538,0.2538,0.2538,-0.42059,0.2538,0.2538,0.2538,0.2538,0.2538,0.24452,0.23694,0.23694,0.23694,0.25093,-0.42059,0.2538,0.2538,0.2538,0.2538,0.2538,0.2538,0.2538,0.2538,0.2538,0.2538,-0.42059,0.2538,0.2538,0.2538,0.2538,0.2538,0.2538,0.27066,0.27066,0.27066,0.27066,-0.42059,0.27066,0.27066,0.27066,0.27066,0.27066,0.27066,0.27066,0.25734,-0.52175,-0.42059,-0.42059,-0.42059,-0.42059,-0.42059,-0.42059,-0.42059,-0.42059,-0.42059,-0.42059,-0.51585,-0.42059,-0.42059,-0.42059,-0.43256,-0.43745,-0.43745,-0.43745,-0.43745,-0.43745,-0.43526,-0.50489,-0.41722,-0.40373,-0.40373,-0.41064,-0.46105,-0.56052,-0.6165,-0.63454,-0.71664,-0.76891,-0.50489,-0.78981,-0.82421,-0.91019,-0.9375,-1.0488,-1.1708,-1.2521,-1.303,-1.3802,-1.4163,-0.50489,-1.4524,-1.4772,-1.5576,-1.6112,-1.6918,-1.734,-1.771,-1.8552,-1.8867,-1.9794,-0.50489,-2.0155,-2.0454,-2.0708,-2.1413,-2.2006,-2.2187,-2.2488,-2.2716,-2.3476,-2.3751,4.0,2.0
-2.0595,-2.0199,-1.7979,-0.75132,-0.74602,-0.7421,-0.73543,-0.73543,-0.73543,-0.73426,-0.72483,-0.72483,-0.72483,-1.7781,-0.71583,-0.71424,-0.70661,-0.70365,-0.6974,-0.68749,-0.67759,-0.66769,-0.65778,-0.64788,-1.7559,-0.63797,-0.62664,-0.60757,-0.59767,-0.58776,-0.57786,-0.55938,-0.54746,-0.53756,-0.52114,-1.7279,-0.50715,-0.49211,-0.47675,-0.46685,-0.45387,-0.43645,-0.42654,-0.41664,-0.40674,-0.39683,-1.708,-0.39646,-0.38762,-0.37771,-0.36781,-0.36468,-0.36468,-0.36468,-0.35997,-0.35409,-0.35409,-1.6885,-0.35409,-0.35409,-0.35282,-0.3435,-0.3435,-0.3337,-0.3329,-0.32448,-0.32231,-0.31527,-1.6786,-0.30536,-0.29546,-0.28556,-0.27136,-0.25515,-0.24234,-0.22475,-0.21331,-0.19351,-0.1737,-1.6592,-0.15389,-0.13408,-0.11427,-0.094464,-0.081964,-0.06544,-0.051563,-0.036416,-0.021162,-0.011258,-1.6482,-0.001354,0.006061,0.007862,0.017766,0.027246,0.027246,0.036885,0.037839,0.037839,0.045412,-1.6383,0.048431,0.048431,0.048431,0.053251,0.059024,0.062467,0.069617,0.069617,0.069617,0.070305,-1.9987,-1.6284,0.080209,0.080209,0.089425,0.090802,0.098641,0.10139,0.10786,0.11776,0.12766,0.13757,-1.6185,0.15118,0.16797,0.1802,0.19837,0.20923,0.22904,0.24884,0.25917,0.27787,0.29768,-1.6086,0.31007,0.3267,0.34651,0.36097,0.37553,0.39137,0.40127,0.41377,0.43167,0.44158,-1.604,0.45148,0.46139,0.47129,0.47214,0.48051,0.49041,0.49332,0.49963,0.50392,0.50884,-1.604,0.51451,0.51451,0.51737,0.5251,0.5251,0.5259,0.53569,0.53569,0.54502,0.54629,-1.6001,0.55423,0.55688,0.56345,0.57335,0.58326,0.58866,0.59247,0.60238,0.61228,0.62218,-1.5934,0.63315,0.65258,0.66249,0.67239,0.6823,0.6922,0.70963,0.7226,0.73251,0.74241,-1.5934,0.75231,0.76222,0.76873,0.77143,0.78134,0.78992,0.78992,0.78992,0.79977,0.80051,-1.5915,0.80051,0.80051,0.80051,0.80051,0.80051,0.80051,0.80051,0.80417,0.8111,0.8111,-1.5828,0.8111,0.8111,0.8111,0.8111,0.8111,0.8111,0.8111,0.8111,0.8111,0.80512,-1.9704,-1.5823,0.80051,0.80051,0.80051,0.80051,0.80051,0.80051,0.80051,0.80051,0.80051,0.80051,-1.5724,0.80951,0.8111,0.8111,0.8111,0.81735,0.8217,0.82657,0.83229,0.83578,0.84569,-1.5722,0.85347,0.8549,0.86481,0.87471,0.88462,0.89452,0.90443,0.91433,0.92423,0.93414,-1.5632,0.94404,0.95395,0.9594,0.96316,0.97307,0.98297,0.99118,0.99219,1.0018,1.0018,-1.5533,1.0113,1.0212,1.0311,1.041,1.0441,1.0502,1.0601,1.0653,1.0694,1.0793,-1.5434,1.0892,1.0991,1.109,1.1195,1.1393,1.1493,1.1683,1.1881,1.2002,1.2171,-1.5335,1.2369,1.2567,1.2765,1.2964,1.3162,1.336,1.3558,1.3756,1.3954,1.4152,-1.5173,1.435,1.4548,1.4746,1.4944,1.5069,1.5235,1.5433,1.5631,1.5783,1.5921,-1.5031,1.6087,1.6211,1.6391,1.649,1.6589,1.6688,1.6884,1.6992,1.7092,1.7191,-1.4882,1.729,1.7389,1.7488,1.7587,1.7686,1.7785,1.7829,1.773,-1.9485,-1.4727,-1.4592,-1.4394,-1.4218,-1.4104,-1.3906,-1.3709,-1.361,-1.3418,-1.3219,-1.9215,-1.3101,-1.2929,-1.2797,-1.2698,-1.2599,-1.2545,-1.2507,-1.2407,-1.2333,-1.2315,-1.8983,-1.2227,-1.2223,-1.2124,-1.2121,-1.2121,-1.2121,-1.2046,-1.2015,-1.2015,-1.196,-1.8727,-1.1909,-1.1868,-1.1769,-1.167,-1.1571,-1.1472,-1.1367,-1.1169,-1.0971,-1.0773,-1.8481,-1.0659,-1.0482,-1.0284,-1.0086,-0.9888,-0.96899,-0.94919,-0.92938,-0.90957,-0.88976,-1.8239,-0.86995,-0.85105,-0.84093,-0.82112,-0.81074,-0.80084,-0.78288,-0.77044,-0.76053,-0.75661,3.0,2.0
1.8729,1.8072,1.4644,-0.27598,-0.30587,-0.33575,-0.36564,-0.39553,-0.4306,-0.46646,-0.50233,-0.53819,-0.57406,1.4225,-0.61536,-0.6572,-0.69904,-0.73728,-0.77314,-0.81469,-0.85653,-0.89837,-0.94021,-0.98205,1.3781,-1.0239,-1.0637,-1.0996,-1.1395,-1.1812,-1.2171,-1.2506,-1.2805,-1.3148,-1.3502,1.3303,-1.3801,-1.41,-1.4398,-1.4651,-1.4884,-1.5063,-1.5242,-1.5422,-1.5601,-1.5771,1.2871,-1.589,-1.598,-1.604,-1.6099,-1.6159,-1.6219,-1.6246,-1.6246,-1.6246,-1.6246,1.2453,-1.6246,-1.6211,-1.6151,-1.6091,-1.6048,-1.6048,-1.6011,-1.5951,-1.5833,-1.5733,1.2035,-1.5673,-1.5573,-1.5455,-1.5395,-1.5313,-1.5194,-1.5074,-1.4951,-1.4772,-1.4617,1.1616,-1.4497,-1.4333,-1.4159,-1.404,-1.3894,-1.3714,-1.3535,-1.3356,-1.3176,-1.2968,1.1198,-1.2729,-1.254,-1.236,-1.2181,-1.2002,-1.1822,-1.1695,-1.1562,-1.1383,-1.1204,1.0779,-1.1024,-1.09,-1.0765,-1.0585,-1.0442,-1.0323,-1.0146,-0.9985,-0.98655,-0.97459,1.7539,1.0361,-0.96264,-0.94471,-0.92885,-0.9169,-0.90079,-0.88311,-0.87115,-0.85687,-0.83894,-0.82541,0.99425,-0.81296,-0.79503,-0.77966,-0.76771,-0.75575,-0.7438,-0.73184,-0.71989,-0.70793,-0.69109,0.95547,-0.67414,-0.66219,-0.65023,-0.63828,-0.63146,-0.62425,-0.61229,-0.60034,-0.58838,-0.57643,0.9196,-0.56596,-0.55998,-0.55045,-0.53849,-0.53217,-0.52619,-0.52021,-0.51423,-0.50826,-0.50228,0.88888,-0.4963,-0.49033,-0.48435,-0.47837,-0.47239,-0.46642,-0.46044,-0.45446,-0.44888,-0.44888,0.85775,-0.44641,-0.44043,-0.43445,-0.42848,-0.4225,-0.41652,-0.41054,-0.40457,-0.39859,-0.39261,0.82189,-0.38663,-0.38066,-0.36964,-0.35769,-0.34573,-0.33378,-0.32182,-0.30987,-0.29791,-0.28596,0.79265,-0.27054,-0.25261,-0.23468,-0.21512,-0.19121,-0.171,-0.15307,-0.12936,-0.10545,-0.081539,0.76874,-0.057629,-0.03372,-0.00981,0.0141,0.038009,0.061919,0.085828,0.10974,0.13365,0.15756,0.73944,0.18147,0.20538,0.22929,0.25058,0.26851,0.28644,0.30437,0.32231,0.34024,0.35817,1.724,0.71252,0.37116,0.38312,0.39507,0.40703,0.41898,0.43094,0.44161,0.44759,0.45692,0.46888,0.69459,0.4754,0.48138,0.48735,0.49333,0.49931,0.50528,0.51126,0.51724,0.52322,0.52919,0.66243,0.53517,0.54115,0.54713,0.5531,0.55908,0.56506,0.57104,0.57701,0.58299,0.58897,0.62058,0.59495,0.60092,0.6069,0.61288,0.61955,0.6315,0.64346,0.65541,0.66737,0.67932,0.6069,0.69128,0.70624,0.72418,0.74211,0.76123,0.78514,0.80905,0.83296,0.85687,0.88221,0.59495,0.91209,0.94549,0.98135,1.0172,1.0531,1.0889,1.1248,1.1607,1.2024,1.2423,0.58299,1.2781,1.318,1.3598,1.3956,1.4315,1.4674,1.499,1.5292,1.5651,1.5961,0.57484,1.62,1.6484,1.6777,1.7016,1.7228,1.7408,1.7635,1.7865,1.8045,1.8195,0.56886,1.8314,1.8434,1.8553,1.8673,1.8793,1.8912,1.9032,1.9138,1.9198,1.9257,0.55701,1.9317,1.9322,1.9322,1.9322,1.9286,1.9226,1.9166,1.9088,1.6899,0.549,0.549,0.53685,0.51922,0.51324,0.50281,0.48488,0.47125,0.45929,0.44734,1.6541,0.43538,0.42343,0.41147,0.39952,0.38756,0.37561,0.36365,0.3517,0.33975,0.32779,1.6182,0.31584,0.30388,0.28689,0.27009,0.25814,0.24939,0.24341,0.22687,0.2117,0.20572,1.5824,0.19629,0.18433,0.17791,0.16378,0.12792,0.11058,0.1046,0.098623,0.087014,0.063104,1.5465,0.051051,0.045024,0.033069,0.021114,0.00916,-0.002795,-0.01475,-0.026705,-0.03866,-0.050615,1.5062,-0.067015,-0.084948,-0.10288,-0.12081,-0.13874,-0.15668,-0.1754,-0.19931,-0.22322,-0.24713,1.0,2.0
0.60637,0.55063,0.57531,1.7865,1.8066,1.8176,1.8038,1.7759,1.7407,1.6891,1.6603,1.6045,1.5488,0.57531,1.4705,1.3869,1.3033,1.2197,1.1263,1.0148,0.90668,0.82283,0.71134,0.57493,0.59923,0.4573,0.34581,0.21895,0.079581,-0.050777,-0.16809,-0.30482,-0.41631,-0.5278,-0.63929,0.6271,-0.75078,-0.84449,-0.92811,-1.0117,-1.0871,-1.1429,-1.1986,-1.2544,-1.2835,-1.3114,0.63743,-1.3191,-1.3361,-1.3502,-1.3395,-1.3117,-1.2838,-1.2559,-1.228,-1.1744,-1.1412,0.65179,-1.094,-1.0382,-0.98246,-0.92671,-0.86429,-0.78067,-0.69737,-0.64162,-0.56087,-0.47726,0.66848,-0.39364,-0.31002,-0.21413,-0.11172,-0.028106,0.05823,0.16972,0.25381,0.36165,0.4521,0.67648,0.55358,0.65039,0.7455,0.85699,0.96336,1.047,1.1306,1.2142,1.2744,1.3504,0.69954,1.4169,1.4727,1.5177,1.5531,1.6045,1.6324,1.6603,1.6623,1.685,1.6933,0.70117,1.677,1.6492,1.6213,1.5867,1.5309,1.4748,1.3912,1.3075,1.2239,1.1216,0.54426,0.72904,1.0101,0.89861,0.77796,0.64457,0.53028,0.39092,0.25155,0.11219,-0.048292,-0.19759,0.7306,-0.33696,-0.47632,-0.61569,-0.75505,-0.8924,-1.0039,-1.1154,-1.2033,-1.3073,-1.4016,0.7306,-1.4713,-1.5378,-1.6138,-1.6696,-1.7241,-1.752,-1.7798,-1.8077,-1.8356,-1.8471,0.7306,-1.8471,-1.837,-1.816,-1.8124,-1.784,-1.7283,-1.6977,-1.6478,-1.6109,-1.5674,0.71383,-1.4992,-1.4249,-1.3691,-1.3105,-1.2269,-1.1433,-1.0596,-0.99721,-0.90544,-0.80878,0.69954,-0.72516,-0.64154,-0.55264,-0.44115,-0.32966,-0.24496,-0.13773,-0.026242,0.068013,0.16568,0.68914,0.26631,0.35761,0.4646,0.54954,0.66103,0.74651,0.83013,0.89411,0.96631,1.0367,0.66126,1.0924,1.1481,1.2039,1.2596,1.3154,1.3459,1.3958,1.4327,1.4606,1.4884,0.60513,1.5163,1.5442,1.5721,1.5999,1.5725,1.5447,1.5168,1.4889,1.461,1.4214,0.38727,1.3657,1.3099,1.2542,1.1985,1.1427,1.087,1.0107,0.94442,0.87454,0.79092,0.54426,0.33152,0.7073,0.62368,0.53867,0.42718,0.34177,0.25815,0.15481,0.059861,-0.023758,-0.10738,0.25023,-0.18401,-0.23975,-0.2955,-0.35124,-0.40699,-0.44061,-0.46848,-0.49635,-0.52423,-0.5521,0.16662,-0.56755,-0.54271,-0.54271,-0.51499,-0.51165,-0.51165,-0.49348,-0.48059,-0.48059,-0.48059,0.10217,-0.47516,-0.44954,-0.44954,-0.44954,-0.44954,-0.44954,-0.43215,-0.41848,-0.41848,-0.41848,0.030435,-0.41848,-0.41848,-0.41848,-0.41848,-0.3955,-0.38743,-0.38743,-0.38743,-0.38743,-0.38743,-0.065994,-0.38743,-0.38743,-0.38743,-0.38743,-0.38743,-0.38743,-0.38743,-0.38743,-0.37795,-0.35637,-0.20637,-0.35637,-0.35637,-0.35637,-0.35637,-0.35637,-0.35637,-0.35637,-0.35637,-0.35637,-0.35637,-0.3757,-0.35637,-0.35637,-0.35637,-0.35637,-0.35637,-0.37384,-0.38743,-0.38743,-0.38743,-0.38743,-0.46258,-0.38743,-0.38743,-0.41367,-0.41848,-0.41848,-0.41848,-0.41848,-0.41848,-0.42562,-0.44954,-0.57407,-0.44954,-0.44954,-0.44954,-0.44954,-0.46864,-0.48059,-0.46786,-0.43999,0.54426,-0.68556,-0.77229,-0.87749,-0.97058,-1.0999,-1.219,-1.2835,-1.3615,-1.4172,-1.473,0.54426,-1.5016,-1.5294,-1.5781,-1.6162,-1.6152,-1.5986,-1.5825,-1.5316,-1.502,-1.4463,0.54426,-1.3905,-1.3348,-1.259,-1.1754,-1.0918,-0.99768,-0.89348,-0.80987,-0.72532,-0.61382,0.54426,-0.52795,-0.4219,-0.32966,-0.22997,-0.13137,-0.038044,0.073448,0.1816,0.26537,0.37687,0.54985,0.48836,0.57819,0.68028,0.77648,0.87221,0.97477,1.0584,1.142,1.2256,1.3092,0.57531,1.3929,1.4556,1.5113,1.5671,1.6228,1.6704,1.6983,1.7262,1.7541,1.7819,0.0,2.0
-0.7807,-0.79546,-0.7807,-1.181,-1.2685,-1.2833,-1.298,-1.3128,-1.3933,-1.4818,-1.5188,-1.5336,-1.5782,-0.7807,-1.6278,-1.6611,-1.7187,-1.7315,-1.832,-1.832,-1.777,-1.7673,-1.7564,-1.7416,-0.7807,-1.7268,-1.7121,-1.6973,-1.6787,-1.6516,-1.6369,-1.6221,-1.593,-1.5764,-1.5501,-0.7807,-1.5206,-1.4998,-1.4778,-1.4483,-1.4187,-1.3892,-1.3597,-1.33,-1.2857,-1.255,-0.7807,-1.2133,-1.1798,-1.141,-1.1046,-1.0686,-1.0243,-0.98368,-0.95194,-0.90847,-0.87895,-0.7807,-0.83529,-0.79101,-0.75806,-0.71864,-0.68285,-0.64626,-0.60199,-0.56196,-0.52961,-0.48534,-0.7807,-0.44107,-0.41155,-0.36869,-0.32442,-0.29065,-0.25204,-0.21545,-0.17967,-0.14024,-0.11073,-0.7807,-0.081212,-0.051089,-0.006815,0.00956,0.036852,0.066368,0.086181,0.10923,0.13187,0.14663,-0.7807,0.16139,0.17614,0.1909,0.20566,0.22042,0.23518,0.24993,0.26469,0.27945,0.29421,-0.7807,0.30897,0.32372,0.33848,0.35324,0.368,0.38276,0.39751,0.41227,0.41611,0.42562,-0.79688,-0.7807,0.44037,0.45513,0.46989,0.48465,0.49941,0.51416,0.52892,0.54368,0.55844,0.5732,-0.7807,0.58795,0.60271,0.62475,0.6484,0.66316,0.68095,0.70885,0.72361,0.73836,0.76667,-0.7807,0.78405,0.80953,0.82974,0.85239,0.8819,0.90636,0.92476,0.95428,0.98379,1.0133,-0.7807,1.0287,1.0562,1.0857,1.1053,1.1285,1.1581,1.1819,1.2009,1.2304,1.2585,-0.7807,1.2733,1.2881,1.3162,1.3337,1.3485,1.3724,1.3942,1.4089,1.4237,1.4419,-0.7807,1.4694,1.4842,1.4989,1.5137,1.5284,1.5543,1.5741,1.5889,1.6036,1.6184,-0.7807,1.6331,1.6453,1.6465,1.6612,1.676,1.6908,1.7055,1.7203,1.735,1.7423,-0.7807,1.7484,1.7631,1.7779,1.7927,1.8074,1.8222,1.8232,1.8355,1.8394,1.8489,-0.7807,1.8555,1.8555,1.8503,1.8355,1.8232,1.8222,1.8074,1.7927,1.7779,1.7631,-0.7807,1.7484,1.7249,1.7027,1.6821,1.6526,1.623,1.5935,1.564,1.5345,1.505,-0.79688,-0.7807,1.4755,1.4352,1.4003,1.3629,1.3186,1.2743,1.23,1.1858,1.1407,1.0816,-0.7807,1.0368,0.99249,0.94821,0.89403,0.84349,0.79922,0.75494,0.70642,0.65022,0.60595,-0.7807,0.56167,0.5174,0.47312,0.42885,0.39509,0.35648,0.31988,0.29037,0.26085,0.23134,-0.7807,0.20384,0.18848,0.15896,0.14339,0.12864,0.11388,0.099119,0.084361,0.069603,0.054845,-0.7807,0.048174,0.062932,0.07769,0.092448,0.09265,0.09265,0.09265,0.09265,0.10155,0.10882,-0.7807,0.10882,0.10882,0.10882,0.10882,0.10882,0.10882,0.10882,0.096491,0.09265,0.083148,-0.7807,0.076477,0.069805,0.055047,0.040289,0.027957,0.026946,0.012188,-0.00257,-0.017328,-0.020562,-0.7807,-0.030671,-0.045429,-0.060187,-0.074945,-0.085255,-0.088288,-0.10305,-0.1178,-0.13256,-0.13377,-0.7807,-0.1459,-0.16066,-0.16612,-0.16612,-0.17259,-0.18229,-0.18593,-0.19847,-0.19847,-0.19847,-0.7807,-0.21262,-0.21464,-0.21464,-0.21464,-0.21464,-0.21464,-0.20898,-0.19422,-0.79688,-0.7807,-0.7807,-0.7807,-0.7807,-0.77828,-0.76453,-0.76453,-0.76453,-0.76453,-0.76453,-0.79688,-0.75442,-0.74836,-0.74836,-0.74836,-0.74836,-0.74836,-0.74836,-0.74856,-0.76332,-0.76453,-0.79688,-0.76453,-0.76453,-0.76453,-0.76453,-0.76453,-0.76453,-0.76453,-0.76453,-0.76453,-0.76453,-0.79688,-0.76453,-0.76453,-0.76453,-0.76453,-0.76453,-0.76453,-0.76453,-0.76453,-0.76453,-0.76453,-0.79202,-0.76453,-0.76453,-0.76453,-0.76453,-0.76453,-0.75543,-0.74836,-0.75462,-0.78879,-0.8454,-0.7807,-0.84742,-0.8646,-0.93839,-0.95638,-0.97114,-0.99702,-1.0654,-1.1125,-1.1272,-1.142,4.0,2.0
-0.87554,-0.85453,-0.86504,-1.2853,-1.2583,-1.2418,-1.2185,-1.1983,-1.1713,-1.1548,-1.133,-1.1113,-1.0948,-0.86504,-1.0715,-1.0513,-1.034,-1.01,-0.99648,-0.98298,-0.96884,-0.94547,-0.93197,-0.91846,-0.86504,-0.90496,-0.89146,-0.87796,-0.86446,-0.85096,-0.83746,-0.82396,-0.81045,-0.79695,-0.79149,-0.86504,-0.78046,-0.76696,-0.75346,-0.73995,-0.72845,-0.72346,-0.70996,-0.69646,-0.68642,-0.67996,-0.86504,-0.66646,-0.65296,-0.63946,-0.62596,-0.62296,-0.60946,-0.59596,-0.58246,-0.56896,-0.56034,-0.86793,-0.55246,-0.53896,-0.52882,-0.52246,-0.50896,-0.50597,-0.49247,-0.47897,-0.46546,-0.45527,-0.87554,-0.44897,-0.43547,-0.42197,-0.40846,-0.39496,-0.38146,-0.36796,-0.35446,-0.34096,-0.32572,-0.88442,-0.30345,-0.28995,-0.27624,-0.25244,-0.23274,-0.21493,-0.19092,-0.17274,-0.15341,-0.12925,-0.89656,-0.1054,-0.085748,-0.067887,-0.043879,-0.025755,0.001248,0.017744,0.044746,0.071748,0.089663,-0.89656,0.11525,0.13768,0.15874,0.18569,0.20224,0.22925,0.24721,0.27274,0.29523,0.31624,-0.85453,-0.89656,0.34324,0.36725,0.38674,0.41374,0.43024,0.45724,0.47679,0.50074,0.5248,0.54424,-0.89656,0.57124,0.58774,0.61474,0.63433,0.65824,0.68235,0.70174,0.72874,0.74523,0.76788,-0.89656,0.78873,0.80539,0.83223,0.8534,0.87573,0.89222,0.91492,0.93572,0.96272,0.97922,-0.89656,1.0004,1.0139,1.038,1.0515,1.0722,1.089,1.113,1.1265,1.1487,1.1652,-0.89656,1.188,1.2087,1.2255,1.2495,1.2687,1.287,1.311,1.3287,1.3485,1.3722,-0.89656,1.3966,1.4157,1.4341,1.4581,1.4757,1.4956,1.5091,1.5252,1.5466,1.5601,-0.89656,1.5736,1.5871,1.6006,1.6141,1.6276,1.6411,1.6546,1.6681,1.6816,1.6881,-0.88926,1.6981,1.7116,1.7251,1.7301,1.7406,1.7367,1.7093,1.6887,1.6776,1.6722,-0.88605,1.6587,1.6452,1.6317,1.6182,1.6047,1.5912,1.5777,1.5558,1.5393,1.5162,-0.88605,1.4958,1.4787,1.4628,1.4305,1.4066,1.3923,1.3691,1.3556,1.3226,1.3054,-0.85453,-0.88605,1.2836,1.2701,1.2446,1.2116,1.1914,1.1741,1.1479,1.1157,1.0915,1.0668,-0.87728,1.0435,1.0167,0.98584,0.95884,0.93183,0.90483,0.86732,0.84032,0.81332,0.7767,-0.87554,0.74881,0.7269,0.70531,0.68766,0.64437,0.6243,0.60686,0.58926,0.55884,0.54534,-0.87554,0.53184,0.5113,0.48382,0.47032,0.45682,0.43833,0.41931,0.40581,0.39231,0.37235,-0.87554,0.3548,0.34324,0.33831,0.3248,0.31172,0.30831,0.29481,0.28131,0.2802,0.2802,-0.87554,0.2802,0.2802,0.2802,0.28656,0.29071,0.29071,0.29071,0.29854,0.30122,0.30122,-0.87554,0.30122,0.30122,0.31172,0.31172,0.31172,0.31172,0.31172,0.31172,0.31172,0.31172,-0.86982,0.31172,0.31172,0.31151,0.30122,0.30122,0.30122,0.29071,0.29071,0.29071,0.29071,-0.86504,0.29071,0.29071,0.29071,0.29071,0.29071,0.29833,0.30122,0.30122,0.30122,0.31031,-0.86504,0.31172,0.31172,0.31172,0.31172,0.31172,0.31172,0.31172,0.31172,-0.85453,-0.86504,-0.86504,-0.86504,-0.86504,-0.86504,-0.86504,-0.89771,-0.92367,-0.94909,-0.95923,-0.85453,-1.0148,-1.0283,-1.0418,-1.0973,-1.1272,-1.1663,-1.2202,-1.2748,-1.2804,-1.3281,-0.85453,-1.3536,-1.4049,-1.4536,-1.4744,-1.5585,-1.564,-1.6115,-1.6751,-1.6886,-1.73,-0.86498,-1.7576,-1.8137,-1.7842,-1.7707,-1.7581,-1.7542,-1.7407,-1.7272,-1.7137,-1.7002,-0.86504,-1.6783,-1.6627,-1.6453,-1.6252,-1.6018,-1.5876,-1.5688,-1.5501,-1.5261,-1.5088,-0.86504,-1.4886,-1.4653,-1.4511,-1.4323,-1.4136,-1.3896,-1.3723,-1.3521,-1.3288,-1.3041,4.0,2.0
-2.0804,-1.9738,-1.8369,-0.76717,-0.75845,-0.75466,-0.75466,-0.74791,-0.74216,-0.74216,-0.74216,-0.74216,-0.74216,-1.825,-0.73934,-0.72965,-0.72965,-0.72965,-0.72946,-0.71761,-0.71714,-0.70642,-0.70463,-0.69522,-1.8132,-0.69213,-0.68403,-0.67962,-0.67283,-0.66711,-0.66164,-0.6546,-0.65045,-0.6421,-0.63925,-1.7973,-0.6274,-0.61555,-0.60458,-0.60436,-0.59251,-0.58066,-0.5688,-0.55695,-0.5451,-0.54204,-1.777,-0.53391,-0.52206,-0.51021,-0.49836,-0.48651,-0.47466,-0.4628,-0.44742,-0.4266,-0.41475,-1.7651,-0.40289,-0.39104,-0.37919,-0.36734,-0.35549,-0.34364,-0.33179,-0.31994,-0.29927,-0.28373,-1.7532,-0.27188,-0.26003,-0.24818,-0.23633,-0.22448,-0.21263,-0.20078,-0.18893,-0.17707,-0.16682,-1.7401,-0.16588,-0.15403,-0.14218,-0.13033,-0.11848,-0.11679,-0.10728,-0.095433,-0.083582,-0.071732,-1.717,-0.06676,-0.060538,-0.048687,-0.036836,-0.029238,-0.025642,-0.013791,-0.004223,-0.002597,0.009253,-1.7052,0.020791,0.020791,0.032298,0.044149,0.045806,0.055343,0.058313,0.066537,0.078388,0.083328,-1.9343,-1.6815,0.089582,0.10143,0.10834,0.11263,0.12448,0.13633,0.14586,0.14752,0.15937,0.17122,-1.669,0.18307,0.19492,0.20678,0.21863,0.23048,0.24233,0.24592,0.25352,0.25843,0.26472,-1.6466,0.27657,0.28345,0.28776,0.29595,0.29895,0.30846,0.31015,0.322,0.33347,0.33347,-1.6328,0.34504,0.34598,0.34598,0.35558,0.35849,0.36678,0.37863,0.3835,0.38982,0.40167,-1.6117,0.41352,0.42103,0.42472,0.43657,0.44604,0.44776,0.45855,0.45895,0.47081,0.47106,-1.5966,0.482,0.48356,0.49319,0.49607,0.50439,0.50858,0.51558,0.52108,0.52678,0.53863,-1.5768,0.55048,0.55861,0.56167,0.57352,0.58362,0.58472,0.59657,0.60842,0.60864,0.61961,-1.5604,0.62114,0.62114,0.63015,0.642,0.64616,0.64616,0.65254,0.65867,0.66373,0.67117,-1.5485,0.67493,0.68678,0.69619,0.69797,0.70982,0.72167,0.73352,0.74537,0.74622,0.75657,-1.5307,0.76842,0.78027,0.79212,0.80397,0.81582,0.82126,0.82701,0.83887,0.85072,0.85878,-1.9198,-1.5123,0.86191,0.87376,0.8838,0.88495,0.89681,0.90866,0.90881,0.91985,0.9317,0.93383,-1.5004,0.94289,0.95475,0.95884,0.96594,0.97135,0.97713,0.98386,0.98833,1.0002,1.0089,-1.4886,1.0114,1.0214,1.0226,1.0344,1.0463,1.0464,1.0575,1.0589,1.0687,1.0714,-1.4767,1.0799,1.0839,1.0839,1.0904,1.0964,1.1016,1.1134,1.1214,1.1246,1.1339,-1.4649,1.1358,1.1477,1.159,1.159,1.1707,1.1826,1.1944,1.1965,1.2056,1.2175,-1.453,1.2215,1.2287,1.2405,1.2465,1.2465,1.251,1.259,1.2622,1.2715,1.2715,-1.4412,1.2715,1.2721,1.284,1.284,1.2952,1.307,1.3189,1.3307,1.3426,1.3544,-1.4293,1.3663,1.3781,1.3958,1.4143,1.4262,1.4419,1.4656,1.4867,1.5005,1.5242,-1.4174,1.5473,1.5592,1.5828,1.6065,1.6302,1.6539,1.6776,1.7013,1.7172,1.7362,-1.3937,1.7534,1.7711,1.7896,1.8014,1.8133,1.8218,1.8245,1.8363,-1.908,-1.3813,-1.3694,-1.3576,-1.3457,-1.3339,-1.322,-1.3102,-1.305,-1.299,-1.2925,-1.8961,-1.2925,-1.2884,-1.28,-1.2773,-1.2675,-1.2661,-1.2542,-1.2424,-1.2424,-1.2312,-1.8843,-1.2193,-1.2075,-1.1956,-1.1751,-1.1594,-1.1476,-1.129,-1.1113,-1.0995,-1.0829,-1.8724,-1.0633,-1.0514,-1.0368,-1.0152,-1.0034,-0.99152,-0.97967,-0.96782,-0.94465,-0.93161,-1.8606,-0.91976,-0.90791,-0.89606,-0.88421,-0.87236,-0.86051,-0.85472,-0.84931,-0.83746,-0.82561,-1.8487,-0.8172,-0.81442,-0.80469,-0.80322,-0.79219,-0.79219,-0.79219,-0.78084,-0.77968,-0.76964,3.0,2.0
0.35523,0.33411,0.29189,-0.2993,-0.20766,-0.11603,-0.040337,0.046124,0.13776,0.22939,0.31902,0.39154,0.47758,0.29189,0.5537,0.63615,0.71585,0.79471,0.86343,0.93216,1.0009,1.0696,1.1377,1.1835,0.29146,1.2293,1.2752,1.321,1.3572,1.3801,1.403,1.4259,1.4488,1.4531,1.4531,0.27077,1.4521,1.4292,1.4063,1.3834,1.3605,1.3375,1.3028,1.257,1.2112,1.1654,0.27077,1.1005,1.0526,0.9842,0.91548,0.84675,0.77117,0.68819,0.60901,0.52963,0.4609,0.27077,0.37634,0.30234,0.21419,0.14367,0.053936,-0.018484,-0.10463,-0.18064,-0.26319,-0.34279,0.27077,-0.42176,-0.50494,-0.58032,-0.6671,-0.75873,-0.82925,-0.92088,-1.0084,-1.0771,-1.1458,0.26138,-1.2146,-1.2833,-1.3389,-1.3996,-1.4517,-1.479,-1.5222,-1.546,-1.5689,-1.5918,0.24966,-1.6147,-1.6213,-1.5984,-1.5872,-1.5737,-1.5355,-1.5068,-1.465,-1.4192,-1.3733,0.24966,-1.3244,-1.2556,-1.1869,-1.1096,-1.0284,-0.94749,-0.86979,-0.78533,-0.6937,-0.60207,0.33411,0.26444,-0.53155,-0.43991,-0.34828,-0.25126,-0.1439,-0.052266,0.050135,0.16468,0.26486,0.35649,0.27077,0.46607,0.56088,0.65251,0.74414,0.83176,0.9063,0.99033,1.0591,1.139,1.2176,0.27077,1.2716,1.334,1.3843,1.4503,1.4971,1.5429,1.5843,1.6134,1.6512,1.6643,0.27077,1.6759,1.6854,1.6854,1.6684,1.6455,1.6226,1.5984,1.5526,1.5068,1.4543,0.26993,1.3856,1.3169,1.2481,1.1656,1.0896,1.0034,0.931,0.84126,0.74963,0.65451,0.24966,0.54525,0.44654,0.34087,0.23858,0.12403,0.009492,-0.089004,-0.19848,-0.29338,-0.38502,0.24966,-0.47665,-0.56828,-0.65992,-0.75155,-0.85247,-0.95593,-1.0476,-1.1392,-1.2308,-1.3042,0.24966,-1.393,-1.4628,-1.529,-1.5791,-1.6417,-1.6796,-1.7122,-1.7465,-1.7694,-1.7923,0.24966,-1.7984,-1.7797,-1.7568,-1.7339,-1.708,-1.6669,-1.6375,-1.5917,-1.5458,-1.5,0.24966,-1.4405,-1.3873,-1.3242,-1.2745,-1.2078,-1.1375,-1.0493,-0.98053,-0.9118,-0.83432,0.32873,0.24966,-0.75324,-0.68452,-0.61579,-0.53112,-0.45723,-0.3885,-0.29845,-0.20882,-0.1363,-0.044665,0.23625,0.046968,0.12942,0.20912,0.30075,0.39239,0.46766,0.55454,0.62622,0.71606,0.78721,0.22855,0.87462,0.94937,1.0332,1.1019,1.1706,1.2394,1.2931,1.3557,1.4058,1.4517,0.22855,1.4975,1.5433,1.5845,1.6138,1.6514,1.6743,1.6854,1.6854,1.67,1.6299,0.22855,1.603,1.5593,1.4924,1.4433,1.3746,1.3059,1.2371,1.1684,1.0997,1.031,0.20796,0.96225,0.89352,0.8248,0.75607,0.68735,0.61862,0.5499,0.48117,0.41245,0.35459,0.18505,0.30878,0.26296,0.2334,0.19244,0.16647,0.14356,0.12066,0.097747,0.074838,0.05193,0.16214,0.029022,0.017409,0.017409,0.017409,0.034089,0.038523,0.038523,0.038523,0.038523,0.038523,0.13438,0.038523,0.038523,0.038523,0.038523,0.038523,0.038523,0.038523,0.038523,0.038523,0.038523,0.095213,0.038523,0.033561,0.017409,0.017409,0.017409,0.017409,0.031344,0.038523,0.313,0.063859,0.018043,-0.027774,-0.059761,-0.11392,-0.16522,-0.21104,-0.25686,-0.30436,-0.3696,0.313,-0.41542,-0.46831,-0.52817,-0.57398,-0.6198,-0.67987,-0.7165,-0.75725,-0.80307,-0.84889,0.313,-0.8947,-0.94052,-0.98634,-1.0322,-1.078,-1.1238,-1.1825,-1.2365,-1.2659,-1.3071,0.313,-1.3529,-1.3768,-1.4023,-1.4438,-1.4667,-1.4896,-1.5125,-1.5354,-1.5583,-1.551,0.29864,-1.5281,-1.5052,-1.4823,-1.4594,-1.4335,-1.3877,-1.3419,-1.2877,-1.2291,-1.1714,0.29189,-1.1027,-1.0339,-0.96522,-0.87739,-0.80666,-0.73635,-0.64472,-0.55826,-0.48256,-0.39093,0.0,2.0
0.77518,0.81244,0.7984,1.077,1.1515,1.226,1.2852,1.3411,1.397,1.4514,1.4887,1.5259,1.5522,0.7984,1.5708,1.5877,1.5877,1.5877,1.5877,1.581,1.5624,1.5437,1.5251,1.4949,0.7984,1.4507,1.3948,1.3389,1.283,1.2153,1.1408,1.0636,0.97047,0.87732,0.78418,0.7984,0.68349,0.57467,0.48153,0.37138,0.25961,0.14,0.012846,-0.098928,-0.2107,-0.32248,0.7984,-0.43425,-0.54602,-0.6578,-0.75199,-0.84513,-0.92986,-1.0044,-1.0789,-1.1534,-1.2146,0.79752,-1.2618,-1.2991,-1.3363,-1.3736,-1.3973,-1.4069,-1.4113,-1.4299,-1.4117,-1.393,0.7789,-1.3744,-1.3558,-1.337,-1.2998,-1.2625,-1.2253,-1.183,-1.1275,-1.0903,-1.0386,0.77518,-0.98267,-0.92678,-0.8702,-0.79569,-0.73591,-0.66987,-0.59535,-0.52084,-0.44632,-0.3718,0.77518,-0.29729,-0.21691,-0.12504,-0.050527,0.039309,0.12172,0.20239,0.29553,0.38867,0.48182,0.77518,0.57496,0.66167,0.73804,0.83118,0.92433,1.0175,1.1106,1.2016,1.2761,1.3506,0.82161,0.77518,1.4252,1.4927,1.5485,1.6044,1.6438,1.6692,1.6878,1.7065,1.7251,1.7269,0.77518,1.7148,1.6961,1.6775,1.6589,1.6232,1.5984,1.564,1.5114,1.4741,1.4195,0.79039,1.3253,1.2054,1.0858,1.0113,0.95439,0.87239,0.78772,0.70931,0.61617,0.52302,0.7984,0.42988,0.32797,0.22038,0.12723,0.015864,-0.09591,-0.19863,-0.29624,-0.40802,-0.50128,0.7984,-0.60835,-0.71078,-0.80393,-0.8969,-0.97141,-1.0601,-1.1437,-1.2131,-1.2695,-1.344,0.7984,-1.3895,-1.4367,-1.4872,-1.5237,-1.5424,-1.5758,-1.6028,-1.6215,-1.6401,-1.6587,0.7984,-1.6623,-1.6517,-1.6331,-1.6145,-1.5959,-1.5926,-1.5818,-1.5632,-1.5446,-1.5259,0.81389,-1.5073,-1.4887,-1.47,-1.4495,-1.4122,-1.375,-1.3491,-1.3169,-1.2632,-1.226,0.82161,-1.1724,-1.1166,-1.0607,-1.0023,-0.92777,-0.85326,-0.77874,-0.70422,-0.62692,-0.53378,0.82161,-0.44063,-0.35973,-0.27756,-0.18441,-0.091267,-0.015243,0.071808,0.157,0.23152,0.30603,0.82161,0.8042,0.38055,0.44224,0.50637,0.57723,0.63311,0.689,0.74489,0.80077,0.85272,0.88997,0.61791,0.94522,0.9877,1.025,1.0622,1.0995,1.1185,1.1508,1.1789,1.1976,1.2162,0.5579,1.2348,1.2534,1.2627,1.2675,1.2856,1.267,1.2484,1.2298,1.2111,1.1925,0.50944,1.1739,1.1407,1.1134,1.0894,1.0521,1.0149,0.9776,0.93007,0.87419,0.8183,0.45356,0.76241,0.70653,0.64008,0.56556,0.49105,0.41653,0.34202,0.2675,0.19298,0.11847,0.39564,0.043952,-0.030564,-0.10508,-0.17304,-0.22892,-0.28481,-0.3407,-0.38515,-0.42241,-0.45967,0.32112,-0.49693,-0.51788,-0.5365,-0.55513,-0.56866,-0.55003,-0.548,-0.53598,-0.52478,-0.52194,0.26268,-0.50331,-0.50157,-0.50157,-0.50157,-0.50157,-0.50157,-0.50157,-0.50157,-0.50958,-0.52478,0.19531,-0.52478,-0.52478,-0.53767,-0.548,-0.55171,-0.57034,-0.57121,-0.58438,-0.60301,-0.62164,0.12079,-0.64027,-0.6589,-0.67753,-0.69616,-0.71479,-0.73341,-0.77038,-0.79389,0.82161,0.046273,-0.028242,-0.10276,-0.18905,-0.275,-0.34952,-0.42403,-0.49855,-0.58514,-0.6708,0.82161,-0.74531,-0.81983,-0.89434,-0.9565,-1.0202,-1.0915,-1.1474,-1.2033,-1.2465,-1.2918,0.82161,-1.3407,-1.3594,-1.3955,-1.4198,-1.4385,-1.4533,-1.4533,-1.4355,-1.4037,-1.3664,0.82161,-1.3291,-1.2919,-1.2546,-1.2038,-1.148,-1.0921,-1.0362,-0.96189,-0.88738,-0.82209,0.82161,-0.75692,-0.66383,-0.58932,-0.5148,-0.43077,-0.33762,-0.24448,-0.15133,-0.058188,0.034957,0.81644,0.13332,0.24446,0.3376,0.43075,0.53399,0.64025,0.7334,0.82654,0.91969,1.0024,0.0,2.0
1.2048,1.0983,0.88757,1.3237,1.3947,1.4541,1.497,1.5648,1.6002,1.6357,1.6712,1.7067,1.7202,0.85407,1.738,1.7598,1.7598,1.7598,1.7598,1.7598,1.7598,1.7598,1.7598,1.7398,0.81858,1.7043,1.6688,1.6334,1.5945,1.5235,1.4872,1.4212,1.3503,1.3015,1.248,0.75792,1.177,1.106,1.0351,0.96409,0.89312,0.82215,0.72264,0.64056,0.56959,0.48257,0.70797,0.38801,0.30931,0.20642,0.13545,0.064479,-0.037218,-0.11711,-0.21048,-0.2987,-0.36967,0.67248,-0.45055,-0.55125,-0.62222,-0.69319,-0.89579,-0.99373,-1.0401,-1.0756,-1.1761,-1.3052,0.637,-1.3327,-1.3365,-1.372,-1.3373,-1.3018,-1.2931,-1.2705,-1.235,-1.1995,-1.164,0.59299,-1.1226,-1.0534,-1.0179,-0.94932,-0.90729,-0.84703,-0.77606,-0.70509,-0.63412,-0.55502,0.52638,-0.45253,-0.38156,-0.31059,-0.2085,-0.129,-0.058033,0.031571,0.12355,0.20483,0.30514,0.49089,0.37611,0.44708,0.51805,0.61816,0.92444,1.1274,1.1818,1.2297,1.3007,1.3717,1.0858,0.45541,1.4426,1.4781,1.5136,1.5491,1.5846,1.6201,1.6409,1.6409,1.6409,1.6409,0.3884,1.6409,1.6074,1.5719,1.5364,1.5009,1.4654,1.4173,1.3548,1.315,1.244,0.34479,1.173,1.1021,1.0311,0.96013,0.88916,0.81819,0.74722,0.67625,0.6029,0.49644,0.28611,0.42369,0.35272,0.28175,0.21078,0.13981,0.055955,-0.041777,-0.11275,-0.18451,-0.32645,0.23417,-0.40495,-0.6137,-0.74513,-0.8161,-0.88707,-0.95804,-1.0223,-1.0681,-1.2455,-1.2873,0.18382,-1.412,-1.4772,-1.5127,-1.531,-1.5179,-1.4824,-1.4517,-1.4511,-1.4156,-1.412,0.12355,-1.3843,-1.3488,-1.3133,-1.2625,-1.2027,-1.1672,-1.1289,-1.058,-0.98699,-0.94595,0.08807,-0.88469,-0.81372,-0.7602,-0.71143,-0.64046,-0.56949,-0.49852,-0.42755,-0.35658,-0.28561,0.050206,-0.21464,-0.14367,-0.072703,-0.001733,0.069237,0.14318,0.24964,0.32179,0.39276,0.4897,-0.020764,0.57435,0.64532,0.71629,0.78726,0.85823,0.9292,1.0002,1.2004,1.2726,1.308,1.0587,-0.058033,1.3237,1.3237,1.3237,1.3237,1.3237,1.3237,1.2892,1.2841,1.2579,1.2444,-0.12306,1.2266,1.1911,1.1556,1.1201,1.0846,1.0491,0.98114,0.93852,0.90303,0.84753,-0.16865,0.79242,0.74524,0.67427,0.6033,0.53233,0.46136,0.39039,0.31942,0.24845,0.17748,-0.22535,0.10651,0.035536,-0.035434,-0.10502,-0.1405,-0.2087,-0.27967,-0.32625,-0.38196,-0.43687,-0.27927,-0.47235,-0.51557,-0.58297,-0.61846,-0.65394,-0.68943,-0.72491,-0.7604,-0.77764,-0.79172,-0.32764,-0.81729,-0.82304,-0.85694,-0.85694,-0.85694,-0.88568,-0.89659,-0.89659,-0.89659,-0.89659,-0.38989,-0.89659,-0.89659,-0.89659,-0.89659,-0.89659,-0.89659,-0.89659,-0.89659,-0.89659,-0.89659,-0.42993,-0.89659,-0.89659,-0.89659,-0.89659,-0.89659,-0.89659,-0.89659,-0.89659,-0.90888,-0.93624,-0.5005,-0.93624,-0.93624,-0.93624,-0.90511,-0.89659,-0.89659,-0.89659,-0.89659,-0.88628,-0.85694,-0.53599,-0.85694,-0.85694,-0.82364,-0.81729,-0.81729,-0.81729,-0.81729,-0.81729,1.0462,-0.57147,-0.63451,-0.68209,-0.71758,-0.76813,-0.8282,-0.86368,-0.90174,-0.97271,-1.0098,1.0273,-1.0453,-1.0808,-1.1376,-1.2604,-1.3854,-1.4388,-1.531,-1.5304,-1.4949,-1.4913,0.99185,-1.4636,-1.4517,-1.4322,-1.412,-1.4009,-1.3654,-1.3299,-1.2945,-1.259,-1.2235,0.95636,-1.188,-1.1525,-1.0996,-1.0419,-1.0064,-0.96597,-0.89579,-0.86031,-0.79271,-0.72174,0.92088,-0.65077,-0.5798,-0.50883,-0.43786,-0.36689,-0.29592,-0.22495,0.22327,0.38325,0.46373,0.88757,0.55651,0.64532,0.72977,0.82691,0.89788,0.96885,1.0398,1.1431,1.2214,1.2684,2.0,2.0
0.72845,0.6369,0.56047,0.78444,0.87599,0.95676,1.0311,1.1221,1.1907,1.2777,1.3428,1.3967,1.4654,0.56047,1.5341,1.5819,1.6277,1.6629,1.6858,1.7087,1.7316,1.7545,1.7643,1.7564,0.56047,1.7335,1.7106,1.6878,1.6494,1.5933,1.5299,1.4839,1.4153,1.3466,1.2651,0.56047,1.1813,1.11,1.0185,0.92695,0.8354,0.74385,0.64726,0.53282,0.4412,0.33195,0.56047,0.23011,0.13107,0.016635,-0.097802,-0.19208,-0.29868,-0.40318,-0.49472,-0.58627,-0.70043,0.56047,-0.79737,-0.87653,-0.95247,-1.0418,-1.1105,-1.1792,-1.2478,-1.3068,-1.3525,-1.3983,0.56047,-1.4441,-1.4726,-1.4955,-1.5184,-1.5393,-1.5393,-1.5393,-1.5247,-1.5018,-1.4789,0.56047,-1.456,-1.4109,-1.3651,-1.3194,-1.2667,-1.1981,-1.1294,-1.0607,-0.99209,-0.92342,0.56047,-0.85476,-0.7861,-0.71744,-0.64878,-0.58011,-0.5048,-0.41479,-0.34613,-0.27747,-0.1946,0.56047,-0.11215,-0.039499,0.05205,0.12183,0.20715,0.2987,0.38381,0.4538,0.54535,0.6369,0.59869,0.56047,0.72845,0.82,0.91155,1.0031,1.0731,1.1582,1.2384,1.3071,1.3757,1.4444,0.56047,1.5131,1.5679,1.6224,1.6839,1.7068,1.751,1.7806,1.8035,1.8263,1.8474,0.56047,1.8245,1.8016,1.7652,1.7279,1.6983,1.6296,1.5609,1.4923,1.4127,1.3269,0.56047,1.2576,1.166,1.056,0.95494,0.85513,0.7407,0.62626,0.53275,0.40957,0.28295,0.56047,0.16852,0.05359,-0.083733,-0.20279,-0.33038,-0.45966,-0.57409,-0.68853,-0.80297,-0.9018,0.56047,-0.99334,-1.0849,-1.1764,-1.268,-1.3415,-1.4101,-1.471,-1.5167,-1.5625,-1.6083,0.56047,-1.6387,-1.6616,-1.6844,-1.7073,-1.7302,-1.7353,-1.7225,-1.7073,-1.7047,-1.6819,0.55844,-1.659,-1.6209,-1.5852,-1.5573,-1.5116,-1.4658,-1.4024,-1.3337,-1.2651,-1.1964,0.53555,-1.1277,-1.0591,-0.97543,-0.89375,-0.82033,-0.72878,-0.63723,-0.54568,-0.46645,-0.39058,0.53247,-0.29903,-0.20748,-0.11593,-0.02438,0.067169,0.15417,0.22283,0.31382,0.38815,0.46892,0.58847,0.53247,0.55347,0.62213,0.69079,0.77912,0.85611,0.92478,0.9891,1.0349,1.1028,1.1714,0.53247,1.2282,1.274,1.3197,1.3655,1.4113,1.4427,1.4656,1.4885,1.5114,1.5343,0.52799,1.5572,1.5683,1.5618,1.5389,1.516,1.1466,0.938,0.87837,0.82868,0.76002,0.50511,0.69135,0.62269,0.54255,0.45737,0.38871,0.32005,0.25139,0.1688,0.086066,0.017405,0.48222,-0.051257,-0.14141,-0.21658,-0.27397,-0.3259,-0.39352,-0.43929,-0.50389,-0.55884,-0.596,0.45933,-0.62239,-0.66816,-0.69266,-0.71555,-0.73844,-0.75537,-0.75621,-0.7791,-0.78337,-0.78337,0.43644,-0.78337,-0.78337,-0.78337,-0.78337,-0.76741,-0.75537,-0.75537,-0.75474,-0.73186,-0.72738,0.41356,-0.71408,-0.69938,-0.69938,-0.69938,-0.69938,-0.68363,-0.67138,-0.67138,-0.67138,-0.67138,0.38885,-0.67138,-0.65829,-0.64339,-0.64339,-0.64339,-0.64339,-0.64339,-0.64339,-0.64339,-0.64339,0.34308,-0.64339,-0.64339,-0.64339,-0.64339,-0.64339,-0.64339,-0.66382,-0.67138,0.58847,0.3169,0.27952,0.23375,0.18797,0.1422,0.074378,0.022654,-0.034949,-0.096892,-0.14428,0.58847,-0.21294,-0.2816,-0.35026,-0.41892,-0.48759,-0.55625,-0.62491,-0.69357,-0.76223,-0.82439,0.58847,-0.87016,-0.91593,-0.98089,-1.0355,-1.0723,-1.099,-1.1448,-1.169,-1.1918,-1.1919,0.58847,-1.169,-1.1461,-1.1232,-1.1004,-1.0636,-1.0266,-1.0001,-0.95429,-0.90852,-0.86274,0.57335,-0.81697,-0.7651,-0.69644,-0.62778,-0.57787,-0.51845,-0.44979,-0.38113,-0.31247,-0.2226,0.56047,-0.14715,-0.067495,0.024054,0.1156,0.20715,0.2987,0.39025,0.4818,0.57657,0.691,0.0,2.0
0.41995,0.48498,0.48498,0.48498,0.57634,0.6677,0.75906,0.85432,0.95722,1.0331,1.1245,1.2159,1.3025,0.47018,1.3661,1.4574,1.5371,1.6076,1.6935,1.7578,1.8492,1.928,1.9994,2.0519,0.45247,2.0976,2.1433,2.1756,2.2021,2.2478,2.2935,2.2731,2.259,2.2133,2.1676,0.45247,2.122,2.0763,2.0306,1.9849,1.9392,1.8716,1.8128,1.7214,1.659,1.5808,0.45247,1.5124,1.4569,1.3947,1.3331,1.2549,1.1856,1.0985,1.0354,0.94405,0.86391,0.45247,0.79384,0.735,0.66184,0.58479,0.52594,0.43458,0.34322,0.25186,0.16051,0.069146,0.45247,0.003797,-0.08106,-0.17242,-0.23127,-0.32263,-0.41398,-0.47283,-0.56419,-0.65425,-0.7144,0.45247,-0.77812,-0.8238,-0.86948,-0.94767,-0.99335,-1.039,-1.1172,-1.1629,-1.2411,-1.2868,0.45247,-1.3325,-1.3781,-1.4238,-1.4695,-1.5152,-1.5609,-1.5308,-1.5069,-1.4612,-1.4155,0.45247,-1.3698,-1.3242,-1.2785,-1.2274,-1.1546,-1.0772,-1.0184,-0.95255,-0.90687,-0.84185,0.51131,0.45247,-0.783,-0.70481,-0.63279,-0.54842,-0.48259,-0.42455,-0.36489,-0.30068,-0.255,-0.20932,0.43605,-0.16364,-0.10317,-0.039769,0.038422,0.10589,0.19481,0.24049,0.31494,0.36436,0.43263,0.41995,0.48823,0.53391,0.57959,0.62527,0.64754,0.68411,0.71256,0.74296,0.78864,0.83432,0.41995,0.88,0.92568,0.94015,0.89577,0.85009,0.80441,0.75873,0.71305,0.66737,0.59584,0.41995,0.537,0.46531,0.38679,0.30892,0.23658,0.15254,0.086378,0.027531,-0.049523,-0.12268,0.41995,-0.18152,-0.25159,-0.32978,-0.39058,-0.45365,-0.53184,-0.59963,-0.65848,-0.7339,-0.80868,0.41995,-0.90004,-0.96848,-1.0467,-1.1091,-1.1705,-1.2268,-1.2944,-1.3401,-1.3858,-1.4315,0.41995,-1.4771,-1.5228,-1.5685,-1.6325,-1.6924,-1.738,-1.7837,-1.8234,-1.8426,-1.8882,0.41995,-1.9339,-1.9796,-1.9466,-1.9009,-1.8553,-1.8096,-1.7639,-1.7182,-1.6725,-1.5943,0.39573,-1.534,-1.4705,-1.3838,-1.2708,-1.1686,-1.0618,-0.95336,-0.82949,-0.73813,-0.64677,0.51749,0.38744,-0.55541,-0.46405,-0.40521,-0.31385,-0.18998,-0.098616,-0.007257,0.084102,0.17546,0.26211,0.38744,0.32567,0.38598,0.43166,0.47734,0.52302,0.5687,0.64624,0.69257,0.73825,0.78393,0.38744,0.82961,0.87529,0.92097,0.96665,1.0123,1.058,1.1037,1.1494,1.195,1.2407,0.38744,1.2864,1.3321,1.3479,1.3022,1.2565,1.2108,1.1651,1.1195,1.0738,1.0281,0.38744,0.98241,0.93673,0.87447,0.81286,0.75678,0.66542,0.60657,0.53261,0.45637,0.39752,0.38744,0.33054,0.25235,0.20667,0.16099,0.11531,0.069634,0.056467,0.010787,-0.002706,-0.002706,0.38744,-0.002706,-0.002706,-0.002706,-0.003193,-0.035218,-0.035218,-0.042696,-0.06773,-0.06773,-0.082198,0.38744,-0.10024,-0.10853,-0.13275,-0.16527,-0.16527,-0.19371,-0.19778,-0.19778,-0.2007,-0.23029,0.40012,-0.23029,-0.23029,-0.23029,-0.23403,-0.2628,-0.2628,-0.2628,-0.2628,-0.2628,-0.2628,0.41995,-0.23192,-0.23029,-0.23029,-0.23029,-0.23029,-0.23029,-0.23029,-0.23029,0.53765,0.41995,0.41995,0.38712,0.35493,0.32827,0.28259,0.23691,0.19123,0.13124,0.067358,0.55,-0.010834,-0.077809,-0.16917,-0.26053,-0.35189,-0.44325,-0.5346,-0.62596,-0.70139,-0.77617,0.55,-0.86753,-0.95889,-1.0177,-1.0924,-1.1679,-1.2268,-1.2944,-1.3401,-1.4033,-1.464,0.55,-1.5096,-1.5553,-1.601,-1.6467,-1.6924,-1.7137,-1.668,-1.6223,-1.5766,-1.4986,0.5422,-1.4397,-1.3746,-1.2895,-1.1982,-1.1393,-1.048,-0.95661,-0.86525,-0.7947,-0.68254,0.51749,-0.59118,-0.47202,-0.36749,-0.25207,-0.1282,-0.0214,0.087028,0.17839,0.26975,0.39362,0.0,2.0
-2.1849,-1.9943,-1.6287,-0.69991,-0.69937,-0.68641,-0.68641,-0.68641,-0.68641,-0.68317,-0.67291,-0.66859,-0.65941,-1.5866,-0.65941,-0.65941,-0.65941,-0.65941,-0.65941,-0.65941,-0.65941,-0.65941,-0.65941,-0.65941,-1.5444,-0.64861,-0.64591,-0.64591,-0.64591,-0.64591,-0.64591,-0.63241,-0.63241,-0.63241,-0.63241,-1.5023,-0.62971,-0.61891,-0.61891,-0.61891,-0.61891,-0.61351,-0.60541,-0.59893,-0.58489,-0.57841,-1.4678,-0.57031,-0.56491,-0.55573,-0.55141,-0.54115,-0.53791,-0.53791,-0.53791,-0.52549,-0.52441,-1.4397,-0.52441,-0.52441,-0.52441,-0.52279,-0.51091,-0.51091,-0.50767,-0.49741,-0.49309,-0.47905,-1.4116,-0.46502,-0.45692,-0.45044,-0.4364,-0.42236,-0.40832,-0.39428,-0.38024,-0.3662,-0.35216,-1.3835,-0.33812,-0.32408,-0.29816,-0.2825,-0.26846,-0.25442,-0.22688,-0.21176,-0.1853,-0.1691,-1.3555,-0.14372,-0.12968,-0.11187,-0.088106,-0.074066,-0.060027,-0.045987,-0.031947,-0.024927,-0.017368,-1.3376,-0.011428,-0.002788,0.002072,0.011791,0.015571,0.015571,0.015571,0.027451,0.029071,0.042031,-1.9532,-1.3236,0.042571,0.05607,0.05607,0.05607,0.05823,0.06957,0.06957,0.06957,0.06957,0.06957,-1.3096,0.07497,0.083069,0.083069,0.083069,0.083069,0.083069,0.083069,0.083069,0.092789,0.096569,-1.2955,0.096569,0.096569,0.10845,0.11007,0.12303,0.13707,0.13761,0.15165,0.16569,0.17973,-1.2815,0.19377,0.20781,0.22563,0.24938,0.26342,0.27206,0.278,0.29204,0.30608,0.31256,-1.2934,0.32066,0.32606,0.33524,0.33956,0.33956,0.33956,0.33956,0.35144,0.35306,0.35306,-1.2939,0.35306,0.36656,0.36764,0.38168,0.39356,0.39626,0.4103,0.42434,0.43838,0.45242,-1.2939,0.46646,0.4805,0.49454,0.50858,0.52262,0.53666,0.5507,0.56474,0.57878,0.58256,-1.2939,0.59336,0.60739,0.60955,0.62197,0.62305,0.63655,0.63709,0.65005,0.65005,0.65221,-1.2939,0.66355,0.66355,0.66733,0.67705,0.67705,0.68245,0.69055,0.69055,0.69055,0.69055,-1.2917,0.69055,0.69055,0.69055,0.69055,0.69055,0.69055,0.69055,0.69055,0.69055,0.69055,-1.9235,-1.2804,0.69055,0.69055,0.69055,0.69217,0.70621,0.72025,0.73429,0.74455,0.74887,0.76291,-1.2804,0.77695,0.78505,0.78505,0.78505,0.79261,0.79855,0.79855,0.79855,0.80827,0.81205,-1.2766,0.82285,0.82555,0.83743,0.85147,0.85255,0.86605,0.86659,0.87955,0.88117,0.89305,-1.2669,0.89575,0.90655,0.91033,0.92005,0.92491,0.93895,0.94705,0.94705,0.95406,0.96054,-1.2669,0.96864,0.97404,0.97404,0.98376,0.98754,0.98754,0.99888,1.001,1.001,1.014,-1.2615,1.0145,1.0286,1.0426,1.0567,1.0707,1.0847,1.0988,1.1166,1.1447,1.1728,-1.2534,1.2008,1.2349,1.2705,1.3056,1.3477,1.3898,1.4406,1.4876,1.5394,1.5853,-1.2469,1.6382,1.6944,1.7387,1.7932,1.8364,1.892,1.9341,1.9763,2.0184,2.0583,-1.2399,2.0891,2.128,2.1561,2.1842,2.2074,2.2268,2.2489,2.2695,2.2905,2.3046,-1.2399,2.3186,2.3326,2.3467,2.3607,2.3645,2.3753,2.3893,2.3915,-1.8814,-1.2318,-1.2264,-1.2264,-1.2167,-1.2129,-1.2129,-1.2016,-1.1994,-1.187,-1.1859,-1.8393,-1.1724,-1.1719,-1.1589,-1.1573,-1.1454,-1.1454,-1.1422,-1.1319,-1.1319,-1.1319,-1.7972,-1.1319,-1.1319,-1.1319,-1.1319,-1.1319,-1.1238,-1.1184,-1.1184,-1.1184,-1.1081,-1.755,-1.1049,-1.0936,-1.0914,-1.079,-1.0649,-1.0509,-1.0369,-1.0239,-1.0223,-1.0082,-1.7129,-0.9942,-0.98016,-0.96612,-0.95208,-0.93804,-0.924,-0.90402,-0.88242,-0.86838,-0.85434,-1.6708,-0.8403,-0.82626,-0.81223,-0.79819,-0.78415,-0.75931,-0.74257,-0.74041,-0.72799,-0.71395,3.0,2.0
1.9042,1.7454,1.5866,-0.60752,-0.61844,-0.62044,-0.63434,-0.64323,-0.65023,-0.66413,-0.66704,-0.68002,-0.69391,1.5627,-0.70275,-0.70981,-0.7237,-0.7376,-0.73959,-0.75349,-0.76739,-0.78129,-0.79518,-0.80908,1.5469,-0.82298,-0.83688,-0.85077,-0.86467,-0.87857,-0.89247,-0.90637,-0.92026,-0.93416,-0.94806,1.5309,-0.96196,-0.97585,-0.98975,-1.0036,-1.0175,-1.0314,-1.0453,-1.0592,-1.0718,-1.0751,1.5072,-1.089,-1.1029,-1.1168,-1.1307,-1.1446,-1.1585,-1.1724,-1.1863,-1.2002,-1.2141,1.4872,-1.2265,-1.23,-1.2439,-1.2503,-1.2598,-1.2622,-1.2741,-1.2777,-1.2916,-1.3055,1.4675,-1.3098,-1.3214,-1.3201,-1.3062,-1.2923,-1.2784,-1.2645,-1.2622,-1.2487,-1.2384,1.4435,-1.2328,-1.2265,-1.2169,-1.203,-1.201,-1.1908,-1.1851,-1.1712,-1.1573,-1.1551,1.4278,-1.1432,-1.1394,-1.1313,-1.1235,-1.1096,-1.0957,-1.0837,-1.0798,-1.0659,-1.052,1.4118,-1.048,-1.0361,-1.0222,-1.0122,-1.0064,-0.99246,-0.97856,-0.97654,-0.96267,-0.94877,1.7216,1.3881,-0.93487,-0.92892,-0.91898,-0.90512,-0.90309,-0.89321,-0.8872,-0.88131,-0.87131,-0.8694,1.3681,-0.86732,-0.8575,-0.85143,-0.8456,-0.83554,-0.83354,-0.82179,-0.81765,-0.80989,-0.80176,1.3484,-0.79798,-0.78608,-0.78388,-0.77417,-0.76798,-0.76227,-0.76227,-0.75037,-0.75037,-0.74611,1.3244,-0.73846,-0.73846,-0.72823,-0.72656,-0.72424,-0.71466,-0.71466,-0.71466,-0.71466,-0.70275,1.3085,-0.70037,-0.69085,-0.69085,-0.69085,-0.68049,-0.67895,-0.67895,-0.67895,-0.67252,-0.66704,1.2829,-0.66704,-0.66704,-0.66704,-0.66255,-0.65514,-0.64666,-0.63276,-0.63077,-0.61943,-0.61487,1.2648,-0.60098,-0.58708,-0.57318,-0.55928,-0.548,-0.54339,-0.52949,-0.5156,-0.49111,-0.4759,1.2432,-0.462,-0.4481,-0.43421,-0.42031,-0.40641,-0.39251,-0.37588,-0.35281,-0.33892,-0.32502,1.2211,-0.31112,-0.29722,-0.28053,-0.25752,-0.24363,-0.22973,-0.21583,-0.20107,-0.17613,-0.15739,1.1933,-0.13643,-0.12254,-0.097807,-0.081916,-0.057037,-0.038229,-0.017338,0.005457,0.02236,0.036258,1.7077,1.1774,0.050156,0.064053,0.077951,0.091848,0.10575,0.1186,0.12164,0.13553,0.14943,0.1453,1.1519,0.1314,0.13161,0.1455,0.15431,0.1614,0.17529,0.18919,0.20309,0.21699,0.23088,1.1337,0.24478,0.26781,0.28448,0.29838,0.3187,0.35519,0.37578,0.39887,0.42667,0.45446,1.106,0.48881,0.53386,0.56166,0.59871,0.6404,0.67019,0.71855,0.77738,0.81907,0.86077,1.0864,0.90246,0.93225,0.98412,1.046,1.0811,1.1228,1.1645,1.1943,1.2429,1.2961,1.0623,1.3313,1.3635,1.3799,1.4072,1.4315,1.4454,1.4593,1.4732,1.4871,1.4875,1.0464,1.484,1.4756,1.4681,1.4828,1.4991,1.513,1.5269,1.5464,1.5666,1.5805,1.0186,1.5944,1.6202,1.6341,1.648,1.6619,1.6758,1.6897,1.7035,1.7174,1.7371,0.99513,1.7571,1.771,1.7849,1.8107,1.8246,1.8385,1.8524,1.8663,1.8802,1.8941,0.97489,1.908,1.9161,1.9239,1.9378,1.9399,1.936,1.9121,1.8923,1.6938,0.9471,0.92963,0.90341,0.87321,0.84032,0.82003,0.80062,0.7348,0.66379,0.60418,1.6799,0.58582,0.5322,0.49107,0.47717,0.46113,0.40176,0.38786,0.37397,0.32602,0.29856,1.6541,0.23466,0.17553,0.16622,0.12676,0.086224,0.040633,0.023372,0.015427,-0.026266,-0.054686,1.6402,-0.059954,-0.10245,-0.11947,-0.1303,-0.17179,-0.19908,-0.23208,-0.24919,-0.2869,-0.29803,1.6223,-0.31231,-0.34725,-0.36629,-0.39094,-0.39492,-0.41706,-0.42189,-0.47667,-0.5211,-0.5242,1.6005,-0.5361,-0.53899,-0.55289,-0.55991,-0.56878,-0.57181,-0.57276,-0.58372,-0.58866,-0.60255,1.0,2.0
-1.9861,-1.7075,-1.5314,-0.8181,-0.80778,-0.80676,-0.79848,-0.79542,-0.78918,-0.77886,-0.77274,-0.76957,-0.75925,-1.521,-0.74893,-0.73872,-0.73872,-0.72931,-0.71899,-0.70867,-0.7047,-0.69937,-0.68906,-0.67874,-1.5107,-0.67069,-0.66944,-0.65912,-0.6488,-0.64801,-0.6395,-0.63667,-0.6302,-0.61988,-0.61399,-1.5098,-0.61059,-0.60265,-0.60129,-0.59097,-0.58065,-0.57997,-0.57135,-0.56103,-0.55071,-0.54039,-1.5098,-0.53008,-0.51624,-0.4981,-0.48778,-0.47746,-0.46714,-0.45682,-0.4465,-0.43619,-0.42587,-1.5098,-0.41555,-0.40523,-0.39491,-0.38459,-0.37586,-0.37529,-0.36497,-0.35465,-0.34434,-0.34184,-1.5098,-0.34184,-0.34184,-0.33708,-0.3305,-0.3305,-0.3288,-0.31916,-0.31916,-0.30918,-0.30782,-1.5098,-0.29988,-0.28957,-0.28514,-0.28027,-0.26995,-0.26246,-0.26065,-0.25033,-0.24001,-0.22969,-1.5098,-0.21937,-0.20906,-0.19874,-0.18842,-0.1781,-0.16778,-0.15746,-0.14714,-0.13682,-0.1265,-1.5065,-0.11619,-0.10587,-0.095547,-0.085228,-0.074909,-0.064591,-0.054272,-0.043953,-0.035675,-0.034654,-1.6613,-1.4985,-0.024335,-0.014016,-0.003698,0.006621,0.009683,0.01592,0.026239,0.032362,0.035537,0.045856,-1.4985,0.055041,0.055154,0.065473,0.06638,0.074772,0.08509,0.095409,0.1004,0.10471,0.11174,-1.4985,0.11401,0.12433,0.13442,0.13442,0.14394,0.15426,0.16458,0.1749,0.19066,0.20688,-1.4985,0.2172,0.22751,0.23919,0.25949,0.26981,0.28013,0.29045,0.30077,0.31766,0.33274,-1.4889,0.34306,0.35338,0.3637,0.37402,0.38479,0.40543,0.41632,0.42664,0.43695,0.44727,-1.4871,0.45759,0.46791,0.47823,0.48855,0.49887,0.50975,0.53039,0.54116,0.55148,0.5618,-1.4871,0.57892,0.59378,0.60886,0.62576,0.6388,0.65773,0.66805,0.67837,0.68869,0.69901,-1.4807,0.70933,0.71965,0.72997,0.73541,0.73926,0.74958,0.7599,0.76943,0.76943,0.77952,-1.4758,0.78984,0.79211,0.79914,0.80946,0.81479,0.81875,0.82613,0.82805,0.83837,0.84869,-1.4714,0.8488,0.85799,0.86831,0.87863,0.88895,0.89926,0.90958,0.9199,0.93022,0.94054,-1.6407,-1.461,0.95086,0.9715,0.98284,0.99316,1.0035,1.0138,1.0293,1.0458,1.0561,1.0664,-1.4531,1.0767,1.087,1.0974,1.1171,1.121,1.1283,1.1386,1.149,1.155,1.1583,-1.4517,1.1686,1.1776,1.1779,1.1882,1.1985,1.2003,1.2078,1.2181,1.223,1.2274,-1.4418,1.2343,1.2367,1.2457,1.246,1.2563,1.257,1.2656,1.2684,1.2684,1.2684,-1.4418,1.2684,1.2719,1.2797,1.2797,1.2797,1.2797,1.2895,1.291,1.291,1.2977,-1.4321,1.3024,1.307,1.3137,1.3137,1.3153,1.3251,1.3251,1.3251,1.3251,1.3329,-1.4218,1.3364,1.3364,1.3364,1.3364,1.3364,1.3381,1.3477,1.3477,1.3477,1.3567,-1.4191,1.3591,1.3591,1.3591,1.364,1.3743,1.3846,1.3949,1.4052,1.4156,1.436,-1.4125,1.4475,1.4659,1.4795,1.4958,1.5165,1.5331,1.5464,1.567,1.5877,1.6083,-1.4078,1.6188,1.6383,1.6589,1.6795,1.7002,1.7208,1.7374,1.7507,-1.62,-1.4032,-1.3964,-1.3939,-1.3851,-1.3846,-1.3743,-1.3737,-1.365,-1.3547,-1.3511,-1.5994,-1.3454,-1.3351,-1.3284,-1.3258,-1.3154,-1.3051,-1.2948,-1.2845,-1.2742,-1.2639,-1.584,-1.2603,-1.2546,-1.2442,-1.2339,-1.2236,-1.2133,-1.203,-1.1926,-1.1823,-1.172,-1.5695,-1.1617,-1.1514,-1.141,-1.1259,-1.1091,-1.0988,-1.0866,-1.0668,-1.0565,-1.036,-1.552,-1.0245,-1.0142,-0.99681,-0.98218,-0.96687,-0.9502,-0.93988,-0.92957,-0.91834,-0.8977,-1.5417,-0.88727,-0.87695,-0.86663,-0.86346,-0.85733,-0.84701,-0.84078,-0.83772,-0.8274,-0.8181,3.0,2.0
0.87323,0.7603,0.49806,0.67211,0.61061,0.52823,0.47176,0.38745,0.30275,0.24048,0.16428,0.096596,0.025817,0.46867,-0.047282,-0.10375,-0.22829,-0.55705,-0.61274,-0.64098,-0.69551,-0.75198,-0.80845,-0.84674,0.4122,-0.89044,-0.94691,-0.99332,-1.0216,-1.0498,-1.078,-1.1063,-1.1345,-1.1627,-1.191,0.35573,-1.1999,-1.2165,-1.2308,-1.2308,-1.2223,-1.1999,-1.1968,-1.1685,-1.1403,-1.1121,0.29926,-1.0838,-1.0351,-0.99642,-0.9531,-0.89663,-0.83049,-0.75275,-0.69203,-0.60733,-0.52262,0.22152,-0.46499,-0.38416,-0.29946,-0.21475,-0.1463,-0.07629,0.008413,0.093116,0.17782,0.25981,0.15539,0.31628,0.40099,0.48569,0.54757,0.62415,0.69145,0.76262,0.84732,0.92274,0.98578,0.08306,1.0666,1.1242,1.2089,1.267,1.3234,1.3799,1.4364,1.4928,1.5493,1.6058,-0.001643,1.6545,1.6827,1.7133,1.7698,1.7705,1.7957,1.8015,1.8015,1.6994,1.5872,-0.086346,1.5307,1.4743,1.4178,1.3579,1.2716,1.1304,1.0419,0.95716,0.87246,0.78776,0.72394,-0.17105,0.70305,0.60559,0.50271,0.418,0.3333,0.2486,0.16389,0.079192,-0.005511,-0.090214,-0.25575,-0.17492,-0.25962,-0.34432,-0.52997,-0.7922,-0.8711,-0.92757,-0.98404,-1.0405,-1.097,-0.34045,-1.1534,-1.2099,-1.2486,-1.2768,-1.3174,-1.3642,-1.3925,-1.4207,-1.4474,-1.4474,-0.42516,-1.4745,-1.4783,-1.4783,-1.4783,-1.4621,-1.4339,-1.4056,-1.3774,-1.3492,-1.3182,-0.50986,-1.2617,-1.2053,-1.1488,-1.0923,-1.0158,-0.93105,-0.84635,-0.77364,-0.6986,-0.59224,-0.59456,-0.50754,-0.42284,-0.33813,-0.25343,-0.14475,-0.053084,0.031619,0.13218,0.23197,0.31667,-0.65683,0.40137,0.48607,0.57078,0.65548,0.74018,0.82489,0.90959,0.97457,1.0481,1.1184,-0.73303,1.1749,1.2403,1.3188,1.3718,1.4008,1.4573,1.4874,1.5393,1.5748,1.6031,-0.81773,1.6158,1.6286,1.6468,1.6468,1.6421,1.6158,1.6158,1.5884,1.5601,1.5319,-0.90243,1.5037,1.4588,1.4163,1.3768,1.3118,1.2329,1.1734,1.0891,1.0326,0.9502,0.71852,-0.97553,0.8655,0.78079,0.69609,0.61139,0.52669,0.41297,0.26445,0.17975,0.095049,0.010347,-1.0409,-0.074356,-0.13469,-0.21282,-0.29752,-0.38223,-0.46693,-0.57329,-0.77132,-1.056,-1.1097,-1.1194,-1.138,-1.1944,-1.2254,-1.2536,-1.302,-1.3236,-1.3383,-1.3666,-1.3855,-1.3921,-1.1759,-1.4165,-1.4153,-1.3871,-1.3855,-1.3615,-1.3333,-1.3236,-1.2919,-1.2486,-1.2099,-1.2323,-1.1612,-1.1279,-1.0715,-1.015,-0.95851,-0.87691,-0.81464,-0.75817,-0.68468,-0.61429,-1.2888,-0.55782,-0.49246,-0.41394,-0.35747,-0.301,-0.24454,-0.18807,-0.1316,-0.07513,-0.036839,-1.3453,0.022336,0.094276,0.14069,0.16892,0.19252,0.19445,0.22268,0.22346,0.22346,0.22346,-1.3782,0.22346,0.22346,0.20953,0.19252,0.18401,0.16157,0.15848,0.13063,0.13063,0.10472,-1.4064,0.099691,0.099691,0.099691,0.099691,0.11207,0.12096,0.099691,0.095436,0.067202,0.038968,-1.4346,0.010733,0.006866,-0.014793,-0.043028,-0.071262,-0.11303,-0.15867,-0.18691,0.69841,-1.4474,-1.4602,-1.4683,-1.4474,-1.4428,-1.4145,-1.3863,-1.358,-1.3051,-1.2706,0.67018,-1.2037,-1.1357,-1.0653,-0.98056,-0.89586,-0.81115,-0.72645,-0.64136,-0.52843,-0.41549,0.64194,-0.32576,-0.22056,-0.12541,-0.025623,0.074937,0.16931,0.27528,0.36424,0.47563,0.56033,0.61371,0.64504,0.75411,0.84538,0.93009,1.0148,1.0995,1.1842,1.2608,1.3227,1.4047,0.57619,1.4611,1.5176,1.5741,1.6305,1.687,1.7435,1.7852,1.8135,1.851,1.9009,0.5263,1.9291,1.955,1.9268,1.8452,1.3049,1.0879,1.0032,0.91848,0.83378,0.74908,2.0,2.0
2.1101,1.8487,1.4689,-0.32216,-0.36237,-0.40258,-0.44279,-0.4876,-0.53416,-0.57437,-0.61458,-0.65578,-0.70595,1.4347,-0.74616,-0.78637,-0.83491,-0.87775,-0.91795,-0.95255,-0.98742,-1.0276,-1.0649,-1.0951,1.3647,-1.1252,-1.1554,-1.1856,-1.2157,-1.2459,-1.276,-1.3062,-1.3363,-1.3665,-1.3967,1.3346,-1.4268,-1.4549,-1.4762,-1.506,-1.5261,-1.5557,-1.5773,-1.5974,-1.6175,-1.6376,1.3044,-1.6577,-1.6778,-1.6948,-1.7048,-1.7162,-1.7359,-1.746,-1.756,-1.7661,-1.7684,1.2492,-1.7752,-1.7853,-1.7903,-1.7944,-1.8045,-1.8122,-1.8136,-1.8231,-1.8231,-1.8231,1.2112,-1.8231,-1.8231,-1.8162,-1.8122,-1.807,-1.797,-1.7869,-1.7769,-1.7653,-1.7458,1.1614,-1.7358,-1.7159,-1.6958,-1.6757,-1.6486,-1.6184,-1.5935,-1.569,-1.5389,-1.5087,1.1181,-1.4786,-1.4484,-1.4183,-1.3881,-1.3579,-1.3197,-1.2867,-1.2565,-1.2264,-1.1962,1.0832,-1.1661,-1.1359,-1.1057,-1.0764,-1.0563,-1.0262,-0.99607,-0.96591,-0.94304,-0.91656,1.7978,1.0353,-0.89188,-0.8672,-0.84071,-0.81784,-0.78955,-0.76849,-0.73838,-0.71828,-0.69818,-0.66977,0.98377,-0.64701,-0.62042,-0.59585,-0.57574,-0.55564,-0.53553,-0.51543,-0.49533,-0.47522,-0.45512,0.95564,-0.44432,-0.42586,-0.40576,-0.39226,-0.37651,-0.3612,-0.35114,-0.33811,-0.32008,-0.31003,0.93441,-0.30025,-0.30025,-0.29083,-0.28078,-0.27073,-0.26738,-0.26158,-0.25153,-0.24547,-0.24238,0.90447,-0.23452,-0.23452,-0.23413,-0.22408,-0.22356,-0.21493,-0.2126,-0.20578,-0.19573,-0.18568,0.88437,-0.17563,-0.16558,-0.15552,-0.14687,-0.14638,-0.13632,-0.12627,-0.11622,-0.10617,-0.096115,0.86426,-0.086062,-0.07601,-0.065958,-0.055906,-0.048264,-0.046758,-0.036705,-0.026653,-0.016601,-0.015396,0.84416,-0.007453,0.002599,0.012652,0.022704,0.032756,0.042808,0.05286,0.062912,0.072965,0.083017,0.82406,0.083208,0.092165,0.10222,0.11227,0.12232,0.13237,0.14243,0.14894,0.15157,0.16163,0.81061,0.17168,0.18173,0.19178,0.19277,0.20093,0.21098,0.22104,0.22564,0.23018,0.24024,1.7676,0.7948,0.24755,0.24938,0.25944,0.26949,0.27954,0.28959,0.29137,0.29874,0.30233,0.30789,0.77955,0.31794,0.32799,0.33805,0.3481,0.35815,0.3682,0.37825,0.38831,0.39836,0.40841,0.76949,0.41846,0.42852,0.43857,0.45248,0.46963,0.47968,0.48973,0.49978,0.50984,0.51989,0.76248,0.53843,0.55095,0.561,0.57105,0.58111,0.58321,0.57316,0.56311,0.55432,0.55467,0.76035,0.56473,0.56527,0.57387,0.58393,0.59398,0.60403,0.61907,0.63509,0.65468,0.69261,0.75029,0.7214,0.7415,0.76161,0.79132,0.82148,0.84383,0.87084,0.91299,0.95306,0.98322,0.74057,1.0134,1.0435,1.0737,1.1038,1.134,1.1933,1.2536,1.2902,1.3204,1.3444,0.74057,1.3697,1.3999,1.4266,1.4542,1.5013,1.5308,1.5509,1.571,1.6,1.6221,0.75005,1.6423,1.6624,1.6931,1.7245,1.7411,1.7537,1.7721,1.7822,1.7922,1.8023,0.75153,1.8214,1.8334,1.8434,1.8471,1.8526,1.8626,1.869,1.8609,1.7154,0.75153,0.74476,0.72885,0.70379,0.68174,0.67168,0.66388,0.66254,0.65248,0.64243,1.6744,0.63238,0.61364,0.60132,0.58439,0.57026,0.56021,0.54599,0.52915,0.51674,0.49518,1.6221,0.46612,0.45607,0.43632,0.41622,0.41189,0.40491,0.39485,0.3848,0.37048,0.35374,1.5703,0.33876,0.31172,0.2997,0.25949,0.22909,0.22564,0.21764,0.20759,0.20372,0.19315,1.5364,0.18181,0.17833,0.15798,0.11441,0.10435,0.094301,0.084249,0.074197,0.056037,0.035933,1.499,0.015829,-0.009671,-0.039828,-0.069984,-0.10014,-0.13208,-0.17229,-0.2125,-0.24268,-0.28196,1.0,2.0
1.3124,1.2617,1.2363,1.1349,1.2201,1.3053,1.3905,1.4757,1.5457,1.6025,1.6594,1.7162,1.7456,1.2444,1.7689,1.777,1.7943,1.7943,1.777,1.6269,1.5447,1.4869,1.4017,1.2952,1.2617,1.1552,1.0699,0.98473,0.89952,0.8143,0.72909,0.56779,0.48257,0.39736,0.31214,1.2617,0.22693,0.14171,0.013889,-0.4203,-0.49233,-0.54914,-0.60595,-0.66276,-0.71957,-0.77638,1.2617,-0.8129,-0.86464,-0.89609,-0.94884,-0.97724,-1.0056,-1.0341,-1.0462,-1.0655,-1.0939,1.2617,-1.097,-1.1,-1.1223,-1.1223,-1.1101,-1.097,-1.0787,-1.0716,-1.0472,-1.0188,1.2617,-0.99043,-0.96203,-0.92246,-0.87985,-0.8342,-0.77739,-0.72058,-0.66377,-0.60696,-0.55015,1.2617,-0.49334,-0.43653,-0.37972,-0.30364,-0.24074,-0.15857,-0.098717,-0.013502,0.062583,0.13157,1.2617,0.21678,0.302,0.36591,0.44707,0.53228,0.62257,0.72807,0.81329,0.8985,1.001,1.2617,1.0943,1.1795,1.2647,1.3499,1.4281,1.495,1.567,1.6076,1.6553,1.6898,1.2617,1.2515,1.7182,1.7182,1.7182,1.6086,1.3895,1.3175,1.2505,1.1724,1.0872,0.95125,1.2231,0.84575,0.67938,0.59416,0.50895,0.40649,0.31316,0.22794,0.14273,-0.023646,-0.53494,1.1947,-0.61001,-0.68001,-0.79768,-0.88188,-0.93869,-0.9955,-1.0523,-1.103,-1.1406,-1.1852,1.1663,-1.2136,-1.2603,-1.2958,-1.3242,-1.3526,-1.3759,-1.384,-1.4013,-1.4155,-1.4267,1.1379,-1.4267,-1.4033,-1.4003,-1.3759,-1.3688,-1.3404,-1.312,-1.2836,-1.2552,-1.2045,1.0081,-1.173,-1.1162,-1.0594,-1.0026,-0.94579,-0.88898,-0.81391,-0.75,-0.66885,-0.60899,0.9543,-0.52885,-0.46392,-0.37871,-0.29349,-0.22552,-0.14843,-0.06321,0.022005,0.10722,0.19243,0.90155,0.27765,0.36286,0.44808,0.55257,0.64387,0.72909,0.83966,0.92488,1.0192,1.1207,0.78691,1.2059,1.2911,1.3763,1.4372,1.496,1.5762,1.6249,1.6644,1.707,1.7354,0.66923,1.7638,1.7689,1.7679,1.7354,1.6857,1.6472,1.5904,1.5336,1.4575,1.3276,1.2617,0.54648,1.2363,1.1481,1.0405,0.91879,0.76865,0.66822,0.57286,0.46634,0.37707,0.18838,0.39837,0.079829,-0.11901,-0.44566,-0.53088,-0.61609,-0.70131,-0.85652,-0.92246,-1.0158,-1.1365,0.30605,-1.1832,-1.2248,-1.2816,-1.3384,-1.3729,-1.4013,-1.4297,-1.4581,-1.4865,-1.5149,0.24924,-1.5281,-1.5281,-1.5494,-1.5535,-1.5281,-1.5281,-1.52,-1.4916,-1.4774,-1.4601,0.090988,-1.4317,-1.4033,-1.3739,-1.3211,-1.2927,-1.2542,-1.1974,-1.1568,-1.1091,-1.0523,0.034178,-0.9955,-0.93869,-0.88188,-0.82507,-0.76826,-0.69624,-0.62928,-0.57247,-0.49131,-0.43146,-0.022632,-0.35132,-0.28639,-0.21234,-0.11292,-0.022632,0.034178,0.11432,0.17316,0.22591,0.25432,-0.090601,0.28272,0.31113,0.3233,0.30403,0.29794,0.27258,0.27258,0.27258,0.26345,0.24722,-0.16161,0.24722,0.22896,0.22185,0.22185,0.22185,0.21678,0.19649,0.19649,0.19649,0.19649,-0.21842,0.1762,0.17113,0.17113,0.17113,0.17113,0.17113,0.17113,0.17113,1.2617,-0.27523,-0.33204,-0.38885,-0.44566,-0.49537,-0.53392,-0.57754,-0.62218,-0.65972,-0.71044,1.2617,-0.74189,-0.77334,-0.82406,-0.85246,-0.88087,-0.90927,-0.93768,-0.96608,-0.99449,-0.99753,1.2617,-1.0209,-1.0209,-1.0209,-1.0209,-1.0209,-1.0209,-1.0209,-0.9955,-0.99145,-0.96304,1.2404,-0.93464,-0.90623,-0.87783,-0.84942,-0.7987,-0.76725,-0.71348,-0.67899,-0.62218,-0.56537,1.2363,-0.50856,-0.47001,-0.4203,-0.33914,-0.28132,-0.21944,-0.14234,-0.074369,0.010846,0.096061,1.2363,0.18128,0.26649,0.35272,0.46228,0.5475,0.64286,0.74329,0.84474,0.93908,1.0466,2.0,2.0
-0.36149,-0.38661,-0.44522,-1.5842,-1.5674,-1.5507,-1.534,-1.5172,-1.5005,-1.4837,-1.467,-1.4497,-1.4246,-0.4536,-1.4034,-1.3867,-1.3625,-1.3374,-1.3123,-1.2872,-1.2631,-1.2464,-1.2251,-1.2,-0.46197,-1.1749,-1.1497,-1.1246,-1.0995,-1.0744,-1.0493,-1.0292,-1.0123,-0.9872,-0.96208,-0.47034,-0.93696,-0.91889,-0.90214,-0.88539,-0.86865,-0.8519,-0.83516,-0.81841,-0.80167,-0.78492,-0.47871,-0.77083,-0.76246,-0.74797,-0.73242,-0.72405,-0.71568,-0.70731,-0.69893,-0.69056,-0.68219,-0.48709,-0.67381,-0.66371,-0.64697,-0.63541,-0.62703,-0.61866,-0.61029,-0.60191,-0.59354,-0.58291,-0.49546,-0.56616,-0.55513,-0.54676,-0.53839,-0.52576,-0.50902,-0.49998,-0.48881,-0.47207,-0.45532,-0.50383,-0.43725,-0.41213,-0.3918,-0.37505,-0.35006,-0.32495,-0.29983,-0.27471,-0.24959,-0.22447,-0.5122,-0.19935,-0.17384,-0.14034,-0.10685,-0.073362,-0.039871,-0.008772,0.016347,0.047313,0.080804,-0.52058,0.1143,0.15217,0.19404,0.22806,0.26155,0.29504,0.32853,0.36202,0.39552,0.42901,-0.40136,-0.52895,0.4625,0.49599,0.52948,0.56297,0.59646,0.62996,0.66345,0.69694,0.7299,0.75502,-0.53427,0.78412,0.81761,0.84366,0.86878,0.8939,0.91902,0.94414,0.96925,0.99437,1.0195,-0.53427,1.0366,1.0564,1.0816,1.1002,1.1185,1.1436,1.1637,1.1804,1.1972,1.2139,-0.54078,1.2307,1.2474,1.2642,1.2809,1.2977,1.3137,1.3221,1.3346,1.3513,1.3681,-0.54915,1.3848,1.4016,1.4122,1.4218,1.4385,1.4506,1.459,1.4755,1.489,1.4974,-0.55752,1.5058,1.5142,1.5225,1.5309,1.539,1.539,1.5427,1.5511,1.5523,1.55,-0.5659,1.5417,1.539,1.5382,1.5298,1.5215,1.5131,1.5047,1.4936,1.4768,1.4663,-0.57414,1.4566,1.4399,1.4231,1.4064,1.3896,1.3729,1.3561,1.3394,1.3208,1.2957,-0.57414,1.2759,1.2587,1.2336,1.2085,1.1834,1.1582,1.1331,1.108,1.0829,1.0578,-0.57773,1.0326,1.0075,0.98241,0.96513,0.94546,0.92035,0.89523,0.87011,0.84499,0.81987,-0.40136,-0.5861,0.79475,0.77801,0.76126,0.74452,0.72086,0.69774,0.68099,0.66969,0.66079,0.64404,-0.60151,0.63128,0.62291,0.6071,0.59288,0.5845,0.57613,0.56776,0.55938,0.55101,0.54264,-0.61613,0.53427,0.52895,0.52895,0.52244,0.51406,0.50569,0.50237,0.50237,0.50237,0.49878,-0.62451,0.49041,0.48908,0.48908,0.48908,0.48908,0.48841,0.48004,0.47579,0.47579,0.47579,-0.63846,0.47579,0.47579,0.4819,0.48908,0.48908,0.48908,0.48908,0.48908,0.48908,0.48908,-0.65454,0.48908,0.49081,0.49918,0.50237,0.50237,0.50237,0.50237,0.50237,0.50955,0.51566,-0.66292,0.51566,0.51566,0.51646,0.52483,0.5332,0.54158,0.54224,0.54503,0.5534,0.55553,-0.67129,0.55686,0.56523,0.5736,0.58198,0.58211,0.58543,0.59381,0.5954,0.59726,0.60563,-0.67966,0.60869,0.60869,0.60869,0.61255,0.62092,0.62198,0.62198,0.62198,0.62198,0.62198,-0.71834,0.62198,0.62198,0.62198,0.62198,0.62491,0.63328,0.63527,0.63527,-0.40136,-0.76286,-0.8131,-0.83276,-0.84114,-0.84951,-0.85788,-0.86626,-0.93138,-0.97922,-0.99597,-0.40336,-1.0061,-1.0214,-1.0632,-1.1051,-1.1461,-1.1629,-1.1834,-1.2085,-1.2551,-1.2986,-0.41173,-1.3237,-1.3488,-1.3739,-1.3991,-1.4242,-1.4493,-1.4975,-1.5366,-1.5534,-1.5764,-0.4201,-1.6041,-1.646,-1.6735,-1.6902,-1.7152,-1.747,-1.7889,-1.8239,-1.8444,-1.8193,-0.42848,-1.8048,-1.7964,-1.7881,-1.7797,-1.7713,-1.7629,-1.7546,-1.7462,-1.7378,-1.7295,-0.43685,-1.7211,-1.7083,-1.6916,-1.6827,-1.6714,-1.6546,-1.6443,-1.6344,-1.6177,-1.6009,4.0,2.0
0.37981,0.35073,0.35073,-0.28906,-0.20182,-0.11457,-0.027328,0.088999,0.17624,0.29257,0.37981,0.49614,0.58339,0.35073,0.69971,0.78696,0.90328,0.99053,1.0778,1.165,1.2523,1.3395,1.3977,1.4849,0.32165,1.5431,1.6012,1.6594,1.7176,1.7757,1.8048,1.8339,1.863,1.863,1.863,0.32165,1.8339,1.6303,1.3977,1.3104,1.0778,0.99053,0.8742,0.75788,0.52522,0.4089,0.32165,0.29257,0.17624,0.059917,-0.57988,-0.66712,-0.75437,-0.81253,-0.89978,-0.95794,-1.0161,0.32165,-1.0743,-1.1033,-1.1324,-1.1615,-1.1906,-1.2197,-1.2197,-1.2197,-1.2197,-1.2197,0.29257,-1.2197,-1.1906,-1.1906,-1.1615,-1.1324,-1.1033,-1.0743,-1.0161,-0.95794,-0.89978,0.29257,-0.84161,-0.78345,-0.72529,-0.66712,-0.57988,-0.52172,-0.43447,-0.34723,-0.25998,-0.17274,0.29257,-0.085491,0.030835,0.14716,0.26349,0.37981,0.49614,0.64155,0.75788,0.8742,0.99053,0.29257,1.1069,1.2232,1.3395,1.4268,1.5431,1.6303,1.7176,1.8048,1.863,1.9502,0.35073,0.26349,1.9793,2.0375,2.0665,2.0956,2.0956,2.0956,2.0956,2.0665,1.9211,1.7176,0.26349,1.6303,1.4558,1.3395,1.2523,1.0196,0.93237,0.81604,0.69971,0.58339,0.46706,0.26349,0.37981,0.26349,0.14716,-0.52172,-0.63804,-0.72529,-0.81253,-0.89978,-0.98702,-1.0452,0.23441,-1.1324,-1.1906,-1.2488,-1.3069,-1.3651,-1.4232,-1.4523,-1.4814,-1.5105,-1.5105,0.23441,-1.5105,-1.4814,-1.4814,-1.4523,-1.4232,-1.3651,-1.336,-1.2778,-1.2488,-1.1906,0.23441,-1.1324,-1.0452,-0.98702,-0.89978,-0.81253,-0.69621,-0.60896,-0.52172,-0.40539,-0.31814,0.23441,-0.20182,-0.11457,0.001754,0.088999,0.20533,0.29257,0.4089,0.52522,0.61247,0.72879,0.23441,0.84512,0.96145,1.0487,1.165,1.2523,1.3395,1.4268,1.514,1.5722,1.6303,0.23441,1.6885,1.7176,1.7757,1.8048,1.8339,1.863,1.863,1.8921,1.8921,1.7467,0.23441,1.6885,1.4558,1.3686,1.1941,1.0778,0.96145,0.8742,0.75788,0.67063,0.5543,0.35073,0.20533,0.43798,0.32165,0.23441,0.11808,0.001754,-0.11457,-0.2309,-0.31814,-0.84161,-0.92886,0.20533,-1.0161,-1.0743,-1.1615,-1.2197,-1.2778,-1.336,-1.3942,-1.4523,-1.4814,-1.5105,0.20533,-1.5396,-1.5396,-1.5687,-1.5687,-1.5396,-1.5396,-1.5105,-1.5105,-1.4814,-1.4523,0.20533,-1.3942,-1.3651,-1.336,-1.2778,-1.2197,-1.1906,-1.1033,-1.0452,-0.98702,-0.89978,0.20533,-0.84161,-0.75437,-0.66712,-0.57988,-0.52172,-0.43447,-0.34723,-0.25998,-0.20182,-0.11457,0.20533,-0.05641,0.030835,0.088999,0.14716,0.20533,0.23441,0.29257,0.32165,0.35073,0.37981,0.20533,0.4089,0.4089,0.43798,0.43798,0.4089,0.4089,0.4089,0.37981,0.37981,0.37981,0.20533,0.35073,0.35073,0.32165,0.32165,0.32165,0.32165,0.32165,0.32165,0.32165,0.32165,0.20533,0.32165,0.32165,0.32165,0.32165,0.32165,0.32165,0.32165,0.32165,0.32165,0.29257,0.23441,0.29257,0.26349,0.26349,0.26349,0.26349,0.26349,0.23441,0.26349,0.35073,0.23441,0.20533,0.17624,0.14716,0.11808,0.088999,0.059917,0.030835,0.001754,-0.05641,0.35073,-0.085491,-0.14365,-0.20182,-0.25998,-0.31814,-0.37631,-0.43447,-0.49263,-0.5508,-0.60896,0.35073,-0.66712,-0.69621,-0.75437,-0.81253,-0.84161,-0.89978,-0.92886,-0.98702,-1.0161,-1.0452,0.35073,-1.0743,-1.1033,-1.1324,-1.1615,-1.1906,-1.1906,-1.2197,-1.2197,-1.2488,-1.2488,0.35073,-1.2488,-1.2488,-1.2488,-1.2488,-1.2488,-1.2197,-1.1906,-1.1615,-1.1324,-1.0743,0.35073,-1.0452,-0.98702,-0.92886,-0.84161,-0.78345,-0.69621,-0.60896,-0.5508,-0.46355,-0.37631,2.0,2.0
-0.63402,-0.62178,-0.62178,-1.5765,-1.5486,-1.5242,-1.5051,-1.4771,-1.4578,-1.4336,-1.4057,-1.39,-1.3621,-0.62178,-1.3342,-1.3063,-1.2784,-1.2505,-1.2225,-1.1959,-1.179,-1.1511,-1.1232,-1.0952,-0.62178,-1.0673,-1.0394,-1.0115,-0.98361,-0.9557,-0.92779,-0.90772,-0.88422,-0.85631,-0.82913,-0.61174,-0.81273,-0.78898,-0.76915,-0.74883,-0.72558,-0.70869,-0.69424,-0.66854,-0.65458,-0.64063,-0.60954,-0.62667,-0.61272,-0.59877,-0.58506,-0.5831,-0.57282,-0.57282,-0.56572,-0.55176,-0.54833,-0.60954,-0.54833,-0.53609,-0.53267,-0.52385,-0.517,-0.50304,-0.49937,-0.48738,-0.47489,-0.47171,-0.60954,-0.45775,-0.45041,-0.44209,-0.42813,-0.42593,-0.41369,-0.41075,-0.40145,-0.39508,-0.38113,-0.60489,-0.36717,-0.36473,-0.35248,-0.34979,-0.33584,-0.328,-0.32017,-0.31576,-0.3045,-0.29055,-0.5973,-0.27659,-0.26264,-0.24868,-0.23473,-0.23008,-0.21906,-0.20511,-0.19115,-0.1772,-0.16325,-0.5973,-0.14929,-0.13534,-0.12138,-0.10743,-0.093474,-0.07952,-0.065566,-0.044512,-0.025417,-0.011462,-0.62178,-0.5973,0.002492,0.01816,0.042641,0.056595,0.070549,0.084504,0.10874,0.12465,0.14008,0.1648,-0.5973,0.17876,0.19932,0.21891,0.2429,0.27081,0.28647,0.31438,0.33764,0.35796,0.38587,-0.5973,0.40398,0.42944,0.45637,0.47302,0.50093,0.52272,0.5445,0.57241,0.60032,0.62823,-0.5973,0.65614,0.67989,0.69971,0.72762,0.75553,0.78344,0.79911,0.82702,0.85493,0.88283,-0.5973,0.91074,0.93865,0.96656,0.98223,1.0101,1.038,1.066,1.0939,1.113,1.1374,-0.60342,1.1653,1.1915,1.2089,1.2368,1.2647,1.2926,1.3103,1.3362,1.3641,1.3889,-0.60954,1.4077,1.429,1.4513,1.4692,1.4949,1.5105,1.5355,1.5541,1.5757,1.5896,-0.60954,1.6134,1.6298,1.6437,1.6577,1.6716,1.6856,1.6995,1.7135,1.7274,1.7414,-0.60954,1.7553,1.7693,1.7715,1.7651,1.7558,1.7309,1.7157,1.7017,1.6878,1.6738,-0.61027,1.6599,1.6459,1.632,1.6178,1.5918,1.5742,1.5517,1.5306,1.5115,1.4976,-0.62178,-0.62178,1.4714,1.4574,1.44,1.407,1.3788,1.3563,1.3284,1.3005,1.2848,1.2537,-0.62178,1.2168,1.1888,1.1693,1.1453,1.1174,1.1017,1.0679,1.026,1.0057,0.97782,-0.62178,0.94991,0.922,0.90634,0.87573,0.83828,0.81649,0.7947,0.77634,0.76239,0.73546,-0.62178,0.71,0.69604,0.67621,0.65589,0.64194,0.61697,0.60179,0.58784,0.57388,0.55993,-0.62178,0.55332,0.54426,0.54108,0.5166,0.51464,0.50068,0.49211,0.48502,0.47106,0.45711,-0.63279,0.44315,0.44315,0.44315,0.44315,0.44315,0.44315,0.44315,0.44315,0.44315,0.44315,-0.63402,0.44315,0.44315,0.44315,0.44315,0.44315,0.44315,0.44315,0.44315,0.44315,0.44315,-0.63402,0.44315,0.44315,0.45539,0.45539,0.45539,0.46151,0.46763,0.46763,0.47889,0.47987,-0.63402,0.48232,0.49211,0.49211,0.49211,0.49211,0.50313,0.50436,0.50436,0.50436,0.50436,-0.63402,0.50436,0.50436,0.50436,0.50436,0.50436,0.50436,0.50436,0.50436,-0.62178,-0.63402,-0.63402,-0.64479,-0.64626,-0.64626,-0.64626,-0.64626,-0.64626,-0.65507,-0.64797,-0.62178,-0.64626,-0.72827,-0.78433,-0.79829,-0.84651,-0.8874,-0.96304,-0.98875,-1.0086,-1.0815,-0.62178,-1.1408,-1.1812,-1.2593,-1.2928,-1.3068,-1.3868,-1.4566,-1.5078,-1.5281,-1.5479,-0.62178,-1.5619,-1.6218,-1.6397,-1.6649,-1.6789,-1.7173,-1.7714,-1.7942,-1.8532,-1.874,-0.62178,-1.9291,-1.9151,-1.9012,-1.8872,-1.8826,-1.8715,-1.8576,-1.8436,-1.8258,-1.8035,-0.62178,-1.7895,-1.7756,-1.7508,-1.7354,-1.7195,-1.6916,-1.6691,-1.648,-1.6201,-1.6027,4.0,2.0
-2.4092,-2.1584,-1.7291,-0.78472,-0.77576,-0.7668,-0.75784,-0.74888,-0.73993,-0.73097,-0.72201,-0.71305,-0.7041,-1.7037,-0.69514,-0.69362,-0.69241,-0.68345,-0.67449,-0.66553,-0.65658,-0.64807,-0.64807,-0.64489,-1.6793,-0.63593,-0.62697,-0.61801,-0.60905,-0.6001,-0.59114,-0.58218,-0.57322,-0.56427,-0.55531,-1.6703,-0.54635,-0.53739,-0.52844,-0.51948,-0.51052,-0.50156,-0.49261,-0.48365,-0.47469,-0.46573,-1.6574,-0.45678,-0.4507,-0.4507,-0.44508,-0.43613,-0.42717,-0.41821,-0.40925,-0.4003,-0.39134,-1.6395,-0.38238,-0.37342,-0.36447,-0.35551,-0.34655,-0.33759,-0.32864,-0.31968,-0.31072,-0.30176,-1.6282,-0.28673,-0.26882,-0.25971,-0.24817,-0.23025,-0.21765,-0.20869,-0.19169,-0.17378,-0.15586,-1.6193,-0.13794,-0.12003,-0.10211,-0.084199,-0.066284,-0.048369,-0.030453,-0.012538,0.005377,0.023292,-1.6103,0.041208,0.059123,0.077038,0.094953,0.10437,0.1156,0.13352,0.14642,0.15538,0.16434,-1.6046,0.17329,0.18225,0.19121,0.20017,0.20913,0.21732,0.21732,0.22082,0.22977,0.23873,-1.9732,-1.6046,0.24769,0.24769,0.24769,0.24769,0.25315,0.26211,0.26287,0.26287,0.26287,0.26758,-1.6046,0.27653,0.27805,0.27927,0.28823,0.29324,0.29324,0.29324,0.29369,0.30265,0.30842,-1.6046,0.30842,0.30842,0.30842,0.31707,0.3236,0.3236,0.32876,0.33772,0.34668,0.35564,-1.6046,0.36459,0.37355,0.38251,0.39147,0.40042,0.40938,0.41834,0.4273,0.43625,0.44521,-1.6021,0.45417,0.46024,0.46024,0.46586,0.47482,0.48377,0.49273,0.50169,0.51065,0.51961,-1.5932,0.52856,0.53615,0.53615,0.54025,0.54921,0.55134,0.55194,0.5609,0.56652,0.56652,-1.5894,0.57259,0.58155,0.5817,0.58428,0.59324,0.6022,0.61115,0.62011,0.63089,0.64881,-1.5894,0.66217,0.67113,0.68008,0.68904,0.698,0.71075,0.72867,0.74005,0.74901,0.75797,-1.5894,0.76996,0.78788,0.80002,0.80898,0.81794,0.8269,0.83585,0.84481,0.85377,0.86273,-1.5877,0.87169,0.88064,0.8896,0.89856,0.90752,0.91647,0.92543,0.93439,0.94335,0.9523,-1.9374,-1.5788,0.96126,0.97022,0.97644,0.97644,0.98191,0.99087,0.99982,1.0088,1.0177,1.022,-1.5698,1.022,1.0294,1.0372,1.0372,1.0372,1.0372,1.0372,1.0376,1.0466,1.0524,-1.5608,1.0524,1.0524,1.0524,1.061,1.0675,1.0675,1.0675,1.0675,1.0675,1.0675,-1.559,1.0675,1.0719,1.0809,1.0827,1.0827,1.0827,1.0827,1.0827,1.0891,1.0979,-1.5581,1.0979,1.1008,1.1097,1.1131,1.1131,1.1131,1.1152,1.1242,1.1283,1.1283,-1.5491,1.1283,1.1296,1.1386,1.1435,1.1435,1.1503,1.1586,1.1586,1.162,1.1709,-1.5402,1.1799,1.1888,1.1978,1.2068,1.2157,1.2247,1.2336,1.2426,1.2515,1.2605,-1.5312,1.2695,1.2784,1.2947,1.3115,1.3205,1.3332,1.3511,1.3691,1.3867,1.3956,-1.5223,1.4076,1.4255,1.4377,1.4466,1.4641,1.4797,1.4887,1.4977,1.5066,1.5156,-1.5133,1.5245,1.5335,1.5424,1.5514,1.5604,1.5693,1.5783,1.5802,-1.9015,-1.5044,-1.4954,-1.4864,-1.4719,-1.454,-1.4444,-1.4333,-1.4154,-1.4023,-1.3934,-1.8657,-1.3844,-1.3755,-1.3665,-1.3575,-1.3486,-1.3396,-1.3307,-1.3217,-1.3161,-1.3161,-1.8381,-1.31,-1.3011,-1.2921,-1.2857,-1.2857,-1.2804,-1.2715,-1.2625,-1.2535,-1.2446,-1.8092,-1.2311,-1.2132,-1.2025,-1.1925,-1.1746,-1.1567,-1.1388,-1.1209,-1.1029,-1.085,-1.7734,-1.0671,-1.0492,-1.0255,-0.99864,-0.98026,-0.96463,-0.95567,-0.9417,-0.92379,-0.90587,-1.747,-0.88947,-0.88052,-0.87156,-0.8626,-0.84666,-0.8295,-0.82055,-0.81159,-0.80263,-0.79367,3.0,2.0
0.19814,0.21635,0.26749,0.38883,0.46251,0.55178,0.62719,0.71474,0.78754,0.86555,0.9505,1.0233,1.0961,0.26749,1.1689,1.2322,1.2868,1.3527,1.4012,1.4506,1.5052,1.5451,1.5815,1.6179,0.27789,1.637,1.6552,1.6734,1.6916,1.7098,1.7193,1.7011,1.6829,1.6647,1.6465,0.28482,1.6283,1.6101,1.5919,1.5624,1.526,1.5026,1.4567,1.4168,1.3804,1.3275,0.28482,1.2729,1.2183,1.1637,1.1065,1.0337,0.9609,0.88809,0.81528,0.74247,0.66186,0.28482,0.57952,0.49718,0.41657,0.33249,0.24148,0.15047,0.073331,-0.014212,-0.10522,-0.17976,0.29869,-0.26991,-0.36005,-0.43459,-0.523,-0.59581,-0.66862,-0.74143,-0.81424,-0.88704,-0.95205,0.30216,-1.0067,-1.0613,-1.1159,-1.1592,-1.1956,-1.232,-1.2684,-1.3048,-1.3256,-1.3438,0.30216,-1.362,-1.3802,-1.3984,-1.414,-1.4106,-1.3967,-1.3915,-1.3733,-1.3551,-1.3369,0.30216,-1.3187,-1.291,-1.265,-1.2355,-1.2112,-1.18,-1.1436,-1.0925,-1.0535,-1.0006,0.23282,0.30216,-0.94598,-0.89051,-0.81944,-0.76223,-0.68942,-0.61661,-0.54381,-0.471,-0.39125,-0.30805,0.30129,-0.22657,-0.14509,-0.061884,0.029126,0.12014,0.19814,0.28482,0.37583,0.45124,0.54052,0.28309,0.61419,0.70433,0.77714,0.84995,0.91929,0.97823,1.0458,1.1065,1.1655,1.2097,0.26489,1.2643,1.3093,1.3457,1.3821,1.4064,1.4376,1.4602,1.4784,1.4966,1.5148,0.24668,1.533,1.5494,1.5312,1.513,1.4948,1.4723,1.4411,1.4168,1.3804,1.344,0.22415,1.3076,1.2617,1.2071,1.1525,1.0978,1.0432,0.97477,0.90196,0.82915,0.75634,0.18774,0.6662,0.59252,0.50151,0.4131,0.33683,0.24582,0.15481,0.063796,-0.027214,-0.11042,0.15134,-0.1919,-0.28291,-0.37392,-0.46493,-0.55594,-0.64695,-0.72409,-0.81164,-0.88704,-0.95985,0.11494,-1.0153,-1.0873,-1.1419,-1.1939,-1.2337,-1.284,-1.3204,-1.3568,-1.3932,-1.4218,0.070731,-1.4487,-1.4756,-1.4938,-1.512,-1.518,-1.518,-1.5042,-1.486,-1.4678,-1.4496,0.23282,0.024792,-1.4314,-1.395,-1.3586,-1.3222,-1.2823,-1.2277,-1.1731,-1.1185,-1.0639,-1.0093,-0.021146,-0.94598,-0.88271,-0.8177,-0.74489,-0.67209,-0.59928,-0.52647,-0.43893,-0.36352,-0.27424,-0.075753,-0.18323,-0.10956,-0.018546,0.072464,0.16347,0.25015,0.32816,0.41917,0.51018,0.59339,-0.13036,0.67486,0.75634,0.83955,0.91929,0.9921,1.0519,1.1204,1.1785,1.2175,1.2703,-0.18496,1.3076,1.344,1.3787,1.3969,1.4151,1.4333,1.4411,1.4229,1.4047,1.3787,-0.25257,1.3423,1.3059,1.2591,1.2045,1.1499,1.0952,1.0268,0.9687,0.89849,0.82568,-0.31151,0.75287,0.68007,0.60726,0.53445,0.46511,0.40617,0.33856,0.28395,0.22935,0.17474,-0.38085,0.1288,0.082865,0.03866,0.002256,-0.022013,-0.053217,-0.075753,-0.093955,-0.11216,-0.13036,-0.43806,-0.13123,-0.13123,-0.13123,-0.13123,-0.13123,-0.13123,-0.13123,-0.13123,-0.13123,-0.13123,-0.50913,-0.13123,-0.13123,-0.13123,-0.13123,-0.13123,-0.13123,-0.13123,-0.13123,0.23628,-0.58194,-0.65475,-0.72583,-0.78303,-0.85584,-0.92431,-0.98412,-1.0509,-1.1124,-1.1774,0.25015,-1.2233,-1.2693,-1.3135,-1.3499,-1.3863,-1.4227,-1.4591,-1.4808,-1.499,-1.5172,0.25015,-1.5354,-1.5536,-1.5701,-1.5727,-1.5874,-1.5831,-1.5649,-1.5527,-1.5458,-1.5276,0.25622,-1.5094,-1.4816,-1.4452,-1.4088,-1.3724,-1.336,-1.2858,-1.2459,-1.1939,-1.1393,0.26749,-1.0847,-1.0127,-0.95638,-0.88618,-0.8281,-0.7553,-0.68769,-0.62701,-0.55421,-0.4814,0.26749,-0.40859,-0.33578,-0.25257,-0.17283,-0.10002,-0.014212,0.06293,0.13574,0.22415,0.29869,0.0,2.0
-2.2892,-2.212,-1.9649,-0.78944,-0.78944,-0.78944,-0.78944,-0.78944,-0.78944,-0.79021,-0.80226,-0.80226,-0.80226,-1.926,-0.80226,-0.80085,-0.78944,-0.78944,-0.78765,-0.7747,-0.76176,-0.74881,-0.73586,-0.72292,-1.8872,-0.70997,-0.69703,-0.68408,-0.67113,-0.65511,-0.63242,-0.62281,-0.61589,-0.59358,-0.57692,-1.8483,-0.55103,-0.52911,-0.51206,-0.4904,-0.47309,-0.45169,-0.43413,-0.41298,-0.40003,-0.38209,-1.8113,-0.36132,-0.35363,-0.34825,-0.32979,-0.30954,-0.29659,-0.28364,-0.2707,-0.25775,-0.24481,-1.7835,-0.23186,-0.21891,-0.20597,-0.19302,-0.187,-0.187,-0.17982,-0.16687,-0.15393,-0.14854,-1.7446,-0.14085,-0.1279,-0.11496,-0.11009,-0.10188,-0.088938,-0.084451,-0.075863,-0.062917,-0.058815,-1.708,-0.049843,-0.036896,-0.02395,-0.011004,0.001942,0.014889,0.027835,0.040781,0.043729,0.043729,-1.6798,0.043729,0.054112,0.056547,0.056547,0.056547,0.056547,0.056547,0.056547,0.056547,0.056547,-1.6434,0.045011,0.043729,0.043729,0.043729,0.043729,0.043729,0.043729,0.043729,0.043729,0.043729,-2.1861,-1.6149,0.043729,0.043729,0.043729,0.043729,0.043729,0.043088,0.030911,0.030911,0.030911,0.030911,-1.5788,0.030911,0.029501,0.018093,0.018093,0.018093,0.018093,0.020144,0.030911,0.030911,0.033347,-1.5585,0.043729,0.043729,0.046549,0.056547,0.059624,0.069365,0.072698,0.085644,0.09859,0.11154,-1.5526,0.12448,0.13743,0.14627,0.1505,0.16345,0.17191,0.17191,0.17665,0.1896,0.20254,-1.5298,0.21549,0.22844,0.24138,0.25433,0.26728,0.28022,0.29317,0.31214,0.33188,0.33854,-1.5137,0.34495,0.3579,0.37085,0.39059,0.43032,0.46096,0.4739,0.49416,0.51261,0.518,-1.4911,0.52569,0.54645,0.5644,0.58542,0.60311,0.61606,0.63746,0.65477,0.66771,0.69835,-1.4782,0.71924,0.72309,0.73231,0.7359,0.7359,0.7359,0.7359,0.7359,0.7359,0.74603,-1.4652,0.74872,0.74872,0.74872,0.74872,0.74872,0.73783,0.7359,0.7359,0.7359,0.7359,-1.4523,0.72437,0.72309,0.72309,0.72309,0.72309,0.72309,0.72309,0.72309,0.72309,0.7104,-2.1602,-1.4432,0.71027,0.71027,0.71027,0.71027,0.70975,0.69745,0.69745,0.69745,0.69745,0.69745,-1.4392,0.69745,0.69745,0.69745,0.69912,0.71027,0.71027,0.71232,0.72309,0.72539,0.73834,-1.4303,0.75129,0.76423,0.77718,0.79012,0.80307,0.81602,0.82563,0.82909,0.84204,0.85498,-1.4303,0.86793,0.88088,0.89792,0.91959,0.93253,0.94548,0.96304,0.97945,0.98432,0.99726,-1.4303,1.0051,1.0051,1.0105,1.0179,1.0179,1.0237,1.0307,1.0307,1.0307,1.0307,-1.4259,1.0307,1.0307,1.0307,1.0307,1.0307,1.0307,1.0235,1.0179,1.0179,1.0179,-1.4175,1.0179,1.0179,1.0179,1.0179,1.0671,1.1698,1.3032,1.3855,1.4286,1.4674,-1.4128,1.5063,1.5542,1.5968,1.6356,1.6744,1.7229,1.7649,1.8038,1.8426,1.8815,-1.3998,1.9716,2.0128,2.0387,2.0753,2.1033,2.1292,2.1441,2.1682,2.1941,2.2086,-1.3869,2.2331,2.2473,2.2602,2.2613,2.2733,2.2862,2.2992,2.2873,-2.1343,-1.3739,-1.361,-1.3481,-1.3351,-1.3165,-1.2906,-1.2647,-1.2509,-1.2447,-1.2192,-2.1078,-1.1868,-1.1609,-1.135,-1.1023,-1.0704,-1.0445,-1.0186,-1.0,-0.97966,-0.95377,-2.0689,-0.94326,-0.93544,-0.9225,-0.90955,-0.8966,-0.89199,-0.88353,-0.87917,-0.87045,-0.86635,-2.031,-0.86635,-0.86635,-0.86635,-0.86635,-0.86635,-0.86635,-0.86635,-0.87622,-0.87917,-0.87917,-2.0041,-0.86892,-0.86635,-0.86635,-0.86635,-0.85559,-0.85353,-0.85353,-0.85353,-0.84225,-0.84072,-1.9687,-0.82918,-0.8279,-0.8279,-0.81598,-0.81508,-0.81508,-0.80277,-0.80226,-0.80226,-0.78957,3.0,2.0
1.9413,1.8877,1.6788,-0.35378,-0.37385,-0.39392,-0.41399,-0.44023,-0.46441,-0.48448,-0.51021,-0.53697,-0.56373,1.6469,-0.59049,-0.61879,-0.65224,-0.68105,-0.70884,-0.74229,-0.77162,-0.79889,-0.83234,-0.86579,1.6202,-0.89924,-0.93268,-0.96613,-0.99958,-1.0269,-1.0562,-1.0896,-1.1174,-1.1462,-1.1797,1.5888,-1.208,-1.2363,-1.2697,-1.2986,-1.3253,-1.3521,-1.3788,-1.4051,-1.4251,-1.4452,1.5543,-1.4653,-1.4853,-1.5054,-1.5255,-1.5394,-1.5553,-1.5754,-1.5841,-1.5929,-1.6063,1.5142,-1.6145,-1.6227,-1.6361,-1.6449,-1.6505,-1.6505,-1.6546,-1.6608,-1.6608,-1.6608,1.4781,-1.6608,-1.6608,-1.6577,-1.651,-1.6505,-1.648,-1.6413,-1.6346,-1.6279,-1.6212,1.4442,-1.6094,-1.5975,-1.5908,-1.5795,-1.5661,-1.5528,-1.5394,-1.5255,-1.5054,-1.4889,1.404,-1.4756,-1.4555,-1.4354,-1.4154,-1.3953,-1.3752,-1.3552,-1.3407,-1.3253,-1.3052,1.3603,-1.28,-1.2548,-1.2347,-1.2147,-1.1946,-1.1745,-1.1545,-1.1344,-1.1143,-1.0943,1.8558,1.3135,-1.0742,-1.0474,-1.0238,-1.0037,-0.98363,-0.96099,-0.93423,-0.91313,-0.891,-0.86424,1.2733,-0.84263,-0.82102,-0.79426,-0.77213,-0.75104,-0.72428,-0.70164,-0.68157,-0.6615,-0.64143,1.2332,-0.62136,-0.60129,-0.58122,-0.56116,-0.54109,-0.52359,-0.51021,-0.49117,-0.47316,-0.45978,1.1931,-0.44126,-0.42273,-0.40935,-0.39598,-0.3826,-0.36922,-0.35995,-0.35275,-0.33937,-0.32959,1.1467,-0.32291,-0.30953,-0.29923,-0.29254,-0.28586,-0.28174,-0.28174,-0.27608,-0.26939,-0.2627,1.1025,-0.26116,-0.25961,-0.25292,-0.24623,-0.23954,-0.23285,-0.22616,-0.21947,-0.21278,-0.2061,1.0623,-0.19941,-0.19272,-0.18603,-0.17934,-0.16647,-0.15567,-0.14898,-0.13663,-0.12325,-0.10987,1.0222,-0.096489,-0.08311,-0.069731,-0.056352,-0.042973,-0.029594,-0.016214,-0.002321,0.017748,0.034214,0.98207,0.047594,0.067662,0.084643,0.098023,0.1114,0.12735,0.14742,0.16183,0.17521,0.18859,0.94194,0.20197,0.21535,0.22873,0.24211,0.25548,0.26886,0.27813,0.28533,0.29871,0.30849,1.8491,0.9018,0.31518,0.32856,0.33885,0.34554,0.35223,0.35892,0.3656,0.37229,0.37898,0.38567,0.86321,0.39236,0.39905,0.40574,0.4078,0.40883,0.41552,0.42221,0.4289,0.43559,0.44228,0.82976,0.44897,0.45566,0.46235,0.46904,0.47573,0.48241,0.4891,0.49579,0.50248,0.50917,0.79631,0.51586,0.5241,0.53748,0.55085,0.56423,0.57761,0.59099,0.60437,0.61775,0.63113,0.76286,0.64451,0.66458,0.68465,0.70471,0.72478,0.74485,0.76492,0.79065,0.81741,0.84417,0.72941,0.86578,0.88893,0.92238,0.9512,0.97796,1.0047,1.0356,1.0685,1.0953,1.1256,0.69597,1.1591,1.1925,1.2229,1.2497,1.2826,1.3135,1.3402,1.367,1.3937,1.4205,0.66303,1.4473,1.474,1.5008,1.5229,1.544,1.5708,1.5934,1.614,1.6407,1.6639,0.63627,1.684,1.6973,1.7138,1.7339,1.7478,1.7611,1.7745,1.7879,1.8013,1.8147,0.60952,1.8229,1.8296,1.8363,1.843,1.8497,1.8563,1.863,1.8697,1.8363,0.58276,0.54931,0.52513,0.51175,0.50454,0.49785,0.49116,0.46749,0.44691,0.44022,1.8126,0.43353,0.42221,0.39545,0.37795,0.36458,0.3512,0.33782,0.32444,0.31106,0.29408,1.7725,0.27401,0.24725,0.22667,0.21329,0.19373,0.17109,0.14433,0.1289,0.11552,0.10214,1.7493,0.083614,0.065089,0.05171,0.029069,0.005398,-0.001292,-0.012098,-0.024962,-0.031652,-0.049148,1.7292,-0.075906,-0.095975,-0.10987,-0.11656,-0.14177,-0.16853,-0.19529,-0.19941,-0.20146,-0.20815,1.7092,-0.21999,-0.23182,-0.23851,-0.24983,-0.26321,-0.27659,-0.28997,-0.30387,-0.32393,-0.3404,1.0,2.0
1.4026,1.2918,1.0912,1.8139,1.8416,1.8693,1.897,1.9247,1.9362,1.9362,1.9092,1.8815,1.8539,1.0912,1.6361,1.3896,1.3065,1.2082,1.0975,0.9606,0.82218,0.68375,0.28227,-0.17126,1.0912,-0.30968,-0.43376,-0.5445,-0.63,-0.72151,-0.83225,-0.92364,-1.0067,-1.0898,-1.1594,1.0871,-1.2147,-1.2701,-1.3255,-1.3808,-1.4177,-1.4454,-1.4731,-1.5008,-1.5285,-1.5327,1.0594,-1.5327,-1.5327,-1.5327,-1.5319,-1.5043,-1.4766,-1.4489,-1.3986,-1.3433,-1.2879,1.0468,-1.2325,-1.1771,-1.0942,-1.0111,-0.92809,-0.82336,-0.71262,-0.60188,-0.49114,-0.3804,1.0468,-0.26966,-0.15892,-0.048175,0.062565,0.1733,0.28404,0.37989,0.46294,0.57179,0.67352,1.0468,0.75658,0.85954,0.96405,1.0194,1.0888,1.1719,1.23,1.2854,1.3407,1.3961,1.0468,1.4493,1.4769,1.5046,1.5323,1.56,1.5805,1.5805,1.5805,1.5805,1.5805,1.0468,1.4337,1.1015,0.95427,0.84986,0.76681,0.66652,0.55534,0.41691,0.28983,0.17909,1.2247,1.0468,0.068346,-0.10777,-0.55073,-0.79756,-0.9083,-0.9918,-1.0749,-1.1579,-1.2196,-1.275,1.0435,-1.3304,-1.3857,-1.4411,-1.4965,-1.5423,-1.57,-1.5976,-1.6253,-1.653,-1.6661,1.0159,-1.6661,-1.6916,-1.7106,-1.7106,-1.691,-1.6661,-1.6661,-1.6525,-1.6248,-1.5971,0.98818,-1.5694,-1.5417,-1.4954,-1.4419,-1.4142,-1.3737,-1.3183,-1.2393,-1.1631,-1.1078,0.96049,-1.0346,-0.95155,-0.8685,-0.78544,-0.70239,-0.59654,-0.4918,-0.40875,-0.32569,-0.24253,0.93281,-0.13179,-0.032054,0.051001,0.15596,0.26159,0.34464,0.4277,0.51075,0.59381,0.67686,0.90512,0.75991,0.84297,0.92602,1.0091,1.0921,1.1752,1.2322,1.2876,1.343,1.3983,0.87744,1.4537,1.5091,1.5502,1.5779,1.6056,1.6333,1.661,1.6886,1.7139,1.7139,0.84975,1.2736,0.35998,0.17353,0.097921,0.042551,-0.012819,-0.068189,-0.12356,-0.17893,-0.2343,0.81973,-0.28967,-0.34504,-0.40041,-0.43832,-0.46667,-0.52204,-0.56585,-0.59354,-0.62122,-0.64891,1.2247,0.76436,-0.67659,-0.70428,-0.73196,-0.73218,-0.74286,-0.77054,-0.77666,-0.77666,-0.77666,-0.77666,0.70899,-0.77666,-0.77666,-0.76687,-0.73919,-0.73218,-0.73218,-0.73218,-0.7174,-0.68971,-0.68771,0.65362,-0.67881,-0.65113,-0.62344,-0.59576,-0.56807,-0.54039,-0.51271,-0.48502,-0.45734,-0.42965,0.59825,-0.40197,-0.37217,-0.3168,-0.27444,-0.24675,-0.21907,-0.18427,-0.1289,-0.091537,-0.063852,0.53554,-0.036167,-0.008482,0.019203,0.046888,0.074573,0.10226,0.12994,0.15763,0.18531,0.213,0.45249,0.24068,0.26837,0.29605,0.32374,0.35142,0.37911,0.40679,0.42414,0.42414,0.44537,0.36943,0.46416,0.43648,0.42414,0.42414,0.3979,0.37966,0.37966,0.37966,0.37966,0.37966,0.28638,0.37966,0.37966,0.37966,0.37966,0.37966,0.36021,0.33519,0.33519,0.33519,0.33519,0.20332,0.33519,0.33519,0.33519,0.33519,0.33519,0.33519,0.33519,0.33519,0.35876,0.37966,0.12027,0.37966,0.37966,0.37966,0.37966,0.36788,0.34019,0.31251,0.29072,1.2029,0.037214,-0.04584,-0.1289,-0.21195,-0.29501,-0.37862,-0.48936,-0.58864,-0.6717,-0.75475,1.1752,-0.83225,-0.88762,-0.95945,-1.0425,-1.0982,-1.1536,-1.2089,-1.2429,-1.2705,-1.2982,1.1475,-1.3259,-1.3536,-1.3548,-1.3548,-1.3548,-1.3342,-1.3066,-1.2789,-1.2512,-1.2235,1.1357,-1.1703,-1.1149,-1.0595,-0.98446,-0.90141,-0.81835,-0.72151,-0.61077,-0.50003,-0.3814,1.1357,-0.24297,-0.12334,-0.010595,0.12783,0.26625,0.40468,0.5431,0.67453,0.78527,0.91391,1.1089,1.0512,1.162,1.2607,1.3437,1.4268,1.5099,1.5929,1.659,1.7143,1.7697,2.0,2.0
0.55708,0.53709,0.53709,0.79695,0.8795,0.96206,1.0446,1.1196,1.1897,1.2634,1.3348,1.4072,1.4691,0.53709,1.531,1.5808,1.6349,1.6833,1.7246,1.7659,1.8072,1.8324,1.8697,1.8937,0.53709,1.9143,1.9163,1.9356,1.9363,1.9157,1.8951,1.8725,1.8338,1.81,1.7649,0.53709,1.7074,1.661,1.6049,1.5572,1.4953,1.4256,1.3514,1.2895,1.2179,1.1354,0.53709,1.0528,0.97025,0.8877,0.80514,0.72259,0.62579,0.53749,0.4394,0.3524,0.26984,0.53709,0.18729,0.086597,0.002194,-0.080359,-0.16301,-0.26471,-0.32802,-0.41057,-0.49313,-0.57568,0.53709,-0.65424,-0.71615,-0.78336,-0.85997,-0.92189,-0.9838,-1.0378,-1.0876,-1.1404,-1.1915,0.52605,-1.2324,-1.2642,-1.3055,-1.3343,-1.3549,-1.3756,-1.3962,-1.4169,-1.4218,-1.4381,0.51711,-1.4418,-1.4418,-1.4418,-1.4229,-1.4218,-1.4016,-1.38,-1.3403,-1.3175,-1.2762,0.51711,-1.2314,-1.1736,-1.1276,-1.0711,-1.0237,-0.96181,-0.8999,-0.82994,-0.75608,-0.69416,0.53709,0.51711,-0.62225,-0.5397,-0.45715,-0.38654,-0.31203,-0.22948,-0.14692,-0.064368,0.018185,0.10074,0.51711,0.18329,0.26585,0.3484,0.43095,0.49442,0.57607,0.65863,0.74013,0.80374,0.88395,0.51711,0.94586,1.0078,1.0697,1.1267,1.1735,1.2292,1.2705,1.3042,1.333,1.3655,0.51711,1.3956,1.4267,1.4474,1.468,1.4645,1.4438,1.4232,1.4026,1.3819,1.3613,0.51711,1.3247,1.2834,1.2421,1.2008,1.1595,1.099,1.057,0.9752,0.91208,0.82953,0.51711,0.74698,0.66442,0.57807,0.47933,0.39168,0.29423,0.20528,0.10209,0.006592,-0.084307,0.51711,-0.1875,-0.28105,-0.37389,-0.46614,-0.5487,-0.64349,-0.73379,-0.8028,-0.87891,-0.96146,0.51711,-1.0285,-1.1066,-1.1723,-1.2343,-1.2962,-1.3581,-1.42,-1.4819,-1.5231,-1.5644,0.53529,-1.6057,-1.647,-1.6883,-1.7256,-1.7462,-1.7721,-1.8075,-1.8281,-1.8488,-1.8694,0.53709,-1.8731,-1.8524,-1.822,-1.7911,-1.7594,-1.7181,-1.6645,-1.6026,-1.5543,-1.4987,0.53709,0.3422,-1.4368,-1.3592,-1.293,-1.2141,-1.1492,-1.069,-0.98645,-0.9039,-0.82134,-0.73879,0.27694,-0.65624,-0.57368,-0.49113,-0.40857,-0.32602,-0.24347,-0.16091,-0.07836,0.004193,0.086747,0.23566,0.1693,0.25185,0.33441,0.41696,0.49951,0.57082,0.64463,0.71464,0.78975,0.84462,0.19294,0.90039,0.9623,1.0084,1.0661,1.111,1.1345,1.1735,1.1958,1.2164,1.2367,0.13102,1.2357,1.2151,1.1921,1.1508,1.1096,1.064,1.0021,0.94022,0.8783,0.81639,0.069107,0.74698,0.67257,0.60186,0.52875,0.45674,0.38493,0.32301,0.27314,0.23187,0.17725,0.007192,0.12932,0.10269,0.066758,0.041422,0.020784,-0.017095,-0.040482,-0.06112,-0.062569,-0.082408,-0.054724,-0.10305,-0.12254,-0.12254,-0.12254,-0.12254,-0.12254,-0.11814,-0.10255,-0.10255,-0.10255,-0.11664,-0.10255,-0.10255,-0.10255,-0.10255,-0.10255,-0.11279,-0.12254,-0.12254,-0.12254,-0.13538,-0.1839,-0.14252,-0.14252,-0.14252,-0.15797,-0.16251,-0.16251,-0.14512,-0.14252,0.53709,-0.26046,-0.32902,-0.40428,-0.46619,-0.5367,-0.61001,-0.67193,-0.7233,-0.77577,-0.83768,0.53709,-0.88711,-0.92838,-0.96966,-1.0109,-1.0522,-1.0935,-1.1184,-1.139,-1.1597,-1.1803,0.53709,-1.2009,-1.2216,-1.2422,-1.2619,-1.2635,-1.2819,-1.2819,-1.2783,-1.2577,-1.2371,0.53709,-1.2164,-1.1958,-1.1683,-1.1345,-1.1058,-1.0645,-1.0138,-0.96196,-0.90999,-0.84808,0.53709,-0.78616,-0.72425,-0.64904,-0.58043,-0.50392,-0.42137,-0.35471,-0.27625,-0.1937,-0.11114,0.53709,-0.028588,0.053965,0.13652,0.21907,0.30163,0.38418,0.46673,0.54929,0.63184,0.71439,0.0,2.0
-0.54729,-0.57651,-0.60642,-1.9909,-2.0396,-2.08,-2.0897,-2.0994,-2.1092,-2.0563,-1.9686,-1.9394,-1.9199,-0.59947,-1.9005,-1.881,-1.8615,-1.842,-1.8225,-1.8031,-1.7836,-1.7641,-1.7432,-1.714,-0.59947,-1.6848,-1.6556,-1.6319,-1.6124,-1.5853,-1.5561,-1.5269,-1.4956,-1.4566,-1.4218,-0.59947,-1.3926,-1.3634,-1.3341,-1.2966,-1.2583,-1.2291,-1.1971,-1.1581,-1.124,-1.0948,-0.59947,-1.0586,-1.0197,-0.98072,-0.94315,-0.91393,-0.88123,-0.84227,-0.80888,-0.77966,-0.74278,-0.59947,-0.70382,-0.6746,-0.64538,-0.61616,-0.58694,-0.55772,-0.5285,-0.49928,-0.47841,-0.45893,-0.59947,-0.43945,-0.41997,-0.40049,-0.38101,-0.36153,-0.34205,-0.32257,-0.31213,-0.301,-0.28152,-0.59042,-0.26552,-0.25578,-0.24604,-0.2363,-0.22656,-0.21682,-0.20708,-0.19943,-0.19943,-0.19525,-0.58207,-0.18551,-0.17577,-0.16603,-0.16464,-0.16394,-0.1542,-0.14725,-0.14725,-0.14238,-0.13264,-0.58207,-0.1229,-0.11316,-0.10342,-0.093677,-0.083937,-0.077676,-0.077676,-0.07211,-0.06237,-0.05263,-0.59947,-0.58207,-0.04289,-0.04289,-0.040803,-0.031063,-0.025497,-0.025497,-0.019235,-0.009495,0.000245,0.009985,-0.58207,0.019725,0.029465,0.039205,0.048945,0.058685,0.075382,0.094863,0.1053,0.11643,0.13591,-0.58207,0.15191,0.16165,0.17696,0.19644,0.21592,0.2354,0.25488,0.27436,0.29384,0.31332,-0.58207,0.3328,0.35228,0.37176,0.39124,0.41072,0.4302,0.44968,0.46916,0.48864,0.50812,-0.57442,0.5276,0.54708,0.5756,0.60343,0.62291,0.64239,0.66187,0.68692,0.71614,0.73771,-0.56468,0.75719,0.78641,0.81354,0.83302,0.85667,0.8859,0.90885,0.92833,0.95616,0.98469,-0.56468,1.0042,1.0264,1.0557,1.08,1.0995,1.1259,1.1551,1.1753,1.1948,1.2143,-0.56468,1.2372,1.2665,1.2901,1.3096,1.3291,1.3485,1.3778,1.4049,1.4244,1.4439,-0.56468,1.4633,1.4828,1.5023,1.5218,1.5413,1.5607,1.5802,1.5997,1.6143,1.6241,-0.56468,1.6408,1.6602,1.6707,1.6818,1.7013,1.7173,1.727,1.7368,1.7465,1.7562,-0.59947,-0.56468,1.766,1.727,1.6484,1.4244,1.2838,1.2546,1.2254,1.1962,1.1753,1.1551,-0.55842,1.1259,1.0995,1.08,1.0557,1.0264,1.0042,0.98469,0.96521,0.94573,0.92625,-0.54868,0.90677,0.88729,0.86781,0.84833,0.8365,0.82676,0.80728,0.78989,0.78015,0.77041,-0.54729,0.76067,0.75093,0.74119,0.73145,0.72171,0.71197,0.70223,0.69249,0.68762,0.68762,-0.54729,0.68066,0.67092,0.67022,0.6744,0.70362,0.73284,0.76206,0.77458,0.77458,0.78223,-0.54729,0.79197,0.79197,0.79406,0.8038,0.80937,0.80937,0.81563,0.82537,0.82676,0.82745,-0.54729,0.83719,0.84415,0.84415,0.84902,0.85876,0.86154,0.86154,0.87059,0.87894,0.87894,-0.54729,0.88242,0.89216,0.9019,0.91164,0.91372,0.91372,0.92346,0.9332,0.94294,0.95268,-0.54729,0.96242,0.9659,0.9659,0.97425,0.98399,0.99373,1.0035,1.0132,1.023,1.0327,-0.54729,1.0424,1.0522,1.0529,1.0543,1.064,1.0737,1.0835,1.0932,-0.59947,-0.54729,-0.54729,-0.54729,-0.54729,-0.54729,-0.54729,-0.54729,-0.55285,-0.56259,-0.56468,-0.59947,-0.56468,-0.56468,-0.56468,-0.56468,-0.56885,-0.57859,-0.57581,-0.56607,-0.56468,-0.56468,-0.59947,-0.56468,-0.5619,-0.55216,-0.54729,-0.54729,-0.55424,-0.56398,-0.56468,-0.57859,-0.67599,-0.59947,-0.74557,-0.76505,-0.78453,-0.80401,-0.86175,-0.92993,-0.94941,-0.98141,-1.0593,-1.1122,-0.60781,-1.1317,-1.195,-1.2827,-1.3202,-1.3488,-1.3682,-1.4072,-1.4949,-1.5484,-1.5679,-0.61616,-1.6152,-1.6737,-1.7231,-1.769,-1.7982,-1.8239,-1.8434,-1.8852,-1.9436,-1.9714,4.0,2.0
0.16564,0.16564,0.18546,1.0871,1.1398,1.1924,1.2419,1.277,1.3121,1.3311,1.3486,1.3662,1.3837,0.18546,1.3943,1.3943,1.3919,1.3744,1.3569,1.3393,1.3087,1.2736,1.23,1.1774,0.18546,1.1248,1.0722,1.0196,0.95001,0.87985,0.8097,0.73955,0.66939,0.59369,0.506,0.18546,0.4193,0.34915,0.26274,0.17505,0.075668,-0.020148,-0.10784,-0.19553,-0.28322,-0.37062,0.17773,-0.44077,-0.52648,-0.60089,-0.68205,-0.76102,-0.83117,-0.90132,-0.9696,-1.0222,-1.092,0.16019,-1.1621,-1.2197,-1.2723,-1.3249,-1.3718,-1.4069,-1.4419,-1.477,-1.5121,-1.533,0.14265,-1.5505,-1.5681,-1.5856,-1.593,-1.5783,-1.5778,-1.5602,-1.5427,-1.5117,-1.4766,0.12511,-1.4415,-1.3998,-1.3472,-1.2946,-1.242,-1.172,-1.1019,-1.0445,-0.98139,-0.91123,0.10757,-0.84108,-0.77459,-0.72059,-0.65044,-0.58028,-0.49576,-0.42016,-0.35001,-0.27232,-0.18463,0.090036,-0.09694,-0.009943,0.060211,0.14632,0.22033,0.30188,0.38046,0.45061,0.52076,0.58864,0.16564,0.072497,0.64125,0.71141,0.78156,0.83873,0.90205,0.96378,1.0164,1.069,1.1216,1.1742,0.054959,1.21,1.2451,1.2802,1.3152,1.3503,1.3799,1.3975,1.4159,1.451,1.4699,0.028107,1.4875,1.4934,1.4841,1.4665,1.4443,1.4092,1.3741,1.339,1.2885,1.2359,6.5e-05,1.1724,1.1108,1.0519,0.97765,0.89174,0.82159,0.7344,0.6467,0.55901,0.47132,-0.022229,0.38363,0.29029,0.18506,0.08092,-0.006772,-0.11081,-0.20197,-0.28966,-0.37736,-0.46505,-0.057306,-0.55274,-0.64043,-0.72852,-0.83375,-0.92332,-1.011,-1.0987,-1.1864,-1.2741,-1.3575,-0.092382,-1.4277,-1.4978,-1.568,-1.6232,-1.6631,-1.6982,-1.7251,-1.7485,-1.7765,-1.7777,-0.12746,-1.7953,-1.8128,-1.8018,-1.7843,-1.7667,-1.7418,-1.7067,-1.6716,-1.6365,-1.6015,-0.17799,-1.5505,-1.4979,-1.4453,-1.3927,-1.3401,-1.283,-1.2129,-1.1427,-1.0725,-0.98723,-0.21743,-0.91242,-0.83167,-0.74398,-0.65024,-0.54877,-0.46108,-0.37339,-0.2857,-0.18354,-0.0905,0.16564,-0.26341,-0.002808,0.084883,0.17257,0.26027,0.34796,0.43565,0.52334,0.59726,0.67891,0.75738,-0.31602,0.82754,0.89303,0.94803,1.0181,1.0707,1.1233,1.1759,1.2285,1.2812,1.3275,-0.36864,1.3666,1.4175,1.4526,1.4707,1.5029,1.5256,1.5431,1.5607,1.5782,1.5925,-0.41719,1.5915,1.574,1.5727,1.5587,1.5412,1.5236,1.5061,1.4885,1.4684,1.4334,-0.45405,1.3983,1.3632,1.3281,1.282,1.2294,1.1833,1.144,1.0914,1.0388,1.0033,-0.50666,0.95338,0.90076,0.84815,0.80356,0.76273,0.71012,0.65869,0.62362,0.57209,0.53365,-0.55928,0.49857,0.46349,0.43575,0.41316,0.38085,0.36332,0.34578,0.32824,0.3107,0.29316,-0.59713,0.28454,0.2779,0.26473,0.26473,0.26473,0.24739,0.22985,0.22509,0.21459,0.20527,-0.64469,0.19933,0.18546,0.18546,0.18546,0.16881,0.16564,0.15355,0.14582,0.13829,0.126,-0.69731,0.126,0.12531,0.10777,0.10619,0.10619,0.094792,0.08637,0.08637,0.16564,-0.74992,-0.80254,-0.85515,-0.90668,-0.94175,-0.99318,-1.0458,-1.0866,-1.1217,-1.1568,0.16564,-1.1918,-1.2269,-1.2616,-1.2791,-1.2967,-1.3142,-1.3318,-1.3493,-1.3668,-1.3844,0.16564,-1.3999,-1.3999,-1.3827,-1.3801,-1.3547,-1.3301,-1.2963,-1.2495,-1.2109,-1.1583,0.16564,-1.1056,-1.053,-1.0004,-0.93581,-0.86565,-0.80293,-0.74516,-0.67214,-0.58504,-0.51489,0.16722,-0.42888,-0.35476,-0.27331,-0.18562,-0.097931,-0.01024,0.077452,0.16514,0.25283,0.34053,0.18476,0.41534,0.49609,0.57546,0.64561,0.71577,0.78592,0.85607,0.92623,0.98191,1.0345,0.0,2.0
1.9042,1.5816,1.2602,-0.77111,-0.78972,-0.80421,-0.81496,-0.82572,-0.84096,-0.85882,-0.87238,-0.89192,-0.9038,1.2386,-0.92531,-0.94682,-0.96832,-0.98983,-1.0113,-1.0328,-1.0543,-1.0759,-1.0974,-1.1189,1.2171,-1.1369,-1.1503,-1.1718,-1.1923,-1.2032,-1.2247,-1.2362,-1.247,-1.2577,-1.2685,1.1943,-1.2792,-1.29,-1.3007,-1.3115,-1.3189,-1.3214,-1.3305,-1.3313,-1.3421,-1.3528,1.1513,-1.3537,-1.3627,-1.3653,-1.3653,-1.3718,-1.3769,-1.3769,-1.3809,-1.3885,-1.3908,1.1294,-1.4015,-1.4117,-1.4117,-1.4222,-1.4329,-1.4349,-1.4429,-1.4536,-1.4581,-1.4581,1.1177,-1.4534,-1.4427,-1.4319,-1.4212,-1.4104,-1.3992,-1.3777,-1.3665,-1.3558,-1.345,1.0713,-1.3265,-1.3119,-1.3012,-1.2851,-1.2681,-1.2573,-1.2438,-1.2242,-1.2124,-1.1909,1.0417,-1.1694,-1.1479,-1.1263,-1.1048,-1.0833,-1.0618,-1.0403,-1.0188,-1.0016,-0.98739,0.99856,-0.9685,-0.95597,-0.9354,-0.92464,-0.91389,-0.90314,-0.89238,-0.88995,-0.88247,-0.87172,1.5366,0.96393,-0.86096,-0.85021,-0.83946,-0.8287,-0.81795,-0.8072,-0.79644,-0.78569,-0.77493,-0.76418,0.93135,-0.75343,-0.74267,-0.73192,-0.72117,-0.71604,-0.71126,-0.7005,-0.68975,-0.68126,-0.67984,0.90242,-0.66908,-0.65833,-0.65807,-0.64842,-0.64647,-0.6385,-0.63488,-0.63488,-0.62943,-0.62329,0.88781,-0.61952,-0.61169,-0.60961,-0.59885,-0.5881,-0.57735,-0.56659,-0.55584,-0.54508,-0.53433,0.85425,-0.52358,-0.51282,-0.50207,-0.49132,-0.48056,-0.46981,-0.45906,-0.4483,-0.43755,-0.4268,0.79842,-0.41604,-0.40529,-0.39454,-0.38378,-0.36625,-0.35068,-0.33993,-0.32918,-0.315,-0.29608,0.77825,-0.28532,-0.27457,-0.26376,-0.24225,-0.23071,-0.21996,-0.20921,-0.19845,-0.18109,-0.16535,0.767,-0.1546,-0.14385,-0.13309,-0.12234,-0.11159,-0.099384,-0.067124,-0.034864,-0.022198,-0.011444,0.7455,-0.000691,0.024613,0.044004,0.054757,0.065511,0.076264,0.083945,0.086177,0.095539,0.09609,0.72399,0.10684,0.10713,0.11676,0.12751,0.13826,0.14902,0.15977,0.17052,0.18128,0.19203,1.4697,0.71205,0.20278,0.21559,0.23588,0.24701,0.26852,0.27974,0.29994,0.33006,0.35455,0.38298,0.69257,0.40916,0.43591,0.46817,0.50043,0.53269,0.56495,0.59721,0.62947,0.66173,0.69399,0.67106,0.72625,0.75008,0.77918,0.80468,0.82619,0.85277,0.8808,0.9023,0.92381,0.94703,0.64956,0.97842,0.99993,1.0214,1.0429,1.0735,1.0975,1.1191,1.1471,1.1737,1.1952,0.63425,1.2167,1.2382,1.2597,1.2812,1.302,1.3128,1.3341,1.3556,1.3682,1.379,0.61814,1.397,1.4121,1.4228,1.4383,1.4559,1.4667,1.4774,1.4882,1.4989,1.5097,0.59663,1.5204,1.5312,1.5419,1.5527,1.5634,1.5742,1.585,1.5957,1.6065,1.6172,0.57512,1.628,1.6387,1.6495,1.6602,1.671,1.6723,1.6809,1.6916,1.7024,1.7132,0.55646,1.7239,1.7347,1.7454,1.7562,1.7669,1.7777,1.7884,1.7992,1.7998,1.8091,0.5437,1.8198,1.8306,1.8414,1.8521,1.8629,1.8736,1.881,1.8886,1.4109,0.5222,0.50101,0.49025,0.46927,0.45715,0.43785,0.42405,0.4133,0.39652,0.3802,1.3793,0.36945,0.35519,0.33635,0.32559,0.31484,0.30409,0.29333,0.28258,0.28104,0.27267,1.3381,0.23177,0.20478,0.17061,0.13189,0.11455,0.10047,0.068989,0.011077,-0.01043,-0.031937,1.3015,-0.042719,-0.10289,-0.13124,-0.17735,-0.20903,-0.25663,-0.29274,-0.32286,-0.35663,-0.35978,1.2897,-0.37054,-0.38573,-0.42683,-0.43758,-0.47998,-0.49387,-0.50462,-0.51538,-0.54769,-0.57166,1.2817,-0.57691,-0.60958,-0.66189,-0.67563,-0.69499,-0.70575,-0.71697,-0.73847,-0.7496,-0.76036,1.0,2.0
-2.2376,-1.686,-1.388,-0.8162,-0.81294,-0.80764,-0.79987,-0.79908,-0.78827,-0.7868,-0.7797,-0.76889,-0.75807,-1.3867,-0.74726,-0.73644,-0.73451,-0.72788,-0.71706,-0.70625,-0.69543,-0.6953,-0.68687,-0.68223,-1.3759,-0.68223,-0.68056,-0.66975,-0.66916,-0.66119,-0.65609,-0.65263,-0.64181,-0.63099,-0.62995,-1.375,-0.62243,-0.61162,-0.60381,-0.60305,-0.59224,-0.59074,-0.59074,-0.58593,-0.57766,-0.57766,-1.3673,-0.57766,-0.57766,-0.57106,-0.56459,-0.5625,-0.55169,-0.54087,-0.53845,-0.53231,-0.52149,-1.3565,-0.51231,-0.51231,-0.50212,-0.4913,-0.48048,-0.4731,-0.47192,-0.46111,-0.45029,-0.43948,-1.3488,-0.43389,-0.43091,-0.42082,-0.42082,-0.41154,-0.40072,-0.39468,-0.39216,-0.38134,-0.37053,-1.348,-0.36853,-0.36197,-0.35115,-0.34033,-0.32952,-0.32932,-0.32096,-0.31014,-0.30318,-0.30158,-1.3371,-0.29076,-0.27995,-0.26913,-0.26397,-0.26057,-0.24975,-0.23894,-0.22812,-0.21731,-0.20649,-1.3358,-0.19567,-0.18486,-0.17404,-0.16323,-0.15241,-0.13686,-0.11771,-0.10689,-0.096076,-0.07647,-1.5539,-1.3286,-0.061373,-0.050557,-0.039741,-0.028925,-0.018109,-0.007293,0.003523,0.014339,0.025155,0.035971,-1.3227,0.046787,0.057602,0.068418,0.075869,0.07698,0.087796,0.098612,0.10943,0.11508,0.11799,-1.3227,0.1288,0.13962,0.15044,0.16125,0.17207,0.18288,0.1937,0.20452,0.21533,0.23265,-1.3223,0.24579,0.24778,0.2586,0.26941,0.27193,0.27193,0.27572,0.285,0.285,0.285,-1.3115,0.29284,0.29807,0.3014,0.31114,0.31114,0.31114,0.31114,0.31627,0.32421,0.32483,-1.3096,0.33565,0.33728,0.34421,0.35035,0.35277,0.36359,0.3744,0.38522,0.38956,0.39378,-1.3029,0.4046,0.41541,0.41571,0.42397,0.42878,0.43253,0.44185,0.44185,0.45191,0.46273,-1.2966,0.46799,0.46799,0.46903,0.47985,0.48106,0.48841,0.49413,0.49413,0.49413,0.49413,-1.2943,0.50328,0.5072,0.51184,0.52027,0.5204,0.53122,0.54203,0.54641,0.5506,0.56141,-1.2835,0.57223,0.58304,0.59386,0.5987,0.5987,0.60017,0.61098,0.61177,0.61954,0.62484,-1.5386,-1.2835,0.6281,0.63791,0.63791,0.64748,0.65098,0.65604,0.66686,0.67712,0.67712,0.68624,-1.275,0.69705,0.71248,0.73176,0.74257,0.75339,0.7642,0.77502,0.78583,0.79665,0.80747,-1.2704,0.80783,0.81603,0.8209,0.82459,0.83541,0.84622,0.84704,0.85478,0.86011,0.86334,-1.2664,0.87416,0.88498,0.88625,0.88625,0.89128,0.89932,0.89932,0.89932,0.90841,0.91922,-1.2556,0.93004,0.94085,0.95173,0.97337,0.98637,1.0036,1.0252,1.0468,1.0685,1.0901,-1.2448,1.1117,1.1334,1.1586,1.1897,1.2113,1.2429,1.2677,1.2947,1.3272,1.3596,-1.2443,1.3921,1.4245,1.457,1.4944,1.5377,1.5805,1.6129,1.6544,1.6977,1.7364,-1.2362,1.7711,1.8144,1.8577,1.9009,1.9379,1.9744,2.0176,2.0609,2.0938,2.1344,-1.2254,2.1776,2.2173,2.2497,2.2822,2.3146,2.3471,2.3741,2.3989,2.4304,2.4521,-1.2181,2.4642,2.475,2.4858,2.4967,2.5066,2.4957,2.4939,2.4872,-1.4954,-1.2168,-1.206,-1.2051,-1.1974,-1.1866,-1.1789,-1.1781,-1.1673,-1.1564,-1.1528,-1.4124,-1.1479,-1.1371,-1.1266,-1.1266,-1.1177,-1.1069,-1.1005,-1.0983,-1.0875,-1.0874,-1.4016,-1.0789,-1.0681,-1.0613,-1.0595,-1.0487,-1.0379,-1.0271,-1.0163,-1.0055,-0.99593,-1.4011,-0.99593,-0.98609,-0.98286,-0.97753,-0.96978,-0.96897,-0.95815,-0.95671,-0.94959,-0.93877,-1.393,-0.93057,-0.93021,-0.9194,-0.90858,-0.89777,-0.89136,-0.8892,-0.87839,-0.87829,-0.86983,-1.388,-0.86522,-0.86522,-0.86352,-0.8527,-0.85215,-0.84414,-0.83908,-0.83558,-0.82601,-0.82601,3.0,2.0
0.40256,0.37089,0.43422,-0.66619,-0.5799,-0.50153,-0.40851,-0.31311,-0.20505,-0.093027,-0.001589,0.11597,0.23354,0.43422,0.34714,0.43699,0.55456,0.67212,0.75801,0.87558,0.99314,1.0858,1.1966,1.3058,0.43422,1.4001,1.4943,1.5726,1.6443,1.6977,1.7543,1.7935,1.8327,1.8592,1.8794,0.43699,1.8909,1.8944,1.9115,1.8909,1.8125,1.7622,1.7136,1.5671,1.2829,1.0347,0.46589,0.9013,0.75168,0.65035,0.56326,0.44689,0.34318,0.24343,0.12587,0.039973,-0.065318,0.46589,-0.16348,-0.49955,-0.61711,-0.69548,-0.75565,-0.82057,-0.86727,-0.93655,-0.97573,-1.0149,0.46589,-1.0541,-1.0933,-1.1174,-1.14,-1.1491,-1.1491,-1.1491,-1.1281,-1.1174,-1.0858,0.49756,-1.0739,-1.0347,-0.99552,-0.92467,-0.87519,-0.79682,-0.71844,-0.63888,-0.53003,-0.43542,0.49756,-0.31786,-0.23157,-0.1144,0.003161,0.12072,0.23829,0.35585,0.47341,0.59097,0.73664,0.49756,0.85776,0.96385,1.0612,1.1788,1.2647,1.3723,1.4507,1.5291,1.6075,1.6775,0.38593,0.49756,1.7167,1.7559,1.7951,1.8276,1.8418,1.8592,1.8299,1.8224,1.7326,1.5972,0.49756,1.5465,1.3454,1.2671,1.1887,1.0842,0.83995,0.72239,0.62185,0.51893,0.40137,0.50468,0.28381,0.16624,0.048681,-0.068881,-0.18644,-0.30401,-0.42157,-0.79919,-0.90527,-0.97138,0.52922,-1.0304,-1.0814,-1.1523,-1.1915,-1.2306,-1.2698,-1.3074,-1.3165,-1.3557,-1.3708,0.52922,-1.3708,-1.4024,-1.4024,-1.3799,-1.3708,-1.3708,-1.3573,-1.3391,-1.3106,-1.3031,0.52922,-1.2758,-1.2564,-1.2172,-1.178,-1.1388,-1.0996,-1.0604,-1.0213,-0.98207,-0.92665,0.52922,-0.87202,-0.80157,-0.73032,-0.67648,-0.59811,-0.51973,-0.43582,-0.33132,-0.25294,-0.17457,0.52922,-0.064527,0.025327,0.12389,0.20226,0.31231,0.40058,0.50072,0.60403,0.68993,0.79918,0.54981,0.87755,0.97928,1.066,1.1443,1.2227,1.3011,1.4381,1.4895,1.5552,1.6146,0.56089,1.6653,1.7361,1.7642,1.7828,1.7959,1.7979,1.8276,1.8105,1.7959,1.7955,0.40256,0.56089,1.7563,1.7171,1.655,1.6071,1.5616,1.4693,1.3731,1.2948,1.2164,1.1257,0.56089,0.98839,0.85895,0.77305,0.63412,0.49281,0.3887,0.30281,0.19435,0.066098,-0.081547,0.56089,-0.16744,-0.27748,-0.40098,-0.52923,-0.63769,-0.76515,-1.0494,-1.1277,-1.2061,-1.2528,0.56089,-1.3193,-1.3585,-1.3977,-1.4369,-1.4761,-1.4974,-1.5228,-1.5291,-1.5291,-1.5291,0.59256,-1.5291,-1.4978,-1.4903,-1.4511,-1.4119,-1.3728,-1.3336,-1.2944,-1.2552,-1.216,0.59256,-1.1729,-1.106,-1.0668,-1.0011,-0.95673,-0.90765,-0.84669,-0.78257,-0.73586,-0.6658,0.57514,-0.62661,-0.56407,-0.51657,-0.44571,-0.39228,-0.33567,-0.29648,-0.22563,-0.18644,-0.14726,0.53595,-0.10807,-0.068881,-0.029693,0.028098,0.054223,0.087869,0.11756,0.11756,0.11756,0.11756,0.49756,0.10964,0.08589,0.08589,0.08589,0.08589,0.08589,0.08589,0.08589,0.08589,0.08589,0.48924,0.08589,0.08589,0.08589,0.096577,0.11756,0.11756,0.11914,0.14922,0.40256,0.45006,0.41087,0.37168,0.33249,0.29331,0.25412,0.21493,0.17574,0.13656,0.097369,0.40256,0.058181,-0.012673,-0.05186,-0.091047,-0.15636,-0.20109,-0.24978,-0.31113,-0.37486,-0.42117,0.40256,-0.46828,-0.53121,-0.59336,-0.64125,-0.71211,-0.7513,-0.79048,-0.82967,-0.86886,-0.92032,0.42353,-0.95911,-0.98642,-1.0256,-1.0648,-1.104,-1.1174,-1.1507,-1.1808,-1.1974,-1.2124,0.43422,-1.2441,-1.2441,-1.2441,-1.2667,-1.2758,-1.2758,-1.2623,-1.2441,-1.2441,-1.2124,0.43422,-1.2006,-1.1614,-1.1222,-1.083,-1.0438,-1.0046,-0.94011,-0.8934,-0.81503,-0.75288,2.0,2.0
-2.1681,-1.9197,-1.663,-0.7399,-0.73086,-0.72838,-0.72429,-0.71686,-0.70621,-0.70535,-0.69965,-0.69383,-0.69383,-1.6352,-0.69383,-0.68652,-0.68231,-0.67995,-0.67079,-0.67079,-0.6701,-0.65928,-0.65202,-0.64776,-1.6104,-0.63624,-0.63065,-0.61585,-0.61257,-0.59777,-0.59017,-0.57969,-0.57641,-0.56161,-0.55562,-1.5875,-0.5441,-0.54024,-0.52544,-0.52106,-0.50955,-0.50407,-0.48927,-0.48599,-0.47499,-0.47499,-1.5693,-0.46463,-0.46134,-0.45196,-0.44326,-0.43998,-0.42518,-0.4174,-0.4071,-0.3923,-0.3775,-1.5545,-0.37133,-0.35941,-0.34461,-0.33678,-0.32653,-0.31374,-0.30845,-0.30223,-0.30223,-0.2986,-1.5397,-0.29071,-0.29071,-0.27919,-0.27395,-0.26767,-0.25616,-0.25259,-0.24464,-0.2345,-0.23122,-1.5249,-0.2216,-0.21314,-0.20985,-0.19505,-0.18025,-0.17553,-0.16217,-0.14737,-0.13257,-0.11794,-1.5116,-0.11449,-0.099688,-0.084888,-0.070087,-0.055287,-0.040487,-0.025802,-0.022404,-0.007604,0.007196,-1.5116,0.021997,0.036797,0.043304,0.05488,0.06968,0.08448,0.089375,0.10256,0.11736,0.12393,-1.8901,-1.5116,0.13545,0.14696,0.15353,0.15848,0.17,0.17,0.17,0.18146,0.18152,0.18802,-1.5116,0.20282,0.20611,0.21607,0.21607,0.22747,0.22759,0.23404,0.23911,0.2406,0.25062,-1.5116,0.25869,0.26214,0.27677,0.28518,0.29485,0.30821,0.31293,0.32773,0.33125,0.34582,-1.5116,0.35428,0.3639,0.37732,0.38198,0.39678,0.40035,0.41487,0.42339,0.43295,0.43623,-1.5116,0.45103,0.45794,0.46911,0.48391,0.49871,0.50401,0.5168,0.52705,0.53488,0.53857,-1.5001,0.55008,0.55008,0.55008,0.55008,0.55458,0.5616,0.5616,0.5616,0.56771,0.57312,-1.5001,0.57427,0.58464,0.59235,0.59615,0.59892,0.60767,0.617,0.61919,0.62357,0.63071,-1.5001,0.63071,0.63341,0.64223,0.64223,0.64326,0.65374,0.65374,0.66463,0.66791,0.67678,-1.5001,0.68599,0.70079,0.71133,0.71888,0.73368,0.74588,0.75176,0.76656,0.76984,0.78044,-1.497,0.78792,0.79196,0.80347,0.80929,0.81499,0.81585,0.82651,0.82651,0.83722,0.8405,-1.8605,-1.4886,0.8553,0.86106,0.87339,0.88819,0.90299,0.91779,0.92107,0.93587,0.95067,0.95395,-1.4886,0.96472,0.96472,0.97532,0.97624,0.98188,0.98776,0.98845,0.99927,0.99927,1.0098,-1.4886,1.0131,1.0223,1.0312,1.0453,1.0453,1.0525,1.0569,1.0591,1.0684,1.0684,-1.4886,1.0799,1.0838,1.0914,1.1018,1.1029,1.1029,1.1029,1.1029,1.1029,1.1029,-1.4886,1.1133,1.1145,1.1145,1.1231,1.1264,1.1375,1.1445,1.149,1.1605,1.1659,-1.4886,1.172,1.1836,1.1836,1.1905,1.1951,1.1951,1.2004,1.2066,1.2066,1.2066,-1.4886,1.2135,1.2181,1.2201,1.2296,1.2382,1.253,1.2678,1.2826,1.2974,1.3122,-1.4886,1.327,1.3502,1.3681,1.3864,1.4092,1.4341,1.4522,1.4766,1.4998,1.5294,-1.479,1.5556,1.5771,1.6067,1.6248,1.6493,1.6725,1.6906,1.7168,1.7383,1.7579,-1.477,1.7727,1.7925,1.8138,1.8286,1.8434,1.8582,1.873,1.8878,-1.8309,-1.477,-1.4691,-1.4655,-1.454,-1.454,-1.4445,-1.431,-1.431,-1.4231,-1.4194,-1.8013,-1.4079,-1.4018,-1.3964,-1.3849,-1.3804,-1.3734,-1.3734,-1.3619,-1.3619,-1.3525,-1.7717,-1.3492,-1.3388,-1.3388,-1.3278,-1.3158,-1.3097,-1.2949,-1.2801,-1.2653,-1.2505,-1.7421,-1.2357,-1.2094,-1.1946,-1.1798,-1.165,-1.1502,-1.1354,-1.1206,-1.0943,-1.0795,-1.7125,-1.0647,-1.0499,-1.0351,-1.0128,-0.99398,-0.97659,-0.95286,-0.92891,-0.91082,-0.88543,-1.6829,-0.86314,-0.84431,-0.82697,-0.80319,-0.78839,-0.77359,-0.76294,-0.75551,-0.75142,-0.7399,3.0,2.0
-0.36571,-0.36571,-0.40427,-1.6877,-1.7009,-1.7141,-1.7213,-1.7279,-1.7345,-1.7411,-1.7477,-1.7543,-1.7566,-0.41088,-1.7566,-1.7604,-1.767,-1.7604,-1.7406,-1.7235,-1.7103,-1.6927,-1.6662,-1.6431,-0.41749,-1.6299,-1.6122,-1.5726,-1.5346,-1.5147,-1.4949,-1.4486,-1.4024,-1.3743,-1.3478,-0.4208,-1.3214,-1.295,-1.2487,-1.1958,-1.1562,-1.1231,-1.0939,-1.0675,-1.0212,-0.9551,-0.4208,-0.90552,-0.87909,-0.84163,-0.78214,-0.73091,-0.70447,-0.67914,-0.65931,-0.63782,-0.59816,-0.42631,-0.5585,-0.53867,-0.51884,-0.49901,-0.47918,-0.44834,-0.41529,-0.39711,-0.38389,-0.37067,-0.43953,-0.35745,-0.34038,-0.32055,-0.30733,-0.30072,-0.2886,-0.26877,-0.25335,-0.24674,-0.23847,-0.44834,-0.22525,-0.21203,-0.19881,-0.18614,-0.17954,-0.17293,-0.16632,-0.15971,-0.1531,-0.14649,-0.44834,-0.13988,-0.13327,-0.12666,-0.12005,-0.11344,-0.10683,-0.10022,-0.093606,-0.090301,-0.090301,-0.44834,-0.087547,-0.080937,-0.074327,-0.067717,-0.061107,-0.054497,-0.047887,-0.041277,-0.034117,-0.020897,-0.36571,-0.44834,-0.007677,-0.001067,0.005543,0.018212,0.031432,0.044652,0.057871,0.081006,0.10745,0.13829,-0.44944,0.17134,0.19668,0.21651,0.23634,0.25617,0.28426,0.32392,0.35697,0.3768,0.39663,-0.45605,0.41646,0.4407,0.48697,0.53158,0.55802,0.58446,0.63073,0.677,0.70509,0.73153,-0.46211,0.75797,0.78441,0.83564,0.89513,0.93258,0.95902,0.98546,1.0119,1.0549,1.1144,-0.46211,1.1628,1.1959,1.2267,1.2532,1.2862,1.3391,1.3876,1.414,1.4404,1.4669,-0.46211,1.4933,1.5396,1.5859,1.614,1.6404,1.6723,1.7054,1.7236,1.7368,1.75,-0.46211,1.7632,1.7803,1.8001,1.8134,1.82,1.8266,1.8332,1.8398,1.8464,1.853,-0.46211,1.8596,1.8651,1.8651,1.8646,1.858,1.8514,1.8448,1.8381,1.8255,1.8123,-0.46211,1.8045,1.7979,1.7765,1.75,1.728,1.7081,1.6922,1.679,1.6558,1.6228,-0.46211,1.598,1.5848,1.5671,1.5407,1.5176,1.5043,1.4878,1.4548,1.4212,1.3815,-0.37177,-0.46211,1.3418,1.322,1.3022,1.2581,1.2119,1.1876,1.1678,1.1232,1.0703,1.0174,-0.46211,0.96453,0.92708,0.90064,0.85767,0.79818,0.75246,0.72602,0.68857,0.62908,0.57785,-0.46211,0.55141,0.52167,0.4754,0.43023,0.39718,0.36413,0.3443,0.32447,0.30464,0.28481,-0.46211,0.276,0.26939,0.25782,0.2446,0.23138,0.21816,0.21265,0.21265,0.21265,0.21265,-0.46211,0.21265,0.21265,0.21486,0.22147,0.22642,0.22642,0.22753,0.23414,0.2402,0.2402,-0.46211,0.2402,0.2402,0.2402,0.24625,0.25286,0.25947,0.26608,0.27765,0.29087,0.29528,-0.46982,0.29528,0.30299,0.31621,0.32612,0.33273,0.33659,0.33659,0.33879,0.3454,0.35201,-0.48304,0.35862,0.36413,0.36413,0.36413,0.36413,0.36413,0.37074,0.37735,0.3779,0.3779,-0.49296,0.3779,0.3779,0.3779,0.3779,0.3735,0.36689,0.36413,0.36413,0.36413,0.36413,-0.49957,0.36413,0.36413,0.36413,0.36413,0.36413,0.36413,0.36303,0.35642,-0.37838,-0.50618,-0.51279,-0.5216,-0.53482,-0.54639,-0.553,-0.56291,-0.58935,-0.61469,-0.62791,-0.38499,-0.64113,-0.65435,-0.66757,-0.69291,-0.71935,-0.74579,-0.77222,-0.79371,-0.81354,-0.82896,-0.3916,-0.84218,-0.86697,-0.90002,-0.92646,-0.94629,-0.96336,-0.97658,-0.99861,-1.0383,-1.0713,-0.39326,-1.0845,-1.1011,-1.1341,-1.1661,-1.1859,-1.2057,-1.2256,-1.2454,-1.2773,-1.3104,-0.39326,-1.3324,-1.3522,-1.3721,-1.3919,-1.4205,-1.4536,-1.4751,-1.4883,-1.5015,-1.5147,-0.39766,-1.5335,-1.5599,-1.5819,-1.5952,-1.6084,-1.6216,-1.6359,-1.6558,-1.6745,-1.6811,4.0,2.0
-2.0069,-1.9205,-1.7476,-0.80273,-0.78823,-0.77372,-0.75921,-0.74471,-0.7302,-0.71569,-0.70119,-0.68668,-0.67217,-1.7241,-0.65767,-0.64316,-0.62865,-0.61415,-0.59964,-0.58513,-0.57063,-0.56639,-0.55188,-0.54765,-1.6998,-0.53314,-0.52801,-0.5144,-0.50746,-0.50746,-0.50169,-0.49719,-0.49719,-0.49719,-0.49719,-1.6811,-0.49078,-0.48692,-0.4823,-0.47665,-0.46638,-0.46638,-0.45611,-0.45085,-0.44584,-0.44238,-1.66,-0.43557,-0.4253,-0.4194,-0.41503,-0.41092,-0.40476,-0.40245,-0.39449,-0.39398,-0.38422,-1.6333,-0.38422,-0.38422,-0.37703,-0.37395,-0.37395,-0.36432,-0.36368,-0.36368,-0.35341,-0.35341,-1.6105,-0.35341,-0.34314,-0.34314,-0.34314,-0.34314,-0.33287,-0.33287,-0.33287,-0.33287,-0.33287,-1.5856,-0.33287,-0.33287,-0.33287,-0.33287,-0.33287,-0.33287,-0.33287,-0.33287,-0.33287,-0.33287,-1.5609,-0.3226,-0.3158,-0.30206,-0.29705,-0.29179,-0.27831,-0.2638,-0.25957,-0.24506,-0.24044,-1.5378,-0.22632,-0.21181,-0.19936,-0.19307,-0.17856,-0.16405,-0.14955,-0.13504,-0.12053,-0.10603,-1.906,-1.5114,-0.09152,-0.077013,-0.062506,-0.048,-0.023223,-0.008716,0.005791,0.024277,0.045075,0.059581,-1.4901,0.080507,0.098865,0.11337,0.12788,0.14239,0.16395,0.18167,0.19618,0.21068,0.22172,-1.4713,0.22943,0.24393,0.25844,0.27295,0.28334,0.29169,0.3062,0.31416,0.32494,0.3347,-1.4473,0.34368,0.35524,0.36243,0.36666,0.38117,0.38605,0.38605,0.38605,0.38605,0.38605,-1.4236,0.38605,0.39632,0.39632,0.40659,0.41326,0.42713,0.43201,0.4374,0.44767,0.44767,-1.408,0.45794,0.46346,0.46821,0.47848,0.48644,0.48875,0.49491,0.49915,0.50929,0.50929,-1.3861,0.51956,0.51956,0.52983,0.52983,0.53907,0.54331,0.55037,0.55178,0.56064,0.56064,-1.3688,0.57091,0.57091,0.57297,0.58118,0.58118,0.58118,0.58991,0.59415,0.60172,0.61199,-1.3542,0.61713,0.62226,0.63253,0.64011,0.65307,0.65885,0.66334,0.67759,0.68388,0.69634,-1.3397,0.70442,0.71508,0.72497,0.73382,0.74833,0.75578,0.76707,0.78158,0.79609,0.81059,-1.8915,-1.3252,0.8251,0.83961,0.85411,0.86862,0.88313,0.89763,0.91214,0.9201,0.93088,0.94539,-1.3188,0.9599,0.97145,0.97864,0.99315,1.0023,1.0119,1.0264,1.0331,1.0451,1.0596,-1.3106,1.0639,1.0784,1.0929,1.0971,1.1116,1.1255,1.1304,1.1449,1.1491,1.1563,-1.3188,1.1666,1.1721,1.1866,1.1871,1.1871,1.1769,1.1769,1.1767,1.1666,1.158,-1.3188,1.1563,1.1563,1.1563,1.1563,1.1563,1.1531,1.146,1.1446,1.1358,1.1358,-1.3233,1.1332,1.1541,1.1686,1.1831,1.1977,1.2122,1.2267,1.2412,1.2557,1.2702,-1.3291,1.2847,1.2992,1.3137,1.3282,1.3443,1.3675,1.382,1.4005,1.4213,1.438,-1.3264,1.4606,1.4853,1.5045,1.5246,1.542,1.5639,1.5897,1.6135,1.6375,1.663,-1.3188,1.6852,1.7142,1.7433,1.7723,1.7972,1.82,1.8467,1.8678,1.8963,1.9155,-1.3179,1.9356,1.9603,1.982,1.9996,2.0141,2.0286,2.0432,2.0577,-1.8703,-1.3085,-1.2992,-1.2949,-1.288,-1.2777,-1.272,-1.2675,-1.2572,-1.249,-1.2447,-1.8522,-1.2367,-1.2264,-1.2218,-1.2161,-1.2161,-1.2091,-1.2058,-1.2058,-1.1963,-1.1956,-1.8328,-1.1956,-1.1956,-1.1897,-1.1853,-1.1853,-1.177,-1.1727,-1.1648,-1.1642,-1.1545,-1.8129,-1.1455,-1.1413,-1.134,-1.1225,-1.1134,-1.1038,-1.0929,-1.085,-1.0705,-1.0621,-1.7882,-1.0518,-1.0373,-1.0228,-1.0185,-1.004,-0.98952,-0.97502,-0.96963,-0.95627,-0.94177,-1.7663,-0.92726,-0.91275,-0.89825,-0.88746,-0.8795,-0.865,-0.85049,-0.83611,-0.83175,-0.81724,3.0,2.0
-2.0024,-1.9057,-1.753,-0.67216,-0.67216,-0.67932,-0.68363,-0.68936,-0.69509,-0.69939,-0.71014,-0.71803,-0.72018,-1.7351,-0.73093,-0.74168,-0.75243,-0.76318,-0.7639,-0.77322,-0.78397,-0.79472,-0.80547,-0.81622,-1.7215,-0.82697,-0.85277,-0.88288,-0.89363,-0.90725,-0.92445,-0.92301,-0.91298,-0.91298,-0.91298,-1.7,-0.90295,-0.89219,-0.88144,-0.87069,-0.85994,-0.84919,-0.83844,-0.82769,-0.81264,-0.79472,-1.6799,-0.7553,-0.65639,-0.63345,-0.60192,-0.58042,-0.54816,-0.52594,-0.49512,-0.47147,-0.44209,-1.6684,-0.417,-0.38905,-0.35679,-0.32454,-0.29659,-0.2715,-0.23925,-0.20915,-0.18621,-0.15468,-1.6469,-0.13317,-0.11167,-0.080135,-0.0572,-0.044299,-0.025664,-0.004162,0.01089,0.027375,0.043859,-1.6254,0.05461,0.065361,0.073245,0.075396,0.084713,0.084713,0.084713,0.084713,0.084713,0.084713,-1.6139,0.076112,0.073245,0.066078,0.055327,0.044576,0.033825,0.023074,0.00874,-0.009896,-0.022797,-1.5939,-0.042865,-0.054333,-0.075835,-0.086586,-0.10737,-0.11956,-0.13891,-0.15253,-0.19195,-0.21345,-1.8892,-1.581,-0.21918,-0.22993,-0.23638,-0.23997,-0.24498,-0.23638,-0.23495,-0.22492,-0.22492,-0.21416,-1.5623,-0.20341,-0.19266,-0.18191,-0.16328,-0.14894,-0.13174,-0.11024,-0.088736,-0.032831,0.04601,-1.548,0.070379,0.10048,0.12342,0.15567,0.18792,0.20942,0.24096,0.27321,0.30547,0.32984,-1.5308,0.35851,0.38431,0.41154,0.43878,0.46028,0.48178,0.50329,0.52479,0.54629,0.56779,-1.515,0.58929,0.6108,0.6323,0.64448,0.66383,0.67745,0.6882,0.69895,0.7097,0.71544,-1.5043,0.71974,0.72691,0.72691,0.72691,0.72691,0.72691,0.72691,0.72691,0.71687,0.71544,-1.4892,0.70684,0.69609,0.68534,0.67458,0.66383,0.65308,0.63803,0.62011,0.6065,0.58714,-1.4713,0.57496,0.55417,0.54342,0.53267,0.47175,0.45383,0.42588,0.40939,0.39864,0.38789,-1.4606,0.38287,0.38287,0.38717,0.39434,0.39434,0.39649,0.40581,0.40653,0.41728,0.41728,-1.4498,0.42731,0.43806,0.44881,0.45168,0.46602,0.48107,0.49182,0.50257,0.55202,0.63086,-1.8691,-1.4391,0.65237,0.67387,0.69537,0.71687,0.73837,0.75988,0.78138,0.80288,0.82438,0.84588,-1.4283,0.86739,0.88889,0.91039,0.93691,0.96486,0.98636,1.0079,1.0294,1.0509,1.0724,-1.4176,1.0939,1.1154,1.1268,1.1469,1.1684,1.182,1.2,1.215,1.2258,1.2415,-1.4283,1.2587,1.2695,1.2774,1.2795,1.2903,1.3003,1.3003,1.3003,1.3103,1.3118,-1.419,1.3118,1.3118,1.3118,1.3118,1.306,1.3003,1.3003,1.3003,1.3003,1.2981,-1.4176,1.2888,1.2888,1.2888,1.2888,1.2888,1.2981,1.3089,1.3196,1.3304,1.3411,-1.4176,1.3519,1.3626,1.3734,1.3806,1.3834,1.3942,1.4049,1.4157,1.4264,1.4479,-1.4176,1.4594,1.4702,1.4809,1.4917,1.5024,1.5196,1.5354,1.5461,1.5569,1.5676,-1.4104,1.5784,1.5913,1.6114,1.6228,1.6443,1.6551,1.6759,1.688,1.7074,1.721,-1.4061,1.7389,1.754,1.7705,1.787,1.7977,1.8085,1.8192,1.83,-1.8562,-1.4004,-1.3896,-1.3789,-1.3681,-1.3602,-1.3581,-1.3473,-1.3366,-1.3258,-1.3043,-1.8376,-1.2928,-1.2821,-1.2713,-1.2606,-1.2427,-1.2276,-1.2111,-1.1947,-1.1796,-1.1617,-1.8232,-1.1481,-1.1266,-1.1065,-1.095,-1.0735,-1.052,-1.0406,-1.0205,-0.99899,-0.97749,-1.806,-0.95598,-0.94093,-0.92445,-0.90295,-0.88144,-0.85994,-0.84131,-0.82841,-0.80834,-0.79687,-1.7903,-0.77537,-0.76462,-0.75386,-0.74311,-0.72376,-0.71014,-0.69939,-0.69509,-0.68936,-0.68363,-1.7745,-0.67932,-0.67216,-0.67216,-0.67216,-0.67216,-0.67216,-0.67216,-0.67216,-0.67216,-0.67216,5.0,2.0
-0.2748,-0.24351,-0.21222,0.69525,0.7824,0.86361,0.9567,1.032,1.131,1.2003,1.274,1.3687,1.4372,-0.21222,1.4916,1.543,1.6115,1.657,1.6913,1.7255,1.7598,1.7905,1.797,1.8218,-0.21222,1.8218,1.8063,1.772,1.7377,1.6791,1.6379,1.5733,1.5048,1.4363,1.3597,-0.21222,1.2679,1.1854,1.0826,0.99973,0.90835,0.80556,0.67398,0.56868,0.46588,0.35667,-0.21222,0.229,0.12621,0.023412,-0.079382,-0.20346,-0.31626,-0.41906,-0.52185,-0.59335,-0.69615,-0.21222,-0.79112,-0.87045,-0.95947,-1.028,-1.0965,-1.1651,-1.2336,-1.2735,-1.3081,-1.3733,-0.21222,-1.4076,-1.4326,-1.4326,-1.4174,-1.3832,-1.3489,-1.3146,-1.2533,-1.1848,-1.1162,-0.21222,-1.0477,-0.97152,-0.86873,-0.77954,-0.69443,-0.59163,-0.48884,-0.38604,-0.28325,-0.18046,-0.21222,-0.077661,0.031235,0.15922,0.26201,0.36481,0.44961,0.53911,0.6419,0.7447,0.81761,-0.21222,0.91743,0.98596,1.062,1.1543,1.2228,1.2914,1.3599,1.4061,1.4657,1.5059,-0.24351,-0.21222,1.5714,1.6057,1.64,1.6742,1.6966,1.7115,1.7279,1.7071,1.6728,1.6386,-0.18108,1.5746,1.5387,1.5001,1.4316,1.363,1.3078,1.2573,1.1695,1.0889,1.0204,-0.18092,0.92369,0.85203,0.74939,0.65238,0.57509,0.4723,0.3695,0.26671,0.18457,0.092412,-0.18092,-0.010383,-0.11318,-0.21597,-0.31877,-0.42156,-0.52436,-0.62715,-0.72994,-0.81365,-0.90424,-0.18092,-1.007,-1.0818,-1.1813,-1.2502,-1.3187,-1.3872,-1.4442,-1.493,-1.544,-1.5988,-0.18092,-1.6438,-1.6517,-1.6811,-1.7153,-1.7455,-1.7455,-1.7355,-1.7013,-1.667,-1.6327,-0.18092,-1.5985,-1.5393,-1.4986,-1.4335,-1.365,-1.291,-1.1967,-1.1167,-1.0139,-0.91113,-0.18092,-0.82867,-0.73683,-0.63403,-0.53124,-0.39715,-0.29436,-0.19156,-0.08877,0.014025,0.11682,-0.18092,0.21961,0.30066,0.39391,0.49671,0.5995,0.671,0.76848,0.8453,0.93683,1.0054,-0.18092,1.0739,1.1424,1.2109,1.2795,1.348,1.4158,1.4538,1.5156,1.5498,1.5968,-0.24351,-0.18092,1.6497,1.6839,1.7182,1.7525,1.7592,1.7897,1.7905,1.7905,1.7823,1.7481,-0.18092,1.7279,1.7108,1.6565,1.611,1.5508,1.4822,1.445,1.3729,1.2767,1.2081,-0.18092,1.1396,1.0556,0.97125,0.90272,0.80978,0.73437,0.63549,0.56602,0.49749,0.42098,-0.18092,0.32914,0.26061,0.19208,0.14342,0.08631,0.01778,-0.021961,-0.087518,-0.12522,-0.18734,-0.18092,-0.2216,-0.25587,-0.30547,-0.35569,-0.38996,-0.42422,-0.45849,-0.49275,-0.49572,-0.52999,-0.18092,-0.55643,-0.54563,-0.52514,-0.52514,-0.52514,-0.50245,-0.49385,-0.49385,-0.49385,-0.49385,-0.19407,-0.49385,-0.49385,-0.49385,-0.49385,-0.49385,-0.49385,-0.49385,-0.49385,-0.49385,-0.49385,-0.21222,-0.49385,-0.49385,-0.49385,-0.49385,-0.49385,-0.49385,-0.49385,-0.49385,-0.49385,-0.49385,-0.23131,-0.49385,-0.48774,-0.46255,-0.46255,-0.46255,-0.46255,-0.46255,-0.46255,-0.46255,-0.46255,-0.24351,-0.43126,-0.43126,-0.43126,-0.43126,-0.43126,-0.43126,-0.43126,-0.43126,-0.23162,-0.26854,-0.30281,-0.33707,-0.37134,-0.4056,-0.43987,-0.47413,-0.5084,-0.54266,-0.59742,-0.21222,-0.64248,-0.70319,-0.74231,-0.80786,-0.84619,-0.90768,-0.95196,-1.0075,-1.0577,-1.1073,-0.21222,-1.1416,-1.2007,-1.2414,-1.2757,-1.3099,-1.3442,-1.3785,-1.4013,-1.4157,-1.4326,-0.21222,-1.4326,-1.4093,-1.4013,-1.3721,-1.3378,-1.3035,-1.2624,-1.2037,-1.1566,-1.0881,-0.21222,-1.0196,-0.95102,-0.88249,-0.81396,-0.74543,-0.6769,-0.60306,-0.50855,-0.44002,-0.35726,-0.21222,-0.25446,-0.15167,-0.072028,0.02263,0.12542,0.22822,0.32726,0.40252,0.50531,0.60811,0.0,2.0
-2.1121,-1.9537,-1.6703,-0.85593,-0.86913,-0.87708,-0.88368,-0.89028,-0.90072,-0.91392,-0.92068,-0.92728,-0.93387,-1.6505,-0.94551,-0.95561,-0.94901,-0.94604,-0.94604,-0.93981,-0.93321,-0.92661,-0.8959,-0.85959,-1.6357,-0.84639,-0.82978,-0.80998,-0.7962,-0.78099,-0.76119,-0.74601,-0.7322,-0.7124,-0.69261,-1.6225,-0.67281,-0.64721,-0.62262,-0.60282,-0.57862,-0.55223,-0.52583,-0.50243,-0.48264,-0.45725,-1.6093,-0.43085,-0.40446,-0.38225,-0.36227,-0.33587,-0.31226,-0.29246,-0.27267,-0.25287,-0.23307,-1.5997,-0.21328,-0.19348,-0.18026,-0.16706,-0.15386,-0.13549,-0.11686,-0.10367,-0.094232,-0.087634,-1.5931,-0.074674,-0.063835,-0.057236,-0.045682,-0.034392,-0.034392,-0.030841,-0.024242,-0.023792,-0.023792,-1.5865,-0.023792,-0.023792,-0.024534,-0.031133,-0.034392,-0.034392,-0.040329,-0.046927,-0.053526,-0.060125,-1.5799,-0.066724,-0.073323,-0.083049,-0.096246,-0.10372,-0.11032,-0.11692,-0.12352,-0.13012,-0.13671,-1.5733,-0.14914,-0.16894,-0.1722,-0.1722,-0.1722,-0.16809,-0.1616,-0.1616,-0.1589,-0.1523,-1.8473,-1.5667,-0.1457,-0.13131,-0.085116,-0.058403,-0.045205,-0.032007,-0.016318,0.003478,0.018186,0.032471,-1.5609,0.052267,0.072064,0.09186,0.11166,0.13145,0.15125,0.17105,0.19084,0.21064,0.23391,-1.5609,0.2603,0.28063,0.30043,0.32022,0.34468,0.37042,0.39021,0.41001,0.4298,0.4496,-1.5609,0.4694,0.48919,0.50454,0.51774,0.53093,0.54718,0.56698,0.58113,0.59433,0.60752,-1.5609,0.61648,0.62332,0.63652,0.64971,0.66291,0.67068,0.67871,0.6919,0.70107,0.70767,-1.5609,0.71427,0.72087,0.72747,0.72885,0.73007,0.73666,0.73945,0.73945,0.73945,0.73945,-1.5609,0.73945,0.73945,0.73945,0.73945,0.73584,0.72924,0.72885,0.72665,0.72005,0.71825,-1.5609,0.71825,0.71825,0.71485,0.70825,0.70764,0.70566,0.69906,0.69704,0.69646,0.68986,-1.5609,0.69916,0.72556,0.72885,0.73062,0.73722,0.74382,0.75042,0.75702,0.76362,0.77021,-1.5609,0.77681,0.78498,0.79817,0.80721,0.81397,0.82717,0.83761,0.84421,0.85616,0.86936,-1.8209,-1.5609,0.88255,0.89575,0.90895,0.92215,0.9328,0.9394,0.95114,0.96434,0.97753,0.99073,-1.5609,1.0039,1.0108,1.0197,1.0329,1.0461,1.0584,1.065,1.0751,1.0883,1.0954,-1.5609,1.102,1.1086,1.1152,1.1225,1.1357,1.1456,1.1522,1.1588,1.1635,1.1635,-1.5551,1.168,1.1746,1.1812,1.1878,1.1944,1.1953,1.1953,1.1953,1.1996,1.2059,-1.5503,1.2059,1.2088,1.2154,1.2165,1.2165,1.2165,1.2165,1.2165,1.2231,1.2271,-1.5503,1.2271,1.2271,1.2271,1.2271,1.2271,1.2271,1.2271,1.2246,1.218,1.2165,-1.5459,1.2165,1.2165,1.2201,1.2267,1.2271,1.2293,1.2359,1.2425,1.2491,1.2557,-1.5393,1.2623,1.2689,1.2755,1.2842,1.2974,1.3059,1.3131,1.3263,1.3363,1.3429,-1.5327,1.3553,1.3685,1.3817,1.3905,1.3975,1.4107,1.4209,1.4275,1.4341,1.4407,-1.5291,1.4473,1.4539,1.4605,1.4671,1.4709,1.4709,1.4709,1.4695,-1.7945,-1.5291,-1.5235,-1.5154,-1.5022,-1.4931,-1.4865,-1.4799,-1.4706,-1.4574,-1.4442,-1.7693,-1.431,-1.4178,-1.4046,-1.3914,-1.3782,-1.3625,-1.3427,-1.328,-1.3137,-1.2939,-1.7495,-1.2741,-1.2543,-1.2345,-1.2147,-1.1949,-1.18,-1.1659,-1.1461,-1.1264,-1.1066,-1.7297,-1.0868,-1.067,-1.0472,-1.0274,-1.0083,-0.99507,-0.97858,-0.95879,-0.94487,-0.92979,-1.7099,-0.91,-0.89468,-0.88148,-0.86828,-0.85509,-0.84189,-0.83436,-0.82776,-0.82116,-0.81456,-1.6901,-0.80823,-0.80823,-0.80823,-0.80823,-0.81369,-0.82029,-0.82689,-0.83349,-0.84009,-0.84668,5.0,2.0
-2.3565,-2.1976,-1.9707,-0.56759,-0.56759,-0.56242,-0.55681,-0.55681,-0.55681,-0.56155,-0.56759,-0.5775,-0.58548,-1.9439,-0.59345,-0.60143,-0.61069,-0.62147,-0.63225,-0.6441,-0.66285,-0.6816,-0.69691,-0.70898,-1.9064,-0.72923,-0.71846,-0.71846,-0.70768,-0.70768,-0.69691,-0.69432,-0.68613,-0.61371,-0.59496,-1.8864,-0.57621,-0.54733,-0.52793,-0.51996,-0.50293,-0.49323,-0.48138,-0.46651,-0.44776,-0.42901,-1.8569,-0.41672,-0.40228,-0.38353,-0.36478,-0.34603,-0.32728,-0.30853,-0.28978,-0.27102,-0.25227,-1.8381,-0.23352,-0.21477,-0.19602,-0.17727,-0.15852,-0.13977,-0.12102,-0.10227,-0.093431,-0.075542,-1.8194,-0.056791,-0.03804,-0.01929,-0.000539,0.014333,0.026186,0.044937,0.063688,0.078991,0.090413,-1.8006,0.10054,0.11132,0.1221,0.1221,0.13029,0.13287,0.13287,0.13287,0.1221,0.1221,-1.7819,0.1221,0.1221,0.1221,0.1221,0.12037,0.11132,0.11132,0.11132,0.10054,0.10054,-1.7631,0.10054,0.089767,0.089767,0.08093,0.078991,0.075758,0.067783,0.057438,0.041058,0.025109,-2.1789,-1.7444,0.014333,0.006358,-0.012393,-0.031144,-0.039549,-0.057869,-0.07662,-0.095371,-0.11412,-0.1221,-1.7314,-0.14731,-0.1458,-0.13654,-0.13654,-0.12576,-0.12468,-0.11498,-0.10873,-0.093431,-0.082654,-1.7176,-0.074033,-0.061102,-0.058084,-0.039549,-0.039549,-0.023385,-0.004634,0.003556,0.022091,0.11132,-1.6989,0.12425,0.13287,0.15098,0.16973,0.1777,0.19645,0.2152,0.23395,0.25271,0.26219,-1.6801,0.27943,0.29818,0.31693,0.32685,0.34366,0.36241,0.38116,0.39991,0.41866,0.43741,-1.6614,0.45616,0.47491,0.49366,0.51241,0.53117,0.54992,0.56867,0.58548,0.59539,0.61414,-1.6426,0.62858,0.64087,0.65962,0.67837,0.68634,0.70402,0.71307,0.72557,0.7398,0.74777,-1.6239,0.7579,0.76868,0.77945,0.77967,0.79023,0.79023,0.79023,0.79023,0.79799,0.80101,-1.6051,0.80101,0.80101,0.79368,0.79023,0.79023,0.79023,0.79023,0.79023,0.79023,0.79023,-1.5864,0.78376,0.77945,0.77859,0.76868,0.76868,0.7579,0.74712,0.73872,0.71997,0.71199,-2.1493,-1.5676,0.69324,0.59949,0.55875,0.55552,0.57427,0.58225,0.58548,0.59625,0.59625,0.60703,-1.5489,0.61134,0.61932,0.62858,0.63526,0.64324,0.65121,0.66091,0.72794,0.77212,0.79088,-1.5301,0.80101,0.81178,0.82558,0.84433,0.86308,0.88183,0.90058,0.91933,0.9273,0.94605,-1.5114,0.97558,0.99433,1.0204,1.0426,1.0631,1.0909,1.1096,1.1325,1.1579,1.1859,-1.4926,1.2062,1.2249,1.2545,1.2732,1.2859,1.2999,1.3183,1.3267,1.3454,1.3534,-1.4739,1.3614,1.3722,1.3773,1.3829,1.3933,1.3937,1.3937,1.4045,1.4045,1.4045,-1.4551,1.3937,1.3937,1.3937,1.3937,1.3937,1.3937,1.3937,1.3937,1.3937,1.3937,-1.4364,1.3937,1.3937,1.4045,1.4155,1.4342,1.453,1.4717,1.4905,1.517,1.5388,-1.4176,1.5575,1.5864,1.6058,1.6245,1.6325,1.6513,1.67,1.6888,1.7075,1.7263,-1.3989,1.745,1.7638,1.7717,1.7905,1.8092,1.828,1.8467,1.8571,-2.1306,-1.3909,-1.3866,-1.3866,-1.3866,-1.3866,-1.3866,-1.3758,-1.3758,-1.3702,-1.365,-2.1118,-1.3543,-1.3463,-1.3435,-1.3327,-1.3224,-1.3112,-1.2909,-1.2661,-1.2474,-1.2178,-2.0823,-1.1991,-1.1803,-1.1616,-1.1428,-1.1241,-1.1053,-1.0866,-1.0678,-1.0383,-1.0195,-2.0616,-1.0008,-0.98205,-0.9633,-0.94455,-0.9258,-0.90704,-0.88829,-0.85898,-0.84002,-0.82126,-2.034,-0.80251,-0.78376,-0.76501,-0.75704,-0.73829,-0.71954,-0.70768,-0.69281,-0.67535,-0.66609,-2.0045,-0.6538,-0.64302,-0.63225,-0.62341,-0.61069,-0.59992,-0.59949,-0.58914,-0.57837,-0.57556,5.0,2.0
-2.2924,-2.113,-1.7908,-1.0385,-1.046,-1.0506,-1.0506,-1.0506,-1.0506,-1.0506,-1.0465,-1.039,-1.0315,-1.7684,-1.0241,-1.0166,-1.0038,-0.98959,-0.98211,-0.97102,-0.95607,-0.94112,-0.91267,-0.8454,-1.7513,-0.80706,-0.78488,-0.76993,-0.75184,-0.72942,-0.70096,-0.67251,-0.65009,-0.62766,-0.60524,-1.7371,-0.58281,-0.55774,-0.52784,-0.50348,-0.48009,-0.4502,-0.42415,-0.40173,-0.37255,-0.34482,-1.7296,-0.3224,-0.29998,-0.27707,-0.24717,-0.22402,-0.20907,-0.18785,-0.16543,-0.143,-0.12516,-1.7221,-0.11021,-0.095261,-0.080311,-0.065362,-0.056199,-0.048724,-0.041249,-0.033774,-0.026299,-0.018825,-1.7146,-0.013761,-0.013761,-0.013761,-0.013761,-0.013761,-0.013761,-0.013761,-0.020271,-0.029675,-0.044625,-1.7137,-0.054752,-0.062468,-0.077418,-0.092367,-0.10732,-0.11624,-0.12516,-0.14011,-0.15506,-0.17001,-1.7137,-0.18496,-0.19726,-0.20473,-0.23439,-0.26791,-0.27538,-0.279,-0.279,-0.279,-0.27683,-1.7137,-0.26935,-0.26188,-0.2544,-0.24693,-0.23945,-0.23198,-0.2245,-0.21534,-0.20039,-0.19002,-1.9915,-1.7137,-0.18255,-0.1676,-0.13239,-0.06512,-0.038356,-0.0222,0.000224,0.01855,0.033499,0.055442,-1.7137,0.077866,0.10029,0.12272,0.14586,0.17576,0.20204,0.22447,0.2534,0.28137,0.3038,-1.7137,0.33105,0.3607,0.38313,0.40869,0.43859,0.46246,0.48488,0.50731,0.52973,0.55216,-1.7105,0.57458,0.59701,0.61943,0.63631,0.65126,0.66621,0.68116,0.69611,0.71106,0.72384,-1.7031,0.73131,0.73879,0.74626,0.75374,0.75784,0.75784,0.75784,0.75615,0.74867,0.74578,-1.7016,0.74578,0.7383,0.73083,0.72335,0.71009,0.69635,0.68887,0.6773,0.66235,0.6474,-1.7002,0.63486,0.62739,0.61461,0.59966,0.58471,0.56976,0.55481,0.53986,0.52491,0.50996,-1.6927,0.49501,0.48006,0.46511,0.4533,0.44582,0.43232,0.41882,0.41134,0.40387,0.39639,-1.6852,0.39615,0.3988,0.40628,0.40821,0.40917,0.41665,0.42412,0.43159,0.43907,0.44871,-1.6778,0.46366,0.47355,0.48151,0.49646,0.50803,0.51551,0.52925,0.5442,0.55915,0.5741,-1.9616,-1.663,0.58905,0.604,0.6392,0.70648,0.73903,0.76025,0.7752,0.79425,0.81667,0.83909,-1.6508,0.86152,0.88394,0.90637,0.92879,0.95122,0.97002,0.98497,1.0064,1.0289,1.0513,-1.6433,1.0737,1.0959,1.1108,1.1289,1.1513,1.1677,1.1827,1.1976,1.2126,1.2275,-1.6303,1.2353,1.2454,1.2603,1.2697,1.2772,1.2847,1.2922,1.2996,1.3004,1.3025,-1.6143,1.31,1.3124,1.3124,1.3124,1.3124,1.3124,1.3124,1.3124,1.3124,1.3124,-1.5919,1.3124,1.3124,1.3095,1.3021,1.3004,1.3004,1.3004,1.2963,1.2888,1.2883,-1.5734,1.2859,1.2784,1.2763,1.2763,1.2763,1.2726,1.2652,1.2772,1.2902,1.2977,-1.5584,1.3052,1.3129,1.3279,1.3428,1.3578,1.3727,1.3877,1.4026,1.4219,1.4443,-1.5367,1.4595,1.4745,1.4894,1.5099,1.5314,1.5463,1.5613,1.5762,1.5912,1.6039,-1.5143,1.6114,1.6189,1.6264,1.6338,1.6379,1.6379,1.6379,1.6379,-1.9374,-1.4919,-1.4694,-1.4465,-1.4166,-1.3901,-1.3677,-1.339,-1.3108,-1.2883,-1.2613,-1.9138,-1.2314,-1.2015,-1.1716,-1.1417,-1.1176,-1.094,-1.0641,-1.0342,-1.0043,-0.9744,-1.8839,-0.94691,-0.92449,-0.90206,-0.87891,-0.84901,-0.82635,-0.8114,-0.78994,-0.76944,-0.75449,-1.854,-0.74437,-0.73665,-0.7217,-0.71302,-0.71302,-0.71302,-0.71302,-0.71302,-0.71736,-0.72484,-1.8241,-0.73231,-0.73979,-0.74726,-0.76028,-0.77523,-0.79018,-0.80899,-0.83141,-0.84709,-0.86203,-1.8082,-0.87698,-0.897,-0.91894,-0.93389,-0.94884,-0.96379,-0.97874,-0.992,-0.99948,-1.0161,5.0,2.0
-0.36008,-0.43223,-0.51992,-1.33,-1.2939,-1.252,-1.2073,-1.1712,-1.1351,-1.0991,-1.063,-1.0269,-0.99083,-0.52141,-0.95476,-0.91869,-0.8925,-0.86107,-0.82987,-0.80582,-0.78177,-0.75772,-0.73367,-0.71649,-0.53344,-0.70011,-0.67606,-0.65201,-0.63933,-0.61844,-0.60075,-0.58488,-0.56083,-0.53678,-0.52359,-0.53445,-0.50321,-0.48501,-0.46965,-0.44643,-0.43441,-0.42239,-0.41036,-0.39834,-0.38631,-0.37429,-0.54296,-0.36226,-0.36008,-0.35275,-0.34072,-0.33102,-0.33102,-0.33102,-0.32169,-0.31649,-0.31649,-0.55498,-0.31468,-0.30265,-0.29063,-0.2786,-0.26658,-0.25455,-0.24253,-0.23051,-0.21848,-0.20646,-0.56352,-0.19443,-0.1791,-0.15585,-0.14383,-0.1318,-0.11197,-0.093225,-0.078403,-0.054645,-0.042621,-0.5645,-0.020788,0.00326,0.027309,0.051357,0.075406,0.087648,0.11827,0.14076,0.15707,0.18112,-0.57652,0.20517,0.24051,0.26779,0.29184,0.31589,0.33994,0.36399,0.38804,0.42037,0.45067,-0.58855,0.47798,0.51329,0.53734,0.56139,0.59321,0.62402,0.65083,0.68665,0.7107,0.73474,-0.45679,-0.59258,0.76606,0.79737,0.82142,0.84547,0.88129,0.9081,0.93215,0.96044,0.99477,1.0188,-0.59806,1.0429,1.0669,1.091,1.1188,1.1536,1.1776,1.2017,1.2257,1.2555,1.2916,-0.60711,1.3269,1.351,1.3853,1.4136,1.4429,1.4763,1.5005,1.5366,1.5629,1.5798,-0.60758,1.5965,1.6183,1.6304,1.6541,1.6689,1.681,1.693,1.705,1.717,1.7291,-0.61961,1.7324,1.7386,1.7506,1.7626,1.7746,1.776,1.7842,1.7962,1.8018,1.7898,-0.62164,1.7778,1.7657,1.7537,1.7417,1.7297,1.7173,1.6812,1.6645,1.6453,1.626,-0.62912,1.6118,1.5877,1.5754,1.5541,1.5301,1.506,1.482,1.4579,1.4227,1.3953,-0.63617,1.3713,1.3436,1.3086,1.2846,1.2499,1.2138,1.1777,1.1448,1.1201,1.084,-0.63864,1.048,1.0042,0.96128,0.92521,0.88913,0.85306,0.81699,0.78092,0.74484,0.70877,-0.65067,0.6727,0.64829,0.61508,0.57901,0.54708,0.52303,0.49898,0.46378,0.43635,0.41844,-0.4618,-0.6507,0.40279,0.37874,0.35469,0.34128,0.32112,0.3027,0.29068,0.27866,0.26663,0.24447,-0.6507,0.22805,0.21603,0.204,0.19198,0.17996,0.17756,0.17044,0.16303,0.16303,0.16303,-0.65768,0.1514,0.1485,0.1485,0.1485,0.1485,0.1485,0.1485,0.13989,0.13397,0.13397,-0.66523,0.13397,0.13397,0.14457,0.1485,0.1485,0.1485,0.1485,0.1485,0.1586,0.16303,-0.66523,0.16303,0.16561,0.17756,0.17756,0.17756,0.18464,0.19209,0.19209,0.19209,0.19209,-0.66523,0.19209,0.19209,0.19209,0.19209,0.19209,0.19209,0.19209,0.19209,0.19209,0.19209,-0.68819,0.19209,0.19209,0.19209,0.19765,0.20662,0.20662,0.20662,0.20662,0.20662,0.20662,-0.7571,0.20662,0.20662,0.20662,0.20662,0.20662,0.20662,0.20662,0.20662,0.20662,0.20662,-0.80248,0.20662,0.20662,0.20662,0.20662,0.20662,0.20662,0.20662,0.20662,0.20662,0.20662,-0.8145,0.20662,0.21465,0.22115,0.22115,0.22166,0.23368,0.24571,0.25021,-0.4663,-0.82653,-0.83855,-0.86154,-0.92791,-1.0002,-1.0499,-1.074,-1.098,-1.1535,-1.1977,-0.47833,-1.2283,-1.2641,-1.335,-1.371,-1.4071,-1.4581,-1.5083,-1.542,-1.566,-1.6259,-0.49035,-1.6671,-1.7032,-1.757,-1.8316,-1.8556,-1.8796,-1.8948,-1.9389,-1.9954,-2.018,-0.49086,-2.03,-2.0858,-2.1122,-2.0946,-2.0568,-2.0448,-2.0327,-2.0207,-2.0008,-1.9821,-0.49987,-1.9672,-1.9431,-1.9191,-1.8951,-1.871,-1.847,-1.8205,-1.7844,-1.7603,-1.7268,-0.5119,-1.6977,-1.6692,-1.6331,-1.5971,-1.561,-1.5249,-1.4888,-1.4528,-1.4153,-1.3672,4.0,2.0
2.1693,1.9644,1.6201,-0.73704,-0.76162,-0.7862,-0.81078,-0.83536,-0.85994,-0.88452,-0.90903,-0.92542,-0.9483,1.5787,-0.97288,-0.9945,-1.0109,-1.0273,-1.0513,-1.07,-1.0864,-1.1028,-1.1192,-1.1356,1.5295,-1.1519,-1.1683,-1.1847,-1.1994,-1.2076,-1.2239,-1.2403,-1.2521,-1.2631,-1.2785,1.4804,-1.2867,-1.2949,-1.3087,-1.3212,-1.3294,-1.3376,-1.3458,-1.3608,-1.3721,-1.3803,1.4312,-1.3885,-1.3967,-1.4049,-1.4131,-1.4213,-1.4295,-1.4377,-1.4459,-1.4468,-1.4523,1.3854,-1.453,-1.4468,-1.4466,-1.4384,-1.4368,-1.432,-1.4269,-1.4256,-1.4174,-1.4092,1.3429,-1.401,-1.3928,-1.3822,-1.3664,-1.3583,-1.3501,-1.3365,-1.3237,-1.3137,-1.2974,1.2937,-1.2892,-1.2745,-1.2628,-1.2517,-1.2353,-1.2189,-1.2026,-1.1862,-1.1698,-1.1534,1.2526,-1.137,-1.1206,-1.1042,-1.0878,-1.0715,-1.0551,-1.0387,-1.0223,-1.0059,-0.98952,1.2053,-0.97313,-0.95675,-0.94036,-0.92397,-0.90758,-0.8912,-0.87481,-0.85842,-0.84204,-0.82565,1.901,1.1607,-0.81424,-0.80284,-0.78645,-0.77006,-0.75368,-0.73729,-0.72524,-0.71448,-0.69889,-0.69069,1.1197,-0.6825,-0.66885,-0.65615,-0.64796,-0.63977,-0.63157,-0.62338,-0.61038,-0.59703,-0.58757,1.0787,-0.57118,-0.56249,-0.54837,-0.53614,-0.52555,-0.50979,-0.5016,-0.4934,-0.47993,-0.46705,1.0378,-0.45886,-0.45067,-0.45064,-0.44424,-0.44068,-0.43782,-0.43072,-0.43072,-0.43072,-0.42497,0.99679,-0.42076,-0.42076,-0.42031,-0.41212,-0.4108,-0.40569,-0.3975,-0.3893,-0.38111,-0.37292,0.96142,-0.36472,-0.35207,-0.33837,-0.32926,-0.31287,-0.30383,-0.29006,-0.27748,-0.26725,-0.25114,0.92482,-0.24294,-0.22805,-0.21166,-0.19844,-0.18885,-0.17246,-0.15608,-0.13969,-0.1233,-0.10692,0.87765,-0.090528,-0.074141,-0.057754,-0.041367,-0.02498,-0.008593,0.007794,0.02418,0.034043,0.046993,0.81329,0.06338,0.078546,0.08674,0.10258,0.11309,0.12539,0.13944,0.1482,0.16459,0.17398,0.78052,0.1874,0.20033,0.20852,0.21671,0.23303,0.24306,0.25126,0.25945,0.26764,0.27584,1.8764,0.74775,0.28403,0.29222,0.30042,0.30861,0.3168,0.325,0.32637,0.33142,0.33962,0.34781,0.70011,0.356,0.3642,0.37857,0.39055,0.39874,0.4078,0.42419,0.43328,0.44148,0.45343,0.65869,0.46782,0.47602,0.48421,0.4924,0.5006,0.50879,0.51698,0.52518,0.53337,0.54157,0.6423,0.54976,0.55795,0.56615,0.57434,0.58966,0.60604,0.62602,0.64878,0.66521,0.68979,0.62592,0.71438,0.74366,0.77644,0.80804,0.83262,0.87239,0.90753,0.94031,0.97308,1.0059,0.58599,1.0386,1.0783,1.1141,1.1503,1.1896,1.2224,1.2633,1.2979,1.3307,1.3662,0.56933,1.4062,1.439,1.4718,1.5045,1.5334,1.5601,1.5925,1.6171,1.6417,1.6663,0.54391,1.6909,1.714,1.7304,1.7546,1.7731,1.7938,1.8158,1.8322,1.8486,1.8722,0.5131,1.8913,1.9077,1.9241,1.9405,1.9569,1.9733,1.9897,2.003,2.0112,2.0194,0.50182,2.0276,2.0358,2.044,2.0522,2.0603,2.0685,2.0767,2.0849,1.8489,0.46085,0.44867,0.42419,0.39142,0.35675,0.31616,0.29977,0.28338,0.25743,0.23069,1.8161,0.21181,0.17903,0.1616,0.14521,0.11643,0.082556,0.066169,0.049782,0.019349,-0.002915,1.7834,-0.019302,-0.040844,-0.081812,-0.090204,-0.098398,-0.11581,-0.13471,-0.14611,-0.17889,-0.18168,1.743,-0.19886,-0.2274,-0.25141,-0.25183,-0.26003,-0.26822,-0.27641,-0.28461,-0.29434,-0.31073,1.7021,-0.31915,-0.33354,-0.34993,-0.36632,-0.3836,-0.40818,-0.42544,-0.44183,-0.462,-0.48456,1.6611,-0.5012,-0.52578,-0.55036,-0.57494,-0.59638,-0.61414,-0.63872,-0.6633,-0.68788,-0.71246,1.0,2.0
0.78119,0.7474,0.57842,0.77275,0.89356,1.0228,1.1183,1.2138,1.3092,1.4047,1.5002,1.5957,1.6586,0.56026,1.7528,1.8217,1.8694,1.9171,1.9649,2.0126,2.0316,2.0743,2.0992,2.0625,0.51252,2.0147,1.967,1.9193,1.8715,1.8187,1.7423,1.6945,1.613,1.5382,1.4499,0.49858,1.3811,1.2856,1.1901,1.0946,0.99918,0.9037,0.83865,0.71276,0.61729,0.52181,0.47703,0.42634,0.29707,0.2016,0.10613,0.010656,-0.084817,-0.18029,-0.27576,-0.37123,-0.46671,0.4707,-0.56218,-0.65765,-0.72947,-0.811,-0.85873,-0.93815,-0.988,-1.0357,-1.0835,-1.1312,0.44324,-1.1789,-1.2267,-1.2744,-1.3222,-1.3699,-1.4176,-1.4654,-1.4531,-1.4054,-1.3576,0.44324,-1.3437,-1.296,-1.2482,-1.1882,-1.119,-1.0712,-1.0235,-0.97533,-0.89422,-0.84648,0.44324,-0.7565,-0.68342,-0.60189,-0.53768,-0.47262,-0.41432,-0.34335,-0.29562,-0.22929,-0.16635,0.41493,-0.084817,-0.010467,0.05121,0.14668,0.24131,0.30383,0.3993,0.48591,0.55645,0.61813,0.7474,0.40099,0.7136,0.77824,0.87075,0.9413,1.0279,1.1234,1.2188,1.2805,1.349,1.4305,0.37565,1.4782,1.526,1.5889,1.6552,1.703,1.7507,1.7951,1.8124,1.8601,1.8741,0.34185,1.8964,1.9302,1.9108,1.8631,1.8153,1.7401,1.6785,1.583,1.4875,1.4077,0.32538,1.3304,1.2349,1.1631,1.0777,0.98228,0.88681,0.80316,0.72966,0.63418,0.53871,0.30806,0.44324,0.38156,0.28609,0.22441,0.12894,0.067263,-0.012156,-0.089886,-0.17522,-0.24704,0.30806,-0.33828,-0.40418,-0.46755,-0.56133,-0.63061,-0.71215,-0.78016,-0.87521,-0.93731,-1.0045,0.30806,-1.086,-1.1561,-1.2153,-1.263,-1.3108,-1.3585,-1.4062,-1.454,-1.5017,-1.5494,0.30806,-1.6098,-1.6787,-1.7264,-1.7742,-1.8219,-1.8549,-1.8836,-1.9224,-1.8996,-1.8549,0.30806,-1.838,-1.8211,-1.7763,-1.7285,-1.6808,-1.6141,-1.5515,-1.47,-1.3952,-1.2998,0.30806,-1.2043,-1.1426,-1.0471,-0.95167,-0.8562,-0.76073,-0.66526,-0.5871,-0.50811,-0.42404,0.73937,0.30806,-0.35096,-0.26098,-0.19381,-0.13171,-0.050176,-0.00244,0.079092,0.14837,0.21005,0.28989,0.30806,0.33763,0.41916,0.4669,0.54843,0.59616,0.6439,0.72543,0.77317,0.8209,0.86864,0.30806,0.91638,0.93032,0.97805,0.99199,1.0397,1.0537,1.0693,1.0216,0.97383,0.92609,0.30806,0.87836,0.83062,0.78288,0.70135,0.62742,0.57208,0.50407,0.44282,0.39508,0.34734,0.3089,0.29961,0.25187,0.20414,0.1564,0.10866,0.060926,0.01319,-0.034546,-0.082282,-0.13002,0.34185,-0.17775,-0.22549,-0.27323,-0.32096,-0.33321,-0.30026,-0.30026,-0.30026,-0.30026,-0.30026,0.31313,-0.30026,-0.3311,-0.33406,-0.33406,-0.33406,-0.33406,-0.33406,-0.33406,-0.33406,-0.30026,0.26539,-0.30026,-0.26647,-0.26647,-0.26647,-0.26647,-0.26647,-0.30026,-0.30026,-0.30026,-0.30026,0.21765,-0.27492,-0.26647,-0.26647,-0.26647,-0.26647,-0.26647,-0.27407,-0.30026,-0.30026,-0.28463,0.16992,-0.26647,-0.26647,-0.26647,-0.26647,-0.26647,-0.26647,-0.26647,-0.26647,0.7136,0.12218,0.074445,0.026708,-0.021028,-0.10256,-0.1503,-0.23098,-0.31336,-0.38813,-0.44263,0.7136,-0.51149,-0.5719,-0.61963,-0.66737,-0.7151,-0.76284,-0.84437,-0.89211,-0.90858,-0.95378,0.7136,-1.0015,-1.0155,-1.0632,-1.1109,-1.1587,-1.1789,-1.2203,-1.2681,-1.3158,-1.3636,0.68361,-1.4113,-1.459,-1.5068,-1.5545,-1.6022,-1.5866,-1.5727,-1.5249,-1.4772,-1.4295,0.64601,-1.3817,-1.3002,-1.2246,-1.1371,-1.0674,-0.96984,-0.84268,-0.74721,-0.6416,-0.49839,0.62193,-0.38898,-0.26393,-0.13636,-0.026942,0.090075,0.21934,0.33509,0.44408,0.55392,0.66882,0.0,2.0
1.828,1.7164,1.441,-0.56988,-0.59973,-0.6281,-0.65385,-0.6796,-0.70535,-0.73109,-0.75684,-0.78259,-0.81164,1.3876,-0.84305,-0.8688,-0.89455,-0.9203,-0.94605,-0.97281,-1.0065,-1.0323,-1.058,-1.0838,1.3533,-1.1176,-1.1442,-1.17,-1.2026,-1.2304,-1.2562,-1.2819,-1.3077,-1.3284,-1.3502,1.3149,-1.3717,-1.3927,-1.415,-1.4322,-1.4493,-1.4665,-1.4837,-1.4992,-1.509,-1.5254,1.2756,-1.534,-1.5425,-1.5511,-1.5597,-1.5604,-1.5679,-1.5694,-1.5694,-1.563,-1.5604,1.238,-1.5548,-1.5514,-1.5466,-1.5425,-1.5384,-1.5298,-1.5245,-1.5216,-1.513,-1.5044,1.1951,-1.4941,-1.4783,-1.4697,-1.4611,-1.4523,-1.4351,-1.4264,-1.4098,-1.4003,-1.3844,1.1522,-1.3672,-1.3566,-1.3419,-1.3247,-1.3075,-1.2904,-1.2732,-1.256,-1.2389,-1.2217,1.1093,-1.2045,-1.1846,-1.1612,-1.1441,-1.1269,-1.1097,-1.0917,-1.0664,-1.0493,-1.0321,1.0664,-1.0066,-0.98881,-0.97164,-0.95448,-0.93731,-0.92015,-0.90298,-0.88581,-0.86865,-0.85148,1.6951,1.0235,-0.83431,-0.81715,-0.79998,-0.78282,-0.76565,-0.74848,-0.73351,-0.72312,-0.70595,-0.68984,0.98056,-0.68058,-0.66371,-0.65512,-0.64654,-0.63796,-0.62938,-0.62079,-0.61221,-0.60363,-0.59504,0.93764,-0.58646,-0.58332,-0.57826,-0.56968,-0.56109,-0.55643,-0.55289,-0.54747,-0.54469,-0.5385,0.89473,-0.53649,-0.52954,-0.52828,-0.52058,-0.52008,-0.5115,-0.50292,-0.50265,-0.49471,-0.48613,0.85181,-0.48472,-0.47793,-0.47576,-0.46973,-0.46114,-0.45256,-0.44398,-0.43539,-0.42269,-0.40926,0.8173,-0.39732,-0.38313,-0.37195,-0.35479,-0.33762,-0.32191,-0.31225,-0.29509,-0.27792,-0.26075,0.75088,-0.2521,-0.23539,-0.22597,-0.21002,-0.19285,-0.1823,-0.16748,-0.15032,-0.13315,-0.11599,0.71278,-0.10353,-0.090617,-0.073451,-0.056285,-0.042301,-0.030917,-0.016171,-0.007588,0.002653,0.018542,0.68571,0.027125,0.036224,0.053255,0.061838,0.070421,0.08696,0.10413,0.1141,0.12949,0.14666,0.6462,0.16383,0.17532,0.18919,0.20145,0.21004,0.21862,0.2272,0.23578,0.24136,0.24399,1.6779,0.61628,0.25257,0.25929,0.26077,0.26935,0.27722,0.27756,0.28614,0.29472,0.30331,0.31189,0.59665,0.32047,0.33607,0.3466,0.36144,0.3786,0.39577,0.41294,0.43483,0.45623,0.47736,0.55654,0.50311,0.52886,0.55179,0.5714,0.59715,0.62289,0.64864,0.67347,0.69118,0.71693,0.53182,0.74268,0.76843,0.7862,0.81096,0.83671,0.86246,0.88821,0.91396,0.9397,0.96545,0.50334,0.99613,1.0259,1.0558,1.0864,1.1121,1.15,1.1995,1.2252,1.251,1.2767,0.4788,1.3025,1.3304,1.3809,1.4066,1.4324,1.4499,1.4749,1.5006,1.5194,1.5365,0.45758,1.56,1.5798,1.597,1.609,1.6176,1.6262,1.6348,1.6434,1.6519,1.6605,0.43474,1.6691,1.6777,1.6863,1.6949,1.7034,1.712,1.7206,1.7292,1.7378,1.7464,0.42616,1.7549,1.7635,1.7721,1.7807,1.7893,1.8036,1.8154,1.824,1.8326,1.8411,0.41757,1.8497,1.8583,1.8669,1.8755,1.8795,1.8728,1.8713,1.8627,1.6607,0.4063,0.39144,0.38286,0.37428,0.3657,0.35711,0.34934,0.3579,0.3579,0.3579,1.6365,0.31084,0.28172,0.27014,0.26156,0.25297,0.23251,0.21788,0.19894,0.17799,0.16524,1.6107,0.15665,0.14077,0.11829,0.095341,0.068539,0.055698,0.031697,0.015898,0.004357,-0.02937,1.5661,-0.054671,-0.063254,-0.071837,-0.10456,-0.10823,-0.13008,-0.13512,-0.14164,-0.17479,-0.19467,1.5264,-0.20325,-0.21183,-0.22503,-0.23796,-0.24655,-0.25513,-0.2668,-0.28397,-0.30114,-0.3183,1.4976,-0.33547,-0.35382,-0.37876,-0.39636,-0.42211,-0.44785,-0.4736,-0.49935,-0.5251,-0.55085,1.0,2.0
0.55919,0.50688,0.40768,1.1595,1.247,1.3516,1.4439,1.5311,1.6169,1.6866,1.7429,1.7953,1.845,0.39911,1.8799,1.9002,1.9176,1.9313,1.9313,1.9313,1.9107,1.8759,1.841,1.8061,0.39568,1.7598,1.7015,1.6323,1.58,1.5025,1.4225,1.351,1.2638,1.1767,1.0895,0.37824,1.0023,0.91509,0.8279,0.73128,0.63066,0.54347,0.45628,0.36909,0.27676,0.17213,0.3608,0.084658,-0.00253,-0.096007,-0.19977,-0.28696,-0.37415,-0.46134,-0.54653,-0.61628,-0.70003,0.35337,-0.77865,-0.8484,-0.91815,-0.97275,-1.0251,-1.0731,-1.108,-1.1428,-1.1777,-1.2072,0.3488,-1.2246,-1.2246,-1.2246,-1.2246,-1.2234,-1.206,-1.1754,-1.1483,-1.1263,-1.0739,0.33136,-1.0359,-0.99218,-0.93987,-0.88756,-0.81981,-0.75006,-0.68031,-0.61056,-0.52423,-0.43704,0.3305,-0.34985,-0.26266,-0.17548,-0.088288,-0.0011,0.087517,0.19214,0.28333,0.37852,0.48058,0.31935,0.56777,0.66953,0.76501,0.8522,0.93939,1.0266,1.1138,1.1961,1.2658,1.3525,0.47858,0.30763,1.4168,1.4691,1.5214,1.5737,1.6134,1.6483,1.6815,1.6989,1.7164,1.7338,0.30763,1.7455,1.7281,1.7106,1.6932,1.6718,1.6369,1.602,1.5671,1.5271,1.4748,0.30763,1.4225,1.3702,1.3116,1.2418,1.1721,1.1023,1.0251,0.93796,0.85077,0.76358,0.29534,0.66782,0.56634,0.47915,0.37681,0.26246,0.14469,0.040064,-0.080856,-0.19206,-0.30211,0.28476,-0.42418,-0.5288,-0.63343,-0.73805,-0.84268,-0.9473,-1.0388,-1.1183,-1.1903,-1.2775,0.28476,-1.3504,-1.4201,-1.4864,-1.5388,-1.5911,-1.6334,-1.6682,-1.7031,-1.738,-1.7617,0.28476,-1.7792,-1.796,-1.7786,-1.7734,-1.7666,-1.7477,-1.7128,-1.678,-1.6431,-1.6056,0.27133,-1.5533,-1.501,-1.4396,-1.3698,-1.3001,-1.2303,-1.1606,-1.0859,-0.99876,-0.91157,0.26189,-0.82438,-0.7372,-0.65001,-0.56282,-0.47563,-0.38844,-0.30126,-0.21407,-0.12688,-0.047982,0.25932,0.024627,0.11182,0.18414,0.25389,0.31964,0.37195,0.42426,0.47658,0.52374,0.55862,0.46771,0.24188,0.61064,0.63952,0.65695,0.67439,0.69183,0.70927,0.72671,0.74414,0.76158,0.77902,0.22444,0.79646,0.81389,0.83133,0.84877,0.86621,0.87936,0.87936,0.89565,0.91309,0.93052,0.20701,0.94796,0.9654,0.97083,0.97083,0.96969,0.95225,0.93481,0.91738,0.89994,0.8825,0.18957,0.85077,0.82476,0.80732,0.78988,0.75701,0.73214,0.71013,0.67525,0.62379,0.58263,0.17213,0.54776,0.51259,0.46028,0.40797,0.35566,0.30334,0.25103,0.21215,0.16927,0.11696,0.13897,0.064648,0.012335,-0.039978,-0.09229,-0.1446,-0.18119,-0.21607,-0.2558,-0.30812,-0.34356,0.1041,-0.367,-0.39044,-0.42532,-0.4602,-0.48249,-0.49993,-0.51737,-0.53481,-0.55224,-0.56968,0.064362,-0.58712,-0.60456,-0.62199,-0.63943,-0.65287,-0.65287,-0.63686,-0.63,-0.63,-0.63,0.012049,-0.63,-0.63,-0.63,-0.63,-0.63,-0.63,-0.63,-0.632,-0.64944,-0.65287,-0.023398,-0.66144,-0.67888,-0.69632,-0.71376,-0.73119,-0.75292,-0.78779,-0.82267,0.46771,-0.081142,-0.14489,-0.19777,-0.26752,-0.33727,-0.39988,-0.45562,-0.54281,-0.61628,-0.68603,0.46771,-0.75864,-0.84582,-0.91815,-0.9879,-1.0616,-1.1488,-1.22,-1.2898,-1.3544,-1.4067,0.45456,-1.459,-1.5113,-1.5573,-1.5922,-1.6271,-1.6491,-1.6665,-1.682,-1.682,-1.668,0.44484,-1.6505,-1.6299,-1.5951,-1.545,-1.4927,-1.4361,-1.3664,-1.2803,-1.1931,-1.106,0.44256,-1.0188,-0.93158,-0.83239,-0.73434,-0.64601,-0.54138,-0.43675,-0.33213,-0.22522,-0.10315,0.42512,0.004617,0.1181,0.24017,0.36223,0.46886,0.58349,0.70555,0.82761,0.9331,1.0489,0.0,2.0
0.73308,0.70612,0.69885,2.0594,2.0496,2.0337,2.0299,2.0029,1.8348,1.7111,1.5854,1.3766,1.2687,0.69885,1.1395,1.0048,0.86999,0.73522,0.60045,0.46567,0.31892,0.1619,0.02713,-0.35152,0.68345,-0.56758,-0.6754,-0.78065,-0.86151,-0.96462,-1.0425,-1.0964,-1.1503,-1.2042,-1.238,0.66462,-1.2521,-1.2521,-1.2521,-1.2521,-1.2342,-1.2072,-1.1768,-1.1229,-1.069,-1.0151,0.66462,-0.95264,-0.87306,-0.81915,-0.74428,-0.64973,-0.54833,-0.46746,-0.3866,-0.28691,-0.17909,0.66462,-0.071275,0.036542,0.14436,0.25218,0.36941,0.50204,0.60986,0.71768,0.82549,0.93331,0.66462,1.0411,1.1489,1.2371,1.3179,1.3988,1.4797,1.5605,1.6239,1.6778,1.7317,0.65136,1.7856,1.8168,1.8438,1.8707,1.8968,1.8968,1.8968,1.8438,1.7479,1.694,0.63039,1.6401,1.5862,1.5323,1.4745,1.3937,1.2657,1.1635,1.0736,0.96754,0.88668,0.63039,0.78442,0.6766,0.41134,-0.31643,-0.43409,-0.54191,-0.64973,-0.75754,-0.86536,-0.97318,0.69885,0.63039,-1.0639,-1.1447,-1.2256,-1.3065,-1.3651,-1.404,-1.4387,-1.4922,-1.5191,-1.526,0.612,-1.526,-1.526,-1.526,-1.5007,-1.4738,-1.4361,-1.3822,-1.3283,-1.2744,-1.2046,0.58504,-1.1238,-1.0429,-0.96205,-0.88119,-0.78664,-0.67882,-0.571,-0.46318,-0.35537,-0.236,0.55809,-0.1055,0.002315,0.11013,0.23464,0.35999,0.46781,0.57563,0.68345,0.79127,0.89908,0.53113,1.0069,1.0878,1.1686,1.2371,1.291,1.3449,1.3988,1.4527,1.4964,1.5233,0.50418,1.5503,1.5772,1.6042,1.623,1.623,1.623,1.623,1.5699,1.4801,1.4531,0.47723,1.2722,1.1571,1.0762,0.9838,0.82207,0.70741,0.61585,0.526,0.41818,0.31036,0.44129,0.20255,0.09473,-0.013088,-0.12091,-0.22872,-0.54833,-0.82086,-0.92398,-1.0048,-1.0613,0.38909,-1.1323,-1.2034,-1.2573,-1.3112,-1.3428,-1.3698,-1.3967,-1.4237,-1.4507,-1.4575,0.36213,-1.4575,-1.4575,-1.4575,-1.4575,-1.4395,-1.4233,-1.4199,-1.3929,-1.389,-1.3732,0.69885,0.33518,-1.3463,-1.3193,-1.2924,-1.2654,-1.2384,-1.2115,-1.1845,-1.1576,-1.1306,-1.1037,0.29411,-1.0767,-1.0498,-1.0228,-0.99585,-0.95949,-0.90772,-0.88076,-0.85381,-0.82685,-0.7999,0.2402,-0.77295,-0.71904,-0.68481,-0.65785,-0.6309,-0.60395,-0.55218,-0.51581,-0.48885,-0.4619,0.18629,-0.43495,-0.38532,-0.34681,-0.31985,-0.2929,-0.26595,-0.23899,-0.21204,-0.18508,-0.15813,0.15891,-0.13117,-0.10422,-0.077265,-0.050311,-0.023356,-0.019934,-0.003675,0.014294,0.012583,-0.014372,0.093446,-0.019934,-0.019934,-0.013088,0.013866,0.014294,0.014294,0.014294,0.014294,0.014294,0.014294,0.024563,0.014294,0.014294,0.014294,0.014294,0.036542,0.048522,0.048522,0.048522,0.048522,0.068631,-0.029346,0.08275,0.08275,0.08275,0.08275,0.08275,0.072054,0.048522,0.048522,0.048522,0.032692,-0.083255,0.014294,0.013011,-0.013944,-0.019934,-0.033625,-0.054161,-0.054161,-0.054161,-0.054161,-0.065713,-0.16155,-0.088389,-0.088389,-0.088389,-0.088389,-0.088389,-0.088389,-0.088389,-0.11021,0.69885,-0.24241,-0.32328,-0.40157,-0.45548,-0.53164,-0.6125,-0.69337,-0.7738,-0.82771,-0.88162,0.69885,-0.94836,-1.0181,-1.0451,-1.0973,-1.1332,-1.1601,-1.1871,-1.2141,-1.241,-1.2521,0.69885,-1.2521,-1.2509,-1.2239,-1.1969,-1.17,-1.1366,-1.0827,-1.0288,-0.97489,-0.90943,0.69885,-0.82857,-0.7477,-0.64288,-0.53506,-0.42724,-0.31943,-0.21161,-0.081971,0.038254,0.15334,0.69885,0.28812,0.39593,0.52343,0.6582,0.78784,0.89566,1.0283,1.1455,1.2533,1.3612,0.69885,1.469,1.5541,1.6504,1.7419,1.7967,1.8776,1.9379,1.9785,2.0055,2.0325,2.0,2.0
-2.3915,-2.0677,-1.6785,-0.6408,-0.64181,-0.65193,-0.65296,-0.66001,-0.67013,-0.67728,-0.67822,-0.68834,-0.69846,-1.6563,-0.70858,-0.71871,-0.72883,-0.73895,-0.74907,-0.76816,-0.78147,-0.79159,-0.80457,-0.82399,-1.626,-0.83411,-0.84424,-0.85436,-0.86448,-0.8746,-0.88472,-0.89484,-0.90496,-0.9287,-0.94475,-1.6056,-0.94749,-0.95621,-0.94609,-0.94475,-0.938,-0.93259,-0.92992,-0.9198,-0.90968,-0.89955,-1.5854,-0.88943,-0.87931,-0.86658,-0.84691,-0.83679,-0.82667,-0.81655,-0.80642,-0.7963,-0.78567,-1.5651,-0.76542,-0.75378,-0.69114,-0.62722,-0.59436,-0.55433,-0.52397,-0.48506,-0.44458,-0.40856,-1.5488,-0.37576,-0.33528,-0.29479,-0.26278,-0.23242,-0.20206,-0.17169,-0.14133,-0.11096,-0.080599,-1.5386,-0.050235,-0.01987,0.010494,0.040858,0.071223,0.10159,0.13195,0.16232,0.19043,0.21067,-1.5285,0.23092,0.25116,0.2714,0.29165,0.3097,0.31982,0.32994,0.33183,0.33803,0.34815,-1.5184,0.35614,0.35614,0.35614,0.35614,0.35614,0.35204,0.34399,0.34395,0.33383,0.3156,-1.9701,-1.5083,0.30143,0.28727,0.26903,0.25891,0.2387,0.21845,0.19821,0.18195,0.16988,0.14964,-1.4981,0.13943,0.12931,0.11919,0.11299,0.1111,0.10098,0.04101,0.019947,0.009825,0.003564,-1.488,0.003564,0.003564,0.003564,0.003564,0.003564,0.007364,0.017485,0.027606,0.037728,0.047849,-1.4797,0.057971,0.068092,0.079916,0.10016,0.11061,0.12849,0.14302,0.15681,0.18855,0.27964,-1.4797,0.30265,0.32289,0.34313,0.36699,0.39578,0.41602,0.43626,0.45651,0.47675,0.49699,-1.4797,0.51875,0.54912,0.56988,0.59012,0.61036,0.63061,0.65085,0.67109,0.69134,0.70407,-1.4797,0.71966,0.73991,0.76015,0.78039,0.80064,0.82088,0.83571,0.84583,0.85595,0.86608,-1.4797,0.8762,0.87893,0.88428,0.89109,0.89109,0.89109,0.89109,0.88376,0.87893,0.87893,-1.4797,0.87772,0.86759,0.86677,0.86677,0.86155,0.85462,0.85346,0.84334,0.83322,0.8303,-1.4797,0.82513,0.81814,0.81705,0.80693,0.80598,0.79884,0.79383,0.79076,0.78064,0.77051,-1.9297,-1.4797,0.76039,0.75735,0.75231,0.74219,0.73206,0.72194,0.70276,0.68954,0.67942,0.6693,-1.4797,0.65827,0.63802,0.62678,0.61666,0.61146,0.60857,0.5993,0.5993,0.60824,0.61146,-1.4797,0.61632,0.62644,0.63735,0.6576,0.66897,0.68593,0.70137,0.71425,0.73523,0.76559,-1.4797,0.84884,0.89249,0.91747,0.94513,0.96604,0.99641,1.018,1.045,1.0753,1.1031,-1.4797,1.1239,1.1543,1.1759,1.2028,1.2286,1.2514,1.2812,1.3015,1.3217,1.342,-1.4797,1.3622,1.3825,1.4022,1.4123,1.4225,1.4326,1.4427,1.4528,1.4629,1.4731,-1.4797,1.4832,1.4868,1.4913,1.499,1.4993,1.5095,1.5111,1.5111,1.5111,1.5111,-1.4797,1.5111,1.5111,1.5111,1.5048,1.499,1.499,1.4992,1.5093,1.5111,1.5111,-1.472,1.5154,1.5255,1.5356,1.5458,1.5642,1.5844,1.6004,1.6149,1.6451,1.6654,-1.4675,1.6856,1.7059,1.7261,1.7463,1.7665,1.7766,1.7868,1.7908,-1.8892,-1.4675,-1.4659,-1.4558,-1.4554,-1.4477,-1.4376,-1.4275,-1.4174,-1.4072,-1.3875,-1.8507,-1.3748,-1.3592,-1.3389,-1.3172,-1.2868,-1.266,-1.2382,-1.2134,-1.1897,-1.1607,-1.8203,-1.1405,-1.1107,-1.0878,-1.0622,-1.0352,-1.0136,-0.98323,-0.96232,-0.94208,-0.92183,-1.7799,-0.90159,-0.88135,-0.86111,-0.84086,-0.82062,-0.80038,-0.78342,-0.77205,-0.75181,-0.74089,-1.7394,-0.72348,-0.70849,-0.69515,-0.67609,-0.66597,-0.65585,-0.65296,-0.64776,-0.6408,-0.63968,-1.7049,-0.62956,-0.62865,-0.62865,-0.62865,-0.62865,-0.62865,-0.62865,-0.62865,-0.63576,-0.6408,5.0,2.0
0.054844,0.12974,0.14847,1.0847,1.16,1.2353,1.3009,1.3573,1.4138,1.4603,1.498,1.5255,1.5443,0.14847,1.5631,1.5716,1.5716,1.561,1.5422,1.5126,1.4749,1.4373,1.3886,1.3322,0.14847,1.2645,1.1892,1.1139,1.0271,0.94465,0.85767,0.76358,0.6576,0.55667,0.46258,0.14847,0.35631,0.25567,0.14922,0.048759,-0.045334,-0.15207,-0.25224,-0.35916,-0.45915,-0.55325,0.14978,-0.64734,-0.74143,-0.82223,-0.91089,-0.9915,-1.0668,-1.1421,-1.2173,-1.2787,-1.3352,0.16719,-1.3917,-1.434,-1.4716,-1.5092,-1.5325,-1.5368,-1.5514,-1.5555,-1.5555,-1.5406,0.16719,-1.5218,-1.503,-1.4842,-1.4653,-1.4465,-1.4123,-1.3746,-1.337,-1.2993,-1.2617,0.16719,-1.2081,-1.1517,-1.0952,-1.0388,-0.98233,-0.90949,-0.83421,-0.77551,-0.70239,-0.61036,0.16719,-0.53312,-0.45784,-0.36553,-0.27144,-0.17734,-0.083252,0.010841,0.10493,0.19903,0.29312,0.16719,0.36942,0.46258,0.5387,0.61397,0.68924,0.76452,0.83979,0.91507,0.9718,1.0469,0.12974,0.16907,1.1034,1.1599,1.2163,1.2725,1.3102,1.3478,1.3854,1.4224,1.442,1.4788,0.18592,1.4976,1.5154,1.5154,1.5142,1.494,1.4578,1.436,1.3811,1.3418,1.2853,0.18592,1.2289,1.1705,1.0952,1.0221,0.96338,0.8881,0.81283,0.73503,0.64355,0.56557,0.18592,0.47147,0.37738,0.28329,0.1892,0.095103,0.00101,-0.093082,-0.19064,-0.29999,-0.39408,0.18592,-0.48818,-0.58227,-0.67636,-0.77045,-0.86043,-0.93992,-1.0297,-1.105,-1.1758,-1.2322,0.18592,-1.2887,-1.3451,-1.3967,-1.4343,-1.472,-1.5045,-1.5233,-1.5421,-1.5609,-1.5797,0.18592,-1.5986,-1.606,-1.5929,-1.5929,-1.5929,-1.5929,-1.5868,-1.5679,-1.5491,-1.5303,0.18592,-1.5115,-1.486,-1.4484,-1.4108,-1.3662,-1.3097,-1.2533,-1.1968,-1.1404,-1.0765,0.1833,-1.0012,-0.93355,-0.86942,-0.79414,-0.71887,-0.65155,-0.58704,-0.51177,-0.4365,-0.36122,0.16719,-0.29437,-0.22088,-0.1354,-0.060127,0.015147,0.099316,0.18442,0.26878,0.35369,0.43824,0.12974,0.16438,0.52297,0.59824,0.67351,0.74879,0.82406,0.89934,0.96469,1.0312,1.0963,1.1528,0.14557,1.2092,1.2657,1.3117,1.3599,1.4057,1.4433,1.4918,1.5373,1.5749,1.6014,0.12675,1.6315,1.6691,1.6953,1.7141,1.733,1.7518,1.7588,1.7469,1.7281,1.7093,0.10484,1.6905,1.6716,1.6405,1.6028,1.5652,1.5149,1.4585,1.4148,1.3514,1.2891,0.070386,1.2326,1.1762,1.1064,1.0445,0.97461,0.91291,0.85646,0.78624,0.71096,0.63569,0.04829,0.57446,0.50387,0.42859,0.36764,0.31119,0.25473,0.19828,0.15652,0.11888,0.096132,0.010653,0.062334,0.039771,0.020952,0.002134,-0.016685,-0.035503,-0.054322,-0.057505,-0.073234,-0.07623,-0.026984,-0.07623,-0.09224,-0.094955,-0.094955,-0.094955,-0.094955,-0.094955,-0.094955,-0.094955,-0.11171,-0.068178,-0.11368,-0.11368,-0.11368,-0.11368,-0.11368,-0.131,-0.1324,-0.1324,-0.1324,-0.1501,-0.12463,-0.15113,-0.16901,-0.16985,-0.16985,-0.18802,-0.18858,-0.20693,-0.2073,0.12974,-0.18109,-0.23754,-0.294,-0.35046,-0.41103,-0.4863,-0.56158,-0.63245,-0.6934,-0.76868,0.12974,-0.84395,-0.91445,-0.97577,-1.0461,-1.1025,-1.159,-1.2155,-1.2719,-1.3229,-1.3606,0.12974,-1.3982,-1.4358,-1.4677,-1.4865,-1.5053,-1.518,-1.5119,-1.493,-1.4742,-1.4554,0.12974,-1.43,-1.3924,-1.3548,-1.3103,-1.2608,-1.2091,-1.1409,-1.0773,-1.002,-0.92671,0.13049,-0.84395,-0.74986,-0.65577,-0.56167,-0.46758,-0.36553,-0.26067,-0.15843,-0.05376,0.048665,0.14847,0.15315,0.25576,0.36006,0.45415,0.54824,0.65123,0.74617,0.83052,0.92461,1.0094,0.0,2.0
1.9969,1.9765,1.7694,-0.64402,-0.67317,-0.70479,-0.7364,-0.75815,-0.78976,-0.81985,-0.84313,-0.87188,-0.89649,1.7355,-0.92811,-0.95486,-0.98147,-1.0069,-1.028,-1.0566,-1.08,-1.1011,-1.1317,-1.1531,1.6904,-1.1742,-1.1953,-1.2163,-1.2374,-1.2585,-1.2796,-1.2957,-1.3119,-1.3266,-1.3441,1.6637,-1.3576,-1.3681,-1.3876,-1.3991,-1.4096,-1.4201,-1.4307,-1.4437,-1.4616,-1.4722,1.6333,-1.4827,-1.4932,-1.5038,-1.5143,-1.5249,-1.5276,-1.5276,-1.5276,-1.5179,-1.5172,1.5722,-1.5079,-1.506,-1.498,-1.4948,-1.4881,-1.4836,-1.4783,-1.4724,-1.4684,-1.4612,1.5471,-1.4506,-1.4486,-1.4394,-1.4289,-1.4282,-1.4177,-1.4092,-1.4065,-1.3959,-1.3854,1.4806,-1.3748,-1.3697,-1.3636,-1.3531,-1.3426,-1.332,-1.3215,-1.3109,-1.3004,-1.2899,1.4511,-1.2793,-1.2688,-1.2582,-1.2442,-1.2273,-1.2168,-1.2062,-1.1957,-1.1783,-1.1647,1.399,-1.146,-1.1338,-1.1138,-1.1026,-1.0824,-1.0703,-1.0515,-1.0409,-1.0268,-1.01,1.966,1.3675,-0.9945,-0.97902,-0.96222,-0.94807,-0.93753,-0.91873,-0.90658,-0.88644,-0.87524,-0.85522,1.3272,-0.84295,-0.82188,-0.80386,-0.78959,-0.77291,-0.75731,-0.73623,-0.72154,-0.70395,-0.69059,1.3061,-0.67166,-0.65964,-0.63938,-0.61882,-0.60709,-0.58787,-0.57481,-0.55692,-0.54253,-0.52597,1.2523,-0.51024,-0.49501,-0.48448,-0.46675,-0.45352,-0.44299,-0.43245,-0.42191,-0.41201,-0.4107,1.1803,-0.40016,-0.39226,-0.38896,-0.38239,-0.37775,-0.37252,-0.36655,-0.36265,-0.35534,-0.35277,1.1442,-0.34413,-0.3429,-0.33303,-0.33226,-0.32172,-0.31328,-0.31052,-0.29998,-0.28944,-0.2789,1.1231,-0.26293,-0.24795,-0.23065,-0.20214,-0.17862,-0.14878,-0.12659,-0.10573,-0.094306,-0.074783,1.102,-0.062022,-0.040944,-0.02342,-0.00866,0.007531,0.023624,0.038482,0.049021,0.067113,0.079972,1.0546,0.090511,0.10105,0.11159,0.12213,0.13267,0.14321,0.15676,0.17416,0.1847,0.19524,1.0302,0.20578,0.21631,0.22685,0.23739,0.24793,0.25847,0.27869,0.28942,0.29996,0.3105,1.9554,0.99929,0.32104,0.33471,0.35199,0.36253,0.37307,0.38941,0.40402,0.41456,0.4251,0.4441,0.9773,0.45605,0.46659,0.47713,0.48767,0.4982,0.50874,0.51928,0.52982,0.54036,0.55616,0.94095,0.57131,0.58185,0.59239,0.60293,0.61347,0.63326,0.64442,0.65496,0.6655,0.67604,0.8867,0.68658,0.69712,0.70765,0.71819,0.72873,0.73927,0.74981,0.76035,0.77089,0.78143,0.85688,0.79197,0.80233,0.80317,0.81371,0.82208,0.82492,0.83195,0.83612,0.84666,0.8572,0.80419,0.86774,0.87828,0.88882,0.89936,0.9099,0.92044,0.93127,0.95139,0.96518,0.99451,0.75998,1.0156,1.033,1.0479,1.0789,1.1098,1.1308,1.1589,1.1981,1.2237,1.2537,0.73819,1.2757,1.3075,1.3486,1.3785,1.3995,1.4206,1.4492,1.4825,1.5036,1.5247,0.70533,1.5457,1.581,1.6077,1.6287,1.6498,1.6904,1.7117,1.734,1.7675,1.8046,0.67762,1.8256,1.8467,1.8723,1.8935,1.91,1.9245,1.935,1.9456,1.9422,0.67399,0.64368,0.62625,0.62463,0.61505,0.60377,0.57422,0.56369,0.54841,0.51983,1.9245,0.49505,0.47217,0.45156,0.43134,0.4017,0.38065,0.37011,0.35957,0.35806,0.31926,1.914,0.29833,0.27967,0.20814,0.19761,0.18707,0.17653,0.16599,0.15545,0.13909,0.1245,1.8754,0.1068,0.093547,0.074517,0.053439,0.032361,0.011283,-0.009796,-0.030874,-0.054568,-0.082903,1.8336,-0.10793,-0.13493,-0.16129,-0.18696,-0.21465,-0.23899,-0.26802,-0.29102,-0.32138,-0.34312,1.8171,-0.374,-0.39649,-0.42603,-0.44985,-0.47806,-0.50321,-0.53483,-0.56104,-0.58819,-0.61981,1.0,2.0
1.6131,1.5397,1.3699,-0.76298,-0.78395,-0.80492,-0.83504,-0.85802,-0.87899,-0.89996,-0.92093,-0.9477,-0.97403,1.3489,-0.995,-1.0198,-1.0481,-1.0691,-1.0918,-1.1222,-1.1431,-1.1641,-1.1851,-1.2156,1.3186,-1.2382,-1.2674,-1.2989,-1.3234,-1.3506,-1.3765,-1.4024,-1.4296,-1.4506,-1.4744,1.2735,-1.5037,-1.5246,-1.5456,-1.5664,-1.5769,-1.5974,-1.6183,-1.6306,-1.6411,-1.6516,1.2436,-1.6621,-1.6726,-1.6777,-1.6824,-1.6929,-1.7,-1.7027,-1.7112,-1.7125,-1.7223,1.1758,-1.7223,-1.7328,-1.7335,-1.7426,-1.7446,-1.7446,-1.7375,-1.727,-1.7165,-1.706,1.1535,-1.6955,-1.6851,-1.6746,-1.6641,-1.6518,-1.632,-1.6215,-1.611,-1.5902,-1.5789,1.101,-1.5684,-1.5496,-1.5362,-1.5188,-1.4979,-1.4825,-1.4671,-1.4461,-1.4251,-1.4042,1.0794,-1.3832,-1.3622,-1.3413,-1.3201,-1.2886,-1.2672,-1.2368,-1.2054,-1.1739,-1.1425,1.0584,-1.111,-1.0796,-1.0481,-1.0166,-0.98518,-0.95373,-0.91959,-0.87966,-0.8482,-0.81607,1.5153,1.0107,-0.77413,-0.74267,-0.7014,-0.6686,-0.63715,-0.60569,-0.57423,-0.54924,-0.52247,-0.49615,0.98302,-0.47517,-0.45799,-0.44439,-0.42587,-0.41538,-0.4049,-0.39441,-0.38392,-0.37344,-0.36295,0.95446,-0.35247,-0.34198,-0.3315,-0.32101,-0.31677,-0.31119,-0.30071,-0.29022,-0.28331,-0.28041,0.90226,-0.27215,-0.27059,-0.261,-0.26077,-0.25029,-0.24984,-0.24047,-0.22998,-0.2195,-0.20901,0.86433,-0.19853,-0.18804,-0.1722,-0.15591,-0.14141,-0.12379,-0.11062,-0.091661,-0.079837,-0.059535,0.81547,-0.049049,-0.028077,-0.016922,-0.006436,0.00405,0.014535,0.025021,0.035507,0.045993,0.056478,0.76661,0.062502,0.066295,0.076781,0.087266,0.095967,0.097083,0.10757,0.11805,0.12854,0.12943,0.73292,0.13836,0.14884,0.15174,0.15866,0.16914,0.17963,0.19012,0.2006,0.21109,0.22157,0.6912,0.23206,0.24098,0.24188,0.25236,0.26285,0.27333,0.28382,0.29431,0.30479,0.31528,0.67023,0.32576,0.33625,0.34673,0.35722,0.37172,0.38935,0.39983,0.41032,0.4208,0.43196,1.5035,0.64034,0.45293,0.46342,0.48372,0.49554,0.51451,0.53548,0.54931,0.56627,0.58724,0.60821,0.58367,0.62918,0.64636,0.65997,0.68094,0.70013,0.71173,0.73225,0.74274,0.76349,0.77487,0.56002,0.79428,0.80699,0.81748,0.83488,0.84961,0.86009,0.87549,0.89222,0.9027,0.91609,0.50826,0.93483,0.94532,0.9558,0.96629,0.97677,0.98726,1.0071,1.0194,1.0379,1.0515,0.48729,1.062,1.0785,1.0941,1.1046,1.1151,1.1256,1.1387,1.1577,1.1682,1.1787,0.46632,1.1892,1.1997,1.2101,1.2206,1.2311,1.2416,1.2521,1.2626,1.2731,1.2887,0.44535,1.3052,1.3157,1.3262,1.3366,1.3471,1.3576,1.3681,1.3786,1.3788,1.3884,0.39827,1.3989,1.4094,1.4123,1.4192,1.4297,1.4402,1.4457,1.4542,1.4716,1.4821,0.37797,1.4926,1.5031,1.5136,1.524,1.5345,1.545,1.5555,1.566,1.5765,1.587,0.36748,1.5908,1.5968,1.6073,1.6177,1.6282,1.6387,1.6465,1.6445,1.4846,0.357,0.34049,0.32487,0.31438,0.3039,0.29007,0.27177,0.26129,0.2508,0.23965,1.4714,0.21867,0.20819,0.1977,0.18722,0.17673,0.16624,0.15576,0.15174,0.14594,0.13546,1.4538,0.12497,0.11069,0.092844,0.084812,0.079458,0.051347,0.050901,0.040415,0.029929,0.000257,1.4328,-0.013352,-0.015584,-0.023169,-0.054403,-0.071359,-0.076937,-0.087422,-0.097908,-0.1191,-0.16685,1.4118,-0.22753,-0.27371,-0.28955,-0.36161,-0.3721,-0.39263,-0.44171,-0.45933,-0.46179,-0.52069,1.3909,-0.56441,-0.57936,-0.5952,-0.61149,-0.62599,-0.64696,-0.66793,-0.68891,-0.71122,-0.742,1.0,2.0
0.86446,0.84001,0.79113,0.22893,0.27586,0.34724,0.41861,0.48999,0.55403,0.60829,0.67967,0.75104,0.79797,0.76668,0.86934,0.94072,1.0121,1.0835,1.1656,1.2507,1.3308,1.4178,1.4892,1.5606,0.76668,1.632,1.7033,1.7503,1.8075,1.8676,1.9033,1.939,1.9747,2.0103,2.0133,0.74273,1.9937,1.6202,0.46554,0.33795,0.21525,0.099385,-0.007676,-0.11474,-0.23353,-0.33033,0.74224,-0.43592,-0.52196,-0.61778,-0.68915,-0.76052,-0.8319,-0.89936,-0.9502,-0.99518,-1.0309,0.72024,-1.0666,-1.0778,-1.091,-1.1154,-1.136,-1.1399,-1.1399,-1.1399,-1.1399,-1.112,0.7178,-1.0763,-1.0392,-0.98051,-0.92087,-0.8495,-0.77812,-0.70675,-0.63538,-0.564,-0.49263,0.7178,-0.39681,-0.3093,-0.20224,-0.10936,-0.012564,0.082275,0.17711,0.25973,0.36679,0.44941,0.72464,0.55647,0.66353,0.78819,0.9021,1.0092,1.1162,1.2233,1.3059,1.4012,1.4726,0.74224,1.5538,1.6398,1.719,1.807,1.8784,1.9326,1.9683,2.004,2.0377,2.0245,0.84001,0.74224,2.0133,1.8671,1.6505,1.5699,1.4834,1.3875,1.2976,1.1959,1.1079,1.0008,0.74224,0.89379,0.81117,0.70411,0.621,0.51443,0.40737,-0.32837,-0.46672,-0.56693,-0.6564,0.76668,-0.7879,-0.89496,-0.99909,-1.0846,-1.1663,-1.2377,-1.2856,-1.3212,-1.3569,-1.3926,0.76668,-1.4088,-1.4396,-1.4576,-1.4576,-1.4576,-1.4576,-1.4576,-1.4572,-1.4332,-1.4102,0.76668,-1.399,-1.3843,-1.352,-1.3164,-1.2807,-1.245,-1.2054,-1.1492,-1.089,-1.0402,0.76668,-0.96878,-0.89741,-0.84852,-0.7791,-0.70773,-0.63635,-0.56498,-0.49361,-0.42223,-0.34744,0.76668,-0.25504,-0.15922,-0.075139,0.031922,0.11454,0.2216,0.32866,0.43572,0.54963,0.67429,0.76668,0.80579,0.91285,1.0444,1.1514,1.234,1.3289,1.4002,1.4716,1.543,1.6061,0.76668,1.6613,1.7263,1.762,1.8221,1.8422,1.8666,1.8392,1.8172,1.7698,1.5836,0.75837,1.5146,1.4579,1.3553,1.1983,1.0424,0.93534,0.82828,0.72122,0.61611,0.53154,0.81557,0.72269,0.42448,-0.28242,-0.35379,-0.44374,-0.52489,-0.60947,-0.64515,-0.72973,-0.76541,-0.80452,0.687,-0.86123,-0.89692,-0.9326,-0.94434,-0.97953,-1.0152,-1.0597,-1.1311,-1.178,-1.2313,0.66891,-1.267,-1.3027,-1.3139,-1.3354,-1.3599,-1.3721,-1.3843,-1.4088,-1.4303,-1.4332,0.64007,-1.4332,-1.4332,-1.4332,-1.4332,-1.4332,-1.4088,-1.4088,-1.4083,-1.3843,-1.3613,0.60438,-1.3501,-1.3354,-1.3032,-1.2675,-1.2377,-1.2205,-1.1849,-1.1492,-1.089,-1.0534,0.56869,-1.0177,-0.95754,-0.92185,-0.86172,-0.8055,-0.74146,-0.68719,-0.61582,-0.54445,-0.49752,0.53301,-0.42614,-0.35623,-0.30784,-0.23646,-0.18953,-0.11816,-0.071228,0.000146,0.047077,0.10036,0.52176,0.16049,0.19618,0.23187,0.25338,0.2788,0.30226,0.30226,0.32671,0.32671,0.3184,0.48608,0.30226,0.30226,0.28466,0.27782,0.26218,0.25338,0.23969,0.22893,0.2172,0.20449,0.45039,0.20449,0.20449,0.20449,0.20449,0.20449,0.20449,0.20449,0.21965,0.81557,0.4147,0.37901,0.34333,0.30764,0.24751,0.21182,0.14778,0.091563,0.029478,-0.041896,0.81557,-0.11327,-0.1734,-0.23157,-0.30295,-0.35379,-0.41392,-0.46818,-0.51512,-0.56987,-0.63342,0.79699,-0.70479,-0.75172,-0.8231,-0.87052,-0.93065,-0.96634,-0.97758,-1.0133,-1.0245,-1.0421,0.79113,-1.0666,-1.0666,-1.0636,-1.0421,-1.0167,-0.981,-0.94531,-0.90963,-0.89545,-0.8627,0.79113,-0.82701,-0.79132,-0.75564,-0.71555,-0.65982,-0.59969,-0.564,-0.50387,-0.45645,-0.40805,0.79113,-0.36259,-0.31224,-0.25211,-0.19735,-0.12598,-0.054606,-0.007676,0.048544,0.11063,0.1688,2.0,2.0
-2.0802,-1.9812,-1.8328,-0.73261,-0.72968,-0.72002,-0.71753,-0.70742,-0.70538,-0.69483,-0.69483,-0.69344,-0.68223,-1.8182,-0.68223,-0.68223,-0.68173,-0.66964,-0.66964,-0.66964,-0.66964,-0.66964,-0.66964,-0.65808,-1.7958,-0.65704,-0.65704,-0.65704,-0.65704,-0.64659,-0.64445,-0.64445,-0.63466,-0.63185,-0.6225,-1.7808,-0.61926,-0.61035,-0.60667,-0.5982,-0.59407,-0.58604,-0.58148,-0.57389,-0.56151,-0.55629,-1.7589,-0.54936,-0.53699,-0.5311,-0.52483,-0.51246,-0.50008,-0.48771,-0.47534,-0.46812,-0.46318,-1.7435,-0.45081,-0.43843,-0.42606,-0.41368,-0.40515,-0.40153,-0.38916,-0.37678,-0.36441,-0.35477,-1.722,-0.35225,-0.33988,-0.32751,-0.31513,-0.30276,-0.29038,-0.27801,-0.26564,-0.25402,-0.25348,-1.6973,-0.24111,-0.22873,-0.21636,-0.21623,-0.2042,-0.20364,-0.19205,-0.19104,-0.1799,-0.17845,-1.6725,-0.16774,-0.16585,-0.15559,-0.14322,-0.14067,-0.13106,-0.11869,-0.10631,-0.093939,-0.090287,-1.6562,-0.081785,-0.069411,-0.057037,-0.044663,-0.032289,-0.027314,-0.020135,-0.007761,0.004614,0.016988,-1.9673,-1.6356,0.029362,0.041736,0.05411,0.066485,0.078859,0.091233,0.10361,0.11123,0.11576,0.12814,-1.6109,0.13642,0.13642,0.14007,0.14901,0.14901,0.152,0.16161,0.16161,0.16161,0.16372,-1.5861,0.1742,0.1742,0.1742,0.17543,0.18679,0.18758,0.19939,0.19974,0.21198,0.21198,-1.5689,0.21198,0.22404,0.22458,0.2362,0.24857,0.24977,0.26072,0.2731,0.27496,0.28525,-1.5492,0.29763,0.31,0.31274,0.32216,0.33453,0.33793,0.34668,0.35906,0.36312,0.37121,-1.5245,0.37571,0.38336,0.39574,0.40811,0.4135,0.42027,0.43264,0.44502,0.45739,0.46976,-1.5066,0.48214,0.49451,0.50166,0.50667,0.51904,0.53141,0.53944,0.54357,0.55204,0.55204,-1.4942,0.5555,0.56788,0.57723,0.58003,0.5924,0.60242,0.60456,0.61693,0.62931,0.64168,-1.4754,0.65405,0.66643,0.6788,0.69118,0.70317,0.70333,0.71571,0.72808,0.74045,0.75283,-1.4569,0.7652,0.77758,0.78995,0.80232,0.8147,0.82707,0.83945,0.85182,0.8642,0.88624,-1.9549,-1.4445,0.90154,0.91391,0.92629,0.93866,0.94247,0.95082,0.96319,0.96766,0.97534,0.98025,-1.4321,0.9875,0.99285,0.99285,0.99285,0.99921,1.0054,1.0054,1.0111,1.018,1.018,-1.4198,1.0231,1.0355,1.0478,1.0602,1.0726,1.081,1.0847,1.0936,1.0936,1.0967,-1.4074,1.1062,1.1062,1.1086,1.1188,1.1207,1.1331,1.144,1.1453,1.1576,1.1692,-1.395,1.1698,1.1822,1.1946,1.2069,1.2193,1.2317,1.244,1.2564,1.2688,1.2812,-1.3827,1.2935,1.2951,1.3057,1.3181,1.3203,1.3302,1.3426,1.3455,1.3548,1.3581,-1.3703,1.3581,1.3667,1.3707,1.3788,1.3912,1.4036,1.416,1.4211,1.4281,1.4405,-1.3579,1.4529,1.4652,1.4776,1.49,1.5024,1.5202,1.5397,1.5572,1.5771,1.5941,-1.3455,1.6188,1.6435,1.6683,1.693,1.7178,1.7425,1.7642,1.7794,1.8015,1.8163,-1.3332,1.8389,1.8513,1.8619,1.8634,1.8758,1.8882,1.9005,1.9129,-1.9309,-1.3208,-1.3084,-1.296,-1.2837,-1.2713,-1.2616,-1.2616,-1.2593,-1.249,-1.249,-1.9176,-1.2474,-1.2364,-1.2353,-1.2238,-1.2231,-1.2107,-1.1984,-1.186,-1.186,-1.1738,-1.9052,-1.1495,-1.1365,-1.1241,-1.1117,-1.0994,-1.087,-1.064,-1.0496,-1.0373,-1.0249,-1.8818,-1.0028,-0.98756,-0.97518,-0.96281,-0.95044,-0.93806,-0.92569,-0.90509,-0.89634,-0.88856,-1.8679,-0.87619,-0.86382,-0.85144,-0.83907,-0.82669,-0.81432,-0.80818,-0.80217,-0.79558,-0.79001,-1.8555,-0.78299,-0.78299,-0.77808,-0.7704,-0.7704,-0.76614,-0.7578,-0.75399,-0.74521,-0.74184,3.0,2.0
2.1666,1.9787,1.5837,-0.56134,-0.58303,-0.60471,-0.62639,-0.65367,-0.68142,-0.7031,-0.72479,-0.74647,-0.77492,1.5476,-0.8015,-0.82318,-0.84999,-0.87821,-0.89989,-0.92507,-0.95398,-0.9766,-0.99828,-1.02,1.5115,-1.0417,-1.0633,-1.085,-1.1067,-1.1284,-1.1501,-1.1718,-1.1934,-1.2151,-1.2368,1.4746,-1.2515,-1.2685,-1.2902,-1.3119,-1.3326,-1.3471,-1.3615,-1.376,-1.3905,-1.4049,1.4312,-1.4194,-1.4338,-1.4483,-1.4627,-1.4772,-1.4917,-1.5,-1.5073,-1.5145,-1.5217,1.3914,-1.529,-1.5362,-1.5434,-1.5506,-1.5579,-1.5639,-1.5639,-1.5679,-1.5751,-1.5756,1.3552,-1.5733,-1.566,-1.5588,-1.5516,-1.5443,-1.5336,-1.5192,-1.511,-1.5019,-1.4875,1.3191,-1.4777,-1.4702,-1.4557,-1.4443,-1.4371,-1.424,-1.4096,-1.3951,-1.3807,-1.3662,1.283,-1.3587,-1.349,-1.3345,-1.32,-1.3056,-1.2911,-1.2729,-1.2513,-1.2361,-1.2217,1.2468,-1.2072,-1.1878,-1.1666,-1.1522,-1.1344,-1.1128,-1.0971,-1.0811,-1.0594,-1.0421,1.8523,1.2107,-1.0277,-1.006,-0.98429,-0.96261,-0.94652,-0.9309,-0.90922,-0.88753,-0.86585,-0.84416,1.1748,-0.82248,-0.8008,-0.77911,-0.75743,-0.73575,-0.71406,-0.69238,-0.67069,-0.64901,-0.62733,1.1459,-0.60564,-0.58419,-0.56974,-0.55225,-0.53056,-0.50888,-0.4886,-0.47414,-0.45549,-0.4338,1.1048,-0.41911,-0.40209,-0.38041,-0.36409,-0.34963,-0.33518,-0.32072,-0.30626,-0.29181,-0.27945,1.047,-0.27222,-0.2601,-0.24611,-0.23888,-0.23165,-0.22442,-0.2172,-0.20997,-0.20274,-0.19551,1.0183,-0.18828,-0.18106,-0.17663,-0.17663,-0.17103,-0.1638,-0.15657,-0.15331,-0.15331,-0.14655,0.99524,-0.14165,-0.14165,-0.13652,-0.1293,-0.12207,-0.11484,-0.10761,-0.10038,-0.09129,-0.076834,0.96633,-0.067041,-0.05958,-0.045124,-0.030668,-0.016212,-0.001756,0.0127,0.027156,0.041612,0.056067,0.93322,0.077518,0.096637,0.11109,0.12555,0.14001,0.15446,0.16892,0.18337,0.19783,0.21228,0.89708,0.22674,0.2363,0.24399,0.25845,0.26964,0.27687,0.2841,0.29133,0.29855,0.30578,1.8234,0.87493,0.31301,0.32024,0.32747,0.33469,0.34192,0.34798,0.34798,0.35195,0.35918,0.35964,0.85581,0.36197,0.3692,0.3713,0.372,0.37923,0.38296,0.38296,0.38925,0.39462,0.39462,0.84135,0.39928,0.40627,0.40627,0.40931,0.41653,0.42376,0.43099,0.43822,0.44545,0.45267,0.81081,0.4599,0.46969,0.48415,0.49861,0.51306,0.52752,0.54197,0.55643,0.57741,0.5991,0.7784,0.62078,0.64736,0.67581,0.69749,0.72244,0.75135,0.78026,0.8157,0.87353,0.91363,0.77117,0.94254,0.97146,1.0032,1.0393,1.0698,1.0988,1.1277,1.1605,1.1967,1.2261,0.74902,1.255,1.2839,1.3128,1.3445,1.4023,1.4462,1.4751,1.504,1.5329,1.5618,0.71288,1.5861,1.6077,1.6294,1.6511,1.6728,1.6945,1.7162,1.7379,1.7553,1.7698,0.70285,1.7843,1.8038,1.8327,1.8456,1.8528,1.86,1.8673,1.8745,1.8817,1.8889,0.69563,1.8962,1.8936,1.8868,1.8868,1.8836,1.8764,1.8691,1.8619,1.7945,0.6884,0.68117,0.67208,0.63594,0.5998,0.56366,0.5457,0.52635,0.49021,0.45407,1.7644,0.41793,0.40348,0.38622,0.36454,0.34285,0.32117,0.29949,0.26988,0.23374,0.21112,1.7283,0.19177,0.17731,0.14747,0.11342,0.098969,0.084513,0.070057,0.036715,0.006171,-0.008285,1.6922,-0.018078,-0.026238,-0.062378,-0.089425,-0.10388,-0.13582,-0.17196,-0.2081,-0.24005,-0.26896,1.656,-0.27689,-0.28411,-0.29134,-0.29857,-0.30673,-0.32119,-0.33191,-0.33914,-0.3529,-0.36735,1.6199,-0.38181,-0.39626,-0.41072,-0.42518,-0.4429,-0.46458,-0.4802,-0.49629,-0.51797,-0.53966,1.0,2.0
-2.1691,-1.9789,-1.76,-0.7284,-0.73841,-0.74842,-0.7504,-0.75744,-0.76744,-0.77745,-0.78746,-0.79747,-0.80747,-1.7399,-0.81748,-0.82749,-0.8375,-0.8475,-0.85751,-0.86752,-0.87753,-0.89787,-0.91536,-0.91855,-1.7199,-0.92635,-0.92635,-0.92635,-0.92635,-0.92635,-0.91811,-0.9081,-0.89809,-0.88808,-0.87808,-1.709,-0.86477,-0.84706,-0.82518,-0.72774,-0.70773,-0.67836,-0.64834,-0.61832,-0.59467,-0.56927,-1.6909,-0.53925,-0.50582,-0.46821,-0.43818,-0.40816,-0.37814,-0.34811,-0.30962,-0.27707,-0.24705,-1.6709,-0.21703,-0.187,-0.15698,-0.12949,-0.10793,-0.07791,-0.047888,-0.027433,0.001161,0.023595,-1.6509,0.04361,0.063625,0.079022,0.092658,0.11003,0.12169,0.14105,0.15105,0.15138,0.16007,-1.636,0.17008,0.17338,0.17338,0.17338,0.17338,0.17338,0.17162,0.16238,0.16238,0.15259,-1.6218,0.14259,0.13258,0.12257,0.11256,0.10256,0.088699,0.071543,0.059666,0.040531,0.030523,-1.605,0.010618,-0.000489,-0.018415,-0.03843,-0.076261,-0.12135,-0.1495,-0.16248,-0.18052,-0.18953,-1.933,-1.5928,-0.18953,-0.18953,-0.18052,-0.17854,-0.1715,-0.16149,-0.15148,-0.14147,-0.13147,-0.11937,-1.574,-0.10045,-0.090337,-0.070322,-0.050307,-0.030292,0.054058,0.10871,0.12873,0.15292,0.17976,-1.564,0.20197,0.23078,0.25102,0.28104,0.30183,0.33009,0.35286,0.37287,0.39289,0.4129,-1.554,0.43292,0.45293,0.47295,0.49296,0.51298,0.53299,0.55301,0.57302,0.59304,0.61305,-1.544,0.62867,0.64208,0.65968,0.66969,0.6797,0.6897,0.70917,0.72072,0.73072,0.73424,-1.534,0.73974,0.74975,0.75624,0.75877,0.76723,0.76778,0.77779,0.77823,0.77823,0.77823,-1.5239,0.77823,0.77823,0.77361,0.76723,0.76723,0.76558,0.75558,0.74557,0.74524,0.73655,-1.5139,0.72654,0.71654,0.70653,0.69652,0.68651,0.67651,0.6665,0.65649,0.64648,0.62669,-1.5092,0.61547,0.60546,0.56818,0.54146,0.53145,0.52144,0.50572,0.4813,0.4813,0.4813,-1.5049,0.4813,0.4813,0.4813,0.48823,0.4923,0.49725,0.50726,0.51727,0.52727,0.53827,-1.9111,-1.4982,0.55829,0.56829,0.58732,0.59931,0.61635,0.68475,0.74436,0.76438,0.78439,0.80441,-1.4959,0.82442,0.84444,0.86445,0.88447,0.89634,0.9135,0.93351,0.94836,0.96255,0.97937,-1.4872,0.99158,1.0104,1.0206,1.0406,1.0514,1.0697,1.0824,1.0924,1.1077,1.1234,-1.4872,1.1334,1.1435,1.1548,1.1745,1.1845,1.1945,1.2128,1.2255,1.2355,1.2455,-1.4872,1.2555,1.2655,1.2755,1.2841,1.2845,1.2946,1.3046,1.3061,1.3136,1.3236,-1.4779,1.3281,1.3326,1.3391,1.3416,1.3501,1.3501,1.3501,1.3597,1.3611,1.3611,-1.4762,1.3611,1.3611,1.3611,1.3611,1.3611,1.3611,1.3611,1.3611,1.3708,1.3721,-1.4762,1.3721,1.3721,1.3778,1.3831,1.3831,1.3858,1.3941,1.3949,1.4049,1.4149,-1.4698,1.4249,1.4349,1.4449,1.4549,1.4649,1.4749,1.4849,1.4949,1.5049,1.5149,-1.4652,1.525,1.535,1.545,1.555,1.565,1.575,1.585,1.595,-1.891,-1.4652,-1.4618,-1.4542,-1.4542,-1.4538,-1.4438,-1.4432,-1.4348,-1.4248,-1.4212,-1.871,-1.4157,-1.4057,-1.3957,-1.3857,-1.3757,-1.3651,-1.3451,-1.3347,-1.3161,-1.3037,-1.846,-1.2871,-1.2671,-1.247,-1.227,-1.207,-1.187,-1.1663,-1.1363,-1.1159,-1.0872,-1.82,-1.0649,-1.0449,-1.0249,-1.0049,-0.98486,-0.96484,-0.94483,-0.92481,-0.9048,-0.88478,-1.8,-0.86477,-0.85256,-0.83574,-0.81572,-0.80054,-0.78669,-0.76953,-0.75952,-0.74952,-0.73951,-1.78,-0.7394,-0.73049,-0.7284,-0.72147,-0.7174,-0.7174,-0.7174,-0.72037,-0.7284,-0.7284,5.0,2.0
0.11213,0.11213,0.12823,0.76697,0.84909,0.93121,1.0133,1.0826,1.1561,1.2168,1.2898,1.3445,1.3993,0.1336,1.4325,1.476,1.5034,1.5308,1.5581,1.5855,1.5936,1.5683,1.541,1.5136,0.1336,1.4862,1.4374,1.3982,1.3434,1.2887,1.2259,1.1577,1.0831,1.0225,0.95054,0.1336,0.87969,0.81903,0.74335,0.67626,0.59413,0.51469,0.45135,0.36923,0.3075,0.22645,0.1336,0.15507,0.083677,0.001554,-0.073592,-0.14122,-0.22335,-0.30547,-0.37847,-0.44825,-0.53037,0.1336,-0.59102,-0.66188,-0.7338,-0.79446,-0.86906,-0.92381,-0.99789,-1.0548,-1.1095,-1.1643,0.1336,-1.219,-1.2738,-1.3285,-1.3833,-1.4359,-1.4713,-1.5121,-1.5395,-1.5668,-1.5942,0.1336,-1.5894,-1.5626,-1.5497,-1.5073,-1.4799,-1.4284,-1.3736,-1.3189,-1.2641,-1.2094,0.1336,-1.1546,-1.0832,-1.0226,-0.94743,-0.8798,-0.79768,-0.71555,-0.63343,-0.5513,-0.44825,0.1336,-0.36559,-0.28346,-0.18416,-0.097746,-0.015623,0.066501,0.16795,0.25222,0.33434,0.41647,0.11213,0.1336,0.49859,0.60218,0.68431,0.76643,0.82708,0.90921,0.97738,1.052,1.1083,1.1733,0.1336,1.2393,1.2935,1.3273,1.3821,1.4186,1.446,1.4733,1.5007,1.5077,1.5292,0.13252,1.5184,1.4911,1.4637,1.4293,1.323,1.2152,1.1577,1.0939,1.0117,0.9296,0.11213,0.85285,0.78683,0.7047,0.62258,0.54046,0.45833,0.37621,0.29033,0.19049,0.10837,0.099243,0.026244,-0.061784,-0.15947,-0.2416,-0.32587,-0.42731,-0.50944,-0.59156,-0.67798,-0.77728,0.071869,-0.8594,-0.94153,-1.0236,-1.1058,-1.1696,-1.2459,-1.3006,-1.3554,-1.3897,-1.4434,0.044494,-1.4874,-1.5148,-1.5636,-1.591,-1.6184,-1.6457,-1.6699,-1.6699,-1.6699,-1.649,0.01712,-1.6216,-1.5942,-1.5668,-1.5395,-1.5121,-1.4847,-1.438,-1.4047,-1.35,-1.2952,-0.010255,-1.2405,-1.1798,-1.0977,-1.0156,-0.95495,-0.87282,-0.77674,-0.6871,-0.60498,-0.51266,-0.03763,-0.41926,-0.3366,-0.23355,-0.13908,-0.047828,0.055766,0.14648,0.24148,0.344,0.4272,0.11213,-0.065004,0.52006,0.61292,0.69504,0.77717,0.85929,0.94141,1.0235,1.1057,1.1728,1.2484,-0.092379,1.3037,1.3585,1.4132,1.4664,1.5012,1.5426,1.57,1.6188,1.6462,1.6735,-0.11975,1.7224,1.7498,1.7771,1.8045,1.8104,1.8217,1.7943,1.7669,1.7181,1.6805,-0.1686,1.6258,1.571,1.5163,1.4615,1.3885,1.3306,1.2672,1.1996,1.1244,1.0472,-0.20349,0.98167,0.89955,0.8185,0.75677,0.68753,0.61399,0.55656,0.50181,0.44706,0.39231,-0.25824,0.33756,0.29409,0.24953,0.21787,0.19049,0.17654,0.17654,0.17654,0.17654,0.16097,-0.31299,0.15507,0.15507,0.15507,0.15507,0.1336,0.1336,0.14755,0.15507,0.15507,0.15507,-0.3892,0.15507,0.1556,0.17654,0.17654,0.17654,0.17654,0.17654,0.16204,0.15507,0.15507,-0.44395,0.15507,0.15507,0.15507,0.15507,0.16795,0.17654,0.17654,0.18566,0.19801,0.19801,-0.51427,0.19801,0.19801,0.19801,0.19801,0.19801,0.19801,0.19801,0.19801,0.11213,-0.57492,-0.62967,-0.68442,-0.73917,-0.79392,-0.84867,-0.90342,-0.97803,-1.0344,-1.0891,0.11213,-1.1439,-1.1986,-1.2534,-1.2958,-1.3414,-1.3935,-1.4208,-1.4627,-1.4971,-1.5244,0.11213,-1.5518,-1.5792,-1.6066,-1.627,-1.6398,-1.6672,-1.6484,-1.6393,-1.6119,-1.5846,0.11213,-1.5518,-1.5083,-1.4638,-1.409,-1.3468,-1.2781,-1.204,-1.1433,-1.0612,-0.9791,0.11213,-0.89698,-0.81485,-0.73273,-0.6506,-0.56848,-0.48636,-0.40423,-0.32211,-0.23999,-0.14766,0.11213,-0.054269,0.027855,0.10998,0.1921,0.27423,0.35635,0.43847,0.5206,0.60272,0.68484,0.0,2.0
-2.0098,-1.9628,-1.8299,-0.71013,-0.71013,-0.71013,-0.71013,-0.72088,-0.72088,-0.72088,-0.73162,-0.73162,-0.74101,-1.8151,-0.74236,-0.74907,-0.76384,-0.76787,-0.78264,-0.79606,-0.80143,-0.8162,-0.83097,-0.84574,-1.795,-0.84977,-0.86454,-0.87125,-0.86991,-0.86051,-0.85111,-0.84708,-0.83903,-0.83903,-0.82829,-1.7749,-0.82023,-0.71953,-0.70476,-0.68999,-0.66448,-0.643,-0.6242,-0.59467,-0.57318,-0.54767,-1.7574,-0.52753,-0.50739,-0.48188,-0.4604,-0.44161,-0.41609,-0.39327,-0.37447,-0.35031,-0.33554,-1.7346,-0.31003,-0.29526,-0.28049,-0.26572,-0.25095,-0.22544,-0.21067,-0.1865,-0.17039,-0.15562,-1.7198,-0.14085,-0.12608,-0.11131,-0.096546,-0.081776,-0.067007,-0.052238,-0.030756,-0.011959,0.00281,-1.705,0.009523,0.021607,0.036376,0.041747,0.052488,0.059201,0.063229,0.07397,0.07397,0.084711,-1.6822,0.090082,0.095453,0.095453,0.095453,0.095453,0.095453,0.095453,0.084711,0.079341,0.07397,-1.6648,0.063229,0.056516,0.041747,0.037719,0.02295,0.009523,0.004153,-0.010616,-0.025385,-0.040155,-1.9481,-1.65,-0.054924,-0.11266,-0.12743,-0.13011,-0.12474,-0.11937,-0.10863,-0.10192,-0.087147,-0.083119,-1.6352,-0.06835,-0.053581,-0.038812,0.041747,0.0686,0.091425,0.10619,0.12096,0.13573,0.1505,-1.6204,0.17064,0.19078,0.20555,0.22703,0.24583,0.2606,0.28342,0.30088,0.31565,0.33981,-1.6057,0.35593,0.37741,0.3962,0.415,0.43648,0.4526,0.47676,0.49153,0.50899,0.53181,-1.5909,0.54658,0.56538,0.58686,0.60163,0.6164,0.64057,0.65668,0.67145,0.67547,0.69024,-1.5761,0.70501,0.70904,0.71844,0.72784,0.73187,0.73992,0.73992,0.75066,0.75066,0.7614,-1.5614,0.7614,0.7614,0.7614,0.7614,0.77215,0.77215,0.77215,0.7708,0.7614,0.7614,-1.5466,0.75066,0.75066,0.73992,0.73589,0.72112,0.71844,0.71307,0.6983,0.68353,0.66876,-1.5318,0.65399,0.63922,0.62445,0.60969,0.59492,0.58955,0.57612,0.56135,0.54658,0.49288,-1.5171,0.47676,0.47139,0.47139,0.47139,0.47408,0.48213,0.49288,0.49288,0.50093,0.51436,-1.9333,-1.5023,0.51973,0.5345,0.56001,0.57478,0.58955,0.61506,0.62177,0.64325,0.72918,0.74932,-1.4875,0.76409,0.78557,0.80437,0.82988,0.84465,0.86076,0.88493,0.8997,0.91447,0.92923,-1.4835,0.944,0.95877,0.97354,0.99905,1.0138,1.0286,1.0434,1.0581,1.0836,1.0984,-1.4687,1.1212,1.1387,1.1588,1.179,1.1937,1.2085,1.234,1.2488,1.2636,1.2783,-1.454,1.2931,1.3079,1.3226,1.3374,1.3414,1.3562,1.371,1.3844,1.3898,1.3951,-1.4392,1.4059,1.4126,1.4166,1.4206,1.4274,1.4274,1.4274,1.4274,1.4274,1.4274,-1.4244,1.4274,1.4274,1.4193,1.4166,1.4166,1.4166,1.4059,1.4059,1.3951,1.3951,-1.4097,1.3871,1.3844,1.379,1.3736,1.3736,1.3736,1.3844,1.3992,1.4139,1.4287,-1.3976,1.4435,1.4582,1.473,1.4878,1.5025,1.5173,1.5321,1.5469,1.5616,1.5764,-1.3909,1.5912,1.6059,1.6207,1.6355,1.6502,1.665,1.6798,1.6945,-1.9185,-1.3868,-1.3828,-1.3761,-1.3747,-1.3653,-1.3653,-1.3546,-1.3479,-1.3439,-1.3331,-1.9037,-1.3251,-1.3224,-1.317,-1.3116,-1.3009,-1.2942,-1.2794,-1.2687,-1.2606,-1.2458,-1.889,-1.2311,-1.2163,-1.2015,-1.1868,-1.172,-1.1572,-1.1425,-1.1264,-1.1022,-1.0874,-1.8742,-1.0619,-1.0471,-1.0324,-1.0069,-0.99209,-0.97732,-0.96255,-0.94778,-0.92227,-0.9075,-1.8594,-0.89273,-0.87796,-0.8632,-0.84843,-0.83366,-0.81889,-0.80412,-0.78935,-0.78532,-0.77055,-1.8447,-0.75578,-0.75176,-0.74236,-0.73296,-0.72893,-0.72088,-0.72088,-0.71685,-0.71013,-0.71013,5.0,2.0
0.33807,0.33807,0.30619,-1.2722,-1.228,-1.1838,-1.1397,-1.0636,-1.0195,-0.9753,-0.93114,-0.88697,-0.84281,0.30619,-0.79865,-0.75449,-0.71033,-0.66617,-0.59363,-0.54596,-0.5018,-0.45763,-0.41347,-0.36931,0.30619,-0.32515,-0.26233,-0.20494,-0.16078,-0.11662,-0.072456,-0.028294,0.015867,0.060029,0.10419,0.30619,0.14835,0.19251,0.23667,0.28084,0.325,0.36916,0.41332,0.43373,0.46976,0.51392,0.30619,0.52938,0.57036,0.61452,0.65868,0.70284,0.747,0.79117,0.83533,0.87949,0.92365,0.30619,0.96781,1.012,1.0561,1.0714,1.1033,1.1248,1.1371,1.1813,1.2254,1.2377,0.30619,1.2819,1.326,1.3383,1.3584,1.3903,1.407,1.4222,1.4541,1.4757,1.5199,0.30619,1.5641,1.6082,1.6454,1.6647,1.7088,1.7211,1.7168,1.6726,1.6285,1.5843,0.30619,1.5402,1.496,1.42,1.3613,1.273,1.2165,1.1282,1.0399,0.95155,0.86323,0.2743,0.7749,0.66952,0.56637,0.47805,0.38973,0.3014,0.19841,0.092871,0.004548,-0.083775,0.33807,0.2743,-0.1721,-0.26042,-0.3733,-0.46895,-0.55728,-0.6456,-0.73392,-0.82225,-0.91057,-0.99889,0.2743,-1.0601,-1.1362,-1.1803,-1.2564,-1.3005,-1.3447,-1.394,-1.4649,-1.5091,-1.5532,0.2743,-1.5974,-1.6415,-1.6707,-1.6435,-1.5993,-1.5551,-1.511,-1.4668,-1.4227,-1.3785,0.2743,-1.3343,-1.2902,-1.246,-1.2018,-1.1258,-1.0816,-1.0101,-0.92954,-0.86529,-0.77745,0.2743,-0.72053,-0.63221,-0.54388,-0.47326,-0.39912,-0.3108,-0.22248,-0.13415,-0.045832,0.042492,0.25437,0.13081,0.21914,0.33935,0.42767,0.51599,0.6099,0.72452,0.81285,0.90117,0.98949,0.24241,1.0778,1.1661,1.2267,1.3109,1.3788,1.4557,1.5309,1.6004,1.683,1.7272,0.24241,1.7713,1.8155,1.8597,1.9005,1.9161,1.9324,1.9642,1.9437,1.9314,1.9005,0.24241,1.875,1.8308,1.7866,1.712,1.6556,1.5673,1.4824,1.4225,1.3061,1.214,0.24241,1.1256,1.0054,0.90372,0.77124,0.67064,0.53815,0.40567,0.30507,0.17258,0.0401,0.33807,0.24241,-0.076442,-0.19298,-0.32547,-0.43707,-0.55855,-0.67749,-0.79164,-0.88602,-0.99283,-1.0945,0.24241,-1.1829,-1.2712,-1.3276,-1.416,-1.4759,-1.5288,-1.5961,-1.6403,-1.6844,-1.7286,0.24241,-1.7728,-1.7796,-1.7355,-1.6913,-1.6707,-1.6349,-1.5907,-1.5465,-1.5024,-1.4582,0.24241,-1.414,-1.3699,-1.3257,-1.2497,-1.2055,-1.1613,-1.0853,-1.0174,-0.96095,-0.88905,0.24241,-0.81619,-0.75975,-0.67143,-0.61499,-0.5407,-0.47023,-0.41379,-0.32547,-0.26839,-0.18071,0.24241,-0.1163,-0.035947,0.035796,0.079957,0.156,0.20017,0.27621,0.32037,0.391,0.44058,0.24241,0.48475,0.52891,0.57307,0.61723,0.66139,0.70555,0.74971,0.74318,0.7207,0.71863,0.24241,0.67446,0.65693,0.62504,0.60575,0.59316,0.56127,0.56127,0.55665,0.52938,0.52938,0.24241,0.52938,0.52938,0.52938,0.52938,0.52938,0.52938,0.52938,0.52938,0.5415,0.56127,0.24241,0.56127,0.56127,0.56127,0.56127,0.56127,0.55888,0.52938,0.52938,0.33807,0.24241,0.24241,0.24241,0.24241,0.24241,0.24241,0.24241,0.24241,0.22711,0.18295,0.33807,0.13879,0.11487,0.082349,0.038187,-0.005975,-0.050136,-0.094298,-0.13846,-0.18262,-0.22678,0.33807,-0.27094,-0.31511,-0.35927,-0.40343,-0.44759,-0.52364,-0.5678,-0.61196,-0.68801,-0.75018,0.31591,-0.80822,-0.86306,-0.92843,-0.97593,-1.0486,-1.0928,-1.137,-1.1811,-1.2253,-1.2694,0.30619,-1.3136,-1.3578,-1.4019,-1.4461,-1.4902,-1.5344,-1.5751,-1.5908,-1.635,-1.6707,0.30619,-1.6707,-1.6377,-1.5936,-1.5494,-1.5113,-1.493,-1.4488,-1.4046,-1.3605,-1.3163,0.0,2.0
-2.0587,-1.9768,-1.8369,-0.47193,-0.45764,-0.44656,-0.44033,-0.43528,-0.42401,-0.42401,-0.42401,-0.42401,-0.42579,-1.8226,-0.43528,-0.43528,-0.44611,-0.44656,-0.45214,-0.45783,-0.46944,-0.48038,-0.48675,-0.50104,-1.7971,-0.51533,-0.52962,-0.54391,-0.5582,-0.57249,-0.58678,-0.60107,-0.61536,-0.62965,-0.64394,-1.7774,-0.6757,-0.69459,-0.69459,-0.69459,-0.70411,-0.70459,-0.69459,-0.69459,-0.68427,-0.68125,-1.7572,-0.66696,-0.66076,-0.64966,-0.63822,-0.63235,-0.61806,-0.61505,-0.57894,-0.51882,-0.50454,-1.7315,-0.48884,-0.46468,-0.45039,-0.42565,-0.41054,-0.39625,-0.37373,-0.3564,-0.34211,-0.32782,-1.7061,-0.30451,-0.28796,-0.2699,-0.24811,-0.22401,-0.19698,-0.17813,-0.14955,-0.13156,-0.10366,-1.6856,-0.075082,-0.046502,-0.029197,-0.000617,0.027962,0.056542,0.085121,0.1137,0.14228,0.17086,-1.657,0.19944,0.22331,0.2376,0.25189,0.2637,0.2637,0.2637,0.2637,0.26043,0.25243,-1.6397,0.24313,0.22884,0.21861,0.21153,0.19724,0.18112,0.15739,0.1431,0.11793,0.10062,-1.9625,-1.6112,0.077681,0.054738,0.026553,0.012263,-0.008453,-0.0748,-0.09825,-0.11674,-0.16696,-0.18726,-1.5895,-0.18726,-0.18726,-0.18726,-0.17624,-0.17322,-0.15893,-0.14464,-0.13089,-0.12734,-0.11305,-1.5653,-0.098757,-0.095741,-0.081451,-0.074518,-0.064146,-0.05197,-0.04684,-0.032551,-0.018261,-0.003971,-1.5384,0.016237,0.035882,0.15164,0.16962,0.1982,0.22678,0.24408,0.27266,0.30124,0.32982,-1.5194,0.3584,0.38698,0.41556,0.44414,0.47272,0.5013,0.5208,0.54718,0.57576,0.60434,-1.4986,0.62306,0.63895,0.66291,0.68484,0.70277,0.71706,0.73134,0.74563,0.75992,0.77421,-1.4735,0.7823,0.79152,0.80485,0.80485,0.80485,0.80485,0.80485,0.80485,0.80485,0.79406,-1.4474,0.79104,0.77675,0.76246,0.74848,0.74516,0.72452,0.69594,0.67974,0.66133,0.63988,-1.4276,0.6256,0.59625,0.56319,0.5489,0.52368,0.50905,0.48907,0.4692,0.46618,0.45189,-1.4076,0.4376,0.42331,0.42154,0.42154,0.42154,0.42154,0.43281,0.43786,0.44408,0.45516,-1.9482,-1.382,0.45818,0.47247,0.47791,0.48918,0.49279,0.5137,0.53264,0.54555,0.55434,0.57551,-1.3677,0.5898,0.60409,0.61838,0.69008,0.73709,0.76271,0.78298,0.81156,0.85068,0.86872,-1.3534,0.8973,0.92588,0.95446,0.98304,1.0041,1.0289,1.0552,1.0748,1.1034,1.1206,-1.3391,1.138,1.1605,1.1747,1.1882,1.1921,1.1994,1.2094,1.2107,1.2154,1.222,-1.3249,1.222,1.222,1.222,1.222,1.2107,1.2107,1.2045,1.1994,1.1882,1.1882,-1.3147,1.1882,1.1882,1.1882,1.193,1.2073,1.2216,1.2359,1.2501,1.2644,1.2787,-1.3076,1.293,1.3073,1.3216,1.337,1.3614,1.3829,1.4115,1.4381,1.4574,1.486,-1.3034,1.5255,1.5517,1.5717,1.6003,1.6289,1.6539,1.6748,1.6938,1.7193,1.7336,-1.3034,1.7479,1.7622,1.7765,1.7908,1.8051,1.8194,1.8337,1.8479,1.8622,1.8772,-1.3083,1.9021,1.9164,1.9404,1.9562,1.9705,1.9848,1.9991,2.0112,-1.9339,-1.3147,-1.3147,-1.3147,-1.3147,-1.3233,-1.3255,-1.3147,-1.3147,-1.3147,-1.3147,-1.9196,-1.3147,-1.3147,-1.3147,-1.3147,-1.3096,-1.3034,-1.3034,-1.3034,-1.3034,-1.2946,-1.9054,-1.2921,-1.2885,-1.2808,-1.2712,-1.2682,-1.2539,-1.247,-1.2366,-1.2223,-1.208,-1.8911,-1.1937,-1.1683,-1.1539,-1.1337,-1.1051,-1.0878,-1.0629,-1.0419,-1.0133,-0.99749,-1.8768,-0.97869,-0.95764,-0.9328,-0.90651,-0.88692,-0.85834,-0.82976,-0.80118,-0.7726,-0.74402,-1.8579,-0.70417,-0.67945,-0.65828,-0.6297,-0.60276,-0.58382,-0.55524,-0.53734,-0.51178,-0.49205,5.0,2.0
0.41389,0.39931,0.32457,-0.14752,-0.10632,-0.066224,-0.038518,0.002676,0.04387,0.085064,0.12626,0.16745,0.20865,0.30398,0.25531,0.30562,0.34973,0.40259,0.45836,0.49956,0.55315,0.60036,0.6523,0.69478,0.28338,0.74928,0.80378,0.84625,0.88744,0.94322,0.98441,1.0256,1.0668,1.108,1.1461,0.26278,1.1758,1.217,1.2582,1.2868,1.322,1.3526,1.3778,1.3984,1.4055,1.42,0.24219,1.42,1.42,1.4117,1.3911,1.3355,1.2587,1.1995,1.1244,1.081,0.99826,0.21885,0.94431,0.85335,0.80177,0.74435,0.68256,0.62077,0.55898,0.49719,0.43285,0.35902,0.18641,0.28265,0.20026,0.11787,0.035486,-0.056381,-0.14478,-0.33781,-0.52738,-0.62873,-0.72132,0.15123,-0.81829,-0.90068,-0.98307,-1.0655,-1.1478,-1.2129,-1.2747,-1.3363,-1.3775,-1.4187,0.12444,-1.4453,-1.4769,-1.512,-1.5326,-1.5532,-1.5738,-1.5944,-1.613,-1.613,-1.613,0.083242,-1.5984,-1.5869,-1.5663,-1.5368,-1.5106,-1.4836,-1.4424,-1.4012,-1.36,-1.3188,0.38728,0.056629,-1.2776,-1.2231,-1.1759,-1.1141,-1.0669,-1.0051,-0.94333,-0.88154,-0.81975,-0.75796,0.015435,-0.69617,-0.63438,-0.56602,-0.49621,-0.41984,-0.34802,-0.28022,-0.2053,-0.13002,-0.052553,-0.011177,0.020174,0.10256,0.18495,0.26734,0.34973,0.43212,0.5145,0.59689,0.67855,0.74709,-0.052371,0.81672,0.89309,0.96509,1.0766,1.1514,1.2268,1.2895,1.3847,1.4543,1.5041,-0.093565,1.5513,1.6071,1.6483,1.686,1.7161,1.7563,1.7769,1.7975,1.8181,1.8283,-0.14934,1.8429,1.8429,1.8429,1.8376,1.8283,1.811,1.7904,1.7695,1.7201,1.6873,-0.19054,1.6388,1.5854,1.548,1.4791,1.423,1.3672,1.2943,1.2265,1.1532,1.0717,-0.24832,1.0154,0.92827,0.85718,0.79539,0.68985,0.62806,0.56627,0.44232,0.35994,0.2338,-0.30209,0.1587,0.083606,-0.05711,-0.1395,-0.28022,-0.37081,-0.45957,-0.60029,-0.69434,-0.94005,-0.35732,-1.0498,-1.148,-1.2098,-1.2716,-1.3188,-1.3706,-1.4103,-1.4384,-1.4661,-1.4867,0.38472,-0.40453,-1.4964,-1.5109,-1.5109,-1.5109,-1.5051,-1.4845,-1.4785,-1.4579,-1.4227,-1.4021,-0.45483,-1.3688,-1.3318,-1.301,-1.2598,-1.2186,-1.1774,-1.1216,-1.0804,-1.0221,-0.96028,-0.49603,-0.91307,-0.85128,-0.78949,-0.7277,-0.66591,-0.60412,-0.5354,-0.46595,-0.39979,-0.32779,-0.54615,-0.25142,-0.18962,-0.11398,-0.05146,0.021633,0.089439,0.16308,0.23945,0.30744,0.37762,-0.593,0.45763,0.53036,0.61111,0.73396,0.86885,0.96071,1.1149,1.2133,1.3369,1.4184,-0.63419,1.5094,1.5826,1.6446,1.6858,1.7121,1.7327,1.7285,1.7117,1.692,1.6362,-0.68778,1.5805,1.4981,1.4255,1.3548,1.2487,1.1621,1.0577,0.96327,0.83968,0.75985,-0.73116,0.66361,0.55697,0.46711,0.38017,0.32093,0.21794,0.16162,0.099829,0.065014,-0.028493,-0.77236,-0.038154,-0.038154,-0.038154,-0.023754,-0.017739,0.002858,0.023455,0.044052,0.050068,0.070665,-0.81355,0.091262,0.11186,0.12225,0.13683,0.14449,0.15141,0.16599,0.17711,0.38472,-0.85475,-0.89594,-0.93714,-0.96758,-1.0028,-1.0234,-1.0582,-1.0791,-1.0881,-1.1057,0.37014,-1.1172,-1.1178,-1.1318,-1.1318,-1.1358,-1.1464,-1.1464,-1.1464,-1.1464,-1.1464,0.37014,-1.1464,-1.1464,-1.1464,-1.132,-1.126,-1.1054,-1.0994,-1.0788,-1.0727,-1.0522,0.3572,-1.0316,-1.0151,-1.0049,-0.9827,-0.94917,-0.92857,-0.90797,-0.88737,-0.85219,-0.8316,0.35119,-0.79642,-0.76981,-0.74064,-0.70546,-0.67539,-0.64878,-0.61451,-0.58097,-0.55436,-0.51316,0.34098,-0.48655,-0.45319,-0.41874,-0.38284,-0.35094,-0.32433,-0.28313,-0.25652,-0.22152,-0.18871,2.0,2.0
-2.1225,-1.9687,-1.6562,-0.82945,-0.82945,-0.82945,-0.81933,-0.81424,-0.81424,-0.80161,-0.79902,-0.78472,-0.76867,-1.6173,-0.76784,-0.75339,-0.75339,-0.75012,-0.73817,-0.73817,-0.73239,-0.72296,-0.72296,-0.71467,-1.5852,-0.70775,-0.70775,-0.69695,-0.69254,-0.69254,-0.67923,-0.67732,-0.66234,-0.6615,-0.6469,-1.5531,-0.64462,-0.63169,-0.62773,-0.61647,-0.61085,-0.60126,-0.59396,-0.58605,-0.57707,-0.56103,-1.521,-0.54498,-0.54041,-0.52809,-0.51204,-0.50999,-0.49516,-0.49432,-0.47956,-0.47743,-0.46435,-1.4889,-0.46055,-0.44914,-0.44914,-0.44282,-0.43393,-0.42594,-0.41871,-0.40905,-0.4035,-0.39217,-1.4568,-0.38829,-0.37528,-0.37308,-0.37308,-0.37277,-0.35786,-0.35786,-0.35505,-0.34265,-0.34265,-1.4389,-0.34265,-0.33649,-0.32744,-0.32744,-0.31877,-0.31223,-0.30188,-0.29701,-0.285,-0.26895,-1.4078,-0.26659,-0.25206,-0.23601,-0.21996,-0.20391,-0.18786,-0.17181,-0.15577,-0.13972,-0.12367,-1.3916,-0.10762,-0.091569,-0.07552,-0.059471,-0.043422,-0.027373,-0.011324,0.004725,0.020775,0.022448,-1.9366,-1.3756,0.03766,0.053709,0.069759,0.085808,0.10186,0.11791,0.13396,0.15,0.16605,0.1821,-1.3595,0.18978,0.19899,0.21504,0.22021,0.23192,0.24797,0.25063,0.26486,0.26585,0.28106,-1.3435,0.28258,0.29627,0.29947,0.31148,0.31148,0.31148,0.31148,0.31148,0.31148,0.31148,-1.3315,0.31148,0.31148,0.31148,0.32388,0.3267,0.3267,0.3267,0.32723,0.34191,0.34191,-1.3315,0.34495,0.35712,0.36184,0.37233,0.37872,0.38755,0.39561,0.40276,0.41249,0.41797,-1.3372,0.42938,0.44543,0.4484,0.46232,0.46361,0.4792,0.49403,0.49609,0.51214,0.52446,-1.3467,0.52902,0.53967,0.54591,0.55488,0.56279,0.5701,0.57968,0.58531,0.59657,0.60052,-1.3467,0.61345,0.61573,0.61573,0.63095,0.63095,0.63285,0.64616,0.64616,0.65057,0.66137,-1.3631,0.66746,0.67658,0.68434,0.6918,0.70123,0.71728,0.72222,0.73416,0.73743,0.75105,-1.3771,0.75264,0.76786,0.76786,0.76961,0.78307,0.78649,0.79828,0.80338,0.81349,0.82026,-1.9045,-1.3771,0.82871,0.83715,0.84392,0.85404,0.85913,0.87092,0.87434,0.88781,0.88956,0.88956,-1.3771,0.90477,0.90477,0.9072,0.91998,0.92409,0.93519,0.94097,0.95702,0.96562,0.97391,-1.3771,0.98083,0.9908,0.99604,1.0077,1.0113,1.0113,1.0254,1.0265,1.0417,1.0417,-1.3771,1.0417,1.0448,1.0569,1.0569,1.0625,1.0721,1.0794,1.0873,1.0873,1.0971,-1.3771,1.1025,1.114,1.1177,1.1177,1.1317,1.133,1.1334,1.1482,1.1503,1.1634,-1.3771,1.1672,1.1786,1.1841,1.1938,1.201,1.217,1.2331,1.2491,1.2652,1.2812,-1.3771,1.2973,1.3133,1.3432,1.3606,1.3919,1.4091,1.4392,1.458,1.4901,1.5178,-1.3771,1.5391,1.5712,1.5963,1.6202,1.6436,1.6692,1.6909,1.7182,1.7383,1.7543,-1.3757,1.7704,1.7864,1.8025,1.8185,1.8346,1.8506,1.8667,1.8827,1.8987,1.9148,-1.3619,1.9308,1.9469,1.9629,1.979,1.995,2.0111,2.0271,2.0432,-1.8724,-1.3619,-1.358,-1.3467,-1.3411,-1.3315,-1.3242,-1.3162,-1.3073,-1.301,-1.2905,-1.8403,-1.2744,-1.2584,-1.2554,-1.2415,-1.2402,-1.2246,-1.2098,-1.2077,-1.1917,-1.1793,-1.8082,-1.1748,-1.1587,-1.1489,-1.1418,-1.1258,-1.1185,-1.1089,-1.1033,-1.092,-1.076,-1.7703,-1.0728,-1.0591,-1.043,-1.0422,-1.0261,-1.0101,-0.99405,-0.98157,-0.97716,-0.96111,-1.7288,-0.95115,-0.94423,-0.93594,-0.92734,-0.92072,-0.91045,-0.90551,-0.89357,-0.8903,-0.87668,-1.6967,-0.87509,-0.87501,-0.85987,-0.85987,-0.85729,-0.84466,-0.84466,-0.84466,-0.83873,-0.82945,3.0,2.0
-0.89205,-0.85017,-0.87111,-1.3947,-1.3287,-1.2628,-1.1968,-1.1308,-1.0648,-0.99886,-0.93289,-0.86692,-0.81037,-0.87111,-0.75592,-0.68995,-0.63655,-0.57895,-0.52764,-0.46795,-0.41873,-0.35695,-0.30983,-0.28574,-0.88368,-0.24281,-0.21977,-0.17789,-0.1559,-0.13391,-0.11192,-0.089925,-0.067934,-0.045944,-0.014529,-0.89205,0.018981,0.040971,0.062962,0.098565,0.12789,0.14988,0.17187,0.19386,0.21585,0.23784,-0.90671,0.25983,0.26088,0.28287,0.30486,0.32266,0.32266,0.32894,0.3436,0.35198,0.36455,-0.913,0.37502,0.38549,0.39805,0.42005,0.44204,0.46403,0.50277,0.52895,0.56979,0.59387,-0.92975,0.63681,0.68079,0.72477,0.76561,0.79179,0.83577,0.87347,0.90279,0.93839,0.96981,-0.93394,1.0033,1.0368,1.0682,1.1038,1.1332,1.1709,1.1981,1.2379,1.263,1.285,-0.93394,1.3279,1.351,1.3929,1.418,1.4578,1.4798,1.5081,1.5447,1.5667,1.5887,-0.93394,1.6107,1.6442,1.663,1.6766,1.6986,1.7206,1.7426,1.7646,1.7866,1.7887,-0.85017,-0.93394,1.8096,1.8096,1.8117,1.8306,1.8306,1.8358,1.8452,1.8306,1.8222,1.8096,-0.93394,1.7992,1.7772,1.7552,1.7196,1.6903,1.6683,1.6295,1.5855,1.5604,1.5185,-0.93394,1.4955,1.4515,1.4096,1.3845,1.3405,1.2965,1.2463,1.1876,1.1436,1.0997,-0.93394,1.0557,1.0117,0.96771,0.92373,0.87975,0.83577,0.79179,0.74781,0.72268,0.68079,-0.93813,0.63681,0.61377,0.57188,0.54675,0.50696,0.48497,0.46298,0.44099,0.419,0.39701,-0.95488,0.38549,0.37397,0.35198,0.3436,0.32894,0.32266,0.3059,0.30172,0.28287,0.26088,-0.96117,0.23889,0.23784,0.21794,0.2148,0.197,0.19176,0.17606,0.17606,0.17606,0.17606,-0.98316,0.17606,0.17606,0.17606,0.17606,0.17606,0.17606,0.17606,0.17606,0.17606,0.17606,-1.0051,0.17606,0.17606,0.17606,0.1792,0.197,0.197,0.197,0.197,0.197,0.197,-1.0177,0.197,0.197,0.197,0.197,0.197,0.197,0.197,0.197,0.197,0.197,-0.85017,-1.0177,0.197,0.197,0.197,0.197,0.197,0.197,0.197,0.197,0.197,0.197,-1.0177,0.197,0.197,0.197,0.197,0.197,0.197,0.197,0.197,0.197,0.197,-1.0177,0.197,0.197,0.197,0.197,0.197,0.197,0.197,0.197,0.197,0.197,-1.0313,0.197,0.197,0.20956,0.21794,0.21794,0.21794,0.21794,0.21794,0.21794,0.21794,-1.0387,0.21794,0.21899,0.23889,0.23889,0.23889,0.23889,0.23889,0.23889,0.23889,0.23889,-1.0387,0.23889,0.23889,0.22632,0.21794,0.21794,0.21794,0.21794,0.21794,0.21794,0.21794,-1.0219,0.21794,0.21794,0.21794,0.21794,0.21375,0.197,0.197,0.197,0.197,0.197,-1.0177,0.197,0.197,0.197,0.18339,0.17606,0.17606,0.17606,0.17606,0.17606,0.17606,-1.0177,0.17606,0.17606,0.17606,0.17291,0.15511,0.16035,0.17606,0.17606,0.17606,0.17606,-1.0177,0.17606,0.17606,0.17606,0.17606,0.17606,0.17606,0.19281,0.2148,-0.85017,-1.0177,-0.99677,-0.99677,-0.99677,-0.99258,-0.97583,-0.97583,-0.97583,-0.96745,-0.95488,-0.85017,-0.96536,-0.97583,-0.97583,-0.97583,-0.97583,-0.99153,-0.99677,-1.0858,-1.2146,-1.247,-0.85017,-1.269,-1.3748,-1.4031,-1.4847,-1.5245,-1.5518,-1.5895,-1.6408,-1.7256,-1.7979,-0.8575,-1.8659,-1.9225,-1.9727,-2.0356,-2.0795,-2.1015,-2.1905,-2.3005,-2.4104,-2.5204,-0.87111,-2.5256,-2.4618,-2.4398,-2.4146,-2.3707,-2.3319,-2.2974,-2.2387,-2.1864,-2.1204,-0.87111,-2.0649,-1.9979,-1.9225,-1.8565,-1.7905,-1.7246,-1.6586,-1.5926,-1.5266,-1.4607,4.0,2.0
1.6819,1.6072,1.4717,0.016769,0.003848,-0.025814,-0.075586,-0.12299,-0.13837,-0.15648,-0.18769,-0.1987,-0.20971,1.4607,-0.22253,-0.24992,-0.26093,-0.2653,-0.29096,-0.3017,-0.3279,-0.37449,-0.38159,-0.39259,1.4497,-0.4036,-0.41461,-0.42562,-0.43663,-0.45674,-0.46775,-0.48295,-0.49887,-0.51789,-0.53081,1.4387,-0.55283,-0.57485,-0.59687,-0.61889,-0.64091,-0.66293,-0.68495,-0.70696,-0.72898,-0.751,1.4277,-0.77666,-0.80414,-0.82616,-0.85728,-0.88148,-0.91042,-0.93244,-0.96237,-0.98558,-1.0076,1.4166,-1.0296,-1.0516,-1.0737,-1.1048,-1.1268,-1.1488,-1.1708,-1.1929,-1.2149,-1.2369,1.4056,-1.2589,-1.2736,-1.2938,-1.3159,-1.3339,-1.3508,-1.365,-1.3857,-1.4052,-1.4207,1.3946,-1.4363,-1.4473,-1.4675,-1.4785,-1.4895,-1.5005,-1.5115,-1.5316,-1.5426,-1.5536,1.3836,-1.5646,-1.5665,-1.5776,-1.5847,-1.5905,-1.5938,-1.5938,-1.5913,-1.5847,-1.5847,1.3726,-1.5847,-1.5756,-1.5756,-1.5707,-1.5665,-1.5665,-1.5574,-1.554,-1.543,-1.5392,1.5809,1.3616,-1.5301,-1.5191,-1.508,-1.5028,-1.4951,-1.4841,-1.4707,-1.453,-1.442,-1.431,1.3506,-1.4109,-1.397,-1.3797,-1.3621,-1.3486,-1.3285,-1.3142,-1.2974,-1.2793,-1.2663,1.3396,-1.2444,-1.2223,-1.2003,-1.1858,-1.1654,-1.1434,-1.1213,-1.0993,-1.0773,-1.0553,1.321,-1.0333,-1.0112,-0.98922,-0.9672,-0.94518,-0.92316,-0.90114,-0.87912,-0.8571,-0.83508,1.3085,-0.81306,-0.79659,-0.77812,-0.7561,-0.73408,-0.71206,-0.69004,-0.67594,-0.6551,-0.63572,1.2975,-0.62016,-0.6046,-0.58522,-0.5723,-0.55337,-0.54236,-0.53135,-0.52034,-0.50933,-0.49833,1.2864,-0.48732,-0.47631,-0.4653,-0.45429,-0.44328,-0.43818,-0.43036,-0.41935,-0.41088,-0.41088,1.2754,-0.40451,-0.3935,-0.38249,-0.37449,-0.36957,-0.36539,-0.36539,-0.35629,-0.35283,-0.34719,1.2644,-0.33991,-0.338,-0.32699,-0.31989,-0.31407,-0.29533,-0.28295,-0.2744,-0.27003,-0.25274,1.2526,-0.23891,-0.2279,-0.21689,-0.20106,-0.18577,-0.17476,-0.16084,-0.13455,-0.12354,-0.10534,1.5488,1.2333,-0.092419,-0.081409,-0.066578,-0.050291,-0.039281,-0.019172,-0.008162,0.007124,0.022956,0.042064,1.2223,0.063174,0.077004,0.094292,0.1053,0.11631,0.11822,0.12923,0.14024,0.14415,0.15316,1.2113,0.16235,0.16608,0.17709,0.18055,0.18965,0.19192,0.20293,0.21394,0.21695,0.22605,1.2003,0.22878,0.23979,0.25079,0.2618,0.27281,0.28701,0.30393,0.31494,0.32595,0.34952,1.1893,0.37527,0.39183,0.41385,0.43641,0.47609,0.49811,0.52013,0.55798,0.58309,0.61348,1.1783,0.6355,0.66398,0.71375,0.74705,0.77217,0.8052,0.85206,0.88945,0.92248,0.95551,1.1672,1.0049,1.0489,1.0728,1.1121,1.1662,1.1992,1.2322,1.2574,1.3074,1.3359,1.1562,1.358,1.3965,1.4202,1.4422,1.4593,1.484,1.4995,1.5196,1.5341,1.5508,1.1452,1.5618,1.5728,1.5838,1.5948,1.6058,1.6091,1.6278,1.6388,1.6499,1.6609,1.1342,1.6719,1.6738,1.6848,1.6958,1.7001,1.7087,1.7183,1.7216,1.5378,1.1232,1.1122,1.1012,1.0902,1.0792,1.0641,1.048,1.037,1.0253,1.0059,1.5267,0.99491,0.9839,0.96452,0.95278,0.94177,0.93076,0.91284,0.89964,0.88863,0.87408,1.5157,0.85752,0.84651,0.83531,0.81539,0.80438,0.79337,0.77453,0.76225,0.74869,0.73113,1.5047,0.72012,0.70911,0.69701,0.67799,0.66698,0.65597,0.64496,0.63241,0.61384,0.60284,1.4937,0.56271,0.54433,0.52431,0.49765,0.4659,0.45489,0.44169,0.39647,0.38546,0.37445,1.4827,0.33068,0.28064,0.27773,0.24743,0.19911,0.15507,0.1063,0.095293,0.084283,0.066085,1.0,2.0
0.32078,0.28124,0.28669,1.4457,1.4655,1.4853,1.505,1.5139,1.5139,1.5139,1.5119,1.4921,1.4648,0.28669,1.4253,1.3857,1.3462,1.3066,1.263,1.2037,1.1348,1.0557,0.97666,0.89689,0.28669,0.79803,0.69917,0.60031,0.48986,0.37123,0.2526,0.13397,0.01534,-0.10329,-0.22192,0.28669,-0.34055,-0.45918,-0.55872,-0.65758,-0.75644,-0.8553,-0.95416,-1.0217,-1.0823,-1.1614,0.28669,-1.2269,-1.2664,-1.306,-1.3455,-1.3851,-1.4212,-1.441,-1.4607,-1.4805,-1.486,0.28669,-1.486,-1.486,-1.486,-1.486,-1.475,-1.4553,-1.4191,-1.3816,-1.3619,-1.3271,0.28669,-1.2678,-1.2214,-1.1819,-1.1239,-1.0605,-0.98143,-0.91189,-0.85258,-0.77826,-0.69849,0.28669,-0.59963,-0.50691,-0.42782,-0.33714,-0.23828,-0.13943,-0.040566,0.058293,0.15715,0.25601,0.27169,0.35487,0.45373,0.5335,0.61736,0.71622,0.80485,0.88394,0.96302,1.0407,1.1001,0.25192,1.1594,1.2187,1.278,1.3373,1.3789,1.415,1.4348,1.4635,1.503,1.5282,0.25806,0.23215,1.548,1.5678,1.5821,1.5821,1.593,1.6128,1.6162,1.6141,1.5944,1.5671,0.21238,1.5275,1.501,1.4812,1.443,1.3994,1.3401,1.2807,1.2214,1.1471,1.068,0.1926,0.98893,0.90985,0.83076,0.74008,0.64122,0.52532,0.40941,0.31055,0.20351,0.084883,0.16124,-0.020113,-0.11897,-0.21783,-0.31669,-0.41555,-0.51441,-0.61327,-0.69645,-0.77553,-0.85462,0.1217,-0.92689,-0.98621,-1.0455,-1.1048,-1.1642,-1.2201,-1.2596,-1.2991,-1.3387,-1.3782,0.082155,-1.4178,-1.4573,-1.4914,-1.5112,-1.531,-1.5507,-1.5541,-1.5541,-1.5541,-1.5466,0.042612,-1.5269,-1.5071,-1.4873,-1.4675,-1.4437,-1.4041,-1.3646,-1.3251,-1.2855,-1.2453,0.003068,-1.186,-1.1021,-0.96371,-0.86007,-0.78099,-0.7019,-0.62281,-0.54373,-0.47282,-0.4135,-0.044657,-0.34055,-0.26147,-0.18238,-0.10329,-0.024203,0.044657,0.10397,0.17897,0.25806,0.33714,-0.10397,0.40941,0.46873,0.54032,0.6194,0.68076,0.74349,0.82258,0.8928,0.95212,1.0114,0.27783,-0.16329,1.0707,1.1103,1.1553,1.2146,1.263,1.3026,1.3421,1.3796,1.3994,1.4191,-0.2226,1.4389,1.4716,1.5112,1.5323,1.5521,1.5719,1.5725,1.5528,1.533,1.5132,-0.28192,1.4935,1.4737,1.4539,1.4225,1.383,1.3435,1.3039,1.2644,1.2166,1.1573,-0.34601,1.098,1.0387,0.97939,0.9153,0.83621,0.76735,0.70804,0.63304,0.55532,0.496,-0.42509,0.43668,0.37737,0.31805,0.25874,0.19942,0.14352,0.10397,0.064429,0.024885,-0.014658,-0.50418,-0.054202,-0.073974,-0.093746,-0.11352,-0.13329,-0.15306,-0.17283,-0.1926,-0.21238,-0.22465,-0.58327,-0.22465,-0.22465,-0.22465,-0.22465,-0.22465,-0.22465,-0.22465,-0.22465,-0.22465,-0.22533,-0.66236,-0.2451,-0.25874,-0.25874,-0.25874,-0.25874,-0.27578,-0.29283,-0.29283,-0.29283,-0.29283,-0.74281,-0.30646,-0.32624,-0.32692,-0.32692,-0.32692,-0.33714,-0.35692,-0.36101,-0.36101,-0.36101,-0.84167,-0.36101,-0.36101,-0.36101,-0.36101,-0.37873,-0.3951,-0.3951,-0.40396,0.28669,-0.93371,-1.0128,-1.0919,-1.171,-1.2323,-1.2916,-1.351,-1.4103,-1.4696,-1.5146,0.28669,-1.5541,-1.5739,-1.5937,-1.6135,-1.6223,-1.6223,-1.6223,-1.6203,-1.6005,-1.5807,0.28669,-1.561,-1.5282,-1.4887,-1.4491,-1.4055,-1.3462,-1.2869,-1.2276,-1.1682,-1.1082,0.28669,-1.0292,-0.94393,-0.84508,-0.75781,-0.67872,-0.58259,-0.48373,-0.38487,-0.28601,-0.18715,0.28669,-0.088291,0.010568,0.10943,0.21306,0.33169,0.44009,0.53895,0.63781,0.73531,0.8144,0.28669,0.89348,0.97257,1.0517,1.1307,1.1921,1.2514,1.3107,1.3612,1.4007,1.426,0.0,2.0
0.60744,0.55897,0.53689,1.3357,1.4004,1.4746,1.5494,1.5979,1.6464,1.6949,1.7434,1.7609,1.777,0.52073,1.7932,1.8094,1.8018,1.7857,1.7695,1.7534,1.6962,1.6041,1.5556,1.496,0.51641,1.4268,1.346,1.2652,1.1844,1.1027,1.0057,0.90877,0.80795,0.69484,0.58172,0.51641,0.46861,0.3555,0.24239,0.12927,0.012974,-0.1163,-0.23282,-0.34594,-0.45905,-0.76061,0.51641,-0.94018,-1.0185,-1.0831,-1.1477,-1.2069,-1.2554,-1.2888,-1.3127,-1.3271,-1.3271,0.50161,-1.3271,-1.3223,-1.3061,-1.2756,-1.2433,-1.2099,-1.1614,-1.1129,-1.0603,-0.99571,0.48545,-0.93108,-0.85938,-0.77859,-0.69779,-0.617,-0.53279,-0.43584,-0.33888,-0.24193,-0.14497,0.47089,-0.048021,0.048933,0.14589,0.24284,0.3398,0.43675,0.5337,0.63066,0.72761,0.82252,0.47089,0.90331,0.98411,1.0649,1.1457,1.2119,1.2766,1.3412,1.4058,1.4486,1.4853,0.45974,1.5337,1.5683,1.5934,1.6095,1.6257,1.6316,1.6207,1.5722,1.4445,1.3387,0.53917,0.44358,1.2902,1.2094,1.1382,1.0706,0.9898,0.89648,0.80545,0.72465,0.62838,0.53143,0.42742,0.43447,0.33752,0.22873,0.12085,0.023898,-0.073056,-0.17001,-0.26696,-0.36392,-0.46087,0.41126,-0.59879,-0.84118,-0.92834,-0.99298,-1.0567,-1.1052,-1.1537,-1.1983,-1.2306,-1.2629,0.3951,-1.2884,-1.3046,-1.3207,-1.3271,-1.3271,-1.3271,-1.3271,-1.3209,-1.3048,-1.2886,0.37803,-1.2634,-1.231,-1.1987,-1.1664,-1.1341,-1.1018,-1.0544,-1.006,-0.95566,-0.89102,0.34571,-0.83776,-0.78451,-0.71987,-0.6409,-0.56784,-0.50207,-0.42127,-0.34048,-0.25968,-0.17889,0.32386,-0.098091,-0.01024,0.086258,0.16705,0.25786,0.35482,0.45177,0.53575,0.62292,0.71987,0.30384,0.81683,0.90445,0.98524,1.066,1.1468,1.2219,1.2866,1.3512,1.4158,1.4784,0.27152,1.5269,1.5754,1.6189,1.6512,1.6835,1.7078,1.724,1.7402,1.7563,1.7682,0.2392,1.7682,1.7543,1.7308,1.6972,1.6325,1.5781,1.5296,1.4812,1.3667,1.2572,0.53917,0.20688,1.1764,1.0795,0.99207,0.90536,0.79225,0.69165,0.58878,0.47567,0.36255,0.24057,0.17456,0.11357,0.000456,-0.10082,-0.20301,-0.31612,-0.41444,-0.5114,-0.60676,-0.68755,-0.82411,0.14225,-0.95839,-1.023,-1.0877,-1.1448,-1.1933,-1.2417,-1.2797,-1.3082,-1.3244,-1.3539,0.10014,-1.3726,-1.3728,-1.389,-1.3856,-1.3726,-1.3726,-1.3599,-1.3376,-1.3052,-1.2729,0.051664,-1.2406,-1.2083,-1.176,-1.1316,-1.0831,-1.0346,-0.98615,-0.93768,-0.88738,-0.82274,0.003187,-0.75811,-0.69825,-0.64977,-0.58696,-0.52232,-0.45882,-0.41035,-0.35117,-0.29063,-0.24216,-0.04529,-0.19368,-0.1452,-0.096725,-0.048248,-0.009785,0.022533,0.054851,0.074196,0.096727,0.12905,-0.099911,0.14543,0.15226,0.15499,0.17115,0.17502,0.16933,0.15317,0.15226,0.14361,0.1295,-0.16455,0.1295,0.11789,0.10674,0.10674,0.10674,0.098776,0.083982,0.083982,0.083982,0.079658,-0.22918,0.063499,0.061223,0.061223,0.061223,0.061223,0.050982,0.038464,0.038464,0.53917,-0.29382,-0.36096,-0.44175,-0.52255,-0.59788,-0.66252,-0.74217,-0.82297,-0.90194,-0.96658,0.53917,-1.0426,-1.1186,-1.1832,-1.2479,-1.3048,-1.3533,-1.4017,-1.4395,-1.4718,-1.5042,0.53917,-1.5365,-1.5617,-1.5774,-1.5774,-1.5774,-1.574,-1.5579,-1.5287,-1.4964,-1.4641,0.53917,-1.4318,-1.3901,-1.3417,-1.2932,-1.2324,-1.1678,-1.1031,-1.0232,-0.94245,-0.85961,0.53917,-0.76266,-0.6657,-0.56875,-0.4718,-0.36028,-0.24716,-0.13405,-0.020937,0.1031,0.22805,0.53917,0.34116,0.45427,0.56739,0.67982,0.77677,0.88397,0.9898,1.0706,1.1646,1.2549,2.0,2.0
-0.5896,-0.62175,-0.65018,-1.646,-1.6069,-1.5666,-1.5344,-1.5023,-1.4658,-1.4229,-1.38,-1.3372,-1.2961,-0.65018,-1.264,-1.2237,-1.1809,-1.138,-1.0952,-1.0523,-1.0105,-0.97835,-0.93886,-0.89599,-0.65018,-0.85313,-0.81027,-0.77218,-0.73969,-0.69683,-0.6606,-0.62845,-0.5963,-0.56416,-0.53606,-0.65018,-0.51463,-0.48286,-0.45662,-0.43519,-0.41376,-0.40009,-0.38605,-0.36462,-0.3528,-0.34209,-0.65018,-0.33137,-0.32066,-0.30994,-0.29923,-0.28851,-0.27779,-0.27155,-0.27151,-0.26079,-0.25008,-0.65018,-0.24126,-0.24126,-0.24126,-0.23751,-0.22679,-0.22611,-0.22051,-0.21097,-0.21097,-0.20351,-0.65018,-0.19582,-0.19582,-0.18651,-0.17579,-0.16507,-0.15436,-0.14364,-0.13293,-0.12221,-0.1115,-0.65018,-0.096617,-0.075187,-0.064206,-0.04747,-0.02763,-0.016915,0.001677,0.023107,0.044538,0.065969,-0.65018,0.092701,0.12398,0.14541,0.17399,0.20341,0.22484,0.25529,0.28743,0.31958,0.35173,-0.65688,0.38387,0.41602,0.44816,0.48031,0.51246,0.5446,0.57675,0.60889,0.64104,0.67319,-0.63504,-0.66533,0.70533,0.73434,0.75577,0.78663,0.81877,0.85035,0.87178,0.90007,0.92979,0.95122,-0.66533,0.97265,0.99836,1.0305,1.0521,1.0735,1.0949,1.1164,1.1458,1.1744,1.1958,-0.66533,1.2172,1.2441,1.2753,1.2967,1.3181,1.3395,1.361,1.3824,1.4038,1.4253,-0.66533,1.4467,1.4681,1.4896,1.511,1.524,1.5347,1.5455,1.5664,1.582,1.5927,-0.66533,1.6035,1.6142,1.6216,1.6216,1.6312,1.6419,1.6519,1.6519,1.6589,1.6671,-0.66533,1.6671,1.6759,1.6778,1.6671,1.6671,1.6608,1.6501,1.6394,1.6368,1.6331,-0.67131,1.6224,1.6117,1.601,1.5891,1.5677,1.5537,1.54,1.5186,1.4971,1.4757,-0.68047,1.4543,1.4328,1.4047,1.3748,1.3534,1.3235,1.2913,1.2592,1.227,1.1949,-0.68047,1.1627,1.1306,1.0984,1.0663,1.0341,1.002,0.96985,0.9377,0.90556,0.87341,-0.68047,0.84126,0.80912,0.77697,0.74483,0.71268,0.68053,0.65475,0.63139,0.59924,0.57531,-0.63689,-0.68047,0.55388,0.53245,0.51102,0.48959,0.46816,0.44673,0.42529,0.40693,0.39622,0.37615,-0.68047,0.35964,0.34892,0.33821,0.32749,0.31678,0.30606,0.29535,0.28463,0.27392,0.27369,-0.68047,0.27369,0.27206,0.26134,0.25854,0.25854,0.25854,0.25854,0.25854,0.25854,0.25854,-0.68047,0.25854,0.25854,0.25854,0.25854,0.25854,0.25854,0.25854,0.25854,0.25854,0.25854,-0.68131,0.25854,0.25854,0.25854,0.25854,0.25854,0.25854,0.25854,0.25854,0.25854,0.25854,-0.69202,0.25854,0.25854,0.25854,0.25854,0.25854,0.25608,0.24537,0.2434,0.2434,0.2434,-0.69562,0.2434,0.2434,0.24514,0.25585,0.25854,0.25854,0.25854,0.25854,0.25854,0.25854,-0.69562,0.25854,0.25854,0.26142,0.27214,0.27369,0.27369,0.27369,0.27369,0.27369,0.27369,-0.69562,0.27369,0.27369,0.26967,0.25896,0.25854,0.25854,0.25854,0.25854,0.25854,0.25854,-0.69562,0.25854,0.24896,0.2434,0.2434,0.2434,0.2434,0.24597,0.25669,-0.64761,-0.69562,-0.69562,-0.69562,-0.69562,-0.69759,-0.7083,-0.78505,-0.86619,-0.91977,-0.94302,-0.65018,-0.96445,-0.98713,-1.0193,-1.0665,-1.1139,-1.146,-1.1782,-1.2252,-1.2879,-1.32,-0.65018,-1.3522,-1.3915,-1.4558,-1.494,-1.5389,-1.6032,-1.6254,-1.6468,-1.6733,-1.7268,-0.65018,-1.7566,-1.7745,-1.7852,-1.8449,-1.8823,-1.894,-1.9154,-1.9586,-2.0149,-2.0792,-0.65018,-2.0981,-2.1088,-2.1186,-2.0865,-2.0673,-2.0545,-2.0331,-2.0117,-1.9903,-1.9688,-0.65018,-1.9474,-1.9202,-1.8894,-1.868,-1.8389,-1.8067,-1.7746,-1.7424,-1.7103,-1.6781,4.0,2.0
0.072706,0.072706,0.045422,-0.37748,-0.27476,-0.17203,-0.062077,0.060701,0.16343,0.26615,0.37665,0.49888,0.60161,0.045422,0.70433,0.80706,0.8945,0.98522,1.086,1.1634,1.2503,1.3188,1.4145,1.4736,0.045422,1.5242,1.5927,1.6309,1.6651,1.6994,1.7336,1.7679,1.7916,1.8091,1.8189,0.045422,1.8462,1.8351,1.8009,1.7666,1.7324,1.6982,1.6454,1.5769,1.5084,1.4399,0.045422,1.3714,1.2769,1.1799,1.0987,0.996,0.89327,0.76326,0.66054,0.53763,0.42781,0.045422,0.29098,0.15401,0.037782,-0.092226,-0.20232,-0.32496,-0.44896,-0.55769,-0.66042,-0.76314,0.045422,-0.86587,-0.96859,-1.0713,-1.1586,-1.2495,-1.3229,-1.3914,-1.4598,-1.5283,-1.5942,0.045422,-1.6285,-1.6627,-1.6969,-1.7312,-1.7553,-1.7724,-1.7826,-1.7516,-1.7068,-1.6559,0.045422,-1.6216,-1.5559,-1.4874,-1.4008,-1.3231,-1.2274,-1.1472,-1.0444,-0.94171,-0.83899,0.045422,-0.73627,-0.63354,-0.53082,-0.42809,-0.32537,-0.22264,-0.11992,0.010089,0.11281,0.21554,0.058791,0.045422,0.31826,0.42099,0.52371,0.60556,0.70188,0.7971,0.88004,0.96135,1.0298,1.0983,0.045422,1.1668,1.2353,1.3021,1.345,1.3979,1.4321,1.4937,1.5188,1.5349,1.5691,0.045422,1.6006,1.6103,1.6279,1.6043,1.5973,1.5631,1.5289,1.4946,1.4331,1.3881,0.045422,1.3196,1.2511,1.1826,1.1141,1.0457,0.95193,0.87649,0.78564,0.69833,0.5956,0.045422,0.49288,0.37774,0.26015,0.15742,0.048696,-0.07531,-0.17803,-0.30763,-0.41732,-0.54078,0.045422,-0.6435,-0.77351,-0.87623,-0.99301,-1.109,-1.2117,-1.3144,-1.4025,-1.4926,-1.5941,0.028233,-1.6626,-1.731,-1.7995,-1.8662,-1.9005,-1.9347,-1.9463,-1.9736,-1.9736,-1.9574,0.018138,-1.9231,-1.8889,-1.8448,-1.7931,-1.7114,-1.6394,-1.5605,-1.4751,-1.3824,-1.2836,0.018138,-1.2042,-1.1015,-0.99874,-0.89151,-0.76601,-0.66328,-0.56056,-0.43055,-0.31582,-0.19782,0.018138,-0.095091,0.034917,0.13764,0.25987,0.37037,0.4731,0.57582,0.67855,0.78127,0.884,0.045422,0.018138,0.97308,1.0622,1.1646,1.2331,1.3016,1.3701,1.4377,1.4797,1.5335,1.5677,0.018138,1.602,1.6279,1.6432,1.6552,1.6825,1.6825,1.6666,1.6324,1.6254,1.5912,0.018138,1.557,1.4994,1.4582,1.3997,1.3485,1.28,1.1843,1.1158,1.0298,0.95152,0.018138,0.85166,0.74894,0.64622,0.56846,0.46805,0.36533,0.28116,0.18716,0.11691,0.048423,0.036418,-0.02006,-0.088543,-0.12401,-0.15825,-0.1925,-0.22674,-0.26098,-0.28199,-0.28199,-0.28199,0.045422,-0.28199,-0.28199,-0.28199,-0.28199,-0.28199,-0.28199,-0.28199,-0.28199,-0.28199,-0.28199,0.045422,-0.28199,-0.28199,-0.29044,-0.30927,-0.30927,-0.31132,-0.33655,-0.33655,-0.33655,-0.33915,0.045422,-0.36384,-0.36384,-0.36384,-0.36384,-0.37393,-0.39112,-0.39112,-0.39112,-0.40176,-0.41841,0.045422,-0.41841,-0.41841,-0.41841,-0.41841,-0.41841,-0.41841,-0.41841,-0.39972,-0.39112,-0.39112,0.045422,-0.39112,-0.41036,-0.39221,-0.39112,-0.39112,-0.39112,-0.39112,-0.39112,0.045422,0.045422,0.045422,0.045422,0.045422,0.045422,0.045422,0.045422,0.045422,0.045422,0.045422,0.045422,0.045422,0.045285,0.018138,0.018138,-0.002871,-0.037112,-0.071354,-0.090998,-0.11255,-0.14679,0.045422,-0.18104,-0.23042,-0.2768,-0.31282,-0.37257,-0.4225,-0.46834,-0.52986,-0.57338,-0.64186,0.045422,-0.71035,-0.75154,-0.82003,-0.87173,-0.92971,-0.97091,-1.029,-1.0633,-1.0975,-1.1317,0.045422,-1.166,-1.2002,-1.2096,-1.2141,-1.2369,-1.2369,-1.2369,-1.2096,-1.1976,-1.1634,0.045422,-1.1292,-1.0893,-1.0334,-0.97964,-0.91116,-0.83653,-0.74691,-0.65837,-0.58266,-0.48021,0.0,2.0
-2.069,-2.0333,-1.8307,-0.80755,-0.80755,-0.79974,-0.79754,-0.79754,-0.79754,-0.79754,-0.79524,-0.78753,-0.78743,-1.805,-0.77852,-0.77752,-0.77071,-0.7618,-0.75289,-0.74398,-0.73507,-0.72616,-0.71725,-0.70834,-1.7783,-0.69142,-0.68051,-0.66579,-0.64797,-0.63376,-0.62234,-0.60452,-0.5867,-0.56888,-0.55917,-1.7572,-0.54325,-0.52543,-0.51242,-0.4998,-0.48459,-0.47418,-0.45676,-0.44785,-0.43073,-0.42001,-1.7348,-0.4111,-0.40219,-0.39328,-0.38437,-0.37546,-0.36655,-0.35764,-0.35704,-0.34983,-0.34703,-1.7116,-0.34203,-0.33702,-0.33422,-0.32701,-0.32701,-0.32701,-0.3186,-0.317,-0.31079,-0.30188,-1.6938,-0.29297,-0.28696,-0.28336,-0.26694,-0.26694,-0.24992,-0.23951,-0.2306,-0.22169,-0.20868,-1.6746,-0.19386,-0.18305,-0.16603,-0.15712,-0.1396,-0.12178,-0.11036,-0.096148,-0.078328,-0.060508,-1.6481,-0.042687,-0.025768,-0.016858,0.000762,0.018582,0.029895,0.044211,0.062031,0.076647,0.08766,-1.6303,0.10448,0.11339,0.1223,0.13121,0.14673,0.15904,0.16355,0.16685,0.17576,0.18467,-2.0055,-1.6205,0.19358,0.19358,0.19358,0.19358,0.19919,0.19909,0.19358,0.19358,0.19358,0.19368,-1.6047,0.20259,0.20359,0.2104,0.21931,0.22822,0.23713,0.24604,0.25495,0.26386,0.27277,-1.5926,0.28969,0.3006,0.30951,0.32313,0.33734,0.34876,0.36517,0.37438,0.3922,0.40192,-1.5837,0.41783,0.42975,0.44346,0.45758,0.46909,0.48541,0.49432,0.50323,0.51214,0.52105,-1.5748,0.52996,0.53887,0.54778,0.55399,0.55399,0.55449,0.5634,0.564,0.564,0.57011,-1.5659,0.57401,0.57791,0.58682,0.59403,0.59463,0.60354,0.61245,0.62136,0.63027,0.63918,-1.557,0.64809,0.657,0.66772,0.68484,0.69375,0.70266,0.71157,0.72678,0.7394,0.74831,-1.5487,0.76022,0.77614,0.78505,0.79396,0.80287,0.81929,0.8307,0.83961,0.84852,0.85433,-1.5576,0.85633,0.86524,0.87415,0.88306,0.88436,0.88436,0.88977,0.89437,0.89437,0.89437,-1.5584,0.89537,0.90428,0.90438,0.90438,0.90438,0.90438,0.90438,0.90438,0.90438,0.90438,-1.9855,-1.5514,0.90438,0.90438,0.90438,0.91109,0.9144,0.9144,0.9144,0.9167,0.92441,0.92441,-1.5425,0.92441,0.92441,0.93121,0.93442,0.93442,0.93792,0.94443,0.94573,0.95444,0.95444,-1.5384,0.95444,0.96135,0.96445,0.96916,0.97446,0.97446,0.97586,0.98447,0.98447,0.99258,-1.5347,0.99449,0.99449,0.99929,1.0045,1.0045,1.006,1.0145,1.0145,1.0145,1.0145,-1.5258,1.0205,1.0245,1.0245,1.0245,1.0261,1.035,1.0439,1.0529,1.0618,1.0707,-1.5154,1.0796,1.0885,1.0974,1.1063,1.1158,1.1336,1.1431,1.1593,1.1709,1.1849,-1.4979,1.2027,1.2205,1.2366,1.2462,1.264,1.2818,1.2996,1.3175,1.3353,1.3531,-1.489,1.3709,1.3868,1.3965,1.4144,1.4322,1.4425,1.4514,1.4656,1.4792,1.4881,-1.4801,1.4971,1.506,1.5149,1.5238,1.5327,1.5416,1.5451,1.5494,1.5583,1.5672,-1.4641,1.5751,1.5751,1.584,1.5852,1.5785,1.5751,1.5707,1.5618,-1.9677,-1.4463,-1.4285,-1.4144,-1.4028,-1.385,-1.3672,-1.3494,-1.3399,-1.3237,-1.312,-1.9453,-1.3031,-1.2942,-1.2853,-1.2764,-1.2675,-1.2586,-1.2497,-1.2481,-1.2481,-1.2429,-1.922,-1.238,-1.2351,-1.228,-1.228,-1.228,-1.2195,-1.218,-1.2117,-1.2028,-1.1939,-1.9019,-1.185,-1.1761,-1.1672,-1.1582,-1.1493,-1.1329,-1.1215,-1.1073,-1.0937,-1.0817,-1.8752,-1.0658,-1.056,-1.0382,-1.0204,-1.0102,-0.99476,-0.97694,-0.95912,-0.94451,-0.9335,-1.8485,-0.91567,-0.89785,-0.88884,-0.87223,-0.86101,-0.8521,-0.84319,-0.83428,-0.82537,-0.81646,3.0,2.0
1.8797,1.7603,1.5848,-0.080294,-0.094585,-0.12062,-0.18033,-0.20478,-0.21331,-0.22184,-0.23037,-0.2389,-0.2441,1.5678,-0.24523,-0.26228,-0.27302,-0.28154,-0.29086,-0.30792,-0.32498,-0.34204,-0.3591,-0.37615,1.5507,-0.39321,-0.41027,-0.42733,-0.44439,-0.46845,-0.4898,-0.50833,-0.53391,-0.5595,-0.58509,1.5337,-0.61067,-0.63626,-0.66185,-0.68743,-0.71494,-0.74906,-0.77549,-0.80599,-0.83796,-0.86355,1.5102,-0.89704,-0.92602,-0.95398,-0.9881,-1.0141,-1.045,-1.0765,-1.1021,-1.1361,-1.1646,1.4883,-1.1902,-1.2158,-1.2414,-1.267,-1.2925,-1.3178,-1.3349,-1.358,-1.3803,-1.3974,1.4703,-1.4144,-1.4315,-1.445,-1.4543,-1.4714,-1.4819,-1.4942,-1.5103,-1.5188,-1.5273,1.4447,-1.5359,-1.5444,-1.5529,-1.5545,-1.5587,-1.5672,-1.5758,-1.5843,-1.5884,-1.5884,1.4258,-1.5884,-1.5884,-1.5884,-1.5884,-1.5884,-1.5808,-1.5771,-1.5771,-1.5771,-1.5693,1.4048,-1.5658,-1.5635,-1.555,-1.5464,-1.5379,-1.5294,-1.5208,-1.5123,-1.4983,-1.484,1.7158,1.3804,-1.4754,-1.4584,-1.4413,-1.4273,-1.4183,-1.3927,-1.3731,-1.356,-1.339,-1.3219,1.3633,-1.2986,-1.2731,-1.2481,-1.2311,-1.2076,-1.1857,-1.1677,-1.1421,-1.1232,-1.1022,1.3394,-1.0778,-1.0607,-1.0368,-1.0153,-0.99691,-0.97132,-0.94573,-0.9245,-0.90586,-0.88027,1.3138,-0.86203,-0.84039,-0.81661,-0.79955,-0.7825,-0.76544,-0.74838,-0.73132,-0.72206,-0.7085,1.2895,-0.69145,-0.67439,-0.66535,-0.65157,-0.63451,-0.61745,-0.60864,-0.60011,-0.58887,-0.57181,1.2725,-0.56323,-0.5547,-0.54911,-0.54894,-0.54041,-0.53188,-0.52335,-0.51522,-0.51522,-0.50906,1.2483,-0.50392,-0.5033,-0.49477,-0.49262,-0.48901,-0.48048,-0.47195,-0.47003,-0.46619,-0.45873,1.2227,-0.45873,-0.4519,-0.44744,-0.44614,-0.43761,-0.42908,-0.42055,-0.41202,-0.40349,-0.39496,1.1971,-0.38192,-0.36661,-0.35808,-0.34204,-0.32498,-0.30792,-0.29086,-0.27381,-0.25675,-0.23749,1.1715,-0.2119,-0.19428,-0.17202,-0.14644,-0.12085,-0.095262,-0.069675,-0.044088,-0.018501,0.007086,1.7042,1.1533,0.032673,0.05826,0.083847,0.10943,0.12915,0.14931,0.17456,0.19162,0.20867,0.22907,1.1317,0.25409,0.27115,0.28188,0.29396,0.31023,0.31876,0.33384,0.34712,0.35564,0.36417,1.1061,0.3727,0.38123,0.38976,0.39829,0.40682,0.41535,0.42388,0.43241,0.44093,0.44946,1.0805,0.45799,0.46652,0.47505,0.48358,0.49403,0.51109,0.52815,0.5452,0.56226,0.57932,1.0549,0.60428,0.62473,0.64416,0.66975,0.69534,0.71556,0.73521,0.7608,0.79475,0.82327,1.0341,0.84886,0.87445,0.90003,0.93144,0.9625,0.98837,1.0225,1.0506,1.0761,1.1017,1.015,1.1273,1.1592,1.1898,1.2154,1.241,1.2666,1.2921,1.3168,1.3338,1.3576,0.98945,1.3832,1.4076,1.4247,1.4487,1.4701,1.4871,1.5042,1.5212,1.5383,1.5554,0.96386,1.5724,1.5895,1.6019,1.6104,1.619,1.6275,1.6409,1.6558,1.6644,1.6729,0.9433,1.6814,1.69,1.6985,1.707,1.7155,1.7215,1.7215,1.7298,1.6872,0.92398,0.89839,0.88083,0.85852,0.83542,0.81836,0.8013,0.78424,0.76718,0.75013,1.6701,0.73307,0.71601,0.70189,0.69336,0.68483,0.67037,0.65648,0.64795,0.63942,0.63089,1.6531,0.62236,0.61383,0.6053,0.59677,0.58824,0.57971,0.57119,0.56266,0.55413,0.5456,1.636,0.53707,0.52854,0.50374,0.4611,0.41845,0.40405,0.39552,0.38699,0.37846,0.36994,1.619,0.34785,0.31198,0.26934,0.25674,0.22923,0.19252,0.17546,0.15067,0.13005,0.11519,1.6019,0.10667,0.074244,0.045325,0.024595,0.016066,-0.000653,-0.012288,-0.028781,-0.062897,-0.071765,1.0,2.0
-0.56596,-0.58229,-0.61712,-1.7981,-1.7818,-1.7654,-1.7385,-1.7157,-1.6994,-1.6831,-1.659,-1.6334,-1.617,-0.60804,-1.5952,-1.5673,-1.551,-1.5313,-1.5013,-1.4849,-1.4674,-1.4352,-1.4189,-1.4026,-0.60007,-1.3862,-1.3553,-1.3365,-1.3202,-1.2914,-1.2705,-1.2432,-1.2208,-1.1949,-1.1622,-0.60007,-1.1377,-1.114,-1.088,-1.0657,-1.0331,-1.0049,-0.98855,-0.9692,-0.93884,-0.92251,-0.60007,-0.90533,-0.8728,-0.85647,-0.84014,-0.8088,-0.79043,-0.7741,-0.74494,-0.72439,-0.69668,-0.60007,-0.67468,-0.65835,-0.63281,-0.60863,-0.59231,-0.57598,-0.55334,-0.52626,-0.50994,-0.49361,-0.60552,-0.47728,-0.45826,-0.42757,-0.41124,-0.39491,-0.37858,-0.36225,-0.34592,-0.32959,-0.31326,-0.61712,-0.29693,-0.2806,-0.26428,-0.24795,-0.23162,-0.22488,-0.21601,-0.19968,-0.19077,-0.18408,-0.61712,-0.17372,-0.16848,-0.15667,-0.15287,-0.13961,-0.13727,-0.12256,-0.12166,-0.1055,-0.1055,-0.61712,-0.089729,-0.0734,-0.071397,-0.057796,-0.041467,-0.025138,-0.008809,0.00752,0.023849,0.040178,-0.58301,-0.61712,0.065034,0.08989,0.1133,0.1396,0.16156,0.19422,0.22687,0.25953,0.29219,0.32485,-0.61712,0.35751,0.39017,0.42282,0.45548,0.47271,0.50374,0.5364,0.56906,0.60172,0.63438,-0.61712,0.66703,0.69969,0.73235,0.7561,0.78061,0.81327,0.84593,0.87859,0.91125,0.9439,-0.61674,0.97656,1.0092,1.0419,1.0745,1.1072,1.1399,1.1725,1.2052,1.2378,1.2849,-0.60041,1.3202,1.3529,1.3855,1.4067,1.4338,1.4664,1.4991,1.5317,1.5644,1.5971,-0.60007,1.6297,1.6567,1.678,1.7064,1.7262,1.7561,1.7725,1.7901,1.8222,1.8385,-0.5848,1.8548,1.8712,1.8727,1.8868,1.9031,1.9194,1.9239,1.9128,1.8964,1.8801,-0.58301,1.8638,1.8475,1.8311,1.8148,1.7924,1.7651,1.7442,1.7115,1.6788,1.6462,-0.5692,1.6135,1.5809,1.5482,1.5155,1.4829,1.4351,1.4005,1.3542,1.3181,1.2733,-0.56596,1.2243,1.1861,1.1433,1.1037,1.0624,1.0213,0.98151,0.93896,0.9063,0.87863,-0.59789,-0.55359,0.85804,0.82538,0.79553,0.77712,0.74582,0.72885,0.6962,0.67978,0.64793,0.63007,-0.5489,0.61374,0.59741,0.58108,0.56475,0.54842,0.5321,0.51577,0.50843,0.50016,0.49138,-0.53799,0.49138,0.49138,0.49138,0.49138,0.49138,0.49138,0.49138,0.49138,0.49138,0.49138,-0.53185,0.49138,0.49138,0.49138,0.49138,0.47765,0.47433,0.47433,0.47433,0.47433,0.47433,-0.53185,0.47433,0.46567,0.45727,0.45727,0.45727,0.45152,0.44022,0.43591,0.42316,0.42316,-0.53185,0.42316,0.42316,0.42316,0.42316,0.42316,0.42316,0.42316,0.42316,0.42316,0.4105,-0.53185,0.40611,0.40611,0.40611,0.40611,0.40611,0.41442,0.42316,0.42316,0.4293,0.44022,-0.52456,0.44022,0.44022,0.44022,0.44022,0.44022,0.44022,0.44022,0.44022,0.42427,0.42316,-0.5148,0.42316,0.42316,0.42316,0.42316,0.43476,0.44022,0.44022,0.4308,0.42316,0.42316,-0.5148,0.41592,0.40611,0.41191,0.42824,0.44457,0.4609,0.47723,0.49355,-0.60007,-0.5148,-0.5148,-0.5148,-0.5148,-0.51258,-0.49774,-0.49774,-0.49774,-0.49774,-0.49774,-0.6135,-0.49774,-0.49774,-0.49774,-0.49774,-0.49774,-0.49774,-0.49774,-0.49774,-0.50687,-0.5148,-0.61712,-0.5148,-0.58429,-0.69156,-0.70789,-0.72422,-0.7608,-0.84214,-0.86107,-0.89373,-0.92984,-0.61712,-1.0102,-1.0429,-1.0755,-1.1694,-1.2091,-1.2833,-1.3255,-1.3582,-1.4376,-1.4917,-0.61712,-1.5755,-1.6708,-1.7173,-1.774,-1.8353,-1.8516,-1.8915,-1.9525,-1.9644,-1.9607,-0.61712,-1.9443,-1.928,-1.9132,-1.9124,-1.8961,-1.8797,-1.8634,-1.8471,-1.8308,-1.8144,4.0,2.0
-2.1581,-2.0872,-1.7863,-0.8174,-0.80162,-0.78585,-0.77008,-0.7543,-0.73853,-0.72276,-0.70698,-0.69121,-0.67881,-1.7469,-0.67093,-0.65515,-0.64389,-0.636,-0.62811,-0.62023,-0.61459,-0.61459,-0.60783,-0.60333,-1.712,-0.60333,-0.59544,-0.58755,-0.58079,-0.58079,-0.58079,-0.58079,-0.58079,-0.58079,-0.58079,-1.6804,-0.58079,-0.57291,-0.56953,-0.5684,-0.56051,-0.55826,-0.55601,-0.54812,-0.54023,-0.53235,-1.6489,-0.52446,-0.51657,-0.50869,-0.49967,-0.4839,-0.47376,-0.46362,-0.44785,-0.43207,-0.4163,-1.623,-0.40053,-0.38475,-0.36898,-0.35433,-0.34644,-0.33292,-0.31715,-0.30138,-0.29236,-0.2811,-1.5971,-0.26532,-0.25744,-0.24504,-0.2304,-0.22251,-0.21462,-0.20674,-0.19885,-0.19096,-0.18308,-1.5655,-0.17519,-0.1673,-0.15942,-0.15153,-0.14364,-0.13576,-0.12562,-0.10984,-0.10083,-0.092942,-1.5407,-0.085056,-0.077169,-0.069282,-0.060269,-0.044495,-0.034355,-0.026468,-0.018582,-0.003935,0.008459,-1.5204,0.016345,0.032119,0.043386,0.052399,0.068172,0.083946,0.097466,0.10535,0.12,0.13239,-2.0432,-1.5047,0.14028,0.15605,0.16732,0.17633,0.19211,0.20225,0.21013,0.21802,0.22591,0.23379,-1.4889,0.24168,0.24957,0.25745,0.26421,0.26421,0.26985,0.27548,0.27548,0.28224,0.28675,-1.4731,0.28675,0.28675,0.28675,0.28675,0.28675,0.28675,0.28675,0.28675,0.29351,0.29801,-1.4585,0.29801,0.3059,0.31379,0.32055,0.32055,0.32618,0.33407,0.34196,0.3566,0.369,-1.4506,0.37688,0.38477,0.39716,0.41181,0.4197,0.42758,0.43772,0.4535,0.46251,0.4704,-1.4427,0.47828,0.49406,0.50532,0.51321,0.5211,0.52898,0.53687,0.54476,0.55264,0.56053,-1.4348,0.56842,0.5763,0.58419,0.59208,0.59996,0.60222,0.60447,0.61236,0.62024,0.62813,-1.4269,0.63602,0.6439,0.65179,0.65968,0.66756,0.68108,0.69461,0.70249,0.71714,0.73291,-1.4258,0.74869,0.75657,0.76897,0.78474,0.80051,0.81065,0.82079,0.83657,0.84558,0.85347,-1.4258,0.86135,0.87713,0.88839,0.89628,0.90417,0.91205,0.91994,0.92783,0.93571,0.9436,-2.0184,-1.4258,0.95149,0.95937,0.96726,0.97515,0.98303,0.99092,0.99881,1.0067,1.0146,1.0191,-1.4258,1.0191,1.027,1.0304,1.0315,1.0394,1.0416,1.0439,1.0518,1.0529,1.0529,-1.4258,1.0529,1.0529,1.0529,1.0529,1.0529,1.0529,1.0529,1.0529,1.0529,1.0529,-1.4258,1.0529,1.0608,1.0642,1.0653,1.0732,1.0811,1.0889,1.0968,1.1047,1.1126,-1.4258,1.1205,1.1284,1.1363,1.1441,1.152,1.1599,1.1678,1.1757,1.1836,1.1915,-1.4258,1.1994,1.2072,1.2151,1.2219,1.2219,1.2275,1.2354,1.2433,1.2512,1.2557,-1.4235,1.2557,1.2636,1.267,1.2681,1.276,1.2839,1.2917,1.2996,1.3075,1.3154,-1.4157,1.3233,1.3312,1.3391,1.347,1.3548,1.3627,1.3729,1.3886,1.3977,1.4089,-1.4145,1.4247,1.4405,1.4607,1.4833,1.4991,1.5261,1.5554,1.579,1.6095,1.641,-1.4112,1.6726,1.7041,1.7357,1.7683,1.8078,1.8416,1.8754,1.9148,-1.9869,-1.4033,-1.4033,-1.3988,-1.3909,-1.383,-1.3751,-1.3672,-1.3593,-1.3447,-1.3323,-1.9553,-1.3244,-1.3165,-1.3086,-1.3007,-1.2929,-1.285,-1.2748,-1.2591,-1.25,-1.2422,-1.9215,-1.2343,-1.2343,-1.2298,-1.2219,-1.214,-1.2061,-1.1982,-1.1903,-1.1824,-1.1779,-1.8821,-1.1779,-1.17,-1.1667,-1.1655,-1.1577,-1.1498,-1.1419,-1.134,-1.1329,-1.1295,-1.8494,-1.1216,-1.1137,-1.1013,-1.0867,-1.0788,-1.0653,-1.0495,-1.0337,-1.0179,-1.0022,-1.8179,-0.9864,-0.97062,-0.95485,-0.93908,-0.9233,-0.90753,-0.89176,-0.87598,-0.86021,-0.84106,3.0,2.0
1.0358,1.0128,1.0358,1.7608,1.8094,1.8382,1.8625,1.8643,1.8643,1.8621,1.8027,1.5592,1.4008,1.0358,1.2435,1.1617,1.0238,0.88637,0.80058,0.70323,0.60588,0.44155,-0.078354,-0.26518,1.0358,-0.33819,-0.41121,-0.48422,-0.55724,-0.63025,-0.69895,-0.75326,-0.81932,-0.86799,-0.92628,1.0358,-0.98836,-1.0248,-1.0627,-1.0965,-1.137,-1.1682,-1.1925,-1.1966,-1.2182,-1.2197,1.0358,-1.2208,-1.2402,-1.2197,-1.2197,-1.2132,-1.1889,-1.1645,-1.1402,-1.1041,-1.0685,1.0358,-1.0298,-0.98111,-0.93244,-0.88376,-0.83508,-0.78641,-0.71541,-0.66541,-0.59239,-0.51938,1.057,-0.44636,-0.36742,-0.27732,-0.2043,-0.12139,-0.035259,0.050299,0.14765,0.22981,0.31934,1.0363,0.41669,0.51405,0.59092,0.68574,0.78309,0.87901,0.95478,1.048,1.1211,1.1941,1.035,1.259,1.3171,1.3794,1.4281,1.4768,1.5108,1.5351,1.5594,1.5838,1.5882,1.0107,1.6094,1.5886,1.5872,1.5629,1.535,1.4667,1.3394,1.2437,1.1243,0.33839,1.0128,0.98631,-0.63278,-0.69297,-0.7558,-0.81333,-0.86201,-0.91069,-0.97881,-1.0103,-1.0567,-1.1054,0.96197,-1.1523,-1.1797,-1.224,-1.2484,-1.2797,-1.3201,-1.3347,-1.3457,-1.3577,-1.3577,0.90714,-1.3577,-1.3577,-1.3577,-1.3388,-1.3145,-1.2901,-1.2658,-1.2403,-1.1941,-1.1659,0.76111,-1.1172,-1.0621,-0.99688,-0.93905,-0.87651,-0.81604,-0.74302,-0.67001,-0.59699,-0.52398,0.65007,-0.43255,-0.35494,-0.26086,-0.18589,-0.089862,-0.014833,0.082519,0.17987,0.27722,0.36727,0.59132,0.45755,0.55933,0.64362,0.74097,0.83833,0.93568,1.0165,1.1074,1.1855,1.2791,0.5297,1.3545,1.4274,1.4776,1.5478,1.5923,1.6166,1.641,1.6653,1.6802,1.6802,0.44287,1.6802,1.6668,1.6425,1.6181,1.5764,1.5277,1.459,1.386,1.245,1.17,0.34926,1.0749,0.99828,0.90093,0.80357,0.70622,0.61779,0.53453,0.43718,0.33983,0.24247,0.27625,0.14512,0.047767,-0.049586,-0.14694,-0.24429,-0.62962,-0.73773,-0.81074,-0.88376,-0.97006,1.0128,0.15317,-1.0931,-1.1488,-1.2134,-1.2621,-1.3108,-1.3595,-1.3945,-1.4338,-1.4661,-1.4905,0.079182,-1.5148,-1.5189,-1.5405,-1.5419,-1.5419,-1.5419,-1.538,-1.5189,-1.5123,-1.488,0.011173,-1.4636,-1.4393,-1.4149,-1.3774,-1.3433,-1.3031,-1.2716,-1.2288,-1.1801,-1.1314,-0.061841,-1.0827,-1.034,-0.98537,-0.93669,-0.89273,-0.86236,-0.81368,-0.765,-0.71633,-0.66765,-0.20079,-0.63163,-0.59331,-0.54464,-0.49596,-0.44728,-0.41788,-0.37294,-0.32427,-0.27559,-0.22692,-0.27663,-0.18112,-0.15258,-0.1039,-0.041531,0.039482,0.088158,0.14765,0.23281,0.30323,0.35191,-0.32691,0.43281,0.47786,0.52095,0.58971,0.61992,0.64425,0.66859,0.69293,0.71727,0.74161,-0.39699,0.75962,0.75196,0.7366,0.7263,0.70196,0.69057,0.6763,0.65196,0.64454,0.6263,-0.44993,0.60196,0.57763,0.55329,0.52895,0.50645,0.50329,0.48344,0.47763,0.46042,0.45197,-0.51736,0.43741,0.43741,0.43741,0.42366,0.41439,0.41439,0.41439,0.41439,1.0181,-0.57294,-0.63773,-0.68641,-0.73508,-0.78376,-0.83244,-0.88111,-0.92979,-0.97847,-1.0083,1.0358,-1.0327,-1.057,-1.0813,-1.1057,-1.1276,-1.1276,-1.1276,-1.1276,-1.1199,-1.0956,1.0358,-1.0712,-1.0469,-1.0225,-0.98387,-0.95085,-0.90954,-0.86086,-0.81218,-0.76351,-0.71483,1.0358,-0.64314,-0.59256,-0.51955,-0.45108,-0.39653,-0.32352,-0.25051,-0.17749,-0.10448,-0.018976,1.0358,0.064568,0.15271,0.23361,0.32441,0.40266,0.4961,0.59345,0.6908,0.78815,0.8828,1.0358,0.95985,1.0572,1.1546,1.2519,1.3399,1.4236,1.509,1.582,1.655,1.7121,2.0,2.0
-2.0921,-1.9846,-1.6985,-0.97609,-0.99912,-1.0221,-1.0385,-1.0573,-1.0801,-1.0954,-1.106,-1.1152,-1.1306,-1.6755,-1.1399,-1.1448,-1.1448,-1.1448,-1.1408,-1.1331,-1.1255,-1.1178,-1.108,-1.0927,-1.6524,-1.0708,-1.0511,-1.0356,-1.0126,-0.98502,-0.95567,-0.93265,-0.90379,-0.84696,-0.7395,-1.6276,-0.70281,-0.66824,-0.62986,-0.59148,-0.5531,-0.51663,-0.48593,-0.44885,-0.41363,-0.38293,-1.5969,-0.35223,-0.32152,-0.29082,-0.26012,-0.23508,-0.2096,-0.1789,-0.16202,-0.14297,-0.12043,-1.5787,-0.10508,-0.089726,-0.074375,-0.059023,-0.049878,-0.039208,-0.023856,-0.023421,-0.019175,-0.011499,-1.5603,-0.003823,-0.001646,-0.001646,-0.001646,-0.001646,-0.001646,-0.001972,-0.009648,-0.012533,-0.014112,-1.5373,-0.021788,-0.035506,-0.048027,-0.055703,-0.070673,-0.086025,-0.10138,-0.11673,-0.13208,-0.14743,-1.5218,-0.16278,-0.18472,-0.20437,-0.21989,-0.24292,-0.26132,-0.28091,-0.31929,-0.34003,-0.35538,-1.5107,-0.37074,-0.38609,-0.40144,-0.41538,-0.41538,-0.41538,-0.41538,-0.41538,-0.40895,-0.40128,-1.9263,-1.503,-0.3936,-0.37825,-0.3629,-0.34755,-0.33219,-0.31113,-0.2881,-0.26507,-0.23508,-0.20813,-1.4954,-0.18456,-0.15385,-0.083085,-0.003551,0.034828,0.066947,0.09765,0.12835,0.16657,0.20065,-1.4877,0.23135,0.26205,0.29276,0.32346,0.35416,0.37806,0.40468,0.435,0.45803,0.48106,-1.48,0.50408,0.52711,0.55014,0.57028,0.58563,0.60833,0.62722,0.64258,0.65793,0.67328,-1.4723,0.68863,0.70398,0.71269,0.72037,0.72826,0.74361,0.75428,0.76196,0.76963,0.77731,-1.4715,0.78226,0.78226,0.78945,0.79315,0.79315,0.79315,0.79315,0.79315,0.79315,0.78667,-1.4751,0.779,0.77138,0.77138,0.76234,0.74829,0.74062,0.73294,0.72271,0.70736,0.69201,-1.4831,0.67665,0.6607,0.63768,0.61971,0.60436,0.58901,0.56734,0.54431,0.52129,0.48313,-1.4985,0.45346,0.43157,0.41622,0.38966,0.36614,0.35846,0.35079,0.34676,0.34632,0.33865,-1.4993,0.34077,0.34676,0.34676,0.35906,0.37147,0.37915,0.39423,0.40958,0.42591,0.44894,-1.902,-1.4916,0.47197,0.49499,0.51802,0.54105,0.56408,0.59037,0.70551,0.76855,0.79772,0.82075,-1.4839,0.84977,0.88047,0.91117,0.93464,0.95766,0.98151,1.0122,1.0376,1.0607,1.0837,-1.4763,1.1067,1.1264,1.1419,1.1649,1.1834,1.1974,1.205,1.2185,1.2313,1.2389,-1.4686,1.2537,1.2652,1.2722,1.2722,1.2773,1.2831,1.2831,1.2895,1.294,1.294,-1.4609,1.294,1.2984,1.3049,1.3049,1.3049,1.3049,1.3049,1.3049,1.3049,1.3049,-1.4459,1.3049,1.3049,1.3049,1.3049,1.3049,1.3019,1.2942,1.294,1.294,1.294,-1.4347,1.294,1.2995,1.3049,1.3049,1.3116,1.3193,1.327,1.3346,1.3423,1.3516,-1.427,1.3669,1.3762,1.3867,1.4021,1.4102,1.4219,1.4373,1.4526,1.468,1.4854,-1.4193,1.5085,1.5315,1.5511,1.5668,1.5975,1.6236,1.6466,1.6697,1.6927,1.7157,-1.4063,1.7387,1.7618,1.7848,1.8078,1.8309,1.8539,1.8769,1.8999,-1.8713,-1.3909,-1.3756,-1.3602,-1.3449,-1.3295,-1.3141,-1.2988,-1.2834,-1.2681,-1.2468,-1.8406,-1.2265,-1.2112,-1.1886,-1.1656,-1.1433,-1.128,-1.1074,-1.0844,-1.0613,-1.0448,-1.8124,-1.0262,-1.0031,-0.98012,-0.95709,-0.93406,-0.91103,-0.88801,-0.86754,-0.85219,-0.82981,-1.7893,-0.80679,-0.78436,-0.76901,-0.75365,-0.7383,-0.72295,-0.7076,-0.69535,-0.68767,-0.68,-1.7593,-0.67232,-0.66579,-0.66579,-0.66579,-0.66819,-0.67586,-0.68354,-0.69486,-0.71021,-0.72556,-1.7286,-0.74581,-0.76715,-0.78251,-0.80401,-0.82998,-0.86068,-0.88398,-0.90701,-0.93003,-0.95306,5.0,2.0
-1.9635,-1.9049,-1.7932,-0.75106,-0.74839,-0.74045,-0.73773,-0.73773,-0.72707,-0.72707,-0.72707,-0.72707,-0.72707,-1.7773,-0.72707,-0.72707,-0.72707,-0.72475,-0.71641,-0.71641,-0.71641,-0.70576,-0.70576,-0.70576,-1.7716,-0.70576,-0.70576,-0.70576,-0.70576,-0.71311,-0.71641,-0.71641,-0.71641,-0.72366,-0.72707,-1.756,-0.72707,-0.72707,-0.72707,-0.72707,-0.72707,-0.71641,-0.71641,-0.70576,-0.69877,-0.68281,-1.74,-0.67378,-0.67221,-0.65624,-0.65094,-0.6418,-0.63114,-0.62437,-0.61907,-0.60982,-0.59781,-1.7241,-0.58851,-0.5872,-0.57785,-0.56594,-0.54997,-0.53401,-0.52455,-0.51275,-0.49034,-0.47126,-1.7081,-0.46486,-0.4489,-0.4266,-0.40632,-0.38407,-0.3628,-0.33712,-0.32115,-0.30519,-0.28923,-1.6873,-0.2794,-0.26797,-0.252,-0.23604,-0.22008,-0.20412,-0.18816,-0.1722,-0.15623,-0.15149,-1.6655,-0.14563,-0.14032,-0.12436,-0.10885,-0.1031,-0.098195,-0.098195,-0.087536,-0.081887,-0.076877,-1.6448,-0.071281,-0.065979,-0.05556,-0.055373,-0.039411,-0.023583,-0.023583,-0.012844,0.003118,0.01908,-1.889,-1.623,0.029712,0.040344,0.040371,0.040371,0.040371,0.040371,0.05103,0.05103,0.05103,0.061449,-1.6129,0.061689,0.072055,0.072348,0.072348,0.077304,0.083007,0.083007,0.093213,0.093666,0.10382,-1.591,0.10912,0.11498,0.11498,0.11498,0.12564,0.12564,0.1363,0.1363,0.14696,0.14696,-1.5644,0.15762,0.15762,0.16828,0.17806,0.1896,0.19932,0.21091,0.22059,0.23655,0.25251,-1.5384,0.26421,0.27378,0.3004,0.31636,0.33648,0.35894,0.38556,0.40152,0.42814,0.44411,-1.5112,0.44941,0.46537,0.48133,0.49729,0.51326,0.52922,0.54518,0.56114,0.5771,0.58398,-1.4852,0.59464,0.60367,0.60897,0.61595,0.62661,0.63554,0.6515,0.65859,0.67277,0.68873,-1.464,0.70469,0.71188,0.72254,0.73126,0.7332,0.74186,0.75452,0.76313,0.77584,0.78439,-1.4321,0.78969,0.79716,0.79716,0.79716,0.79716,0.79716,0.7865,0.7865,0.78948,0.79716,-1.4108,0.79716,0.79716,0.7865,0.7865,0.7865,0.7865,0.7865,0.79457,0.79716,0.80518,-1.8782,-1.3789,0.81048,0.82644,0.83174,0.83979,0.85045,0.85831,0.86111,0.86892,0.87177,0.87952,-1.3728,0.88483,0.90079,0.90375,0.91139,0.9167,0.93266,0.94862,0.96458,0.96988,0.97836,-1.347,0.98049,0.99645,1.0018,1.0103,1.021,1.021,1.0317,1.0389,1.0442,1.053,-1.3257,1.0548,1.0636,1.0743,1.0814,1.0867,1.0956,1.108,1.1169,1.1292,1.1452,-1.3036,1.1505,1.1665,1.1718,1.1809,1.193,1.209,1.2143,1.2303,1.2356,1.2448,-1.2769,1.2555,1.2621,1.2661,1.2661,1.2768,1.2768,1.278,1.2875,1.2875,1.2875,-1.261,1.2992,1.3088,1.3205,1.3364,1.3524,1.3683,1.3834,1.3896,1.4056,1.4215,-1.2344,1.4375,1.4535,1.4694,1.4914,1.5127,1.5386,1.5659,1.5919,1.6191,1.6451,-1.2184,1.6723,1.7042,1.7361,1.768,1.7991,1.8106,1.8429,1.8851,1.917,1.9489,-1.2024,1.9808,2.0128,2.0447,2.0766,2.0872,2.1191,2.1511,2.183,-1.8782,-1.1961,-1.1705,-1.1546,-1.1386,-1.1226,-1.1067,-1.0907,-1.0747,-1.0588,-1.0575,-1.8624,-1.0482,-1.0362,-1.0269,-1.0255,-1.0255,-1.0255,-1.0255,-1.0255,-1.0255,-1.0218,-1.8464,-1.0149,-1.0149,-1.0149,-1.0149,-1.0149,-1.0149,-1.0149,-1.0113,-1.0042,-1.0042,-1.8305,-1.0042,-0.99355,-0.99355,-0.99355,-0.98486,-0.97956,-0.97223,-0.96157,-0.95299,-0.94025,-1.8145,-0.93172,-0.92959,-0.92112,-0.90828,-0.89985,-0.88389,-0.8763,-0.86263,-0.85498,-0.84432,-1.8036,-0.84432,-0.83366,-0.82546,-0.80949,-0.79353,-0.79103,-0.78293,-0.77762,-0.76971,-0.75905,3.0,2.0
0.5748,0.5748,0.6092,-0.25071,-0.17986,-0.109,-0.038143,0.032714,0.10357,0.17443,0.24528,0.31614,0.387,0.6092,0.45785,0.51736,0.56517,0.63603,0.69244,0.74334,0.8142,0.86751,0.92152,0.99237,0.59681,1.0426,1.0997,1.1478,1.207,1.2531,1.3143,1.3584,1.3938,1.4292,1.4646,0.5748,1.5001,1.5355,1.5709,1.5723,1.5716,1.5379,1.5351,1.4997,1.4643,1.423,0.5748,1.3522,1.2813,1.2104,1.1396,1.0577,0.96348,0.87955,0.78737,0.70138,0.61126,0.5748,0.52321,0.41692,0.31064,0.20435,0.098067,-0.008218,-0.1145,-0.24521,-0.36147,-0.46775,0.5748,-0.57404,-0.70887,-0.82101,-0.92729,-1.0019,-1.1055,-1.178,-1.2833,-1.3528,-1.3906,0.5748,-1.458,-1.4935,-1.5289,-1.5643,-1.5922,-1.6008,-1.6266,-1.6266,-1.6149,-1.5922,0.5748,-1.5784,-1.543,-1.5076,-1.4721,-1.4367,-1.4013,-1.3658,-1.3094,-1.2606,-1.2021,0.5748,-1.1313,-1.0855,-1.0239,-0.95309,-0.88223,-0.81137,-0.74052,-0.66966,-0.5988,-0.52795,0.5748,0.5748,-0.42269,-0.35184,-0.27892,-0.17573,-0.10074,0.000381,0.077429,0.17649,0.2556,0.3526,0.5748,0.43378,0.52871,0.59957,0.68384,0.77568,0.84653,0.91739,0.98825,1.0591,1.1104,0.5748,1.1664,1.2373,1.2854,1.3209,1.3811,1.4261,1.4615,1.497,1.5035,1.5035,0.5748,1.5035,1.5035,1.4705,1.4351,1.434,1.3969,1.3288,1.2896,1.2235,1.1822,0.5748,1.1114,1.0405,0.96967,0.88884,0.79356,0.72271,0.63878,0.53249,0.42621,0.31992,0.5748,0.21364,0.10735,0.001069,-0.10522,-0.23283,-0.35218,-0.45847,-0.56475,-0.67104,-0.77732,0.5748,-0.88361,-0.96134,-1.0618,-1.1375,-1.2083,-1.3118,-1.3507,-1.4209,-1.4904,-1.5258,0.5748,-1.5612,-1.5966,-1.6321,-1.661,-1.661,-1.661,-1.661,-1.6503,-1.6266,-1.6138,0.5748,-1.5784,-1.5578,-1.5261,-1.4721,-1.4367,-1.3824,-1.3314,-1.275,-1.2042,-1.1564,0.5748,-1.0969,-1.026,-0.95515,-0.88429,-0.78523,-0.70818,-0.63733,-0.53517,-0.46122,-0.39036,0.5748,0.5748,-0.28511,-0.17986,-0.10694,-0.003746,0.071238,0.17236,0.24941,0.3557,0.45373,0.53387,0.60679,0.62984,0.70069,0.78393,0.8768,0.94766,1.0185,1.0894,1.1602,1.2311,1.3019,0.6092,1.3728,1.422,1.4801,1.5272,1.5627,1.5981,1.6335,1.669,1.7044,1.7398,0.57515,1.7443,1.7763,1.7457,1.7102,1.6755,1.6738,1.6383,1.6029,1.5675,1.5262,0.53972,1.4622,1.4189,1.348,1.2772,1.2063,1.1355,1.0515,0.95935,0.87336,0.76708,0.50429,0.66079,0.57274,0.48262,0.37633,0.27005,0.16376,0.080869,-0.014409,-0.095241,-0.1661,0.46886,-0.23695,-0.30781,-0.34909,-0.41513,-0.45434,-0.52244,-0.55959,-0.59502,-0.63045,-0.66588,0.43343,-0.70131,-0.73226,-0.73226,-0.73226,-0.73226,-0.73226,-0.73226,-0.73226,-0.72057,-0.69787,0.398,-0.69787,-0.69787,-0.68204,-0.66347,-0.66347,-0.66347,-0.64352,-0.62907,-0.62907,-0.62907,0.36258,-0.605,-0.59468,-0.59468,-0.59468,-0.59468,-0.59468,-0.59468,-0.56338,0.5748,0.32715,0.29172,0.25629,0.22086,0.18543,0.15001,0.10151,0.044752,0.009324,-0.04227,0.5748,-0.095929,-0.14959,-0.22044,-0.2913,-0.34083,-0.39862,-0.46947,-0.54033,-0.61119,-0.68204,0.5748,-0.7529,-0.79521,-0.86022,-0.93107,-1.0019,-1.0401,-1.1092,-1.1798,-1.2152,-1.253,0.5748,-1.3204,-1.3559,-1.3913,-1.4202,-1.4278,-1.4546,-1.445,-1.4095,-1.3741,-1.3387,0.58306,-1.3032,-1.2678,-1.2324,-1.197,-1.1615,-1.1261,-1.0707,-1.0208,-0.96341,-0.9156,0.6092,-0.85609,-0.81034,-0.74877,-0.67792,-0.63526,-0.5706,-0.49974,-0.42889,-0.35803,-0.32054,0.0,0.0
0.54985,0.50448,0.52716,1.548,1.635,1.7019,1.7485,1.8039,1.8367,1.8695,1.9023,1.9124,1.9337,0.52716,1.9337,1.9564,1.9564,1.9337,1.8509,1.6337,1.4605,1.3863,1.3092,1.1675,0.52716,1.0762,0.9531,0.84772,0.76605,0.60974,0.53,0.43007,0.31063,0.21228,0.11394,0.52716,0.015592,-0.082752,-0.1811,-0.31971,-0.6811,-0.76935,-0.83491,-0.90047,-0.94335,-1.0089,0.53238,-1.0518,-1.1005,-1.1332,-1.166,-1.1988,-1.2316,-1.2424,-1.265,-1.265,-1.2424,0.54985,-1.2253,-1.1926,-1.1598,-1.127,-1.0822,-1.0387,-0.99643,-0.9505,-0.91068,-0.86225,0.54985,-0.80224,-0.73668,-0.67112,-0.59342,-0.5173,-0.42906,-0.34376,-0.2681,-0.18699,-0.098746,0.54985,-0.018437,0.057221,0.14332,0.23122,0.30688,0.38538,0.47362,0.53919,0.60951,0.693,0.54985,0.75856,0.82412,0.88969,0.95525,1.0208,1.1091,1.1746,1.2402,1.3058,1.3486,0.54985,1.4142,1.4798,1.5226,1.5882,1.6463,1.6791,1.7345,1.7673,1.7774,1.8102,0.50448,0.54985,1.8203,1.8203,1.8203,1.7976,1.7976,1.7698,1.661,1.4617,1.2958,1.2072,0.57254,1.0637,0.96535,0.80666,0.66986,0.5342,0.43585,0.33751,0.22635,0.050075,-0.058591,0.57254,-0.1693,-0.26764,-0.36599,-0.55099,-0.84217,-0.93325,-1.0316,-1.1073,-1.1952,-1.2607,0.58989,-1.3263,-1.3738,-1.4012,-1.4012,-1.4012,-1.3881,-1.3558,-1.3452,-1.3125,-1.2877,0.55711,-1.2696,-1.2368,-1.204,-1.1712,-1.1384,-1.083,-1.0502,-0.99666,-0.9311,-0.86554,0.52433,-0.79997,-0.71864,-0.64299,-0.55791,-0.46898,-0.38141,-0.29498,-0.18836,-0.075606,0.028523,0.41396,0.14377,0.2648,0.37653,0.48417,0.58252,0.68086,0.77921,0.87755,0.97589,1.0742,0.32265,1.1726,1.2709,1.3684,1.4449,1.5222,1.6331,1.6801,1.7416,1.791,1.8238,0.27943,1.8293,1.8193,1.7865,1.7537,1.6755,1.624,1.5131,1.4475,1.3593,1.28,0.13175,1.1544,0.96988,0.87154,0.75051,0.65216,0.55382,0.45548,0.33445,0.22226,0.11382,0.50448,-0.002557,-0.017302,-0.12699,-0.37189,-0.66397,-0.76231,-0.86066,-0.959,-1.0434,-1.1316,-1.1972,-0.053373,-1.2628,-1.3283,-1.3748,-1.4076,-1.4404,-1.4465,-1.4606,-1.4692,-1.4692,-1.4692,-0.11894,-1.4465,-1.4465,-1.4238,-1.4072,-1.3971,-1.3643,-1.3315,-1.2987,-1.2659,-1.2332,-0.1845,-1.2004,-1.1676,-1.118,-1.0794,-1.0323,-0.9894,-0.93564,-0.88096,-0.83809,-0.77252,-0.29543,-0.72965,-0.66408,-0.60283,-0.55564,-0.4919,-0.4472,-0.40365,-0.36145,-0.3154,-0.28262,-0.361,-0.24983,-0.21705,-0.18427,-0.15149,-0.11871,-0.085928,-0.053146,-0.020365,0.012416,0.045198,-0.42611,0.077979,0.11076,0.11881,0.11881,0.096582,0.086486,0.073442,0.050756,0.050756,0.02807,-0.46944,0.02807,0.02807,0.02807,0.02807,0.02807,0.02807,0.005384,0.005384,0.005384,0.005384,-0.535,0.003115,-0.017302,-0.017302,-0.017302,-0.017302,-0.017302,-0.017302,-0.017302,-0.017302,-0.01492,-0.60056,0.005384,0.005384,0.005384,0.005384,0.02807,0.02807,0.02807,0.043156,0.50448,-0.66612,-0.73169,-0.79725,-0.86281,-0.92838,-0.99394,-1.0488,-1.1024,-1.1453,-1.1926,0.50448,-1.2253,-1.2581,-1.2909,-1.3104,-1.3338,-1.3558,-1.3558,-1.3558,-1.3558,-1.3558,0.50448,-1.3399,-1.3298,-1.3104,-1.2869,-1.2541,-1.2214,-1.1886,-1.1373,-1.0944,-1.0449,0.52716,-0.986,-0.92044,-0.85487,-0.78931,-0.72375,-0.64968,-0.56994,-0.48169,-0.40002,-0.32436,0.52716,-0.22601,-0.15036,-0.052012,0.046332,0.12199,0.22033,0.29599,0.39434,0.46999,0.56834,0.52716,0.66555,0.74234,0.84069,0.93903,1.0185,1.113,1.2114,1.287,1.3854,1.461,2.0,2.0
0.66056,0.56282,0.39796,1.7638,1.7994,1.8595,1.9016,1.9372,1.9728,2.0084,2.0439,2.0795,2.0651,0.38087,2.0295,1.9939,1.9583,1.9227,1.8707,1.7995,1.7284,1.6572,1.5515,1.4448,0.38087,1.338,1.2143,1.0935,0.96076,0.84889,0.74214,0.63539,0.52864,0.42189,0.31514,0.38087,0.20839,0.070719,-0.036186,-0.14294,-0.24968,-0.35643,-0.44081,-0.51197,-0.61422,-0.68538,0.38087,-0.76587,-0.85879,-0.94829,-1.0322,-1.1034,-1.1738,-1.2093,-1.2449,-1.2948,-1.3284,0.38087,-1.3517,-1.3873,-1.4216,-1.4273,-1.4629,-1.4985,-1.4956,-1.46,-1.4527,-1.4199,0.38087,-1.3843,-1.3487,-1.2979,-1.2465,-1.1867,-1.1155,-1.0443,-0.97316,-0.90199,-0.81513,0.39532,-0.72858,-0.65741,-0.55704,-0.48136,-0.38176,-0.29894,-0.20835,-0.11652,-0.009771,0.0673,0.41194,0.17265,0.27179,0.35507,0.4452,0.51636,0.61317,0.68977,0.76094,0.8321,0.89068,0.41194,0.94336,1.0145,1.0857,1.1262,1.1929,1.237,1.2951,1.3307,1.3663,1.4019,0.52724,0.41194,1.4375,1.4731,1.5086,1.5442,1.5798,1.6154,1.651,1.6866,1.7172,1.7267,0.44302,1.7343,1.6987,1.6631,1.6275,1.5919,1.5509,1.4897,1.4397,1.3685,1.2973,0.44302,1.2262,1.1225,1.0158,0.90902,0.80227,0.69552,0.58877,0.48202,0.40635,0.2996,0.44302,0.19285,0.10148,0.01043,-0.12072,-0.23415,-0.3409,-0.44764,-0.55439,-0.66114,-0.74754,0.4281,-0.84356,-0.95031,-1.0543,-1.1327,-1.2395,-1.3462,-1.453,-1.5344,-1.6056,-1.6767,0.39252,-1.7401,-1.7757,-1.8113,-1.8469,-1.8825,-1.918,-1.9536,-1.981,-1.9682,-1.9327,0.35694,-1.8971,-1.8615,-1.7951,-1.7551,-1.6752,-1.5816,-1.5105,-1.4171,-1.3103,-1.2347,0.32135,-1.1279,-1.0212,-0.91442,-0.80767,-0.70092,-0.59417,-0.48742,-0.3858,-0.305,-0.19825,0.28577,-0.091503,-0.007906,0.090919,0.1655,0.23667,0.30784,0.379,0.43106,0.49026,0.5333,0.24382,0.59996,0.63554,0.68169,0.73779,0.77337,0.80895,0.84453,0.88012,0.9157,0.95128,0.50517,0.18353,0.98687,1.0224,1.058,1.0646,1.0981,1.1337,1.1693,1.2049,1.1994,1.1638,0.13256,1.1283,1.0927,1.0496,0.99044,0.93839,0.8882,0.82713,0.75597,0.68138,0.58256,0.061396,0.51139,0.44022,0.36906,0.27194,0.19565,0.12837,0.084393,0.013226,-0.040537,-0.07612,-0.009771,-0.13812,-0.17836,-0.21395,-0.24953,-0.28511,-0.3207,-0.35628,-0.36498,-0.39606,-0.40087,-0.10984,-0.42713,-0.44096,-0.43988,-0.42713,-0.42713,-0.42636,-0.39606,-0.39606,-0.41035,-0.42713,-0.18318,-0.42713,-0.42713,-0.42713,-0.42713,-0.42713,-0.42713,-0.42713,-0.45091,-0.45821,-0.45821,-0.25435,-0.46443,-0.48929,-0.48929,-0.48929,-0.51353,-0.52036,-0.52036,-0.52705,-0.55144,-0.55144,-0.32551,-0.55144,-0.55144,-0.58065,-0.58252,-0.58252,-0.58252,-0.58252,-0.58252,-0.58252,-0.58252,-0.41253,-0.58252,-0.58252,-0.58252,-0.58252,-0.58252,-0.58252,-0.58252,-0.58252,-0.58252,-0.58252,-0.49892,-0.58252,-0.58252,-0.58252,-0.58252,-0.58656,-0.6136,-0.6136,-0.6136,0.48715,-0.59495,-0.7017,-0.77737,-0.87682,-0.94798,-1.0191,-1.0695,-1.1304,-1.1717,-1.2073,0.45157,-1.2429,-1.2785,-1.2973,-1.2973,-1.2715,-1.2359,-1.2041,-1.1958,-1.1602,-1.1247,0.44302,-1.0891,-1.0535,-1.0179,-0.95125,-0.90696,-0.849,-0.79571,-0.72454,-0.6801,-0.61328,0.41194,-0.54212,-0.47095,-0.39979,-0.32862,-0.25745,-0.18629,-0.11512,-0.043955,0.036845,0.12945,0.41194,0.20062,0.29494,0.37403,0.47627,0.54744,0.6287,0.72085,0.81113,0.89426,0.99355,0.41194,1.0677,1.1449,1.2411,1.3122,1.3834,1.4546,1.5257,1.5949,1.637,1.7082,0.0,0.0
-1.9697,-1.8237,-1.7021,-0.659,-0.63428,-0.60955,-0.57602,-0.54983,-0.52511,-0.50038,-0.47566,-0.45094,-0.43649,-1.6898,-0.41177,-0.39196,-0.37261,-0.35695,-0.33431,-0.32195,-0.30959,-0.29723,-0.28487,-0.27351,-1.6774,-0.27042,-0.26323,-0.26323,-0.26323,-0.26323,-0.26644,-0.27351,-0.27351,-0.28297,-0.28505,-1.6586,-0.29741,-0.30977,-0.32213,-0.33449,-0.34685,-0.36269,-0.38186,-0.40185,-0.42657,-0.4513,-1.6424,-0.47602,-0.50074,-0.52547,-0.55019,-0.57491,-0.61081,-0.64939,-0.68542,-0.70495,-0.72759,-1.6301,-0.73995,-0.74638,-0.74638,-0.74638,-0.7361,-0.73211,-0.72582,-0.71767,-0.70531,-0.69092,-1.6177,-0.67031,-0.65175,-0.6353,-0.61259,-0.58786,-0.52074,-0.43562,-0.40249,-0.36562,-0.33861,-1.6053,-0.30152,-0.26444,-0.23588,-0.20055,-0.16346,-0.13088,-0.099575,-0.062491,-0.035687,0.001398,-1.593,0.033856,0.058579,0.092091,0.1183,0.14303,0.1725,0.20275,0.22748,0.2522,0.27412,-1.5806,0.29136,0.30912,0.33053,0.34412,0.35356,0.35857,0.36384,0.37301,0.37412,0.37412,-1.8113,-1.558,0.37926,0.37717,0.37412,0.37412,0.37093,0.36384,0.35649,0.34412,0.33176,0.31609,-1.5456,0.29676,0.27692,0.2522,0.22748,0.20275,0.18355,0.16359,0.13886,0.11414,0.089418,-1.5332,0.064695,0.047708,-0.003922,-0.018134,-0.030495,-0.037074,-0.044938,-0.047354,-0.047354,-0.047354,-1.5209,-0.047354,-0.039362,-0.037074,-0.035198,-0.026795,-0.020755,-0.008394,0.003967,0.026609,0.03897,-1.5085,0.057499,0.082222,0.096665,0.12139,0.1419,0.22352,0.29645,0.32308,0.35006,0.3828,-1.5064,0.40753,0.43225,0.46725,0.49197,0.5167,0.54142,0.56614,0.59086,0.61559,0.63571,-1.4941,0.65475,0.67948,0.7042,0.72627,0.74336,0.76809,0.78392,0.80656,0.81892,0.83128,-1.4817,0.85058,0.86628,0.87865,0.89101,0.89838,0.90545,0.91781,0.91989,0.92922,0.92922,-1.4694,0.92922,0.92922,0.92814,0.91894,0.9137,0.90134,0.88898,0.87541,0.85397,0.83624,-1.457,0.81152,0.7868,0.77235,0.74763,0.72291,0.69819,0.67346,0.64874,0.62756,0.60957,-1.7989,-1.4446,0.58485,0.56013,0.54568,0.52464,0.51228,0.49208,0.47727,0.46663,0.46663,0.46663,-1.4351,0.4746,0.48696,0.48904,0.5014,0.51377,0.53422,0.54877,0.56311,0.58377,0.60227,-1.4302,0.64345,0.67251,0.78952,0.81843,0.84925,0.89903,0.92969,0.96453,0.98926,1.0204,-1.4178,1.049,1.0734,1.0881,1.1129,1.1311,1.152,1.1665,1.1887,1.2011,1.2134,-1.4055,1.2345,1.2484,1.2608,1.2732,1.2923,1.3082,1.3205,1.3329,1.3452,1.3576,-1.4034,1.361,1.372,1.3815,1.3815,1.3886,1.3918,1.3918,1.3918,1.3918,1.3846,-1.394,1.3815,1.3713,1.3681,1.3558,1.3507,1.3413,1.3622,1.3745,1.3869,1.3992,-1.3889,1.4116,1.424,1.4397,1.459,1.4713,1.4933,1.5078,1.5325,1.5572,1.5819,-1.3837,1.6067,1.6314,1.6561,1.6808,1.6977,1.72,1.7447,1.7657,1.7839,1.8086,-1.3745,1.8233,1.8459,1.8583,1.8767,1.8933,1.9057,1.9283,1.9407,-1.7866,-1.3632,-1.3601,-1.3529,-1.3456,-1.3426,-1.3414,-1.3323,-1.3323,-1.3249,-1.322,-1.7742,-1.322,-1.322,-1.322,-1.322,-1.322,-1.322,-1.322,-1.322,-1.322,-1.3123,-1.7619,-1.3118,-1.3118,-1.3061,-1.3015,-1.3015,-1.2912,-1.2875,-1.2751,-1.2706,-1.2606,-1.7495,-1.2483,-1.2359,-1.2236,-1.2112,-1.1988,-1.1865,-1.1701,-1.1515,-1.1391,-1.1165,-1.7308,-1.1021,-1.0815,-1.0691,-1.0484,-1.0238,-1.0093,-0.98456,-0.95984,-0.94354,-0.92067,-1.7145,-0.89595,-0.87123,-0.85298,-0.83206,-0.80734,-0.78261,-0.75789,-0.73317,-0.70845,-0.68372,5.0,5.0
0.8014,0.64399,0.49146,1.698,1.7243,1.7698,1.8198,1.8198,1.8292,1.8554,1.8641,1.8641,1.8641,0.49146,1.8563,1.8301,1.7401,1.6089,1.5501,1.4916,1.4129,1.3342,1.2555,1.1094,0.49146,0.9608,0.85586,0.75092,0.64599,0.56186,0.48039,0.37545,0.27051,0.16557,-0.20747,0.49146,-0.6631,-0.7418,-0.81121,-0.86368,-0.91615,-0.96861,-1.0211,-1.0736,-1.126,-1.1785,0.49146,-1.231,-1.2594,-1.2856,-1.3119,-1.3239,-1.3239,-1.3463,-1.3639,-1.3377,-1.3239,0.49146,-1.3239,-1.3032,-1.2744,-1.2219,-1.1694,-1.1169,-1.0645,-1.011,-0.93231,-0.8536,0.49146,-0.7749,-0.67881,-0.57388,-0.49451,-0.40075,-0.26957,-0.15412,-0.04918,0.079669,0.20498,0.49146,0.30992,0.42891,0.56009,0.66901,0.76974,0.84845,0.93955,1.0445,1.1288,1.2075,0.49146,1.2862,1.3542,1.4067,1.4592,1.5116,1.5641,1.6166,1.669,1.7042,1.7305,0.49146,1.7312,1.7238,1.6976,1.5933,1.4359,1.3737,1.3155,1.2368,1.1581,1.0794,0.53573,0.49146,0.93424,0.78502,0.68008,0.53828,0.35464,0.23243,0.12749,0.02255,-0.11427,-0.29791,0.47186,-0.6321,-1.0155,-1.068,-1.1205,-1.173,-1.2083,-1.2345,-1.2861,-1.3313,-1.3575,0.44563,-1.3837,-1.41,-1.4125,-1.4125,-1.4125,-1.4125,-1.4125,-1.4125,-1.4085,-1.3823,0.41939,-1.3682,-1.3682,-1.3275,-1.2773,-1.2511,-1.2144,-1.1619,-1.1094,-1.0569,-1.0045,0.39316,-0.95201,-0.89954,-0.84707,-0.7946,-0.71689,-0.64538,-0.59292,-0.52506,-0.44635,-0.36765,0.36692,-0.28895,-0.21024,-0.13154,-0.052833,0.047789,0.15273,0.25767,0.36261,0.46755,0.57248,0.34069,0.67742,0.78236,0.8873,0.99224,1.0786,1.1573,1.236,1.3147,1.3934,1.4552,0.31445,1.5076,1.5601,1.6055,1.6317,1.658,1.6842,1.7104,1.7312,1.7312,1.7176,0.26209,1.6914,1.6652,1.6352,1.5827,1.4704,1.2868,1.1837,1.105,1.0263,0.89616,0.21771,0.68628,0.56883,0.48924,0.35807,0.23553,0.13059,0.042476,-0.036229,-0.13995,-0.24489,0.53573,0.19147,-0.34983,-0.4396,-0.51831,-0.59701,-0.71822,-1.0068,-1.1738,-1.2263,-1.2354,-1.239,0.14896,-1.2653,-1.2797,-1.2797,-1.2997,-1.3239,-1.3239,-1.3138,-1.2875,-1.2797,-1.2793,0.096495,-1.2531,-1.2269,-1.2006,-1.1744,-1.1482,-1.1219,-1.0957,-1.0695,-1.0432,-1.017,0.044025,-0.96751,-0.91504,-0.86257,-0.8101,-0.75763,-0.70516,-0.64915,-0.57044,-0.50347,-0.451,-0.008444,-0.39853,-0.34418,-0.26548,-0.19685,-0.14438,-0.091908,-0.039439,0.013031,0.0655,0.11797,-0.060914,0.15383,0.18007,0.2311,0.27682,0.30305,0.32929,0.35552,0.38176,0.40799,0.43423,-0.11338,0.46046,0.4867,0.46998,0.44375,0.41751,0.39128,0.36504,0.33881,0.31257,0.28634,-0.16585,0.27006,0.27006,0.25191,0.22579,0.22579,0.22579,0.22579,0.22579,0.22579,0.2011,-0.24113,0.18151,0.18151,0.19634,0.22258,0.22579,0.22579,0.22579,0.22579,0.22579,0.22579,-0.31507,0.22579,0.22579,0.22579,0.22579,0.22579,0.22579,0.22579,0.21593,0.53573,-0.36754,-0.43296,-0.51166,-0.59037,-0.66907,-0.74778,-0.82648,-0.90519,-0.98389,-1.0612,0.53573,-1.1136,-1.1661,-1.2186,-1.271,-1.3235,-1.376,-1.4205,-1.4467,-1.4568,-1.4568,0.53573,-1.4811,-1.4947,-1.4685,-1.4568,-1.4568,-1.4341,-1.4079,-1.3816,-1.3425,-1.2901,0.5292,-1.2376,-1.1821,-1.1034,-1.0247,-0.94603,-0.86733,-0.7873,-0.68236,-0.57742,-0.47248,0.50297,-0.34983,-0.21865,-0.087481,0.043693,0.17487,0.30604,0.43721,0.56839,0.69336,0.7983,0.49146,0.90324,1.0082,1.1131,1.2135,1.2922,1.3709,1.4496,1.5283,1.6042,1.6566,2.0,2.0
2.1831,2.0553,1.8572,-0.36319,-0.39239,-0.41502,-0.43947,-0.46867,-0.49277,-0.51574,-0.54494,-0.57052,-0.59202,1.8393,-0.62122,-0.6391,-0.66286,-0.68617,-0.70405,-0.72929,-0.74389,-0.75849,-0.7844,-0.799,1.8101,-0.8136,-0.82922,-0.85411,-0.86871,-0.89418,-0.90923,-0.92383,-0.94782,-0.96434,-0.97894,1.7809,-1.0015,-1.0195,-1.0341,-1.0551,-1.0746,-1.0892,-1.1038,-1.1266,-1.1443,-1.1624,1.7524,-1.1848,-1.2095,-1.2273,-1.2512,-1.2658,-1.2804,-1.295,-1.3096,-1.3242,-1.3388,1.7338,-1.3534,-1.368,-1.3826,-1.3972,-1.4118,-1.4264,-1.4383,-1.4443,-1.4589,-1.4722,1.7046,-1.4768,-1.4914,-1.4949,-1.5092,-1.5175,-1.5271,-1.5304,-1.5401,-1.5401,-1.5402,1.6859,-1.5515,-1.5515,-1.5515,-1.5515,-1.5515,-1.5515,-1.5397,-1.5251,-1.5105,-1.4959,1.6575,-1.4813,-1.4667,-1.4521,-1.4375,-1.4229,-1.4083,-1.3937,-1.3791,-1.3645,-1.3499,1.5995,-1.3342,-1.3094,-1.2948,-1.2802,-1.2543,-1.2397,-1.2251,-1.1992,-1.1846,-1.1619,2.0341,1.5063,-1.144,-1.1295,-1.1083,-1.0889,-1.0743,-1.0546,-1.0338,-1.0192,-1.001,-0.97871,1.4681,-0.96411,-0.94952,-0.92948,-0.909,-0.8944,-0.8798,-0.86521,-0.85061,-0.82469,-0.81009,1.4217,-0.79549,-0.7809,-0.7663,-0.7517,-0.7371,-0.7225,-0.7079,-0.6933,-0.67871,-0.66411,1.372,-0.64951,-0.63491,-0.62031,-0.60571,-0.59111,-0.57651,-0.56192,-0.54732,-0.53272,-0.51812,1.3031,-0.50352,-0.48892,-0.47636,-0.47104,-0.45644,-0.44185,-0.42725,-0.41978,-0.40937,-0.39714,1.2608,-0.39149,-0.37689,-0.36319,-0.35901,-0.34441,-0.34056,-0.32653,-0.31793,-0.30865,-0.30537,1.1976,-0.29529,-0.28749,-0.28398,-0.27266,-0.26632,-0.26134,-0.25976,-0.25003,-0.25003,-0.23871,1.1684,-0.23532,-0.22739,-0.21743,-0.21608,-0.21087,-0.20476,-0.20431,-0.19344,-0.18643,-0.17183,1.1392,-0.16855,-0.15395,-0.14818,-0.13607,-0.12147,-0.11423,-0.10359,-0.088989,-0.074391,-0.059792,1.1147,-0.05651,-0.041912,-0.027313,-0.023692,-0.009433,0.005166,0.010258,0.034363,0.048962,0.055525,2.0148,1.0684,0.066842,0.081441,0.096039,0.11064,0.12524,0.13984,0.15443,0.16903,0.18001,0.18691,1.029,0.20151,0.21611,0.23071,0.23659,0.24859,0.26319,0.27054,0.28107,0.28435,0.29895,1.003,0.30449,0.31581,0.32011,0.33471,0.33844,0.34976,0.35587,0.36108,0.37239,0.37703,0.95611,0.39163,0.40623,0.40951,0.41766,0.42739,0.44199,0.45161,0.45987,0.46315,0.47425,0.91718,0.48104,0.48556,0.49688,0.5022,0.5168,0.53139,0.54599,0.56059,0.5856,0.61242,0.90089,0.63268,0.66188,0.68066,0.71608,0.73815,0.7781,0.80515,0.83174,0.86626,0.91809,0.87667,0.94276,0.98078,1.017,1.0523,1.098,1.1272,1.1806,1.2293,1.2714,1.3008,0.86207,1.3524,1.3816,1.4307,1.4665,1.5093,1.5324,1.5729,1.5983,1.627,1.6605,0.83615,1.701,1.7246,1.7569,1.7878,1.8065,1.8357,1.8542,1.8775,1.8893,1.9093,0.82156,1.9126,1.9272,1.9341,1.9451,1.9425,1.9279,1.8182,1.784,2.0002,0.80696,0.79236,0.77776,0.76316,0.74856,0.73396,0.71937,0.70477,0.69017,0.67557,1.9805,0.66097,0.64637,0.63177,0.61718,0.60258,0.58798,0.57338,0.56478,0.5555,0.54215,1.9597,0.53762,0.51521,0.4971,0.49688,0.49054,0.4567,0.41608,0.40634,0.3982,0.36096,1.9338,0.34637,0.33177,0.28729,0.27994,0.26534,0.23376,0.21351,0.19891,0.17028,0.14708,1.9155,0.13474,0.11256,0.089476,0.078159,0.065937,0.044209,0.001658,-0.020184,-0.063979,-0.098609,1.8863,-0.12554,-0.12554,-0.17941,-0.22671,-0.24165,-0.25625,-0.28036,-0.29824,-0.32268,-0.34531,1.0,1.0
0.36906,0.43066,0.45461,1.0962,1.1578,1.239,1.3023,1.3819,1.4469,1.5085,1.5547,1.6103,1.6445,0.45461,1.6779,1.707,1.7164,1.7164,1.707,1.695,1.6026,1.4178,1.3502,1.2681,0.45461,1.186,1.0902,0.93622,0.85239,0.75059,0.66847,0.56581,0.48284,0.3819,0.27924,0.46487,0.1937,0.095325,-0.007327,-0.10998,-0.21263,-0.54625,-0.79091,-0.87303,-0.95515,-1.0373,0.47599,-1.1194,-1.1938,-1.2554,-1.317,-1.3735,-1.4145,-1.4556,-1.4941,-1.5146,-1.5343,0.47599,-1.5343,-1.5343,-1.5343,-1.5155,-1.4949,-1.4744,-1.4376,-1.412,-1.3769,-1.3358,0.47599,-1.2819,-1.2323,-1.1801,-1.1185,-1.0475,-0.96542,-0.89099,-0.82256,-0.73445,-0.63693,0.47599,-0.55481,-0.47268,-0.388,-0.28705,-0.20493,-0.12281,-0.020159,0.062819,0.16376,0.24845,0.47599,0.33057,0.42895,0.5162,0.61286,0.70183,0.78395,0.86607,0.94819,1.0303,1.1124,0.47086,1.186,1.2476,1.3092,1.3708,1.4324,1.4897,1.5307,1.5718,1.6112,1.6317,0.43322,0.45033,1.6522,1.6727,1.6736,1.5983,1.5521,1.4597,1.3408,1.2485,1.1663,1.0431,0.4298,0.9251,0.83442,0.74118,0.64879,0.55726,0.45461,0.35196,0.24246,0.12527,0.022613,0.40927,-0.084316,-0.20408,-0.30673,-0.41109,-0.53342,-0.63607,-1.0672,-1.1442,-1.2058,-1.2674,0.38874,-1.3119,-1.3692,-1.4154,-1.4419,-1.4624,-1.483,-1.5035,-1.5129,-1.5129,-1.5129,0.36735,-1.5043,-1.4838,-1.4633,-1.4427,-1.4171,-1.376,-1.335,-1.2913,-1.2297,-1.1682,0.32629,-1.1066,-1.045,-0.98338,-0.90297,-0.82085,-0.73872,-0.64035,-0.5531,-0.45643,-0.36747,0.30576,-0.27251,-0.16986,-0.067208,0.035445,0.1381,0.24075,0.3434,0.44605,0.54871,0.65136,0.26556,0.75401,0.85324,0.93793,1.0406,1.1432,1.2459,1.328,1.4101,1.4923,1.5564,0.24332,1.618,1.6796,1.7412,1.7882,1.8293,1.8575,1.8781,1.8875,1.8772,1.8567,0.20482,1.7591,1.6077,1.5461,1.4846,1.423,1.3571,1.2784,1.2142,1.1321,1.05,0.43322,0.16376,0.96787,0.88575,0.80363,0.70268,0.618,0.51877,0.43237,0.33485,0.23219,0.12954,0.1227,0.02689,-0.063786,-0.15703,-0.25968,-0.54112,-0.86276,-0.94488,-1.0202,-1.0818,-1.1433,0.081638,-1.2007,-1.2417,-1.2828,-1.3221,-1.3427,-1.3632,-1.3837,-1.3846,-1.3846,-1.3846,0.026035,-1.3675,-1.3632,-1.3478,-1.3273,-1.293,-1.2648,-1.2323,-1.1801,-1.1288,-1.0783,-0.021869,-1.0082,-0.93376,-0.86533,-0.7892,-0.72247,-0.64463,-0.57961,-0.50006,-0.43676,-0.35463,-0.075762,-0.27251,-0.21092,-0.12965,-0.047533,0.034589,0.11671,0.18258,0.25957,0.32715,0.38874,-0.13735,0.45033,0.49995,0.54101,0.5718,0.60174,0.63425,0.65478,0.67531,0.68386,0.66333,-0.18782,0.6428,0.6257,0.62313,0.6026,0.58207,0.56154,0.54101,0.54015,0.52133,0.51877,-0.23915,0.50166,0.49738,0.49738,0.51192,0.51877,0.51877,0.51877,0.51877,0.51877,0.51877,-0.30074,0.51877,0.51107,0.49054,0.47599,0.47086,0.45461,0.45461,0.45461,0.45119,-0.36233,-0.42392,-0.48552,-0.54711,-0.6087,-0.67029,-0.73188,-0.79347,-0.85677,-0.93719,0.45461,-0.97825,-1.0398,-1.1014,-1.163,-1.2066,-1.2477,-1.2888,-1.3144,-1.335,-1.3555,0.45461,-1.376,-1.3846,-1.3846,-1.3846,-1.3846,-1.376,-1.3555,-1.3281,-1.293,-1.2674,0.45461,-1.222,-1.1639,-1.1202,-1.0587,-0.99707,-0.93547,-0.87388,-0.79262,-0.72931,-0.64976,0.45461,-0.56764,-0.48552,-0.40339,-0.32127,-0.23915,-0.1442,-0.053521,0.028601,0.11072,0.19284,0.45461,0.27497,0.36479,0.4606,0.54272,0.62484,0.70268,0.7677,0.84982,0.93194,1.0141,2.0,2.0
-0.26143,-0.50592,-1.3435,-0.18229,-0.24687,-0.30818,-0.36548,-0.43533,-0.50519,-0.55995,-0.62379,-0.70145,-0.7846,-1.3588,-0.85499,-0.94231,-1.0153,-1.0851,-1.1479,-1.2003,-1.2527,-1.3051,-1.3575,-1.3999,-1.3588,-1.4348,-1.4698,-1.5047,-1.5396,-1.5874,-1.6306,-1.6655,-1.6985,-1.7159,-1.7492,-1.3748,-1.772,-1.7809,-1.7761,-1.7586,-1.7412,-1.7086,-1.6737,-1.6388,-1.5998,-1.5478,-1.38,-1.5129,-1.4637,-1.4006,-1.3378,-1.282,-1.2122,-1.1251,-1.0378,-0.94056,-0.83578,-1.38,-0.731,-0.62622,-0.5379,-0.43776,-0.33298,-0.22819,-0.12531,-0.037992,0.049326,0.13664,-1.3749,0.22396,0.31128,0.3986,0.48592,0.57324,0.66056,0.74787,0.83113,0.90141,0.98873,-1.3574,1.0618,1.121,1.1804,1.2469,1.2993,1.3517,1.4041,1.4565,1.5027,1.5376,-1.34,1.5725,1.591,1.6085,1.626,1.6379,1.6361,1.6186,1.6012,1.5837,1.5662,-1.3225,1.544,1.5091,1.4742,1.4243,1.3719,1.3119,1.242,1.1718,1.0845,0.99717,-0.59836,-1.2934,0.90985,0.82253,0.73521,0.64789,0.54348,0.45215,0.36483,0.27134,0.16909,0.081774,-1.2585,-0.005544,-0.092863,-0.18926,-0.2886,-0.37592,-0.46324,-0.55056,-0.6259,-0.70409,-0.79141,-1.2192,-0.87767,-0.94753,-1.0323,-1.1083,-1.1858,-1.2692,-1.3393,-1.4266,-1.4998,-1.5592,-1.1669,-1.6116,-1.6607,-1.6957,-1.7306,-1.7521,-1.7696,-1.7748,-1.7573,-1.7399,-1.7061,-1.1145,-1.6839,-1.6483,-1.6013,-1.5629,-1.4931,-1.4388,-1.3745,-1.3046,-1.2348,-1.1639,-1.0621,-1.0766,-1.0041,-0.92305,-0.84327,-0.76951,-0.6822,-0.59488,-0.50756,-0.40979,-0.31182,-0.99881,-0.22133,-0.11655,-0.01177,0.079664,0.16698,0.26037,0.3603,0.43015,0.51626,0.60357,-0.92896,0.68192,0.75178,0.82332,0.91064,0.96694,1.0312,1.0928,1.1452,1.1976,1.25,-0.85551,1.2876,1.3225,1.35,1.3674,1.3849,1.4024,1.4058,1.4162,1.4269,1.4269,-0.7682,1.4269,1.41,1.3925,1.375,1.3576,1.3377,1.3028,1.2841,1.2541,1.228,-0.64057,-0.69829,1.2053,1.1704,1.1355,1.116,1.0867,1.0518,1.0123,0.96082,0.92589,0.87624,-0.61466,0.81277,0.75035,0.69796,0.64557,0.59318,0.54079,0.4884,0.44271,0.40778,0.37285,-0.53747,0.33793,0.31624,0.28918,0.25425,0.21932,0.18439,0.16561,0.13564,0.10958,0.092115,-0.46113,0.074651,0.057188,0.039724,0.02226,0.004797,-0.012667,-0.030131,-0.047594,-0.065058,-0.071495,-0.37381,-0.078881,-0.092599,-0.092705,-0.11017,-0.12763,-0.1451,-0.16256,-0.17702,-0.17702,-0.19385,-0.28649,-0.19812,-0.19812,-0.19812,-0.19585,-0.17839,-0.17702,-0.17702,-0.1682,-0.15591,-0.15591,-0.19917,-0.15591,-0.15591,-0.15591,-0.15591,-0.15591,-0.1567,-0.17417,-0.1624,-0.15591,-0.15591,-0.11186,-0.15222,-0.13481,-0.13481,-0.13481,-0.12457,-0.1137,-0.1137,-0.1137,-0.1137,-0.1137,-0.024538,-0.1137,-0.1137,-0.1137,-0.1137,-0.1137,-0.1137,-0.1137,-0.1137,-0.1137,-0.1137,0.057029,-0.1137,-0.1137,-0.10568,-0.092599,-0.092599,-0.092599,-0.078037,-0.060573,-0.83251,0.12899,0.21631,0.30363,0.39095,0.46962,0.53947,0.60933,0.67918,0.74903,0.81889,-1.2169,0.88083,0.93749,1.0067,1.0591,1.1115,1.1639,1.2091,1.2476,1.3,1.335,-1.2519,1.3562,1.3837,1.4122,1.4297,1.4472,1.448,1.448,1.448,1.448,1.4459,-1.2701,1.4285,1.411,1.3936,1.3675,1.3326,1.2976,1.2627,1.2126,1.1602,1.1079,-1.3006,1.0555,1.0025,0.93264,0.87719,0.81404,0.7513,0.69891,0.64652,0.59413,0.54174,-1.3261,0.47932,0.41585,0.36072,0.29086,0.22101,0.15115,0.081299,0.011444,-0.05841,-0.12827,0.0,2.0
2.1006,2.0232,1.9152,-0.37871,-0.40738,-0.44137,-0.47406,-0.50403,-0.5314,-0.55736,-0.58873,-0.62002,-0.64607,1.9032,-0.67007,-0.69407,-0.71807,-0.74207,-0.76149,-0.78073,-0.80417,-0.81939,-0.84339,-0.85884,1.8912,-0.88205,-0.90152,-0.92071,-0.9442,-0.9562,-0.97403,-0.98953,-1.0034,-1.0229,-1.0349,1.8792,-1.0469,-1.0589,-1.0709,-1.0829,-1.0949,-1.1069,-1.1189,-1.1313,-1.1522,-1.1642,1.8672,-1.1762,-1.1882,-1.2002,-1.2193,-1.2335,-1.2455,-1.2575,-1.2695,-1.2832,-1.3029,1.845,-1.3079,-1.3175,-1.3295,-1.3415,-1.3535,-1.3639,-1.3639,-1.3569,-1.3546,-1.3516,1.8059,-1.3452,-1.3452,-1.3359,-1.3359,-1.329,-1.3172,-1.3172,-1.3117,-1.3079,-1.3063,1.7623,-1.2985,-1.2917,-1.289,-1.277,-1.2705,-1.2624,-1.2518,-1.2477,-1.2425,-1.2332,1.7454,-1.2304,-1.2184,-1.2145,-1.2052,-1.201,-1.1958,-1.1864,-1.1771,-1.1717,-1.1597,1.6765,-1.1571,-1.1451,-1.1398,-1.1304,-1.1184,-1.1118,-1.1037,-1.0917,-1.0797,-1.0744,2.0112,1.6645,-1.0651,-1.0531,-1.0411,-1.0371,-1.0264,-1.0144,-1.0024,-0.99042,-0.98776,-0.97576,1.6157,-0.96376,-0.95302,-0.9491,-0.9371,-0.9251,-0.9131,-0.90633,-0.89844,-0.88644,-0.87444,1.5658,-0.86244,-0.85964,-0.84778,-0.83578,-0.82378,-0.82112,-0.80912,-0.79712,-0.78512,-0.77312,1.5434,-0.76625,-0.75846,-0.74646,-0.73446,-0.72246,-0.71046,-0.7078,-0.6958,-0.6838,-0.6718,1.4918,-0.66353,-0.65714,-0.64514,-0.63314,-0.62114,-0.61684,-0.60648,-0.59448,-0.58883,-0.57981,1.4364,-0.57015,-0.56515,-0.56081,-0.55049,-0.54213,-0.53583,-0.52383,-0.51412,-0.50917,-0.49717,1.4244,-0.49451,-0.48251,-0.47677,-0.46785,-0.46519,-0.45319,-0.44875,-0.43941,-0.43586,-0.42387,1.3865,-0.42074,-0.4092,-0.40206,-0.39454,-0.38254,-0.37405,-0.36788,-0.36471,-0.36256,-0.35537,1.3356,-0.3479,-0.33669,-0.33669,-0.33058,-0.31858,-0.30868,-0.30391,-0.29191,-0.27991,-0.26792,1.2857,-0.25592,-0.25265,-0.24125,-0.22454,-0.20792,-0.19662,-0.19326,-0.18126,-0.16057,-0.13858,1.9992,1.2532,-0.12658,-0.11458,-0.10127,-0.068589,-0.050566,-0.038566,-0.017228,0.004017,0.032732,0.056124,1.2321,0.071392,0.10132,0.12873,0.14339,0.16739,0.18415,0.21539,0.23939,0.25751,0.28659,1.2217,0.30205,0.32152,0.33352,0.35537,0.37937,0.39753,0.40953,0.42517,0.45221,0.46421,1.2097,0.47621,0.49134,0.50955,0.52155,0.54288,0.55932,0.57622,0.58822,0.59714,0.60863,1.1719,0.61582,0.62688,0.63449,0.64154,0.6442,0.65317,0.65887,0.67087,0.68287,0.69487,1.1483,0.70686,0.71886,0.73086,0.74851,0.7642,0.77947,0.80688,0.83279,0.84983,0.87678,1.1266,0.90717,0.93117,0.96451,0.99701,1.0312,1.0559,1.1072,1.1423,1.1821,1.2103,1.0666,1.2541,1.297,1.3352,1.3678,1.4168,1.4446,1.4966,1.5331,1.5726,1.5968,1.0376,1.63,1.6594,1.6792,1.6941,1.7218,1.7406,1.7552,1.7672,1.7792,1.7993,1.0256,1.8125,1.8286,1.8459,1.8672,1.8792,1.8912,1.9032,1.9152,1.9872,1.0136,1.0016,0.98963,0.97763,0.96563,0.95363,0.90428,0.87383,0.83359,0.8306,1.9752,0.78391,0.77891,0.77457,0.74557,0.72265,0.69986,0.67297,0.63221,0.62515,0.60232,1.9632,0.59434,0.56553,0.54102,0.52285,0.49218,0.48508,0.46995,0.4375,0.42905,0.41042,1.9512,0.39216,0.34613,0.28412,0.27212,0.25078,0.23528,0.21128,0.19611,0.17262,0.14862,1.9392,0.12462,0.10996,0.08596,0.061961,0.037961,0.013962,-0.005275,-0.024699,-0.048698,-0.072698,1.9272,-0.10277,-0.13004,-0.15403,-0.18275,-0.21137,-0.23537,-0.26273,-0.29271,-0.31671,-0.35005,1.0,1.0
0.45954,0.41795,0.34106,0.59579,0.69976,0.79176,0.87493,0.96426,1.065,1.1481,1.2313,1.2962,1.374,0.32559,1.4447,1.5071,1.5628,1.6044,1.646,1.6876,1.7105,1.7312,1.752,1.7628,0.31736,1.7628,1.7586,1.7378,1.717,1.677,1.6355,1.5939,1.5418,1.4794,1.4124,0.3077,1.3292,1.246,1.1628,1.0629,0.97279,0.87866,0.77469,0.66557,0.54306,0.4391,0.29366,0.33513,0.21393,0.089165,-0.024162,-0.13666,-0.25579,-0.35976,-0.46372,-0.56769,-0.65395,0.28981,-0.75193,-0.84399,-0.91816,-0.98054,-1.0429,-1.105,-1.1466,-1.1882,-1.2298,-1.259,0.26997,-1.2798,-1.3006,-1.3177,-1.3169,-1.2961,-1.294,-1.2782,-1.2574,-1.2366,-1.2088,0.26997,-1.1672,-1.1269,-1.1061,-1.0661,-1.0083,-0.95927,-0.90726,-0.8524,-0.80619,-0.74381,0.26997,-0.68143,-0.61905,-0.55667,-0.49429,-0.42101,-0.34584,-0.27836,-0.19738,-0.135,-0.052538,0.26997,0.030636,0.099532,0.18466,0.28016,0.36333,0.4465,0.52968,0.61285,0.71368,0.80289,0.41214,0.26997,0.88607,0.96924,1.0524,1.1356,1.2185,1.2809,1.3614,1.4294,1.4917,1.5447,0.26997,1.5928,1.6516,1.6924,1.7132,1.7526,1.7785,1.7993,1.8102,1.8032,1.7824,0.26997,1.7605,1.7189,1.6773,1.6357,1.5808,1.5185,1.4486,1.37,1.306,1.2228,0.26997,1.1201,1.0327,0.94957,0.85556,0.75159,0.64762,0.54366,0.43969,0.33572,0.23176,0.26997,0.12779,0.012508,-0.10384,-0.20781,-0.31177,-0.41574,-0.51971,-0.62367,-0.71295,-0.80791,0.26997,-0.90299,-0.98617,-1.0693,-1.1523,-1.2147,-1.2771,-1.3395,-1.4019,-1.4549,-1.49,0.25065,-1.5144,-1.5553,-1.5761,-1.5969,-1.6177,-1.6257,-1.6257,-1.6188,-1.602,-1.6009,0.22986,-1.5801,-1.5593,-1.5385,-1.5177,-1.4866,-1.4524,-1.4272,-1.3856,-1.344,-1.3024,0.20907,-1.2608,-1.2055,-1.1539,-1.1045,-1.0471,-1.0034,-0.94102,-0.87864,-0.7992,-0.73019,0.18827,-0.65655,-0.58173,-0.5139,-0.43073,-0.34755,-0.28482,-0.2049,-0.12173,-0.038557,0.044616,0.41214,0.16748,0.12779,0.21096,0.29414,0.37731,0.46048,0.52855,0.60313,0.67701,0.73939,0.80177,0.14189,0.86415,0.92653,0.97042,1.0276,1.0773,1.1189,1.1605,1.1981,1.2189,1.2397,0.1003,1.2605,1.2813,1.3021,1.3228,1.3436,1.3555,1.3348,1.314,1.2932,1.2724,0.058716,1.2516,1.2201,1.1863,1.1606,1.119,1.0774,1.0358,0.99424,0.95265,0.89987,0.036915,0.84578,0.8042,0.76012,0.69774,0.65574,0.61415,0.55799,0.50728,0.45693,0.40041,-0.017645,0.35587,0.29349,0.23111,0.18667,0.14509,0.091357,0.04746,0.020328,-0.021259,-0.062312,-0.066044,-0.083106,-0.1039,-0.12469,-0.14549,-0.16628,-0.18707,-0.20787,-0.22765,-0.22765,-0.24655,-0.10763,-0.26734,-0.27504,-0.26486,-0.25135,-0.25135,-0.24987,-0.22907,-0.22765,-0.22765,-0.22765,-0.15739,-0.23832,-0.25135,-0.25135,-0.2533,-0.2741,-0.27504,-0.29199,-0.29874,-0.30988,-0.33067,-0.21977,-0.34613,-0.34856,-0.36936,-0.36983,-0.36983,-0.36983,-0.36983,-0.36983,0.40006,-0.28215,-0.34453,-0.40691,-0.46929,-0.54613,-0.61775,-0.68013,-0.74826,-0.82859,-0.89097,0.38845,-0.97408,-1.0394,-1.1167,-1.1879,-1.2503,-1.3126,-1.375,-1.4374,-1.4998,-1.5439,0.38217,-1.5854,-1.627,-1.659,-1.6798,-1.7006,-1.7196,-1.6988,-1.678,-1.6572,-1.6235,0.36475,-1.592,-1.564,-1.5224,-1.4808,-1.4392,-1.3784,-1.3324,-1.2773,-1.215,-1.1526,0.36428,-1.0902,-1.0278,-0.96543,-0.90305,-0.82385,-0.75459,-0.6812,-0.59802,-0.51485,-0.43168,0.34348,-0.3485,-0.26533,-0.16486,-0.075286,0.01938,0.12335,0.22163,0.30758,0.41155,0.49484,0.0,0.0
-0.62259,-0.6098,-0.62259,-2.0967,-2.1112,-2.1586,-2.2041,-2.2186,-2.2447,-2.1051,-2.0784,-2.06,-2.0367,-0.62259,-2.0148,-1.9859,-1.9569,-1.9279,-1.8989,-1.87,-1.841,-1.8056,-1.7703,-1.7315,-0.62259,-1.688,-1.6446,-1.6011,-1.5615,-1.527,-1.4835,-1.4401,-1.386,-1.3404,-1.2969,-0.62259,-1.2535,-1.21,-1.1666,-1.1231,-1.0797,-1.0362,-0.99275,-0.94929,-0.90948,-0.87517,-0.62259,-0.83172,-0.79699,-0.76802,-0.72693,-0.69729,-0.6656,-0.62656,-0.59759,-0.56862,-0.53965,-0.62259,-0.51068,-0.4818,-0.46553,-0.44004,-0.42556,-0.4042,-0.3838,-0.35905,-0.34204,-0.32755,-0.62259,-0.31307,-0.29858,-0.2841,-0.26961,-0.25513,-0.24064,-0.22616,-0.21167,-0.19719,-0.17768,-0.62259,-0.15543,-0.13253,-0.11367,-0.09918,-0.084695,-0.07021,-0.059818,-0.059818,-0.059818,-0.059818,-0.62259,-0.048946,-0.047028,-0.045557,-0.031072,-0.021447,-0.014892,-0.000407,0.014078,0.028563,0.043049,-0.61597,0.057534,0.072019,0.086504,0.10099,0.11547,0.12996,0.14444,0.17172,0.1862,0.20539,-0.6098,-0.6098,0.22797,0.25054,0.26973,0.29569,0.31187,0.34084,0.36604,0.38599,0.41496,0.44393,-0.6098,0.4729,0.50187,0.53084,0.55696,0.57599,0.60496,0.63393,0.6629,0.69187,0.72084,-0.6098,0.74981,0.77878,0.80775,0.84372,0.87848,0.90745,0.93642,0.96539,0.99705,1.0361,-0.6092,1.0651,1.0941,1.123,1.152,1.1938,1.2227,1.2517,1.2807,1.3165,1.3514,-0.59701,1.3804,1.4093,1.4511,1.4801,1.509,1.538,1.567,1.596,1.6139,1.6411,-0.59701,1.6685,1.6863,1.7152,1.7375,1.7604,1.7793,1.7938,1.821,1.8355,1.85,-0.59701,1.8645,1.8715,1.8624,1.8587,1.8462,1.8317,1.8172,1.8027,1.7883,1.7738,-0.58963,1.7494,1.732,1.717,1.6903,1.6758,1.6557,1.634,1.6105,1.5922,1.5654,-0.58422,1.5377,1.5143,1.4657,1.4367,1.4077,1.3788,1.3498,1.3208,1.2919,1.2629,-0.58422,1.2339,1.2121,1.1888,1.1598,1.1308,1.1007,1.0601,1.0311,1.0022,0.9732,-0.6098,-0.58422,0.93463,0.90246,0.87349,0.84452,0.81555,0.78658,0.76458,0.74143,0.71246,0.69555,-0.58285,0.66731,0.641,0.62651,0.60598,0.58475,0.56083,0.54299,0.51572,0.50123,0.48332,-0.57143,0.45947,0.44499,0.4305,0.41602,0.40153,0.38705,0.37505,0.37505,0.37505,0.37505,-0.57143,0.37505,0.36409,0.36226,0.36226,0.36226,0.35731,0.34947,0.34113,0.33668,0.33668,-0.57143,0.32389,0.32156,0.3111,0.30538,0.29831,0.29831,0.29831,0.28581,0.28552,0.28552,-0.57143,0.28552,0.28552,0.28552,0.28552,0.28552,0.28552,0.28552,0.28552,0.28552,0.28552,-0.57143,0.28552,0.28552,0.28552,0.28552,0.28258,0.27273,0.27273,0.27273,0.27273,0.27273,-0.55989,0.25994,0.25994,0.25994,0.25994,0.25994,0.25994,0.24945,0.24715,0.24715,0.24715,-0.55864,0.24715,0.24715,0.24715,0.23759,0.23436,0.23436,0.23251,0.22157,0.22157,0.21463,-0.55864,0.20878,0.20878,0.20878,0.19599,0.19599,0.19599,0.19599,0.19599,-0.61658,-0.55864,-0.55864,-0.55864,-0.55864,-0.55864,-0.55864,-0.55864,-0.55864,-0.55864,-0.55864,-0.62259,-0.55864,-0.55864,-0.55864,-0.55864,-0.55864,-0.55864,-0.55864,-0.55864,-0.55864,-0.55864,-0.62259,-0.55864,-0.55864,-0.55864,-0.55864,-0.55864,-0.55864,-0.55864,-0.55864,-0.55864,-0.55864,-0.62259,-0.56216,-0.6027,-0.65508,-0.69537,-0.76361,-0.78807,-0.87009,-0.93474,-0.98085,-1.0438,-0.62259,-1.1035,-1.1529,-1.2372,-1.2748,-1.3422,-1.3711,-1.4203,-1.4803,-1.543,-1.5894,-0.62259,-1.6538,-1.6886,-1.7634,-1.7985,-1.8563,-1.8783,-1.9073,-1.9253,-1.9524,-2.037,4.0,4.0
-2.0376,-1.9598,-1.8339,-0.81257,-0.81257,-0.80606,-0.80153,-0.79403,-0.7905,-0.7905,-0.7815,-0.77946,-0.76948,-1.817,-0.76843,-0.75745,-0.74636,-0.74542,-0.73388,-0.72428,-0.72186,-0.71032,-0.70221,-0.69829,-1.7998,-0.68676,-0.68014,-0.67473,-0.6632,-0.65167,-0.64703,-0.63224,-0.62496,-0.61657,-0.60504,-1.7819,-0.59351,-0.58197,-0.57044,-0.55891,-0.54738,-0.53667,-0.53535,-0.52564,-0.52332,-0.5146,-1.7588,-0.51129,-0.50356,-0.49926,-0.49253,-0.48723,-0.4757,-0.47046,-0.46367,-0.45214,-0.4406,-1.7432,-0.42907,-0.41754,-0.40601,-0.40424,-0.39398,-0.38245,-0.37091,-0.35938,-0.34785,-0.33631,-1.7237,-0.32478,-0.31325,-0.30172,-0.29018,-0.27865,-0.26712,-0.25559,-0.24405,-0.23252,-0.22099,-1.7091,-0.20946,-0.19792,-0.18639,-0.18352,-0.17436,-0.17249,-0.16233,-0.16145,-0.15041,-0.15041,-1.6886,-0.15041,-0.14881,-0.13938,-0.13938,-0.13938,-0.13579,-0.12834,-0.12376,-0.11223,-0.10627,-1.675,-0.1002,-0.088669,-0.077136,-0.065604,-0.054071,-0.042538,-0.031006,-0.019473,-0.007941,0.003592,-1.9483,-1.6535,0.015124,0.026657,0.038189,0.049722,0.061255,0.072787,0.08432,0.095852,0.10738,0.11892,-1.6409,0.12548,0.13095,0.14248,0.14756,0.15451,0.16604,0.17757,0.18066,0.1896,0.20114,-1.6293,0.21267,0.2242,0.23573,0.23623,0.24776,0.25929,0.26895,0.27132,0.28286,0.29439,-1.6068,0.30592,0.31745,0.32413,0.32948,0.34102,0.35255,0.35724,0.36458,0.37611,0.38764,-1.5944,0.39917,0.41071,0.42224,0.42345,0.43427,0.4458,0.45656,0.45783,0.46936,0.4809,-1.5713,0.48967,0.49293,0.50446,0.51599,0.52752,0.53906,0.55059,0.56212,0.57365,0.58519,-1.5501,0.59672,0.60825,0.61978,0.63132,0.64285,0.65438,0.65521,0.66641,0.67728,0.67844,-1.5362,0.68997,0.69935,0.702,0.71039,0.71039,0.71453,0.72606,0.73246,0.73246,0.73246,-1.5131,0.73908,0.7435,0.7435,0.75161,0.75453,0.76364,0.76557,0.77567,0.7872,0.7877,-1.4934,0.79923,0.81076,0.82229,0.83383,0.84536,0.85689,0.86842,0.87996,0.89149,0.90302,-1.9367,-1.478,0.91455,0.92609,0.93762,0.94214,0.94965,0.96118,0.97271,0.98425,0.98629,0.99627,-1.455,1.0078,1.0193,1.0309,1.0424,1.0539,1.0635,1.066,1.0775,1.0856,1.0895,-1.4368,1.1011,1.1077,1.1131,1.1187,1.1251,1.1298,1.1298,1.1376,1.1408,1.1497,-1.4199,1.1518,1.1617,1.1732,1.1739,1.1849,1.1858,1.196,1.196,1.1983,1.207,-1.4027,1.2103,1.218,1.218,1.2228,1.2291,1.2291,1.2291,1.2359,1.2401,1.2479,-1.3911,1.2511,1.2511,1.2604,1.2622,1.2622,1.2729,1.2732,1.2732,1.2744,1.2843,-1.3728,1.2843,1.2843,1.2875,1.2953,1.2953,1.2953,1.3005,1.312,1.3235,1.3351,-1.357,1.3466,1.3581,1.3697,1.3812,1.3927,1.4043,1.426,1.4384,1.4609,1.4731,-1.3455,1.495,1.5082,1.5291,1.5433,1.5632,1.5784,1.5973,1.6135,1.6314,1.643,-1.334,1.6606,1.6771,1.6886,1.7001,1.7117,1.7232,1.7347,1.7463,-1.9252,-1.3224,-1.3109,-1.2994,-1.2878,-1.2763,-1.2648,-1.254,-1.2527,-1.243,-1.243,-1.9112,-1.2402,-1.2319,-1.2282,-1.2167,-1.2099,-1.2046,-1.1931,-1.1816,-1.17,-1.1585,-1.8911,-1.147,-1.1354,-1.1326,-1.1234,-1.1119,-1.1003,-1.0888,-1.0883,-1.0768,-1.0652,-1.8796,-1.0537,-1.0422,-1.0306,-1.0191,-1.0076,-1.0002,-0.99555,-0.98401,-0.97248,-0.96095,-1.868,-0.95604,-0.94892,-0.93739,-0.93397,-0.92536,-0.91383,-0.90229,-0.89076,-0.88982,-0.88977,-1.852,-0.87823,-0.86775,-0.86621,-0.85671,-0.85418,-0.84568,-0.84215,-0.83061,-0.82361,-0.81859,3.0,5.0
-1.9428,-1.9329,-1.68,-0.8204,-0.8005,-0.78565,-0.77259,-0.75388,-0.74393,-0.72478,-0.71216,-0.70221,-0.69227,-1.6502,-0.68232,-0.67237,-0.66242,-0.65248,-0.64817,-0.64446,-0.63451,-0.62456,-0.62442,-0.61655,-1.6203,-0.61254,-0.60853,-0.60066,-0.60066,-0.60066,-0.60066,-0.60066,-0.60066,-0.60066,-0.60022,-1.5905,-0.59027,-0.58878,-0.58225,-0.5723,-0.56503,-0.56354,-0.54365,-0.53251,-0.52257,-0.51262,-1.5693,-0.4997,-0.48085,-0.4709,-0.4519,-0.43913,-0.42398,-0.40736,-0.39741,-0.38746,-0.36816,-1.5494,-0.35569,-0.34574,-0.33579,-0.32585,-0.3159,-0.3156,-0.30788,-0.29793,-0.29185,-0.28992,-1.5295,-0.27997,-0.27997,-0.27997,-0.27388,-0.26809,-0.26809,-0.26779,-0.25785,-0.25621,-0.24983,-1.5096,-0.24434,-0.24181,-0.23186,-0.22192,-0.22058,-0.2139,-0.20395,-0.19401,-0.18406,-0.17411,-1.4897,-0.16416,-0.15422,-0.14427,-0.1312,-0.1125,-0.10255,-0.092601,-0.082654,-0.067362,-0.050882,-1.4698,-0.040934,-0.030987,-0.011537,0.000786,0.010733,0.02068,0.032409,0.052304,0.0624,0.072348,-1.9149,-1.4588,0.082295,0.092242,0.10219,0.11214,0.12208,0.12387,0.1301,0.14005,0.14762,0.14807,-1.4489,0.15801,0.1595,0.16603,0.17138,0.17405,0.18325,0.18325,0.18325,0.18325,0.18325,-1.4389,0.18325,0.18325,0.18325,0.18325,0.18325,0.18325,0.18325,0.18325,0.18325,0.19261,-1.429,0.19513,0.20062,0.20701,0.20864,0.21859,0.22854,0.23848,0.24843,0.25838,0.26833,-1.4202,0.27827,0.28822,0.30619,0.31999,0.32994,0.34212,0.36171,0.37166,0.38992,0.40343,-1.4202,0.41338,0.42585,0.44515,0.4551,0.46505,0.47499,0.48494,0.49207,0.49296,0.50291,-1.4202,0.51285,0.5228,0.53275,0.53958,0.54077,0.55071,0.56066,0.57061,0.58056,0.5905,-1.4202,0.60045,0.6104,0.61084,0.61842,0.62836,0.63831,0.64826,0.65821,0.67795,0.68998,-1.4149,0.69993,0.70987,0.7219,0.74179,0.76169,0.77342,0.7896,0.80519,0.81751,0.83741,-1.4083,0.8573,0.86873,0.87868,0.89323,0.91045,0.9204,0.93035,0.9403,0.95024,0.96019,-1.8889,-1.4083,0.97014,0.98009,0.99003,0.99998,1.0099,1.0199,1.0298,1.0398,1.0497,1.0597,-1.4083,1.0622,1.0677,1.0741,1.0757,1.0856,1.0956,1.0978,1.0978,1.1017,1.1097,-1.3988,1.1097,1.1097,1.1097,1.1097,1.1097,1.1097,1.1094,1.0995,1.0978,1.0978,-1.3889,1.0978,1.0978,1.0984,1.1084,1.1097,1.1097,1.1144,1.1216,1.1225,1.1324,-1.3846,1.1424,1.1523,1.1623,1.1722,1.1822,1.1921,1.202,1.212,1.2219,1.2319,-1.3809,1.2418,1.2518,1.2522,1.2598,1.2697,1.2797,1.2879,1.2879,1.2977,1.2997,-1.3709,1.2997,1.2997,1.2997,1.2999,1.3098,1.3116,1.3179,1.3278,1.3377,1.3477,-1.361,1.3576,1.3676,1.3775,1.3875,1.4001,1.4193,1.4292,1.4479,1.4678,1.4877,-1.351,1.5076,1.5275,1.5474,1.5763,1.6062,1.6308,1.6573,1.6957,1.7255,1.7554,-1.3411,1.7927,1.8324,1.8687,1.9018,1.9515,1.9916,2.0314,2.077,-1.8591,-1.3311,-1.3212,-1.3133,-1.3132,-1.3032,-1.2933,-1.2896,-1.2853,-1.2777,-1.2772,-1.8292,-1.2673,-1.2658,-1.2593,-1.2539,-1.2539,-1.2532,-1.2432,-1.242,-1.242,-1.2371,-1.7994,-1.2302,-1.2302,-1.2302,-1.2302,-1.2302,-1.225,-1.2183,-1.2183,-1.2183,-1.2183,-1.7696,-1.2109,-1.2064,-1.2029,-1.1945,-1.1945,-1.1849,-1.1827,-1.1769,-1.1669,-1.157,-1.7397,-1.147,-1.1371,-1.1191,-1.1053,-1.0912,-1.0713,-1.0517,-1.0418,-1.0235,-1.0036,-1.7099,-0.98816,-0.97569,-0.9558,-0.9359,-0.92462,-0.90799,-0.8881,-0.8682,-0.8492,-0.83925,3.0,5.0
0.3702,0.43623,0.44357,1.6907,1.6687,1.6663,1.4951,1.319,1.2139,1.1381,1.028,0.88864,0.8006,0.44357,0.71257,0.62453,0.51693,0.424,0.32129,0.22348,0.12566,0.015613,-0.094432,-0.20448,0.424,-0.31452,-0.7547,-0.88187,-0.93567,-0.99436,-1.0604,-1.1166,-1.1606,-1.2047,-1.2487,0.40199,-1.2927,-1.3367,-1.3612,-1.3832,-1.3905,-1.3905,-1.3905,-1.3832,-1.3612,-1.3367,0.37998,-1.2927,-1.2707,-1.2291,-1.1851,-1.1411,-1.0848,-1.0188,-0.95278,-0.88187,-0.79628,0.35798,-0.73025,-0.6202,-0.52972,-0.42457,-0.3292,-0.22893,-0.10911,0.015613,0.12566,0.2357,0.33597,0.34575,0.4778,0.59029,0.71746,0.83484,0.95711,1.0794,1.1894,1.2995,1.4071,0.30662,1.4951,1.5831,1.6712,1.725,1.7837,1.8252,1.857,1.8864,1.8864,1.8839,0.26749,1.8619,1.8399,1.7201,1.6394,1.5147,1.3973,1.2995,1.1601,0.98646,0.89597,0.24548,0.78593,0.67588,0.56584,0.45579,0.34575,0.2357,0.11588,-0.008842,-0.11889,-0.22893,0.44357,0.22348,-0.33898,-0.44902,-0.55907,-0.87453,-1.0433,-1.0971,-1.1411,-1.1851,-1.2291,-1.2731,0.17946,-1.3172,-1.3392,-1.3612,-1.3832,-1.4052,-1.415,-1.415,-1.415,-1.4101,-1.3881,0.13544,-1.3661,-1.3441,-1.3025,-1.2585,-1.2144,-1.1704,-1.1166,-1.0506,-0.98457,-0.91855,0.091422,-0.85252,-0.76448,-0.67645,-0.58841,-0.4857,-0.38789,-0.29007,-0.18002,-0.074869,0.015613,0.062076,0.12566,0.2357,0.32618,0.43134,0.52671,0.61475,0.70278,0.79082,0.87886,0.96689,0.02784,1.0549,1.143,1.231,1.319,1.3924,1.4584,1.5245,1.5831,1.6272,1.6712,-0.02596,1.7152,1.7592,1.8032,1.8301,1.8521,1.8742,1.8864,1.8864,1.8864,1.8839,-0.084651,1.8619,1.7299,1.6761,1.6149,1.5342,1.4584,1.3533,1.2212,1.1381,1.0696,-0.12867,0.98156,0.89353,0.82506,0.74191,0.65387,0.56584,0.4778,0.38977,0.30173,0.21369,-0.17513,0.12566,0.037622,-0.050414,-0.44658,-0.66667,-0.74248,-0.8085,-0.87453,-0.94056,-1.0041,0.44357,-0.24116,-1.0482,-1.1142,-1.1411,-1.1802,-1.2096,-1.2316,-1.2536,-1.2756,-1.2927,-1.2951,-0.28518,-1.3172,-1.3172,-1.3367,-1.3416,-1.3416,-1.3294,-1.3172,-1.3098,-1.2878,-1.2634,-0.34876,-1.2193,-1.1973,-1.1558,-1.1289,-1.0922,-1.0482,-1.0041,-0.96012,-0.9161,-0.86964,-0.41479,-0.80361,-0.75959,-0.69601,-0.62999,-0.56396,-0.49793,-0.4319,-0.37321,-0.3243,-0.25828,-0.48081,-0.19225,-0.14823,-0.084651,-0.035742,0.008276,0.052294,0.096312,0.14033,0.18435,0.22592,-0.54684,0.24793,0.26994,0.29195,0.31396,0.33597,0.35798,0.3702,0.3702,0.37509,0.39466,-0.61287,0.39466,0.39466,0.39466,0.39466,0.39466,0.39466,0.39466,0.38732,0.3702,0.3702,-0.67889,0.3702,0.34819,0.34575,0.34575,0.34575,0.34575,0.34575,0.34575,0.34575,0.34575,-0.74492,0.34575,0.34575,0.34575,0.34575,0.34575,0.34575,0.34575,0.34575,0.34575,0.34819,-0.81095,0.3702,0.3702,0.3702,0.3702,0.3702,0.38243,0.39466,0.38732,0.45824,-0.87698,-0.943,-0.98947,-1.0506,-1.1166,-1.1704,-1.2144,-1.2658,-1.322,-1.3465,0.46802,-1.3905,-1.4125,-1.4345,-1.4565,-1.4639,-1.4639,-1.4639,-1.4565,-1.4345,-1.4101,0.46802,-1.3661,-1.322,-1.278,-1.234,-1.1753,-1.1093,-1.0335,-0.95278,-0.88187,-0.79383,0.46802,-0.70579,-0.61776,-0.52972,-0.42457,-0.31452,-0.2167,-0.11889,-0.008842,0.1012,0.21125,0.46802,0.32129,0.43134,0.54138,0.65143,0.76147,0.85929,0.94733,1.0354,1.1234,1.209,0.46557,1.275,1.341,1.4462,1.5049,1.5489,1.5929,1.6272,1.6492,1.6663,1.6687,2.0,2.0
-2.1443,-2.0707,-1.85,-0.85174,-0.84123,-0.84123,-0.83072,-0.82022,-0.80971,-0.7992,-0.7992,-0.78869,-0.77818,-1.8185,-0.77818,-0.76767,-0.76767,-0.76767,-0.75716,-0.74666,-0.74666,-0.73615,-0.73615,-0.72564,-1.7975,-0.71513,-0.70462,-0.69411,-0.68361,-0.6731,-0.66259,-0.65208,-0.64157,-0.63106,-0.61005,-1.766,-0.59954,-0.58903,-0.56801,-0.5575,-0.547,-0.52598,-0.51547,-0.50496,-0.48394,-0.47344,-1.745,-0.46293,-0.45242,-0.44191,-0.4314,-0.42089,-0.41038,-0.39988,-0.38937,-0.36835,-0.35784,-1.7134,-0.34733,-0.33683,-0.32632,-0.3053,-0.29479,-0.28428,-0.27377,-0.26327,-0.26327,-0.25276,-1.6924,-0.24225,-0.24225,-0.23174,-0.23174,-0.23174,-0.22123,-0.22123,-0.22123,-0.21072,-0.21072,-1.6714,-0.20022,-0.18971,-0.1792,-0.16869,-0.15818,-0.14767,-0.13716,-0.12666,-0.11615,-0.095131,-1.6399,-0.084622,-0.074114,-0.063605,-0.042588,-0.03208,-0.021571,-0.011063,0.009954,0.020462,0.030971,-1.6189,0.041479,0.051988,0.073005,0.083513,0.094022,0.10453,0.11504,0.12555,0.13606,0.14656,-2.0497,-1.5873,0.15707,0.16758,0.17809,0.17809,0.1886,0.19911,0.20962,0.20962,0.22012,0.22012,-1.5663,0.23063,0.24114,0.24114,0.25165,0.26216,0.26216,0.27267,0.28317,0.29368,0.30419,-1.5453,0.3147,0.3147,0.32521,0.33572,0.33572,0.34623,0.35673,0.36724,0.37775,0.38826,-1.5138,0.38826,0.39877,0.41978,0.43029,0.4408,0.45131,0.46182,0.47233,0.48284,0.49334,-1.4928,0.50385,0.50385,0.51436,0.52487,0.53538,0.54589,0.55639,0.5669,0.58792,0.59843,-1.4822,0.60894,0.61945,0.62995,0.64046,0.65097,0.66148,0.67199,0.6825,0.693,0.70351,-1.4612,0.71402,0.72453,0.72453,0.73504,0.73504,0.74555,0.74555,0.74555,0.75606,0.75606,-1.4402,0.75606,0.75606,0.75606,0.76656,0.76656,0.77707,0.78758,0.78758,0.79809,0.8086,-1.4297,0.82961,0.84012,0.85063,0.86114,0.87165,0.88216,0.89267,0.90317,0.90317,0.91368,-1.4192,0.92419,0.92419,0.9347,0.94521,0.94521,0.95572,0.96623,0.96623,0.97673,0.98724,-2.0287,-1.4087,0.98724,0.99775,0.99775,1.0083,1.0083,1.0188,1.0188,1.0293,1.0293,1.0398,-1.3982,1.0503,1.0503,1.0503,1.0608,1.0608,1.0713,1.0713,1.0818,1.0818,1.0818,-1.3982,1.0818,1.0923,1.0923,1.0923,1.0923,1.0923,1.0923,1.0923,1.0923,1.0923,-1.3982,1.0818,1.0818,1.0818,1.0818,1.0818,1.0923,1.0923,1.0923,1.0923,1.0923,-1.3982,1.0923,1.1028,1.1028,1.1028,1.1028,1.1133,1.1239,1.1239,1.1239,1.1344,-1.3982,1.1344,1.1344,1.1344,1.1449,1.1449,1.1554,1.1554,1.1659,1.1659,1.1764,-1.3982,1.1869,1.1974,1.2079,1.2079,1.2184,1.2289,1.2394,1.25,1.2605,1.271,-1.3982,1.2815,1.292,1.292,1.3025,1.313,1.313,1.3235,1.3235,1.3235,1.334,-1.3877,1.334,1.334,1.334,1.334,1.3445,1.355,1.3655,1.3761,1.3866,1.3971,-1.3877,1.4181,1.4391,1.4601,1.4811,1.5022,1.5337,1.5547,1.5862,-1.9972,-1.3772,-1.3772,-1.3667,-1.3667,-1.3561,-1.3456,-1.3456,-1.3351,-1.3246,-1.3141,-1.9761,-1.3036,-1.2931,-1.2931,-1.2826,-1.2721,-1.2721,-1.2616,-1.2616,-1.2616,-1.2511,-1.9551,-1.2511,-1.2511,-1.2406,-1.2406,-1.23,-1.23,-1.2195,-1.2195,-1.209,-1.209,-1.9236,-1.1985,-1.1985,-1.188,-1.188,-1.1775,-1.167,-1.1565,-1.146,-1.1355,-1.1145,-1.9026,-1.1039,-1.0934,-1.0829,-1.0724,-1.0514,-1.0409,-1.0304,-1.0199,-1.0094,-0.99886,-1.8711,-0.97784,-0.96733,-0.95683,-0.94632,-0.9253,-0.91479,-0.90428,-0.89377,-0.88327,-0.87276,3.0,5.0
-0.77596,-0.72987,-0.70394,-1.8562,-1.8562,-1.8475,-1.836,-1.8245,-1.813,-1.813,-1.7957,-1.7784,-1.7669,-0.70394,-1.7554,-1.7323,-1.7179,-1.7006,-1.6776,-1.6545,-1.6315,-1.6085,-1.5854,-1.5624,-0.70394,-1.5393,-1.5048,-1.4788,-1.45,-1.4183,-1.3953,-1.3607,-1.3262,-1.2916,-1.2541,-0.70394,-1.208,-1.1735,-1.1389,-1.0986,-1.0554,-1.0208,-0.97472,-0.93727,-0.90271,-0.86814,-0.70394,-0.83357,-0.799,-0.76444,-0.72987,-0.6953,-0.66074,-0.62617,-0.5916,-0.55703,-0.52247,-0.70394,-0.4879,-0.45333,-0.41877,-0.38996,-0.36403,-0.32947,-0.30642,-0.28338,-0.26033,-0.23729,-0.70394,-0.21424,-0.1912,-0.16815,-0.14511,-0.12494,-0.11342,-0.1019,-0.081735,-0.064452,-0.052929,-0.71259,-0.041407,-0.041407,-0.032765,-0.021243,-0.00972,0.001802,0.013325,0.024847,0.036369,0.047892,-0.71835,0.059414,0.070937,0.073817,0.079578,0.091101,0.10262,0.12567,0.14007,0.15159,0.166,-0.71835,0.18904,0.20056,0.21209,0.22937,0.25241,0.27546,0.2985,0.31291,0.33595,0.36764,-0.71835,-0.71835,0.39068,0.41373,0.43677,0.46558,0.49726,0.52031,0.55488,0.58944,0.61825,0.64418,-0.70682,0.67874,0.71331,0.74788,0.78244,0.81701,0.85158,0.88615,0.92071,0.95528,0.99273,-0.70394,1.0388,1.0734,1.108,1.1425,1.1771,1.2117,1.2462,1.2721,1.301,1.3355,-0.70394,1.3701,1.3931,1.4162,1.4392,1.4651,1.4997,1.5228,1.5458,1.5688,1.5919,-0.70106,1.6149,1.638,1.661,1.6841,1.7042,1.7158,1.7388,1.7532,1.7647,1.7763,-0.68954,1.7878,1.7993,1.8108,1.8223,1.8339,1.8454,1.8569,1.8684,1.8742,1.8771,-0.68954,1.8886,1.8886,1.8886,1.8944,1.9001,1.8886,1.8886,1.88,1.8742,1.8713,-0.68954,1.8598,1.8483,1.8367,1.8252,1.8137,1.8022,1.7791,1.7561,1.733,1.71,-0.68378,1.687,1.6639,1.6322,1.5977,1.5631,1.5285,1.494,1.4594,1.4191,1.3758,-0.67514,1.3413,1.2952,1.2491,1.203,1.154,1.0964,1.0503,1.0043,0.9524,0.89767,-0.71259,-0.67514,0.85158,0.79397,0.745,0.69891,0.65282,0.60673,0.56064,0.52319,0.48862,0.45406,-0.66362,0.41949,0.38492,0.35035,0.32155,0.2985,0.27546,0.26394,0.24377,0.22073,0.20056,-0.66074,0.18904,0.17752,0.166,0.14295,0.11415,0.10262,0.091101,0.096862,0.10262,0.10262,-0.65497,0.10262,0.10262,0.10262,0.10838,0.11703,0.11703,0.11703,0.11703,0.11703,0.11415,-0.64633,0.10262,0.10262,0.10262,0.10262,0.099742,0.08822,0.08822,0.08822,0.082459,0.073817,-0.64633,0.073817,0.062295,0.059414,0.059414,0.056534,0.045011,0.045011,0.036369,0.030608,0.027728,-0.64633,0.016205,0.016205,0.016205,0.010444,0.001802,0.001802,-0.00972,-0.012601,-0.018362,-0.027004,-0.63769,-0.027004,-0.038526,-0.041407,-0.047168,-0.05869,-0.070213,-0.070213,-0.078855,-0.084616,-0.087496,-0.63193,-0.099019,-0.11054,-0.11342,-0.11342,-0.11342,-0.11342,-0.11342,-0.11342,-0.11342,-0.11054,-0.63193,-0.099019,-0.099019,-0.090377,-0.084616,-0.081735,-0.070213,-0.070213,-0.061571,-0.70394,-0.63193,-0.63193,-0.62329,-0.61753,-0.61753,-0.61753,-0.61753,-0.60888,-0.60312,-0.60312,-0.70394,-0.60312,-0.60312,-0.60312,-0.60312,-0.60024,-0.58872,-0.58872,-0.58872,-0.58872,-0.58872,-0.70394,-0.58872,-0.58872,-0.58872,-0.58872,-0.5916,-0.60312,-0.60312,-0.60312,-0.63769,-0.69242,-0.70394,-0.70394,-0.71547,-0.72699,-0.76156,-0.81917,-0.87678,-0.89982,-0.94879,-0.98912,-1.0208,-0.70394,-1.0784,-1.1015,-1.1245,-1.1476,-1.1821,-1.2513,-1.2858,-1.3118,-1.3348,-1.3694,-0.70394,-1.4385,-1.4615,-1.5192,-1.5652,-1.5969,-1.6545,-1.6776,-1.7352,-1.7986,-1.8447,4.0,4.0
-2.1373,-1.9478,-1.6275,-0.7226,-0.73162,-0.73479,-0.73479,-0.73479,-0.74333,-0.75235,-0.76138,-0.7704,-0.77138,-1.6095,-0.77138,-0.77309,-0.78211,-0.79114,-0.79577,-0.79699,-0.80602,-0.81504,-0.82407,-0.83456,-1.5914,-0.86163,-0.86895,-0.86895,-0.86871,-0.85968,-0.85675,-0.85675,-0.85675,-0.84797,-0.84456,-1.5734,-0.8226,-0.74138,-0.71821,-0.70016,-0.68601,-0.68601,-0.66259,-0.64015,-0.62503,-0.62503,-1.5597,-0.60307,-0.576,-0.55185,-0.55185,-0.53819,-0.51648,-0.49087,-0.49087,-0.47184,-0.4416,-1.5507,-0.4055,-0.4055,-0.38793,-0.36086,-0.33378,-0.33232,-0.31085,-0.27695,-0.24987,-0.24695,-1.5417,-0.23231,-0.20524,-0.17816,-0.17377,-0.16499,-0.14572,-0.11864,-0.11279,-0.10498,-0.086933,-1.5327,-0.068883,-0.064005,-0.057175,-0.039124,-0.021074,-0.01522,-0.009366,0.008684,0.017953,0.021368,-1.5236,0.023808,0.032833,0.041858,0.045761,0.047712,0.056737,0.057957,0.062591,0.070153,0.070153,-1.5153,0.070153,0.070153,0.070153,0.070153,0.070153,0.070153,0.069665,0.06064,0.057957,0.057957,-1.8578,-1.5153,0.057957,0.048932,0.039906,0.030881,0.021856,0.012831,0.009172,0.006977,-0.002048,-0.011073,-1.5153,-0.024977,-0.04132,-0.050345,-0.066932,-0.080591,-0.090836,-0.10889,-0.14816,-0.17767,-0.18523,-1.5153,-0.17621,-0.16718,-0.15816,-0.14913,-0.14011,-0.12499,-0.10986,-0.10084,-0.083031,-0.014488,-1.5153,0.062835,0.080886,0.10723,0.12918,0.14918,0.17626,0.20333,0.23041,0.25749,0.28456,-1.5153,0.31164,0.33871,0.36579,0.39286,0.41994,0.44701,0.47409,0.50116,0.5219,0.54312,-1.5153,0.57019,0.59727,0.61849,0.63654,0.65459,0.67264,0.69069,0.70874,0.72679,0.73679,-1.5153,0.7507,0.76704,0.77607,0.78509,0.79412,0.80314,0.81217,0.82119,0.82631,0.82631,-1.5153,0.82631,0.8329,0.83851,0.83827,0.82924,0.82631,0.82339,0.81436,0.81412,0.8029,-1.5153,0.78729,0.77826,0.76924,0.76021,0.75119,0.74216,0.73314,0.72411,0.71508,0.70606,-1.5097,0.66776,0.64337,0.6424,0.63337,0.62435,0.61532,0.6063,0.59727,0.59459,0.59459,-1.8244,-1.5031,0.59459,0.59459,0.60044,0.60947,0.61849,0.61898,0.62435,0.63337,0.6424,0.65142,-1.5031,0.66045,0.67801,0.73216,0.75606,0.77411,0.79216,0.81021,0.82826,0.85022,0.87656,-1.5031,0.89461,0.91925,0.94291,0.9612,0.98828,1.0093,1.0302,1.0573,1.0756,1.0993,-1.5031,1.1239,1.1419,1.1683,1.1902,1.2083,1.2263,1.2444,1.2624,1.2805,1.2985,-1.5012,1.3166,1.3305,1.3405,1.3586,1.3698,1.3788,1.3878,1.3968,1.4059,1.4149,-1.4922,1.4239,1.4329,1.4361,1.4388,1.4478,1.4483,1.4537,1.4605,1.4605,1.4605,-1.4831,1.4605,1.4622,1.4712,1.4727,1.4727,1.4727,1.4727,1.4727,1.4766,1.4856,-1.4741,1.4947,1.4971,1.5005,1.5095,1.5186,1.5276,1.5366,1.5456,1.5547,1.5637,-1.4666,1.5752,1.5932,1.603,1.6171,1.6352,1.6532,1.6635,1.6725,1.683,1.701,-1.4666,1.7118,1.7208,1.7298,1.7388,1.7479,1.7569,1.7659,1.7749,-1.7973,-1.4519,-1.438,-1.43,-1.43,-1.4163,-1.3983,-1.3812,-1.3812,-1.3685,-1.3505,-1.7617,-1.3324,-1.3144,-1.2787,-1.239,-1.2119,-1.2104,-1.1997,-1.1795,-1.1524,-1.1495,-1.731,-1.1495,-1.1443,-1.1173,-1.0977,-1.0753,-1.0482,-1.0212,-1.0012,-0.99091,-0.99091,-1.7039,-0.99091,-0.97115,-0.95432,-0.95359,-0.92652,-0.90554,-0.89334,-0.89334,-0.867,-0.84553,-1.6768,-0.83236,-0.83236,-0.81577,-0.79772,-0.78163,-0.7726,-0.77138,-0.76211,-0.74552,-0.7365,-1.6497,-0.73479,-0.73065,-0.7226,-0.7226,-0.7226,-0.7226,-0.7226,-0.7226,-0.7226,-0.7226,5.0,5.0
0.56809,0.59676,0.56809,-0.57906,-0.50765,-0.43624,-0.36483,-0.29342,-0.22201,-0.1506,-0.07919,0.005412,0.092308,0.56809,0.16372,0.24072,0.33522,0.40662,0.50471,0.58314,0.67821,0.76869,0.84971,0.9498,0.54113,1.0212,1.1111,1.1927,1.2641,1.3355,1.4069,1.4783,1.5465,1.5925,1.6465,0.53941,1.6822,1.6893,1.7152,1.7152,1.7152,1.7152,1.7061,1.6866,1.5936,1.5416,0.53941,1.4973,1.3477,1.2111,0.96758,0.88814,0.78102,0.58558,0.45208,0.34497,0.23785,0.52005,0.10923,-0.005056,-0.11217,-0.21929,-0.3264,-0.43351,-0.54063,-0.63441,-0.72618,-1.1072,0.51073,-1.1928,-1.2642,-1.3356,-1.407,-1.4446,-1.4803,-1.516,-1.5255,-1.5541,-1.5541,0.506,-1.5541,-1.5541,-1.5541,-1.5541,-1.5361,-1.5255,-1.4933,-1.4576,-1.4219,-1.3862,0.48205,-1.3218,-1.2762,-1.2217,-1.1621,-1.0907,-1.0193,-0.94786,-0.87646,-0.80332,-0.70496,0.48205,-0.61777,-0.53346,-0.43222,-0.33328,-0.24667,-0.13956,-0.061123,0.045992,0.15311,0.23857,0.59676,0.45624,0.33866,0.41709,0.51015,0.60264,0.68165,0.75952,0.85315,0.94507,1.0246,1.1247,0.44921,1.1961,1.2676,1.3659,1.4391,1.5105,1.5625,1.6246,1.6673,1.727,1.7627,0.41351,1.7984,1.8299,1.8411,1.8586,1.8586,1.8299,1.8087,1.7373,1.6906,1.6262,0.39601,1.5804,1.509,1.4135,1.2918,1.0272,0.92012,0.78948,0.67534,0.53252,0.40562,0.37078,0.27556,0.13403,0.018604,-0.12422,-0.24467,-0.38046,-0.48757,-0.59469,-0.7018,-0.80892,0.33866,-0.90886,-1.0938,-1.2811,-1.3243,-1.3887,-1.4244,-1.4394,-1.4671,-1.4681,-1.4681,0.32805,-1.4681,-1.4681,-1.4626,-1.4269,-1.4107,-1.3842,-1.3485,-1.3128,-1.2582,-1.2127,0.29234,-1.1483,-1.1013,-1.0299,-0.95848,-0.88707,-0.81566,-0.74425,-0.67284,-0.57275,-0.50134,0.25664,-0.42993,-0.33429,-0.25585,-0.15834,-0.086934,0.008136,0.11324,0.18465,0.27212,0.35615,0.24961,0.45624,0.53611,0.62774,0.69915,0.79923,0.87064,0.95697,1.086,1.1712,1.271,0.59676,0.2139,1.3424,1.4138,1.5136,1.5853,1.6567,1.7073,1.743,1.8074,1.8431,1.8586,0.1782,1.8586,1.8299,1.8173,1.7816,1.7192,1.6665,1.5357,1.4477,1.3502,1.157,0.1425,1.0499,0.94277,0.83566,0.64251,0.52449,0.3996,0.19268,0.041977,-0.075462,-0.25298,0.10679,-0.39408,-0.47252,-0.56988,-0.69162,-0.82254,-1.0687,-1.1045,-1.1402,-1.1526,-1.1813,0.071085,-1.1813,-1.1813,-1.1813,-1.1813,-1.1733,-1.1526,-1.1305,-1.0953,-1.0878,-1.0521,0.035381,-1.0164,-0.9807,-0.945,-0.90929,-0.87359,-0.83788,-0.7735,-0.73779,-0.68173,-0.63771,-0.000324,-0.57332,-0.52486,-0.45345,-0.38204,-0.31579,-0.2679,-0.19649,-0.12508,-0.082345,-0.02255,-0.036029,0.031796,0.10321,0.14594,0.21735,0.27069,0.33149,0.37078,0.40648,0.45968,0.48205,-0.062844,0.5136,0.5493,0.56809,0.59203,0.59676,0.60608,0.62544,0.62544,0.62372,0.59676,-0.07876,0.59676,0.57396,0.56809,0.55991,0.53941,0.51718,0.51073,0.51073,0.59676,-0.11447,-0.15017,-0.18587,-0.20624,-0.22861,-0.26431,-0.30002,-0.33572,-0.37143,-0.40713,0.59676,-0.44283,-0.47854,-0.51424,-0.54995,-0.59225,-0.65004,-0.68574,-0.72145,-0.75715,-0.79286,0.59676,-0.84864,-0.86584,-0.89997,-0.93568,-0.97138,-1.0071,-1.0379,-1.0498,-1.0666,-1.0925,0.59676,-1.124,-1.1353,-1.1526,-1.1526,-1.1813,-1.1813,-1.1813,-1.1813,-1.1813,-1.1813,0.59676,-1.1813,-1.1813,-1.1813,-1.1717,-1.1526,-1.129,-1.124,-1.1149,-1.0792,-1.0666,0.56809,-1.0365,-1.0008,-0.96507,-0.92937,-0.89366,-0.85007,-0.79357,-0.75787,-0.6932,-0.6291,2.0,2.0
-1.845,-1.7561,-1.6369,-0.76474,-0.75032,-0.7359,-0.72148,-0.70706,-0.68199,-0.66757,-0.65315,-0.63873,-0.62431,-1.6322,-0.60989,-0.59546,-0.58104,-0.57726,-0.56284,-0.5572,-0.54464,-0.53592,-0.52644,-0.52527,-1.6187,-0.51889,-0.51463,-0.50399,-0.50399,-0.50399,-0.50399,-0.50399,-0.50399,-0.50399,-0.50399,-1.6043,-0.50399,-0.50399,-0.50399,-0.50399,-0.50399,-0.50399,-0.50101,-0.49334,-0.49334,-0.49334,-1.5899,-0.49334,-0.49334,-0.49334,-0.49334,-0.49334,-0.49334,-0.49334,-0.49334,-0.49334,-0.49334,-1.5861,-0.4827,-0.4827,-0.47248,-0.4687,-0.46141,-0.45051,-0.44013,-0.43231,-0.42853,-0.41411,-1.5717,-0.4082,-0.40655,-0.39213,-0.38691,-0.37627,-0.37015,-0.35573,-0.34434,-0.33753,-0.32311,-1.5573,-0.31241,-0.30491,-0.29113,-0.28671,-0.28048,-0.26984,-0.26473,-0.2592,-0.2592,-0.2592,-1.5429,-0.24962,-0.24855,-0.24855,-0.24855,-0.23791,-0.23073,-0.22727,-0.22317,-0.21662,-0.20598,-1.5284,-0.20598,-0.19741,-0.19534,-0.18986,-0.18469,-0.17405,-0.17405,-0.1641,-0.16032,-0.15277,-1.7417,-1.5151,-0.14212,-0.13148,-0.12392,-0.11019,-0.10572,-0.091302,-0.07688,-0.062459,-0.039097,-0.022973,-1.5102,-0.008552,0.00587,0.030934,0.045356,0.059777,0.074198,0.095857,0.11368,0.12811,0.14253,-1.4958,0.15801,0.18201,0.19643,0.21086,0.23081,0.25034,0.26721,0.28983,0.30425,0.31867,-1.492,0.34001,0.35816,0.37258,0.387,0.40142,0.41584,0.43026,0.43404,0.44325,0.45224,-1.4776,0.45389,0.45389,0.45389,0.45389,0.45389,0.45389,0.45389,0.45389,0.44325,0.44325,-1.4632,0.44325,0.44325,0.44325,0.44325,0.44325,0.44325,0.44325,0.45389,0.45389,0.45389,-1.4594,0.46453,0.46453,0.47518,0.47906,0.49348,0.50711,0.51168,0.5261,0.54052,0.55495,-1.445,0.56937,0.58379,0.59821,0.61263,0.62705,0.63482,0.64525,0.65611,0.66345,0.66723,-1.4406,0.67739,0.68543,0.68804,0.69299,0.69868,0.69868,0.69868,0.69868,0.71188,0.71997,-1.4268,0.73008,0.73061,0.73061,0.74125,0.74125,0.74125,0.7519,0.7519,0.7519,0.76254,-1.7272,-1.4124,0.76786,0.77318,0.78383,0.78984,0.79447,0.80804,0.82246,0.83688,0.84768,0.85508,-1.398,0.8695,0.88392,0.89834,0.91277,0.92719,0.94161,0.95603,0.96476,0.97423,0.98865,-1.3942,1.0031,1.0073,1.0213,1.0286,1.0395,1.0499,1.0577,1.0721,1.0818,1.0903,-1.3798,1.1031,1.1085,1.1138,1.1267,1.135,1.135,1.1457,1.1524,1.1563,1.1563,-1.376,1.1563,1.1569,1.167,1.167,1.1776,1.1776,1.1776,1.1883,1.1883,1.1978,-1.3616,1.1989,1.2053,1.2095,1.2129,1.2202,1.2311,1.2455,1.2521,1.2647,1.2888,-1.3554,1.3032,1.3176,1.3375,1.3571,1.3715,1.386,1.3905,1.4042,1.4186,1.433,-1.3434,1.4474,1.4618,1.4763,1.4907,1.5133,1.5315,1.5603,1.5892,1.6201,1.6575,-1.3341,1.6959,1.7286,1.7718,1.8151,1.8477,1.891,1.9342,1.9775,2.0208,2.064,-1.3252,2.1025,2.1399,2.1725,2.2103,2.2392,2.268,2.2968,2.3157,-1.7128,-1.3107,-1.3022,-1.2925,-1.2781,-1.2703,-1.2599,-1.249,-1.2417,-1.2379,-1.2277,-1.6984,-1.2197,-1.216,-1.2064,-1.2064,-1.1958,-1.1958,-1.1958,-1.1933,-1.1851,-1.1851,-1.684,-1.1745,-1.1745,-1.1745,-1.1706,-1.1639,-1.1639,-1.1593,-1.1532,-1.1426,-1.1373,-1.6747,-1.1319,-1.1297,-1.1213,-1.1115,-1.1078,-1.0933,-1.0894,-1.0751,-1.0681,-1.0569,-1.6658,-1.0425,-1.0281,-1.0137,-1.0042,-0.99548,-0.98106,-0.96664,-0.95222,-0.9378,-0.92338,-1.6514,-0.90896,-0.89453,-0.88011,-0.86569,-0.85127,-0.83685,-0.82243,-0.80801,-0.79358,-0.77916,3.0,5.0
0.66625,0.52785,0.43559,1.4254,1.5407,1.6391,1.7314,1.819,1.8882,1.9574,2.0111,2.0572,2.1001,0.43267,2.1232,2.1463,2.1553,2.1474,2.1261,2.1261,2.0514,1.9842,1.8867,1.6578,0.41866,1.5655,1.456,1.3407,1.2254,1.1101,0.99472,0.86362,0.73486,0.61603,0.47763,0.40347,0.35968,0.23004,0.099819,-0.017555,-0.15595,-0.27537,-0.3907,-0.56647,-0.88297,-0.95217,0.40172,-1.0389,-1.1084,-1.1598,-1.229,-1.2538,-1.2929,-1.3192,-1.3192,-1.3192,-1.3192,0.37865,-1.3046,-1.273,-1.2269,-1.1808,-1.1154,-1.0462,-0.96998,-0.87771,-0.78545,-0.67537,0.37428,-0.57172,-0.47391,-0.35858,-0.24325,-0.12792,-0.012592,0.10683,0.24522,0.3626,0.47793,0.36172,0.59326,0.71121,0.84961,0.96844,1.0703,1.1699,1.2841,1.3763,1.4686,1.5489,0.34508,1.6122,1.6584,1.7273,1.7632,1.7968,1.8341,1.8341,1.8555,1.8482,1.8251,0.34508,1.7816,1.5971,1.492,1.4134,1.2987,1.0969,0.98158,0.86625,0.75092,0.63559,0.49107,0.34508,0.52026,0.40493,0.2896,0.16347,0.029745,-0.085585,-0.20092,-0.53289,-0.84034,-0.94925,0.32785,-1.0184,-1.1078,-1.186,-1.2474,-1.2935,-1.3396,-1.3857,-1.4193,-1.4424,-1.4652,0.31588,-1.4652,-1.4652,-1.4652,-1.4602,-1.4371,-1.4141,-1.3752,-1.3291,-1.2795,-1.2103,0.31588,-1.1411,-1.0719,-1.0027,-0.93144,-0.83917,-0.76589,-0.68384,-0.59158,-0.49873,-0.3834,0.31588,-0.28559,-0.18194,-0.071862,0.020402,0.13486,0.23413,0.33632,0.45165,0.56698,0.66158,0.29398,0.75384,0.84611,0.93837,1.0306,1.1036,1.1728,1.242,1.3112,1.3804,1.4318,0.28668,1.4779,1.5185,1.5416,1.5647,1.5714,1.5612,1.5381,1.515,1.3658,1.2639,0.27705,1.1684,1.0353,0.94304,0.85078,0.75851,0.67355,0.60318,0.51092,0.41866,0.33836,0.25398,0.26332,0.17106,0.078797,0.003175,-0.076534,-0.16442,-0.23362,-0.32413,-0.40121,-0.47946,0.23092,-0.5688,-0.638,-0.7072,-0.76267,-0.86954,-1.0871,-1.1101,-1.1332,-1.1563,-1.1793,0.49107,0.20785,-1.2024,-1.2255,-1.2316,-1.2316,-1.2316,-1.2316,-1.2316,-1.2161,-1.193,-1.1732,0.18478,-1.1732,-1.153,-1.13,-1.1069,-1.0821,-1.036,-1.0085,-0.9729,-0.92676,-0.88063,0.15354,-0.8345,-0.8056,-0.77143,-0.7253,-0.67917,-0.63304,-0.58691,-0.53114,-0.46544,-0.41931,0.10945,-0.37318,-0.32705,-0.28092,-0.23478,-0.18865,-0.14252,-0.096388,-0.056972,-0.033322,0.01281,0.086388,0.041424,0.06449,0.087556,0.11062,0.13369,0.15675,0.17982,0.20289,0.22595,0.22829,0.044343,0.24289,0.25749,0.25749,0.25749,0.25749,0.25749,0.25749,0.25749,0.25749,0.2753,-0.001789,0.28668,0.28668,0.28668,0.28668,0.28668,0.28668,0.28668,0.28668,0.28668,0.28668,-0.047921,0.27792,0.25749,0.25749,0.25749,0.25749,0.25749,0.25749,0.25749,0.25749,0.25749,-0.094053,0.25165,0.22858,0.22829,0.22829,0.22829,0.22829,0.22829,0.22829,0.22829,0.22829,-0.14018,0.22829,0.22829,0.22829,0.21456,0.19909,0.19909,0.19909,0.21748,0.49107,-0.20384,-0.26165,-0.31303,-0.38223,-0.47362,-0.54983,-0.61902,-0.69202,-0.78428,-0.85581,0.49107,-0.92501,-1.0027,-1.0926,-1.1618,-1.231,-1.3002,-1.3624,-1.4094,-1.4786,-1.53,0.46946,-1.5761,-1.6167,-1.6398,-1.6853,-1.7151,-1.7382,-1.7571,-1.7571,-1.7571,-1.7423,0.46187,-1.7192,-1.6961,-1.6731,-1.6304,-1.5709,-1.5017,-1.4325,-1.3633,-1.276,-1.1837,0.46187,-1.0856,-0.97027,-0.87771,-0.75216,-0.62428,-0.50457,-0.36617,-0.24909,-0.11858,0.019818,0.45866,0.15821,0.29661,0.41515,0.5442,0.6826,0.81954,0.93487,1.0686,1.1947,1.3101,2.0,2.0
-0.26934,-0.28628,-0.33918,-1.8147,-1.7977,-1.7808,-1.7639,-1.7428,-1.7174,-1.692,-1.6665,-1.6411,-1.6177,-0.34765,-1.6007,-1.5798,-1.5544,-1.5229,-1.489,-1.4633,-1.4379,-1.4125,-1.387,-1.3616,-0.35612,-1.3362,-1.3108,-1.2774,-1.2435,-1.2096,-1.1795,-1.1541,-1.1228,-1.089,-1.0551,-0.35849,-1.0212,-0.98733,-0.95345,-0.91958,-0.89134,-0.86593,-0.8328,-0.80026,-0.77485,-0.74944,-0.35849,-0.72403,-0.69312,-0.65924,-0.63294,-0.60872,-0.59178,-0.57157,-0.54617,-0.52076,-0.49535,-0.36667,-0.47737,-0.46043,-0.44349,-0.42655,-0.40961,-0.39267,-0.37573,-0.36607,-0.3576,-0.34913,-0.37514,-0.34066,-0.33219,-0.32372,-0.31525,-0.31392,-0.31317,-0.3047,-0.29906,-0.29906,-0.29415,-0.38361,-0.28569,-0.27722,-0.26875,-0.26028,-0.25181,-0.24334,-0.23487,-0.2264,-0.21109,-0.19415,-0.38821,-0.17721,-0.16027,-0.14333,-0.1264,-0.10946,-0.08583,-0.060718,-0.043779,-0.024462,0.000947,-0.38821,0.026356,0.051765,0.077174,0.10258,0.12799,0.15563,0.18951,0.21908,0.24449,0.2699,-0.30114,-0.39416,0.29531,0.32072,0.3482,0.38208,0.4118,0.43721,0.46886,0.50274,0.5283,0.55564,-0.40263,0.58952,0.6234,0.65727,0.68506,0.71047,0.74405,0.77793,0.81181,0.84182,0.86723,-0.40307,0.89859,0.93247,0.95832,0.98536,1.0192,1.0494,1.0748,1.1002,1.1256,1.151,-0.40307,1.1779,1.2118,1.2421,1.2675,1.2929,1.3184,1.336,1.3543,1.3797,1.4017,-0.40307,1.4187,1.4411,1.4665,1.4843,1.5013,1.5182,1.5384,1.5638,1.5785,1.587,-0.40307,1.6029,1.6198,1.6368,1.6506,1.6591,1.6675,1.676,1.6845,1.6921,1.6921,-0.40307,1.6921,1.6921,1.687,1.6785,1.6772,1.6765,1.668,1.6595,1.6511,1.6377,-0.40307,1.6207,1.6038,1.5869,1.5699,1.553,1.536,1.5143,1.4889,1.4704,1.453,-0.40307,1.4276,1.4022,1.3768,1.3467,1.3129,1.2857,1.26,1.2261,1.1946,1.1692,-0.40307,1.1393,1.1054,1.0715,1.0377,1.0038,0.96991,0.93603,0.90215,0.86827,0.8344,-0.30961,-0.40307,0.80052,0.77511,0.74762,0.71374,0.68402,0.65861,0.6332,0.60779,0.59071,0.57183,-0.40307,0.54643,0.52503,0.50809,0.49115,0.47421,0.46544,0.45697,0.4485,0.43617,0.41923,-0.40307,0.40824,0.39977,0.3913,0.38446,0.38446,0.38818,0.39665,0.39932,0.39932,0.39932,-0.40307,0.39932,0.39932,0.39932,0.39932,0.39932,0.39932,0.39932,0.39932,0.39932,0.39932,-0.39743,0.39932,0.39932,0.39932,0.39932,0.39932,0.39932,0.39932,0.39932,0.39932,0.39932,-0.38896,0.39189,0.38446,0.38446,0.38446,0.38446,0.38446,0.38446,0.38446,0.38446,0.38446,-0.38821,0.38446,0.38446,0.38446,0.38446,0.38446,0.3852,0.39367,0.39932,0.39932,0.39932,-0.38821,0.39932,0.39932,0.39932,0.39932,0.39932,0.39932,0.40408,0.41254,0.41418,0.41418,-0.38821,0.41418,0.41418,0.41418,0.41418,0.41418,0.41418,0.41418,0.41418,0.41418,0.41418,-0.38821,0.41418,0.41418,0.41418,0.41418,0.41418,0.41418,0.41418,0.40987,-0.31392,-0.38821,-0.4212,-0.47202,-0.52284,-0.57247,-0.61481,-0.64736,-0.6643,-0.68658,-0.71199,-0.31392,-0.72997,-0.74795,-0.77336,-0.80813,-0.85895,-0.89417,-0.91958,-0.94498,-0.97129,-1.0052,-0.32016,-1.048,-1.1072,-1.1514,-1.1853,-1.212,-1.2411,-1.3089,-1.3653,-1.3992,-1.4282,-0.32863,-1.4536,-1.5139,-1.5787,-1.6041,-1.6295,-1.655,-1.6994,-1.7587,-1.7838,-1.8012,-0.32878,-1.8266,-1.8596,-1.9104,-1.9566,-1.9989,-2.0145,-2.0212,-1.9789,-1.946,-1.9376,-0.33071,-1.9291,-1.9206,-1.9122,-1.9035,-1.8866,-1.8719,-1.8634,-1.8506,-1.8337,-1.8232,4.0,4.0
-2.1832,-2.1151,-1.8305,-0.77092,-0.7521,-0.74237,-0.73264,-0.71733,-0.70106,-0.69133,-0.6816,-0.67187,-0.66215,-1.7915,-0.65242,-0.64269,-0.63296,-0.62323,-0.6135,-0.60726,-0.60726,-0.60726,-0.59883,-0.59514,-1.7603,-0.59514,-0.59514,-0.59514,-0.58656,-0.58301,-0.58301,-0.58162,-0.57189,-0.57089,-0.56456,-1.7311,-0.55877,-0.55722,-0.54749,-0.53776,-0.52804,-0.51831,-0.50858,-0.49885,-0.48912,-0.47939,-1.7019,-0.46966,-0.45994,-0.45021,-0.43129,-0.41863,-0.4089,-0.39917,-0.38944,-0.37971,-0.36304,-1.6732,-0.34813,-0.3384,-0.32867,-0.31895,-0.31631,-0.31161,-0.30188,-0.29215,-0.29206,-0.28482,-1.6537,-0.27994,-0.27994,-0.27988,-0.27015,-0.26782,-0.26782,-0.26521,-0.25569,-0.25569,-0.24815,-1.6265,-0.23842,-0.22869,-0.21896,-0.20923,-0.1995,-0.18978,-0.18005,-0.1698,-0.15035,-0.13089,-1.6027,-0.11689,-0.1041,-0.08464,-0.065183,-0.045726,-0.026268,-0.003599,0.024769,0.044226,0.055531,-1.5832,0.071018,0.090475,0.10896,0.11869,0.13672,0.15027,0.16,0.16861,0.16861,0.17706,-2.0764,-1.5638,0.18679,0.19652,0.20498,0.20498,0.21358,0.2171,0.22092,0.23065,0.24037,0.2501,-1.5443,0.25347,0.25744,0.26559,0.26559,0.26559,0.26559,0.26971,0.27599,0.26626,0.26559,-1.5328,0.26559,0.26559,0.26371,0.25398,0.25347,0.25347,0.25347,0.2555,0.26523,0.26559,-1.5231,0.26559,0.27017,0.27771,0.27771,0.28723,0.29696,0.30669,0.31642,0.32614,0.33587,-1.5133,0.3456,0.35533,0.36506,0.37488,0.39434,0.40637,0.4161,0.42583,0.43555,0.44528,-1.5036,0.45501,0.46474,0.47447,0.4838,0.4838,0.49153,0.50126,0.51099,0.52017,0.52017,-1.4939,0.52805,0.53778,0.54751,0.55654,0.55654,0.56457,0.56866,0.57191,0.58079,0.58079,-1.4922,0.58897,0.59291,0.5963,0.60603,0.61576,0.62549,0.63522,0.64495,0.65468,0.6644,-1.4979,0.68262,0.69598,0.70571,0.71674,0.7362,0.74702,0.76299,0.78245,0.80045,0.81018,-1.5077,0.8287,0.84816,0.86361,0.87495,0.89441,0.90492,0.9212,0.9365,0.94623,0.95596,-2.0472,-1.5165,0.97478,0.98754,0.99297,0.99487,1.0046,1.0143,1.0241,1.0293,1.0314,1.0411,-1.5165,1.0415,1.0485,1.0536,1.0558,1.0655,1.0657,1.0657,1.0705,1.0778,1.0778,-1.5082,1.0778,1.0778,1.0827,1.0899,1.0899,1.0899,1.0899,1.0899,1.0899,1.0899,-1.4985,1.0899,1.0899,1.0899,1.0899,1.0899,1.0899,1.0899,1.0899,1.0899,1.0899,-1.4888,1.0899,1.0979,1.1021,1.1052,1.1142,1.1142,1.1223,1.132,1.1384,1.1393,-1.479,1.149,1.1588,1.1627,1.1661,1.1758,1.1856,1.1869,1.1869,1.1905,1.1991,-1.4693,1.1991,1.1991,1.1991,1.1991,1.1991,1.1991,1.2077,1.2112,1.2151,1.2248,-1.4512,1.2345,1.2442,1.254,1.2677,1.2856,1.2953,1.314,1.3334,1.3571,1.3845,-1.4377,1.4039,1.4325,1.4617,1.4952,1.5341,1.573,1.612,1.6509,1.6943,1.7429,-1.4244,1.7916,1.8496,1.901,1.9589,2.0247,2.0831,2.1511,2.2263,-2.018,-1.4062,-1.3964,-1.3782,-1.3648,-1.3514,-1.3333,-1.3235,-1.3051,-1.292,-1.2822,-1.9888,-1.2725,-1.2628,-1.253,-1.2433,-1.2336,-1.2255,-1.2255,-1.2165,-1.2134,-1.2092,-1.9596,-1.2013,-1.2013,-1.1921,-1.1892,-1.1892,-1.1872,-1.1775,-1.1677,-1.1649,-1.1604,-1.923,-1.1528,-1.1528,-1.1433,-1.1336,-1.1239,-1.1141,-1.1044,-1.0947,-1.085,-1.0752,-1.8891,-1.0631,-1.0437,-1.0339,-1.0242,-1.0095,-0.99262,-0.98271,-0.96325,-0.95131,-0.93646,-1.8599,-0.917,-0.89788,-0.88815,-0.87075,-0.85657,-0.84396,-0.82499,-0.81526,-0.79771,-0.78368,3.0,5.0
0.47838,0.39165,0.34328,0.95797,1.023,1.0881,1.1531,1.2182,1.2761,1.3212,1.3863,1.4332,1.4766,0.34328,1.5125,1.5363,1.5797,1.6046,1.6263,1.648,1.6672,1.6672,1.6484,1.6268,0.34328,1.6051,1.5834,1.5617,1.5209,1.4775,1.4257,1.3607,1.2956,1.2306,1.1514,0.34328,1.0735,1.005,0.91825,0.81173,0.71777,0.62192,0.51729,0.43055,0.32369,0.21528,0.34328,0.10687,-0.001549,-0.10996,-0.19791,-0.29977,-0.39839,-0.48958,-0.598,-0.68561,-0.75687,0.34328,-0.83205,-0.91399,-0.97903,-1.0229,-1.0663,-1.1097,-1.1479,-1.1696,-1.1913,-1.1968,0.34328,-1.1968,-1.1913,-1.1697,-1.148,-1.1263,-1.0935,-1.0559,-1.0337,-0.99038,-0.9302,0.34328,-0.87663,-0.82712,-0.76207,-0.69702,-0.63197,-0.56692,-0.50188,-0.43683,-0.37178,-0.30673,0.34328,-0.24168,-0.17663,-0.1101,-0.023367,0.045532,0.11058,0.18279,0.2677,0.33275,0.41596,0.34328,0.5027,0.58943,0.67616,0.76289,0.83111,0.92251,1.0231,1.1098,1.1965,1.2644,0.3703,0.34328,1.343,1.4215,1.4866,1.5516,1.6167,1.6679,1.7113,1.7546,1.798,1.8414,0.34328,1.8705,1.8922,1.9104,1.9104,1.8905,1.8689,1.838,1.7985,1.7768,1.7349,0.32559,1.6767,1.6212,1.5736,1.5086,1.4435,1.3785,1.3035,1.2213,1.1563,1.0704,0.3039,0.98364,0.88671,0.78315,0.69642,0.58848,0.49594,0.39867,0.29026,0.18184,0.073429,0.28924,-0.034985,-0.1434,-0.25181,-0.36023,-0.46864,-0.57706,-0.67426,-0.76099,-0.84772,-0.93445,0.28756,-1.0212,-1.1079,-1.1884,-1.2535,-1.3185,-1.3664,-1.4097,-1.4531,-1.4952,-1.5169,0.26587,-1.5386,-1.5481,-1.5549,-1.5735,-1.5518,-1.5123,-1.4815,-1.4525,-1.4092,-1.3658,0.24419,-1.3224,-1.2662,-1.2087,-1.1631,-1.0981,-1.0144,-0.94094,-0.86799,-0.78382,-0.71877,0.20981,-0.63481,-0.54808,-0.46135,-0.37462,-0.28788,-0.20115,-0.11442,-0.02769,0.059042,0.14577,0.17381,0.2325,0.31924,0.40597,0.48912,0.55417,0.63914,0.71128,0.78559,0.8684,0.93345,0.3703,0.1501,0.9985,1.0635,1.119,1.1624,1.2057,1.2491,1.2772,1.3088,1.3476,1.3693,0.10673,1.391,1.3814,1.3597,1.3381,1.3164,1.2947,1.273,1.2513,1.2244,1.181,0.063365,1.1593,1.1376,1.105,1.0616,1.0182,0.97486,0.93149,0.88812,0.83881,0.77377,0.019999,0.70872,0.64367,0.57862,0.51357,0.44852,0.38347,0.31843,0.24142,0.16131,0.09626,-0.023367,0.031212,-0.051467,-0.1259,-0.19791,-0.28302,-0.34807,-0.43109,-0.50519,-0.57023,-0.63528,-0.069097,-0.70033,-0.76538,-0.81746,-0.86083,-0.90419,-0.94756,-0.97228,-0.99396,-1.0156,-1.0347,-0.13415,-1.0347,-1.0537,-1.0481,-1.0347,-1.0317,-1.01,-1.0077,-1.0077,-1.0077,-1.0044,-0.18048,-0.98268,-0.98065,-0.98065,-0.98065,-0.98065,-0.98065,-0.98065,-0.98065,-0.97133,-0.95364,-0.23722,-0.95364,-0.95364,-0.95364,-0.95364,-0.95364,-0.95364,-0.97431,-0.98065,-0.98065,-0.98065,-0.30227,-0.98065,-0.98065,-0.98065,-0.97032,-0.94864,-0.92695,-0.90527,-0.8996,0.3703,-0.36732,-0.43237,-0.47837,-0.53545,-0.6005,-0.66554,-0.73059,-0.79564,-0.86069,-0.92574,0.36996,-0.99079,-1.0558,-1.1012,-1.1589,-1.2149,-1.2583,-1.3016,-1.3249,-1.3614,-1.3953,0.34828,-1.413,-1.413,-1.4334,-1.4249,-1.4032,-1.3816,-1.3599,-1.3382,-1.3011,-1.2678,0.34328,-1.2414,-1.198,-1.1547,-1.1113,-1.0679,-1.0195,-0.95445,-0.8894,-0.84043,-0.77558,0.34328,-0.69425,-0.6292,-0.56415,-0.48269,-0.39596,-0.31497,-0.24952,-0.16279,-0.076054,0.022093,0.34328,0.12443,0.21116,0.29789,0.38462,0.47135,0.55809,0.64374,0.70878,0.79126,0.87799,0.0,0.0
-1.1922,-1.9187,-1.7767,-0.83553,-0.83553,-0.82232,-0.82232,-0.82232,-0.82232,-0.8177,-0.80911,-0.80911,-0.79888,-1.7572,-0.7959,-0.78633,-0.78269,-0.77378,-0.76948,-0.76948,-0.75627,-0.75627,-0.74307,-0.74307,-1.7378,-0.72986,-0.72986,-0.72986,-0.71665,-0.71665,-0.71169,-0.70344,-0.68593,-0.67702,-0.66017,-1.7183,-0.6506,-0.63739,-0.62814,-0.62187,-0.61097,-0.59776,-0.58983,-0.58356,-0.56407,-0.5578,-1.6988,-0.54492,-0.53204,-0.52577,-0.50628,-0.50001,-0.49208,-0.47887,-0.46797,-0.4617,-0.45245,-1.6793,-0.43924,-0.42967,-0.42339,-0.41282,-0.41084,-0.39961,-0.38641,-0.38641,-0.3732,-0.3732,-1.6598,-0.35999,-0.35371,-0.34678,-0.33357,-0.33357,-0.32036,-0.30913,-0.30285,-0.29394,-0.28073,-1.6403,-0.28073,-0.26752,-0.26752,-0.25431,-0.25431,-0.2411,-0.2411,-0.22789,-0.22789,-0.22756,-1.6208,-0.21468,-0.21468,-0.20147,-0.20147,-0.18826,-0.18826,-0.17505,-0.17505,-0.16184,-0.1516,-1.6014,-0.14533,-0.13542,-0.13278,-0.12221,-0.12023,-0.109,-0.095793,-0.095793,-0.082583,-0.075648,-1.9187,-1.5819,-0.056164,-0.04989,-0.042955,-0.029745,-0.029745,-0.016535,-0.005307,0.000967,0.009884,0.023094,-1.5624,0.033001,0.049513,0.05876,0.065034,0.075932,0.089142,0.097068,0.10334,0.11556,0.12877,-1.5429,0.13538,0.14198,0.15519,0.15519,0.17368,0.18161,0.19482,0.20572,0.2252,0.23445,-1.5234,0.23775,0.24766,0.26087,0.26978,0.27606,0.28729,0.3005,0.3005,0.31371,0.32064,-1.5039,0.34012,0.3464,0.35333,0.36654,0.37843,0.38471,0.39296,0.40617,0.41674,0.43259,-1.4845,0.4425,0.45901,0.46826,0.47453,0.48543,0.49864,0.50657,0.52506,0.53233,0.5386,-1.465,0.55148,0.56436,0.5779,0.59012,0.60432,0.61588,0.63074,0.64163,0.66112,0.67037,-1.4455,0.68358,0.69315,0.69943,0.70999,0.7232,0.73146,0.73773,0.75722,0.77604,0.77604,-1.426,0.78925,0.80874,0.81567,0.82888,0.84077,0.84209,0.85332,0.8553,0.8553,0.8553,-1.4065,0.8553,0.8553,0.8553,0.8553,0.8553,0.8553,0.8553,0.8553,0.8553,0.85563,-1.9055,-1.387,0.86851,0.86851,0.86851,0.86851,0.87379,0.88172,0.88172,0.88172,0.88172,0.88172,-1.3676,0.88172,0.88172,0.88172,0.89064,0.89493,0.89493,0.89493,0.90253,0.90814,0.90814,-1.3481,0.92135,0.92135,0.9339,0.93456,0.94645,0.95272,0.97221,0.99169,1.0112,1.0307,-1.3286,1.0501,1.0564,1.0667,1.0799,1.0799,1.0799,1.0878,1.0931,1.0931,1.0934,-1.3223,1.1063,1.1063,1.1195,1.1317,1.138,1.1459,1.1591,1.1591,1.1723,1.1826,-1.3028,1.1888,1.1988,1.2146,1.2252,1.2404,1.2598,1.2661,1.2856,1.3051,1.3246,-1.2833,1.3441,1.3635,1.383,1.4025,1.422,1.4415,1.461,1.4804,1.4999,1.5194,-1.2639,1.5389,1.5584,1.5779,1.5974,1.6168,1.6363,1.6558,1.6753,1.6948,1.7143,-1.2576,1.7337,1.7532,1.7727,1.7922,1.8117,1.8196,1.8374,1.8569,1.8764,1.8959,-1.2381,1.9154,1.9349,1.9543,1.9738,1.9933,2.0128,2.0191,2.0386,-1.8936,-1.2186,-1.2123,-1.2054,-1.1998,-1.1922,-1.179,-1.179,-1.1747,-1.1658,-1.1658,-1.8741,-1.1559,-1.1526,-1.1526,-1.1394,-1.1394,-1.1261,-1.1261,-1.1252,-1.1129,-1.1126,-1.8547,-1.0997,-1.0997,-1.0865,-1.0865,-1.0733,-1.0617,-1.0555,-1.0469,-1.0429,-1.0337,-1.8352,-1.0172,-0.99768,-0.98084,-0.98084,-0.96763,-0.96763,-0.95442,-0.95442,-0.94121,-0.94121,-1.8157,-0.928,-0.928,-0.91545,-0.91479,-0.9029,-0.90158,-0.90158,-0.89729,-0.88837,-0.88837,-1.7962,-0.87846,-0.87516,-0.86591,-0.86195,-0.86195,-0.84874,-0.84874,-0.84874,-0.84148,-0.83553,3.0,5.0
-2.1614,-2.0687,-1.9561,-0.83873,-0.83139,-0.82929,-0.81479,-0.80029,-0.78579,-0.7713,-0.7568,-0.7423,-0.7278,-1.9433,-0.7133,-0.70426,-0.69409,-0.6847,-0.67487,-0.66514,-0.65565,-0.65093,-0.64558,-0.6358,-1.9288,-0.627,-0.62602,-0.61756,-0.60306,-0.59668,-0.58384,-0.56935,-0.55756,-0.55013,-0.538,-1.9143,-0.53091,-0.52619,-0.51169,-0.50698,-0.49248,-0.47798,-0.46348,-0.45876,-0.44426,-0.42976,-1.8998,-0.41527,-0.40077,-0.38627,-0.37177,-0.35727,-0.34277,-0.32828,-0.32285,-0.30906,-0.29456,-1.8853,-0.28006,-0.26556,-0.24129,-0.22679,-0.20251,-0.19571,-0.18065,-0.15165,-0.13244,-0.11046,-1.8708,-0.094003,-0.071681,-0.057182,-0.049016,-0.037965,-0.029457,-0.018748,-0.00425,-0.000118,-0.000118,-1.8563,-0.000118,-0.000118,-0.000118,-0.000118,-0.000118,-0.009898,-0.009898,-0.013834,-0.019677,-0.019677,-1.8485,-0.019677,-0.029457,-0.029457,-0.029457,-0.029457,-0.032024,-0.039237,-0.039237,-0.039237,-0.029457,-1.8371,-0.022856,-0.019677,-0.013418,-0.000118,0.005799,0.019442,0.025016,0.039514,0.048781,0.058732,-2.0636,-1.8226,0.07323,0.07812,0.092447,0.10695,0.12144,0.13594,0.1543,0.17472,0.18922,0.20372,-1.8081,0.21504,0.22293,0.24721,0.26171,0.28599,0.30049,0.31498,0.32948,0.34398,0.35848,-1.7936,0.3632,0.3777,0.40197,0.41647,0.43175,0.45525,0.46975,0.48425,0.49874,0.51324,-1.7888,0.51821,0.52799,0.53718,0.55168,0.56618,0.58067,0.58666,0.59011,0.59644,0.59644,-1.7744,0.60427,0.60899,0.616,0.61842,0.62578,0.63556,0.63556,0.63556,0.64202,0.64534,-1.7599,0.64534,0.64639,0.65512,0.65512,0.65512,0.65512,0.65512,0.6649,0.6649,0.6649,-1.7454,0.67468,0.67468,0.67468,0.67468,0.67468,0.67468,0.67468,0.67468,0.67468,0.67468,-1.7309,0.67468,0.67468,0.68446,0.68446,0.68446,0.69118,0.69424,0.69424,0.70402,0.70402,-1.7213,0.7138,0.7138,0.71444,0.72358,0.73336,0.73336,0.74309,0.74781,0.75292,0.7627,-1.7116,0.7627,0.77248,0.77248,0.77248,0.78084,0.78556,0.79204,0.80182,0.80949,0.8116,-2.0495,-1.5798,0.81893,0.82138,0.82138,0.83116,0.83116,0.84094,0.84724,0.85072,0.85668,0.8605,-1.5559,0.8605,0.87028,0.87028,0.88006,0.88499,0.88984,0.89443,0.89961,0.90387,0.90939,-1.5355,0.91331,0.91917,0.92895,0.93724,0.93873,0.93873,0.94851,0.94851,0.95106,0.95829,-1.5265,0.96049,0.96807,0.96993,0.97785,0.97785,0.97785,0.98763,0.98763,0.98846,0.99741,-1.4983,0.99741,1.0026,1.0072,1.0121,1.017,1.017,1.0262,1.0365,1.0454,1.0599,-1.478,1.0659,1.0791,1.1019,1.1179,1.1324,1.1469,1.1614,1.1759,1.1904,1.1951,-1.4537,1.2096,1.2241,1.2386,1.2531,1.2676,1.2821,1.2966,1.3111,1.3256,1.3303,-1.4308,1.3448,1.3593,1.3738,1.3883,1.4028,1.4173,1.422,1.4365,1.451,1.4655,-1.4149,1.48,1.4945,1.509,1.5235,1.5353,1.5428,1.5573,1.5717,1.5862,1.6007,-1.3924,1.6152,1.6297,1.6429,1.649,1.6635,1.678,1.6918,1.6918,-2.035,-1.3761,-1.3693,-1.3569,-1.3424,-1.3279,-1.3134,-1.2989,-1.2844,-1.2699,-1.2617,-2.0205,-1.2507,-1.2362,-1.2226,-1.217,-1.203,-1.203,-1.2028,-1.1932,-1.1932,-1.1932,-2.006,-1.1932,-1.1835,-1.1835,-1.1737,-1.1651,-1.1639,-1.1556,-1.1541,-1.1462,-1.1346,-1.9915,-1.127,-1.1223,-1.1078,-1.103,-1.0885,-1.0838,-1.0628,-1.0451,-1.0368,-1.0258,-1.977,-1.0113,-1.0066,-0.99212,-0.97762,-0.96831,-0.95853,-0.95369,-0.93919,-0.92469,-0.91019,-1.9625,-0.90547,-0.89098,-0.88626,-0.88029,-0.88029,-0.8721,-0.86738,-0.86073,-0.85095,-0.84345,3.0,5.0
-2.1221,-2.0602,-1.8342,-0.84548,-0.83517,-0.82486,-0.81033,-0.79356,-0.78325,-0.77604,-0.77332,-0.76301,-0.7527,-1.8032,-0.74239,-0.73331,-0.73246,-0.72215,-0.71184,-0.70153,-0.70127,-0.6916,-0.68129,-0.6799,-1.7723,-0.67135,-0.66105,-0.65074,-0.64043,-0.63012,-0.61981,-0.6095,-0.59919,-0.58888,-0.57858,-1.7414,-0.57307,-0.56864,-0.55833,-0.54802,-0.53771,-0.52741,-0.5171,-0.50679,-0.4983,-0.49685,-1.7159,-0.48655,-0.47624,-0.46593,-0.45562,-0.44531,-0.435,-0.42469,-0.42352,-0.41476,-0.40445,-1.6902,-0.39414,-0.38383,-0.37352,-0.36321,-0.35291,-0.3426,-0.33229,-0.32198,-0.31167,-0.30136,-1.6593,-0.29105,-0.28464,-0.28112,-0.27396,-0.27118,-0.26088,-0.2526,-0.25094,-0.24191,-0.24101,-1.6284,-0.2307,-0.22039,-0.21008,-0.20987,-0.20014,-0.18984,-0.17953,-0.16922,-0.16714,-0.15928,-1.6014,-0.15645,-0.14935,-0.13904,-0.13509,-0.12911,-0.1188,-0.10849,-0.098179,-0.087871,-0.077562,-1.5772,-0.067253,-0.056945,-0.046636,-0.03371,-0.015336,-0.005027,0.005282,0.016712,0.036582,0.04689,-2.0381,-1.5463,0.057199,0.067508,0.077816,0.088125,0.098434,0.10874,0.11905,0.12936,0.13967,0.15729,-1.5182,0.17097,0.18128,0.19159,0.20189,0.2122,0.22251,0.23282,0.24313,0.25344,0.26375,-1.4951,0.27406,0.28153,0.28399,0.29222,0.29393,0.3029,0.30386,0.31358,0.31379,0.3241,-1.4662,0.33441,0.34472,0.35503,0.36534,0.36699,0.37527,0.38558,0.39589,0.39904,0.40583,-1.4456,0.41613,0.42041,0.42607,0.43638,0.44669,0.457,0.46314,0.46693,0.47724,0.48755,-1.425,0.49519,0.49748,0.50779,0.5181,0.52841,0.53872,0.54903,0.55933,0.56964,0.56996,-1.4044,0.57958,0.58989,0.59133,0.59982,0.61013,0.62044,0.62338,0.63037,0.64068,0.64474,-1.3844,0.65062,0.66093,0.66611,0.66611,0.67049,0.67679,0.67679,0.67679,0.67967,0.68747,-1.3738,0.68747,0.68923,0.69815,0.69917,0.70948,0.71979,0.7301,0.7302,0.74003,0.75034,-1.3532,0.75157,0.76027,0.77058,0.78089,0.7912,0.80151,0.81182,0.82859,0.84312,0.85343,-2.0175,-1.3428,0.86373,0.87404,0.88435,0.89888,0.91565,0.92596,0.93627,0.94658,0.95689,0.9672,-1.3324,0.9775,0.98781,0.99812,1.0084,1.0188,1.0395,1.05,1.0603,1.0707,1.081,-1.3221,1.0998,1.1123,1.1226,1.1329,1.1361,1.1428,1.1531,1.1634,1.1682,1.1734,-1.3118,1.1789,1.1833,1.1896,1.1932,1.2002,1.2032,1.2135,1.2216,1.2234,1.2323,-1.3015,1.2323,1.233,1.243,1.243,1.2532,1.2438,1.243,1.243,1.243,1.243,-1.2912,1.243,1.243,1.2502,1.2536,1.2602,1.2643,1.2701,1.2804,1.2907,1.2964,-1.2888,1.3007,1.311,1.3177,1.3209,1.3312,1.3415,1.3498,1.3514,1.3605,1.3614,-1.2888,1.3712,1.3713,1.3816,1.3919,1.4022,1.4126,1.4229,1.4332,1.4435,1.4538,-1.2817,1.4716,1.4851,1.5021,1.5164,1.5327,1.5533,1.5739,1.5994,1.6258,1.6464,-1.2781,1.6671,1.6843,1.6976,1.7182,1.7366,1.7469,1.7572,1.7675,-1.9969,-1.2781,-1.2781,-1.2781,-1.2728,-1.2674,-1.2629,-1.2568,-1.253,-1.2461,-1.2461,-1.9674,-1.2434,-1.2354,-1.2335,-1.2247,-1.2235,-1.214,-1.2136,-1.2033,-1.2033,-1.2033,-1.9449,-1.1937,-1.1927,-1.1927,-1.1842,-1.182,-1.182,-1.182,-1.175,-1.1713,-1.1651,-1.9163,-1.1606,-1.1551,-1.1499,-1.1452,-1.1393,-1.1352,-1.1249,-1.1179,-1.115,-1.1047,-1.893,-1.0965,-1.0948,-1.0844,-1.0741,-1.0632,-1.0428,-1.0325,-1.0222,-1.0119,-0.99215,-1.8651,-0.98062,-0.97031,-0.95167,-0.93901,-0.92111,-0.90771,-0.8974,-0.88063,-0.8661,-0.85579,3.0,5.0
0.26375,0.30216,0.28355,0.46174,0.53857,0.61539,0.69221,0.76903,0.84586,0.92268,0.9995,1.0613,1.1333,0.28355,1.1963,1.2539,1.3115,1.3692,1.4153,1.4537,1.4921,1.5208,1.54,1.5507,0.28355,1.5507,1.5434,1.5175,1.4852,1.4604,1.422,1.3793,1.3216,1.264,1.2038,0.28355,1.127,1.0502,0.97257,0.87674,0.79992,0.70429,0.60826,0.51223,0.41621,0.33661,0.28355,0.24395,0.14792,0.051893,-0.044135,-0.14016,-0.23619,-0.31994,-0.40845,-0.49339,-0.5807,0.28355,-0.66683,-0.74366,-0.82048,-0.88918,-0.95432,-1.0311,-1.1016,-1.165,-1.2367,-1.2943,0.28355,-1.3519,-1.4095,-1.4671,-1.5226,-1.561,-1.5994,-1.6374,-1.6566,-1.6948,-1.6964,0.28355,-1.7142,-1.7334,-1.736,-1.72,-1.7162,-1.7014,-1.6822,-1.6493,-1.6239,-1.5798,0.28355,-1.5341,-1.4844,-1.4267,-1.3691,-1.302,-1.2252,-1.1484,-1.0715,-0.99471,-0.91789,0.27503,-0.84107,-0.76425,-0.68267,-0.5908,-0.51398,-0.43716,-0.36034,-0.28173,-0.18689,-0.10947,0.30335,0.26375,-0.013446,0.063377,0.15881,0.25484,0.33344,0.4271,0.52312,0.60351,0.69538,0.77695,0.26375,0.85378,0.9306,1.0074,1.0842,1.1611,1.227,1.2949,1.362,1.4197,1.4688,0.26375,1.5151,1.558,1.584,1.6163,1.6355,1.6547,1.6739,1.6893,1.6893,1.6893,0.26375,1.6873,1.6681,1.6481,1.6097,1.5713,1.5141,1.4565,1.3812,1.3214,1.2474,0.26375,1.1706,1.0785,0.99713,0.9203,0.83002,0.73399,0.65024,0.56173,0.4657,0.35918,0.26375,0.25385,0.15782,0.061793,-0.034235,-0.12274,-0.20649,-0.30252,-0.39281,-0.46963,-0.54645,0.26375,-0.62327,-0.7001,-0.77415,-0.83394,-0.90918,-0.9668,-1.0244,-1.082,-1.1396,-1.1973,0.26375,-1.2549,-1.2953,-1.3337,-1.3721,-1.4105,-1.4341,-1.4675,-1.4923,-1.5115,-1.5307,0.26058,-1.5499,-1.5691,-1.5776,-1.5776,-1.5776,-1.5687,-1.5578,-1.5578,-1.5507,-1.5315,0.24395,-1.5123,-1.4877,-1.4493,-1.4109,-1.3725,-1.3341,-1.2933,-1.2357,-1.1781,-1.1204,0.30335,0.24197,-1.0628,-1.0052,-0.94759,-0.87196,-0.81256,-0.73811,-0.66129,-0.60011,-0.52744,-0.45062,0.22276,-0.3738,-0.29698,-0.22015,-0.14333,-0.066509,0.010314,0.087136,0.16396,0.23167,0.2978,0.20356,0.37463,0.44412,0.50847,0.57916,0.63677,0.69439,0.75201,0.80962,0.86724,0.92486,0.18435,0.98247,1.0401,1.0977,1.1551,1.1935,1.2319,1.2704,1.3088,1.3472,1.3692,0.16515,1.3884,1.4076,1.4268,1.446,1.4652,1.4715,1.4715,1.4598,1.4517,1.4412,0.14594,1.4121,1.3737,1.3353,1.2969,1.2585,1.2131,1.1555,1.0979,1.0403,0.98267,0.10852,0.92506,0.86744,0.80982,0.75003,0.67479,0.61717,0.55995,0.52154,0.48313,0.44472,0.08773,0.40631,0.36789,0.34612,0.32691,0.3077,0.2885,0.26929,0.25009,0.23088,0.21168,0.051497,0.19247,0.17326,0.15406,0.14495,0.15445,0.16475,0.16475,0.16475,0.15762,0.14495,0.013086,0.14495,0.14495,0.1402,0.12515,0.12515,0.12515,0.12515,0.12515,0.30335,-0.009486,-0.043937,-0.082348,-0.12076,-0.17263,-0.21738,-0.25579,-0.30589,-0.3635,-0.41063,0.28652,-0.45894,-0.51655,-0.57417,-0.62367,-0.6696,-0.72722,-0.7785,-0.82266,-0.88027,-0.93789,0.28355,-0.99155,-1.0333,-1.0909,-1.1464,-1.1848,-1.2232,-1.2616,-1.3,-1.3384,-1.3584,0.28355,-1.3598,-1.377,-1.3796,-1.3636,-1.3444,-1.3252,-1.306,-1.2731,-1.2347,-1.1838,0.28355,-1.1381,-1.0884,-1.0307,-0.96304,-0.88621,-0.80939,-0.73257,-0.65575,-0.57179,-0.4823,0.28355,-0.39954,-0.30886,-0.22728,-0.13125,-0.038789,0.041003,0.13466,0.21148,0.28949,0.38492,0.0,0.0
-0.6187,-0.6187,-0.6187,-1.4848,-1.4691,-1.4533,-1.4348,-1.4111,-1.3919,-1.3762,-1.354,-1.3303,-1.3067,-0.6187,-1.283,-1.2593,-1.2356,-1.2119,-1.1883,-1.1646,-1.1409,-1.1172,-1.0935,-1.0699,-0.6187,-1.0462,-1.0225,-0.99883,-0.97515,-0.95147,-0.92779,-0.90677,-0.89098,-0.87072,-0.84704,-0.62352,-0.82336,-0.79968,-0.77601,-0.75435,-0.73857,-0.71894,-0.69526,-0.67724,-0.66145,-0.63819,-0.63142,-0.61591,-0.60012,-0.58112,-0.55744,-0.53879,-0.52301,-0.50722,-0.49143,-0.47565,-0.45728,-0.63267,-0.4336,-0.41432,-0.39853,-0.38275,-0.36696,-0.35118,-0.33539,-0.3196,-0.30382,-0.28803,-0.63323,-0.27224,-0.25646,-0.24067,-0.22356,-0.19988,-0.17934,-0.16356,-0.14281,-0.11913,-0.10223,-0.64112,-0.085744,-0.062065,-0.038385,-0.014706,0.004642,0.020429,0.042362,0.066041,0.08972,0.1134,-0.64664,0.13708,0.16076,0.18444,0.20812,0.2318,0.26281,0.29312,0.3168,0.34048,0.36416,-0.64664,0.39273,0.4243,0.45588,0.48682,0.5105,0.53662,0.5682,0.59977,0.63134,0.66291,-0.6187,-0.64664,0.69448,0.72606,0.75763,0.7892,0.82077,0.85235,0.88392,0.91549,0.94706,0.97745,-0.64664,1.0011,1.0278,1.0594,1.0861,1.1098,1.1335,1.1572,1.1809,1.2045,1.2282,-0.65265,1.2519,1.2756,1.2932,1.309,1.3326,1.3546,1.3704,1.3826,1.3905,1.4037,-0.66054,1.4195,1.4281,1.436,1.4439,1.4518,1.4597,1.4676,1.4755,1.4834,1.4908,-0.66844,1.4908,1.4931,1.501,1.5047,1.5047,1.5047,1.5047,1.5047,1.5047,1.5047,-0.67633,1.5047,1.5047,1.5047,1.5047,1.4976,1.4908,1.4908,1.4879,1.48,1.4721,-0.68422,1.4642,1.4563,1.4484,1.4406,1.4327,1.4248,1.4128,1.397,1.3813,1.3655,-0.69212,1.3497,1.3339,1.3181,1.2989,1.2752,1.2515,1.2279,1.2112,1.1945,1.1708,-0.70001,1.1471,1.1234,1.0998,1.0761,1.0524,1.0287,1.005,0.97919,0.94762,0.92003,-0.70252,0.89635,0.87267,0.84899,0.83293,0.81561,0.79193,0.76825,0.74457,0.72606,0.71027,-0.6187,-0.70252,0.69448,0.67779,0.65411,0.63316,0.61737,0.60158,0.5858,0.57001,0.5545,0.54661,-0.71691,0.53662,0.52084,0.50896,0.50107,0.48745,0.47166,0.46342,0.45553,0.44763,0.43974,-0.73046,0.43185,0.42395,0.41606,0.40817,0.40027,0.39238,0.38714,0.38714,0.38267,0.37478,-0.73046,0.37317,0.37296,0.36507,0.3592,0.3592,0.3592,0.3592,0.36486,0.37275,0.37317,-0.74513,0.37317,0.37317,0.37317,0.37317,0.37317,0.37317,0.38002,0.38714,0.38714,0.38714,-0.7846,0.38714,0.38714,0.38714,0.38714,0.38714,0.38714,0.38714,0.38714,0.38714,0.38714,-0.83356,0.39273,0.40062,0.40111,0.40111,0.40111,0.40111,0.40111,0.40111,0.40111,0.40789,-0.88881,0.41508,0.41508,0.41508,0.41508,0.41508,0.41508,0.42123,0.42905,0.42905,0.42905,-0.91124,0.42905,0.42905,0.42905,0.42905,0.42905,0.42905,0.43031,0.4382,0.44302,0.44302,-0.92702,0.44302,0.44302,0.44973,0.45699,0.45699,0.45944,0.46733,0.47522,-0.6187,-0.94281,-0.9609,-0.98458,-1.0247,-1.08,-1.1115,-1.1352,-1.1589,-1.1876,-1.2349,-0.6187,-1.2718,-1.2955,-1.3245,-1.356,-1.4019,-1.4461,-1.4698,-1.4992,-1.5386,-1.5687,-0.6187,-1.5924,-1.6096,-1.6258,-1.6495,-1.6776,-1.7171,-1.7404,-1.7483,-1.7679,-1.7916,-0.6187,-1.7922,-1.7922,-1.7922,-1.7888,-1.7809,-1.773,-1.7651,-1.7572,-1.7503,-1.7503,-0.6187,-1.7475,-1.7396,-1.7317,-1.7238,-1.7159,-1.7077,-1.6919,-1.6783,-1.6704,-1.6585,-0.6187,-1.6427,-1.6269,-1.6111,-1.603,-1.5935,-1.5777,-1.562,-1.5462,-1.5252,-1.5015,4.0,4.0
-0.65965,-0.65965,-0.67644,-1.3228,-1.3877,-1.4107,-1.4337,-1.4769,-1.5574,-1.5867,-1.6295,-1.6985,-1.7675,-0.67644,-1.813,-1.836,-1.859,-1.9092,-1.9706,-1.9821,-2.0399,-2.1058,-2.1173,-2.1288,-0.67644,-2.1101,-2.0181,-1.9931,-1.9773,-1.9543,-1.9313,-1.9083,-1.8853,-1.8509,-1.8225,-0.67644,-1.7987,-1.7642,-1.7297,-1.6952,-1.6607,-1.6262,-1.5917,-1.5572,-1.5138,-1.4714,-0.67644,-1.4369,-1.3926,-1.3466,-1.3006,-1.2546,-1.2141,-1.1794,-1.1334,-1.0874,-1.0414,-0.68106,-0.99541,-0.95671,-0.9202,-0.8742,-0.8282,-0.7822,-0.7362,-0.69936,-0.66099,-0.615,-0.69256,-0.569,-0.52778,-0.49328,-0.44779,-0.4075,-0.37258,-0.32658,-0.28721,-0.25271,-0.21822,-0.70406,-0.18372,-0.14922,-0.11472,-0.088697,-0.062508,-0.028009,-0.002911,0.024202,0.058701,0.082875,-0.71002,0.10084,0.11234,0.13509,0.15808,0.18041,0.19191,0.20341,0.21651,0.23951,0.2547,-0.71027,0.2662,0.2777,0.2892,0.3007,0.3122,0.33335,0.35198,0.36348,0.37498,0.39177,-0.65965,-0.72177,0.41477,0.42627,0.44398,0.46606,0.47756,0.49619,0.51919,0.54219,0.56519,0.58819,-0.7268,0.61119,0.64317,0.67767,0.71217,0.74667,0.78117,0.81567,0.85016,0.88466,0.91941,-0.7268,0.96541,1.0049,1.0394,1.0739,1.1084,1.1429,1.1774,1.2119,1.2464,1.2809,-0.7268,1.3062,1.3292,1.3522,1.3752,1.3982,1.4212,1.4442,1.4614,1.4729,1.4844,-0.71942,1.5026,1.5242,1.5357,1.5472,1.5563,1.5563,1.5649,1.5764,1.5879,1.5994,-0.71002,1.6067,1.6067,1.6171,1.6235,1.6235,1.6348,1.6463,1.6578,1.6693,1.6808,-0.71002,1.6906,1.6906,1.6985,1.7074,1.7074,1.6986,1.6871,1.6756,1.6739,1.6694,-0.71002,1.6579,1.6464,1.6349,1.6233,1.6003,1.5836,1.5721,1.5606,1.5419,1.5208,-0.71002,1.5093,1.4897,1.4667,1.4437,1.4207,1.3977,1.3747,1.3517,1.324,1.2895,-0.71002,1.2659,1.2373,1.2028,1.1683,1.1338,1.0993,1.0648,1.0228,0.97901,0.94451,-0.65965,-0.70078,0.91001,0.87551,0.84101,0.80652,0.77202,0.73752,0.71326,0.68531,0.65081,0.62747,-0.69323,0.5986,0.56469,0.54169,0.51869,0.49569,0.47269,0.44969,0.42669,0.40369,0.38069,-0.69323,0.35433,0.31984,0.30447,0.28869,0.26569,0.2427,0.2249,0.2134,0.19049,0.17361,-0.69323,0.16295,0.16295,0.1559,0.1444,0.1329,0.13735,0.14885,0.16035,0.16295,0.16656,-0.68836,0.17806,0.17974,0.17974,0.17974,0.17974,0.1852,0.19653,0.19653,0.20291,0.21332,-0.67686,0.21332,0.22062,0.23212,0.24362,0.24689,0.24983,0.26133,0.27283,0.28433,0.29583,-0.67644,0.29726,0.30204,0.31354,0.31404,0.31975,0.33083,0.33083,0.33083,0.33083,0.33083,-0.67065,0.33083,0.33083,0.33083,0.32235,0.31404,0.31404,0.31404,0.31404,0.31404,0.31404,-0.65915,0.31404,0.31404,0.31404,0.31404,0.31404,0.31404,0.31404,0.31404,0.31404,0.31404,-0.64765,0.31404,0.31404,0.32277,0.33083,0.33083,0.32118,0.31404,0.31404,-0.65965,-0.64286,-0.64144,-0.62994,-0.62608,-0.62373,-0.61223,-0.60929,-0.60601,-0.59451,-0.5925,-0.65965,-0.5925,-0.5925,-0.5925,-0.5925,-0.5925,-0.5925,-0.59854,-0.60929,-0.60929,-0.60929,-0.65965,-0.60929,-0.60929,-0.60929,-0.60929,-0.60929,-0.60929,-0.60929,-0.60929,-0.60929,-0.60484,-0.65965,-0.59334,-0.5925,-0.5925,-0.5925,-0.5925,-0.5925,-0.5925,-0.5925,-0.59972,-0.60929,-0.66771,-0.60929,-0.60929,-0.62356,-0.68106,-0.70229,-0.7289,-0.7864,-0.8439,-0.8873,-0.91029,-0.67644,-0.97694,-1.0234,-1.0464,-1.0694,-1.0924,-1.1192,-1.1767,-1.2118,-1.2348,-1.2578,4.0,4.0
-2.0817,-1.946,-1.6498,-0.82026,-0.80598,-0.79171,-0.77743,-0.76315,-0.75575,-0.74861,-0.74147,-0.73433,-0.72719,-1.6284,-0.72005,-0.71291,-0.70577,-0.69864,-0.6915,-0.68436,-0.67722,-0.67008,-0.66294,-0.66018,-1.607,-0.66018,-0.65433,-0.64738,-0.64738,-0.64571,-0.63857,-0.63457,-0.63457,-0.62996,-0.62282,-1.5855,-0.62177,-0.62135,-0.61421,-0.60896,-0.60896,-0.6056,-0.59846,-0.59132,-0.58418,-0.57704,-1.5641,-0.5699,-0.56276,-0.55562,-0.54848,-0.54134,-0.5342,-0.52706,-0.51992,-0.51278,-0.50564,-1.5427,-0.4985,-0.49137,-0.48423,-0.47709,-0.46995,-0.46281,-0.45567,-0.44853,-0.44139,-0.43425,-1.5213,-0.42711,-0.41997,-0.41283,-0.40569,-0.39304,-0.37877,-0.37147,-0.36433,-0.35719,-0.34726,-1.506,-0.33298,-0.32296,-0.31582,-0.30295,-0.28867,-0.27439,-0.26012,-0.24584,-0.23156,-0.21728,-1.4917,-0.19852,-0.1771,-0.16163,-0.14707,-0.12565,-0.10599,-0.091712,-0.0742,-0.052781,-0.036069,-1.4774,-0.02179,-0.007511,0.006768,0.021047,0.035326,0.049605,0.063884,0.078163,0.087512,0.094652,-1.8325,-1.4631,0.10819,0.12174,0.12888,0.13822,0.1525,0.1631,0.17024,0.17738,0.18452,0.19829,-1.4489,0.21161,0.21874,0.22588,0.23302,0.24016,0.2473,0.25444,0.26158,0.27557,0.28867,-1.438,0.29581,0.30295,0.31009,0.32136,0.33563,0.34431,0.35145,0.35859,0.36573,0.37287,-1.4308,0.38289,0.39717,0.40709,0.41423,0.42137,0.42867,0.44295,0.4556,0.46274,0.46988,-1.4237,0.47702,0.48416,0.49129,0.49843,0.50557,0.51271,0.518,0.518,0.52133,0.52847,-1.4166,0.5356,0.54274,0.54361,0.54422,0.55136,0.5585,0.56564,0.56922,0.56922,0.57425,-1.4094,0.58139,0.58853,0.59483,0.59483,0.59714,0.60428,0.61142,0.61856,0.6257,0.63284,-1.403,0.63998,0.64817,0.66245,0.6742,0.68134,0.68848,0.69562,0.70823,0.72251,0.72984,-1.403,0.73826,0.75254,0.76682,0.7811,0.79115,0.79829,0.81113,0.82541,0.83969,0.85246,-1.403,0.8596,0.86972,0.884,0.89828,0.91256,0.92091,0.92805,0.93519,0.94406,0.95834,-1.8039,-1.403,0.96942,0.97656,0.9837,0.99084,0.99798,1.0051,1.0123,1.0194,1.0265,1.0337,-1.403,1.0408,1.0529,1.0671,1.075,1.0822,1.0893,1.0965,1.1036,1.1107,1.1179,-1.403,1.1199,1.1199,1.1265,1.1336,1.1408,1.1455,1.1455,1.1494,1.1565,1.1583,-1.3979,1.1583,1.1651,1.1723,1.1794,1.1839,1.1839,1.188,1.1952,1.1967,1.1967,-1.3907,1.1967,1.1981,1.2052,1.2095,1.2095,1.2095,1.2095,1.2095,1.2095,1.2095,-1.3901,1.2111,1.2183,1.2223,1.2223,1.2223,1.2223,1.2223,1.2223,1.2223,1.2242,-1.3901,1.2313,1.2351,1.2351,1.2399,1.2471,1.2542,1.2613,1.2685,1.2777,1.2919,-1.3901,1.3027,1.3098,1.322,1.3363,1.357,1.3776,1.3919,1.4085,1.4299,1.4513,-1.3878,1.4727,1.4941,1.5155,1.537,1.5574,1.5716,1.5884,1.6098,1.6273,1.6416,-1.3806,1.6504,1.6575,1.6716,1.6846,1.6918,1.6989,1.706,1.7048,-1.7783,-1.3735,-1.3664,-1.3592,-1.3521,-1.3449,-1.3378,-1.3307,-1.3235,-1.3164,-1.3092,-1.7569,-1.3021,-1.295,-1.2878,-1.2877,-1.2863,-1.2792,-1.2721,-1.2649,-1.2578,-1.2507,-1.7355,-1.2493,-1.2492,-1.242,-1.2349,-1.2278,-1.2237,-1.2237,-1.2191,-1.212,-1.2049,-1.714,-1.1977,-1.1906,-1.1835,-1.1763,-1.1692,-1.162,-1.1549,-1.1478,-1.1344,-1.1201,-1.6926,-1.1058,-1.0936,-1.0864,-1.0758,-1.0615,-1.0473,-1.033,-1.0187,-1.0044,-0.99014,-1.6712,-0.97362,-0.9522,-0.9345,-0.92022,-0.90594,-0.89166,-0.87738,-0.8631,-0.84882,-0.83454,3.0,5.0
-0.82187,-0.78468,-0.77228,-1.9748,-1.9432,-1.8998,-1.8676,-1.8484,-1.8043,-1.7603,-1.7163,-1.6723,-1.6283,-0.77228,-1.5843,-1.5279,-1.5037,-1.4523,-1.3959,-1.3379,-1.2719,-1.2059,-1.1523,-1.0862,-0.77228,-1.0574,-0.9914,-0.93778,-0.8758,-0.83055,-0.77538,-0.73137,-0.69976,-0.68054,-0.63653,-0.77228,-0.59252,-0.54851,-0.5045,-0.46049,-0.42702,-0.39262,-0.36317,-0.34644,-0.30243,-0.27082,-0.77228,-0.2454,-0.211,-0.1766,-0.14437,-0.13259,-0.10593,-0.076181,-0.054176,-0.019774,-0.003658,-0.77228,0.014938,0.046241,0.068246,0.070725,0.087461,0.10947,0.13147,0.14108,0.16308,0.1699,-0.77724,0.1823,0.19191,0.20151,0.20709,0.21949,0.23034,0.23995,0.24955,0.25916,0.28117,-0.78468,0.29077,0.31278,0.33106,0.34439,0.35586,0.36361,0.37322,0.39522,0.41722,0.43923,-0.79645,0.44884,0.47084,0.49223,0.50246,0.52446,0.54646,0.57033,0.60287,0.62488,0.65928,-0.80606,0.67818,0.70329,0.72529,0.7473,0.7693,0.79131,0.81331,0.83532,0.85732,0.86693,-0.78468,-0.80947,0.88894,0.90133,0.92055,0.94255,0.96332,0.97417,0.99617,1.011,1.0402,1.0622,-0.80947,1.0842,1.1062,1.1282,1.1493,1.1598,1.1694,1.1914,1.2134,1.2354,1.2574,-0.82187,1.2794,1.3015,1.3111,1.3331,1.3625,1.3895,1.4115,1.4335,1.4555,1.4651,-0.82187,1.484,1.4964,1.5063,1.5159,1.5336,1.5475,1.5584,1.5667,1.5708,1.5832,-0.82187,1.5832,1.5832,1.5956,1.5956,1.608,1.6188,1.6284,1.6452,1.66,1.682,-0.81722,1.6947,1.6947,1.691,1.67,1.6594,1.6374,1.6328,1.6204,1.6086,1.5956,-0.80947,1.577,1.5674,1.5454,1.5234,1.5138,1.4917,1.4697,1.4477,1.4171,1.3913,-0.80947,1.3569,1.3346,1.3104,1.2909,1.2689,1.2345,1.2125,1.1821,1.1561,1.0799,-0.79707,0.91373,0.89172,0.86972,0.84772,0.82571,0.80371,0.7941,0.77209,0.74761,0.67942,-0.79119,0.64719,0.62209,0.58769,0.56568,0.53314,0.50927,0.47487,0.44047,0.41846,0.38747,-0.78468,-0.78468,0.36206,0.33664,0.30565,0.28365,0.26164,0.22724,0.21763,0.19563,0.1823,0.16401,-0.78437,0.15441,0.13271,0.12279,0.10079,0.095519,0.081573,0.070725,0.070725,0.058328,0.058328,-0.77228,0.058328,0.067936,0.070725,0.070725,0.083122,0.083122,0.09118,0.095519,0.095519,0.095519,-0.77228,0.083122,0.083122,0.086841,0.095519,0.095519,0.10792,0.12031,0.12031,0.13209,0.13271,-0.75988,0.13271,0.14511,0.14511,0.14511,0.15751,0.15751,0.15751,0.15751,0.1699,0.1699,-0.75988,0.1668,0.15751,0.15751,0.15751,0.14511,0.14511,0.14511,0.13271,0.13271,0.13271,-0.75988,0.13271,0.13271,0.13271,0.13271,0.13271,0.13271,0.13271,0.13271,0.13271,0.13271,-0.74749,0.13271,0.13271,0.13271,0.13271,0.13271,0.13271,0.13271,0.13271,0.13271,0.13271,-0.74749,0.13271,0.13271,0.14511,0.14511,0.14511,0.14511,0.14511,0.14511,0.14511,0.14511,-0.73509,0.14511,0.14511,0.14511,0.16463,0.1699,0.1699,0.1699,0.1699,-0.78468,-0.73509,-0.72269,-0.72269,-0.72269,-0.72269,-0.72269,-0.71463,-0.71029,-0.70781,-0.6979,-0.78468,-0.6979,-0.6979,-0.69418,-0.6855,-0.6855,-0.6855,-0.68054,-0.6731,-0.6731,-0.66411,-0.78468,-0.66071,-0.70719,-0.81381,-0.90648,-0.97807,-1.0187,-1.0735,-1.1061,-1.1715,-1.2245,-0.77941,-1.2558,-1.2824,-1.4045,-1.4792,-1.5378,-1.654,-1.676,-1.7315,-1.7696,-1.7916,-0.77228,-1.8136,-1.8976,-1.9469,-1.9912,-2.0008,-2.0662,-2.1347,-2.228,-2.2922,-2.2602,-0.77228,-2.2289,-2.2038,-2.1818,-2.1598,-2.1378,-2.1158,-2.1013,-2.0718,-2.038,-2.0064,4.0,4.0
0.69896,0.66664,0.65196,1.4392,1.2395,1.0045,0.87521,0.74596,0.60789,0.44633,0.3112,0.18195,0.052692,0.65196,-0.076561,-0.29394,-0.61707,-0.71401,-0.81095,-0.90496,-0.96958,-1.0136,-1.0518,-1.1165,0.65196,-1.1576,-1.1899,-1.2222,-1.2281,-1.2281,-1.2281,-1.2281,-1.2134,-1.1811,-1.1488,0.65196,-1.1165,-1.0841,-1.0518,-0.99896,-0.94021,-0.90789,-0.82858,-0.74045,-0.67583,-0.58476,0.65196,-0.48782,-0.39088,-0.29394,-0.197,-0.10006,-0.003122,0.093818,0.1937,0.32295,0.43164,0.65196,0.53445,0.66371,0.76946,0.8664,0.96334,1.0603,1.1572,1.2542,1.3511,1.4334,0.65196,1.498,1.5626,1.6272,1.6889,1.7212,1.7535,1.7859,1.8182,1.827,1.8182,0.65196,1.7859,1.4627,1.1807,1.0838,0.98684,0.83115,0.60496,0.50802,0.39345,0.25538,0.65196,0.029191,-0.11475,-0.27632,-0.7287,-0.89908,-0.96371,-1.0283,-1.093,-1.1458,-1.1782,0.65196,-1.2105,-1.2428,-1.2751,-1.3074,-1.3221,-1.3221,-1.3221,-1.3221,-1.3221,-1.3221,0.65196,0.65196,-1.2986,-1.2663,-1.234,-1.2017,-1.1693,-1.137,-1.1047,-1.0577,-0.99308,-0.96077,0.65196,-0.91083,-0.84621,-0.78158,-0.71695,-0.65233,-0.5877,-0.52307,-0.45845,-0.39382,-0.32919,0.65196,-0.25282,-0.15588,-0.088312,-0.023685,0.040942,0.13788,0.2172,0.28182,0.34645,0.41108,0.65196,0.4757,0.54033,0.60496,0.66958,0.73421,0.79884,0.86346,0.92809,0.96334,1.0103,0.65196,1.075,1.1073,1.1572,1.2189,1.2512,1.2835,1.31,1.31,1.3335,1.3658,0.64314,1.3981,1.404,1.4157,1.448,1.451,1.4657,1.498,1.498,1.498,1.4862,0.61083,1.357,1.31,1.3041,1.2718,1.075,0.86934,0.80471,0.74008,0.67546,0.61083,0.39345,0.5462,0.46689,0.36995,0.30532,0.22307,0.12907,0.064442,-0.24694,-0.62883,-0.69345,0.20545,-0.75808,-0.81389,-0.84621,-0.90496,-0.95783,-0.99015,-1.0518,-1.1018,-1.1341,-1.1664,0.14082,-1.1987,-1.231,-1.2633,-1.2751,-1.281,-1.3133,-1.3456,-1.3691,-1.3691,-1.3955,0.65196,0.046817,-1.4161,-1.4161,-1.4455,-1.4631,-1.4631,-1.4631,-1.4807,-1.5101,-1.5101,-1.4895,-0.035435,-1.4631,-1.4631,-1.4631,-1.4631,-1.4631,-1.4367,-1.4161,-1.4161,-1.3867,-1.3544,-0.10006,-1.3221,-1.3221,-1.3045,-1.2722,-1.2398,-1.2075,-1.1752,-1.1429,-1.1106,-1.0783,-0.197,-1.046,-0.98721,-0.93433,-0.90202,-0.84033,-0.79039,-0.75808,-0.69345,-0.64645,-0.6112,-0.29394,-0.54657,-0.48195,-0.4232,-0.39088,-0.35857,-0.31744,-0.25282,-0.21463,-0.17056,-0.10594,-0.38794,-0.070686,-0.038373,-0.00606,0.026254,0.058567,0.09088,0.12319,0.15551,0.18782,0.22013,-0.45257,0.25245,0.28476,0.31707,0.34939,0.36995,0.36995,0.36995,0.36995,0.36995,0.36995,-0.53776,0.35232,0.32295,0.32295,0.32295,0.32295,0.32295,0.32295,0.31414,0.28182,0.27595,-0.62883,0.27595,0.27595,0.27595,0.27595,0.27595,0.27595,0.27595,0.27595,0.27595,0.25538,-0.69345,0.22895,0.22895,0.22895,0.22895,0.22895,0.22895,0.22895,0.22895,0.65196,-0.75808,-0.82271,-0.88733,-0.95196,-1.0048,-1.0371,-1.0401,-1.0548,-1.0871,-1.0871,0.65196,-1.0871,-1.0841,-1.0518,-1.0195,-0.98721,-0.9549,-0.92258,-0.88146,-0.81683,-0.7522,0.65196,-0.67583,-0.57889,-0.48195,-0.38501,-0.28807,-0.19113,-0.076561,0.052692,0.18195,0.3112,0.65196,0.44045,0.5697,0.67546,0.78121,0.91046,1.0397,1.1572,1.2542,1.3511,1.448,0.65196,1.545,1.6419,1.7212,1.7859,1.8505,1.8946,1.9269,1.9592,1.9915,2.0238,0.65196,2.0561,2.062,2.062,2.062,2.0326,2.015,2.015,1.9827,1.8094,1.5362,2.0,2.0
-2.3673,-2.0929,-1.7497,-0.88097,-0.88097,-0.87319,-0.86404,-0.85489,-0.84574,-0.83659,-0.82744,-0.82488,-0.82316,-1.7314,-0.81401,-0.80486,-0.79571,-0.78657,-0.77742,-0.76827,-0.75912,-0.74997,-0.74082,-0.74075,-1.7131,-0.73654,-0.72739,-0.71824,-0.70909,-0.69994,-0.69079,-0.68164,-0.67249,-0.65605,-0.64017,-1.6948,-0.63102,-0.62187,-0.61272,-0.60357,-0.59442,-0.58405,-0.56575,-0.55295,-0.5438,-0.53465,-1.6784,-0.5255,-0.51632,-0.49802,-0.48403,-0.47488,-0.45714,-0.43884,-0.42055,-0.40225,-0.38395,-1.6692,-0.36565,-0.34735,-0.32905,-0.31075,-0.29245,-0.27415,-0.25585,-0.23755,-0.21925,-0.20095,-1.6539,-0.18265,-0.16436,-0.14606,-0.13277,-0.12348,-0.10518,-0.091299,-0.082149,-0.073,-0.060029,-1.6369,-0.04173,-0.031528,-0.022379,-0.013229,-0.004079,0.00507,0.01422,0.023369,0.032519,0.041669,-1.6277,0.044508,0.045946,0.055095,0.058531,0.059372,0.068522,0.072553,0.072553,0.072553,0.077075,-1.6186,0.086225,0.086575,0.086575,0.086575,0.086575,0.086575,0.086575,0.086575,0.086575,0.086575,-1.9338,-1.6094,0.086575,0.086575,0.086575,0.086575,0.086575,0.086575,0.086575,0.087522,0.096672,0.1006,-1.6003,0.10095,0.1101,0.11925,0.1284,0.13755,0.1467,0.15585,0.165,0.17415,0.1833,-1.5961,0.19244,0.20159,0.21074,0.21989,0.22904,0.23819,0.24734,0.25649,0.26564,0.27479,-1.5961,0.28394,0.29309,0.30224,0.31139,0.32054,0.32969,0.33884,0.34799,0.353,0.353,-1.5961,0.36141,0.37056,0.37971,0.38886,0.39801,0.40716,0.41631,0.42781,0.44611,0.45778,-1.5917,0.46693,0.47608,0.49126,0.50956,0.52786,0.54616,0.56446,0.58276,0.60106,0.61936,-1.5826,0.63766,0.65596,0.67425,0.69255,0.70721,0.71636,0.72551,0.73466,0.74381,0.75296,-1.5734,0.75965,0.75965,0.76638,0.77367,0.77367,0.77367,0.77494,0.78409,0.7877,0.7877,-1.5643,0.7877,0.79264,0.80172,0.80172,0.80172,0.80172,0.80172,0.80172,0.80172,0.80172,-1.5551,0.80172,0.80172,0.80172,0.80428,0.81343,0.81574,0.8177,0.82685,0.82976,0.83113,-1.9064,-1.546,0.84028,0.84379,0.84456,0.85371,0.86286,0.87201,0.88116,0.89031,0.89945,0.9086,-1.5368,0.91775,0.9269,0.93605,0.9452,0.95435,0.9635,0.97265,0.9818,0.99095,1.0001,-1.5277,1.0093,1.0184,1.0275,1.0367,1.0458,1.0541,1.0541,1.0593,1.0684,1.0776,-1.5185,1.0822,1.0822,1.091,1.0962,1.0962,1.1044,1.1102,1.1102,1.1179,1.1242,-1.5094,1.1242,1.1313,1.1383,1.1383,1.1383,1.1383,1.1383,1.1383,1.1383,1.1383,-1.5002,1.1383,1.1383,1.1383,1.1429,1.1521,1.1523,1.1523,1.1523,1.1523,1.1557,-1.4842,1.1649,1.1663,1.1692,1.1783,1.1875,1.1966,1.2058,1.2149,1.2241,1.2332,-1.4679,1.2483,1.2677,1.2952,1.3226,1.3501,1.3775,1.4097,1.4463,1.4829,1.5195,-1.4588,1.5561,1.5927,1.6257,1.6532,1.6885,1.7221,1.7496,1.7698,1.7881,1.8064,-1.4496,1.8247,1.843,1.8613,1.8735,1.8826,1.8918,1.8955,1.8949,-1.8789,-1.4391,-1.4208,-1.4025,-1.385,-1.3758,-1.3616,-1.3433,-1.325,-1.3067,-1.2884,-1.8552,-1.2789,-1.2658,-1.2475,-1.2292,-1.2142,-1.2051,-1.1883,-1.1727,-1.1636,-1.1475,-1.8369,-1.1313,-1.1221,-1.113,-1.1023,-1.084,-1.0715,-1.0624,-1.0532,-1.0441,-1.0349,-1.8106,-1.0258,-1.0166,-1.0075,-1.0072,-1.0032,-0.99403,-0.99315,-0.99315,-0.99315,-0.98547,-1.7863,-0.97913,-0.97913,-0.97205,-0.96511,-0.96511,-0.96511,-0.96349,-0.95434,-0.95108,-0.95007,-1.768,-0.94092,-0.93706,-0.93664,-0.92749,-0.91834,-0.90919,-0.90902,-0.90491,-0.89576,-0.88662,3.0,5.0
0.33311,0.30644,0.27976,1.6734,1.7106,1.7573,1.7859,1.8001,1.8165,1.8268,1.8268,1.8047,1.7761,0.27976,1.7475,1.6109,1.5345,1.3313,1.2243,1.0796,0.9938,0.8565,0.70067,0.58624,0.27976,0.49048,0.38405,0.26963,0.17967,0.067444,-0.020311,-0.13114,-0.22249,-0.32945,-0.41527,0.27976,-0.56911,-0.73368,-0.77569,-0.8043,-0.83291,-0.86152,-0.86718,-0.86718,-0.86718,-0.86718,0.27976,-0.86718,-0.86125,-0.84051,-0.83071,-0.8021,-0.77349,-0.76049,-0.72542,-0.68767,-0.65907,0.27976,-0.60712,-0.57518,-0.51883,-0.43548,-0.37826,-0.31472,-0.22889,-0.15328,-0.083926,0.001895,0.27976,0.087716,0.17354,0.25936,0.34518,0.45474,0.54349,0.62931,0.718,0.82763,0.91345,0.27976,1.0079,1.1118,1.1976,1.2834,1.3692,1.455,1.5409,1.6045,1.6617,1.745,0.27976,1.7761,1.8301,1.8639,1.914,1.9335,1.9445,1.9602,1.9602,1.9602,1.9414,0.28983,1.8301,1.7549,1.6241,1.534,1.4146,1.2217,1.0842,0.96226,0.81923,0.6876,0.30644,0.30644,0.54649,0.39012,0.24709,0.10405,-0.31292,-0.50576,-0.62019,-0.73442,-0.82024,-0.90606,0.30644,-0.99188,-1.0698,-1.127,-1.1724,-1.201,-1.2296,-1.2582,-1.2673,-1.2673,-1.2439,0.30644,-1.2153,-1.1867,-1.1555,-1.1028,-1.0678,-1.0022,-0.92666,-0.86945,-0.7981,-0.71228,0.30644,-0.62646,-0.54064,-0.45482,-0.369,-0.25744,-0.17068,-0.081926,0.027634,0.11346,0.20801,0.2867,0.31177,0.39759,0.48341,0.5857,0.68173,0.76755,0.85337,0.91498,0.99834,1.0828,0.25809,1.1433,1.2239,1.2883,1.365,1.4222,1.4794,1.5366,1.5938,1.6322,1.6816,0.22948,1.7161,1.7447,1.7733,1.7753,1.8001,1.8001,1.8001,1.8001,1.674,1.4799,0.20088,1.4074,1.3388,1.2624,1.1766,1.0908,1.0049,0.91912,0.8333,0.74748,0.65559,0.17147,0.54916,0.46334,0.36565,0.26503,0.1792,0.075713,-0.01911,-0.10493,-0.21422,-0.30325,0.11426,-0.38973,-0.50156,-0.63273,-0.93993,-1.0174,-1.0849,-1.1707,-1.2423,-1.2996,-1.3568,0.30644,0.057042,-1.394,-1.4445,-1.4779,-1.5065,-1.5084,-1.534,-1.534,-1.5271,-1.5073,-1.4966,-0.000172,-1.468,-1.4394,-1.4108,-1.3822,-1.3332,-1.2983,-1.2454,-1.1882,-1.131,-1.0738,-0.1086,-1.0166,-0.95934,-0.89292,-0.81824,-0.74795,-0.67714,-0.60299,-0.53604,-0.47882,-0.42161,-0.28511,-0.36439,-0.30718,-0.25183,-0.21943,-0.16795,-0.13167,-0.08406,-0.055453,-0.026846,0.001761,-0.42054,0.030368,0.058975,0.087582,0.09305,0.11812,0.12006,0.1464,0.13379,0.066377,0.058309,-0.56344,0.029702,0.001095,-0.013642,-0.029446,-0.040316,-0.059987,-0.066989,-0.066989,-0.092462,-0.093662,-0.64926,-0.093662,-0.098263,-0.12034,-0.12034,-0.12034,-0.12034,-0.13461,-0.14701,-0.14701,-0.16708,-0.75329,-0.17368,-0.17368,-0.17368,-0.17368,-0.17675,-0.20035,-0.20035,-0.20035,-0.20035,-0.20035,-0.84758,-0.20035,-0.20035,-0.20035,-0.20035,-0.20035,-0.20035,-0.22663,-0.22703,-0.2305,-0.2537,-0.9334,-0.26104,-0.28037,-0.29158,-0.30705,-0.30705,-0.32405,-0.33372,-0.35459,0.30644,-1.0192,-1.105,-1.1897,-1.25,-1.3308,-1.388,-1.4452,-1.5024,-1.5468,-1.5902,0.29677,-1.6307,-1.6593,-1.6879,-1.7165,-1.7451,-1.7474,-1.7474,-1.7474,-1.7474,-1.74,0.27976,-1.7207,-1.7095,-1.6808,-1.6371,-1.5799,-1.5227,-1.4655,-1.3854,-1.3244,-1.2403,0.27976,-1.1279,-1.0382,-0.9296,-0.83598,-0.73128,-0.63379,-0.51937,-0.40494,-0.29051,-0.19549,0.27976,-0.088327,0.026101,0.14053,0.22828,0.34271,0.4528,0.54489,0.65112,0.74708,0.84943,0.27976,0.93526,1.0211,1.1069,1.1927,1.2785,1.3644,1.4246,1.5085,1.5657,1.6229,2.0,2.0
0.75302,0.81452,0.85552,1.5525,1.573,1.5935,1.614,1.6345,1.6345,1.655,1.6345,1.6345,1.4705,0.85552,1.4295,1.3885,1.327,1.204,1.1425,1.0605,0.91701,0.83502,0.77352,0.69152,0.85552,0.52753,0.46603,0.38403,0.30203,0.22003,0.13804,0.056039,-0.025959,-0.10796,-0.18995,0.83502,-0.27195,-0.35395,-0.43595,-0.51794,-0.59994,-0.66144,-0.92793,-0.98943,-1.0509,-1.0919,0.83502,-1.1534,-1.2149,-1.2559,-1.2969,-1.3379,-1.3789,-1.3994,-1.4404,-1.4404,-1.4609,0.83502,-1.4609,-1.4609,-1.4609,-1.4404,-1.4199,-1.3789,-1.3379,-1.2969,-1.2559,-1.1944,0.83502,-1.1124,-1.0509,-0.96893,-0.88693,-0.80494,-0.70244,-0.62044,-0.53844,-0.45645,-0.35395,0.81452,-0.27195,-0.18995,-0.10796,-0.00546,0.076538,0.17904,0.26103,0.34303,0.42503,0.50703,0.79402,0.58902,0.67102,0.73252,0.81452,0.87602,0.95801,1.0195,1.081,1.1425,1.204,0.77352,1.2655,1.327,1.368,1.409,1.45,1.4705,1.5115,1.5115,1.532,1.532,0.81452,0.65052,1.532,1.5115,1.491,1.3475,1.286,1.2245,1.1425,1.0605,0.87602,0.77352,0.54802,0.67102,0.56852,0.46603,0.36353,0.26103,0.15854,0.056039,-0.046458,-0.14896,-0.25145,0.48653,-0.35395,-0.43595,-0.53844,-0.62044,-0.70244,-0.78444,-0.86644,-1.1124,-1.1534,-1.2149,0.42503,-1.2354,-1.2764,-1.3174,-1.3379,-1.3584,-1.3584,-1.3584,-1.3584,-1.3584,-1.3584,0.28153,-1.3379,-1.3174,-1.2764,-1.2559,-1.2149,-1.1739,-1.1329,-1.0714,-1.0099,-0.96893,0.19953,-0.88693,-0.82544,-0.74344,-0.68194,-0.59994,-0.51794,-0.43595,-0.35395,-0.27195,-0.18995,0.11754,-0.10796,-0.00546,0.076538,0.15854,0.24053,0.32253,0.42503,0.50703,0.58902,0.67102,0.035539,0.75302,0.83502,0.91701,0.99901,1.081,1.163,1.245,1.3065,1.368,1.4295,-0.025959,1.491,1.5525,1.6345,1.6755,1.7165,1.7575,1.778,1.7985,1.819,1.819,-0.10796,1.819,1.819,1.819,1.7985,1.7165,1.6755,1.6345,1.573,1.532,1.4705,0.81452,-0.18995,1.368,1.3065,1.2245,1.163,1.081,0.99901,0.91701,0.73252,0.63002,0.52753,-0.27195,0.44553,0.34303,0.26103,0.097037,0.01504,-0.066958,-0.16945,-0.25145,-0.33345,-0.41545,-0.35395,-0.57944,-0.66144,-0.74344,-0.98943,-1.0304,-1.0919,-1.1329,-1.2149,-1.2559,-1.2969,-0.41545,-1.3174,-1.3584,-1.3789,-1.3994,-1.4199,-1.4404,-1.4404,-1.4404,-1.4609,-1.4609,-0.49745,-1.4404,-1.4404,-1.4199,-1.3994,-1.3789,-1.3379,-1.3174,-1.2764,-1.2354,-1.1944,-0.55894,-1.1329,-1.0919,-1.0304,-0.98943,-0.92793,-0.86644,-0.80494,-0.74344,-0.68194,-0.62044,-0.62044,-0.57944,-0.51794,-0.45645,-0.39495,-0.35395,-0.29245,-0.23095,-0.18995,-0.14896,-0.087457,-0.68194,-0.046458,-0.025959,0.01504,0.056039,0.076538,0.097037,0.11754,0.15854,0.17904,0.17904,-0.74344,0.19953,0.19953,0.19953,0.19953,0.19953,0.19953,0.19953,0.19953,0.17904,0.17904,-0.80494,0.15854,0.15854,0.15854,0.13804,0.13804,0.13804,0.13804,0.11754,0.81452,-0.86644,-0.90743,-0.96893,-1.0099,-1.0714,-1.1124,-1.1329,-1.1739,-1.1944,-1.2354,0.83502,-1.2354,-1.2559,-1.2764,-1.2764,-1.2764,-1.2559,-1.2559,-1.2354,-1.2149,-1.1944,0.83502,-1.1534,-1.1124,-1.0714,-1.0304,-0.96893,-0.90743,-0.84594,-0.78444,-0.70244,-0.62044,0.83502,-0.55894,-0.47695,-0.39495,-0.29245,-0.21045,-0.12846,-0.025959,0.056039,0.15854,0.24053,0.83502,0.32253,0.42503,0.50703,0.58902,0.67102,0.75302,0.81452,0.89651,0.95801,1.04,0.85552,1.1015,1.163,1.2245,1.2655,1.327,1.368,1.4295,1.4705,1.491,1.532,2.0,2.0
-2.0683,-1.9872,-1.7465,-0.80747,-0.79846,-0.78945,-0.77651,-0.76115,-0.75214,-0.74312,-0.73411,-0.7251,-0.72273,-1.7195,-0.71734,-0.70833,-0.69931,-0.6903,-0.68129,-0.67228,-0.67138,-0.66452,-0.66111,-0.65677,-1.6925,-0.64775,-0.64056,-0.64056,-0.64056,-0.63224,-0.63029,-0.62449,-0.62002,-0.61673,-0.60975,-1.6654,-0.60898,-0.59996,-0.59095,-0.5892,-0.5832,-0.57418,-0.56517,-0.55616,-0.54714,-0.53813,-1.6413,-0.52912,-0.5201,-0.50488,-0.49181,-0.47909,-0.46351,-0.45331,-0.43529,-0.4262,-0.40951,-1.6233,-0.3979,-0.38372,-0.3696,-0.36059,-0.35019,-0.33229,-0.32328,-0.31426,-0.30525,-0.29624,-1.6053,-0.28722,-0.27821,-0.2692,-0.26052,-0.26052,-0.25243,-0.25025,-0.25025,-0.24593,-0.23997,-1.5872,-0.23997,-0.23944,-0.23042,-0.2297,-0.22267,-0.21943,-0.21491,-0.2059,-0.19689,-0.18787,-1.5692,-0.17886,-0.16985,-0.16083,-0.14584,-0.13254,-0.12006,-0.10424,-0.094274,-0.076247,-0.066926,-1.5512,-0.050466,-0.038628,-0.024685,-0.01033,-0.001317,0.008852,0.026878,0.035994,0.05266,0.064292,-1.9526,-1.5388,0.073305,0.086196,0.1016,0.11062,0.11963,0.12864,0.13766,0.14667,0.15568,0.16061,-1.5254,0.16344,0.17245,0.18116,0.18116,0.18922,0.19143,0.19143,0.19572,0.2017,0.2017,-1.5105,0.2017,0.2017,0.2017,0.2017,0.20745,0.21197,0.21521,0.22422,0.23323,0.24225,-1.5015,0.25126,0.26027,0.27524,0.28857,0.30102,0.31687,0.32681,0.34483,0.36286,0.38088,-1.4925,0.39891,0.41694,0.43496,0.4506,0.46075,0.47877,0.4968,0.5072,0.52258,0.5355,-1.4835,0.54836,0.56379,0.57281,0.58182,0.59083,0.59985,0.60886,0.61787,0.62689,0.6359,-1.4828,0.64491,0.65364,0.65364,0.66168,0.66392,0.66944,0.67845,0.68446,0.6862,0.69473,-1.4828,0.69473,0.69473,0.70171,0.705,0.705,0.70821,0.71722,0.72554,0.72554,0.73399,-1.4828,0.74301,0.74609,0.75076,0.75977,0.77094,0.78807,0.79708,0.8061,0.81511,0.83026,-1.4828,0.84341,0.85242,0.8638,0.88072,0.88973,0.89875,0.91536,0.92704,0.94114,0.95534,-1.932,-1.4795,0.96436,0.97468,0.99265,1.0017,1.0107,1.0197,1.0287,1.0377,1.0467,1.0542,-1.4726,1.0545,1.0635,1.0725,1.0815,1.085,1.0893,1.0953,1.0953,1.0958,1.1048,-1.4726,1.1056,1.1056,1.1056,1.1056,1.1056,1.1056,1.1056,1.1056,1.1056,1.1128,-1.4726,1.1159,1.1205,1.1261,1.1283,1.1364,1.1364,1.145,1.154,1.1631,1.1721,-1.464,1.1811,1.1901,1.1991,1.2081,1.2083,1.2159,1.2249,1.2339,1.2429,1.2519,-1.455,1.2597,1.2597,1.2687,1.2699,1.2765,1.2802,1.2842,1.2905,1.292,1.3007,-1.452,1.3007,1.3007,1.3007,1.3007,1.305,1.311,1.311,1.3115,1.3205,1.3213,-1.4472,1.3213,1.327,1.3316,1.3347,1.3437,1.3521,1.3521,1.3605,1.3695,1.3785,-1.4346,1.3922,1.4068,1.4179,1.4368,1.4639,1.4823,1.5077,1.5347,1.5617,1.5888,-1.4189,1.6158,1.6429,1.6699,1.6969,1.7315,1.7613,1.7883,1.8154,-1.9088,-1.4099,-1.4009,-1.3831,-1.3726,-1.3573,-1.3393,-1.325,-1.3135,-1.2955,-1.2774,-1.8817,-1.2684,-1.2517,-1.2401,-1.2259,-1.2118,-1.2028,-1.1938,-1.1848,-1.1758,-1.1747,-1.8547,-1.168,-1.1644,-1.1644,-1.1615,-1.1541,-1.1541,-1.1541,-1.1541,-1.1473,-1.1439,-1.8277,-1.1439,-1.1408,-1.1336,-1.133,-1.124,-1.1233,-1.1162,-1.1072,-1.0982,-1.0892,-1.8006,-1.0802,-1.0712,-1.0622,-1.0446,-1.0339,-1.0188,-1.0056,-0.99303,-0.97726,-0.96725,-1.7736,-0.94922,-0.93119,-0.92067,-0.90541,-0.88739,-0.87308,-0.8616,-0.84478,-0.83577,-0.8178,3.0,5.0
-0.57498,-0.57498,-0.57498,-1.7486,-1.7233,-1.7085,-1.704,-1.6981,-1.6892,-1.6877,-1.675,-1.6624,-1.6594,-0.57498,-1.652,-1.6394,-1.6268,-1.6141,-1.6015,-1.5889,-1.5763,-1.5636,-1.551,-1.5384,-0.57498,-1.5257,-1.5005,-1.4856,-1.4648,-1.4396,-1.418,-1.4039,-1.3787,-1.3534,-1.3282,-0.57572,-1.3029,-1.2777,-1.2524,-1.2271,-1.2019,-1.1766,-1.1514,-1.1194,-1.086,-1.0585,-0.58835,-1.0206,-0.99539,-0.95974,-0.93003,-0.90478,-0.87581,-0.83941,-0.81416,-0.77702,-0.74879,-0.58983,-0.71611,-0.68343,-0.6552,-0.61806,-0.59281,-0.55641,-0.52744,-0.4955,-0.45762,-0.42197,-0.58983,-0.39671,-0.35883,-0.33135,-0.30609,-0.27489,-0.24073,-0.21547,-0.19022,-0.16496,-0.14936,-0.58983,-0.12931,-0.10405,-0.08177,-0.0684,-0.043145,-0.029032,-0.016405,-0.003777,0.00885,0.021477,-0.58983,0.034105,0.046732,0.059359,0.071987,0.084614,0.097241,0.10987,0.1225,0.13512,0.14775,-0.58983,0.15295,0.15815,0.16781,0.16855,0.18118,0.18266,0.19157,0.2042,0.21683,0.22723,-0.57498,-0.58983,0.22723,0.23986,0.25248,0.26511,0.27774,0.29037,0.30299,0.31562,0.32825,0.34087,-0.60246,0.3535,0.36613,0.37876,0.39138,0.40401,0.41664,0.43818,0.45675,0.46938,0.48423,-0.60469,0.50949,0.52211,0.54514,0.56222,0.57485,0.59119,0.61496,0.62759,0.6521,0.6677,-0.60469,0.68776,0.71301,0.73529,0.74866,0.77392,0.78803,0.8274,0.86454,0.88979,0.91505,-0.60469,0.9403,0.96556,0.99081,1.0161,1.0413,1.0666,1.0933,1.1312,1.1572,1.1824,-0.60469,1.2077,1.233,1.2552,1.2686,1.2939,1.3191,1.3444,1.3629,1.38,1.4031,-0.60618,1.4157,1.4409,1.4558,1.4766,1.4959,1.5122,1.536,1.5486,1.5613,1.5836,-0.6188,1.6014,1.614,1.6266,1.6393,1.6519,1.6645,1.6771,1.6898,1.7024,1.715,-0.61955,1.7277,1.7403,1.7529,1.7655,1.7782,1.7908,1.8019,1.8019,1.8019,1.8019,-0.61955,1.8019,1.8019,1.799,1.7863,1.7737,1.7611,1.7485,1.7358,1.7232,1.7106,-0.57498,-0.61955,1.6979,1.6601,1.6326,1.6155,1.5969,1.5754,1.5583,1.5078,1.4929,1.4706,-0.61955,1.4454,1.4045,1.3503,1.3251,1.2998,1.2634,1.2344,1.1824,1.1201,1.0844,-0.62252,1.0591,1.0213,0.98338,0.92916,0.87791,0.84374,0.817,0.77912,0.75312,0.6989,-0.6344,0.65804,0.63279,0.60456,0.56594,0.51543,0.4872,0.46195,0.43669,0.41144,0.38396,-0.6344,0.34607,0.32082,0.30596,0.29334,0.26882,0.23837,0.22574,0.21312,0.20049,0.18786,-0.6344,0.17523,0.16261,0.14998,0.13735,0.12472,0.12324,0.11433,0.10838,0.10838,0.10838,-0.6344,0.10838,0.10838,0.10838,0.10838,0.10838,0.10838,0.10838,0.10838,0.10838,0.10838,-0.6344,0.10838,0.10838,0.10838,0.10838,0.10838,0.097241,0.093527,0.093527,0.093527,0.091299,-0.6344,0.078672,0.078672,0.078672,0.070501,0.063816,0.063816,0.06233,0.049703,0.04896,0.039304,-0.63663,0.034105,0.034105,0.034105,0.034105,0.034105,0.034105,0.060845,0.092042,-0.57498,-0.64926,-0.64926,-0.64926,-0.64926,-0.64926,-0.64926,-0.64926,-0.64926,-0.63737,-0.6344,-0.57498,-0.6344,-0.6344,-0.6344,-0.6344,-0.6344,-0.6344,-0.64331,-0.68937,-0.74285,-0.75325,-0.57498,-0.75325,-0.76587,-0.8201,-0.84238,-0.84832,-0.86838,-0.90329,-0.91592,-0.91666,-0.94563,-0.57498,-0.96865,-0.99688,-1.0385,-1.0511,-1.0637,-1.0764,-1.1246,-1.161,-1.1915,-1.2457,-0.57498,-1.2583,-1.271,-1.2836,-1.3044,-1.3475,-1.4106,-1.4678,-1.4804,-1.4931,-1.5443,-0.57498,-1.5777,-1.5904,-1.603,-1.6156,-1.6282,-1.6409,-1.6802,-1.7107,-1.7278,-1.7486,4.0,4.0
1.8814,1.8157,1.7177,-0.42407,-0.42407,-0.48554,-0.50211,-0.51908,-0.53086,-0.54024,-0.55541,-0.56898,-0.58295,1.7083,-0.59772,-0.6105,-0.62647,-0.63804,-0.65521,-0.66559,-0.68395,-0.69334,-0.7119,-0.73066,1.6962,-0.74942,-0.76819,-0.78695,-0.79953,-0.8145,-0.83326,-0.85202,-0.87079,-0.88955,-0.90831,1.6796,-0.92707,-0.94584,-0.9646,-0.98336,-1.0021,-1.0209,-1.0397,-1.0584,-1.0772,-1.0959,1.6686,-1.1147,-1.1335,-1.1522,-1.171,-1.1898,-1.2055,-1.2173,-1.2361,-1.2548,-1.273,1.6499,-1.2824,-1.3011,-1.3111,-1.3287,-1.3399,-1.3492,-1.3586,-1.368,-1.3774,-1.3868,1.6311,-1.3962,-1.4021,-1.4049,-1.4121,-1.4137,-1.4231,-1.4321,-1.4321,-1.4413,-1.4506,1.6123,-1.46,-1.462,-1.4552,-1.4459,-1.4532,-1.457,-1.4433,-1.4283,-1.4157,-1.3995,1.5936,-1.3882,-1.3694,-1.3482,-1.3021,-1.2928,-1.2744,-1.264,-1.2468,-1.2353,-1.2193,1.5748,-1.2065,-1.1918,-1.1778,-1.1642,-1.149,-1.1367,-1.1203,-1.1091,-1.0916,-1.0822,1.8027,1.556,-1.0728,-1.054,-1.044,-1.0347,-1.0177,-1.0059,-0.99654,-0.98137,-0.96779,-0.95382,1.5373,-0.93905,-0.92628,-0.90751,-0.89095,-0.87997,-0.8612,-0.84284,-0.83346,-0.8149,-0.80472,1.5185,-0.78735,-0.77597,-0.76659,-0.75102,-0.73785,-0.72847,-0.71908,-0.7097,-0.70032,-0.68835,1.4936,-0.67158,-0.6622,-0.65282,-0.64323,-0.62447,-0.61469,-0.60531,-0.59593,-0.58655,-0.57716,1.471,-0.56179,-0.54842,-0.53904,-0.52966,-0.52028,-0.51389,-0.51149,-0.50211,-0.49273,-0.48335,1.4522,-0.47397,-0.46459,-0.4552,-0.45401,-0.44642,-0.43704,-0.43405,-0.42826,-0.42407,-0.42407,1.4291,-0.42007,-0.41409,-0.41129,-0.40191,-0.39412,-0.39313,-0.38374,-0.37436,-0.36498,-0.36418,1.4047,-0.3562,-0.3542,-0.34742,-0.33803,-0.33424,-0.32925,-0.31987,-0.31049,-0.3043,-0.30171,1.3828,-0.29232,-0.28294,-0.27356,-0.26418,-0.2548,-0.24542,-0.23604,-0.22665,-0.21727,-0.20789,1.3572,-0.19851,-0.19452,-0.18973,-0.18035,-0.17096,-0.16158,-0.1522,-0.14282,-0.13344,-0.12406,1.7934,1.3365,-0.11467,-0.11467,-0.10589,-0.09651,-0.094714,-0.087728,-0.084734,-0.078945,-0.069564,-0.060182,1.3097,-0.0508,-0.041419,-0.032037,-0.02046,-0.003294,0.007086,0.025849,0.044612,0.063375,0.099304,1.2902,0.14481,0.17695,0.2051,0.23324,0.26138,0.28953,0.31767,0.34582,0.37396,0.40211,1.262,0.43025,0.4584,0.48654,0.51489,0.55241,0.58096,0.6091,0.64503,0.67537,0.70351,1.2339,0.73765,0.76978,0.81709,0.86599,0.89414,0.92528,0.96041,0.98855,1.0167,1.0448,1.1698,1.073,1.1011,1.1293,1.1574,1.1856,1.2067,1.2319,1.2542,1.2782,1.3017,1.1377,1.3245,1.356,1.388,1.4067,1.4255,1.4443,1.463,1.4818,1.4914,1.5093,1.0939,1.5281,1.5395,1.5556,1.5682,1.5832,1.6019,1.6163,1.6257,1.6351,1.6445,1.0614,1.6558,1.6732,1.6826,1.692,1.7013,1.7107,1.7201,1.7295,1.7389,1.7483,1.0333,1.7576,1.767,1.7764,1.7858,1.7952,1.8045,1.8115,1.8115,1.784,0.99314,0.9624,0.93885,0.90232,0.85182,0.80751,0.78635,0.75821,0.73006,0.70072,1.7746,0.65381,0.62567,0.59752,0.55301,0.52886,0.50311,0.46219,0.43265,0.39832,0.36518,1.7652,0.34642,0.33105,0.30769,0.26238,0.24661,0.2037,0.19432,0.18494,0.16637,0.15619,1.7558,0.11487,0.10489,0.098106,0.063974,0.039422,0.035031,0.013074,-0.030041,-0.057986,-0.067368,1.7413,-0.076749,-0.088925,-0.11547,-0.12545,-0.16298,-0.17356,-0.19132,-0.22566,-0.24162,-0.27735,1.7271,-0.31229,-0.32426,-0.32905,-0.34682,-0.36418,-0.37017,-0.38893,-0.4041,-0.4041,-0.4053,1.0,1.0
1.7506,1.6978,1.585,-0.12953,-0.13686,-0.14699,-0.1606,-0.17422,-0.18784,-0.20146,-0.22483,-0.24229,-0.26187,1.5714,-0.28698,-0.30866,-0.33167,-0.3589,-0.38614,-0.41338,-0.44061,-0.46785,-0.49508,-0.52232,1.5578,-0.54955,-0.57679,-0.61268,-0.64104,-0.67483,-0.70529,-0.73697,-0.76954,-0.79443,-0.81423,1.5442,-0.84147,-0.86462,-0.88616,-0.91141,-0.93085,-0.95809,-0.97554,-0.99522,-1.0186,-1.0322,1.5306,-1.0459,-1.0595,-1.0731,-1.0867,-1.1003,-1.1139,-1.1373,-1.151,-1.1655,-1.188,1.5169,-1.2016,-1.2152,-1.2288,-1.2424,-1.2561,-1.2697,-1.2833,-1.2908,-1.3008,-1.3144,1.5061,-1.328,-1.3514,-1.365,-1.3786,-1.3959,-1.4156,-1.4293,-1.4429,-1.4565,-1.4603,1.4995,-1.4739,-1.4864,-1.4914,-1.505,-1.5158,-1.5225,-1.5353,-1.5353,-1.5438,-1.5476,1.4761,-1.5612,-1.5744,-1.5787,-1.5842,-1.594,-1.588,-1.5744,-1.5705,-1.5647,-1.5531,1.4625,-1.5395,-1.5353,-1.522,-1.5084,-1.5046,-1.4909,-1.4864,-1.4735,-1.4599,-1.4462,1.6842,1.4489,-1.4326,-1.419,-1.4152,-1.4016,-1.3879,-1.3743,-1.3607,-1.3569,-1.3432,-1.3296,1.4255,-1.3119,-1.2926,-1.279,-1.2654,-1.242,-1.2284,-1.2147,-1.2109,-1.1918,-1.1739,1.4118,-1.1603,-1.1467,-1.1233,-1.1096,-1.096,-1.0726,-1.059,-1.0356,-1.0172,-0.9986,1.398,-0.9752,-0.95505,-0.92841,-0.91036,-0.89139,-0.86799,-0.84821,-0.8212,-0.80352,-0.78418,1.3748,-0.76079,-0.74138,-0.71414,-0.6906,-0.66945,-0.6438,-0.62476,-0.60679,-0.58984,-0.56977,1.3612,-0.55493,-0.53276,-0.51914,-0.50552,-0.4919,-0.46851,-0.45489,-0.44127,-0.42765,-0.41404,1.3398,-0.40091,-0.39658,-0.39113,-0.38135,-0.37528,-0.36167,-0.34805,-0.34223,-0.33245,-0.32675,1.334,-0.31314,-0.31289,-0.30546,-0.30162,-0.29333,-0.28417,-0.27055,-0.264,-0.25309,-0.23947,1.3107,-0.21705,-0.20246,-0.18884,-0.17522,-0.16161,-0.14799,-0.13437,-0.12708,-0.11691,-0.1033,1.297,-0.089678,-0.078187,-0.072222,-0.058604,-0.044986,-0.031369,-0.017751,-0.004133,4.7e-05,0.013323,1.6706,1.2758,0.026941,0.040559,0.048944,0.058015,0.071632,0.08525,0.098868,0.10762,0.11632,0.12994,1.2599,0.14356,0.15718,0.1708,0.18441,0.18825,0.20187,0.21549,0.2291,0.24272,0.24656,1.2409,0.26018,0.2738,0.28741,0.29343,0.30321,0.30871,0.31299,0.32277,0.33,0.33384,1.2229,0.34746,0.36108,0.37469,0.38831,0.40193,0.41555,0.42917,0.45256,0.46618,0.48958,1.2059,0.5076,0.52659,0.54999,0.56974,0.59678,0.61444,0.64167,0.65913,0.68636,0.7136,1.1859,0.74083,0.76056,0.78553,0.81276,0.83076,0.85745,0.87755,0.90215,0.92938,0.94774,1.1638,0.97407,1.0013,1.0285,1.0558,1.083,1.1077,1.1277,1.1549,1.1822,1.2094,1.1536,1.2366,1.2639,1.2911,1.3144,1.3358,1.3435,1.3651,1.3882,1.4056,1.4255,1.1353,1.4489,1.4625,1.4852,1.4995,1.5061,1.5169,1.5306,1.5442,1.5578,1.5647,1.1119,1.5745,1.5745,1.5829,1.5966,1.6102,1.6238,1.6374,1.643,1.657,1.0914,1.074,1.0515,1.0379,1.0145,0.99436,0.98723,0.97361,0.95178,0.93432,1.6433,0.9132,0.8898,0.87618,0.85472,0.83917,0.82555,0.81193,0.80196,0.79447,0.78086,1.6332,0.76724,0.75362,0.74,0.72639,0.71394,0.70893,0.70416,0.69147,0.67786,0.66424,1.6259,0.65062,0.64549,0.63571,0.62933,0.61571,0.60637,0.59825,0.58463,0.57703,0.56725,1.6123,0.56725,0.5595,0.53865,0.49315,0.48902,0.44635,0.41797,0.401,0.37988,0.32541,1.5987,0.27387,0.26685,0.24893,0.18084,0.104,0.074004,0.032515,-0.032127,-0.072955,-0.12012,1.0,1.0
2.0386,1.8762,1.5624,-0.49055,-0.50602,-0.52149,-0.53696,-0.55244,-0.56791,-0.58338,-0.60205,-0.62359,-0.6392,1.5246,-0.6624,-0.67926,-0.69955,-0.71947,-0.7367,-0.75991,-0.78312,-0.80632,-0.82953,-0.85274,1.4635,-0.87595,-0.89915,-0.92236,-0.94557,-0.96877,-0.99198,-1.0152,-1.0384,-1.0616,-1.0782,1.4325,-1.0988,-1.122,-1.1431,-1.1591,-1.1823,-1.2055,-1.2235,-1.2427,-1.2659,-1.2885,1.4016,-1.304,-1.3262,-1.3442,-1.3596,-1.3729,-1.3813,-1.3968,-1.4054,-1.4131,-1.4208,1.3658,-1.4286,-1.4363,-1.444,-1.4518,-1.4595,-1.4672,-1.475,-1.4818,-1.4818,-1.4889,1.3304,-1.4911,-1.4911,-1.4886,-1.4818,-1.4818,-1.4818,-1.4762,-1.4726,-1.47,-1.4633,1.2995,-1.4633,-1.456,-1.4483,-1.4406,-1.4328,-1.4251,-1.4174,-1.4096,-1.396,-1.3849,1.2672,-1.3771,-1.3682,-1.3527,-1.3447,-1.331,-1.3155,-1.3029,-1.2939,-1.2784,-1.2629,1.1976,-1.2474,-1.232,-1.2135,-1.1918,-1.1763,-1.1608,-1.1392,-1.1206,-1.1021,-1.0804,1.8254,1.1604,-1.0649,-1.0495,-1.0278,-1.0093,-0.99064,-0.96905,-0.95358,-0.93811,-0.91634,-0.8979,1.1294,-0.88243,-0.86525,-0.84222,-0.82675,-0.81128,-0.79581,-0.777,-0.7556,-0.74013,-0.72466,1.095,-0.7027,-0.68445,-0.66898,-0.65351,-0.63804,-0.62257,-0.61367,-0.60089,-0.58542,-0.57194,1.0583,-0.5642,-0.55647,-0.54206,-0.53173,-0.52399,-0.51417,-0.49926,-0.49152,-0.48379,-0.47082,1.0273,-0.45905,-0.45132,-0.44358,-0.43584,-0.42811,-0.4257,-0.4219,-0.41417,-0.40717,-0.40717,0.99638,-0.40022,-0.39791,-0.39402,-0.38864,-0.38864,-0.38864,-0.38864,-0.38313,-0.37539,-0.37011,0.95886,-0.36919,-0.36145,-0.35372,-0.34598,-0.33824,-0.32796,-0.31351,-0.30577,-0.29081,-0.27534,0.92523,-0.25987,-0.2444,-0.22893,-0.21345,-0.19798,-0.18251,-0.16704,-0.15157,-0.1361,-0.12063,0.89428,-0.10515,-0.089682,-0.074211,-0.058739,-0.043268,-0.027796,-0.012325,0.003147,0.018618,0.034089,0.86334,0.049561,0.065032,0.080504,0.095975,0.11599,0.13618,0.15314,0.17634,0.19955,0.22276,1.8069,0.83286,0.24133,0.25991,0.28311,0.30628,0.32175,0.33722,0.35741,0.37743,0.3929,0.40837,0.80965,0.42384,0.43297,0.44552,0.4577,0.46544,0.47317,0.48091,0.48864,0.49638,0.50412,0.78645,0.51185,0.51959,0.52732,0.53506,0.54279,0.55053,0.55827,0.566,0.57374,0.5881,0.76324,0.60357,0.62261,0.64581,0.66902,0.69223,0.71543,0.74383,0.77111,0.79645,0.82739,0.74003,0.85834,0.88247,0.91096,0.93815,0.96136,0.98456,1.0078,1.0379,1.0634,1.0867,0.71891,1.1099,1.1339,1.1648,1.1887,1.2174,1.2444,1.27,1.301,1.3319,1.3558,0.70344,1.379,1.4022,1.4254,1.4486,1.4718,1.495,1.5126,1.5322,1.5554,1.5775,0.68797,1.593,1.6157,1.6332,1.6529,1.6734,1.6889,1.7044,1.7272,1.7446,1.76,0.67249,1.7727,1.7817,1.7972,1.8127,1.8222,1.8299,1.8405,1.8547,1.8624,1.8701,0.65702,1.8779,1.8856,1.8933,1.9011,1.9088,1.9089,1.9028,1.8951,1.7725,0.64526,0.63752,0.62849,0.60528,0.56151,0.54173,0.53399,0.52626,0.5163,0.48536,1.7188,0.47526,0.45126,0.43199,0.42189,0.40476,0.37381,0.35695,0.34148,0.32601,0.30563,1.6953,0.27376,0.23508,0.21067,0.18746,0.1561,0.12252,0.09931,0.076103,0.038444,0.016858,1.6489,0.001386,-0.014085,-0.03178,-0.062723,-0.079028,-0.0945,-0.12276,-0.16417,-0.20576,-0.22124,1.615,-0.2293,-0.26056,-0.3036,-0.33588,-0.34362,-0.35135,-0.35909,-0.3728,-0.37938,-0.37938,1.5889,-0.38077,-0.3885,-0.39624,-0.40397,-0.41171,-0.41945,-0.42866,-0.44414,-0.45961,-0.47508,1.0,1.0
1.7721,1.699,1.5074,-0.21974,-0.23018,-0.24103,-0.26191,-0.2732,-0.28364,-0.30117,-0.32205,-0.34293,-0.36051,1.4552,-0.373,-0.39468,-0.426,-0.44735,-0.46824,-0.48912,-0.51621,-0.54259,-0.56347,-0.58678,1.4362,-0.61694,-0.63782,-0.65871,-0.68869,-0.71218,-0.73964,-0.76564,-0.79059,-0.81911,-0.84155,1.4188,-0.87258,-0.89346,-0.92382,-0.94693,-0.97478,-1.0004,-1.0257,-1.0539,-1.0767,-1.1073,1.4037,-1.1282,-1.1491,-1.1786,-1.2026,-1.2235,-1.2443,-1.2652,-1.2861,-1.3059,-1.3164,1.3887,-1.3371,-1.349,-1.3671,-1.3815,-1.3972,-1.4141,-1.4246,-1.435,-1.4455,-1.4559,1.358,-1.4663,-1.4768,-1.4872,-1.4977,-1.5081,-1.5186,-1.5272,-1.5277,-1.5382,-1.5486,1.3118,-1.5421,-1.5389,-1.5389,-1.5342,-1.5272,-1.5272,-1.5262,-1.5158,-1.5155,-1.5066,1.2909,-1.4962,-1.4921,-1.487,-1.4765,-1.4661,-1.457,-1.4569,-1.4465,-1.436,-1.4256,1.27,-1.4152,-1.4047,-1.3943,-1.3838,-1.3734,-1.3625,-1.3416,-1.3304,-1.3199,-1.3095,1.6811,1.2492,-1.2932,-1.2769,-1.2665,-1.2539,-1.2339,-1.2234,-1.203,-1.1821,-1.1612,-1.1466,1.2283,-1.1311,-1.1103,-1.0918,-1.0802,-1.0593,-1.0384,-1.0175,-0.99666,-0.98238,-0.96659,1.2074,-0.9457,-0.92482,-0.90551,-0.89475,-0.87387,-0.86249,-0.8438,-0.82291,-0.80776,-0.79732,1.1865,-0.78366,-0.76474,-0.7543,-0.74385,-0.72353,-0.71127,-0.70083,-0.69039,-0.67994,-0.6695,1.1705,-0.65906,-0.6497,-0.6497,-0.63943,-0.62899,-0.61855,-0.6146,-0.60937,-0.59892,-0.5912,1.1564,-0.58974,-0.5795,-0.5795,-0.57011,-0.55967,-0.5561,-0.55049,-0.5444,-0.5413,-0.53086,1.1356,-0.521,-0.521,-0.51123,-0.5093,-0.50205,-0.49161,-0.48117,-0.47072,-0.46028,-0.44984,1.1147,-0.4394,-0.41881,-0.40681,-0.39637,-0.37955,-0.36379,-0.34949,-0.3312,-0.31942,-0.29853,1.0938,-0.27765,-0.25676,-0.2439,-0.2267,-0.20581,-0.18493,-0.16404,-0.14316,-0.12228,-0.10139,1.0729,-0.080508,-0.059624,-0.03874,-0.017856,0.003028,0.023912,0.044796,0.06568,0.086564,0.11748,1.6706,1.052,0.14003,0.16092,0.1818,0.20268,0.22357,0.24445,0.26534,0.28622,0.3071,0.32799,1.0311,0.34097,0.35806,0.37894,0.3957,0.40901,0.42989,0.45043,0.46087,0.47131,0.48175,1.0103,0.49219,0.50264,0.50857,0.51182,0.52027,0.521,0.53145,0.54189,0.55233,0.56277,0.98937,0.57321,0.58366,0.59772,0.61624,0.62668,0.63712,0.65786,0.66971,0.68793,0.70881,0.96849,0.7297,0.75459,0.78317,0.80405,0.82517,0.85649,0.8784,0.89928,0.92707,0.95275,0.9476,0.97802,1.0125,1.0524,1.0837,1.115,1.1366,1.1574,1.1856,1.2109,1.2318,0.92824,1.2527,1.2758,1.3061,1.327,1.3479,1.3688,1.3897,1.4106,1.4314,1.4523,0.91754,1.4706,1.4824,1.5034,1.5347,1.5474,1.5579,1.5683,1.5843,1.6009,1.6114,0.89665,1.6218,1.6322,1.6427,1.6531,1.6636,1.674,1.6845,1.6949,1.7087,1.7275,0.87577,1.7379,1.7484,1.7588,1.7692,1.7797,1.7901,1.7955,1.7955,1.6602,0.85488,0.84093,0.82482,0.80393,0.78621,0.77386,0.75362,0.74318,0.72291,0.70203,1.6497,0.68846,0.67196,0.65587,0.64543,0.63499,0.62352,0.60264,0.59196,0.58152,0.57108,1.6393,0.56064,0.55019,0.53975,0.52931,0.51887,0.50843,0.49798,0.45955,0.45007,0.43644,1.6289,0.42667,0.40948,0.36771,0.33129,0.3198,0.28847,0.26686,0.23752,0.199,0.17504,1.6119,0.15056,0.11906,0.10645,0.083756,0.041988,0.030493,0.020051,0.009609,-0.000833,-0.021396,1.5596,-0.045117,-0.053014,-0.054301,-0.064948,-0.14848,-0.16753,-0.17797,-0.18841,-0.19885,-0.20929,1.0,1.0
-2.2616,-2.1753,-1.9062,-0.90896,-0.91914,-0.93776,-0.94512,-0.97344,-0.97659,-0.97659,-0.96738,-0.96002,-0.95405,-1.8763,-0.94531,-0.93796,-0.93061,-0.91198,-0.89335,-0.87515,-0.81293,-0.76984,-0.75122,-0.73989,-1.8577,-0.72524,-0.70661,-0.68798,-0.65809,-0.63946,-0.62083,-0.60221,-0.58358,-0.55368,-0.53506,-1.8391,-0.51643,-0.48653,-0.4679,-0.44928,-0.43065,-0.41203,-0.3934,-0.37477,-0.34487,-0.32625,-1.8204,-0.29635,-0.2777,-0.24783,-0.2292,-0.19975,-0.18068,-0.16205,-0.15376,-0.13607,-0.11744,-1.8018,-0.10868,-0.09146,-0.074863,-0.065479,-0.046853,-0.039498,-0.020872,-0.002245,0.00511,0.01531,-1.7832,0.026582,0.027174,0.037854,0.041883,0.049125,0.049125,0.049125,0.049125,0.037854,0.034782,-1.7646,0.026582,0.020073,0.012718,0.004039,-0.001992,-0.009346,-0.018505,-0.035328,-0.053954,-0.07258,-1.7459,-0.091207,-0.10983,-0.12846,-0.14709,-0.16571,-0.18434,-0.20296,-0.22159,-0.24777,-0.28102,-1.7273,-0.31157,-0.31157,-0.3003,-0.3003,-0.3003,-0.29762,-0.28902,-0.28291,-0.27336,-0.25521,-2.1454,-1.7087,-0.24394,-0.23267,-0.22359,-0.21624,-0.20888,-0.19026,-0.1829,-0.16427,-0.15376,-0.1131,-1.6901,-0.052038,-0.033411,-0.014785,0.003841,0.022468,0.041094,0.059721,0.078347,0.096973,0.1156,-1.6714,0.13423,0.15285,0.17148,0.19011,0.20873,0.23652,0.25201,0.26594,0.29451,0.31313,-1.6528,0.33176,0.35039,0.3733,0.39891,0.41754,0.43616,0.45479,0.47342,0.48872,0.4994,-1.6416,0.51126,0.52538,0.53381,0.55136,0.55872,0.57734,0.5847,0.59205,0.60144,0.61271,-1.6303,0.62539,0.63525,0.65137,0.66906,0.67735,0.69598,0.70333,0.72196,0.72931,0.73669,-1.6303,0.74402,0.74797,0.75873,0.75924,0.75924,0.75924,0.75924,0.75679,0.74797,0.73081,-1.6303,0.72148,0.69355,0.66365,0.64652,0.63767,0.61905,0.60042,0.59016,0.56317,0.53327,-1.6273,0.51464,0.49602,0.47739,0.43653,0.40982,0.40982,0.39855,0.40982,0.40982,0.40982,-1.6191,0.42109,0.43098,0.44431,0.45902,0.47745,0.48872,0.49999,0.49999,0.51126,0.52363,-2.116,-1.6191,0.54226,0.54961,0.56824,0.57889,0.61857,0.69175,0.71787,0.74027,0.7589,0.77753,-1.6052,0.79615,0.80432,0.82213,0.84076,0.85939,0.87801,0.89664,0.91527,0.93389,0.95252,-1.5965,0.96213,0.9785,0.99713,1.0158,1.0344,1.0417,1.0523,1.0564,1.0636,1.0712,-1.5793,1.0748,1.0859,1.0861,1.0893,1.0974,1.104,1.1087,1.1087,1.1199,1.1199,-1.5719,1.1199,1.1199,1.1217,1.1312,1.1312,1.1312,1.1312,1.1359,1.1425,1.1506,-1.5533,1.1537,1.1541,1.165,1.1613,1.1537,1.1537,1.157,1.1756,1.1943,1.2129,-1.5347,1.2315,1.2614,1.2936,1.3309,1.3569,1.3828,1.4109,1.4408,1.4594,1.4868,-1.516,1.508,1.5266,1.5452,1.5638,1.5825,1.6011,1.6197,1.6383,1.657,1.6756,-1.4974,1.6942,1.7061,1.7202,1.7388,1.7575,1.7761,1.7947,1.8133,1.832,1.8506,-1.4675,1.8692,1.8878,1.9065,1.9138,1.9324,1.9511,1.9697,1.9878,-2.09,-1.4477,-1.419,-1.3891,-1.3585,-1.3293,-1.2994,-1.2806,-1.2509,-1.2286,-1.2023,-2.0557,-1.1724,-1.1425,-1.1134,-1.094,-1.0641,-1.0455,-1.0156,-0.99697,-0.97834,-0.95971,-2.0268,-0.94109,-0.92246,-0.90383,-0.88521,-0.86658,-0.85923,-0.84133,-0.83325,-0.81879,-0.80727,-1.9959,-0.79625,-0.78498,-0.78498,-0.7737,-0.7737,-0.7737,-0.76243,-0.76243,-0.76243,-0.75116,-1.9635,-0.75116,-0.75116,-0.73989,-0.74166,-0.75116,-0.75116,-0.75116,-0.75116,-0.76243,-0.76325,-1.9263,-0.7737,-0.78498,-0.79659,-0.81521,-0.82257,-0.84119,-0.85982,-0.86717,-0.8858,-0.89316,5.0,5.0
-2.3915,-2.0677,-1.6785,-0.6408,-0.64181,-0.65193,-0.65296,-0.66001,-0.67013,-0.67728,-0.67822,-0.68834,-0.69846,-1.6563,-0.70858,-0.71871,-0.72883,-0.73895,-0.74907,-0.76816,-0.78147,-0.79159,-0.80457,-0.82399,-1.626,-0.83411,-0.84424,-0.85436,-0.86448,-0.8746,-0.88472,-0.89484,-0.90496,-0.9287,-0.94475,-1.6056,-0.94749,-0.95621,-0.94609,-0.94475,-0.938,-0.93259,-0.92992,-0.9198,-0.90968,-0.89955,-1.5854,-0.88943,-0.87931,-0.86658,-0.84691,-0.83679,-0.82667,-0.81655,-0.80642,-0.7963,-0.78567,-1.5651,-0.76542,-0.75378,-0.69114,-0.62722,-0.59436,-0.55433,-0.52397,-0.48506,-0.44458,-0.40856,-1.5488,-0.37576,-0.33528,-0.29479,-0.26278,-0.23242,-0.20206,-0.17169,-0.14133,-0.11096,-0.080599,-1.5386,-0.050235,-0.01987,0.010494,0.040858,0.071223,0.10159,0.13195,0.16232,0.19043,0.21067,-1.5285,0.23092,0.25116,0.2714,0.29165,0.3097,0.31982,0.32994,0.33183,0.33803,0.34815,-1.5184,0.35614,0.35614,0.35614,0.35614,0.35614,0.35204,0.34399,0.34395,0.33383,0.3156,-1.9701,-1.5083,0.30143,0.28727,0.26903,0.25891,0.2387,0.21845,0.19821,0.18195,0.16988,0.14964,-1.4981,0.13943,0.12931,0.11919,0.11299,0.1111,0.10098,0.04101,0.019947,0.009825,0.003564,-1.488,0.003564,0.003564,0.003564,0.003564,0.003564,0.007364,0.017485,0.027606,0.037728,0.047849,-1.4797,0.057971,0.068092,0.079916,0.10016,0.11061,0.12849,0.14302,0.15681,0.18855,0.27964,-1.4797,0.30265,0.32289,0.34313,0.36699,0.39578,0.41602,0.43626,0.45651,0.47675,0.49699,-1.4797,0.51875,0.54912,0.56988,0.59012,0.61036,0.63061,0.65085,0.67109,0.69134,0.70407,-1.4797,0.71966,0.73991,0.76015,0.78039,0.80064,0.82088,0.83571,0.84583,0.85595,0.86608,-1.4797,0.8762,0.87893,0.88428,0.89109,0.89109,0.89109,0.89109,0.88376,0.87893,0.87893,-1.4797,0.87772,0.86759,0.86677,0.86677,0.86155,0.85462,0.85346,0.84334,0.83322,0.8303,-1.4797,0.82513,0.81814,0.81705,0.80693,0.80598,0.79884,0.79383,0.79076,0.78064,0.77051,-1.9297,-1.4797,0.76039,0.75735,0.75231,0.74219,0.73206,0.72194,0.70276,0.68954,0.67942,0.6693,-1.4797,0.65827,0.63802,0.62678,0.61666,0.61146,0.60857,0.5993,0.5993,0.60824,0.61146,-1.4797,0.61632,0.62644,0.63735,0.6576,0.66897,0.68593,0.70137,0.71425,0.73523,0.76559,-1.4797,0.84884,0.89249,0.91747,0.94513,0.96604,0.99641,1.018,1.045,1.0753,1.1031,-1.4797,1.1239,1.1543,1.1759,1.2028,1.2286,1.2514,1.2812,1.3015,1.3217,1.342,-1.4797,1.3622,1.3825,1.4022,1.4123,1.4225,1.4326,1.4427,1.4528,1.4629,1.4731,-1.4797,1.4832,1.4868,1.4913,1.499,1.4993,1.5095,1.5111,1.5111,1.5111,1.5111,-1.4797,1.5111,1.5111,1.5111,1.5048,1.499,1.499,1.4992,1.5093,1.5111,1.5111,-1.472,1.5154,1.5255,1.5356,1.5458,1.5642,1.5844,1.6004,1.6149,1.6451,1.6654,-1.4675,1.6856,1.7059,1.7261,1.7463,1.7665,1.7766,1.7868,1.7908,-1.8892,-1.4675,-1.4659,-1.4558,-1.4554,-1.4477,-1.4376,-1.4275,-1.4174,-1.4072,-1.3875,-1.8507,-1.3748,-1.3592,-1.3389,-1.3172,-1.2868,-1.266,-1.2382,-1.2134,-1.1897,-1.1607,-1.8203,-1.1405,-1.1107,-1.0878,-1.0622,-1.0352,-1.0136,-0.98323,-0.96232,-0.94208,-0.92183,-1.7799,-0.90159,-0.88135,-0.86111,-0.84086,-0.82062,-0.80038,-0.78342,-0.77205,-0.75181,-0.74089,-1.7394,-0.72348,-0.70849,-0.69515,-0.67609,-0.66597,-0.65585,-0.65296,-0.64776,-0.6408,-0.63968,-1.7049,-0.62956,-0.62865,-0.62865,-0.62865,-0.62865,-0.62865,-0.62865,-0.62865,-0.63576,-0.6408,5.0,5.0
-2.3733,-2.1887,-1.8395,-0.78846,-0.78004,-0.77382,-0.76089,-0.74795,-0.73516,-0.73331,-0.72038,-0.70745,-0.7015,-1.8007,-0.69281,-0.67988,-0.67817,-0.66784,-0.66352,-0.65662,-0.64888,-0.6454,-0.6454,-0.64375,-1.7712,-0.63418,-0.62911,-0.61617,-0.61174,-0.60153,-0.59982,-0.5893,-0.58518,-0.57808,-0.57054,-1.7454,-0.56686,-0.55589,-0.55418,-0.54125,-0.5332,-0.52661,-0.52198,-0.51197,-0.49904,-0.4861,-1.721,-0.47317,-0.46588,-0.45853,-0.4456,-0.43267,-0.421,-0.41803,-0.4051,-0.39856,-0.39045,-1.7049,-0.38734,-0.37581,-0.3649,-0.36117,-0.34824,-0.33531,-0.32237,-0.30944,-0.29651,-0.28358,-1.6839,-0.27065,-0.25772,-0.24479,-0.23186,-0.21892,-0.20599,-0.19306,-0.18013,-0.1672,-0.15427,-1.671,-0.15172,-0.13963,-0.1267,-0.11806,-0.11205,-0.099122,-0.095615,-0.095615,-0.084395,-0.084395,-1.6581,-0.079346,-0.073175,-0.073175,-0.073175,-0.061955,-0.061955,-0.057859,-0.050735,-0.043217,-0.039515,-1.6451,-0.039515,-0.028294,-0.028294,-0.023442,-0.017074,-0.017074,-0.007088,-0.005377,0.007554,0.016586,-2.1533,-1.6322,0.022196,0.035128,0.039027,0.04977,0.062701,0.075632,0.088564,0.10149,0.11443,0.12736,-1.6216,0.14029,0.15322,0.16615,0.17908,0.19201,0.20494,0.21788,0.23081,0.24374,0.25667,-1.6176,0.2696,0.28253,0.29546,0.30839,0.31953,0.32304,0.33597,0.3489,0.36183,0.37476,-1.6103,0.38685,0.3894,0.40234,0.40929,0.41698,0.42051,0.43162,0.44455,0.45417,0.45919,-1.6103,0.46539,0.47384,0.47661,0.47726,0.48783,0.48783,0.49361,0.49905,0.50825,0.51027,-1.6012,0.51168,0.52149,0.52632,0.53271,0.53271,0.53271,0.53316,0.54393,0.54393,0.54952,-1.5883,0.55515,0.56416,0.56637,0.57759,0.58051,0.58881,0.59515,0.60808,0.62102,0.62273,-1.5866,0.63566,0.64859,0.65613,0.66323,0.67616,0.68909,0.69081,0.70374,0.71667,0.72346,-1.5736,0.73131,0.74424,0.75717,0.76834,0.77181,0.78475,0.79768,0.81061,0.82354,0.83647,-1.5655,0.8494,0.86233,0.87526,0.8882,0.89176,0.90284,0.9142,0.91748,0.93041,0.93664,-2.1223,-1.559,0.94505,0.94786,0.94786,0.94786,0.94786,0.94786,0.94786,0.95703,0.95908,0.95908,-1.5461,0.96216,0.9703,0.9703,0.97852,0.98152,0.99274,0.99487,1.0078,1.0207,1.0264,-1.5331,1.0354,1.0483,1.0601,1.0629,1.0713,1.0776,1.0905,1.0937,1.1049,1.1069,-1.5202,1.1198,1.1274,1.1345,1.1386,1.1491,1.161,1.1637,1.1767,1.1835,1.1913,-1.5073,1.1947,1.2059,1.2077,1.2171,1.2223,1.2352,1.2396,1.2499,1.2516,1.2645,-1.4943,1.2732,1.2792,1.2845,1.2938,1.3067,1.3084,1.3214,1.3343,1.3406,1.349,-1.4814,1.3518,1.363,1.363,1.367,1.3742,1.3742,1.3742,1.3742,1.3742,1.3742,-1.4685,1.3742,1.3742,1.366,1.363,1.363,1.363,1.363,1.363,1.363,1.363,-1.4466,1.363,1.3619,1.3546,1.363,1.3693,1.3822,1.3952,1.4083,1.4322,1.4488,-1.4314,1.48,1.5117,1.5463,1.5851,1.6127,1.6515,1.6903,1.7291,-2.0835,-1.4073,-1.3943,-1.3814,-1.3685,-1.3555,-1.3426,-1.3184,-1.3055,-1.2926,-1.2796,-2.0361,-1.2667,-1.2538,-1.2409,-1.2279,-1.215,-1.2021,-1.1891,-1.1762,-1.1633,-1.1503,-1.9947,-1.1486,-1.1357,-1.1279,-1.1211,-1.1166,-1.1166,-1.1159,-1.1054,-1.1013,-1.0942,-1.9559,-1.0866,-1.083,-1.072,-1.0605,-1.0574,-1.0444,-1.0315,-1.0186,-1.0056,-0.99269,-1.9171,-0.97976,-0.97079,-0.96512,-0.95219,-0.93926,-0.92633,-0.91469,-0.91169,-0.89875,-0.88582,-1.8783,-0.88103,-0.87118,-0.85859,-0.85654,-0.84737,-0.8419,-0.82896,-0.82493,-0.81432,-0.80139,3.0,5.0
0.51818,0.47833,0.3619,1.0261,0.9464,0.86278,0.68345,0.51037,0.41074,0.31111,0.21148,0.096216,-0.10304,0.3619,-0.28277,-0.3824,-0.4961,-0.65551,-0.79303,-0.87274,-0.95244,-1.0321,-1.1189,-1.2185,0.3619,-1.2947,-1.3346,-1.3658,-1.3857,-1.415,-1.4549,-1.4744,-1.4744,-1.4854,-1.5053,0.3619,-1.5018,-1.4819,-1.4619,-1.442,-1.4088,-1.3689,-1.301,-1.2213,-1.1712,-1.1314,0.3619,-1.0759,-1.0161,-0.89071,-0.75123,-0.66332,-0.58362,-0.52188,-0.46211,-0.2898,-0.11047,0.3619,-0.02881,0.050894,0.1306,0.21616,0.3955,0.56507,0.64477,0.72721,0.82684,0.9335,0.3619,1.073,1.1996,1.2793,1.3641,1.4637,1.5457,1.5856,1.6188,1.6387,1.6661,0.3619,1.7059,1.7294,1.7294,1.7114,1.6716,1.6415,1.6215,1.6016,1.5817,1.5278,0.35486,1.4481,1.3926,1.3527,1.3,1.2402,1.1257,0.98625,0.89013,0.81043,0.66978,0.33494,0.51037,0.41503,0.33533,0.25562,0.17592,0.008307,-0.17103,-0.25855,-0.33825,-0.41796,0.43926,0.31501,-0.49766,-0.65707,-0.81257,-0.87235,-0.93213,-0.99191,-1.0564,-1.156,-1.2463,-1.2861,0.29509,-1.326,-1.3658,-1.4104,-1.4701,-1.519,-1.5389,-1.5651,-1.6049,-1.6377,-1.6577,0.26656,-1.6698,-1.6698,-1.6612,-1.6413,-1.6307,-1.6307,-1.6104,-1.5705,-1.5307,-1.4908,0.22671,-1.451,-1.4111,-1.3713,-1.3314,-1.2517,-1.1521,-1.0806,-1.0208,-0.97589,-0.93603,0.19624,-0.83367,-0.71411,-0.64378,-0.58401,-0.47265,-0.3531,-0.26949,-0.18978,-0.12883,-0.069053,0.17631,0.049331,0.16772,0.22749,0.29196,0.43144,0.56311,0.62289,0.68267,0.74245,0.81277,0.14623,0.93233,1.0347,1.0745,1.1144,1.1543,1.2058,1.2855,1.3453,1.3652,1.3926,0.10637,1.4324,1.4559,1.4559,1.4559,1.4559,1.4559,1.4559,1.4453,1.4254,1.3941,0.066522,1.3543,1.3266,1.3066,1.2609,1.2011,1.155,1.1152,1.0753,1.0355,0.94991,0.02667,0.85028,0.78269,0.72291,0.61273,0.49318,0.40878,0.32908,0.26774,0.20796,0.071602,0.41933,-0.048346,-0.067881,-0.12766,-0.18978,-0.30934,-0.42421,-0.48398,-0.54142,-0.58127,-0.62737,-0.70708,-0.14798,-0.77897,-0.81882,-0.86805,-0.94776,-1.011,-1.031,-1.0509,-1.0708,-1.0978,-1.1376,-0.2226,-1.1697,-1.1896,-1.2009,-1.2009,-1.2009,-1.2009,-1.1908,-1.1708,-1.14,-1.1001,-0.28238,-1.072,-1.0521,-0.99464,-0.91494,-0.84852,-0.78874,-0.74302,-0.70317,-0.61878,-0.51915,-0.34216,-0.40389,-0.28433,-0.21401,-0.15423,-0.060067,0.039564,0.10325,0.16303,0.20405,0.2439,-0.40194,0.32283,0.40175,0.4416,0.48145,0.52131,0.5592,0.57913,0.59906,0.61898,0.63891,-0.51798,0.65884,0.67446,0.67446,0.67446,0.67446,0.6686,0.64868,0.63539,0.63539,0.62797,-0.65746,0.60804,0.59632,0.59632,0.59632,0.59632,0.59632,0.59632,0.58577,0.56585,0.56858,-0.7524,0.58851,0.59632,0.59632,0.59632,0.59632,0.59632,0.59632,0.59632,0.59632,0.61156,-0.83211,0.63149,0.63539,0.63539,0.61859,0.59867,0.57874,0.55881,0.53889,0.40097,-0.89618,-0.95596,-1.0486,-1.1482,-1.2134,-1.2732,-1.297,-1.317,-1.3744,-1.4342,0.40097,-1.4354,-1.4357,-1.4557,-1.4733,-1.4533,-1.4315,-1.3916,-1.3545,-1.3346,-1.3006,0.40097,-1.2009,-1.1142,-1.0743,-1.0091,-0.86961,-0.74771,-0.66801,-0.5883,-0.5086,-0.39178,0.40097,-0.21244,-0.057723,0.061834,0.1724,0.27203,0.43027,0.64946,0.80535,0.90498,1.0046,0.39784,1.1042,1.2402,1.3996,1.4817,1.5215,1.575,1.6348,1.6657,1.6856,1.6903,0.37792,1.6903,1.6903,1.6903,1.6231,1.5434,1.4989,1.459,1.3273,1.1879,1.1058,2.0,2.0
0.95674,1.0355,0.9203,1.7714,1.7664,1.7506,1.6593,1.593,1.527,1.401,1.3302,1.259,1.1679,0.88878,1.0103,0.91547,0.82982,0.73528,0.64074,0.54619,0.45165,0.3571,0.26256,0.15804,0.85727,0.052029,-0.042515,-0.13706,-0.2316,-0.32315,-0.40193,-0.65073,-0.83082,-0.89213,-0.9394,0.81385,-0.97488,-1.0064,-1.0375,-1.0532,-1.069,-1.0799,-1.0799,-1.0948,-1.0922,-1.0764,0.76658,-1.0606,-1.0449,-1.0291,-1.0089,-0.96159,-0.92665,-0.88849,-0.84025,-0.77722,-0.72523,0.71877,-0.66724,-0.58845,-0.5251,-0.45232,-0.37353,-0.29474,-0.21595,-0.1287,-0.034154,0.06039,0.65574,0.14207,0.22804,0.32259,0.41713,0.51167,0.60032,0.67932,0.77387,0.85812,0.93691,0.60332,1.0157,1.0945,1.1643,1.2273,1.2903,1.3668,1.4378,1.4988,1.5461,1.6055,0.54619,1.6556,1.6879,1.7352,1.7608,1.7766,1.7923,1.7928,1.7833,1.7676,1.7518,0.4674,1.7082,1.6279,1.5099,1.3523,1.258,1.1792,1.0991,1.0045,0.92137,0.8369,1.0539,0.40362,0.74235,0.64781,0.56334,0.47576,0.36546,0.26963,0.1663,0.055995,-0.054307,-0.16461,0.33127,-0.26741,-0.36195,-0.4565,-0.55104,-0.69532,-0.91003,-0.9573,-1.0046,-1.0518,-1.0991,0.25248,-1.1314,-1.1629,-1.1944,-1.2259,-1.2437,-1.2675,-1.2943,-1.2943,-1.3068,-1.3158,0.17369,-1.3158,-1.3158,-1.3046,-1.2889,-1.2731,-1.2418,-1.2103,-1.1788,-1.1473,-1.1015,0.094907,-1.0542,-1.0069,-0.95966,-0.91239,-0.86512,-0.81624,-0.75321,-0.69018,-0.62115,-0.54236,0.016119,-0.46357,-0.38478,-0.306,-0.22721,-0.14842,-0.060524,0.030591,0.10938,0.18816,0.26695,-0.062668,0.34574,0.42453,0.50331,0.5821,0.66089,0.73967,0.81846,0.892,0.95503,1.0181,-0.14145,1.0907,1.1656,1.2286,1.2776,1.3332,1.3936,1.4408,1.4753,1.5069,1.5384,-0.22024,1.5699,1.5899,1.6057,1.6213,1.6213,1.6112,1.5909,1.5594,1.5279,1.4608,-0.29903,1.3759,1.3286,1.268,1.205,1.1343,1.0082,0.91815,0.83936,0.76058,0.68179,1.0425,-0.37674,0.603,0.51918,0.42463,0.33009,0.23554,0.141,0.046455,-0.048089,-0.14263,-0.23718,-0.43977,-0.33172,-0.41373,-0.5817,-0.85,-0.92879,-0.99632,-1.0538,-1.1011,-1.164,-1.217,-0.51395,-1.2643,-1.3116,-1.3589,-1.3974,-1.426,-1.4417,-1.4575,-1.4732,-1.4873,-1.4873,-0.58727,-1.4991,-1.5026,-1.4873,-1.4873,-1.4768,-1.4562,-1.4247,-1.4081,-1.3831,-1.348,-0.6503,-1.3008,-1.2671,-1.2276,-1.1781,-1.1151,-1.0644,-1.0105,-0.94744,-0.88441,-0.82138,-0.71333,-0.75835,-0.69532,-0.63229,-0.56926,-0.51031,-0.46304,-0.41576,-0.36849,-0.32122,-0.27395,-0.77636,-0.22667,-0.18658,-0.15507,-0.12355,-0.092039,-0.060524,-0.029009,0.002506,0.02373,0.039488,-0.83939,0.055245,0.071002,0.077756,0.077756,0.077756,0.077756,0.070038,0.056317,0.056317,0.044204,-0.90242,0.028447,0.012689,-0.003068,-0.007999,-0.013144,-0.028902,-0.044659,-0.060417,-0.072315,-0.072315,-0.96545,-0.08625,-0.093754,-0.096326,-0.11208,-0.11519,-0.11519,-0.11648,-0.13224,1.0425,-1.0285,-1.0886,-1.1359,-1.1961,-1.2519,-1.2975,-1.3291,-1.3606,-1.3921,-1.4233,1.028,-1.439,-1.4444,-1.4444,-1.4444,-1.4444,-1.4262,-1.3981,-1.3823,-1.3396,-1.3001,1.0123,-1.2643,-1.2013,-1.1382,-1.0752,-1.0113,-0.93254,-0.84282,-0.74828,-0.65373,-0.54386,0.99651,-0.43356,-0.32325,-0.21295,-0.11669,-0.013788,0.096514,0.20682,0.30436,0.39891,0.49345,0.98075,0.588,0.68254,0.77709,0.87152,0.95031,1.0393,1.1293,1.2081,1.2723,1.3442,0.95181,1.4198,1.4828,1.5326,1.5799,1.6271,1.6744,1.7097,1.7349,1.7506,1.7664,2.0,2.0
0.45218,0.4228,0.38681,-1.5384,-1.5163,-1.5018,-1.4688,-1.4358,-1.4029,-1.3699,-1.3369,-1.3039,-1.2709,0.36404,-1.238,-1.205,-1.172,-1.139,-1.106,-1.0731,-1.0401,-1.0071,-0.97411,-0.94113,0.36404,-0.90815,-0.87517,-0.81443,-0.77983,-0.74685,-0.70469,-0.65151,-0.60215,-0.55617,-0.49961,0.36404,-0.46083,-0.39847,-0.36049,-0.29453,-0.24077,-0.19199,-0.12603,-0.060074,-0.020703,0.042466,0.34303,0.10843,0.17439,0.22874,0.27693,0.34289,0.40885,0.4488,0.51139,0.57353,0.61393,0.33466,0.66887,0.71646,0.78242,0.82657,0.88496,0.95092,0.9875,1.0535,1.109,1.156,0.33466,1.2043,1.2585,1.2997,1.3611,1.395,1.428,1.461,1.5074,1.5563,1.5687,0.33466,1.5929,1.6259,1.6589,1.6918,1.7156,1.7284,1.7449,1.765,1.7743,1.7471,0.33466,1.7141,1.6811,1.6481,1.6152,1.5822,1.5492,1.5162,1.4832,1.4494,1.3879,0.33466,1.3468,1.2926,1.2443,1.1972,1.1418,1.0758,1.0098,0.94387,0.87791,0.81195,0.4228,0.33466,0.74599,0.68003,0.59218,0.51873,0.45277,0.29867,0.2258,0.13737,0.057303,-0.023935,0.33466,-0.1112,-0.18524,-0.2797,-0.34926,-0.44188,-0.50784,-0.58731,-0.66914,-0.7351,-0.80106,0.31424,-0.86702,-0.96236,-1.0283,-1.0943,-1.1602,-1.2262,-1.2922,-1.3581,-1.4241,-1.4607,0.30528,-1.5215,-1.5545,-1.5874,-1.6045,-1.624,-1.657,-1.69,-1.7211,-1.6926,-1.6845,0.30528,-1.6515,-1.6185,-1.5855,-1.5526,-1.5196,-1.4866,-1.4536,-1.4206,-1.3877,-1.3547,0.30528,-1.3217,-1.2887,-1.2302,-1.1934,-1.157,-1.098,-1.065,-1.0179,-0.96971,-0.91535,0.30528,-0.87437,-0.81281,-0.77623,-0.71027,-0.64431,-0.59194,-0.54177,-0.47581,-0.40985,-0.34389,0.30528,-0.27793,-0.21197,-0.14601,-0.080053,-0.014092,0.051868,0.11783,0.18379,0.24975,0.31571,0.29264,0.38167,0.44763,0.5296,0.60893,0.67489,0.74085,0.80681,0.87277,0.93873,1.0047,0.2759,1.0552,1.1072,1.1732,1.2392,1.3051,1.367,1.4077,1.4736,1.5247,1.5762,0.4228,0.2759,1.6201,1.6787,1.7154,1.7778,1.8108,1.8437,1.891,1.9391,1.9721,2.005,0.2759,2.038,2.071,2.104,2.137,2.1699,2.1684,2.1563,2.1318,2.0988,1.9702,0.2759,0.793,0.73652,0.70354,0.65388,0.56765,0.51645,0.48347,0.42111,0.38284,0.32577,0.2759,0.29279,0.25981,0.22683,0.17057,0.13149,0.09851,0.06553,0.03255,-0.00043,-0.095404,0.2759,-0.16482,-0.16482,-0.16482,-0.16482,-0.16482,-0.16482,-0.16482,-0.16482,-0.16482,-0.16482,0.2759,-0.16482,-0.16482,-0.16482,-0.16482,-0.16482,-0.16482,-0.16482,-0.16482,-0.16482,-0.1361,0.2759,-0.13544,-0.13544,-0.13544,-0.13544,-0.13544,-0.13544,-0.1109,-0.10605,-0.10605,-0.10605,0.2759,-0.096506,-0.076674,-0.076674,-0.076674,-0.076674,-0.049129,-0.047293,-0.047293,-0.047293,-0.047293,0.2759,-0.047293,-0.047293,-0.070651,-0.076674,-0.076674,-0.076674,-0.076674,-0.076674,-0.076674,-0.076674,0.25305,-0.076674,-0.076674,-0.076674,-0.080861,-0.10605,-0.10605,-0.10605,-0.10605,0.4228,0.24652,0.24586,0.21288,0.18775,0.1763,0.14332,0.11034,0.077356,0.070231,0.040777,0.4228,0.007797,-0.017912,-0.028783,-0.061763,-0.094743,-0.12772,-0.1607,-0.19368,-0.22666,-0.25964,0.40121,-0.29262,-0.33949,-0.38796,-0.44203,-0.48331,-0.54457,-0.61053,-0.67649,-0.73275,-0.77903,0.39342,-0.84499,-0.91095,-0.95281,-1.0135,-1.0775,-1.116,-1.1729,-1.2186,-1.2845,-1.3306,0.39342,-1.3636,-1.4236,-1.4589,-1.4919,-1.5249,-1.5578,-1.5908,-1.6238,-1.6568,-1.6632,0.39342,-1.6934,-1.722,-1.722,-1.7105,-1.6926,-1.6739,-1.6409,-1.6339,-1.6043,-1.5714,0.0,2.0
0.66847,0.61652,0.55603,1.1632,1.2324,1.2895,1.3415,1.3934,1.4454,1.4694,1.4955,1.5266,1.5439,0.55603,1.5612,1.5679,1.5625,1.5454,1.5454,1.5207,1.4933,1.4719,1.42,1.3822,0.55603,1.3386,1.2828,1.2135,1.1443,1.0642,0.97766,0.89064,0.78675,0.68286,0.57897,0.55581,0.47283,0.35163,0.24482,0.13171,0.01051,-0.11069,-0.21571,-0.31959,-0.42348,-0.52737,0.5385,-0.63126,-0.72233,-0.80126,-0.87052,-0.93977,-1.009,-1.0688,-1.1208,-1.1727,-1.2083,0.53355,-1.2429,-1.2715,-1.2888,-1.3061,-1.3234,-1.3407,-1.3553,-1.3553,-1.3405,-1.3328,0.53355,-1.3283,-1.311,-1.2771,-1.2424,-1.2078,-1.1721,-1.1201,-1.0682,-1.0162,-0.96136,0.53355,-0.8921,-0.83791,-0.76618,-0.68433,-0.61507,-0.54581,-0.46486,-0.3848,-0.3142,-0.22762,0.53355,-0.14105,-0.054476,0.032097,0.11867,0.20524,0.29182,0.37839,0.46496,0.53445,0.61562,0.51938,0.7022,0.7872,0.85646,0.93943,1.0175,1.0833,1.1353,1.2027,1.2617,1.3188,0.58887,0.51106,1.388,1.44,1.4798,1.5214,1.5715,1.6062,1.6268,1.6529,1.684,1.7013,0.51106,1.7029,1.7134,1.7199,1.7026,1.6853,1.668,1.6435,1.6089,1.5742,1.5254,0.51106,1.4735,1.4177,1.3485,1.2792,1.2099,1.1351,1.0485,0.96192,0.87534,0.78877,0.51106,0.69995,0.59606,0.49217,0.38828,0.2844,0.18051,0.076621,-0.038286,-0.15364,-0.25753,0.51106,-0.36142,-0.46531,-0.56155,-0.64812,-0.7347,-0.82127,-0.90784,-0.99014,-1.0594,-1.1287,0.50544,-1.1979,-1.2611,-1.3131,-1.365,-1.4039,-1.4464,-1.4929,-1.5103,-1.5424,-1.5674,0.48813,-1.5847,-1.602,-1.6193,-1.6252,-1.6252,-1.624,-1.6067,-1.5894,-1.5721,-1.5519,0.47081,-1.5172,-1.4977,-1.4606,-1.4133,-1.3787,-1.3272,-1.2753,-1.2233,-1.17,-1.1008,0.4535,-1.0315,-0.96226,-0.893,-0.82374,-0.75448,-0.67511,-0.59348,-0.52422,-0.43787,-0.36322,0.43618,-0.28721,-0.20064,-0.11407,-0.041209,0.036594,0.12317,0.20974,0.2808,0.35006,0.41932,0.57852,0.41887,0.48858,0.55783,0.62709,0.69635,0.76381,0.81576,0.8677,0.91964,0.97159,1.0235,0.40155,1.0755,1.1169,1.1569,1.2084,1.2257,1.2554,1.29,1.3226,1.3399,1.3714,0.36985,1.397,1.4143,1.4317,1.433,1.4222,1.4049,1.3876,1.3703,1.3404,1.3057,0.33522,1.2711,1.2365,1.1875,1.1447,1.102,1.0328,0.97968,0.92774,0.86995,0.80069,0.29654,0.73143,0.66217,0.59291,0.52365,0.4544,0.37052,0.29339,0.21986,0.13329,0.063129,0.2446,-0.017373,-0.097875,-0.16713,-0.23639,-0.30565,-0.37491,-0.44147,-0.49341,-0.54536,-0.58763,0.19265,-0.62226,-0.65689,-0.67488,-0.6922,-0.70951,-0.7257,-0.7257,-0.73897,-0.74009,-0.7257,0.14071,-0.7257,-0.71064,-0.69332,-0.67601,-0.65869,-0.64138,-0.62406,-0.61327,-0.61192,-0.5946,0.088763,-0.59078,-0.59078,-0.59078,-0.59078,-0.59078,-0.6009,-0.61327,-0.61327,-0.63036,-0.64767,0.036145,-0.66499,-0.68073,-0.68073,-0.69444,-0.70321,-0.70659,-0.7239,-0.7257,0.57852,-0.033114,-0.10237,-0.17928,-0.26585,-0.35242,-0.439,-0.52557,-0.61214,-0.69872,-0.78529,0.57852,-0.87186,-0.95844,-1.045,-1.1316,-1.2051,-1.2665,-1.3184,-1.3704,-1.4075,-1.4421,0.57852,-1.4768,-1.5114,-1.5294,-1.5467,-1.5577,-1.5566,-1.5393,-1.522,-1.4965,-1.4619,0.57852,-1.4273,-1.3776,-1.3256,-1.269,-1.1997,-1.1305,-1.0495,-0.96293,-0.87771,-0.80845,0.57492,-0.7257,-0.63913,-0.54941,-0.44552,-0.35692,-0.26023,-0.15634,-0.052453,0.051436,0.15532,0.55761,0.25921,0.3631,0.46699,0.57088,0.66622,0.75617,0.86005,0.93291,1.0125,1.0939,0.0,0.0
1.6261,1.6836,1.7347,-0.37424,-0.39979,-0.43129,-0.46323,-0.49517,-0.5271,-0.55904,-0.59098,-0.62292,-0.66006,1.722,-0.69588,-0.72782,-0.76594,-0.80079,-0.8335,-0.87182,-0.90569,-0.93938,-0.9777,-1.0106,1.6466,-1.0425,-1.0745,-1.1064,-1.1383,-1.1703,-1.2022,-1.2342,-1.2641,-1.2897,-1.3152,1.5497,-1.3408,-1.3661,-1.3852,-1.4044,-1.4235,-1.4427,-1.4619,-1.4788,-1.4916,-1.5044,1.5306,-1.5172,-1.5294,-1.5358,-1.5422,-1.5486,-1.555,-1.5614,-1.5678,-1.5742,-1.5744,1.5065,-1.5744,-1.5737,-1.5673,-1.561,-1.5546,-1.5482,-1.5472,-1.5445,-1.5381,-1.5254,1.4744,-1.5162,-1.5099,-1.5035,-1.4925,-1.4797,-1.4669,-1.4541,-1.4414,-1.4286,-1.4158,1.4297,-1.403,-1.3903,-1.3775,-1.3647,-1.3519,-1.3392,-1.3264,-1.3136,-1.3008,-1.2881,1.4085,-1.2753,-1.2625,-1.2497,-1.2319,-1.2151,-1.2023,-1.1896,-1.1768,-1.164,-1.1512,1.3893,-1.1341,-1.1166,-1.1038,-1.091,-1.0757,-1.0565,-1.0436,-1.0273,-1.009,-0.9962,1.7116,1.3697,-0.98343,-0.96881,-0.94965,-0.93601,-0.92042,-0.90137,-0.8886,-0.87582,-0.86305,-0.85027,1.3441,-0.8375,-0.82472,-0.81195,-0.80492,-0.79549,-0.78271,-0.76994,-0.75716,-0.74571,-0.73932,1.3062,-0.72793,-0.71516,-0.70238,-0.68961,-0.68011,-0.67315,-0.66038,-0.65185,-0.64392,-0.63114,1.2658,-0.6236,-0.61721,-0.61082,-0.60444,-0.59805,-0.59166,-0.58527,-0.57889,-0.57427,-0.57427,1.2402,-0.56882,-0.56518,-0.56513,-0.55875,-0.55236,-0.54597,-0.53958,-0.5332,-0.52681,-0.52042,1.2147,-0.51403,-0.50765,-0.50126,-0.49487,-0.48848,-0.4821,-0.47571,-0.46439,-0.45161,-0.43884,1.1867,-0.42606,-0.41329,-0.40052,-0.38774,-0.37497,-0.36071,-0.34155,-0.32239,-0.30323,-0.28406,1.1548,-0.2649,-0.24574,-0.22585,-0.2003,-0.17916,-0.16,-0.14084,-0.11629,-0.09342,-0.074257,1.1289,-0.055095,-0.032273,-0.007678,0.011484,0.030646,0.049808,0.068971,0.088133,0.10439,0.11736,1.1,0.13653,0.1518,0.16576,0.18492,0.19922,0.21199,0.22477,0.2317,0.24123,0.25357,1.719,1.0687,0.25996,0.27046,0.28182,0.28821,0.2946,0.30099,0.30737,0.31376,0.32015,0.32588,1.0432,0.32588,0.33022,0.33661,0.34299,0.34406,0.34668,0.35306,0.35945,0.36584,0.37222,1.0133,0.37861,0.385,0.39139,0.39777,0.40971,0.42248,0.43526,0.44803,0.46463,0.48267,0.98298,0.49545,0.51302,0.53218,0.55134,0.57628,0.59876,0.61829,0.64384,0.66939,0.69628,0.95743,0.72821,0.75513,0.783,0.81493,0.84687,0.87881,0.91015,0.9357,0.96553,0.99746,0.93188,1.0294,1.0613,1.0907,1.1163,1.1418,1.1674,1.1929,1.2185,1.244,1.2696,0.90633,1.2951,1.3152,1.3344,1.3535,1.3727,1.3918,1.411,1.4302,1.4493,1.4665,0.88079,1.4792,1.4977,1.5139,1.5267,1.5394,1.5522,1.5637,1.5701,1.5814,1.592,0.85524,1.5984,1.6107,1.6202,1.6266,1.633,1.6394,1.6458,1.6522,1.6585,1.6649,0.82969,1.6713,1.6777,1.6841,1.689,1.6826,1.6762,1.6698,1.6634,1.7317,0.80505,0.78588,0.76213,0.73281,0.69448,0.67843,0.66279,0.64331,0.61138,0.59481,1.7399,0.58842,0.58203,0.57564,0.5608,0.52886,0.52011,0.51373,0.50734,0.50095,0.47829,1.7462,0.45181,0.44542,0.4138,0.38016,0.35461,0.33508,0.31924,0.30462,0.27269,0.25364,1.7526,0.24086,0.22809,0.21004,0.18831,0.16276,0.14971,0.13694,0.12248,0.09693,0.080427,1.7477,0.067652,0.054877,0.031101,0.011143,-0.001814,-0.027363,-0.052913,-0.082736,-0.13384,-0.15643,1.7414,-0.1692,-0.18198,-0.20048,-0.21964,-0.23881,-0.25797,-0.27713,-0.29759,-0.32314,-0.34869,1.0,1.0
-0.6213,-0.67409,-0.69659,-1.026,-0.98136,-0.9392,-0.8864,-0.83813,-0.79964,-0.74891,-0.71371,-0.67852,-0.6261,-0.70195,-0.5893,-0.5541,-0.50536,-0.46489,-0.42969,-0.39449,-0.36796,-0.34292,-0.30773,-0.27253,-0.71541,-0.2411,-0.22096,-0.18576,-0.15066,-0.13306,-0.11546,-0.097862,-0.080264,-0.062665,-0.045067,-0.71833,-0.03782,-0.028692,-0.011093,0.006505,0.024104,0.041702,0.0593,0.076899,0.094497,0.1121,-0.73423,0.12969,0.13158,0.14607,0.16367,0.18127,0.18804,0.19764,0.22362,0.25166,0.26926,-0.73423,0.28686,0.30446,0.32431,0.35847,0.37607,0.39367,0.42746,0.44769,0.46529,0.4954,-0.73423,0.51931,0.54698,0.58217,0.60975,0.63374,0.66376,0.68136,0.70169,0.73538,0.75298,-0.75108,0.77058,0.80483,0.8246,0.8422,0.87278,0.89621,0.91381,0.94073,0.96783,0.98543,-0.75305,1.0087,1.0394,1.057,1.0766,1.1111,1.1287,1.1463,1.1798,1.2003,1.2179,-0.75305,1.2355,1.2641,1.2895,1.3071,1.3247,1.3423,1.3648,1.3963,1.4139,1.4315,-0.67776,-0.76623,1.4491,1.4667,1.4843,1.5019,1.5195,1.5371,1.5547,1.5723,1.5899,1.6075,-0.77187,1.6251,1.6373,1.6415,1.6591,1.6767,1.6938,1.6938,1.7106,1.7282,1.7314,-0.77187,1.7183,1.7126,1.7019,1.6843,1.6667,1.6491,1.6315,1.6093,1.5741,1.5411,-0.78138,1.5225,1.4873,1.4521,1.4008,1.3629,1.3277,1.2925,1.2573,1.2121,1.1681,-0.7907,1.1329,1.0977,1.0625,1.0273,0.99211,0.95692,0.92172,0.88652,0.85132,0.81613,-0.7907,0.79505,0.76456,0.72936,0.70461,0.67779,0.65059,0.62622,0.59657,0.57897,0.56137,-0.7907,0.54378,0.52618,0.50858,0.50801,0.4922,0.47461,0.45701,0.45155,0.44063,0.43273,-0.7907,0.42426,0.4139,0.40788,0.39508,0.39151,0.37626,0.37626,0.37626,0.35876,0.35744,-0.78731,0.34238,0.33862,0.32601,0.3198,0.30963,0.30097,0.29326,0.28215,0.28215,0.2781,-0.77187,0.26333,0.26173,0.24451,0.24451,0.22776,0.22569,0.22569,0.2126,0.20686,0.20686,-0.69292,-0.77187,0.19745,0.18804,0.18804,0.1823,0.16922,0.16922,0.16922,0.16837,0.15077,0.1504,-0.77187,0.1504,0.1504,0.13685,0.13158,0.13158,0.13158,0.13158,0.12414,0.11275,0.11275,-0.77187,0.11275,0.11275,0.11275,0.11285,0.13045,0.13158,0.13158,0.13158,0.13158,0.13158,-0.77187,0.13158,0.13158,0.13158,0.13158,0.13703,0.1504,0.1504,0.1504,0.1504,0.1504,-0.77187,0.1504,0.1504,0.1504,0.1504,0.1504,0.1504,0.1504,0.1504,0.1504,0.1504,-0.77187,0.1504,0.14692,0.13158,0.13158,0.13158,0.13158,0.13158,0.13158,0.13158,0.13158,-0.77187,0.12028,0.11275,0.11275,0.11275,0.10636,0.093933,0.093933,0.091204,0.075111,0.075111,-0.78307,0.075111,0.075111,0.075111,0.0609,0.056289,0.056289,0.056289,0.056289,0.056289,0.063159,-0.80067,0.075111,0.079534,0.097132,0.11275,0.11351,0.13111,0.13158,0.13158,0.13158,0.13158,-0.84453,0.13158,0.13158,0.13158,0.12301,0.11275,0.10664,0.089039,0.071441,-0.71051,-0.8848,-0.91003,-0.99058,-1.0769,-1.1077,-1.2132,-1.3186,-1.4066,-1.4449,-1.5262,-0.71541,-1.5718,-1.607,-1.6772,-1.7339,-1.8059,-1.8795,-1.9351,-2.0008,-2.0401,-2.1457,-0.71541,-2.2419,-2.2595,-2.2771,-2.3628,-2.4508,-2.4221,-2.396,-2.3784,-2.3608,-2.3432,-0.71541,-2.3256,-2.308,-2.2844,-2.254,-2.2328,-2.1976,-2.1624,-2.1272,-2.092,-2.0568,-0.71541,-2.0216,-1.9726,-1.9198,-1.8784,-1.8331,-1.7803,-1.7352,-1.6935,-1.6407,-1.5879,-0.7076,-1.5351,-1.4839,-1.4483,-1.3955,-1.3427,-1.2899,-1.2372,-1.1844,-1.1316,-1.0788,4.0,4.0
0.32359,0.41583,0.34792,-0.99069,-0.88147,-0.78186,-0.6752,-0.5599,-0.44459,-0.32929,-0.20468,-0.074347,0.040956,0.34792,0.15626,0.27156,0.38686,0.50217,0.61747,0.73277,0.82593,0.91817,0.99082,1.0783,0.34792,1.1535,1.2227,1.2774,1.3367,1.394,1.4295,1.4619,1.4999,1.523,1.546,0.34792,1.5648,1.5619,1.5388,1.5153,1.4692,1.4453,1.3804,1.3112,1.242,1.1728,0.34792,1.1036,1.0199,0.92766,0.83542,0.74318,0.65094,0.55869,0.46645,0.36861,0.25763,0.34792,0.16539,0.071379,-0.043438,-0.13568,-0.25019,-0.3445,-0.43675,-0.52899,-0.63839,-0.72193,0.34403,-0.80572,-0.89796,-0.97815,-1.0581,-1.1409,-1.21,-1.2792,-1.3427,-1.3889,-1.435,0.32359,-1.4811,-1.5272,-1.5733,-1.5971,-1.6202,-1.6433,-1.6663,-1.6722,-1.6881,-1.6965,0.32359,-1.6831,-1.6722,-1.6613,-1.6287,-1.5909,-1.5608,-1.5147,-1.4641,-1.3981,-1.3482,0.32359,-1.2566,-1.1874,-1.0958,-1.0036,-0.91134,-0.8191,-0.72686,-0.63462,-0.52765,-0.42579,0.39916,0.32359,-0.32138,-0.21697,-0.11511,-0.008147,0.091154,0.20068,0.29742,0.4095,0.50174,0.59398,0.30174,0.68623,0.75602,0.84637,0.93862,1.0122,1.0814,1.1506,1.2198,1.289,1.3459,0.29925,1.403,1.4625,1.5002,1.5233,1.5463,1.5694,1.5925,1.6115,1.5885,1.5654,0.29925,1.5198,1.4737,1.4276,1.3815,1.3179,1.2326,1.1552,1.0725,0.99253,0.90132,0.28124,0.79575,0.70351,0.61126,0.51902,0.42216,0.3102,0.21589,0.10138,0.009133,-0.10568,0.27491,-0.22099,-0.31627,-0.42725,-0.54256,-0.64167,-0.73392,-0.82616,-0.9184,-1.0106,-1.0931,0.27491,-1.1623,-1.2315,-1.3006,-1.3698,-1.4356,-1.4838,-1.5522,-1.5983,-1.6444,-1.6905,0.26073,-1.7166,-1.7396,-1.7627,-1.7695,-1.7545,-1.7315,-1.7084,-1.6854,-1.6524,-1.6063,0.25057,-1.5675,-1.5324,-1.468,-1.4218,-1.3735,-1.3043,-1.2352,-1.166,-1.0968,-1.0276,0.25057,-0.93958,-0.84733,-0.7714,-0.68719,-0.59495,-0.5027,-0.41046,-0.31822,-0.22598,-0.12637,0.3966,0.25057,-0.017152,0.07509,0.16733,0.26183,0.37616,0.4684,0.56064,0.6314,0.72079,0.81303,0.25057,0.88763,0.97318,1.0503,1.1195,1.1887,1.2466,1.3027,1.3632,1.4093,1.4493,0.25057,1.4772,1.5198,1.5428,1.5659,1.5889,1.612,1.6135,1.6338,1.6379,1.6202,0.25057,1.6135,1.5984,1.5753,1.5522,1.5179,1.4717,1.4256,1.3795,1.3272,1.2629,0.25057,1.2132,1.144,1.0748,1.0056,0.93643,0.86724,0.77774,0.70454,0.63536,0.56618,0.25057,0.497,0.44175,0.38297,0.32517,0.27905,0.23292,0.19435,0.17129,0.14823,0.12517,0.25057,0.10211,0.080201,0.080201,0.057262,0.055863,0.055863,0.055863,0.055863,0.055863,0.055863,0.25057,0.055863,0.055863,0.055863,0.055863,0.055863,0.055863,0.055863,0.055863,0.055863,0.055863,0.25057,0.05708,0.080141,0.080201,0.080201,0.10065,0.10454,0.10454,0.12115,0.12888,0.12888,0.25057,0.12888,0.12888,0.1391,0.15322,0.15322,0.15961,0.17755,0.17372,0.3966,0.25057,0.25057,0.25057,0.25057,0.25057,0.26609,0.27491,0.26195,0.25057,0.24017,0.37865,0.2171,0.19404,0.17098,0.14263,0.10052,0.074725,0.028604,-0.017517,-0.063638,-0.13173,0.37226,-0.18022,-0.22634,-0.29059,-0.35978,-0.42896,-0.49814,-0.56732,-0.6365,-0.71615,-0.79921,0.37226,-0.86839,-0.93757,-1.0068,-1.0759,-1.1423,-1.1884,-1.2346,-1.2807,-1.3268,-1.3729,0.35815,-1.419,-1.4652,-1.4944,-1.5331,-1.5648,-1.5879,-1.611,-1.634,-1.6478,-1.6399,0.34792,-1.6168,-1.5883,-1.5422,-1.4961,-1.4484,-1.3792,-1.31,-1.2408,-1.1508,-1.0781,0.0,0.0
-1.945,-1.8527,-1.6506,-1.0893,-1.1089,-1.1253,-1.1255,-1.1339,-1.1364,-1.1331,-1.1253,-1.1253,-1.1127,-1.6422,-1.0995,-1.0902,-1.0734,-1.05,-1.0288,-1.0095,-0.97596,-0.94935,-0.91991,-0.87372,-1.6338,-0.77303,-0.72332,-0.68596,-0.65048,-0.60853,-0.57419,-0.53569,-0.49598,-0.46242,-0.4209,-1.6255,-0.38421,-0.35065,-0.31708,-0.28352,-0.25555,-0.22747,-0.19412,-0.16895,-0.1497,-0.13292,-1.6171,-0.11614,-0.099357,-0.088833,-0.080442,-0.072051,-0.06366,-0.06186,-0.06186,-0.063078,-0.07147,-1.6087,-0.072937,-0.081411,-0.096643,-0.10503,-0.11342,-0.12639,-0.14317,-0.15995,-0.17673,-0.19351,-1.6016,-0.2103,-0.22708,-0.24386,-0.25541,-0.26635,-0.28313,-0.29166,-0.30005,-0.30844,-0.31664,-1.6016,-0.31664,-0.38152,-0.43849,-0.43902,-0.44741,-0.44957,-0.45311,-0.46064,-0.46064,-0.46064,-1.6016,-0.46064,-0.46064,-0.46064,-0.46064,-0.45644,-0.44804,-0.43965,-0.43126,-0.42287,-0.41262,-1.606,-0.39584,-0.37906,-0.36228,-0.34331,-0.31813,-0.30085,-0.27887,-0.23353,-0.14123,-0.11473,-1.806,-1.6127,-0.084015,-0.053303,-0.027963,0.005601,0.039166,0.069545,0.095217,0.12878,0.15614,0.18132,-1.6127,0.20649,0.23166,0.25684,0.28201,0.30602,0.3228,0.34645,0.36744,0.38423,0.40101,-1.6127,0.41779,0.43457,0.45135,0.46814,0.47739,0.49062,0.50525,0.51364,0.52989,0.5415,-1.6127,0.54989,0.55828,0.56667,0.57506,0.58063,0.58076,0.58916,0.5917,0.59486,0.60278,-1.6127,0.60278,0.60278,0.60278,0.60278,0.60278,0.59627,0.58788,0.57949,0.5711,0.56271,-1.6127,0.55432,0.54593,0.53754,0.52914,0.51627,0.49948,0.4827,0.47343,0.46022,0.44343,-1.6127,0.42665,0.41771,0.40416,0.38738,0.3706,0.32114,0.29273,0.27874,0.27046,0.27046,-1.6127,0.26465,0.25938,0.25938,0.25938,0.25938,0.26284,0.27046,0.27046,0.27694,0.28154,-1.6104,0.28265,0.29104,0.29943,0.30782,0.31765,0.33443,0.34407,0.35692,0.37547,0.40065,-1.602,0.46321,0.50638,0.53155,0.55673,0.5819,0.60707,0.63225,0.65742,0.69074,0.7243,-1.7839,-1.5936,0.75509,0.78035,0.81392,0.84169,0.86997,0.90312,0.92829,0.95346,0.97864,1.0038,-1.5852,1.029,1.0542,1.0756,1.0923,1.1091,1.1259,1.1386,1.1484,1.1652,1.1748,-1.5768,1.1877,1.2027,1.2111,1.2195,1.2279,1.2363,1.2447,1.253,1.2563,1.2588,-1.5684,1.2671,1.2755,1.2839,1.2923,1.3007,1.3007,1.3064,1.3148,1.3228,1.3228,-1.5517,1.3289,1.3373,1.345,1.345,1.345,1.3487,1.356,1.356,1.356,1.356,-1.5349,1.356,1.356,1.356,1.356,1.356,1.356,1.356,1.356,1.354,1.3456,-1.5181,1.345,1.345,1.345,1.345,1.345,1.345,1.345,1.345,1.345,1.3507,-1.5013,1.3591,1.3675,1.3759,1.3843,1.3927,1.401,1.4094,1.4242,1.441,1.4578,-1.4845,1.4746,1.4914,1.5122,1.536,1.5528,1.5766,1.6018,1.627,1.6521,1.6773,-1.4677,1.7025,1.7277,1.7528,1.778,1.8082,1.8394,1.8646,1.8898,-1.7668,-1.4476,-1.4225,-1.3973,-1.3785,-1.358,-1.3328,-1.3077,-1.2825,-1.2613,-1.2432,-1.7416,-1.2181,-1.1929,-1.1677,-1.1442,-1.1274,-1.1033,-1.0781,-1.0549,-1.0381,-1.0137,-1.7225,-0.99347,-0.97438,-0.94921,-0.92404,-0.90418,-0.88477,-0.8596,-0.83442,-0.8149,-0.79812,-1.7023,-0.78133,-0.76455,-0.75375,-0.74206,-0.7265,-0.7265,-0.72019,-0.71542,-0.71637,-0.72476,-1.6778,-0.73315,-0.74154,-0.7512,-0.76799,-0.78477,-0.80584,-0.82941,-0.84619,-0.87029,-0.89546,-1.661,-0.91869,-0.93548,-0.9599,-0.98012,-0.9969,-1.0137,-1.0305,-1.0472,-1.064,-1.0808,5.0,5.0
2.0401,1.7838,1.385,-0.67503,-0.68724,-0.7114,-0.73581,-0.76022,-0.78464,-0.80905,-0.83346,-0.85787,-0.88228,1.3606,-0.90669,-0.9311,-0.95551,-0.97993,-0.99537,-1.0163,-1.0407,-1.0651,-1.0895,-1.1217,1.3267,-1.1508,-1.1752,-1.1996,-1.224,-1.2485,-1.2729,-1.2973,-1.3217,-1.3461,-1.3653,1.2993,-1.3825,-1.4021,-1.4188,-1.439,-1.4552,-1.4759,-1.4881,-1.5003,-1.5125,-1.5247,1.2749,-1.5369,-1.5491,-1.5593,-1.5611,-1.5718,-1.573,-1.5842,-1.5842,-1.5842,-1.5842,1.2505,-1.5842,-1.5842,-1.5842,-1.5725,-1.5718,-1.5718,-1.5608,-1.5593,-1.5489,-1.5469,1.2007,-1.5369,-1.5247,-1.522,-1.5127,-1.5005,-1.4883,-1.4677,-1.4515,-1.4393,-1.4271,1.1643,-1.4074,-1.3902,-1.378,-1.359,-1.3411,-1.3227,-1.3042,-1.2863,-1.2674,-1.2499,1.1399,-1.2255,-1.2059,-1.1892,-1.1648,-1.1403,-1.1197,-1.104,-1.0796,-1.0581,-1.0432,1.0923,-1.0188,-0.99662,-0.98242,-0.95975,-0.94605,-0.92288,-0.90968,-0.88602,-0.87381,-0.86136,1.7546,1.0537,-0.83695,-0.82474,-0.81253,-0.80033,-0.78812,-0.77592,-0.76371,-0.75151,-0.7393,-0.72709,1.0293,-0.71489,-0.70268,-0.69048,-0.68749,-0.67852,-0.67503,-0.66656,-0.66258,-0.65461,-0.65012,1.0049,-0.64265,-0.63044,-0.61824,-0.60603,-0.59383,-0.58785,-0.58187,-0.57539,-0.56991,-0.56294,0.98046,-0.56294,-0.55821,-0.55049,-0.54625,-0.53404,-0.52558,-0.52209,-0.51312,-0.51013,-0.49793,0.96252,-0.48821,-0.48373,-0.46131,-0.4491,-0.4369,-0.42469,-0.41249,-0.39953,-0.37562,-0.36317,0.94409,-0.33875,-0.32655,-0.30239,-0.28968,-0.26602,-0.25282,-0.22965,-0.21595,-0.20374,-0.18133,0.91968,-0.16688,-0.15467,-0.133,-0.11781,-0.1056,-0.093395,-0.081189,-0.068983,-0.056778,-0.044572,0.901,-0.032366,-0.012937,0.0045,0.016706,0.028911,0.041117,0.053323,0.065528,0.077734,0.084709,0.88331,0.089691,0.1019,0.1141,0.12631,0.13851,0.15072,0.16292,0.17513,0.18734,0.19954,0.86413,0.21175,0.22171,0.2237,0.23417,0.23566,0.24662,0.24762,0.25908,0.25957,0.27153,1.7302,0.85192,0.27153,0.28374,0.29594,0.30815,0.32035,0.33256,0.34476,0.35697,0.36918,0.38138,0.83498,0.39359,0.40579,0.418,0.4302,0.44241,0.45462,0.47529,0.49148,0.51166,0.52835,0.81506,0.54055,0.55276,0.56497,0.57717,0.58938,0.60158,0.61379,0.62599,0.6382,0.65041,0.79862,0.66261,0.67482,0.68702,0.7077,0.73634,0.75229,0.77321,0.78541,0.80061,0.82228,0.77819,0.83698,0.86363,0.89626,0.91021,0.93462,0.95779,0.97099,0.99466,1.0084,1.0564,0.76599,1.0686,1.093,1.1175,1.1302,1.1538,1.1782,1.2246,1.2413,1.2639,1.2883,0.75029,1.3128,1.3274,1.3491,1.392,1.4139,1.4348,1.4592,1.4754,1.4956,1.52,0.72912,1.5369,1.5636,1.5863,1.6052,1.6231,1.6353,1.6475,1.6712,1.6969,1.7091,0.71691,1.7262,1.7459,1.7581,1.7703,1.7825,1.7985,1.8194,1.8316,1.8438,1.8533,0.70471,1.8558,1.868,1.8782,1.8799,1.8907,1.8919,1.9021,1.8899,1.6485,0.6925,0.6803,0.66809,0.65589,0.64368,0.63147,0.61927,0.60706,0.59535,0.59511,1.6191,0.5829,0.57069,0.55849,0.54628,0.53408,0.52187,0.47679,0.4601,0.40604,0.37565,1.5399,0.36121,0.31014,0.24911,0.21573,0.16442,0.11211,0.080225,0.064034,0.027915,0.002258,1.508,-0.032366,-0.059518,-0.071723,-0.083929,-0.11556,-0.16439,-0.19527,-0.20175,-0.22915,-0.26403,1.4522,-0.26403,-0.26876,-0.27648,-0.28495,-0.30936,-0.33004,-0.33875,-0.34199,-0.36018,-0.40775,1.4116,-0.47825,-0.49045,-0.50465,-0.52732,-0.54102,-0.56543,-0.58885,-0.6018,-0.62621,-0.65062,1.0,1.0
-0.75028,-0.76878,-0.81178,-1.4165,-1.3795,-1.3414,-1.2859,-1.248,-1.1954,-1.1535,-1.1049,-1.059,-1.0144,-0.81178,-0.9645,-0.9275,-0.89049,-0.85349,-0.81649,-0.79563,-0.76299,-0.72599,-0.68898,-0.65198,-0.82879,-0.61498,-0.58213,-0.56148,-0.52463,-0.50613,-0.48763,-0.45447,-0.44279,-0.43213,-0.41362,-0.83228,-0.39512,-0.37662,-0.35812,-0.33962,-0.32112,-0.30262,-0.29929,-0.28612,-0.27879,-0.26962,-0.83228,-0.25111,-0.23261,-0.21411,-0.19561,-0.17711,-0.15861,-0.14011,-0.12161,-0.10311,-0.084608,-0.83228,-0.05842,-0.027106,-0.008606,0.009895,0.028396,0.06509,0.085897,0.1044,0.1351,0.1619,-0.8413,0.1886,0.2194,0.2421,0.2769,0.29561,0.33261,0.3529,0.38611,0.42311,0.4494,-0.85278,0.47662,0.51362,0.55062,0.58762,0.62462,0.66163,0.68141,0.71513,0.75213,0.78913,-0.85278,0.82613,0.86314,0.90014,0.93714,0.97414,1.0111,1.0481,1.0851,1.1084,1.1386,-0.8558,1.1757,1.2127,1.2497,1.2867,1.3219,1.3404,1.3772,1.4142,1.4369,1.4677,-0.78728,-0.87328,1.5047,1.5334,1.5582,1.5909,1.6117,1.6484,1.6669,1.6854,1.7187,1.7429,-0.87328,1.7507,1.7594,1.7779,1.7964,1.8122,1.8129,1.8314,1.8327,1.8327,1.8459,-0.87328,1.8532,1.8532,1.8459,1.8327,1.8327,1.8314,1.8129,1.7944,1.7759,1.7574,-0.87328,1.7271,1.6999,1.6736,1.6366,1.6034,1.5831,1.5461,1.5091,1.4721,1.4351,-0.87328,1.3981,1.3611,1.3241,1.2808,1.2296,1.1926,1.1553,1.0998,1.0611,1.0241,-0.87328,0.98706,0.95005,0.91305,0.87605,0.83905,0.80487,0.78555,0.74854,0.72886,0.69504,-0.87328,0.67136,0.65286,0.63436,0.61586,0.59736,0.58219,0.58086,0.56236,0.56169,0.54586,-0.87328,0.54119,0.52935,0.52069,0.51285,0.50019,0.49635,0.47969,0.47969,0.46135,0.45919,-0.87328,0.44484,0.43869,0.42834,0.41819,0.41184,0.39769,0.39534,0.3772,0.3772,0.36033,-0.87328,0.3567,0.34383,0.3362,0.32733,0.3157,0.3157,0.31283,0.2952,0.2952,0.27782,-0.79128,-0.87328,0.2747,0.26132,0.2542,0.24482,0.2337,0.22832,0.2132,0.21182,0.19331,0.1927,-0.87328,0.1927,0.17881,0.1722,0.16231,0.1517,0.1517,0.14781,0.1312,0.1312,0.1312,-0.89131,0.1312,0.1312,0.1188,0.1107,0.1107,0.1107,0.1107,0.1107,0.1107,0.1107,-0.89377,0.1107,0.1107,0.1107,0.1107,0.1107,0.1107,0.1107,0.1107,0.1107,0.1107,-0.89377,0.12813,0.1312,0.1312,0.1312,0.1312,0.1312,0.1312,0.1312,0.1312,0.1312,-0.89377,0.14914,0.1517,0.1517,0.1517,0.16164,0.1722,0.1722,0.17615,0.1927,0.1927,-0.89377,0.1927,0.1927,0.1927,0.1927,0.20315,0.2132,0.2132,0.2132,0.2132,0.2132,-0.89377,0.2132,0.2132,0.2132,0.2132,0.2132,0.2132,0.2132,0.2132,0.2132,0.2132,-0.89377,0.2132,0.2132,0.2132,0.2132,0.2132,0.2132,0.22068,0.2337,0.2337,0.2337,-0.89377,0.2337,0.2337,0.2337,0.2337,0.2337,0.24369,0.2542,0.2542,-0.79128,-0.89582,-0.91427,-0.91427,-0.91427,-0.89972,-0.89377,-0.88322,-0.87328,-0.86672,-0.85278,-0.79128,-0.86303,-0.93534,-0.95384,-1.0406,-1.0578,-1.1493,-1.2123,-1.2308,-1.2847,-1.3703,-0.79978,-1.3919,-1.4278,-1.4463,-1.5527,-1.6014,-1.6792,-1.7369,-1.7643,-1.7828,-1.8013,-0.81178,-1.8198,-1.8447,-1.9372,-1.9573,-2.0402,-2.1468,-2.1973,-2.2158,-2.2262,-2.2201,-0.81178,-2.1975,-2.1626,-2.144,-2.107,-2.07,-2.033,-1.996,-1.959,-1.9134,-1.8645,-0.81178,-1.8229,-1.77,-1.733,-1.696,-1.6419,-1.6015,-1.5645,-1.5275,-1.4905,-1.4535,4.0,4.0
0.3463,0.32702,0.28519,0.74118,0.82814,0.90383,0.97246,1.0496,1.1149,1.1727,1.2432,1.294,1.3462,0.27108,1.3899,1.4285,1.467,1.5055,1.5281,1.5474,1.5497,1.5497,1.5319,1.5126,0.27108,1.4745,1.4543,1.3965,1.3387,1.279,1.1995,1.106,1.0256,0.93297,0.85165,0.27108,0.75528,0.66408,0.58134,0.48498,0.38861,0.29929,0.21467,0.1183,0.030397,-0.05563,0.27108,-0.152,-0.2385,-0.31559,-0.39269,-0.46978,-0.54688,-0.62397,-0.70107,-0.77816,-0.85526,0.27108,-0.93235,-1.0094,-1.0715,-1.1448,-1.2059,-1.2638,-1.3216,-1.362,-1.4184,-1.4579,0.27108,-1.4777,-1.5162,-1.5538,-1.5731,-1.5924,-1.6116,-1.6281,-1.6248,-1.6055,-1.5863,0.27108,-1.5623,-1.5237,-1.4852,-1.4466,-1.4081,-1.3625,-1.3122,-1.2656,-1.2078,-1.15,0.27108,-1.0922,-1.0245,-0.9474,-0.8703,-0.7932,-0.70436,-0.62021,-0.53042,-0.43405,-0.33769,0.27108,-0.24132,-0.15952,-0.067383,0.013473,0.090568,0.16766,0.22784,0.30305,0.38015,0.43891,0.30869,0.27108,0.51553,0.57382,0.64998,0.70921,0.78442,0.84225,0.89725,0.93908,0.99691,1.0505,0.27108,1.089,1.1276,1.1661,1.2047,1.2432,1.2818,1.3203,1.3589,1.389,1.4172,0.27108,1.4463,1.4656,1.4849,1.5041,1.5121,1.5121,1.4999,1.4806,1.4614,1.4285,0.27108,1.3899,1.3368,1.279,1.2211,1.1633,1.089,1.0119,0.93485,0.85776,0.78066,0.2598,0.70357,0.60767,0.52963,0.43327,0.3369,0.24053,0.14698,0.066594,-0.029775,-0.12614,0.24053,-0.21781,-0.30008,-0.39081,-0.4679,-0.55158,-0.64089,-0.71799,-0.80308,-0.89098,-0.96808,0.22125,-1.0452,-1.1223,-1.1994,-1.2765,-1.3423,-1.4001,-1.4579,-1.503,-1.5548,-1.5989,0.20198,-1.6234,-1.6572,-1.6807,-1.7,-1.7193,-1.7057,-1.7033,-1.6859,-1.6666,-1.629,0.16954,-1.6093,-1.5707,-1.5322,-1.4936,-1.4551,-1.4165,-1.378,-1.3362,-1.2821,-1.2436,0.14463,-1.2003,-1.1425,-1.0847,-1.033,-0.98782,-0.92295,-0.85338,-0.79556,-0.72927,-0.65218,0.30869,0.11125,-0.57508,-0.49799,-0.42089,-0.33298,-0.2479,-0.1708,-0.093708,-0.016613,0.060482,0.13758,0.072705,0.21467,0.29177,0.36886,0.43044,0.50425,0.58134,0.65844,0.71814,0.79383,0.85259,0.034157,0.91041,0.94943,1.0063,1.0463,1.1022,1.1408,1.1793,1.2211,1.2714,1.2949,-0.00439,1.3335,1.3669,1.3918,1.4242,1.4435,1.4628,1.4745,1.4825,1.5018,1.5211,-0.042938,1.5403,1.5596,1.5582,1.5389,1.5196,1.4886,1.4623,1.4303,1.3918,1.3396,-0.081485,1.2959,1.2428,1.1849,1.1426,1.0881,1.0303,0.97246,0.91464,0.87468,0.8178,-0.13696,0.75998,0.70216,0.64528,0.60532,0.54938,0.50848,0.45348,0.41493,0.38015,0.35664,-0.17738,0.32279,0.30352,0.28425,0.26497,0.2457,0.22642,0.20715,0.18788,0.1686,0.14933,-0.2338,0.13006,0.11078,0.10185,0.11266,0.12065,0.12065,0.12065,0.10796,0.10185,0.10185,-0.29162,0.10185,0.10185,0.086808,0.083047,0.083047,0.083047,0.083047,0.10044,0.30681,-0.34944,-0.38846,-0.44628,-0.5041,-0.56192,-0.61974,-0.67756,-0.73538,-0.7932,-0.8468,0.28989,-0.89004,-0.94787,-1.0,-1.0447,-1.0959,-1.1415,-1.1918,-1.2304,-1.2689,-1.3075,0.28989,-1.346,-1.3747,-1.4043,-1.4321,-1.4513,-1.4706,-1.4777,-1.4904,-1.4833,-1.464,0.28989,-1.4448,-1.4255,-1.4062,-1.3714,-1.3329,-1.2943,-1.2389,-1.1984,-1.142,-1.0842,0.28989,-1.0264,-0.96808,-0.89098,-0.81389,-0.73679,-0.65735,-0.5638,-0.48341,-0.38705,-0.29068,0.28989,-0.19431,-0.097939,-0.00157,0.10091,0.20997,0.30634,0.39519,0.48027,0.57664,0.66408,0.0,0.0
0.47255,0.37176,0.329,1.0707,1.1513,1.2319,1.294,1.3544,1.4149,1.4754,1.5323,1.5726,1.613,0.329,1.6371,1.6573,1.6774,1.6976,1.7167,1.7167,1.7167,1.7167,1.7167,1.7105,0.329,1.688,1.6476,1.6261,1.5909,1.5506,1.5028,1.4461,1.4058,1.3253,1.261,0.329,1.1879,1.1161,1.0506,0.9687,0.86792,0.78478,0.69027,0.58949,0.4887,0.38791,0.329,0.28713,0.18634,0.085557,-0.015229,-0.11602,-0.2168,-0.31747,-0.3981,-0.49523,-0.58328,0.329,-0.66391,-0.74454,-0.82373,-0.8842,-0.94467,-1.0051,-1.0553,-1.0891,-1.1093,-1.1294,0.31751,-1.1496,-1.1698,-1.1783,-1.1705,-1.1544,-1.1541,-1.1339,-1.1138,-1.0936,-1.0643,0.30507,-1.024,-0.98367,-0.94336,-0.90304,-0.86273,-0.81195,-0.75148,-0.691,-0.63053,-0.57006,0.30507,-0.49404,-0.42519,-0.35671,-0.27608,-0.19545,-0.11482,-0.051058,0.022513,0.10314,0.18377,0.30489,0.26619,0.36698,0.44958,0.53021,0.61084,0.69147,0.76899,0.82946,0.90943,0.99006,0.35292,0.28474,1.0707,1.1431,1.2036,1.2641,1.3245,1.385,1.4322,1.4725,1.5128,1.5512,0.28115,1.5713,1.5915,1.6116,1.621,1.621,1.6177,1.5975,1.5774,1.5572,1.5249,0.28115,1.4846,1.4443,1.404,1.3637,1.3061,1.2456,1.1755,1.1008,1.0381,0.95752,0.27212,0.85835,0.77234,0.6807,0.57268,0.4552,0.35442,0.23377,0.11283,-0.008111,-0.12905,0.25722,-0.25478,-0.39487,-0.51581,-0.63675,-0.74406,-0.85471,-0.96956,-1.0703,-1.1711,-1.2532,0.25573,-1.3338,-1.4033,-1.4637,-1.5206,-1.5609,-1.6012,-1.6415,-1.6693,-1.6895,-1.7047,0.23557,-1.7047,-1.7047,-1.7047,-1.7047,-1.7047,-1.6984,-1.6782,-1.6581,-1.619,-1.5938,0.21541,-1.5623,-1.5144,-1.4578,-1.4174,-1.3569,-1.2964,-1.236,-1.1755,-1.115,-1.0532,0.19525,-0.97255,-0.90968,-0.83521,-0.75459,-0.68042,-0.61725,-0.53662,-0.456,-0.37537,-0.29474,0.1751,-0.21411,-0.13749,-0.076777,0.003851,0.08448,0.15225,0.21272,0.27852,0.35759,0.41806,0.35292,0.15494,0.47853,0.539,0.59948,0.65331,0.69649,0.75696,0.81744,0.86242,0.90273,0.94304,0.13478,0.97917,0.99975,1.0401,1.0636,1.0837,1.1039,1.124,1.1442,1.1644,1.1845,0.11463,1.2047,1.2248,1.245,1.2651,1.2853,1.3055,1.2943,1.2741,1.254,1.2338,0.094469,1.2136,1.1935,1.1563,1.116,1.0757,1.0354,0.99508,0.95477,0.91445,0.8596,0.05888,0.8099,0.76259,0.70212,0.64164,0.58117,0.5207,0.46023,0.39976,0.33929,0.27881,0.018566,0.21834,0.15787,0.0974,0.036928,-0.023543,-0.084015,-0.14449,-0.18648,-0.2415,-0.29103,-0.021749,-0.33134,-0.37166,-0.41197,-0.45229,-0.4926,-0.53292,-0.56474,-0.58489,-0.60505,-0.62521,-0.062063,-0.64537,-0.66552,-0.67587,-0.66983,-0.65195,-0.65195,-0.63328,-0.62802,-0.62802,-0.62802,-0.10274,-0.62802,-0.62802,-0.62802,-0.64423,-0.65195,-0.65195,-0.65685,-0.67701,-0.69716,-0.6998,-0.16321,-0.71355,-0.73371,-0.75387,-0.77402,-0.79418,-0.7955,-0.81057,-0.84203,0.35292,-0.22368,-0.28415,-0.35383,-0.42902,-0.49117,-0.57179,-0.65242,-0.73305,-0.81368,-0.89431,0.34784,-0.97494,-1.0556,-1.1362,-1.2168,-1.2856,-1.3542,-1.4305,-1.491,-1.5514,-1.595,0.329,-1.6353,-1.6756,-1.7103,-1.7304,-1.7506,-1.7343,-1.7141,-1.6833,-1.6499,-1.6234,0.329,-1.5629,-1.5024,-1.442,-1.3815,-1.3128,-1.2321,-1.1515,-1.0709,-0.99025,-0.90962,0.329,-0.81942,-0.72444,-0.64381,-0.56318,-0.46413,-0.378,-0.28648,-0.1857,-0.084912,0.015874,0.329,0.11666,0.21745,0.31823,0.41902,0.5198,0.62059,0.72138,0.82216,0.90943,0.99006,0.0,0.0
1.9698,1.8793,1.6957,-0.39341,-0.39692,-0.4097,-0.42247,-0.43525,-0.44803,-0.46081,-0.47359,-0.48637,-0.48987,1.6702,-0.50265,-0.51543,-0.52821,-0.54708,-0.56304,-0.57582,-0.59593,-0.61065,-0.62343,-0.64477,1.6446,-0.65827,-0.67105,-0.68382,-0.70062,-0.71866,-0.74999,-0.76277,-0.77555,-0.7976,-0.81038,1.619,-0.82386,-0.84522,-0.858,-0.8727,-0.89283,-0.90561,-0.91839,-0.93117,-0.94483,-0.966,1.5961,-0.97878,-1.0008,-1.0136,-1.0355,-1.0484,-1.0612,-1.074,-1.0868,-1.0996,-1.1123,1.5772,-1.1251,-1.1379,-1.1507,-1.1564,-1.167,-1.1797,-1.1925,-1.196,-1.2088,-1.2216,1.5516,-1.2344,-1.2471,-1.2599,-1.2727,-1.2855,-1.2982,-1.311,-1.3234,-1.3273,-1.3401,1.5261,-1.3512,-1.3564,-1.3691,-1.3819,-1.3883,-1.3976,-1.4017,-1.4069,-1.418,-1.4308,1.5005,-1.4347,-1.447,-1.4467,-1.4432,-1.4347,-1.427,-1.4162,-1.4107,-1.3979,-1.3883,1.475,-1.3816,-1.3698,-1.3653,-1.3526,-1.342,-1.3363,-1.3235,-1.3107,-1.3049,-1.2944,1.8608,1.4494,-1.2817,-1.2689,-1.2561,-1.2433,-1.2306,-1.2178,-1.205,-1.1909,-1.1702,-1.1574,1.4153,-1.1446,-1.1318,-1.119,-1.1063,-1.0935,-1.0714,-1.0587,-1.0459,-1.0238,-1.011,1.3983,-0.98898,-0.97621,-0.96343,-0.95065,-0.93787,-0.91639,-0.90303,-0.89026,-0.8682,-0.85127,1.3791,-0.83337,-0.82059,-0.80781,-0.78615,-0.77297,-0.7602,-0.74742,-0.7303,-0.71258,-0.6998,1.3657,-0.68702,-0.66518,-0.65219,-0.63941,-0.62663,-0.61385,-0.6091,-0.59757,-0.58479,-0.57202,1.3442,-0.56272,-0.54875,-0.53368,-0.5209,-0.50812,-0.49534,-0.48256,-0.46995,-0.46628,-0.46067,1.3315,-0.45139,-0.4465,-0.44212,-0.43022,-0.42356,-0.41394,-0.40501,-0.39766,-0.39416,-0.38138,1.3076,-0.37718,-0.3679,-0.3616,-0.35809,-0.34935,-0.34181,-0.33831,-0.3308,-0.3308,-0.31853,1.2821,-0.31224,-0.30225,-0.28947,-0.26897,-0.25269,-0.23258,-0.21085,-0.19774,-0.17829,-0.16201,1.2565,-0.14085,-0.12808,-0.11103,-0.083965,-0.071186,-0.055044,-0.036352,-0.03176,-0.006202,0.011261,1.8387,1.2217,0.02404,0.04264,0.058874,0.071653,0.091482,0.10649,0.11927,0.13205,0.14482,0.1576,1.1961,0.16134,0.17943,0.18666,0.19798,0.20294,0.21572,0.2285,0.23509,0.24478,0.25756,1.1706,0.26292,0.27384,0.28147,0.29012,0.30002,0.3064,0.3099,0.32268,0.33546,0.33896,1.145,0.35174,0.36452,0.3773,0.39008,0.40365,0.42491,0.43769,0.46902,0.49284,0.52216,1.1272,0.54168,0.57327,0.61641,0.64262,0.6698,0.69626,0.72889,0.76365,0.78928,0.82871,1.1124,0.86011,0.89378,0.91934,0.95418,0.98562,1.0146,1.0474,1.0842,1.1125,1.1491,1.0924,1.1869,1.2143,1.2459,1.2753,1.3188,1.3371,1.3792,1.4098,1.4396,1.4586,1.0706,1.4844,1.5163,1.5378,1.5656,1.5837,1.6092,1.626,1.6481,1.6673,1.6922,1.0543,1.7133,1.7363,1.7584,1.7766,1.8021,1.8215,1.8532,1.8704,1.9,1.9128,1.0288,1.9255,1.9383,1.9511,1.9639,1.9767,1.9802,1.9929,1.9977,1.826,0.99393,0.96837,0.94281,0.91725,0.8917,0.85698,0.82115,0.77792,0.73974,0.6897,1.8049,0.63979,0.62237,0.60375,0.57812,0.54335,0.52487,0.50281,0.49004,0.47726,0.46448,1.7887,0.4517,0.4482,0.43542,0.4299,0.42841,0.41564,0.40286,0.33713,0.33092,0.28147,1.7691,0.27753,0.26475,0.24362,0.19281,0.18003,0.1487,0.14232,0.10459,0.095935,0.088305,1.7468,0.04213,0.007087,-0.005692,-0.043193,-0.06177,-0.074294,-0.10815,-0.11597,-0.15138,-0.17863,1.7213,-0.2095,-0.21948,-0.22625,-0.28112,-0.3308,-0.3388,-0.35158,-0.36436,-0.3679,-0.38064,1.0,1.0
-2.3278,-2.0976,-1.8161,-0.85663,-0.86942,-0.88221,-0.88221,-0.89501,-0.9078,-0.92059,-0.92059,-0.93339,-1.0101,-1.7905,-1.0229,-1.0357,-1.0485,-1.0613,-1.0741,-1.0741,-1.0869,-1.0869,-1.0741,-1.0741,-1.7649,-1.0613,-1.0485,-1.0485,-1.0357,-1.0229,-1.0101,-0.99735,-0.98456,-0.95897,-0.94618,-1.7522,-0.92059,-0.89501,-0.86942,-0.84383,-0.81825,-0.77987,-0.66473,-0.63914,-0.60076,-0.56239,-1.7394,-0.5368,-0.49842,-0.46004,-0.43445,-0.39607,-0.37049,-0.33211,-0.30652,-0.28094,-0.25535,-1.7138,-0.21697,-0.19138,-0.1658,-0.14021,-0.11462,-0.089038,-0.063452,-0.037865,-0.012279,0.013307,-1.701,0.038894,0.06448,0.077273,0.10286,0.11565,0.12845,0.14124,0.15403,0.16683,0.16683,-1.6882,0.17962,0.17962,0.17962,0.17962,0.17962,0.16683,0.16683,0.15403,0.14124,0.14124,-1.701,0.12845,0.11565,0.10286,0.090066,0.077273,0.077273,0.06448,0.051687,0.038894,0.026101,-1.701,0.013307,0.000514,-0.012279,-0.037865,-0.050658,-0.063452,-0.076245,-0.089038,-0.10183,-0.11462,-2.0592,-1.7138,-0.12742,-0.14021,-0.153,-0.21697,-0.22976,-0.22976,-0.24256,-0.25535,-0.25535,-0.25535,-1.7138,-0.25535,-0.24256,-0.22976,-0.22976,-0.21697,-0.20418,-0.19138,-0.17859,-0.1658,-0.14021,-1.7138,-0.12742,-0.11462,-0.089038,-0.063452,-0.050658,-0.025072,0.000514,0.10286,0.14124,0.16683,-1.7138,0.20521,0.23079,0.26917,0.30755,0.34593,0.38431,0.42269,0.46107,0.49945,0.52503,-1.7138,0.56341,0.60179,0.62738,0.65297,0.67855,0.70414,0.72973,0.75531,0.7809,0.80648,-1.701,0.81928,0.83207,0.85766,0.87045,0.88324,0.89604,0.89604,0.90883,0.90883,0.92162,-1.701,0.92162,0.93442,0.93442,0.93442,0.93442,0.93442,0.92162,0.92162,0.90883,0.90883,-1.6882,0.89604,0.89604,0.88324,0.88324,0.87045,0.87045,0.85766,0.85766,0.85766,0.84486,-1.6754,0.83207,0.83207,0.80648,0.80648,0.79369,0.7681,0.75531,0.74252,0.72973,0.70414,-1.6626,0.69135,0.66576,0.64017,0.61459,0.53783,0.52503,0.49945,0.47386,0.46107,0.44828,-2.0336,-1.6498,0.42269,0.4099,0.4099,0.3971,0.4099,0.4099,0.4099,0.43548,0.43548,0.44828,-1.6242,0.46107,0.48665,0.49945,0.52503,0.55062,0.57621,0.589,0.61459,0.64017,0.65297,-1.6114,0.70414,0.72973,0.74252,0.83207,0.84486,0.87045,0.88324,0.92162,0.94721,0.96,-1.5858,0.98559,1.0112,1.024,1.0496,1.0623,1.0879,1.1135,1.1263,1.1519,1.1775,-1.5603,1.1903,1.2031,1.2287,1.2415,1.2542,1.267,1.2926,1.3054,1.3182,1.331,-1.5475,1.3438,1.3566,1.3694,1.3822,1.395,1.395,1.4078,1.4078,1.4206,1.4206,-1.5219,1.4333,1.4333,1.4333,1.4333,1.4333,1.4333,1.4333,1.4333,1.4333,1.4333,-1.4963,1.4206,1.4206,1.4206,1.4206,1.4078,1.4078,1.4078,1.4078,1.4206,1.4333,-1.4707,1.4461,1.4589,1.4845,1.5101,1.5357,1.5613,1.5869,1.6125,1.638,1.6636,-1.4451,1.6892,1.7148,1.7404,1.766,1.7788,1.7916,1.8044,1.8171,-1.9952,-1.4323,-1.4067,-1.3684,-1.3428,-1.3172,-1.2788,-1.2532,-1.2148,-1.1765,-1.1381,-1.9568,-1.1125,-1.0741,-1.0485,-1.0101,-0.98456,-0.94618,-0.92059,-0.88221,-0.85663,-0.83104,-1.9313,-0.80546,-0.77987,-0.75428,-0.74149,-0.7159,-0.70311,-0.69032,-0.67752,-0.66473,-0.65194,-1.9057,-0.63914,-0.62635,-0.62635,-0.61356,-0.61356,-0.61356,-0.61356,-0.62635,-0.62635,-0.63914,-1.8673,-0.65194,-0.65194,-0.66473,-0.67752,-0.69032,-0.69032,-0.70311,-0.7159,-0.7287,-0.74149,-1.8417,-0.75428,-0.76708,-0.76708,-0.77987,-0.79266,-0.80546,-0.81825,-0.83104,-0.83104,-0.84383,5.0,5.0
-1.9313,-1.8792,-1.7684,-0.63069,-0.61838,-0.60607,-0.59376,-0.58145,-0.56914,-0.55857,-0.55447,-0.54216,-0.53868,-1.7561,-0.52873,-0.52873,-0.52873,-0.52873,-0.52873,-0.52873,-0.52873,-0.52873,-0.53868,-0.53868,-1.7438,-0.54365,-0.54863,-0.55832,-0.56069,-0.573,-0.58531,-0.59761,-0.60831,-0.61229,-0.6246,-1.7314,-0.6369,-0.64921,-0.66152,-0.67383,-0.71897,-0.74819,-0.7605,-0.7835,-0.81272,-0.81719,-1.7159,-0.81471,-0.80725,-0.80003,-0.78773,-0.77542,-0.76311,-0.74408,-0.72854,-0.70628,-0.69012,-1.6969,-0.6655,-0.57225,-0.52674,-0.49877,-0.46756,-0.43486,-0.40788,-0.37381,-0.34919,-0.31699,-1.6846,-0.29001,-0.26302,-0.23082,-0.19912,-0.17164,-0.13707,-0.10822,-0.077887,-0.053268,-0.028649,-1.6723,-0.004031,0.020588,0.045207,0.069825,0.094444,0.11347,0.13373,0.14841,0.17029,0.1826,-1.6599,0.19491,0.19739,0.20958,0.21729,0.22425,0.22724,0.22724,0.22724,0.22724,0.22724,-1.6476,0.22724,0.22724,0.22127,0.21729,0.2066,0.19739,0.19192,0.17961,0.16731,0.155,-1.8668,-1.6353,0.14269,0.13038,0.11807,0.10576,0.088973,0.057516,0.03899,0.025064,-0.011491,-0.047673,-1.623,-0.051279,-0.081119,-0.084601,-0.091066,-0.099273,-0.10039,-0.091066,-0.08572,-0.073411,-0.070924,-1.6008,-0.048792,-0.036483,-0.016962,-0.001917,0.022329,0.046947,0.071566,0.1688,0.20038,0.225,-1.5885,0.24962,0.27424,0.29885,0.32683,0.35804,0.38266,0.40678,0.42195,0.44657,0.47118,-1.5761,0.4958,0.51048,0.53509,0.55971,0.58433,0.599,0.62362,0.64165,0.66291,0.67758,-1.5638,0.7022,0.72073,0.74149,0.75616,0.77755,0.79546,0.81212,0.83437,0.84942,0.86894,-1.5515,0.88125,0.89356,0.90587,0.91818,0.93048,0.94279,0.9551,0.96331,0.96978,0.97326,-1.5392,0.9745,0.9832,0.9832,0.9832,0.9832,0.9832,0.9832,0.9832,0.98295,0.97326,-1.5269,0.97326,0.96592,0.96331,0.95125,0.94342,0.93658,0.91507,0.90201,0.8897,0.87105,-1.5146,0.85514,0.83176,0.81062,0.79831,0.78601,0.76375,0.74547,0.71924,0.70693,0.68467,-1.8545,-1.5023,0.66739,0.64016,0.62785,0.61554,0.60323,0.59092,0.57861,0.57538,0.57538,0.57538,-1.49,0.57538,0.57538,0.57637,0.58868,0.60099,0.6133,0.62561,0.64078,0.6654,0.68243,-1.4777,0.69474,0.717,0.73876,0.7686,0.79322,0.82281,0.91208,0.9367,0.95237,0.97599,-1.4654,1.0006,1.0252,1.0414,1.0645,1.0859,1.1038,1.1205,1.1427,1.1578,1.1773,-1.463,1.1896,1.2019,1.2142,1.2265,1.2458,1.2518,1.2635,1.2758,1.2881,1.2916,-1.4507,1.3027,1.3115,1.3174,1.3297,1.3321,1.3444,1.3512,1.3591,1.3612,1.3638,-1.4384,1.3711,1.3711,1.3711,1.3711,1.3711,1.3711,1.3711,1.3711,1.3711,1.3648,-1.4339,1.3612,1.3601,1.3512,1.3512,1.343,1.3413,1.3443,1.3566,1.3689,1.3812,-1.4337,1.3935,1.4107,1.4281,1.45,1.4646,1.4849,1.5039,1.5195,1.5333,1.554,-1.424,1.5663,1.5787,1.591,1.6033,1.6156,1.6279,1.6402,1.6525,-1.8422,-1.424,-1.424,-1.4143,-1.414,-1.4095,-1.4041,-1.4041,-1.4024,-1.3941,-1.3941,-1.8299,-1.3854,-1.3842,-1.3807,-1.3742,-1.3742,-1.3643,-1.3613,-1.3543,-1.3466,-1.3343,-1.8176,-1.322,-1.3097,-1.2974,-1.2851,-1.2728,-1.2605,-1.2414,-1.2259,-1.2136,-1.1974,-1.8053,-1.179,-1.1581,-1.1444,-1.1288,-1.1099,-1.0895,-1.0748,-1.0531,-1.0355,-1.0109,-1.793,-0.99624,-0.97162,-0.95173,-0.93233,-0.90771,-0.89304,-0.87265,-0.85375,-0.83808,-0.81583,-1.7807,-0.79979,-0.77517,-0.759,-0.73675,-0.72121,-0.70218,-0.68191,-0.66762,-0.65531,-0.643,5.0,5.0
-0.9237,-0.90381,-1.063,-0.65014,-0.62612,-0.6021,-0.57807,-0.55405,-0.54569,-0.5259,-0.50187,-0.47785,-0.45383,-1.0686,-0.4298,-0.42568,-0.40643,-0.39752,-0.38653,-0.36937,-0.34535,-0.32685,-0.3172,-0.29317,-1.0829,-0.26915,-0.26502,-0.24727,-0.23687,-0.21285,-0.20748,-0.1847,-0.16067,-0.13665,-0.11263,-1.0829,-0.108,-0.084473,-0.06045,-0.036427,-0.012403,0.01162,0.035644,0.059667,0.08369,0.10771,-1.0829,0.13174,0.15576,0.18904,0.2237,0.24773,0.27175,0.30164,0.33969,0.36371,0.38774,-1.0829,0.41425,0.45568,0.4797,0.5186,0.54765,0.59156,0.62295,0.671,0.70342,0.74719,-1.0892,0.77535,0.82339,0.8592,0.89959,0.92774,0.97579,1.015,1.052,1.0829,1.1268,-1.1028,1.1509,1.1845,1.2188,1.2428,1.2669,1.2909,1.3149,1.3389,1.3816,1.4069,-1.1028,1.4309,1.4549,1.4789,1.503,1.527,1.551,1.575,1.5831,1.6032,1.6229,-1.1028,1.6313,1.6554,1.6794,1.7034,1.7274,1.7423,1.7556,1.7621,1.782,1.7879,-0.90381,-1.1028,1.8019,1.816,1.8218,1.8194,1.8019,1.7912,1.782,1.7631,1.759,1.7349,-1.0956,1.7224,1.7068,1.6828,1.6587,1.6347,1.5985,1.5668,1.5428,1.5187,1.4947,-1.0829,1.4707,1.4467,1.4226,1.3986,1.3746,1.3506,1.3265,1.3025,1.2785,1.2545,-1.0829,1.2304,1.2064,1.2023,1.1783,1.1542,1.1302,1.0869,1.0623,1.0383,1.0142,-1.0829,0.9743,0.94615,0.90238,0.86995,0.83443,0.79375,0.7466,0.71755,0.67866,0.64135,-1.063,0.61071,0.56679,0.54277,0.51875,0.4807,0.45081,0.42678,0.40276,0.38938,0.37461,-1.063,0.35058,0.32656,0.30254,0.2899,0.27439,0.25036,0.22634,0.20232,0.17829,0.15427,-1.063,0.15014,0.12612,0.11085,0.097965,0.073942,0.049918,0.031267,0.021767,0.011371,0.029128,-1.0469,0.031267,0.031267,0.031267,0.031267,0.031267,0.051162,0.051162,0.051162,0.051162,0.051162,-1.0431,0.051162,0.051162,0.051162,0.051162,0.051162,0.051162,0.051162,0.051162,0.051162,0.051162,-0.91619,-1.0431,0.051162,0.051162,0.037932,0.031267,0.031267,0.031267,0.031267,0.01729,0.011371,0.011371,-1.0431,0.011371,0.011371,0.011371,0.011371,0.011371,0.011371,0.011371,0.011371,0.011371,0.011371,-1.0431,0.011371,0.011371,0.011371,0.031267,0.031267,0.031267,0.031267,0.031267,0.031267,0.036589,-1.0431,0.051162,0.051162,0.051162,0.053102,0.071057,0.071057,0.071057,0.08951,0.090952,0.090952,-1.0442,0.090952,0.090952,0.11015,0.11085,0.11085,0.11085,0.11085,0.1109,0.13074,0.13074,-1.0839,0.13074,0.13074,0.13074,0.13074,0.13074,0.13074,0.13074,0.13074,0.13074,0.13074,-1.1519,0.13074,0.13074,0.13074,0.13074,0.13074,0.13074,0.13074,0.13074,0.13074,0.13074,-1.2298,0.14616,0.15064,0.15064,0.15064,0.15064,0.15064,0.15064,0.15064,0.15064,0.15064,-1.35,0.15064,0.15064,0.15064,0.15064,0.15064,0.15064,0.13074,0.13074,0.13074,0.13074,-1.3831,0.13074,0.13074,0.13074,0.13074,0.13074,0.13074,0.13074,0.13074,-0.9237,-1.4072,-1.4716,-1.5917,-1.6384,-1.6823,-1.7063,-1.7737,-1.8938,-1.9949,-2.0213,-0.96498,-2.0751,-2.1489,-2.1572,-2.177,-2.2766,-2.2684,-2.2443,-2.2203,-2.1963,-2.1723,-1.0082,-2.1482,-2.1111,-2.0803,-2.0364,-2.0068,-1.9684,-1.9306,-1.8825,-1.8544,-1.8063,-1.0232,-1.7687,-1.7302,-1.6821,-1.6341,-1.5931,-1.5579,-1.5098,-1.4618,-1.4174,-1.3856,-1.0232,-1.3375,-1.2895,-1.2613,-1.2133,-1.1738,-1.1371,-1.1058,-1.0619,-1.0327,-0.99398,-1.0404,-0.95653,-0.92604,-0.90202,-0.87207,-0.83407,-0.79587,-0.76613,-0.72221,-0.69819,-0.67417,4.0,4.0
-1.9547,-1.9376,-1.7298,-0.79204,-0.77487,-0.7577,-0.74053,-0.72336,-0.70619,-0.68902,-0.67762,-0.66555,-0.64958,-1.704,-0.641,-0.63241,-0.62383,-0.61524,-0.60666,-0.59807,-0.59644,-0.59177,-0.58558,-0.58547,-1.6731,-0.57688,-0.57471,-0.57471,-0.57471,-0.57471,-0.57471,-0.57471,-0.57471,-0.57471,-0.57471,-1.6417,-0.57471,-0.57471,-0.57167,-0.56308,-0.5545,-0.55298,-0.5482,-0.53711,-0.52016,-0.51158,-1.6159,-0.50299,-0.49017,-0.473,-0.45583,-0.44692,-0.43236,-0.4152,-0.39803,-0.38086,-0.36369,-1.5902,-0.34652,-0.32935,-0.31218,-0.29501,-0.28502,-0.27154,-0.25437,-0.23753,-0.22895,-0.22036,-1.5644,-0.21178,-0.20319,-0.19461,-0.18603,-0.18353,-0.17972,-0.17114,-0.16255,-0.16179,-0.16179,-1.5387,-0.16179,-0.16082,-0.15223,-0.15093,-0.15093,-0.15093,-0.15093,-0.15093,-0.15093,-0.14647,-1.5153,-0.14006,-0.14006,-0.14006,-0.13387,-0.12528,-0.11833,-0.11833,-0.1104,-0.10181,-0.093228,-1.498,-0.084644,-0.076059,-0.067475,-0.053784,-0.03944,-0.030856,-0.022271,-0.013687,-0.000539,0.014348,-1.9204,-1.4723,0.022932,0.031517,0.040101,0.048685,0.05727,0.065854,0.074438,0.083023,0.091607,0.098996,-1.4529,0.098996,0.10649,0.10986,0.1128,0.12073,0.12073,0.12073,0.1254,0.13159,0.13159,-1.4399,0.13159,0.13159,0.13572,0.14246,0.14246,0.14246,0.14833,0.15333,0.15463,0.16322,-1.4295,0.16419,0.16952,0.1781,0.18669,0.19527,0.21092,0.22331,0.23439,0.25134,0.25993,-1.4123,0.27503,0.28796,0.2985,0.31567,0.32458,0.33914,0.35261,0.36261,0.37978,0.38923,-1.4033,0.40325,0.41727,0.42672,0.44389,0.45389,0.46736,0.48192,0.49083,0.508,0.52517,-1.3947,0.54234,0.55744,0.56603,0.58298,0.60015,0.61351,0.6221,0.63068,0.64709,0.65872,-1.3861,0.6673,0.67491,0.67491,0.68219,0.68577,0.68849,0.69664,0.69664,0.69664,0.70109,-1.3775,0.70751,0.70751,0.71598,0.71837,0.72228,0.72924,0.72924,0.73717,0.74576,0.75434,-1.3689,0.76292,0.77151,0.78009,0.78868,0.80009,0.81726,0.83442,0.85159,0.8642,0.87506,-1.9032,-1.3756,0.89223,0.9094,0.93287,0.9546,0.97177,0.98894,1.0061,1.0233,1.0404,1.0576,-1.3788,1.0748,1.092,1.1039,1.1154,1.1319,1.1405,1.1491,1.1577,1.1663,1.1748,-1.3788,1.1748,1.1812,1.1856,1.1875,1.1961,1.1965,1.2024,1.2074,1.2074,1.2074,-1.3788,1.2074,1.2074,1.2104,1.2182,1.2182,1.2182,1.2182,1.2182,1.2184,1.227,-1.3788,1.2291,1.2291,1.231,1.2396,1.24,1.2459,1.2545,1.2631,1.2717,1.2803,-1.3788,1.2889,1.2974,1.306,1.3146,1.3232,1.3318,1.3404,1.3489,1.3575,1.3595,-1.3788,1.3638,1.3724,1.381,1.3812,1.3873,1.3921,1.3921,1.3921,1.3921,1.3921,-1.3788,1.3953,1.4029,1.4029,1.4029,1.4029,1.4029,1.4034,1.412,1.4205,1.4291,-1.3788,1.4377,1.4463,1.4549,1.4697,1.4868,1.5056,1.5314,1.5571,1.5829,1.6086,-1.3788,1.6344,1.6602,1.6933,1.7276,1.7591,1.7854,1.8198,1.8541,-1.8843,-1.3723,-1.3679,-1.366,-1.3574,-1.3488,-1.3462,-1.3425,-1.3339,-1.3254,-1.3168,-1.8586,-1.3082,-1.2996,-1.291,-1.2824,-1.2738,-1.2653,-1.2593,-1.259,-1.2504,-1.2484,-1.8328,-1.2441,-1.2376,-1.2376,-1.2376,-1.2315,-1.2267,-1.2267,-1.2267,-1.2267,-1.2267,-1.8071,-1.2267,-1.2257,-1.2171,-1.2158,-1.2108,-1.2022,-1.1937,-1.1851,-1.1765,-1.1634,-1.7813,-1.1484,-1.1399,-1.1228,-1.1056,-1.0885,-1.0713,-1.0541,-1.029,-1.0089,-0.99176,-1.7555,-0.97459,-0.95742,-0.94025,-0.91798,-0.89505,-0.87788,-0.86071,-0.84354,-0.82637,-0.80921,3.0,5.0
-0.70351,-0.70351,-0.69396,-1.5403,-1.5139,-1.4879,-1.4541,-1.4203,-1.3865,-1.3554,-1.3328,-1.3003,-1.2665,-0.70351,-1.2327,-1.1989,-1.1651,-1.1313,-1.0986,-1.076,-1.0451,-1.0113,-0.97785,-0.95531,-0.70351,-0.92512,-0.89131,-0.85749,-0.83456,-0.80514,-0.77133,-0.73751,-0.7037,-0.676,-0.65135,-0.70351,-0.61754,-0.59308,-0.56519,-0.53271,-0.51017,-0.48763,-0.46967,-0.45782,-0.43528,-0.41274,-0.70351,-0.39401,-0.38274,-0.37147,-0.35313,-0.33364,-0.32237,-0.3111,-0.29983,-0.28856,-0.27729,-0.70351,-0.26601,-0.25474,-0.245,-0.245,-0.23621,-0.22494,-0.21367,-0.2024,-0.19915,-0.19514,-0.70351,-0.18386,-0.17259,-0.16132,-0.15005,-0.13878,-0.12751,-0.11623,-0.10496,-0.093691,-0.08242,-0.70351,-0.071148,-0.058157,-0.035614,-0.022049,-0.005811,0.016733,0.039276,0.053605,0.069079,0.091623,-0.70351,0.11417,0.13671,0.15925,0.1818,0.20434,0.22688,0.2521,0.28592,0.3098,0.33234,-0.70351,0.35679,0.39061,0.41525,0.44295,0.47562,0.49817,0.52912,0.56293,0.59636,0.61891,-0.70351,-0.70351,0.64909,0.67928,0.70182,0.73525,0.76907,0.80002,0.82256,0.85523,0.88905,0.92076,-0.70351,0.9433,0.97521,1.0037,1.0276,1.0614,1.0866,1.1137,1.1475,1.1813,1.2073,-0.70695,1.2337,1.2675,1.2902,1.3128,1.3384,1.3722,1.3957,1.4182,1.4385,1.4498,-0.71822,1.4706,1.4876,1.5004,1.5229,1.5367,1.548,1.5592,1.5705,1.5818,1.593,-0.71879,1.6043,1.6156,1.6269,1.6381,1.6494,1.6397,1.6349,1.6324,1.6211,1.6196,-0.71879,1.6139,1.6026,1.5913,1.5801,1.5688,1.5575,1.5462,1.535,1.5237,1.5124,-0.71879,1.5012,1.4899,1.4752,1.4526,1.4408,1.4228,1.4003,1.3777,1.3651,1.3479,-0.71879,1.3254,1.3028,1.2803,1.2629,1.2505,1.228,1.2054,1.1829,1.1607,1.1494,-0.70886,1.1305,1.108,1.0854,1.0738,1.0556,1.0331,1.0106,0.98801,0.96546,0.94292,-0.70351,0.92038,0.89783,0.87529,0.85275,0.8302,0.80766,0.78512,0.76257,0.74003,0.70965,-0.70351,-0.70351,0.67966,0.65712,0.63457,0.61203,0.58949,0.56694,0.5444,0.52186,0.50161,0.49033,-0.70351,0.46951,0.44697,0.42595,0.41468,0.39462,0.37685,0.36558,0.35431,0.34304,0.33578,-0.70351,0.33578,0.32451,0.32049,0.31725,0.30598,0.30521,0.30521,0.30521,0.30521,0.30521,-0.70351,0.30521,0.30521,0.30521,0.30521,0.30521,0.30521,0.30521,0.30521,0.30521,0.30521,-0.70465,0.30521,0.30521,0.30521,0.30521,0.30521,0.29852,0.28993,0.28993,0.28993,0.28993,-0.71593,0.28993,0.28993,0.2991,0.30521,0.30521,0.30521,0.30521,0.30521,0.30521,0.30521,-0.7272,0.30521,0.30884,0.32011,0.32049,0.32049,0.32049,0.32049,0.32049,0.32049,0.3226,-0.73847,0.33387,0.33578,0.33578,0.33578,0.33578,0.34438,0.35106,0.35106,0.35106,0.35106,-0.74936,0.35106,0.35106,0.36214,0.36635,0.36635,0.36635,0.36635,0.36635,0.36635,0.36635,-0.74936,0.36635,0.36635,0.36635,0.36635,0.36635,0.36635,0.36635,0.36635,-0.70351,-0.76464,-0.78356,-0.79483,-0.82788,-0.87545,-0.92894,-0.97403,-0.99886,-1.0459,-1.1051,-0.70351,-1.1276,-1.1876,-1.2338,-1.2591,-1.3042,-1.332,-1.3546,-1.3783,-1.4234,-1.4685,-0.70351,-1.5059,-1.5284,-1.551,-1.5735,-1.5961,-1.6186,-1.6618,-1.688,-1.7015,-1.7241,-0.70351,-1.7753,-1.8095,-1.8253,-1.8704,-1.8891,-1.9195,-1.9728,-1.9841,-1.9954,-2.0307,-0.70351,-2.1096,-1.9969,-1.9495,-1.9382,-1.927,-1.9052,-1.8826,-1.8626,-1.8513,-1.8303,-0.69376,-1.8077,-1.7852,-1.7627,-1.7401,-1.7126,-1.6797,-1.6572,-1.6347,-1.6079,-1.5741,4.0,4.0
-0.37412,-0.42944,-0.44949,-1.9228,-1.8814,-1.8399,-1.7984,-1.7506,-1.7003,-1.6588,-1.6148,-1.5608,-1.5193,-0.44949,-1.4778,-1.4363,-1.3948,-1.3431,-1.2968,-1.263,-1.2289,-1.1874,-1.1459,-1.1044,-0.44933,-1.0629,-1.0215,-0.97997,-0.93848,-0.89699,-0.86587,-0.82909,-0.7876,-0.74612,-0.71002,-0.43551,-0.67821,-0.63673,-0.59524,-0.55416,-0.52651,-0.48585,-0.44436,-0.41339,-0.37646,-0.343,-0.43441,-0.31534,-0.28214,-0.24495,-0.21729,-0.18963,-0.16197,-0.13432,-0.11981,-0.094071,-0.077077,-0.42292,-0.063248,-0.041242,-0.020517,-0.006688,0.007142,0.020971,0.0348,0.048629,0.062458,0.076288,-0.41934,0.090117,0.10395,0.11778,0.1316,0.14543,0.15342,0.15802,0.17185,0.18779,0.21458,-0.41033,0.22841,0.24224,0.26828,0.28497,0.30852,0.33618,0.3566,0.37642,0.40408,0.43174,-0.40427,0.4594,0.48706,0.51471,0.54237,0.55767,0.58262,0.6004,0.62286,0.64313,0.6631,-0.40427,0.68586,0.70335,0.7286,0.74359,0.77125,0.78516,0.8115,0.82789,0.84172,0.86433,-0.43441,-0.40427,0.88445,0.90457,0.92718,0.94481,0.96991,0.98506,1.0127,1.0404,1.0554,1.0806,-0.40024,1.1083,1.127,1.1485,1.1762,1.2038,1.2275,1.2441,1.2717,1.2994,1.3271,-0.38919,1.3419,1.3673,1.395,1.4135,1.4352,1.4563,1.4701,1.4839,1.4978,1.51,-0.38919,1.5103,1.5242,1.525,1.5368,1.5401,1.5493,1.5552,1.5552,1.5497,1.5359,-0.38919,1.522,1.5082,1.4944,1.4805,1.4667,1.4529,1.4284,1.4101,1.3882,1.3536,-0.38919,1.3178,1.2901,1.2625,1.2348,1.2078,1.194,1.1669,1.1393,1.1116,1.0935,-0.37631,1.0713,1.0437,1.0218,1.0034,0.9791,0.96527,0.95062,0.92296,0.90871,0.88271,-0.37412,0.86598,0.85215,0.83832,0.8245,0.80471,0.78176,0.76794,0.75411,0.74028,0.72645,-0.37412,0.69905,0.68372,0.66989,0.65606,0.64223,0.62105,0.5995,0.58567,0.57184,0.55801,-0.36497,0.54418,0.53035,0.51652,0.50269,0.48886,0.47504,0.46121,0.44738,0.43355,0.41972,-0.43441,-0.35905,0.40589,0.39458,0.3933,0.37947,0.36565,0.35182,0.33799,0.33429,0.3254,0.31157,-0.35905,0.30415,0.30415,0.30023,0.28908,0.28764,0.274,0.274,0.26123,0.25893,0.24864,-0.35905,0.24386,0.23606,0.22879,0.22347,0.20964,0.19864,0.19706,0.18357,0.18357,0.17064,-0.35487,0.15681,0.15342,0.14423,0.13835,0.13835,0.13835,0.13835,0.14133,0.15342,0.15342,-0.34398,0.15342,0.1665,0.16849,0.16849,0.16849,0.16849,0.16849,0.17411,0.18357,0.1867,-0.34398,0.19864,0.19864,0.19864,0.21187,0.2257,0.22879,0.23828,0.26036,0.274,0.27977,-0.34352,0.2936,0.30743,0.32126,0.33509,0.34891,0.36274,0.38871,0.40547,0.4193,0.43313,-0.32969,0.44696,0.45488,0.45955,0.47338,0.48721,0.50009,0.50009,0.51362,0.51517,0.52621,-0.3289,0.53024,0.53879,0.55262,0.56038,0.56521,0.57546,0.57779,0.59053,0.59053,0.60421,-0.31711,0.61804,0.63187,0.63575,0.64445,0.65082,0.65704,0.66092,0.63217,-0.44451,-0.32438,-0.3289,-0.3531,-0.44233,-0.536,-0.56799,-0.60639,-0.63959,-0.70753,-0.74902,-0.44949,-0.77732,-0.8647,-0.9187,-0.9791,-1.0236,-1.0582,-1.1112,-1.1714,-1.2096,-1.2492,-0.44949,-1.3561,-1.3976,-1.4791,-1.55,-1.5974,-1.6293,-1.6653,-1.6997,-1.7509,-1.8153,-0.44949,-1.8531,-1.9137,-1.932,-2.015,-2.0845,-2.1047,-2.1625,-2.1926,-2.2064,-2.2494,-0.44949,-2.2944,-2.3082,-2.3327,-2.3765,-2.3627,-2.3488,-2.335,-2.3212,-2.3073,-2.2836,-0.44949,-2.2559,-2.2357,-2.2095,-2.173,-2.1453,-2.1152,-2.0749,-2.0473,-2.0058,-1.9643,4.0,4.0
-0.48973,-0.49945,-0.53673,-1.6176,-1.5885,-1.5631,-1.5437,-1.5167,-1.486,-1.4472,-1.4136,-1.3845,-1.3554,-0.53673,-1.3231,-1.2843,-1.2523,-1.2222,-1.1834,-1.1492,-1.1201,-1.0825,-1.0461,-1.017,-0.54362,-0.98787,-0.95874,-0.9296,-0.90047,-0.87133,-0.84219,-0.81306,-0.78392,-0.75478,-0.72565,-0.55239,-0.69651,-0.67082,-0.6514,-0.62476,-0.59688,-0.57746,-0.55302,-0.52388,-0.50352,-0.48409,-0.55239,-0.46467,-0.44525,-0.42582,-0.4064,-0.38697,-0.36755,-0.34812,-0.33089,-0.32118,-0.31147,-0.55239,-0.30176,-0.28233,-0.27043,-0.27043,-0.26291,-0.2532,-0.24348,-0.2391,-0.2391,-0.23001,-0.55239,-0.2203,-0.21059,-0.20777,-0.20777,-0.20777,-0.20307,-0.19336,-0.18364,-0.17393,-0.16422,-0.56085,-0.15451,-0.1448,-0.13508,-0.1213,-0.10187,-0.08245,-0.064905,-0.055193,-0.034202,-0.005066,-0.56806,0.014672,0.034097,0.053521,0.080151,0.10803,0.12746,0.1519,0.18103,0.2014,0.22364,-0.56806,0.25278,0.28191,0.31042,0.32985,0.35366,0.38279,0.41193,0.43887,0.4583,0.48368,-0.5054,-0.56806,0.51281,0.54195,0.57109,0.60022,0.62936,0.6585,0.68763,0.71677,0.7459,0.77504,-0.56837,0.80418,0.83331,0.86245,0.89253,0.93138,0.96553,0.99466,1.0238,1.0529,1.0821,-0.57808,1.1175,1.156,1.1851,1.2143,1.2434,1.2726,1.3017,1.3308,1.36,1.3891,-0.58372,1.4182,1.4474,1.4765,1.5056,1.5348,1.5639,1.588,1.6075,1.6269,1.6463,-0.58372,1.6657,1.6852,1.704,1.7137,1.7234,1.7331,1.7428,1.7503,1.7503,1.7503,-0.58372,1.7503,1.7406,1.7309,1.7212,1.7115,1.7018,1.6921,1.6823,1.6726,1.6538,-0.58372,1.6344,1.615,1.5956,1.5761,1.5567,1.5373,1.5179,1.4984,1.4765,1.4474,-0.58372,1.4245,1.4048,1.3756,1.3465,1.3174,1.2882,1.2572,1.2184,1.1851,1.156,-0.58936,1.1175,1.0821,1.0529,1.0166,0.979,0.94986,0.92072,0.89159,0.86245,0.83049,-0.59907,0.79165,0.76596,0.7459,0.71677,0.68763,0.6585,0.6375,0.61808,0.59866,0.57923,-0.5054,-0.59939,0.55981,0.54038,0.52472,0.51501,0.49777,0.47992,0.4702,0.46049,0.45078,0.43198,-0.59939,0.41569,0.40598,0.39627,0.38655,0.37684,0.36243,0.34301,0.33204,0.32233,0.31262,-0.59939,0.30917,0.30886,0.29914,0.28943,0.27972,0.27784,0.27972,0.28943,0.29351,0.29351,-0.60659,0.29351,0.29695,0.30666,0.30917,0.31042,0.32014,0.32484,0.32484,0.33361,0.34332,-0.61505,0.35303,0.35616,0.35679,0.3665,0.37183,0.37183,0.37998,0.38749,0.38749,0.39345,-0.61505,0.40316,0.40316,0.40316,0.40316,0.40316,0.40316,0.40316,0.40316,0.40316,0.39407,-0.62508,0.38749,0.38749,0.38749,0.38749,0.38749,0.38749,0.38749,0.38749,0.38749,0.38749,-0.6445,0.38749,0.38749,0.38749,0.38749,0.38749,0.38749,0.38749,0.38749,0.38749,0.38749,-0.64638,0.38749,0.38749,0.38749,0.38749,0.38749,0.38749,0.39251,0.40222,0.40316,0.40316,-0.6492,0.40316,0.40316,0.40253,0.39282,0.38749,0.38749,0.38749,0.3853,-0.5054,-0.65891,-0.66863,-0.68147,-0.73974,-0.79802,-0.85629,-0.89013,-0.92365,-0.97221,-1.0267,-0.50697,-1.085,-1.1141,-1.1433,-1.1724,-1.2015,-1.2307,-1.2598,-1.3049,-1.3632,-1.3942,-0.51668,-1.4234,-1.4525,-1.4954,-1.5421,-1.5712,-1.6004,-1.6295,-1.6756,-1.7166,-1.736,-0.52106,-1.7555,-1.7761,-1.8344,-1.8764,-1.8958,-1.9387,-1.9854,-2.0243,-2.018,-1.9791,-0.52106,-1.9685,-1.9622,-1.9622,-1.955,-1.9441,-1.9246,-1.9102,-1.9005,-1.882,-1.8654,-0.53015,-1.8557,-1.8394,-1.8194,-1.7902,-1.7655,-1.7461,-1.7185,-1.6915,-1.6721,-1.6467,4.0,4.0
0.34089,0.36337,0.41282,1.4199,1.4649,1.5098,1.5548,1.5997,1.6222,1.6447,1.6672,1.6717,1.6762,0.41282,1.6987,1.7076,1.7076,1.7076,1.6987,1.6762,1.6537,1.6312,1.6087,1.5863,0.43081,1.5638,1.5188,1.4739,1.4289,1.366,1.2985,1.2311,1.1636,1.0962,1.0288,0.44879,0.95233,0.86241,0.7725,0.68258,0.59266,0.48925,0.37686,0.24198,0.11609,0.003694,0.44879,-0.1087,-0.2256,-0.36048,-0.48187,-0.59426,-0.70666,-0.81007,-0.89999,-0.9899,-1.0753,0.44879,-1.1428,-1.2102,-1.2776,-1.3226,-1.3676,-1.4125,-1.4575,-1.4979,-1.5204,-1.5429,0.44879,-1.5654,-1.5654,-1.5744,-1.5969,-1.6013,-1.6013,-1.6013,-1.5879,-1.5654,-1.5429,0.44879,-1.5114,-1.4665,-1.4215,-1.3766,-1.3316,-1.2731,-1.2057,-1.1383,-1.0708,-1.0034,0.44879,-0.91797,-0.82805,-0.73813,-0.64821,-0.5583,-0.49086,-0.41443,-0.32451,-0.23459,-0.14467,0.44879,-0.054753,0.035165,0.12508,0.23748,0.34089,0.43081,0.52072,0.61064,0.70056,0.79048,0.37686,0.43081,0.8804,0.94784,1.0153,1.0827,1.1322,1.1771,1.2221,1.267,1.312,1.3345,0.40833,1.348,1.348,1.366,1.3839,1.3839,1.3705,1.348,1.3255,1.303,1.2805,0.38585,1.2581,1.2311,1.1861,1.1412,1.0962,1.0512,0.99729,0.92985,0.8804,0.82645,0.36337,0.73653,0.6601,0.59266,0.50274,0.40383,0.29143,0.19702,0.1026,-0.009794,-0.12219,0.34089,-0.23459,-0.36947,-0.49535,-0.60775,-0.72015,-0.83255,-0.94494,-1.0439,-1.1338,-1.2012,0.31841,-1.2687,-1.3361,-1.4035,-1.462,-1.4845,-1.5204,-1.5654,-1.5879,-1.6103,-1.6328,0.29593,-1.6553,-1.6778,-1.7003,-1.7093,-1.7093,-1.6868,-1.6643,-1.6418,-1.6193,-1.5969,0.27345,-1.5744,-1.5384,-1.4934,-1.426,-1.3586,-1.2911,-1.2237,-1.1563,-1.0888,-1.0079,0.25097,-0.91797,-0.82805,-0.74712,-0.67969,-0.59426,-0.50434,-0.41443,-0.32451,-0.23459,-0.14467,0.22399,-0.054753,0.035165,0.12508,0.215,0.30492,0.39484,0.48476,0.57468,0.66459,0.75451,0.37686,0.17903,0.82645,0.89838,0.9883,1.0512,1.0962,1.1636,1.2221,1.267,1.294,1.3165,0.13408,1.339,1.3615,1.3839,1.4064,1.4199,1.4199,1.4199,1.4199,1.4199,1.4199,0.089116,1.4199,1.3974,1.3749,1.3525,1.33,1.3075,1.285,1.2626,1.2401,1.1951,0.044157,1.1591,1.1367,1.0962,1.0467,0.97931,0.91187,0.84443,0.77699,0.70955,0.64211,-0.000802,0.55669,0.47127,0.40383,0.3229,0.23299,0.16555,0.089116,-0.000802,-0.072737,-0.14018,-0.045761,-0.20761,-0.26157,-0.30652,-0.35148,-0.39644,-0.4414,-0.46838,-0.49086,-0.51334,-0.53582,-0.1087,-0.5583,-0.5583,-0.5493,-0.52682,-0.52233,-0.52233,-0.52233,-0.52233,-0.52233,-0.49985,-0.17614,-0.48636,-0.48636,-0.48636,-0.48636,-0.48636,-0.48636,-0.48636,-0.48636,-0.48636,-0.48636,-0.24358,-0.48636,-0.48636,-0.48636,-0.48636,-0.48636,-0.48636,-0.49535,-0.51783,-0.52233,-0.52233,-0.29753,-0.52233,-0.52233,-0.52233,-0.52233,-0.52233,-0.52233,-0.54031,-0.56279,0.37686,-0.34249,-0.43241,-0.51334,-0.58078,-0.64821,-0.72015,-0.81007,-0.8865,-0.95394,-1.0214,0.38135,-1.0888,-1.1563,-1.2057,-1.2462,-1.2687,-1.2911,-1.3136,-1.3361,-1.3406,-1.3181,0.40383,-1.2956,-1.2731,-1.2507,-1.2282,-1.2057,-1.1607,-1.1158,-1.0708,-1.0079,-0.94045,0.41282,-0.87301,-0.80557,-0.73813,-0.64821,-0.56729,-0.49985,-0.41443,-0.329,-0.26157,-0.18064,0.41282,-0.09072,-0.000802,0.089116,0.17903,0.25097,0.3229,0.41282,0.50274,0.59266,0.6601,0.41282,0.73653,0.82645,0.89838,0.97032,1.0602,1.1367,1.2041,1.2715,1.33,1.3749,0.0,0.0
-0.034949,-0.13346,-0.074585,0.37441,0.49755,0.60392,0.71782,0.84096,0.95142,1.0612,1.1744,1.2729,1.3642,-0.06094,1.444,1.538,1.6119,1.6857,1.7592,1.8085,1.8577,1.907,1.9353,1.9599,-0.06094,1.9846,1.9924,1.9924,1.9783,1.9536,1.929,1.8944,1.8451,1.7959,1.7466,-0.052688,1.6928,1.6189,1.5451,1.4707,1.3722,1.2974,1.2012,1.1027,1.0042,0.90567,-0.034949,0.80717,0.70866,0.59599,0.48566,0.38715,0.28864,0.19014,0.084286,-0.032869,-0.13138,-0.029426,-0.22988,-0.32839,-0.4269,-0.5254,-0.62391,-0.7,-0.77388,-0.84776,-0.92164,-0.99552,-0.004799,-1.0538,-1.1173,-1.1654,-1.2016,-1.2508,-1.2913,-1.3159,-1.3345,-1.3392,-1.3605,0.017034,-1.3605,-1.3599,-1.3353,-1.3107,-1.286,-1.2403,-1.2108,-1.1678,-1.1185,-1.0536,0.018463,-0.97973,-0.90585,-0.83197,-0.75809,-0.68421,-0.60286,-0.50435,-0.41059,-0.33333,-0.23482,0.043025,-0.13631,-0.037808,0.060699,0.13666,0.23172,0.33023,0.41028,0.50125,0.58403,0.67227,-0.11565,0.043025,0.75778,0.83166,0.89528,0.95343,1.0273,1.095,1.1491,1.2195,1.2688,1.318,0.066352,1.3673,1.3926,1.4398,1.4678,1.4924,1.4985,1.5157,1.5245,1.5245,1.5245,0.069016,1.5128,1.4985,1.4896,1.4649,1.4341,1.3897,1.3616,1.3123,1.2631,1.2138,0.089614,1.1405,1.0893,1.0187,0.94486,0.87098,0.77988,0.69722,0.62334,0.53634,0.43783,0.095007,0.33933,0.24985,0.1683,0.069796,-0.028711,-0.13079,-0.25172,-0.35022,-0.44873,-0.54724,0.095007,-0.64574,-0.74425,-0.82274,-0.91527,-0.9965,-1.0704,-1.1443,-1.2049,-1.266,-1.3294,0.095007,-1.3787,-1.4202,-1.4512,-1.4955,-1.5201,-1.5447,-1.5693,-1.594,-1.5944,-1.5944,0.11015,-1.573,-1.5484,-1.5237,-1.4991,-1.4585,-1.4092,-1.36,-1.3107,-1.2615,-1.2031,0.121,-1.1292,-1.0553,-0.98142,-0.90384,-0.80767,-0.73281,-0.63431,-0.5358,-0.43729,-0.33879,0.121,-0.24028,-0.14177,-0.043266,0.039191,0.12776,0.22626,0.31281,0.39729,0.48657,0.56831,-0.11292,0.121,0.66032,0.7342,0.80808,0.88196,0.95584,1.0297,1.0793,1.1515,1.2038,1.253,0.121,1.3023,1.3341,1.3748,1.4093,1.4339,1.4586,1.4832,1.4985,1.5065,1.5245,0.121,1.5193,1.4947,1.4701,1.4454,1.4208,1.3962,1.3486,1.2993,1.2501,1.2008,0.12795,1.1516,1.0861,1.0271,0.96435,0.89047,0.82731,0.7687,0.69482,0.62094,0.54706,0.14699,0.47318,0.3993,0.32542,0.25154,0.17766,0.10378,0.051602,-0.017989,-0.09187,-0.14814,0.14699,-0.21364,-0.27264,-0.32189,-0.37115,-0.40961,-0.44366,-0.48486,-0.50948,-0.53411,-0.55874,0.14699,-0.58336,-0.60799,-0.63262,-0.63275,-0.63275,-0.63275,-0.63275,-0.63275,-0.63275,-0.63275,0.1455,-0.63275,-0.63275,-0.63275,-0.63275,-0.63275,-0.63275,-0.63275,-0.63275,-0.63275,-0.63275,0.12087,-0.63275,-0.63275,-0.63275,-0.63275,-0.63275,-0.63275,-0.63275,-0.63275,-0.63275,-0.63275,0.096242,-0.6191,-0.60676,-0.60676,-0.60676,-0.61494,-0.63275,-0.63275,-0.63275,-0.11292,0.071615,0.046989,0.022362,-0.021563,-0.052883,-0.077509,-0.11734,-0.16659,-0.20337,-0.23911,-0.11292,-0.28836,-0.346,-0.41286,-0.46211,-0.51566,-0.58954,-0.66186,-0.71131,-0.78519,-0.85907,-0.095119,-0.93295,-1.0068,-1.0807,-1.1546,-1.2118,-1.2764,-1.3363,-1.3856,-1.4348,-1.4743,-0.086931,-1.5074,-1.5495,-1.5742,-1.5988,-1.6234,-1.6448,-1.6204,-1.6204,-1.5734,-1.5463,-0.086931,-1.5009,-1.4516,-1.4023,-1.3531,-1.2885,-1.2146,-1.1407,-1.0556,-0.96699,-0.8846,-0.086931,-0.77895,-0.6616,-0.56309,-0.46153,-0.3384,-0.21526,-0.09213,0.007417,0.12815,0.25128,0.0,0.0
0.17964,0.17964,0.20268,1.723,1.7859,1.8299,1.855,1.8759,1.8842,1.8842,1.8842,1.8778,1.8349,0.20268,1.7161,1.6523,1.5055,1.4162,1.3323,1.2335,1.1287,1.0239,0.91907,0.82094,0.20268,0.73248,0.62767,0.52286,0.41806,0.3326,0.23147,0.14186,0.044887,-0.048866,-0.1417,0.20268,-0.24651,-0.34648,-0.43309,-0.53721,-0.62106,-0.88112,-0.99607,-1.0799,-1.1504,-1.2133,0.18563,-1.267,-1.316,-1.3738,-1.4128,-1.4337,-1.4547,-1.4558,-1.4558,-1.4558,-1.4287,0.17964,-1.3983,-1.3584,-1.3029,-1.2557,-1.1896,-1.1057,-1.0219,-0.93802,-0.85417,-0.75443,0.17964,-0.64962,-0.54481,-0.44,-0.32759,-0.20182,-0.072592,0.07276,0.19853,0.34457,0.47311,0.17964,0.61501,0.74769,0.88544,1.0223,1.1402,1.245,1.3498,1.453,1.5369,1.6207,0.17964,1.6861,1.749,1.7976,1.8273,1.8483,1.8693,1.8842,1.8803,1.8594,1.8384,0.18632,1.693,1.6209,1.5581,1.4807,1.3844,1.2899,1.1978,1.0868,0.96514,0.86033,0.17964,0.19807,0.75552,0.62975,0.52286,0.41806,0.31325,0.20844,0.09303,-0.024218,-0.12903,-0.23384,0.17711,-0.33865,-0.44346,-0.54827,-0.63396,-0.73485,-1.0044,-1.1721,-1.2349,-1.2978,-1.354,0.15615,-1.396,-1.4353,-1.4563,-1.4773,-1.4982,-1.5019,-1.5019,-1.4888,-1.4678,-1.4469,0.13518,-1.4121,-1.354,-1.3093,-1.2465,-1.1836,-1.1207,-1.0578,-0.97948,-0.89563,-0.81179,-0.001874,-0.72794,-0.63695,-0.53214,-0.42733,-0.3216,-0.19583,-0.070058,0.055714,0.18149,0.30726,-0.04495,0.43303,0.5588,0.69194,0.83338,0.95592,1.0619,1.1877,1.3134,1.4212,1.526,-0.081115,1.617,1.7009,1.7847,1.861,1.9183,1.9603,2.0008,2.0218,2.0427,2.0273,-0.12304,2.0063,1.9713,1.9294,1.8776,1.8068,1.7288,1.6585,1.5553,1.4714,1.3671,-0.16496,1.2623,1.1575,1.0384,0.91262,0.78685,0.65301,0.51227,0.3865,0.25888,0.11215,-0.20689,0.006879,-0.11659,-0.22577,-0.31607,-0.39992,-0.48377,-0.56762,-0.64524,-0.73715,-0.93019,0.17964,-0.24881,-0.97211,-1.014,-1.0371,-1.0748,-1.102,-1.1103,-1.1209,-1.1334,-1.1334,-1.129,-0.29557,-1.108,-1.0871,-1.0661,-1.026,-1.0011,-0.9652,-0.92328,-0.88135,-0.83068,-0.77447,-0.35569,-0.73255,-0.68809,-0.6252,-0.56232,-0.51878,-0.45958,-0.4119,-0.36997,-0.32805,-0.28613,-0.39762,-0.2442,-0.20712,-0.18615,-0.16519,-0.14423,-0.12327,-0.10231,-0.081345,-0.060383,-0.039421,-0.43954,-0.018459,-0.004638,0.000429,0.021391,0.041432,0.041432,0.061242,0.064467,0.080131,0.10109,-0.50104,0.11054,0.11054,0.11054,0.11054,0.10731,0.087502,0.087502,0.067462,0.064467,0.048573,-0.56393,0.041432,0.041432,0.031757,0.018397,0.018397,0.018397,0.018397,0.018397,0.018397,0.018397,-0.61138,0.018397,0.018397,0.018397,0.008492,-0.004638,0.001121,0.018397,0.018397,0.018397,0.018397,-0.66667,0.018397,0.018397,0.018397,0.018397,0.018397,0.018397,0.024386,0.041432,0.041432,0.041432,-0.71826,0.041432,0.06009,0.064467,0.064467,0.064467,0.064467,0.064467,0.064467,0.19438,-0.7694,-0.82515,-0.87214,-0.93203,-0.97488,-1.0378,-1.0808,-1.1228,-1.1647,-1.2066,0.20268,-1.2485,-1.2905,-1.3324,-1.369,-1.39,-1.4109,-1.4319,-1.4529,-1.4738,-1.4789,0.20268,-1.4927,-1.4902,-1.4789,-1.4713,-1.4503,-1.4259,-1.384,-1.3421,-1.2799,-1.2352,0.20268,-1.1771,-1.1142,-1.0514,-0.98847,-0.91775,-0.83966,-0.7694,-0.66621,-0.58236,-0.47801,0.20268,-0.3732,-0.26839,-0.1493,-0.023527,0.092109,0.20498,0.33075,0.45652,0.5823,0.70807,0.20268,0.81311,0.93657,1.0458,1.1506,1.2554,1.3498,1.4337,1.5175,1.6014,1.6811,2.0,0.0
0.24998,0.24998,0.28257,0.91812,1.0432,1.1541,1.2476,1.3614,1.4673,1.5608,1.6544,1.7479,1.8347,0.28257,1.9049,1.9541,1.9774,1.9824,2.0292,2.0593,2.0752,2.0752,2.0752,2.0627,0.30245,2.036,1.9893,1.9425,1.8957,1.849,1.7798,1.6964,1.6029,1.5094,1.4885,0.31516,1.4437,1.3268,1.2098,1.0929,0.99961,0.99961,0.88618,0.73618,0.5759,0.5759,0.31516,0.5759,0.54315,0.40284,0.26253,0.11179,-0.043354,-0.043354,-0.13575,-0.26987,-0.3868,0.31516,-0.50372,-0.62065,-0.7278,-0.7278,-0.79233,-0.88587,-0.97941,-0.98854,-1.0242,-1.0917,0.29952,-1.1385,-1.1515,-1.1668,-1.2136,-1.2604,-1.2945,-1.3179,-1.3413,-1.3471,-1.3471,0.28257,-1.3471,-1.3245,-1.3011,-1.2736,-1.2268,-1.18,-1.1332,-1.0865,-0.9931,-0.91366,0.28257,-0.85817,-0.85817,-0.7819,-0.68836,-0.59417,-0.47724,-0.36032,-0.24901,-0.15547,-0.042132,0.26196,0.021831,0.028757,0.14568,0.34042,0.53614,0.62968,0.74375,0.80405,0.81252,0.90607,0.24998,0.23857,0.99961,1.0861,1.1562,1.2264,1.2965,1.3638,1.4106,1.4574,1.4963,1.5197,0.21519,1.5211,1.5339,1.5537,1.5537,1.5537,1.5451,1.5217,1.4984,1.475,1.4516,0.1918,1.4282,1.3863,1.3395,1.2928,1.246,1.1992,1.1424,1.0488,0.97451,0.89433,0.18479,0.80079,0.70725,0.53875,0.34564,0.20533,0.084979,-0.031947,-0.15042,-0.29073,-0.41532,0.17762,-0.53224,-0.64917,-0.7454,-0.83894,-0.93248,-1.026,-1.1031,-1.1733,-1.2434,-1.2921,0.15424,-1.3389,-1.3827,-1.406,-1.4294,-1.4528,-1.4762,-1.4996,-1.51,-1.5063,-1.4829,0.1095,-1.4774,-1.4687,-1.4453,-1.4219,-1.3849,-1.3381,-1.2913,-1.2446,-1.1978,-1.1508,0.062734,-1.0806,-1.0249,-0.97289,-0.90274,-0.83258,-0.76243,-0.69129,-0.59775,-0.51937,-0.44921,0.021831,-0.37906,-0.28878,-0.20615,-0.13429,-0.040747,0.036905,0.10706,0.17722,0.26823,0.35012,0.021831,0.41783,0.4646,0.52799,0.59073,0.6375,0.70587,0.76364,0.81041,0.85718,0.9213,0.25495,-0.012391,0.98331,1.0301,1.0769,1.1236,1.1704,1.2172,1.2639,1.3018,1.3252,1.3486,-0.067065,1.372,1.3954,1.4187,1.4233,1.4137,1.3903,1.3669,1.3435,1.3202,1.2968,-0.13722,1.2538,1.2174,1.1929,1.1461,1.0993,1.0587,1.0353,0.99162,0.94485,0.89808,-0.14113,0.85131,0.78849,0.72518,0.67841,0.61061,0.52864,0.43771,0.36756,0.2974,0.21967,-0.16688,0.12613,0.054342,-0.028362,-0.11856,-0.18872,-0.25887,-0.32072,-0.36749,-0.41426,-0.46103,-0.22098,-0.5078,-0.55457,-0.58309,-0.60647,-0.62986,-0.65324,-0.67663,-0.70001,-0.7234,-0.74678,-0.31452,-0.76039,-0.75982,-0.73643,-0.7278,-0.7278,-0.7278,-0.7278,-0.7278,-0.72649,-0.70311,-0.33669,-0.6952,-0.6952,-0.6952,-0.6952,-0.6952,-0.6952,-0.6952,-0.6952,-0.6952,-0.6952,-0.3626,-0.6952,-0.6952,-0.6952,-0.6952,-0.6952,-0.6952,-0.6952,-0.6952,-0.6952,-0.6952,-0.43275,-0.6952,-0.6952,-0.6952,-0.6952,-0.71786,-0.7278,-0.73203,-0.75542,0.27833,-0.52572,-0.56483,-0.58243,-0.67597,-0.76952,-0.86306,-0.9566,-1.0501,-1.0863,-1.1017,0.28257,-1.1719,-1.1841,-1.2043,-1.2511,-1.2978,-1.3145,-1.3262,-1.373,-1.3796,-1.3796,0.28257,-1.3796,-1.3796,-1.3796,-1.373,-1.3497,-1.3263,-1.2913,-1.2493,-1.2493,-1.2493,0.28257,-1.2346,-1.1878,-1.1196,-1.0863,-1.077,-1.0069,-0.93671,-0.89076,-0.89076,-0.80178,0.28257,-0.6952,-0.59743,-0.59743,-0.5254,-0.42306,-0.30613,-0.30409,-0.22147,-0.085725,0.031201,0.28257,0.054423,0.054423,0.056379,0.19669,0.3225,0.41294,0.41294,0.52978,0.65983,0.77781,0.0,0.0
-0.37061,-0.43814,-0.59536,-1.7996,-1.7883,-1.777,-1.7658,-1.7545,-1.7433,-1.7245,-1.7067,-1.6936,-1.6711,-0.60732,-1.6588,-1.6401,-1.6176,-1.5951,-1.5726,-1.5501,-1.5204,-1.491,-1.4685,-1.446,-0.61857,-1.4136,-1.3868,-1.3601,-1.3277,-1.3052,-1.273,-1.2392,-1.2054,-1.1717,-1.1379,-0.62983,-1.1041,-1.0704,-1.0366,-1.0028,-0.96907,-0.92596,-0.88743,-0.85003,-0.80578,-0.77202,-0.64341,-0.73825,-0.69817,-0.65661,-0.62284,-0.58908,-0.56431,-0.53566,-0.50517,-0.48224,-0.44848,-0.66592,-0.42353,-0.40102,-0.37851,-0.356,-0.33349,-0.31962,-0.30258,-0.283,-0.27167,-0.24916,-0.67771,-0.23512,-0.22387,-0.21261,-0.20135,-0.1901,-0.18714,-0.1817,-0.17045,-0.15919,-0.14794,-0.69683,-0.1448,-0.13954,-0.12828,-0.11703,-0.10577,-0.094519,-0.083264,-0.072008,-0.060753,-0.049498,-0.71433,-0.038243,-0.026988,-0.015732,-0.004477,0.006778,0.025619,0.043401,0.056527,0.079037,0.09128,-0.72343,0.10994,0.13246,0.15497,0.17748,0.19999,0.2225,0.24938,0.28163,0.30414,0.33657,-0.46368,-0.72343,0.37033,0.4041,0.43652,0.45903,0.49128,0.52505,0.55881,0.59258,0.62634,0.66011,-0.73398,0.69387,0.72764,0.76141,0.79517,0.82894,0.8627,0.89647,0.93023,0.964,0.99776,-0.73755,1.0315,1.0618,1.0849,1.1187,1.1615,1.1942,1.2233,1.2674,1.2899,1.3213,-0.74238,1.3551,1.3888,1.4226,1.4564,1.4901,1.5181,1.5436,1.5772,1.5997,1.6307,-0.75166,1.6589,1.6814,1.7039,1.7152,1.7348,1.7573,1.7772,1.7885,1.8107,1.8251,-0.75166,1.8363,1.8476,1.8588,1.8701,1.8813,1.8875,1.8897,1.901,1.9016,1.8938,-0.75166,1.8825,1.8692,1.8467,1.8347,1.8158,1.798,1.7849,1.7624,1.7399,1.7174,-0.75166,1.6903,1.6582,1.6357,1.6031,1.5766,1.5497,1.5159,1.4821,1.4484,1.4146,-0.75166,1.3808,1.3471,1.3133,1.2698,1.2317,1.1979,1.1641,1.1304,1.087,1.0487,-0.75166,1.0111,0.96707,0.9333,0.89012,0.85166,0.81419,0.77001,0.73625,0.70248,0.66872,-0.4694,-0.75166,0.63142,0.58707,0.55331,0.51954,0.49199,0.46612,0.43236,0.39859,0.37372,0.34517,-0.76186,0.31458,0.29207,0.26956,0.24705,0.22454,0.20503,0.19378,0.18252,0.17127,0.16001,-0.76577,0.14876,0.1375,0.11503,0.1176,0.12335,0.12335,0.12335,0.12335,0.12335,0.12335,-0.76577,0.12335,0.12335,0.13422,0.13747,0.13747,0.13747,0.13747,0.14816,0.15158,0.15158,-0.76415,0.1537,0.16495,0.16569,0.17335,0.1798,0.18175,0.193,0.19392,0.2014,0.20803,-0.75289,0.20979,0.22105,0.23231,0.23626,0.2407,0.25196,0.26321,0.27447,0.28572,0.29271,-0.75166,0.29412,0.30538,0.31663,0.32789,0.33914,0.3504,0.36165,0.36327,0.37005,0.37739,-0.75166,0.37845,0.3897,0.3915,0.3981,0.40561,0.40561,0.40561,0.41489,0.41973,0.41973,-0.75166,0.41973,0.41973,0.42883,0.43384,0.43384,0.43384,0.43384,0.43384,0.43384,0.43384,-0.75166,0.43384,0.43384,0.44259,0.44795,0.44795,0.44795,0.44795,0.44795,-0.47208,-0.75166,-0.75166,-0.74467,-0.73755,-0.73755,-0.73755,-0.72788,-0.72343,-0.71948,-0.70932,-0.48333,-0.70932,-0.70932,-0.70269,-0.69521,-0.69429,-0.68303,-0.67178,-0.66698,-0.66338,-0.65287,-0.49459,-0.65287,-0.66201,-0.6921,-0.73028,-0.75222,-0.76348,-0.7837,-0.82452,-0.88729,-0.96413,-0.52229,-0.98664,-1.0179,-1.0636,-1.1229,-1.1898,-1.2236,-1.2573,-1.3084,-1.3672,-1.401,-0.54533,-1.4347,-1.4854,-1.5305,-1.5643,-1.598,-1.6207,-1.6514,-1.7014,-1.7588,-1.7813,-0.56159,-1.8257,-1.8788,-1.9089,-1.9113,-1.9226,-1.923,-1.8756,-1.8333,-1.8221,-1.8108,4.0,4.0
0.95612,1.0518,0.86839,0.57326,0.69849,0.80777,0.91943,1.0136,1.1356,1.2337,1.3015,1.39,1.4842,0.85323,1.5464,1.6174,1.6963,1.7434,1.7904,1.8375,1.8846,1.9133,1.9452,1.9619,0.8285,1.9771,1.9619,1.9452,1.5488,1.3868,1.1874,1.0933,0.9992,0.90508,0.81973,0.79102,0.74874,0.32281,-0.36475,-0.45887,-0.57372,-0.683,-0.80504,-0.89916,-0.99328,-1.0874,0.76469,-1.1656,-1.2437,-1.2916,-1.3682,-1.4304,-1.4966,-1.5548,-1.6226,-1.6601,-1.6848,0.73279,-1.7,-1.7239,-1.7239,-1.7239,-1.7239,-1.7239,-1.7239,-1.7239,-1.692,-1.6752,0.71365,-1.6282,-1.613,-1.566,-1.5189,-1.4431,-1.3929,-1.3187,-1.2565,-1.1624,-1.0595,0.69849,-0.94223,-0.8162,-0.69975,-0.55857,-0.43813,-0.30811,-0.18608,-0.089565,0.034068,0.12819,0.66898,0.22231,0.31643,0.44245,0.56608,0.6945,0.81654,0.94655,1.0407,1.0933,1.1651,0.66818,1.2193,1.2664,1.3135,1.3605,1.4076,1.4546,1.4985,1.5169,1.5288,1.4818,1.0518,0.63707,1.4347,1.3876,1.3406,1.1659,1.0901,1.0399,0.99282,0.93539,0.86679,0.81096,0.63707,0.74077,0.68653,0.59241,0.53019,0.45681,0.37784,0.31164,0.21991,0.15531,0.061984,0.63707,-0.001028,-0.15736,-0.73165,-0.79626,-0.87523,-0.9502,-1.0124,-1.0802,-1.1592,-1.2062,0.63707,-1.2852,-1.3091,-1.3474,-1.3729,-1.4049,-1.4049,-1.4368,-1.4368,-1.4384,-1.4687,0.63707,-1.4687,-1.4687,-1.4687,-1.4368,-1.4368,-1.4248,-1.4049,-1.3729,-1.3474,-1.3004,0.63707,-1.2533,-1.2062,-1.1592,-1.1065,-1.0332,-0.9861,-0.91989,-0.86007,-0.81301,-0.73405,0.63707,-0.67104,-0.57692,-0.4828,-0.38867,-0.29455,-0.20043,-0.10631,-0.012195,0.081925,0.17605,0.63707,0.23826,0.33238,0.4265,0.52062,0.61474,0.68892,0.76788,0.83329,0.89391,0.95772,0.63707,1.0518,1.1141,1.2082,1.3023,1.3677,1.4786,1.5256,1.5727,1.6198,1.658,0.63707,1.682,1.654,1.3517,1.2321,1.138,1.0758,0.96251,0.85323,0.74715,0.66659,1.0518,0.63707,0.54136,0.47835,0.35312,0.28851,0.05002,-0.18847,-0.20363,-0.22436,-0.25627,-0.281,0.63707,-0.29615,-0.32008,-0.35837,-0.40543,-0.42058,-0.46764,-0.4828,-0.51151,-0.5131,-0.54341,0.63707,-0.54341,-0.57532,-0.57532,-0.60722,-0.60722,-0.63913,-0.63913,-0.6495,-0.67104,-0.67104,0.63707,-0.69496,-0.70294,-0.70294,-0.73485,-0.73485,-0.73485,-0.7157,-0.70055,-0.67104,-0.63913,0.63707,-0.62318,-0.60722,-0.56096,-0.5139,-0.49875,-0.45169,-0.40463,-0.35757,-0.31051,-0.28817,0.63707,-0.24829,-0.20123,-0.15417,-0.10711,-0.060053,-0.012993,0.034068,0.099473,0.16009,0.2239,0.63707,0.28612,0.33318,0.38024,0.4273,0.47436,0.52142,0.56848,0.61554,0.6626,0.70966,0.63707,0.75672,0.80378,0.85084,0.8979,0.94496,0.98803,0.96889,0.95373,0.92422,0.89231,0.60357,0.87636,0.86041,0.8285,0.8285,0.81574,0.7966,0.7966,0.7966,0.76469,0.76469,0.55651,0.75672,0.73279,0.73279,0.71125,0.70088,0.70088,0.70088,0.70088,1.0518,0.50945,0.44724,0.38343,0.2909,0.19678,0.10266,0.008543,-0.085577,-0.1797,-0.24191,1.0399,-0.33603,-0.43015,-0.52427,-0.61281,-0.68061,-0.73883,-0.78589,-0.86486,-0.91192,-0.95898,0.99282,-1.022,-1.085,-1.1464,-1.211,-1.2581,-1.3051,-1.3203,-1.341,-1.3825,-1.4049,0.97766,-1.4368,-1.4599,-1.475,-1.5006,-1.5006,-1.5006,-1.4687,-1.4503,-1.4049,-1.3881,0.9306,-1.341,-1.294,-1.2166,-1.1544,-1.089,-0.99806,-0.93106,-0.84173,-0.74761,-0.66226,0.91545,-0.59127,-0.49715,-0.40303,-0.30333,-0.18289,-0.056862,0.056401,0.19519,0.30686,0.44804,2.0,2.0
-2.2182,-2.0326,-1.7009,-1.0941,-1.0941,-1.0908,-1.083,-1.0347,-0.99503,-0.98729,-0.96795,-0.9462,-0.93072,-1.6854,-0.91525,-0.8993,-0.87609,-0.85288,-0.82968,-0.80647,-0.78326,-0.76006,-0.73685,-0.71364,-1.67,-0.69044,-0.66723,-0.64402,-0.62082,-0.59326,-0.56231,-0.53911,-0.5159,-0.49269,-0.46949,-1.6545,-0.44628,-0.42307,-0.39987,-0.37666,-0.35345,-0.33508,-0.31912,-0.29592,-0.27658,-0.26111,-1.639,-0.24564,-0.23016,-0.21469,-0.19922,-0.18375,-0.16828,-0.15813,-0.15039,-0.14266,-0.13492,-1.6308,-0.12718,-0.11945,-0.11171,-0.10398,-0.10301,-0.10301,-0.10301,-0.097208,-0.090923,-0.090923,-1.6231,-0.090923,-0.091407,-0.099142,-0.10301,-0.10301,-0.11026,-0.118,-0.12573,-0.13347,-0.14314,-1.6153,-0.15861,-0.16876,-0.1765,-0.18423,-0.19197,-0.19971,-0.20744,-0.21518,-0.22291,-0.23065,-1.6076,-0.24322,-0.26643,-0.27223,-0.27223,-0.27223,-0.26739,-0.26014,-0.26014,-0.25627,-0.24854,-1.6037,-0.2408,-0.23307,-0.22533,-0.16731,-0.11123,-0.095758,-0.085605,-0.076902,-0.061431,-0.04596,-1.9146,-1.6115,-0.030488,-0.007281,0.012541,0.028013,0.050253,0.071042,0.086513,0.10779,0.13099,0.1542,-1.6192,0.17257,0.18853,0.21173,0.23494,0.25815,0.2741,0.28957,0.30505,0.32052,0.33792,-1.6269,0.36113,0.37902,0.39449,0.40996,0.42543,0.4409,0.45637,0.47523,0.49844,0.50811,-1.6347,0.51826,0.53373,0.5492,0.56322,0.57096,0.58353,0.59852,0.60625,0.61399,0.62172,-1.6381,0.62946,0.63429,0.63429,0.64058,0.64638,0.64638,0.6517,0.65847,0.65847,0.65847,-1.6381,0.65847,0.6662,0.67056,0.67056,0.66379,0.65847,0.65847,0.65847,0.65702,0.64928,-1.6303,0.64638,0.6459,0.63816,0.63043,0.62269,0.62221,0.61931,0.61157,0.60384,0.5961,-1.6226,0.58836,0.58063,0.57289,0.56516,0.55742,0.54969,0.54195,0.53421,0.52648,0.49844,-1.6148,0.47716,0.47716,0.47716,0.47716,0.47716,0.47716,0.47765,0.48538,0.49312,0.50085,-1.6071,0.50134,0.50424,0.51197,0.51971,0.54678,0.63188,0.6691,0.68458,0.70005,0.71552,-1.8837,-1.5994,0.73099,0.74646,0.75855,0.76628,0.78079,0.79626,0.81173,0.8272,0.84122,0.84896,-1.5916,0.86153,0.877,0.89247,0.90794,0.92341,0.93889,0.95436,0.96983,0.9853,1.0008,-1.5781,1.0162,1.0317,1.0472,1.0627,1.0781,1.0936,1.1091,1.1245,1.14,1.1487,-1.5641,1.1589,1.1743,1.184,1.1917,1.1995,1.2072,1.2154,1.2309,1.2425,1.2502,-1.5563,1.2507,1.2536,1.2614,1.2691,1.2768,1.2846,1.287,1.288,1.2957,1.2991,-1.5438,1.2991,1.3068,1.3112,1.3112,1.3112,1.3112,1.3112,1.317,1.3233,1.3233,-1.5283,1.3233,1.3237,1.3315,1.3392,1.3469,1.3547,1.3624,1.3701,1.3716,1.3735,-1.5128,1.3813,1.3943,1.4088,1.4166,1.4243,1.432,1.4398,1.4509,1.4664,1.4751,-1.5012,1.4852,1.5007,1.5104,1.5195,1.535,1.5457,1.5534,1.5611,1.5689,1.5766,-1.4935,1.5843,1.5921,1.5998,1.6075,1.6153,1.623,1.6254,1.6264,-1.8527,-1.4785,-1.463,-1.4476,-1.4321,-1.4166,-1.4011,-1.3857,-1.3692,-1.346,-1.3272,-1.8242,-1.3117,-1.2885,-1.2687,-1.2532,-1.231,-1.2078,-1.1846,-1.1671,-1.1502,-1.127,-1.801,-1.1086,-1.0927,-1.0695,-1.0501,-1.0347,-1.0192,-1.0066,-0.9989,-0.98487,-0.97134,-1.772,-0.9636,-0.95587,-0.9491,-0.9491,-0.94475,-0.93701,-0.93701,-0.94039,-0.94813,-0.9491,-1.7425,-0.95151,-0.95925,-0.96118,-0.96263,-0.97037,-0.97811,-0.98584,-0.99358,-1.0013,-1.009,-1.7193,-1.0168,-1.0245,-1.0323,-1.04,-1.0535,-1.0845,-1.0941,-1.0941,-1.0941,-1.0941,5.0,5.0
-1.9407,-1.894,-1.6713,-0.83148,-0.82888,-0.82322,-0.81849,-0.81849,-0.81849,-0.81709,-0.8081,-0.8081,-0.79951,-1.6524,-0.79018,-0.78732,-0.78192,-0.77259,-0.76327,-0.75394,-0.74462,-0.73529,-0.72597,-0.7083,-1.6257,-0.69693,-0.68139,-0.66789,-0.65448,-0.63583,-0.61913,-0.60892,-0.59027,-0.57162,-0.56105,-1.5977,-0.54471,-0.53201,-0.5178,-0.50297,-0.49089,-0.47392,-0.4646,-0.45527,-0.44595,-0.43662,-1.5698,-0.4273,-0.41797,-0.40865,-0.39932,-0.39249,-0.39249,-0.39249,-0.39249,-0.39249,-0.38493,-1.5466,-0.3821,-0.37667,-0.37171,-0.36841,-0.36132,-0.36015,-0.35083,-0.3415,-0.33217,-0.32285,-1.5242,-0.31352,-0.3042,-0.29487,-0.28555,-0.27425,-0.25651,-0.24718,-0.23786,-0.22853,-0.21217,-1.4989,-0.19949,-0.19016,-0.17699,-0.16112,-0.15008,-0.13208,-0.12276,-0.11343,-0.10411,-0.094781,-1.4803,-0.09117,-0.086521,-0.08078,-0.07826,-0.07039,-0.07039,-0.07039,-0.06174,-0.059999,-0.053479,-1.4622,-0.049609,-0.049609,-0.049609,-0.047349,-0.039219,-0.039089,-0.029763,-0.020438,-0.018438,-0.012178,-1.8722,-1.4528,-0.002852,0.006473,0.015798,0.025124,0.034449,0.043774,0.0531,0.062425,0.078816,0.091466,-1.4435,0.10573,0.12051,0.13264,0.15129,0.16926,0.17859,0.19685,0.2155,0.22735,0.24241,-1.4342,0.26106,0.2761,0.28543,0.29623,0.31447,0.32379,0.33312,0.34244,0.35177,0.3611,-1.4248,0.37042,0.3764,0.37868,0.38679,0.38679,0.38679,0.38679,0.39414,0.39718,0.4024,-1.4155,0.40757,0.41066,0.41998,0.42931,0.43863,0.44796,0.45728,0.46661,0.47593,0.48526,-1.4153,0.49848,0.5143,0.52363,0.53365,0.5523,0.56199,0.57921,0.59103,0.60613,0.62007,-1.4211,0.63304,0.64912,0.65995,0.67816,0.68748,0.69681,0.70613,0.71546,0.72478,0.73411,-1.4211,0.74343,0.75045,0.75169,0.76084,0.76084,0.76928,0.77123,0.77123,0.77123,0.77123,-1.4225,0.77435,0.78162,0.78162,0.78162,0.78162,0.78162,0.78162,0.78162,0.78162,0.78162,-1.4315,0.78162,0.78162,0.78235,0.79167,0.79201,0.79201,0.79201,0.7978,0.8024,0.80606,-1.8535,-1.4315,0.81279,0.81432,0.82318,0.82318,0.83191,0.83357,0.84017,0.84396,0.84843,0.85435,-1.423,0.85669,0.86474,0.86495,0.87427,0.87513,0.88253,0.88552,0.88552,0.88973,0.89591,-1.4211,0.89591,0.89693,0.90625,0.91558,0.9249,0.93423,0.94355,0.95789,0.97259,0.98192,-1.4211,0.99124,1.0013,1.02,1.0296,1.0469,1.0587,1.0738,1.0877,1.1007,1.1167,-1.4211,1.1276,1.1458,1.1551,1.1732,1.1841,1.1935,1.2083,1.2225,1.2353,1.2515,-1.4168,1.2622,1.2806,1.2899,1.2992,1.3086,1.3243,1.3376,1.3469,1.3563,1.3677,-1.4075,1.3853,1.3946,1.4039,1.4215,1.433,1.4423,1.4567,1.4714,1.4836,1.5004,-1.4004,1.5097,1.519,1.5374,1.5481,1.5574,1.5667,1.5761,1.5854,1.5947,1.604,-1.3993,1.6134,1.6227,1.6232,1.631,1.6403,1.6496,1.6589,1.6683,1.6776,1.6869,-1.39,1.6962,1.7056,1.7149,1.7242,1.7271,1.7325,1.7375,1.7407,-1.8287,-1.39,-1.39,-1.3827,-1.3796,-1.3796,-1.3755,-1.3692,-1.3692,-1.3692,-1.3692,-1.8008,-1.3692,-1.3692,-1.3692,-1.3692,-1.3692,-1.3654,-1.3588,-1.3588,-1.3582,-1.3489,-1.7768,-1.3396,-1.3302,-1.3209,-1.3116,-1.3023,-1.2894,-1.2708,-1.2535,-1.2439,-1.2252,-1.7552,-1.2066,-1.1879,-1.1693,-1.1506,-1.132,-1.1166,-1.1051,-1.0864,-1.0678,-1.0491,-1.7272,-1.0388,-1.0222,-1.0035,-0.99001,-0.97664,-0.95798,-0.94126,-0.93107,-0.91242,-0.90289,-1.6993,-0.89356,-0.88424,-0.87491,-0.86559,-0.86006,-0.85733,-0.84967,-0.84907,-0.83974,-0.83927,3.0,5.0
1.0137,1.0617,1.0647,1.275,1.3039,1.352,1.3981,1.4221,1.4461,1.4701,1.4942,1.5182,1.5236,1.0647,1.5408,1.549,1.5348,1.5236,1.4782,1.3623,1.2434,1.1505,1.0227,0.94664,1.0647,0.84288,0.67794,0.58183,0.48572,0.38961,0.2935,0.19739,0.10128,0.005166,-0.090945,1.0647,-0.17367,-0.44836,-0.74077,-0.79781,-0.86989,-0.93592,-0.98398,-1.032,-1.0801,-1.1281,1.0597,-1.1762,-1.2015,-1.2255,-1.2496,-1.2736,-1.2807,-1.2807,-1.2807,-1.2807,-1.2807,1.0392,-1.2807,-1.2726,-1.2486,-1.2246,-1.2005,-1.1765,-1.1517,-1.1037,-1.0789,-1.0331,1.0392,-0.985,-0.91801,-0.86339,-0.79934,-0.72726,-0.65518,-0.58309,-0.51101,-0.43893,-0.35964,1.0392,-0.26927,-0.19292,-0.099612,-0.026191,0.069919,0.14213,0.23665,0.33276,0.40936,0.49948,1.0392,0.57902,0.66621,0.74868,0.83294,0.91834,0.99042,1.0703,1.1538,1.2067,1.2788,1.0392,1.3508,1.4225,1.4705,1.5416,1.5921,1.6402,1.6696,1.7108,1.7432,1.7672,1.0647,1.0175,1.7912,1.804,1.804,1.804,1.804,1.7986,1.7587,1.646,1.5929,1.4247,1.0137,1.3508,1.2566,1.0986,0.98794,0.89183,0.77946,0.67411,0.56468,0.44454,0.33479,1.0137,0.22976,0.11708,0.020971,-0.079664,-0.19674,-0.31038,-0.66926,-0.74134,-0.83612,-0.911,0.99641,-0.98309,-1.0552,-1.1104,-1.1738,-1.232,-1.2677,-1.3026,-1.3412,-1.3572,-1.3638,0.97238,-1.3827,-1.3791,-1.3572,-1.3565,-1.3325,-1.3084,-1.2844,-1.2401,-1.192,-1.1439,0.94836,-1.0959,-1.0334,-0.96129,-0.88921,-0.81712,-0.74504,-0.67296,-0.5952,-0.5033,-0.42848,0.92433,-0.33364,-0.26156,-0.16564,-0.091901,0.001087,0.077758,0.16781,0.26392,0.34499,0.43065,0.84326,0.52676,0.61223,0.69349,0.81273,0.95594,1.028,1.1001,1.1722,1.2439,1.2919,0.73886,1.34,1.3881,1.4361,1.4656,1.4896,1.5137,1.5236,1.5236,1.5123,1.4981,0.63995,1.4815,1.4403,1.4109,1.3628,1.3123,1.2383,1.1182,0.97455,0.89654,0.80387,1.0647,0.45474,0.72688,0.6548,0.56653,0.48514,0.3998,0.31548,0.2434,0.13588,-0.002738,-0.07482,0.30873,-0.1469,-0.21899,-0.2926,-0.38864,-0.46073,-0.53281,-0.94344,-1.0849,-1.1387,-1.1868,0.23257,-1.2348,-1.2829,-1.3309,-1.379,-1.4176,-1.4496,-1.4912,-1.5152,-1.5392,-1.5611,0.13907,-1.5618,-1.5858,-1.5866,-1.5866,-1.5664,-1.5611,-1.5438,-1.5039,-1.4703,-1.4333,0.062398,-1.3852,-1.3372,-1.2891,-1.234,-1.1619,-1.094,-1.0432,-0.97117,-0.89908,-0.827,-0.10579,-0.75492,-0.68284,-0.61075,-0.53867,-0.46659,-0.39451,-0.33594,-0.27584,-0.21433,-0.15716,-0.17915,-0.092729,-0.050856,-0.022112,0.025943,0.072213,0.096241,0.12027,0.1443,0.16832,0.1724,-0.25123,0.19088,0.1979,0.1979,0.1979,0.18528,0.1724,0.1724,0.16418,0.14691,0.14691,-0.38565,0.14308,0.12142,0.12142,0.12142,0.097961,0.095922,0.095922,0.095922,0.095922,0.095922,-0.49119,0.095922,0.016765,-0.068765,-0.092793,-0.11682,-0.14818,-0.19037,-0.21879,1.0647,-0.55161,-0.66518,-0.80935,-0.89972,-0.94778,-1.0063,-1.0694,-1.1174,-1.1594,-1.1881,1.0647,-1.2329,-1.2569,-1.281,-1.305,-1.329,-1.3317,-1.3317,-1.3317,-1.3317,-1.3162,1.0647,-1.3062,-1.2937,-1.2696,-1.236,-1.1961,-1.1654,-1.1173,-1.0693,-1.0189,-0.94765,1.0647,-0.89959,-0.82815,-0.75607,-0.68398,-0.6119,-0.53982,-0.46774,-0.39565,-0.32357,-0.25149,1.0647,-0.17941,-0.098593,-0.009748,0.062334,0.13875,0.23199,0.30548,0.40159,0.47373,0.54582,1.0647,0.6179,0.68998,0.76206,0.83415,0.90623,0.97831,1.0504,1.1117,1.1598,1.2157,2.0,2.0
2.0438,1.9777,1.8785,0.099404,0.075358,0.051312,0.025033,-0.005803,-0.029849,-0.053895,-0.077941,-0.10199,-0.12603,1.8427,-0.15008,-0.17412,-0.19817,-0.22222,-0.24626,-0.27031,-0.29435,-0.3184,-0.35147,-0.38064,1.8184,-0.40858,-0.44375,-0.47472,-0.50687,-0.54294,-0.57393,-0.60605,-0.64212,-0.67819,-0.71426,1.7973,-0.7483,-0.77737,-0.81344,-0.84049,-0.87155,-0.89559,-0.91964,-0.94369,-0.95975,-0.98079,1.7794,-0.99282,-1.0128,-1.0259,-1.0379,-1.0579,-1.071,-1.0879,-1.104,-1.1251,-1.142,1.7642,-1.1582,-1.1792,-1.1912,-1.2111,-1.2243,-1.2363,-1.2483,-1.2513,-1.2634,-1.2676,1.7432,-1.2766,-1.2814,-1.2934,-1.3037,-1.3084,-1.3205,-1.3307,-1.3355,-1.3397,-1.3505,1.7253,-1.3578,-1.3501,-1.3471,-1.3397,-1.332,-1.329,-1.3217,-1.3217,-1.3127,-1.308,1.7012,-1.3037,-1.302,-1.2946,-1.287,-1.2856,-1.281,-1.2766,-1.275,-1.2676,-1.2676,1.6862,-1.2585,-1.254,-1.2495,-1.2405,-1.2359,-1.2239,-1.2209,-1.2134,-1.2059,-1.1954,1.9657,1.668,-1.1909,-1.1788,-1.1758,-1.1638,-1.1593,-1.1488,-1.1412,-1.1338,-1.1218,-1.1142,1.6471,-1.1067,-1.0961,-1.0917,-1.0797,-1.0691,-1.0647,-1.0526,-1.042,-1.0376,-1.0256,1.6321,-1.0226,-1.0149,-1.0076,-0.99688,-0.99255,-0.98052,-0.96981,-0.9655,-0.95348,-0.95048,1.6139,-0.93845,-0.93372,-0.92343,-0.91141,-0.89938,-0.89638,-0.88436,-0.87234,-0.86934,-0.85732,1.5931,-0.85251,-0.84229,-0.83446,-0.82727,-0.81642,-0.81225,-0.80022,-0.79722,-0.7852,-0.78033,1.5718,-0.7713,-0.76718,-0.75515,-0.75215,-0.74424,-0.73713,-0.73413,-0.72619,-0.71911,-0.71611,1.554,-0.70814,-0.70108,-0.69912,-0.69508,-0.6901,-0.68108,-0.67706,-0.67205,-0.66303,-0.66303,1.5299,-0.65604,-0.65401,-0.65401,-0.64704,-0.64498,-0.64104,-0.63596,-0.62694,-0.62301,-0.61792,1.5059,-0.60889,-0.60499,-0.59297,-0.58997,-0.58182,-0.57494,-0.56292,-0.5509,-0.53887,-0.53587,1.4818,-0.52385,-0.50499,-0.48997,-0.46974,-0.45771,-0.43667,-0.41707,-0.38779,-0.37276,-0.34872,1.9536,1.4578,-0.33144,-0.31039,-0.29088,-0.26156,-0.24653,-0.22621,-0.21419,-0.18342,-0.16307,-0.14435,1.431,-0.12933,-0.10896,-0.08358,-0.057842,-0.042165,-0.024773,-0.010855,0.026341,0.044996,0.068433,1.4007,0.091284,0.12616,0.14962,0.16523,0.18927,0.21388,0.24639,0.27043,0.28546,0.3095,1.3766,0.34009,0.35759,0.38164,0.39917,0.42071,0.44476,0.4623,0.4748,0.49885,0.51642,1.3526,0.52844,0.54392,0.56151,0.58256,0.59458,0.6066,0.63667,0.64529,0.6517,0.66372,1.3285,0.67236,0.67874,0.68138,0.68474,0.69676,0.70845,0.71179,0.72381,0.72681,0.73883,1.2957,0.75086,0.76288,0.78149,0.80497,0.81754,0.85033,0.88065,0.89843,0.92897,0.96456,1.2714,0.98906,1.0307,1.0672,1.0968,1.1305,1.172,1.2141,1.2381,1.2807,1.3133,1.2417,1.3468,1.3946,1.4397,1.4726,1.5151,1.548,1.5899,1.6139,1.656,1.6863,1.2143,1.7161,1.7373,1.7672,1.7853,1.8003,1.8123,1.8243,1.8363,1.9446,1.1812,1.1515,1.1241,1.0911,1.067,1.043,1.0189,0.99488,0.97083,0.95581,1.9386,0.9374,0.92538,0.90434,0.89231,0.88029,0.86827,0.85624,0.84422,0.8322,0.82018,1.9266,0.80815,0.79613,0.78411,0.77208,0.76908,0.75706,0.73651,0.69191,0.66685,0.66333,1.9146,0.64687,0.62724,0.61028,0.59772,0.59115,0.58269,0.55921,0.54604,0.52916,0.51414,1.9025,0.49551,0.48349,0.46244,0.43963,0.42035,0.41069,0.39996,0.39265,0.36486,0.31144,1.8905,0.3031,0.28205,0.27003,0.258,0.23696,0.21963,0.19559,0.18057,0.15652,0.12419,1.0,1.0
-1.9583,-1.8744,-1.6971,-1.0724,-1.0861,-1.0979,-1.1021,-1.1092,-1.1092,-1.1092,-1.1092,-1.1092,-1.1022,-1.6834,-1.0979,-1.0844,-1.0159,-1.0023,-0.98119,-0.96361,-0.93862,-0.92181,-0.89447,-0.86713,-1.6697,-0.84998,-0.82377,-0.79643,-0.76318,-0.7387,-0.71441,-0.68707,-0.65973,-0.63239,-0.60505,-1.6561,-0.57771,-0.55037,-0.52303,-0.49569,-0.46835,-0.44115,-0.42499,-0.39765,-0.3775,-0.36383,-1.6424,-0.33884,-0.32226,-0.30018,-0.28651,-0.26288,-0.24785,-0.23084,-0.20919,-0.19552,-0.19224,-1.6287,-0.1795,-0.16959,-0.16348,-0.15827,-0.14746,-0.14511,-0.13563,-0.13563,-0.12674,-0.12431,-1.615,-0.12431,-0.12892,-0.13563,-0.13563,-0.14695,-0.14964,-0.15827,-0.16566,-0.17933,-0.19224,-1.6014,-0.19535,-0.20902,-0.22269,-0.23636,-0.34179,-0.35497,-0.30997,-0.27457,-0.2609,-0.23593,-1.5877,-0.15431,-0.13433,-0.11565,-0.10198,-0.076989,-0.058932,-0.038328,-0.015573,0.011767,0.036644,-1.574,0.055126,0.075305,0.088975,0.10318,0.12764,0.14131,0.15498,0.16865,0.18232,0.1993,-1.847,-1.5621,0.22098,0.23465,0.24832,0.26199,0.27566,0.28933,0.303,0.31667,0.33034,0.34401,-1.5661,0.35768,0.37135,0.38502,0.39869,0.40777,0.41471,0.42838,0.44205,0.45572,0.46939,-1.5734,0.48306,0.48702,0.49834,0.50142,0.50966,0.51744,0.52098,0.5323,0.53581,0.54948,-1.5734,0.56315,0.56626,0.56785,0.57759,0.58387,0.59754,0.60023,0.60224,0.61155,0.61826,-1.5734,0.62287,0.63419,0.63662,0.64551,0.65264,0.65683,0.65734,0.66815,0.66815,0.66815,-1.5713,0.66815,0.66815,0.66815,0.66252,0.65683,0.6465,0.64415,0.63048,0.64104,0.64843,-1.5621,0.63476,0.62109,0.60742,0.58727,0.56876,0.52155,0.50525,0.47791,0.45747,0.4438,-1.5621,0.43013,0.41646,0.40279,0.3598,0.31081,0.30588,0.30894,0.3172,0.32496,0.32853,-1.5621,0.35117,0.35465,0.37415,0.39331,0.40698,0.44329,0.45696,0.47063,0.49291,0.52025,-1.5621,0.54815,0.6272,0.64087,0.65454,0.67953,0.6932,0.70687,0.72054,0.73421,0.7592,-1.8267,-1.5595,0.7757,0.79786,0.81153,0.8252,0.83887,0.85254,0.86621,0.87193,0.88223,0.8959,-1.5507,0.90589,0.91192,0.92559,0.93926,0.95118,0.95528,0.96895,0.98262,0.99629,1.01,-1.5507,1.0236,1.0373,1.051,1.0646,1.0783,1.087,1.0943,1.108,1.1217,1.1353,-1.5412,1.149,1.1627,1.1663,1.1776,1.181,1.1889,1.1971,1.2107,1.2131,1.2229,-1.5388,1.2291,1.2342,1.2342,1.2455,1.2455,1.2455,1.2455,1.2455,1.2455,1.2455,-1.5251,1.2455,1.2455,1.2455,1.2427,1.2342,1.2342,1.2342,1.2333,1.2229,1.2229,-1.5115,1.215,1.2116,1.2242,1.2378,1.2515,1.2652,1.2789,1.2943,1.3175,1.3312,-1.4978,1.3449,1.3585,1.3722,1.3859,1.3995,1.4132,1.4269,1.4406,1.4542,1.4679,-1.4841,1.4816,1.4952,1.5119,1.5339,1.5476,1.5612,1.5749,1.5886,1.6022,1.6159,-1.4705,1.6296,1.6433,1.6569,1.6706,1.6843,1.6979,1.7116,1.7253,-1.8037,-1.4568,-1.4431,-1.4294,-1.4158,-1.4134,-1.3998,-1.3861,-1.3724,-1.3587,-1.3451,-1.7767,-1.3314,-1.3177,-1.3041,-1.2904,-1.2767,-1.2631,-1.2494,-1.2357,-1.222,-1.2084,-1.7631,-1.1947,-1.1736,-1.156,-1.1424,-1.1287,-1.115,-1.0935,-1.0764,-1.0627,-1.049,-1.7443,-1.0354,-1.0217,-1.008,-1.0057,-0.992,-0.97833,-0.97338,-0.96231,-0.94864,-0.93942,-1.7244,-0.93262,-0.9281,-0.91677,-0.91426,-0.90545,-0.90545,-0.90545,-0.90545,-0.90545,-0.90545,-1.7107,-0.91309,-0.91677,-0.9281,-0.93146,-0.94513,-0.9588,-0.97247,-0.98614,-0.99981,-1.038,5.0,5.0
1.8796,1.803,1.5772,-0.55129,-0.57044,-0.58958,-0.60872,-0.62786,-0.647,-0.66614,-0.68528,-0.70466,-0.73337,1.5293,-0.75445,-0.77359,-0.79274,-0.81188,-0.83102,-0.85867,-0.88104,-0.90019,-0.91933,-0.93847,1.5089,-0.95761,-0.97675,-0.99589,-1.015,-1.0342,-1.0533,-1.0725,-1.0916,-1.1107,-1.1299,1.4688,-1.149,-1.1592,-1.1756,-1.1947,-1.2114,-1.2212,-1.2404,-1.2518,-1.2669,-1.2827,1.4354,-1.2923,-1.3019,-1.32,-1.3327,-1.3423,-1.3519,-1.3615,-1.371,-1.3806,-1.3851,1.4057,-1.388,-1.3968,-1.3968,-1.405,-1.4086,-1.4124,-1.4219,-1.4315,-1.432,-1.4252,1.3502,-1.4203,-1.4203,-1.4203,-1.4203,-1.4125,-1.4086,-1.4086,-1.4073,-1.3977,-1.3968,1.331,-1.3968,-1.3925,-1.3851,-1.3851,-1.3756,-1.3733,-1.3733,-1.3703,-1.3608,-1.3512,1.2883,-1.3498,-1.3438,-1.3342,-1.3263,-1.3263,-1.3172,-1.3077,-1.2981,-1.2911,-1.2907,1.2575,-1.2811,-1.2716,-1.262,-1.2524,-1.2429,-1.2333,-1.215,-1.2024,-1.1928,-1.1811,1.7782,1.2243,-1.1619,-1.1524,-1.1354,-1.1215,-1.1089,-1.0906,-1.081,-1.0632,-1.044,-1.0249,1.1723,-1.0058,-0.98662,-0.96747,-0.94833,-0.92919,-0.91005,-0.89091,-0.87177,-0.85263,-0.83348,1.1531,-0.81434,-0.7952,-0.77606,-0.75692,-0.73778,-0.71864,-0.69949,-0.68029,-0.65158,-0.63033,1.134,-0.61119,-0.59204,-0.5729,-0.55376,-0.54296,-0.52722,-0.50808,-0.48894,-0.4698,-0.45066,1.1214,-0.43856,-0.42412,-0.40497,-0.38636,-0.37679,-0.35929,-0.34591,-0.33275,-0.31502,-0.30545,1.1074,-0.29588,-0.28631,-0.27674,-0.26717,-0.2576,-0.24803,-0.23846,-0.22888,-0.21931,-0.20974,1.0883,-0.20017,-0.1906,-0.18103,-0.17551,-0.17363,-0.16406,-0.16377,-0.15666,-0.15203,-0.14927,1.069,-0.13969,-0.13012,-0.12854,-0.12273,-0.1168,-0.11533,-0.10576,-0.096186,-0.086615,-0.077045,1.0211,-0.069823,-0.069646,-0.060076,-0.050505,-0.040934,-0.031364,-0.021793,-0.012222,0.005804,0.018663,1.0031,0.028233,0.039742,0.058883,0.068689,0.085423,0.10456,0.12371,0.14285,0.16199,0.18113,1.7477,0.97239,0.20614,0.23116,0.25182,0.28054,0.30032,0.32622,0.35035,0.3719,0.40038,0.41952,0.93698,0.44629,0.46954,0.49197,0.51957,0.53871,0.55785,0.57699,0.59614,0.61528,0.63442,0.92647,0.65356,0.66548,0.6801,0.69636,0.70593,0.71551,0.72508,0.73465,0.74046,0.74205,0.90733,0.75162,0.7522,0.7522,0.75684,0.76395,0.76424,0.77381,0.78338,0.79295,0.80252,0.89653,0.81209,0.82166,0.83981,0.85895,0.87809,0.89723,0.91637,0.93551,0.96194,0.99065,0.88696,1.0194,1.0481,1.0768,1.1055,1.1342,1.1667,1.2034,1.2321,1.2608,1.2895,0.86141,1.3182,1.3469,1.3757,1.4044,1.4486,1.4797,1.4988,1.518,1.5371,1.5563,0.82084,1.5754,1.5945,1.6137,1.6328,1.6425,1.6594,1.6733,1.6829,1.6925,1.7021,0.81127,1.7116,1.7212,1.7308,1.7403,1.7499,1.7595,1.769,1.7786,1.7882,1.7973,0.76483,1.7973,1.8052,1.8147,1.8243,1.8326,1.8326,1.8326,1.8391,1.709,0.71697,0.66912,0.63207,0.62039,0.57253,0.55638,0.5238,0.49027,0.4807,0.47113,1.6873,0.45275,0.44024,0.41282,0.37184,0.3527,0.33356,0.32193,0.29633,0.26439,0.24126,1.6394,0.18383,0.16839,0.15259,0.1213,0.08096,0.07139,0.061819,0.052248,0.042677,0.033107,1.6164,0.021775,-0.016508,-0.030835,-0.063657,-0.10423,-0.12854,-0.12854,-0.164,-0.20898,-0.23875,1.6034,-0.24832,-0.25789,-0.26746,-0.28461,-0.29835,-0.30792,-0.31854,-0.33769,-0.34837,-0.36423,1.5938,-0.37926,-0.39076,-0.40991,-0.42905,-0.44103,-0.45559,-0.47473,-0.49387,-0.51301,-0.53215,1.0,1.0
-2.0101,-1.8891,-1.76,-0.85928,-0.84927,-0.84727,-0.83626,-0.82925,-0.82425,-0.81324,-0.80924,-0.80123,-0.79022,-1.7389,-0.78922,-0.77821,-0.76921,-0.76621,-0.7552,-0.74919,-0.74319,-0.73218,-0.72117,-0.71016,-1.7259,-0.69915,-0.68815,-0.67714,-0.66613,-0.65512,-0.64411,-0.6331,-0.6221,-0.61109,-0.60008,-1.7069,-0.58907,-0.57806,-0.56706,-0.55605,-0.54504,-0.53403,-0.52302,-0.51201,-0.50101,-0.49,-1.6919,-0.47899,-0.46798,-0.45697,-0.44897,-0.44496,-0.43395,-0.42895,-0.42195,-0.41094,-0.39993,-1.6749,-0.38892,-0.37791,-0.3669,-0.3559,-0.34489,-0.33388,-0.32287,-0.31186,-0.30085,-0.28985,-1.6579,-0.27884,-0.26783,-0.25682,-0.24581,-0.2348,-0.2238,-0.21279,-0.20178,-0.19077,-0.17976,-1.6429,-0.16876,-0.16775,-0.15675,-0.14574,-0.13473,-0.12372,-0.11271,-0.1017,-0.090696,-0.079688,-1.6319,-0.06868,-0.058672,-0.056671,-0.048665,-0.044662,-0.038657,-0.032653,-0.021644,-0.010636,-0.008635,-1.6208,0.001373,0.001373,0.003374,0.01138,0.01138,0.016384,0.021388,0.021388,0.021388,0.021388,-1.878,-1.5998,0.021388,0.022389,0.031396,0.031396,0.035399,0.041403,0.041403,0.048408,0.059417,0.061418,-1.5888,0.071426,0.082434,0.091441,0.094443,0.10545,0.11146,0.11746,0.12847,0.13948,0.15049,-1.5778,0.16149,0.1725,0.18351,0.19452,0.20553,0.21653,0.22754,0.23855,0.24956,0.26057,-1.5668,0.27158,0.28258,0.29359,0.3046,0.31561,0.32662,0.33763,0.34863,0.35964,0.37065,-1.5558,0.38166,0.39267,0.40167,0.40768,0.42569,0.4367,0.44771,0.45872,0.46973,0.48974,-1.5448,0.50175,0.51376,0.53377,0.54778,0.5658,0.57681,0.59382,0.60883,0.62784,0.64085,-1.5338,0.66187,0.67388,0.69389,0.7049,0.71991,0.73693,0.74794,0.75894,0.76995,0.77195,-1.5228,0.78196,0.78296,0.79197,0.79497,0.80598,0.81699,0.828,0.832,0.84,0.84201,-1.5118,0.85201,0.85201,0.85201,0.85502,0.86202,0.86202,0.86202,0.86202,0.86202,0.86202,-1.5008,0.86202,0.86202,0.86202,0.86202,0.86202,0.86202,0.86202,0.86202,0.86202,0.86202,-1.864,-1.4897,0.86202,0.86202,0.86202,0.86202,0.86602,0.87203,0.87203,0.87203,0.87203,0.88104,-1.4787,0.88204,0.88204,0.88404,0.89204,0.89204,0.89705,0.90205,0.90205,0.91006,0.91206,-1.4677,0.91206,0.92307,0.93408,0.94508,0.95609,0.9621,0.9681,0.97911,0.98211,0.99112,-1.4567,1.0021,1.0031,1.0141,1.0221,1.0261,1.0372,1.0422,1.0492,1.0602,1.0712,-1.4457,1.0822,1.0932,1.1042,1.1152,1.1302,1.1472,1.1582,1.1763,1.1903,1.2013,-1.4347,1.2123,1.2223,1.2243,1.2353,1.2423,1.2473,1.2523,1.2593,1.2623,1.2713,-1.4237,1.2823,1.2933,1.3044,1.3154,1.3264,1.3374,1.3484,1.3594,1.3704,1.3904,-1.4127,1.4024,1.4234,1.4365,1.4585,1.4805,1.5025,1.5245,1.5395,1.5585,1.5806,-1.4017,1.6026,1.6246,1.6446,1.6586,1.6806,1.6977,1.7147,1.7297,1.7487,1.7617,-1.3907,1.7827,1.7937,1.8047,1.8157,1.8267,1.8378,1.8488,1.8598,-1.846,-1.3797,-1.3687,-1.3577,-1.3466,-1.3356,-1.3246,-1.3136,-1.3026,-1.2916,-1.2806,-1.835,-1.2696,-1.2596,-1.2576,-1.2466,-1.2396,-1.2346,-1.2235,-1.2195,-1.2115,-1.2005,-1.824,-1.1795,-1.1685,-1.1575,-1.1435,-1.1255,-1.1145,-1.1035,-1.0925,-1.0894,-1.0804,-1.806,-1.0794,-1.0684,-1.0594,-1.0564,-1.0494,-1.0444,-1.0334,-1.0294,-1.0214,-1.0104,-1.792,-1.0094,-0.99838,-0.98737,-0.97636,-0.96536,-0.95935,-0.95335,-0.94234,-0.93133,-0.92032,-1.772,-0.90931,-0.90831,-0.8973,-0.8863,-0.87929,-0.87929,-0.87329,-0.86928,-0.86928,-0.86028,3.0,5.0
0.65072,0.75542,0.83394,1.0499,1.0766,1.1034,1.1302,1.148,1.1575,1.1742,1.1849,1.2116,1.2384,0.83394,1.2652,1.2919,1.3187,1.3455,1.3722,1.399,1.4257,1.4525,1.4964,1.5322,0.83394,1.559,1.5857,1.6125,1.6393,1.666,1.6928,1.7196,1.7239,1.7469,1.7737,0.83394,1.752,1.0556,0.91561,0.83453,0.72768,0.62062,0.51357,0.40652,0.29947,0.19241,0.84219,0.08536,-0.021692,-0.12875,-0.2358,-0.34285,-0.44303,-0.53078,-0.69417,-0.91947,-0.99053,0.86012,-1.0441,-1.0976,-1.1511,-1.1931,-1.232,-1.2728,-1.2995,-1.3263,-1.3385,-1.3385,0.86012,-1.3228,-1.3123,-1.2955,-1.2687,-1.2239,-1.189,-1.143,-1.0895,-1.0359,-0.98242,0.86012,-0.9073,-0.82701,-0.74672,-0.66643,-0.58614,-0.50585,-0.40043,-0.3191,-0.23868,-0.13234,0.86012,-0.052055,0.028235,0.10852,0.18881,0.2691,0.34939,0.42968,0.50997,0.59026,0.66394,0.84893,0.72467,0.80496,0.87687,0.9304,0.98392,1.0374,1.091,1.1445,1.198,1.2391,0.7566,0.82217,1.2789,1.3188,1.3455,1.3723,1.399,1.4258,1.4526,1.4621,1.4799,1.4883,0.80777,1.1278,0.93229,0.852,0.77171,0.69143,0.58921,0.48216,0.37511,0.29174,0.18718,0.78186,0.05526,-0.053102,-0.16015,-0.26721,-0.37426,-0.47968,-0.56219,-0.70301,-1.0836,-1.1371,0.74188,-1.1906,-1.2442,-1.2919,-1.325,-1.3716,-1.3984,-1.417,-1.4257,-1.4432,-1.4432,0.70098,-1.4432,-1.4322,-1.417,-1.4048,-1.378,-1.3379,-1.2983,-1.257,-1.2035,-1.1657,0.64745,-1.1226,-1.0691,-1.0155,-0.962,-0.90848,-0.83565,-0.77525,-0.72172,-0.64713,-0.56684,0.51737,-0.5088,-0.43243,-0.35214,-0.27185,-0.19156,-0.11127,-0.005203,0.075676,0.18273,0.28978,0.33002,0.39683,0.50133,0.58477,0.68809,0.7727,0.87484,0.95513,1.0354,1.1224,1.2222,0.19215,1.3025,1.3743,1.4369,1.5075,1.5611,1.6362,1.7091,1.7239,1.7364,1.75,0.085099,1.75,1.75,1.7351,1.7084,1.6816,1.6381,1.6019,1.5037,1.4068,1.3265,0.7816,-0.021954,1.2462,1.1659,1.0856,0.98392,0.89886,0.79599,0.68894,0.48687,0.37014,0.26308,-0.12901,0.15603,0.048978,-0.058075,-0.16513,-0.27218,-0.3861,-0.56481,-0.66839,-0.78925,-1.0907,-0.23606,-1.1658,-1.2251,-1.299,-1.3525,-1.406,-1.4596,-1.5043,-1.5405,-1.5741,-1.5846,-0.36255,-1.6114,-1.6264,-1.6264,-1.6264,-1.6264,-1.6124,-1.5856,-1.5588,-1.5162,-1.4791,-0.47634,-1.4184,-1.3557,-1.2839,-1.2224,-1.1495,-1.0693,-0.98896,-0.90867,-0.82838,-0.74809,-0.56278,-0.6678,-0.58751,-0.50722,-0.42694,-0.34665,-0.26636,-0.13398,-0.080454,-0.028367,0.004482,-0.66427,0.10368,0.13045,0.161,0.21015,0.23194,0.2375,0.25811,0.25811,0.25078,0.23194,-0.74953,0.23194,0.22284,0.19608,0.16931,0.15341,0.14196,0.12724,0.11461,0.10106,0.10106,-0.82982,0.10106,0.10106,0.10106,0.10106,0.10106,0.083724,0.074891,0.056372,0.048716,0.02902,-0.91011,0.022542,0.001668,-0.003632,-0.025684,-0.029806,-0.053036,-0.079799,-0.10656,0.7816,-0.9904,-1.0465,-1.1001,-1.1536,-1.2071,-1.2345,-1.2871,-1.3154,-1.3668,-1.3936,0.7816,-1.4203,-1.4432,-1.4477,-1.4694,-1.4694,-1.4694,-1.4626,-1.4358,-1.4091,-1.3737,0.78513,-1.3294,-1.2928,-1.2393,-1.1858,-1.1323,-1.0787,-1.0252,-0.9584,-0.89199,-0.824,0.80777,-0.74371,-0.66342,-0.58313,-0.50284,-0.42255,-0.34226,-0.26197,-0.18168,-0.10139,-0.021103,0.80777,0.059186,0.13948,0.19765,0.27388,0.35417,0.41058,0.48857,0.5438,0.59733,0.65086,0.81307,0.70438,0.75666,0.78526,0.83637,0.86614,0.91607,0.94283,0.96959,0.99636,1.0231,2.0,2.0
-0.55997,-0.60138,-0.58873,-1.6528,-1.6252,-1.5976,-1.57,-1.5424,-1.5148,-1.4872,-1.4595,-1.4319,-1.3951,-0.58873,-1.3623,-1.3347,-1.3071,-1.2726,-1.2375,-1.2099,-1.1771,-1.1403,-1.1087,-1.0673,-0.58125,-1.0287,-0.99883,-0.95914,-0.93038,-0.88955,-0.86194,-0.83433,-0.80672,-0.77911,-0.7515,-0.57435,-0.7354,-0.71067,-0.69341,-0.66983,-0.65142,-0.63762,-0.62381,-0.61749,-0.61059,-0.59678,-0.57435,-0.58298,-0.56917,-0.55537,-0.54156,-0.52776,-0.51396,-0.50015,-0.48635,-0.47369,-0.47312,-0.57435,-0.45931,-0.44551,-0.4317,-0.4179,-0.4041,-0.39029,-0.37649,-0.37304,-0.36326,-0.34945,-0.57435,-0.33565,-0.32185,-0.30804,-0.30114,-0.29481,-0.28101,-0.2672,-0.2534,-0.24362,-0.23672,-0.57435,-0.21199,-0.19818,-0.18265,-0.15619,-0.14181,-0.11421,-0.086598,-0.072218,-0.04576,-0.018151,-0.57435,-0.002046,0.022686,0.050295,0.077903,0.096309,0.11874,0.14635,0.16648,0.18719,0.2148,-0.5709,0.2424,0.27001,0.29762,0.32523,0.35284,0.38332,0.42244,0.45177,0.49203,0.51964,-0.60311,-0.55997,0.54725,0.58866,0.61685,0.64445,0.67206,0.69967,0.72728,0.76524,0.79688,0.82448,-0.55997,0.85209,0.8797,0.90731,0.93492,0.96253,0.99014,1.0177,1.0454,1.073,1.104,-0.55997,1.1426,1.1702,1.1995,1.2398,1.2674,1.295,1.3226,1.3502,1.3652,1.391,-0.55882,1.4186,1.4353,1.4491,1.4727,1.4911,1.5049,1.5268,1.5469,1.5676,1.5889,-0.54559,1.6027,1.6165,1.6303,1.6441,1.6579,1.6688,1.6711,1.6832,1.6844,1.6982,-0.54559,1.712,1.7258,1.7264,1.7137,1.6999,1.6861,1.6723,1.6688,1.6591,1.6361,-0.53179,1.6171,1.6033,1.582,1.5613,1.5412,1.5135,1.4859,1.4583,1.4307,1.4031,-0.53121,1.3784,1.3623,1.3347,1.3071,1.28,1.2662,1.2386,1.211,1.1961,1.1702,-0.53121,1.1541,1.1403,1.1161,1.0983,1.0845,1.062,1.0425,1.0287,1.008,0.98669,-0.51913,0.96713,0.93952,0.91191,0.8843,0.85669,0.82621,0.7871,0.75949,0.73188,0.70427,-0.60311,-0.51683,0.67666,0.64906,0.62145,0.60649,0.59269,0.56738,0.5507,0.5369,0.52309,0.51849,-0.51683,0.51849,0.51849,0.51849,0.51849,0.51849,0.51849,0.51331,0.50411,0.50411,0.50066,-0.51683,0.48973,0.48973,0.48801,0.47535,0.47478,0.46097,0.44717,0.44659,0.43394,0.43221,-0.50705,0.42071,0.41783,0.41783,0.40806,0.40345,0.40345,0.3954,0.38907,0.38217,0.3747,-0.50245,0.3747,0.36952,0.36032,0.35629,0.34594,0.34306,0.33156,0.33156,0.33041,0.31718,-0.50245,0.31718,0.31718,0.30395,0.3028,0.3028,0.3028,0.29187,0.28842,0.28842,0.28842,-0.50245,0.27979,0.27404,0.27404,0.27404,0.27404,0.27404,0.27404,0.27864,0.28842,0.28842,-0.50245,0.28842,0.28842,0.28842,0.28727,0.27404,0.27404,0.27404,0.27404,0.26139,0.25966,-0.50245,0.25966,0.25966,0.24931,0.24528,0.24528,0.24528,0.24528,0.24528,0.24528,0.23895,-0.49612,0.2309,0.23608,0.24528,0.24528,0.24873,0.25966,0.26196,0.27576,-0.60311,-0.48807,-0.48807,-0.48807,-0.48405,-0.47369,-0.47657,-0.49958,-0.56515,-0.61001,-0.69284,-0.60311,-0.77566,-0.80327,-0.88379,-0.92866,-1.0063,-1.0431,-1.1035,-1.1415,-1.1691,-1.2427,-0.60311,-1.2962,-1.3238,-1.3514,-1.4066,-1.4641,-1.4975,-1.5337,-1.5798,-1.6425,-1.6701,-0.59275,-1.7362,-1.7845,-1.7983,-1.8167,-1.8835,-1.8973,-1.9111,-1.9249,-1.9893,-2.01,-0.58873,-2.0698,-2.0951,-2.1089,-2.0836,-2.0606,-2.0382,-2.0186,-1.9973,-1.9766,-1.9565,-0.58873,-1.9346,-1.9157,-1.8881,-1.8604,-1.8328,-1.8052,-1.7753,-1.7356,-1.708,-1.6804,4.0,4.0
2.0261,1.998,1.8036,-0.058673,-0.086782,-0.11489,-0.143,-0.17111,-0.19922,-0.23436,-0.26949,-0.30463,-0.33977,1.7755,-0.3749,-0.41004,-0.44518,-0.48031,-0.52014,-0.5623,-0.59744,-0.63257,-0.66771,-0.70753,1.7356,-0.7497,-0.78483,-0.82231,-0.86448,-0.90196,-0.93709,-0.97223,-1.0097,-1.0519,-1.0894,1.6724,-1.1245,-1.1596,-1.1948,-1.2299,-1.2604,-1.2885,-1.3166,-1.3447,-1.3728,-1.4009,1.6279,-1.429,-1.4501,-1.4712,-1.4923,-1.5133,-1.5344,-1.5555,-1.5742,-1.5883,-1.6023,1.5928,-1.6164,-1.6305,-1.6445,-1.6586,-1.6679,-1.675,-1.682,-1.6867,-1.6867,-1.6914,1.5576,-1.6984,-1.6984,-1.696,-1.689,-1.682,-1.675,-1.6679,-1.6609,-1.6539,-1.6469,1.5225,-1.6398,-1.6258,-1.6117,-1.5977,-1.5789,-1.5578,-1.5438,-1.5274,-1.5063,-1.4899,1.4873,-1.4759,-1.4548,-1.4337,-1.4126,-1.3915,-1.3704,-1.3494,-1.3306,-1.3166,-1.2978,1.4475,-1.2767,-1.2557,-1.2346,-1.2135,-1.1924,-1.1713,-1.1503,-1.1292,-1.1081,-1.0917,1.9722,1.4054,-1.0776,-1.0566,-1.0355,-1.0144,-0.99331,-0.97223,-0.95817,-0.94178,-0.92069,-0.89961,1.3702,-0.87853,-0.86448,-0.85042,-0.83637,-0.81763,-0.79654,-0.78249,-0.76844,-0.75438,-0.74033,1.3351,-0.72627,-0.71222,-0.7005,-0.69348,-0.68176,-0.66771,-0.65366,-0.64194,-0.63492,-0.6232,1.2999,-0.60915,-0.60212,-0.59275,-0.5787,-0.56933,-0.5623,-0.55527,-0.5459,-0.53185,-0.52248,1.2648,-0.51545,-0.50842,-0.5014,-0.49437,-0.48266,-0.4686,-0.46157,-0.45455,-0.44752,-0.44049,1.2297,-0.43347,-0.43347,-0.43112,-0.4241,-0.41707,-0.41004,-0.40301,-0.39599,-0.38896,-0.38193,1.1945,-0.3749,-0.36788,-0.36319,-0.36319,-0.35851,-0.35148,-0.34445,-0.33977,-0.33977,-0.33508,1.1594,-0.32805,-0.32103,-0.314,-0.30697,-0.29995,-0.29292,-0.27886,-0.26715,-0.26012,-0.24841,1.1243,-0.23436,-0.2203,-0.20625,-0.19219,-0.17814,-0.16408,-0.143,-0.12192,-0.10084,-0.079755,1.0891,-0.058673,-0.044618,-0.028221,-0.007139,0.013943,0.035025,0.063134,0.086559,0.10061,0.12404,1.9511,1.054,0.15215,0.1662,0.1826,0.20368,0.22476,0.24585,0.26693,0.28567,0.29972,0.31378,1.0189,0.32783,0.34189,0.35594,0.37,0.38405,0.3981,0.41216,0.42621,0.44027,0.44964,0.98606,0.45667,0.47072,0.48243,0.48946,0.49649,0.50352,0.51757,0.52928,0.53631,0.54334,0.95795,0.55036,0.55739,0.56442,0.57145,0.57847,0.5855,0.59253,0.59956,0.60658,0.61361,0.92984,0.62064,0.62766,0.63469,0.64172,0.65343,0.66749,0.67451,0.68154,0.68857,0.70028,0.90173,0.71434,0.72136,0.73073,0.74479,0.75884,0.7729,0.78695,0.80335,0.82443,0.84551,0.87362,0.86659,0.88768,0.90876,0.92984,0.95561,0.98372,1.0118,1.0399,1.068,1.1008,0.84551,1.136,1.1711,1.2063,1.2414,1.2812,1.3234,1.3655,1.4054,1.4405,1.4803,0.8174,1.5225,1.5576,1.5928,1.6279,1.663,1.6982,1.7263,1.7544,1.7825,1.8106,0.78461,1.8387,1.8598,1.8785,1.8926,1.9066,1.9207,1.9348,1.9465,1.9301,0.74947,0.73542,0.72136,0.70731,0.6792,0.64406,0.64406,0.64172,0.63469,0.62298,1.909,0.60893,0.6019,0.59721,0.59721,0.59253,0.5855,0.57145,0.55973,0.55271,0.54568,1.8949,0.53865,0.53162,0.51991,0.49883,0.48712,0.48009,0.46604,0.44964,0.42856,0.41684,1.8762,0.40982,0.39576,0.38405,0.37702,0.35594,0.32783,0.3208,0.30909,0.28801,0.25756,1.8481,0.22242,0.21539,0.20837,0.20134,0.18026,0.15215,0.14512,0.13809,0.13107,0.12404,1.8247,0.11701,0.10296,0.088901,0.074847,0.060792,0.046737,0.025655,0.004573,-0.016509,-0.037591,1.0,1.0
-0.78905,-0.79927,-0.78905,-1.8483,-1.8279,-1.8074,-1.787,-1.7665,-1.7461,-1.7256,-1.6998,-1.67,-1.6496,-0.78905,-1.6291,-1.6065,-1.5759,-1.5452,-1.5179,-1.4974,-1.4679,-1.4372,-1.4065,-1.3758,-0.78905,-1.3452,-1.3145,-1.2838,-1.2531,-1.2225,-1.1918,-1.1527,-1.1157,-1.0851,-1.0544,-0.78905,-1.0237,-0.99237,-0.95147,-0.91697,-0.8863,-0.85562,-0.82495,-0.79111,-0.75021,-0.71821,-0.78905,-0.68754,-0.65686,-0.62619,-0.59551,-0.56484,-0.53416,-0.50349,-0.47524,-0.45479,-0.42617,-0.78905,-0.39918,-0.37873,-0.35828,-0.33783,-0.31738,-0.29693,-0.27648,-0.25772,-0.24749,-0.23727,-0.78728,-0.2241,-0.20365,-0.19188,-0.18166,-0.17143,-0.16121,-0.15098,-0.14076,-0.13053,-0.12031,-0.77706,-0.11008,-0.099855,-0.097575,-0.094117,-0.083892,-0.073667,-0.063442,-0.053217,-0.042992,-0.032767,-0.77434,-0.022542,-0.012317,-0.002092,0.008133,0.018358,0.028583,0.038808,0.049033,0.068968,0.084195,-0.77434,0.095156,0.11561,0.13606,0.15651,0.17696,0.19741,0.21786,0.23831,0.25876,0.27921,-0.80376,-0.77434,0.29966,0.32011,0.34056,0.36101,0.38146,0.40191,0.42486,0.45553,0.47797,0.49842,-0.76558,0.51887,0.54881,0.57448,0.59493,0.61538,0.64208,0.67276,0.70343,0.7266,0.75007,-0.75963,0.78075,0.80267,0.82738,0.85806,0.88873,0.91941,0.95008,0.98076,1.0047,1.0274,-0.75963,1.0581,1.0887,1.1194,1.1501,1.1715,1.1967,1.2274,1.2581,1.2888,1.3179,-0.75963,1.3383,1.3661,1.394,1.4144,1.4434,1.47,1.4905,1.5109,1.5314,1.5518,-0.75963,1.5723,1.5927,1.6132,1.6336,1.6541,1.6712,1.6814,1.6917,1.7064,1.7268,-0.75963,1.737,1.7473,1.7562,1.7562,1.7632,1.7735,1.7837,1.7856,1.7818,1.7715,-0.75963,1.7613,1.7511,1.7409,1.7306,1.7204,1.7102,1.7,1.6897,1.6764,1.656,-0.75286,1.6267,1.6004,1.5799,1.5494,1.5243,1.5027,1.4721,1.4414,1.4131,1.3926,-0.74491,1.3641,1.3334,1.3027,1.2627,1.2267,1.196,1.1653,1.1346,1.104,1.0733,-0.80376,-0.74491,1.0426,1.0119,0.98127,0.9506,0.91992,0.88925,0.85857,0.8279,0.79811,0.77766,-0.74491,0.75059,0.71991,0.68924,0.65856,0.63127,0.61082,0.58125,0.55521,0.53476,0.51431,-0.74491,0.49386,0.47341,0.45296,0.43251,0.41206,0.39161,0.37954,0.36542,0.34497,0.33416,-0.74491,0.32393,0.31371,0.30348,0.29326,0.28303,0.27281,0.26258,0.25552,0.25552,0.25552,-0.74491,0.25552,0.25552,0.25552,0.25552,0.25552,0.25552,0.26243,0.27023,0.27023,0.27023,-0.74013,0.27023,0.27023,0.27023,0.27516,0.28494,0.28494,0.28494,0.28494,0.28494,0.28494,-0.7302,0.28494,0.28494,0.28494,0.28494,0.28494,0.28494,0.28494,0.28494,0.28494,0.28494,-0.7302,0.28494,0.28494,0.28494,0.28494,0.28494,0.29414,0.29966,0.29966,0.29966,0.30561,-0.7302,0.31437,0.31437,0.32158,0.32908,0.32908,0.33754,0.34776,0.35799,0.3585,0.36373,-0.7302,0.37395,0.38418,0.38793,0.38992,0.40014,0.40264,0.40264,0.40264,-0.80376,-0.7302,-0.72292,-0.71549,-0.71549,-0.71549,-0.71144,-0.70122,-0.70078,-0.70078,-0.69997,-0.80376,-0.68974,-0.68606,-0.68606,-0.68606,-0.67827,-0.67135,-0.67135,-0.67135,-0.67591,-0.68614,-0.80376,-0.69636,-0.75308,-0.83583,-0.85628,-0.90498,-0.95603,-0.97648,-1.0219,-1.0615,-1.082,-0.80376,-1.1311,-1.1721,-1.2022,-1.2226,-1.2494,-1.2837,-1.3349,-1.3708,-1.3984,-1.4189,-0.79552,-1.4746,-1.5186,-1.5391,-1.5696,-1.6115,-1.6593,-1.6797,-1.707,-1.7448,-1.8061,-0.78905,-1.827,-1.8552,-1.9166,-1.9686,-1.9712,-1.9215,-1.9113,-1.895,-1.8761,-1.8659,4.0,4.0
0.40104,0.32929,0.27,-0.18867,-0.28433,-0.36493,-0.43668,-0.50843,-0.58017,-0.65192,-0.72367,-0.79542,-0.84849,0.26901,-0.89632,-0.94416,-0.99199,-1.0398,-1.0804,-1.1044,-1.1283,-1.1656,-1.2043,-1.2043,0.2451,-1.2239,-1.237,-1.237,-1.237,-1.237,-1.2289,-1.2049,-1.181,-1.1571,-1.1276,0.22118,-1.0798,-1.032,-0.98413,-0.93335,-0.8616,-0.78985,-0.7181,-0.64635,-0.5746,-0.50286,0.19726,-0.42456,-0.32889,-0.25485,-0.17032,-0.07859,-0.006842,0.083908,0.17957,0.27524,0.3709,0.17335,0.46657,0.56223,0.65789,0.75356,0.84922,0.94489,1.0406,1.1362,1.2319,1.3253,0.14943,1.397,1.4861,1.5647,1.6126,1.684,1.741,1.7829,1.8069,1.8517,1.8874,0.12552,1.9081,1.9081,1.9081,1.9081,1.9081,1.9081,1.8924,1.8547,1.7829,1.7331,0.1016,1.6329,1.5022,1.4304,1.3587,1.2764,1.1808,1.0851,0.98944,0.89378,0.79812,0.077683,0.70245,0.60679,0.51112,0.41546,0.31979,0.22413,0.097013,-0.28564,-0.43831,-0.51006,0.30276,0.03411,-0.58181,-0.65356,-0.72531,-0.79083,-0.83866,-0.8865,-0.93433,-0.97856,-1.0025,-1.0451,-0.013722,-1.0831,-1.107,-1.1309,-1.1388,-1.146,-1.1699,-1.1715,-1.185,-1.2043,-1.2043,-0.061554,-1.1846,-1.1715,-1.1696,-1.1456,-1.1217,-1.0978,-1.0739,-1.05,-1.0261,-0.99658,-0.10939,-0.94874,-0.90091,-0.85308,-0.8023,-0.73055,-0.67682,-0.61982,-0.54839,-0.50056,-0.43733,-0.17425,-0.36558,-0.29384,-0.22209,-0.15034,-0.07859,-0.006842,0.064906,0.13665,0.2084,0.28015,-0.246,0.3519,0.42365,0.4954,0.58975,0.67165,0.74832,0.84398,0.91966,0.99141,1.0632,-0.31775,1.1349,1.1893,1.2456,1.3174,1.3655,1.3986,1.4285,1.4763,1.5031,1.5149,-0.36624,1.5182,1.5421,1.5477,1.5477,1.547,1.5231,1.5149,1.5081,1.4841,1.4602,-0.42849,1.4232,1.3796,1.3557,1.3318,1.2974,1.2496,1.2017,1.1539,1.0982,1.0265,-0.50023,0.97765,0.91573,0.84398,0.77223,0.70049,0.62874,0.55437,0.4587,0.38073,0.30898,0.30276,-0.57198,0.23723,0.16548,0.078666,-0.010774,-0.082522,-0.40981,-0.61916,-0.69091,-0.76266,-0.81573,-0.64373,-0.86356,-0.91238,-0.98413,-1.0398,-1.0804,-1.1044,-1.1506,-1.1984,-1.2416,-1.2656,-0.71548,-1.2895,-1.3134,-1.3373,-1.3612,-1.3851,-1.409,-1.433,-1.4336,-1.4336,-1.4392,-0.78428,-1.4631,-1.4664,-1.4546,-1.4336,-1.4336,-1.4156,-1.4009,-1.4005,-1.3766,-1.3373,-0.83211,-1.296,-1.2721,-1.2266,-1.1915,-1.1637,-1.1158,-1.068,-1.0202,-0.97233,-0.9245,-0.87994,-0.87667,-0.8213,-0.74955,-0.70041,-0.65258,-0.60474,-0.55691,-0.4891,-0.42849,-0.38065,-0.92778,-0.33282,-0.28499,-0.23716,-0.18933,-0.16508,-0.12642,-0.07859,-0.030758,-0.003894,0.020023,-0.97561,0.043939,0.067855,0.091771,0.10619,0.10553,0.081615,0.073424,0.066544,0.042628,0.040662,-1.0234,0.027558,0.007901,0.007901,0.007901,-0.002583,-0.024861,-0.024861,-0.024861,-0.032724,-0.05664,-1.0559,-0.057623,-0.057623,-0.057623,-0.057623,-0.057623,-0.057623,-0.057623,-0.057623,0.30276,-1.0798,-1.1037,-1.106,-1.1188,-1.1348,-1.1109,-1.106,-1.0958,-1.0706,-1.0228,0.28146,-0.97495,-0.92712,-0.87929,-0.80885,-0.7371,-0.66044,-0.56478,-0.46911,-0.36231,-0.24273,0.27,-0.12315,-0.02093,0.083253,0.20283,0.32241,0.44199,0.56158,0.68116,0.77977,0.87543,0.27,0.97437,1.094,1.1768,1.2581,1.3531,1.4248,1.4966,1.5683,1.6401,1.6899,0.27,1.7377,1.7813,1.8052,1.8291,1.8426,1.8426,1.8426,1.8426,1.8347,1.8108,0.27,1.5575,1.3931,1.2974,1.2017,1.1061,0.99895,0.87936,0.75978,0.6402,0.3614,2.0,2.0
-1.8615,-1.8524,-1.6598,-0.77538,-0.75863,-0.74917,-0.73097,-0.72113,-0.70476,-0.69272,-0.67855,-0.66432,-0.65522,-1.6409,-0.64612,-0.63633,-0.61812,-0.60861,-0.59951,-0.59691,-0.59151,-0.5824,-0.57651,-0.5744,-1.6227,-0.56632,-0.56632,-0.56632,-0.56632,-0.56632,-0.56632,-0.56632,-0.56277,-0.55612,-0.55612,-1.5983,-0.55586,-0.54676,-0.54592,-0.53875,-0.52965,-0.52552,-0.52165,-0.51254,-0.50344,-0.49434,-1.5761,-0.48524,-0.47614,-0.46703,-0.45793,-0.44883,-0.43973,-0.43063,-0.42152,-0.41242,-0.40332,-1.5618,-0.39422,-0.38512,-0.37601,-0.36691,-0.36235,-0.35891,-0.3498,-0.34195,-0.3418,-0.3327,-1.5498,-0.32359,-0.32155,-0.32155,-0.31668,-0.31136,-0.31136,-0.30978,-0.30116,-0.30116,-0.29267,-1.5316,-0.28357,-0.28076,-0.27556,-0.26646,-0.25736,-0.24825,-0.23915,-0.23005,-0.22095,-0.21185,-1.5141,-0.19611,-0.18344,-0.17434,-0.16524,-0.15614,-0.14589,-0.12773,-0.11863,-0.10147,-0.09023,-1.505,-0.075264,-0.061827,-0.049054,-0.033425,-0.022844,-0.005022,0.00408,0.013182,0.022284,0.031386,-1.8353,-1.4959,0.040488,0.04959,0.058692,0.067794,0.076182,0.076182,0.084902,0.08638,0.092907,0.096579,-1.4868,0.10091,0.10678,0.10678,0.10782,0.11692,0.11698,0.11698,0.12383,0.12717,0.13184,-1.4777,0.14094,0.14757,0.14895,0.15805,0.16715,0.17625,0.18536,0.19446,0.20856,0.22286,-1.4686,0.23477,0.25126,0.26098,0.27918,0.29738,0.30807,0.32359,0.33647,0.3498,0.36801,-1.4595,0.38417,0.39327,0.40238,0.42043,0.43078,0.44664,0.45918,0.46828,0.47739,0.48649,-1.4504,0.49559,0.50469,0.51379,0.5229,0.532,0.5411,0.5502,0.55551,0.55821,0.56731,-1.4413,0.5759,0.5759,0.58442,0.59352,0.60262,0.61172,0.62083,0.62993,0.63903,0.64897,-1.4332,0.66718,0.67653,0.69339,0.70494,0.7196,0.7378,0.75601,0.77194,0.78222,0.80042,-1.4332,0.81862,0.83683,0.84805,0.86304,0.87645,0.88925,0.90485,0.91546,0.93325,0.94235,-1.4332,0.95146,0.96056,0.96966,0.97876,0.98384,0.98677,0.99404,0.99477,1.0039,1.0042,-1.8171,-1.4253,1.0042,1.0042,1.0097,1.0144,1.0112,1.0042,1.0042,1.0042,1.0133,1.0144,-1.423,1.0144,1.0144,1.0144,1.0144,1.0169,1.0246,1.0246,1.0246,1.0246,1.0318,-1.423,1.0348,1.0348,1.0388,1.045,1.045,1.0457,1.0548,1.0552,1.0628,1.0654,-1.4184,1.0708,1.0756,1.0788,1.0858,1.0868,1.0959,1.096,1.096,1.1028,1.1062,-1.4128,1.1062,1.1097,1.1164,1.1164,1.1166,1.1257,1.1266,1.1266,1.1326,1.1368,-1.4104,1.1406,1.1497,1.1588,1.1674,1.1674,1.1759,1.1851,1.1942,1.2033,1.2124,-1.4026,1.2215,1.2325,1.2499,1.259,1.2769,1.2951,1.3133,1.326,1.344,1.368,-1.4024,1.3862,1.4044,1.4226,1.4408,1.4671,1.4874,1.5115,1.534,1.5522,1.573,-1.3932,1.5988,1.617,1.6352,1.6534,1.6716,1.6898,1.708,1.7262,1.7415,1.7506,-1.3841,1.7604,1.7786,1.7881,1.7972,1.8063,1.8154,1.8245,1.8336,-1.7989,-1.3822,-1.3761,-1.367,-1.3579,-1.3516,-1.3499,-1.3414,-1.3414,-1.3328,-1.3312,-1.776,-1.3248,-1.321,-1.321,-1.3179,-1.3108,-1.3108,-1.3108,-1.3019,-1.3006,-1.2939,-1.7523,-1.2904,-1.2904,-1.287,-1.2779,-1.27,-1.2699,-1.2608,-1.2598,-1.2528,-1.2437,-1.7316,-1.2394,-1.2357,-1.2266,-1.2175,-1.2079,-1.1897,-1.18,-1.1635,-1.1515,-1.1373,-1.7057,-1.1191,-1.1009,-1.0827,-1.0645,-1.0463,-1.028,-1.0098,-0.99164,-0.97343,-0.95523,-1.6871,-0.93703,-0.91882,-0.90062,-0.88241,-0.86421,-0.84601,-0.83474,-0.8198,-0.80159,-0.78703,3.0,5.0
-2.228,-2.0763,-1.716,-1.1445,-1.1445,-1.1445,-1.1445,-1.1437,-1.1329,-1.1227,-1.1172,-1.1084,-1.0813,-1.7052,-1.0553,-1.0336,-1.0081,-0.97022,-0.93676,-0.91509,-0.89173,-0.86464,-0.8299,-0.78115,-1.6918,-0.74301,-0.72134,-0.69734,-0.67025,-0.63552,-0.59218,-0.55989,-0.53822,-0.51655,-0.49488,-1.6701,-0.46046,-0.41712,-0.38738,-0.36571,-0.34404,-0.32237,-0.28923,-0.25131,-0.22953,-0.21328,-1.6529,-0.19278,-0.17111,-0.14498,-0.11789,-0.10016,-0.083903,-0.072538,-0.061703,-0.04577,-0.029518,-1.6475,-0.018577,-0.007848,-0.002431,0.002668,0.002668,0.002668,0.002668,0.001924,-0.003493,-0.009866,-1.6421,-0.020701,-0.031536,-0.04237,-0.055967,-0.077636,-0.096119,-0.10695,-0.11779,-0.12862,-0.14349,-1.6367,-0.16516,-0.18237,-0.19321,-0.20648,-0.22274,-0.23633,-0.24717,-0.25513,-0.26055,-0.26905,-1.6332,-0.27988,-0.28743,-0.29284,-0.29125,-0.28583,-0.28042,-0.275,-0.26958,-0.26416,-0.25046,-1.6332,-0.23421,-0.22231,-0.21148,-0.20064,-0.18981,-0.16463,-0.13755,-0.12044,-0.10419,-0.08794,-1.9291,-1.6332,-0.071688,-0.033766,0.003305,0.019557,0.036234,0.057904,0.080848,0.11335,0.14416,0.16583,-1.6332,0.18643,0.20268,0.22276,0.25526,0.28182,0.29266,0.30519,0.32144,0.34152,0.3686,-1.6332,0.39144,0.40769,0.42628,0.44795,0.46452,0.47536,0.48895,0.50521,0.52443,0.5461,-1.6332,0.5614,0.57223,0.58307,0.5939,0.61557,0.64266,0.65445,0.65987,0.66932,0.68015,-1.6306,0.69949,0.72116,0.72944,0.73486,0.74962,0.76588,0.77236,0.77777,0.78319,0.78861,-1.6252,0.79934,0.80996,0.80996,0.80996,0.80996,0.80996,0.80996,0.80922,0.8038,0.79647,-1.6225,0.78022,0.7663,0.76088,0.75409,0.74325,0.73082,0.71457,0.70012,0.68929,0.67442,-1.6225,0.65275,0.63777,0.63235,0.62449,0.61366,0.60017,0.58392,0.5734,0.56798,0.55949,-1.6196,0.54865,0.54111,0.53569,0.52677,0.51593,0.51254,0.51254,0.50861,0.50319,0.50606,-1.6141,0.51147,0.51689,0.52231,0.53229,0.54313,0.54918,0.5546,0.56501,0.57584,0.59709,-1.8912,-1.6087,0.61876,0.62959,0.64085,0.66252,0.68334,0.69418,0.70501,0.71585,0.72923,0.75632,-1.6033,0.78022,0.79105,0.80571,0.8328,0.85542,0.86626,0.87709,0.88793,0.9045,0.93158,-1.5979,0.9523,0.96313,0.97397,0.9848,1.0007,1.0224,1.0385,1.0494,1.0662,1.0878,-1.5925,1.1031,1.114,1.1316,1.1533,1.1641,1.1695,1.1788,1.1896,1.2004,1.2113,-1.5834,1.2221,1.2329,1.2393,1.2447,1.2501,1.2556,1.261,1.2664,1.2667,1.2667,-1.5726,1.272,1.2773,1.2773,1.2777,1.2831,1.288,1.288,1.2887,1.2941,1.2986,-1.558,1.2986,1.2998,1.3052,1.3106,1.316,1.3214,1.3268,1.3323,1.3377,1.3471,-1.5417,1.3634,1.3752,1.3806,1.3884,1.3993,1.4128,1.429,1.4424,1.4532,1.4641,-1.5295,1.4749,1.4857,1.4966,1.5039,1.5093,1.5147,1.5202,1.5256,1.531,1.5364,-1.5187,1.5418,1.5472,1.5527,1.5535,1.5535,1.5535,1.5535,1.5535,-1.8545,-1.5078,-1.497,-1.4728,-1.4457,-1.4279,-1.4117,-1.4003,-1.3895,-1.3583,-1.3258,-1.8329,-1.3092,-1.2929,-1.2767,-1.2595,-1.227,-1.1961,-1.1798,-1.1635,-1.1473,-1.1272,-1.8099,-1.0893,-1.0561,-1.0398,-1.0194,-0.9869,-0.95918,-0.94292,-0.92848,-0.91764,-0.90277,-1.7774,-0.8811,-0.8639,-0.85306,-0.84711,-0.84711,-0.84711,-0.84711,-0.84998,-0.8554,-0.86081,-1.7475,-0.86623,-0.88153,-0.9032,-0.91786,-0.92869,-0.93953,-0.95036,-0.97299,-1.0001,-1.0147,-1.7312,-1.0256,-1.0364,-1.0472,-1.0672,-1.0889,-1.101,-1.1118,-1.1227,-1.1335,-1.1391,5.0,5.0
-1.7862,-1.7046,-1.531,-0.97999,-1.0023,-1.0245,-1.0468,-1.0661,-1.0809,-1.1244,-1.1494,-1.1562,-1.1562,-1.523,-1.1562,-1.1546,-1.1472,-1.1398,-1.1324,-1.1249,-1.1109,-1.0927,-1.0704,-1.0482,-1.5156,-1.0259,-1.0036,-0.98138,-0.95911,-0.93493,-0.90524,-0.8086,-0.72841,-0.69872,-0.66904,-1.5082,-0.64309,-0.62034,-0.59066,-0.56562,-0.54335,-0.52109,-0.49882,-0.47656,-0.45429,-0.43849,-1.5008,-0.42044,-0.39818,-0.38328,-0.36844,-0.3536,-0.33875,-0.32391,-0.30907,-0.29423,-0.27938,-1.4934,-0.26454,-0.2497,-0.24169,-0.23069,-0.21617,-0.20875,-0.20132,-0.19267,-0.17783,-0.16838,-1.4859,-0.16096,-0.15354,-0.14612,-0.14174,-0.14174,-0.13453,-0.13106,-0.13175,-0.13918,-0.14174,-1.4785,-0.14334,-0.15076,-0.15818,-0.1656,-0.17303,-0.18045,-0.18787,-0.19545,-0.21029,-0.22081,-1.4765,-0.22823,-0.23565,-0.24831,-0.26118,-0.2686,-0.28216,-0.29412,-0.30154,-0.30896,-0.33155,-1.4765,-0.36705,-0.38189,-0.39204,-0.39802,-0.39802,-0.39802,-0.39567,-0.38825,-0.38734,-0.38408,-1.6604,-1.4765,-0.37666,-0.36924,-0.36182,-0.35349,-0.33865,-0.3238,-0.31078,-0.30336,-0.28995,-0.2506,-1.4829,-0.16897,-0.14243,-0.11654,-0.086852,-0.057166,-0.032018,-0.008473,0.021213,0.050899,0.080585,-1.4872,0.11027,0.13996,0.16964,0.19933,0.22901,0.2587,0.28764,0.3099,0.33708,0.36511,-1.4872,0.38737,0.40964,0.4319,0.45417,0.47643,0.4987,0.52075,0.53559,0.55043,0.56528,-1.4945,0.58012,0.59496,0.60778,0.6152,0.62881,0.64072,0.64814,0.65556,0.66298,0.67099,-1.5019,0.68583,0.69117,0.69267,0.70009,0.70751,0.71253,0.71253,0.71253,0.71253,0.71248,-1.5086,0.70506,0.70185,0.70089,0.69347,0.68605,0.67863,0.67121,0.66378,0.65359,0.63874,-1.5086,0.63084,0.61974,0.60532,0.5979,0.58588,0.57238,0.56496,0.55203,0.53719,0.52235,-1.5037,0.51391,0.49389,0.45678,0.44893,0.4334,0.41274,0.40531,0.40286,0.40286,0.40286,-1.4962,0.40873,0.41615,0.42357,0.431,0.43842,0.44611,0.46095,0.47136,0.47996,0.4948,-1.6447,-1.4888,0.50964,0.52448,0.53933,0.60414,0.65444,0.66928,0.69128,0.71744,0.74649,0.76875,-1.4814,0.79102,0.81328,0.83555,0.86352,0.89321,0.92289,0.94596,0.97159,1.0013,1.031,-1.474,1.0564,1.0797,1.1093,1.1338,1.1561,1.1784,1.2006,1.2201,1.2349,1.2498,-1.4665,1.2646,1.279,1.2864,1.2938,1.3012,1.3087,1.3161,1.3212,1.3212,1.3277,-1.4524,1.3319,1.3319,1.3319,1.3278,1.3212,1.3212,1.3162,1.3105,1.3105,1.3105,-1.441,1.3078,1.3004,1.2998,1.2998,1.3002,1.3076,1.315,1.3224,1.3298,1.3373,-1.4334,1.3447,1.3521,1.3595,1.37,1.3848,1.3925,1.4038,1.4187,1.4335,1.4532,-1.4186,1.4739,1.4887,1.5036,1.5209,1.5432,1.5655,1.5877,1.61,1.6323,1.6545,-1.4037,1.6779,1.7075,1.732,1.7562,1.7859,1.8095,1.8317,1.854,1.8833,1.9092,-1.3889,1.9315,1.9537,1.9713,1.9876,2.0098,2.0265,2.0413,2.0562,-1.6224,-1.374,-1.3592,-1.3423,-1.32,-1.304,-1.2862,-1.2639,-1.2417,-1.2194,-1.1971,-1.6052,-1.1749,-1.1574,-1.141,-1.1188,-1.0965,-1.0766,-1.0618,-1.0404,-1.0214,-1.0065,-1.5904,-0.98426,-0.962,-0.94069,-0.92585,-0.90588,-0.88549,-0.87064,-0.8558,-0.83818,-0.81592,-1.5755,-0.80059,-0.78575,-0.77133,-0.76391,-0.7519,-0.73839,-0.73097,-0.71805,-0.70545,-0.69803,-1.5607,-0.69701,-0.69701,-0.69701,-0.69701,-0.70107,-0.70849,-0.71591,-0.72334,-0.73247,-0.74731,-1.5458,-0.76802,-0.78767,-0.80252,-0.82414,-0.8464,-0.86867,-0.89093,-0.9132,-0.93546,-0.95773,5.0,5.0
1.9142,1.7656,1.5159,-0.49976,-0.51793,-0.53838,-0.55884,-0.57929,-0.59975,-0.62437,-0.64981,-0.67027,-0.69072,1.4825,-0.71118,-0.73164,-0.75209,-0.77001,-0.78385,-0.809,-0.83392,-0.85437,-0.87483,-0.89528,1.4453,-0.91574,-0.93619,-0.95665,-0.97711,-0.99756,-1.018,-1.0385,-1.0589,-1.0794,-1.0998,1.4146,-1.1178,-1.1316,-1.1474,-1.1634,-1.177,-1.1951,-1.2066,-1.2269,-1.2454,-1.2586,1.3781,-1.275,-1.2852,-1.2954,-1.3057,-1.3159,-1.3261,-1.3349,-1.3374,-1.3476,-1.3579,1.3441,-1.3681,-1.3715,-1.3794,-1.3896,-1.399,-1.4009,-1.4081,-1.4122,-1.4173,-1.4235,1.3134,-1.4338,-1.4356,-1.4264,-1.4264,-1.4264,-1.4229,-1.4173,-1.4173,-1.4173,-1.4094,1.2828,-1.4081,-1.399,-1.3971,-1.3868,-1.3766,-1.3664,-1.3562,-1.3532,-1.3449,-1.3346,1.2521,-1.3258,-1.3233,-1.3131,-1.3075,-1.3018,-1.2916,-1.2813,-1.2711,-1.2609,-1.2507,1.2214,-1.2404,-1.2302,-1.22,-1.2097,-1.1995,-1.1809,-1.1699,-1.1597,-1.1494,-1.1392,1.743,1.1939,-1.129,-1.1131,-1.0994,-1.0892,-1.07,-1.0587,-1.0383,-1.0208,-1.0065,-0.98608,1.1692,-0.9718,-0.95432,-0.93386,-0.92256,-0.90343,-0.8908,-0.87382,-0.85904,-0.83858,-0.82483,1.1438,-0.80682,-0.78637,-0.77506,-0.75461,-0.73415,-0.7177,-0.70239,-0.68809,-0.67786,-0.66764,1.117,-0.65741,-0.64718,-0.63695,-0.62673,-0.6165,-0.60627,-0.59604,-0.58581,-0.57559,-0.56536,1.0863,-0.55513,-0.5449,-0.53467,-0.52445,-0.51422,-0.50399,-0.49376,-0.48353,-0.47331,-0.46308,1.0556,-0.45285,-0.44262,-0.43239,-0.42217,-0.41967,-0.41086,-0.40979,-0.40137,-0.39848,-0.38826,1.0249,-0.38306,-0.37695,-0.36673,-0.3565,-0.33712,-0.32689,-0.31433,-0.29728,-0.28257,-0.26211,0.99581,-0.24829,-0.23035,-0.21868,-0.1993,-0.18908,-0.17599,-0.15947,-0.14924,-0.13901,-0.12162,0.9727,-0.1094,-0.099175,-0.087712,-0.069567,-0.059339,-0.049111,-0.033346,-0.019503,-0.009275,0.009717,0.94574,0.020333,0.032323,0.049942,0.064082,0.07955,0.089778,0.10001,0.12666,0.13877,0.14899,1.7156,0.92048,0.16151,0.1786,0.18883,0.19906,0.20929,0.21951,0.22974,0.23931,0.24105,0.24846,0.89568,0.25235,0.25761,0.26365,0.27388,0.27592,0.28518,0.29541,0.30564,0.31587,0.33051,0.88218,0.35646,0.38058,0.40103,0.42149,0.44194,0.4624,0.48286,0.51104,0.54207,0.55651,0.86392,0.57383,0.59429,0.61483,0.64785,0.69226,0.71272,0.73757,0.76278,0.78978,0.82809,0.84346,0.85161,0.87268,0.90167,0.9249,0.95174,0.97711,1.0258,1.0589,1.0875,1.109,0.82301,1.1385,1.1657,1.2069,1.2274,1.2478,1.2683,1.2887,1.3092,1.3388,1.3593,0.80255,1.3797,1.4002,1.4304,1.4594,1.4798,1.4922,1.5299,1.5504,1.5686,1.5821,0.7821,1.5982,1.6139,1.6278,1.6608,1.6844,1.6957,1.7162,1.7339,1.7479,1.7635,0.76164,1.7797,1.7931,1.8033,1.8136,1.8249,1.8432,1.8534,1.8636,1.8739,1.8841,0.73585,1.8868,1.8954,1.9056,1.9158,1.9261,1.9325,1.9277,1.9174,1.6908,0.71158,0.69112,0.67066,0.65936,0.63891,0.62108,0.60715,0.58669,0.56623,0.54578,1.6601,0.52532,0.50487,0.49356,0.47519,0.46496,0.45473,0.42858,0.40682,0.36676,0.34975,1.6294,0.34868,0.33232,0.29161,0.28507,0.26127,0.23347,0.22324,0.21302,0.20279,0.19876,1.5988,0.16403,0.15693,0.14009,0.11504,0.10481,0.10202,0.093508,0.055822,0.047105,0.031591,1.5681,-0.011471,-0.021699,-0.049363,-0.0765,-0.088993,-0.12634,-0.13979,-0.17866,-0.21246,-0.23662,1.5379,-0.25767,-0.33028,-0.36302,-0.37325,-0.39304,-0.41201,-0.4248,-0.44525,-0.46571,-0.48617,1.0,1.0
-0.84847,-0.83418,-0.82231,-1.3521,-1.328,-1.308,-1.2794,-1.2589,-1.2353,-1.2173,-1.1913,-1.1627,-1.1472,-0.82208,-1.1186,-1.0935,-1.0745,-1.0459,-1.0173,-0.9971,-0.97326,-0.94468,-0.9161,-0.88761,-0.80923,-0.87201,-0.84595,-0.82793,-0.80429,-0.79,-0.76835,-0.74833,-0.73404,-0.71975,-0.70546,-0.80923,-0.70425,-0.6915,-0.68875,-0.67842,-0.67325,-0.66534,-0.65775,-0.64346,-0.62917,-0.62609,-0.80923,-0.61367,-0.59993,-0.59816,-0.58387,-0.56958,-0.56069,-0.55408,-0.53979,-0.5255,-0.51121,-0.80923,-0.49692,-0.48263,-0.45525,-0.44096,-0.42347,-0.3993,-0.37939,-0.35764,-0.3353,-0.30672,-0.8155,-0.27814,-0.24956,-0.22097,-0.19239,-0.16603,-0.14831,-0.11973,-0.091146,-0.062564,-0.033982,-0.82231,-0.005401,0.023181,0.051763,0.080345,0.10893,0.13751,0.16609,0.19467,0.22325,0.25184,-0.82231,0.28042,0.29929,0.3245,0.35308,0.38193,0.42333,0.45191,0.48049,0.50907,0.53766,-0.82231,0.56624,0.59482,0.61346,0.6389,0.66748,0.69607,0.72465,0.75323,0.78181,0.81039,-0.82231,-0.82231,0.83898,0.86756,0.89614,0.92472,0.9533,0.98189,1.0105,1.039,1.0676,1.0962,-0.82231,1.1248,1.1534,1.182,1.2105,1.2391,1.2677,1.2835,1.3118,1.3382,1.3559,-0.82231,1.3845,1.4072,1.4285,1.4489,1.4726,1.4906,1.5049,1.5322,1.5465,1.5608,-0.82231,1.5751,1.5894,1.6037,1.618,1.6323,1.6466,1.65,1.6621,1.6762,1.6748,-0.82231,1.6631,1.6592,1.645,1.6307,1.6164,1.6021,1.5878,1.5846,1.5723,1.5584,-0.82639,1.5568,1.5425,1.5242,1.5008,1.4865,1.4723,1.4491,1.4306,1.405,1.3889,-0.83539,1.3616,1.3454,1.3199,1.3013,1.2782,1.2572,1.2287,1.2092,1.1846,1.156,-0.8419,1.1274,1.1119,1.0833,1.058,1.0392,1.0164,0.99516,0.97472,0.96043,0.93558,-0.84847,0.91877,0.90448,0.88908,0.86282,0.84852,0.83423,0.81399,0.79257,0.76991,0.75091,-0.8574,0.73662,0.71032,0.69495,0.68066,0.66637,0.64832,0.62471,0.61042,0.59613,0.58184,-0.82231,-0.86155,0.57736,0.56634,0.55204,0.53775,0.52503,0.52225,0.50796,0.49367,0.47938,0.47271,-0.8729,0.46388,0.44959,0.4353,0.42101,0.4073,0.4073,0.4043,0.39422,0.39422,0.39422,-0.87463,0.38637,0.38114,0.38114,0.38114,0.38114,0.38114,0.38114,0.3779,0.36806,0.36806,-0.8884,0.36806,0.36806,0.36806,0.36806,0.35635,0.35498,0.35498,0.35498,0.35498,0.35498,-0.90079,0.35498,0.35498,0.34667,0.3419,0.3419,0.3419,0.3419,0.34317,0.35498,0.35498,-0.9039,0.35498,0.35498,0.35498,0.36352,0.36806,0.36806,0.36806,0.36836,0.38114,0.38114,-0.91387,0.38114,0.38114,0.38114,0.3887,0.39422,0.39422,0.39422,0.39422,0.4073,0.4073,-0.91387,0.4073,0.4073,0.4073,0.4073,0.4073,0.4073,0.4073,0.4073,0.4073,0.4073,-0.92061,0.4073,0.4073,0.4073,0.4129,0.42038,0.42038,0.42038,0.42038,0.42038,0.43324,-0.92695,0.43347,0.43347,0.43347,0.43347,0.43347,0.43347,0.43347,0.43347,-0.82231,-0.93611,-0.94004,-0.94004,-0.95282,-0.95403,-0.9662,-0.99288,-1.0708,-1.1111,-1.1972,-0.82231,-1.2769,-1.3251,-1.3854,-1.4687,-1.4894,-1.5236,-1.6095,-1.6274,-1.6703,-1.7417,-0.82231,-1.7844,-1.7987,-1.813,-1.8706,-1.8578,-1.8426,-1.8412,-1.8295,-1.8257,-1.8115,-0.82231,-1.8034,-1.796,-1.7817,-1.7772,-1.7662,-1.7519,-1.7376,-1.7233,-1.709,-1.6947,-0.82231,-1.6804,-1.6661,-1.6518,-1.6375,-1.6233,-1.5977,-1.5816,-1.5673,-1.553,-1.5387,-0.82231,-1.5244,-1.5101,-1.4958,-1.4816,-1.4673,-1.453,-1.4387,-1.4117,-1.397,-1.3807,4.0,4.0
0.4552,0.47024,0.48529,0.92167,0.97471,1.0285,1.0744,1.1263,1.1812,1.2271,1.2779,1.334,1.3799,0.48529,1.4295,1.4867,1.5356,1.5935,1.6417,1.6872,1.7327,1.7771,1.8087,1.8542,0.48529,1.8847,1.9152,1.9457,1.9611,1.99,2.0051,2.0201,2.0201,2.0171,1.9814,0.48529,1.8809,1.7903,1.7598,1.6996,1.6184,1.5574,1.4965,1.4355,1.3678,1.2986,0.47024,1.2226,1.1538,1.0857,1.0097,0.93371,0.84831,0.7569,0.29419,0.18735,0.080512,0.4552,-0.01504,-0.10645,-0.19787,-0.27687,-0.36565,-0.44201,-0.50484,-0.5797,-0.64177,-0.70271,0.44015,-0.74861,-0.80917,-0.85469,-0.88516,-0.93068,-0.96115,-0.99162,-1.0221,-1.0375,-1.0646,0.4187,-1.0646,-1.0646,-1.0601,-1.0296,-0.99915,-0.96868,-0.93821,-0.90773,-0.87726,-0.83964,0.40328,-0.80127,-0.7708,-0.73205,-0.69481,-0.64929,-0.59437,-0.54847,-0.48753,-0.42659,-0.36565,0.37281,-0.29342,-0.22871,-0.15573,-0.091782,-0.015792,0.058317,0.12114,0.19713,0.27237,0.34873,0.471,0.34234,0.4251,0.51614,0.59288,0.68429,0.7742,0.85207,0.94349,1.0349,1.1263,1.2143,0.31187,1.3468,1.4416,1.5326,1.6033,1.6793,1.7361,1.7854,1.8309,1.8463,1.8697,0.2814,1.8621,1.8016,1.7297,1.6654,1.6048,1.5499,1.4942,1.4179,1.3671,1.302,0.25093,1.2339,1.1459,1.0932,1.0146,0.9307,0.83891,0.7742,0.68317,0.59213,0.47212,0.22045,0.34986,0.27274,0.15048,0.045526,-0.33029,-0.39123,-0.45217,-0.51048,-0.55901,-0.61656,0.18998,-0.66585,-0.71174,-0.75764,-0.80353,-0.84416,-0.87463,-0.9051,-0.92918,-0.94422,-0.95927,0.14973,-0.9668,-0.98222,-0.99764,-1.0044,-1.0195,-1.0345,-1.0496,-1.0496,-1.0601,-1.0646,0.11399,-1.0533,-1.0496,-1.0375,-1.0221,-1.0067,-0.99125,-0.98937,-0.97432,-0.94498,-0.92955,0.072988,-0.91413,-0.88366,-0.86823,-0.83776,-0.80729,-0.77682,-0.74635,-0.70083,-0.66735,-0.62146,0.038003,-0.57556,-0.51876,-0.46872,-0.40778,-0.36189,-0.2859,-0.22495,-0.15762,-0.081249,0.061702,0.48529,-0.007516,0.18434,0.38221,0.56504,0.72191,0.87653,1.0439,1.1617,1.2783,1.4002,1.507,-0.053035,1.5762,1.6372,1.671,1.674,1.6462,1.6157,1.5702,1.5258,1.4355,1.3441,-0.098554,1.2226,1.0861,0.9638,0.81069,0.65834,0.50598,0.40102,0.27914,0.16026,0.050417,-0.15649,-0.063944,-0.16326,-0.2701,-0.37693,-0.47324,-0.63387,-0.84491,-0.89043,-0.93595,-0.97357,-0.21743,-1.0119,-1.0575,-1.0962,-1.1421,-1.179,-1.2245,-1.2647,-1.3005,-1.3309,-1.3614,-0.27837,-1.3919,-1.4073,-1.4227,-1.4257,-1.4385,-1.4408,-1.4543,-1.4558,-1.4558,-1.4558,-0.33931,-1.4558,-1.4558,-1.4408,-1.4397,-1.4242,-1.3957,-1.3783,-1.3629,-1.3475,-1.317,-0.40026,-1.3016,-1.2711,-1.2407,-1.2151,-1.1948,-1.1643,-1.1338,-1.1034,-1.0729,-1.0353,-0.4612,-0.99689,-0.96642,-0.92767,-0.88178,-0.83588,-0.78999,-0.72904,-0.68315,-0.62221,-0.57217,-0.50747,-0.52666,-0.48114,-0.43863,-0.40515,-0.37468,-0.35925,-0.34232,-0.32728,0.48529,-0.56804,-0.61393,-0.65983,-0.70459,-0.73506,-0.76554,-0.79601,-0.82384,-0.8419,-0.86899,0.47212,-0.8878,-0.90322,-0.91864,-0.92918,-0.94422,-0.94422,-0.94422,-0.93783,-0.92241,-0.91413,0.48529,-0.89908,-0.88403,-0.86071,-0.83889,-0.81482,-0.78434,-0.76365,-0.73845,-0.70798,-0.66246,0.48529,-0.63199,-0.58986,-0.556,-0.51311,-0.46722,-0.40628,-0.36038,-0.29944,-0.2385,-0.1926,0.48529,-0.13166,-0.070716,-0.009773,0.050041,0.097064,0.14296,0.20164,0.2498,0.31074,0.35663,0.48529,0.41758,0.46347,0.5199,0.57031,0.6162,0.6715,0.72304,0.76894,0.82988,0.87577,2.0,0.0
-2.2101,-2.0231,-1.7332,-1.1581,-1.0908,-1.0431,-1.0206,-1.0047,-0.98742,-0.96497,-0.93692,-0.9084,-0.88595,-1.7182,-0.86351,-0.8406,-0.81067,-0.78075,-0.75082,-0.72791,-0.70266,-0.67274,-0.64281,-0.61476,-1.7033,-0.59232,-0.56473,-0.53574,-0.5133,-0.49085,-0.46841,-0.44597,-0.42352,-0.40108,-0.38518,-1.6921,-0.37022,-0.35526,-0.34029,-0.32533,-0.31037,-0.29541,-0.28091,-0.27343,-0.26221,-0.24725,-1.6846,-0.2393,-0.23182,-0.22434,-0.21685,-0.20937,-0.20189,-0.19955,-0.19955,-0.19955,-0.19955,-1.6771,-0.19955,-0.20704,-0.21452,-0.222,-0.22948,-0.23696,-0.24444,-0.25192,-0.2594,-0.26689,-1.6696,-0.27904,-0.29494,-0.32486,-0.34357,-0.35105,-0.37256,-0.38658,-0.38658,-0.38658,-0.38658,-1.6621,-0.38658,-0.38144,-0.37489,-0.37489,-0.37069,-0.36321,-0.35572,-0.3286,-0.27624,-0.2566,-1.6668,-0.2393,-0.21685,-0.20002,-0.18506,-0.1701,-0.15046,-0.12848,-0.11352,-0.094818,-0.072374,-1.6687,-0.056944,-0.039176,-0.016733,0.005711,0.028154,0.050598,0.067898,0.083796,0.10624,0.12868,-1.9081,-1.6537,0.15113,0.17357,0.19601,0.21846,0.23435,0.25165,0.2741,0.29654,0.31758,0.33255,-1.649,0.35218,0.37416,0.38912,0.40408,0.41905,0.44102,0.46066,0.47562,0.49059,0.50555,-1.6481,0.52051,0.53033,0.53875,0.55371,0.56867,0.58363,0.59111,0.59859,0.60608,0.61356,-1.6406,0.62104,0.62852,0.636,0.64208,0.64208,0.64676,0.65377,0.65377,0.65377,0.65377,-1.6331,0.65377,0.65377,0.65377,0.64769,0.64208,0.64208,0.63694,0.62945,0.62197,0.61449,-1.6257,0.60701,0.59953,0.59205,0.58457,0.57709,0.56961,0.56212,0.55464,0.54155,0.50414,-1.6182,0.49012,0.48965,0.48217,0.47843,0.47843,0.48544,0.49012,0.49012,0.49012,0.49199,-1.6107,0.49947,0.50181,0.50274,0.51022,0.53454,0.57194,0.57942,0.58691,0.59439,0.60187,-1.6032,0.61169,0.62665,0.636,0.64488,0.65985,0.67013,0.67808,0.69304,0.70801,0.72297,-1.5957,0.73092,0.74121,0.75617,0.76505,0.7744,0.78937,0.79918,0.80667,0.81415,0.82584,-1.8856,-1.5859,0.8408,0.84828,0.85576,0.86324,0.87727,0.89223,0.90719,0.91655,0.92543,0.94039,-1.5709,0.95535,0.96985,0.97733,0.98855,1.0035,1.0185,1.0306,1.0381,1.0517,1.0648,-1.5616,1.0722,1.0797,1.0872,1.0947,1.1064,1.1213,1.1288,1.1363,1.1438,1.1513,-1.5527,1.1587,1.1662,1.1681,1.1695,1.177,1.1845,1.1919,1.1994,1.2069,1.2144,-1.5378,1.2149,1.2177,1.2251,1.2265,1.2265,1.2265,1.2265,1.2275,1.235,1.2382,-1.5228,1.2382,1.2382,1.2382,1.2382,1.2382,1.2382,1.2382,1.2382,1.2382,1.2382,-1.5074,1.2382,1.2382,1.2382,1.2382,1.2382,1.2453,1.2527,1.2602,1.2677,1.2752,-1.4849,1.2827,1.2901,1.2976,1.3051,1.3126,1.3201,1.335,1.3467,1.3542,1.3682,-1.4662,1.3832,1.3981,1.4075,1.4164,1.4313,1.4416,1.4491,1.4566,1.4641,1.4716,-1.4513,1.479,1.4865,1.494,1.5015,1.509,1.5164,1.5239,1.5305,-1.8566,-1.4293,-1.4068,-1.3844,-1.368,-1.3512,-1.3287,-1.3063,-1.2839,-1.2614,-1.239,-1.8291,-1.2165,-1.1941,-1.1749,-1.16,-1.1384,-1.1183,-1.1034,-1.0884,-1.0749,-1.0674,-1.8066,-1.0552,-1.0407,-1.0332,-1.0258,-1.0183,-1.0178,-1.0178,-1.0178,-1.0178,-1.0178,-1.7898,-1.0178,-1.023,-1.0304,-1.0379,-1.0454,-1.0529,-1.0678,-1.0795,-1.087,-1.101,-1.7734,-1.116,-1.131,-1.1403,-1.1492,-1.1642,-1.1744,-1.1824,-1.1974,-1.2123,-1.2273,-1.751,-1.2282,-1.2282,-1.2282,-1.2221,-1.2147,-1.2072,-1.1997,-1.1913,-1.1763,-1.1656,5.0,5.0
0.2556,0.28418,0.45736,1.1804,1.2947,1.409,1.5234,1.6355,1.7212,1.8036,1.8608,1.9179,1.9701,0.48595,1.9986,2.0272,2.0491,2.0418,2.0211,1.9454,1.7509,1.6842,1.5985,1.4914,0.50781,1.3709,1.2381,1.0873,1.0016,0.86202,0.70397,0.60421,0.50332,0.38899,0.29091,0.50781,0.20516,0.10203,0.005631,-0.080119,-0.16587,-0.27124,-0.64787,-0.84347,-0.90792,-0.96509,0.50781,-1.0223,-1.0794,-1.1366,-1.1938,-1.2509,-1.2829,-1.3372,-1.3681,-1.4235,-1.4533,0.50781,-1.4818,-1.4824,-1.5099,-1.5099,-1.5099,-1.5071,-1.4785,-1.4499,-1.4213,-1.3877,0.50781,-1.3305,-1.2672,-1.1882,-1.1237,-1.0379,-0.94379,-0.83842,-0.74315,-0.62881,-0.51448,0.50781,-0.40014,-0.28581,-0.17147,-0.04425,0.085217,0.21356,0.34191,0.45624,0.58627,0.71293,0.49772,0.84408,0.96963,1.084,1.2168,1.3407,1.455,1.5491,1.6349,1.7206,1.8064,0.47978,1.8697,1.9039,1.9325,1.9611,1.965,1.9902,1.9672,1.965,1.8036,1.7419,0.31164,0.47978,1.5447,1.4589,1.3676,1.1473,1.0593,0.94497,0.83063,0.7163,0.60196,0.48258,0.46801,0.34527,0.23094,0.10988,-0.025755,-0.14009,-0.26283,-0.39678,-0.51111,-0.7566,-1.0828,0.46409,-1.14,-1.2089,-1.27,-1.3115,-1.3686,-1.4118,-1.4404,-1.4538,-1.4695,-1.4818,0.47978,-1.465,-1.4538,-1.4359,-1.4073,-1.3787,-1.3501,-1.3014,-1.2442,-1.187,-1.1299,0.46633,-1.0503,-0.96453,-0.87878,-0.81713,-0.7353,-0.64955,-0.5638,-0.47805,-0.3923,-0.27908,0.43775,-0.19277,-0.078998,0.007873,0.12221,0.23654,0.35088,0.46521,0.58347,0.7219,0.83624,0.40916,0.95057,1.0649,1.1792,1.2936,1.4001,1.4858,1.5626,1.6198,1.6769,1.7341,0.38058,1.7801,1.8086,1.8249,1.8378,1.8529,1.6848,1.4729,1.3872,1.2857,1.1714,0.352,1.0571,0.94272,0.81046,0.68603,0.55264,0.42934,0.21412,0.03982,-0.081801,-0.21799,0.32341,-0.33849,-0.47581,-0.92474,-1.0777,-1.1635,-1.2492,-1.3092,-1.3664,-1.4235,-1.4533,0.31333,0.29483,-1.5099,-1.5379,-1.539,-1.5659,-1.5659,-1.5631,-1.5379,-1.534,-1.5054,-1.4717,0.26625,-1.4202,-1.3854,-1.3283,-1.2711,-1.2061,-1.1287,-1.0626,-0.97686,-0.89111,-0.80536,0.23766,-0.71961,-0.64563,-0.57613,-0.49038,-0.40463,-0.31888,-0.23313,-0.14737,-0.077317,-0.003897,0.19058,0.06504,0.15696,0.21749,0.24607,0.27465,0.32285,0.33967,0.33967,0.31837,0.31164,0.15247,0.28923,0.28362,0.26008,0.2556,0.2556,0.2556,0.2556,0.22926,0.22757,0.22757,0.10427,0.22757,0.22757,0.22757,0.22757,0.22757,0.22757,0.22757,0.22365,0.19955,0.19955,0.047106,0.19955,0.19955,0.19955,0.19955,0.19955,0.19955,0.19955,0.19955,0.19955,0.19955,0.010676,0.21076,0.22757,0.22757,0.22757,0.22757,0.22757,0.22757,0.22757,0.24327,0.2556,-0.039206,0.2556,0.2556,0.27353,0.28362,0.28362,0.28362,0.28362,0.28362,0.30492,0.31164,-0.096373,0.31164,0.31164,0.31164,0.33574,0.33967,0.36489,0.36769,0.39403,0.33967,-0.17596,-0.23873,-0.2959,-0.35306,-0.43489,-0.49542,-0.55259,-0.60976,-0.66692,-0.72409,0.34247,-0.75323,-0.8104,-0.86645,-0.89671,-0.95388,-1.0082,-1.0402,-1.0934,-1.1265,-1.1786,0.37105,-1.2072,-1.2358,-1.2644,-1.2857,-1.2935,-1.3137,-1.3227,-1.3417,-1.3417,-1.3417,0.39964,-1.3305,-1.3019,-1.2733,-1.2448,-1.2027,-1.1456,-1.0884,-1.0161,-0.94603,-0.87261,0.42822,-0.80368,-0.72913,-0.64338,-0.57613,-0.49991,-0.43377,-0.35643,-0.27068,-0.18493,-0.077317,0.45176,0.014599,0.12333,0.21412,0.32397,0.43831,0.55264,0.66698,0.80765,0.92367,1.038,2.0,0.0
0.025365,0.1028,0.13382,0.70321,0.79692,0.87435,0.95179,1.0292,1.0912,1.1624,1.2291,1.2787,1.3235,0.13382,1.3778,1.4165,1.4552,1.4755,1.4948,1.5142,1.5221,1.5129,1.4935,1.4742,0.13382,1.4526,1.4139,1.3752,1.3196,1.2615,1.1913,1.1237,1.0581,0.97544,0.88151,0.13382,0.80353,0.70674,0.60994,0.51314,0.41635,0.30898,0.19282,0.082575,-0.0178,-0.13396,0.13382,-0.25011,-0.34799,-0.46073,-0.56328,-0.66007,-0.74792,-0.83198,-0.92449,-1.0019,-1.0794,0.13382,-1.1568,-1.2342,-1.2974,-1.3554,-1.4135,-1.4716,-1.5247,-1.5634,-1.6018,-1.6212,0.13989,-1.6405,-1.6448,-1.6448,-1.6448,-1.6368,-1.6175,-1.5981,-1.5777,-1.539,-1.5003,0.15551,-1.4616,-1.4094,-1.3514,-1.2933,-1.2288,-1.1554,-1.0956,-1.0182,-0.94076,-0.84689,0.15551,-0.76419,-0.67499,-0.58763,-0.50308,-0.40629,-0.30949,-0.21269,-0.1159,-0.019102,0.077695,0.15551,0.18696,0.29298,0.38978,0.49205,0.60506,0.70186,0.79865,0.89545,0.97674,1.0674,0.11213,0.15551,1.1533,1.2307,1.302,1.3601,1.4182,1.4762,1.5343,1.5762,1.601,1.6319,0.15551,1.6614,1.6808,1.6956,1.6934,1.674,1.6546,1.6184,1.5796,1.5287,1.4706,0.15551,1.4125,1.3492,1.2717,1.1943,1.1169,1.0394,0.94669,0.86286,0.77479,0.678,0.15551,0.5812,0.4844,0.38761,0.29081,0.19401,0.08122,-0.034936,-0.13976,-0.23655,-0.33335,0.15551,-0.43015,-0.52694,-0.62374,-0.72054,-0.80063,-0.8637,-0.93382,-1.0113,-1.0813,-1.1394,0.15551,-1.1975,-1.2555,-1.3136,-1.3717,-1.4298,-1.4751,-1.5138,-1.5445,-1.5696,-1.6015,0.15551,-1.6026,-1.6219,-1.6232,-1.6232,-1.6097,-1.5904,-1.571,-1.5516,-1.5282,-1.4912,0.15551,-1.4719,-1.4337,-1.395,-1.3421,-1.2958,-1.2476,-1.1896,-1.1315,-1.0734,-1.0153,0.15551,-0.95724,-0.88197,-0.80454,-0.7271,-0.64966,-0.58009,-0.51648,-0.43904,-0.3616,-0.28417,0.13637,-0.20673,-0.11373,-0.030164,0.047273,0.13328,0.22384,0.30518,0.4004,0.47784,0.55528,0.11213,0.13382,0.64898,0.73184,0.80928,0.88672,0.96416,1.037,1.0973,1.1748,1.2522,1.3127,0.13382,1.3708,1.4288,1.4769,1.5233,1.5761,1.6118,1.6318,1.6705,1.6916,1.7109,0.13382,1.7173,1.7173,1.7089,1.6896,1.6702,1.6495,1.6108,1.572,1.5333,1.4809,0.13382,1.4228,1.3647,1.3067,1.2442,1.1688,1.1107,1.0336,0.95613,0.89312,0.83504,0.12634,0.7672,0.69719,0.63911,0.5838,0.54465,0.48657,0.44596,0.39211,0.34683,0.30811,0.10698,0.27752,0.25236,0.21364,0.17606,0.1567,0.11918,0.096295,0.076936,0.057576,0.038217,0.087619,0.018858,-0.000502,-0.018017,-0.018017,-0.018017,-0.001478,0.003674,0.003674,0.003674,0.003674,0.067771,0.003674,0.003674,0.003674,0.003674,0.020918,0.025365,0.025365,0.025365,0.025365,0.025365,0.029053,0.025365,0.025365,0.025365,0.025365,0.025365,0.025365,0.036319,0.047056,0.047056,0.047056,-0.009666,0.047056,0.047056,0.065711,0.068747,0.068747,0.080406,0.090438,0.090438,0.11213,-0.048385,-0.087103,-0.12582,-0.17273,-0.23081,-0.28888,-0.34696,-0.40504,-0.48134,-0.54289,0.11213,-0.61452,-0.69196,-0.7605,-0.82514,-0.89835,-0.95833,-1.0358,-1.0943,-1.1524,-1.2104,0.11983,-1.2685,-1.3266,-1.3774,-1.4161,-1.4522,-1.4719,-1.5106,-1.532,-1.5514,-1.5581,0.13382,-1.5581,-1.5501,-1.5364,-1.5298,-1.492,-1.4727,-1.4353,-1.3809,-1.3228,-1.2648,0.13382,-1.2067,-1.1423,-1.0648,-0.98739,-0.90995,-0.81381,-0.73339,-0.64191,-0.5334,-0.42662,0.13382,-0.32278,-0.21134,-0.11216,0.003945,0.10074,0.21462,0.31603,0.42524,0.53131,0.62035,0.0,0.0
-2.2562,-2.1013,-1.7982,-0.86802,-0.86802,-0.86755,-0.85616,-0.85616,-0.85497,-0.84429,-0.84263,-0.83053,-0.81842,-1.7645,-0.80632,-0.79422,-0.78212,-0.76693,-0.74605,-0.73038,-0.70618,-0.68198,-0.65777,-0.63357,-1.7403,-0.60461,-0.57329,-0.54909,-0.51942,-0.48881,-0.46461,-0.4404,-0.4162,-0.39864,-0.37965,-1.7161,-0.36257,-0.34311,-0.3265,-0.30656,-0.29043,-0.27832,-0.26622,-0.2629,-0.25388,-0.24178,-1.6919,-0.24866,-0.2413,-0.23917,-0.23917,-0.23917,-0.23917,-0.22825,-0.2273,-0.2273,-0.21568,-1.6713,-0.21544,-0.20357,-0.2031,-0.19171,-0.19076,-0.17984,-0.17842,-0.16632,-0.15611,-0.15398,-1.6592,-0.14187,-0.13238,-0.12953,-0.11743,-0.10865,-0.10509,-0.096787,-0.092753,-0.084922,-0.084922,-1.6471,-0.080176,-0.073057,-0.073057,-0.073057,-0.073057,-0.073057,-0.066887,-0.061192,-0.054547,-0.049327,-1.635,-0.042208,-0.037462,-0.029868,-0.025596,-0.017528,-0.013731,-0.005189,-0.001866,0.007151,0.009999,-1.6229,0.019491,0.021864,0.031831,0.033729,0.033729,0.044408,0.045594,0.045594,0.045594,0.057222,-2.0654,-1.6155,0.057459,0.057697,0.069325,0.069325,0.070274,0.08119,0.082613,0.093055,0.093055,0.09519,-1.6155,0.10492,0.10492,0.10492,0.108,0.11679,0.12034,0.12865,0.13268,0.14052,0.14502,-1.6103,0.15713,0.16923,0.18133,0.19343,0.20554,0.21764,0.23591,0.25371,0.26581,0.2848,-1.6037,0.30188,0.32134,0.33795,0.35788,0.37402,0.38612,0.39823,0.41033,0.43145,0.43714,-1.598,0.45613,0.46087,0.47084,0.48294,0.49505,0.49647,0.50738,0.51949,0.5202,0.53183,-1.5918,0.53206,0.5323,0.5444,0.55579,0.55674,0.56766,0.56766,0.56932,0.57952,0.58166,-1.5856,0.59139,0.594,0.60325,0.60634,0.61512,0.61868,0.62699,0.63102,0.63885,0.64336,-1.5735,0.65072,0.6557,0.6678,0.67445,0.68014,0.69224,0.69818,0.70458,0.71669,0.72191,-1.5614,0.72903,0.74113,0.74564,0.75347,0.7575,0.76581,0.76937,0.77815,0.78123,0.79049,-1.5493,0.7931,0.80283,0.80496,0.80496,0.8154,0.81683,0.82774,0.82869,0.82869,0.82869,-2.0405,-1.5372,0.82869,0.82869,0.82869,0.82869,0.82964,0.84056,0.84198,0.85242,0.85432,0.86429,-1.5251,0.86666,0.87615,0.87615,0.87924,0.88802,0.88802,0.88802,0.88802,0.88375,0.87615,-1.513,0.87615,0.87615,0.88137,0.88802,0.88802,0.88802,0.88802,0.89443,0.89988,0.89988,-1.5009,0.907,0.91175,0.91175,0.91175,0.91175,0.92005,0.92361,0.92361,0.92361,0.92361,-1.4888,0.93311,0.93548,0.93548,0.93548,0.93548,0.94616,0.94734,0.94734,0.95873,0.97084,-1.4767,0.98294,0.99504,1.0071,1.0192,1.0313,1.0435,1.0556,1.0677,1.0798,1.094,-1.4646,1.1158,1.1305,1.1547,1.179,1.2032,1.2274,1.2516,1.2798,1.3118,1.3406,-1.4525,1.3769,1.4082,1.4376,1.4739,1.5102,1.5465,1.5828,1.6127,1.6436,1.6799,-1.4404,1.7091,1.7406,1.7694,1.8014,1.8296,1.8621,1.8899,1.9141,1.9473,1.9744,-1.4283,1.9986,2.0131,2.0351,2.0491,2.0717,2.0852,2.0973,2.1094,-2.0052,-1.4162,-1.4041,-1.392,-1.3799,-1.3678,-1.3557,-1.3545,-1.3433,-1.3312,-1.3191,-1.9798,-1.3189,-1.3068,-1.2947,-1.2833,-1.2833,-1.2821,-1.2714,-1.2698,-1.2577,-1.2477,-1.9435,-1.2453,-1.2332,-1.2211,-1.209,-1.2002,-1.1967,-1.1846,-1.1725,-1.1604,-1.1483,-1.9072,-1.1362,-1.1241,-1.1067,-1.088,-1.0759,-1.0638,-1.0517,-1.0332,-1.0156,-1.0035,-1.8709,-0.99142,-0.97931,-0.97481,-0.96698,-0.95487,-0.95108,-0.94253,-0.93043,-0.92735,-0.91809,-1.8346,-0.91548,-0.91548,-0.90551,-0.90362,-0.90362,-0.89294,-0.89175,-0.89175,-0.88036,-0.87989,3.0,5.0
-1.8505,-1.7837,-1.6327,-0.97416,-0.97171,-0.95637,-0.94104,-0.9159,-0.89748,-0.88214,-0.8668,-0.85146,-0.82698,-1.6162,-0.8079,-0.79141,-0.76434,-0.74295,-0.72078,-0.69449,-0.6767,-0.64899,-0.63366,-0.61046,-1.5892,-0.5901,-0.57476,-0.54653,-0.5312,-0.51586,-0.49086,-0.4723,-0.45696,-0.44163,-0.42629,-1.5738,-0.41095,-0.39562,-0.38131,-0.37783,-0.36842,-0.36005,-0.35553,-0.34265,-0.34265,-0.33736,-1.5585,-0.32976,-0.32976,-0.32976,-0.32976,-0.32976,-0.32976,-0.32976,-0.32976,-0.32976,-0.33375,-1.5432,-0.34265,-0.34265,-0.34265,-0.34265,-0.34265,-0.34265,-0.34265,-0.35334,-0.35553,-0.35553,-1.5149,-0.35553,-0.35553,-0.35553,-0.35553,-0.35553,-0.35553,-0.35553,-0.35553,-0.34368,-0.34265,-1.4996,-0.34265,-0.34265,-0.33388,-0.32976,-0.32976,-0.32976,-0.32976,-0.32164,-0.31687,-0.31687,-1.4789,-0.31687,-0.31687,-0.31687,-0.31687,-0.31687,-0.31687,-0.31687,-0.31687,-0.31687,-0.30514,-1.456,-0.30398,-0.30025,-0.28491,-0.27821,-0.27821,-0.26532,-0.26223,-0.24689,-0.23954,-0.2291,-1.7683,-1.4407,-0.22665,-0.21132,-0.19598,-0.18064,-0.16531,-0.14997,-0.13463,-0.1193,-0.10396,-0.079474,-1.4126,-0.0604,-0.045063,-0.026118,-0.001502,0.022341,0.04206,0.057912,0.085621,0.10096,0.11629,-1.3971,0.14194,0.15986,0.17519,0.19053,0.20587,0.2212,0.23654,0.25188,0.26721,0.27598,-1.3818,0.285,0.30034,0.30175,0.30523,0.32057,0.32753,0.32753,0.34042,0.34042,0.3457,-1.3593,0.35331,0.36349,0.36619,0.36619,0.37083,0.37908,0.37908,0.39107,0.39197,0.39596,-1.3382,0.40486,0.41375,0.41775,0.41865,0.43063,0.43063,0.43888,0.44352,0.45667,0.4693,-1.3229,0.47445,0.48979,0.49507,0.50757,0.52291,0.53374,0.5407,0.55603,0.57137,0.58671,-1.2947,0.59818,0.60449,0.62859,0.64805,0.6505,0.66584,0.68118,0.69651,0.71185,0.7143,-1.2793,0.72963,0.74497,0.75283,0.76276,0.76572,0.77861,0.77861,0.78544,0.7915,0.7915,-1.264,0.7915,0.7915,0.79768,0.80438,0.80438,0.81727,0.82037,0.83016,0.83016,0.83016,-1.753,-1.2487,0.83016,0.84305,0.84305,0.8504,0.85594,0.85594,0.86882,0.87308,0.88171,0.89086,-1.2333,0.9062,0.92038,0.92399,0.93932,0.95466,0.95904,0.97244,0.98778,1.0031,1.0185,-1.218,1.0338,1.0491,1.0645,1.075,1.0823,1.0976,1.1129,1.1266,1.1307,1.146,-1.2027,1.1614,1.1767,1.1921,1.2039,1.2098,1.2252,1.2297,1.243,1.2555,1.2607,-1.1933,1.2684,1.2684,1.281,1.2812,1.2812,1.2812,1.2908,1.2941,1.2941,1.2941,-1.1849,1.2941,1.303,1.307,1.3079,1.3199,1.3257,1.3328,1.3435,1.3586,1.3613,-1.1804,1.3766,1.3843,1.3944,1.3972,1.3993,1.4101,1.4101,1.4101,1.4101,1.4101,-1.1804,1.4101,1.4101,1.4101,1.4213,1.4367,1.452,1.473,1.4956,1.5215,1.5393,-1.1804,1.5699,1.6056,1.6442,1.6848,1.7184,1.7639,1.8099,1.8559,1.9019,1.9479,-1.1804,1.9939,2.04,2.086,2.1233,2.154,2.1976,2.2283,2.2534,-1.7376,-1.1804,-1.1702,-1.1675,-1.1697,-1.1804,-1.1804,-1.1804,-1.1804,-1.1804,-1.1804,-1.7223,-1.1804,-1.1804,-1.169,-1.1675,-1.1675,-1.1675,-1.1675,-1.1675,-1.1675,-1.1675,-1.6941,-1.1675,-1.1599,-1.1546,-1.1546,-1.1546,-1.1546,-1.1546,-1.1546,-1.1427,-1.1417,-1.6787,-1.1417,-1.1354,-1.1288,-1.1288,-1.1288,-1.1288,-1.1288,-1.1207,-1.1159,-1.1159,-1.6634,-1.1159,-1.1159,-1.1159,-1.1159,-1.1159,-1.1159,-1.1115,-1.103,-1.0938,-1.0784,-1.6481,-1.0644,-1.0644,-1.0582,-1.0515,-1.0404,-1.038,-1.0226,-1.0128,-1.0048,-0.9895,3.0,5.0
-0.84558,-0.77612,-0.81565,-1.8892,-1.8513,-1.8021,-1.7856,-1.7487,-1.6996,-1.6488,-1.5863,-1.5371,-1.488,-0.80069,-1.4388,-1.4196,-1.3705,-1.3213,-1.2722,-1.223,-1.1739,-1.1247,-1.0634,-1.0414,-0.80069,-0.99221,-0.94306,-0.89391,-0.84476,-0.79561,-0.76142,-0.72655,-0.68701,-0.66603,-0.65283,-0.79542,-0.62825,-0.60367,-0.5791,-0.55452,-0.52852,-0.49041,-0.47152,-0.44126,-0.41668,-0.37714,-0.78573,-0.35257,-0.31303,-0.2286,-0.20403,-0.19441,-0.16984,-0.1573,-0.13565,-0.11242,-0.10146,-0.78573,-0.082492,-0.067268,-0.042692,-0.033079,-0.022642,-0.00768,0.010724,0.022245,0.037208,0.05217,-0.77077,0.06414,0.073754,0.083367,0.10794,0.13252,0.14213,0.16671,0.17632,0.18683,0.21051,-0.77077,0.22012,0.23172,0.24668,0.26165,0.27354,0.28315,0.30653,0.31734,0.3215,0.33646,-0.77077,0.34618,0.3558,0.38037,0.38999,0.41127,0.42418,0.4412,0.45616,0.46798,0.49255,-0.77077,0.51601,0.53748,0.56628,0.59086,0.61543,0.63571,0.64962,0.68916,0.71374,0.75114,-0.77077,-0.77077,0.78533,0.81952,0.85693,0.8879,0.92,0.94132,0.97019,1.0097,1.0343,1.0631,-0.77077,1.0984,1.138,1.1657,1.1893,1.2117,1.2512,1.2875,1.3217,1.3559,1.3944,-0.7558,1.4242,1.4437,1.4681,1.4969,1.5323,1.5568,1.5665,1.591,1.6156,1.6232,-0.7558,1.6348,1.6444,1.6541,1.6786,1.698,1.7128,1.7224,1.732,1.7566,1.7579,-0.7558,1.7759,1.7878,1.7878,1.7897,1.8028,1.8028,1.802,1.7878,1.7729,1.7729,-0.7558,1.7485,1.728,1.728,1.7047,1.6802,1.6556,1.6161,1.6064,1.5819,1.5573,-0.7558,1.5327,1.5081,1.4836,1.4444,1.4102,1.3838,1.3703,1.3308,1.2884,1.2517,-0.75061,1.2121,1.1726,1.1367,1.1145,1.0839,1.0593,1.0198,0.99522,0.95568,0.93111,-0.74084,0.89306,0.86699,0.84518,0.82042,0.79326,0.78365,0.75907,0.74045,0.72548,0.71527,-0.72588,0.69556,0.68108,0.67147,0.66185,0.63728,0.62767,0.61805,0.59348,0.58386,0.57425,-0.77077,-0.71092,0.5609,0.54006,0.51548,0.49091,0.46633,0.44176,0.41718,0.39631,0.38299,0.35842,-0.69719,0.33384,0.30926,0.29157,0.27507,0.26165,0.24668,0.24623,0.22166,0.21204,0.2018,-0.69595,0.17786,0.16824,0.14367,0.13405,0.11202,0.099863,0.075287,0.050711,0.026136,0.00156,-0.69293,-0.008054,-0.03263,-0.052567,-0.066819,-0.076432,-0.082492,-0.082492,-0.082492,-0.080023,-0.06753,-0.68099,-0.060797,-0.051183,-0.037605,-0.022642,-0.007381,0.007283,0.011846,0.022245,0.037208,0.05217,-0.66603,0.05217,0.067133,0.069527,0.082095,0.088754,0.097058,0.10798,0.11202,0.11202,0.12186,-0.64912,0.12698,0.12698,0.12698,0.12698,0.12698,0.12698,0.12698,0.12698,0.12698,0.12575,-0.6361,0.11202,0.11202,0.11202,0.11202,0.11202,0.11202,0.11202,0.11202,0.11202,0.12698,-0.62114,0.12698,0.12698,0.12698,0.12698,0.12698,0.12156,0.11202,0.11202,0.11202,0.11202,-0.60618,0.11202,0.12698,0.13985,0.14195,0.15691,0.15691,0.14195,0.12698,-0.77077,-0.60618,-0.60618,-0.59144,-0.59122,-0.59122,-0.57756,-0.57625,-0.57625,-0.57625,-0.58347,-0.77077,-0.59122,-0.59122,-0.59122,-0.57625,-0.57625,-0.5813,-0.66453,-0.66603,-0.74174,-0.79931,-0.78356,-0.84184,-0.87839,-0.95294,-0.97242,-1.064,-1.1413,-1.1659,-1.1783,-1.2599,-1.3294,-0.78573,-1.3393,-1.4234,-1.4635,-1.5324,-1.5896,-1.6414,-1.7156,-1.7354,-1.76,-1.7733,-0.79201,-1.8181,-1.8637,-1.9395,-1.9876,-2.0703,-2.0875,-2.1661,-2.2444,-2.3568,-2.2344,-0.83062,-2.2098,-2.1782,-2.1457,-2.1324,-2.0965,-2.0714,-2.0324,-2.003,-1.9683,-1.9288,4.0,4.0
2.1065,1.9737,1.6074,-0.040568,-0.063674,-0.08678,-0.10989,-0.1343,-0.16318,-0.19206,-0.22095,-0.24983,-0.27871,1.5727,-0.3076,-0.33648,-0.36928,-0.40394,-0.4386,-0.47326,-0.50792,-0.54258,-0.57724,-0.6119,1.542,-0.64656,-0.68263,-0.72307,-0.76143,-0.79609,-0.83075,-0.86541,-0.90345,-0.94388,-0.98029,1.5131,-1.0149,-1.0449,-1.0738,-1.108,-1.1425,-1.1713,-1.2002,-1.2291,-1.258,-1.2869,1.4842,-1.3136,-1.3367,-1.3598,-1.3829,-1.406,-1.4291,-1.4522,-1.4753,-1.4936,-1.511,1.4553,-1.5283,-1.5453,-1.5568,-1.5684,-1.58,-1.5915,-1.6031,-1.6146,-1.6262,-1.6348,1.4212,-1.6406,-1.6463,-1.6521,-1.6579,-1.6637,-1.6645,-1.6645,-1.6645,-1.6641,-1.6583,1.3866,-1.6525,-1.6468,-1.641,-1.6352,-1.627,-1.6155,-1.6039,-1.5924,-1.5771,-1.5598,1.3519,-1.5425,-1.5251,-1.5078,-1.4905,-1.4731,-1.4553,-1.4322,-1.4091,-1.3859,-1.3647,1.318,-1.3474,-1.3275,-1.3044,-1.2813,-1.2582,-1.2351,-1.212,-1.1889,-1.1658,-1.1478,1.8533,1.2891,-1.1305,-1.1074,-1.0849,-1.0676,-1.049,-1.0258,-1.0047,-0.98737,-0.97004,-0.95271,1.2588,-0.93211,-0.90901,-0.88982,-0.87249,-0.85516,-0.83784,-0.82051,-0.80328,-0.79173,-0.77942,1.2242,-0.76209,-0.74476,-0.72743,-0.71217,-0.70062,-0.68906,-0.67751,-0.66596,-0.6544,-0.64285,1.1916,-0.6313,-0.61974,-0.60819,-0.60198,-0.59598,-0.58443,-0.57375,-0.56797,-0.5622,-0.55642,1.1627,-0.55064,-0.54487,-0.53909,-0.53331,-0.52754,-0.52176,-0.51599,-0.51021,-0.50443,-0.49866,1.1311,-0.49288,-0.48743,-0.48743,-0.48645,-0.48067,-0.47653,-0.47653,-0.47424,-0.46847,-0.46563,1.0964,-0.46563,-0.46203,-0.45626,-0.45048,-0.44471,-0.43893,-0.43315,-0.42182,-0.41026,-0.39871,1.0685,-0.38825,-0.38247,-0.37321,-0.35588,-0.34095,-0.32939,-0.31479,-0.29746,-0.28384,-0.27228,1.0454,-0.25637,-0.23904,-0.22171,-0.20438,-0.18138,-0.15882,-0.14149,-0.12416,-0.10683,-0.087652,1.0183,-0.064546,-0.043947,-0.026617,-0.009288,0.008042,0.025372,0.042701,0.060031,0.07736,0.09469,1.8301,0.98939,0.11202,0.12935,0.14668,0.16401,0.18003,0.19158,0.2051,0.22243,0.23714,0.24869,0.9652,0.26352,0.28085,0.29425,0.3058,0.31736,0.32891,0.34046,0.35202,0.36357,0.37512,0.94209,0.38668,0.39681,0.40259,0.41044,0.42199,0.43082,0.43659,0.44575,0.4573,0.46482,0.91899,0.4706,0.47638,0.48215,0.49327,0.5046,0.51038,0.51703,0.52858,0.54013,0.55169,0.89523,0.56324,0.57479,0.58635,0.5979,0.61294,0.63027,0.6476,0.66493,0.68705,0.71016,0.85479,0.72782,0.7458,0.77468,0.80258,0.82569,0.85043,0.87931,0.91049,0.94514,0.97686,0.81784,1.0057,1.0382,1.0729,1.1075,1.1422,1.1769,1.2115,1.2462,1.2808,1.3155,0.80051,1.3502,1.3848,1.4195,1.4541,1.4888,1.5234,1.5551,1.5839,1.6128,1.6417,0.78471,1.6706,1.6995,1.7284,1.7572,1.7804,1.8036,1.8267,1.8498,1.8729,1.8941,0.77316,1.9115,1.9288,1.9461,1.9603,1.9718,1.9796,1.9854,1.9956,1.807,0.7616,0.75005,0.73,0.70111,0.68967,0.68967,0.6731,0.65,0.64128,0.6355,1.7839,0.62428,0.61305,0.60727,0.60052,0.58896,0.57577,0.55845,0.5434,0.53185,0.5203,1.753,0.50875,0.49719,0.48564,0.47409,0.46253,0.45588,0.45011,0.42766,0.40586,0.40008,1.7068,0.39431,0.38853,0.37926,0.36193,0.3518,0.3518,0.34875,0.34297,0.33719,0.33142,1.6684,0.32564,0.31986,0.3191,0.3191,0.3021,0.28586,0.28008,0.26352,0.20575,0.16281,1.6395,0.15126,0.1372,0.11987,0.10254,0.085207,0.067878,0.050548,0.02875,0.005644,-0.017462,1.0,1.0
-0.63737,-0.66795,-0.66572,-1.7959,-1.878,-1.8854,-1.9145,-1.9696,-1.9772,-1.9443,-1.915,-1.9127,-1.8963,-0.66572,-1.8753,-1.8493,-1.8329,-1.8052,-1.786,-1.7538,-1.721,-1.6882,-1.6554,-1.6226,-0.66572,-1.5897,-1.5577,-1.5383,-1.5055,-1.4727,-1.4399,-1.4071,-1.3742,-1.3273,-1.2945,-0.65154,-1.2617,-1.2199,-1.1819,-1.1491,-1.1163,-1.0834,-1.0506,-1.0178,-0.98502,-0.95221,-0.65154,-0.93357,-0.9037,-0.88213,-0.85672,-0.84032,-0.81204,-0.79334,-0.77477,-0.74636,-0.72995,-0.65154,-0.70469,-0.68297,-0.66657,-0.63599,-0.61959,-0.60318,-0.58678,-0.57037,-0.55397,-0.53756,-0.65154,-0.51833,-0.49058,-0.46688,-0.4436,-0.41544,-0.39662,-0.37816,-0.34964,-0.33324,-0.31683,-0.65154,-0.30043,-0.29724,-0.28307,-0.27956,-0.26316,-0.24675,-0.23035,-0.21394,-0.19754,-0.18113,-0.65154,-0.16473,-0.14833,-0.13192,-0.11552,-0.113,-0.096881,-0.080476,-0.070485,-0.06184,-0.045436,-0.65154,-0.029031,-0.012627,0.003777,0.020182,0.044452,0.067162,0.095897,0.11453,0.14472,0.16598,-0.67989,-0.65154,0.19879,0.2316,0.2644,0.29721,0.31585,0.34866,0.37516,0.39156,0.41874,0.43854,-0.65154,0.46912,0.48882,0.5161,0.54027,0.56308,0.59171,0.61035,0.64064,0.66179,0.68762,-0.65154,0.70402,0.72043,0.73683,0.76741,0.78381,0.80022,0.82506,0.8472,0.8636,0.89418,-0.65154,0.91058,0.93241,0.95757,0.98385,1.0045,1.0211,1.0515,1.0726,1.0985,1.1149,-0.65154,1.1427,1.1619,1.1925,1.2127,1.2455,1.27,1.297,1.317,1.3484,1.3782,-0.65154,1.3999,1.4327,1.4557,1.4841,1.5027,1.5214,1.5497,1.5661,1.5915,1.6131,-0.65154,1.6295,1.66,1.6764,1.6988,1.7234,1.7398,1.7562,1.7726,1.789,1.8055,-0.65154,1.8219,1.8383,1.8428,1.8569,1.8711,1.8755,1.8853,1.8942,1.8994,1.9128,-0.65154,1.9136,1.91,1.8936,1.8772,1.8608,1.8444,1.8131,1.7803,1.7475,1.7147,-0.65154,1.6723,1.5995,1.5596,1.5105,1.4613,1.4121,1.3629,1.3247,1.2786,1.2268,-0.67989,-0.65154,1.1554,1.1226,1.0898,1.0467,1.0225,0.99137,0.95303,0.9024,0.87877,0.85542,-0.65154,0.82732,0.80844,0.74952,0.73311,0.71671,0.69162,0.65882,0.62601,0.60737,0.578,-0.65154,0.56159,0.53729,0.51461,0.48584,0.46763,0.45123,0.43482,0.42554,0.41619,0.39978,-0.64875,0.38338,0.38115,0.36474,0.34834,0.34051,0.34051,0.34051,0.34051,0.34051,0.34051,-0.63737,0.34051,0.35054,0.34242,0.34051,0.34051,0.34051,0.34051,0.33126,0.32634,0.32634,-0.63737,0.32634,0.32233,0.31216,0.31216,0.31216,0.29923,0.29799,0.29477,0.28382,0.28382,-0.63737,0.28382,0.27167,0.26965,0.26965,0.27432,0.28382,0.28382,0.27245,0.26965,0.26965,-0.63737,0.26965,0.26965,0.26965,0.26965,0.26965,0.28382,0.28382,0.28917,0.29799,0.29799,-0.63737,0.29799,0.2981,0.31216,0.30759,0.29799,0.29799,0.29799,0.29799,0.29955,0.31216,-0.63737,0.31216,0.31216,0.31216,0.31216,0.31216,0.31216,0.31216,0.31216,-0.67989,-0.63737,-0.63737,-0.63737,-0.63737,-0.63737,-0.63737,-0.63737,-0.63737,-0.63737,-0.63737,-0.67989,-0.63737,-0.63737,-0.63737,-0.63245,-0.6232,-0.6232,-0.6232,-0.6232,-0.6232,-0.6232,-0.67989,-0.61682,-0.60903,-0.60903,-0.60903,-0.59486,-0.59486,-0.59486,-0.59486,-0.59486,-0.60715,-0.67989,-0.60903,-0.62713,-0.73233,-0.78614,-0.79327,-0.88539,-0.92039,-1.0077,-1.0402,-1.1034,-0.67989,-1.1277,-1.1441,-1.2254,-1.2478,-1.2772,-1.3373,-1.3537,-1.3701,-1.4353,-1.4596,-0.67397,-1.476,-1.4971,-1.5508,-1.5961,-1.6125,-1.6289,-1.6521,-1.7184,-1.7286,-1.737,4.0,4.0
-0.53294,-0.53294,-0.54839,-1.6071,-1.58,-1.549,-1.5181,-1.4871,-1.4575,-1.4369,-1.4097,-1.3788,-1.3478,-0.54839,-1.3169,-1.2845,-1.2433,-1.2086,-1.1776,-1.1467,-1.1157,-1.0848,-1.0539,-1.0229,-0.54839,-0.99195,-0.96101,-0.93006,-0.89911,-0.86816,-0.83721,-0.80788,-0.78725,-0.75982,-0.73053,-0.54839,-0.7099,-0.68243,-0.65318,-0.63255,-0.61191,-0.59128,-0.57065,-0.5431,-0.51393,-0.4933,-0.54839,-0.47266,-0.45203,-0.4314,-0.41776,-0.40559,-0.38495,-0.36432,-0.34369,-0.32306,-0.3095,-0.54839,-0.29725,-0.27661,-0.26309,-0.25277,-0.24246,-0.23214,-0.22183,-0.21151,-0.20119,-0.19293,-0.54839,-0.19293,-0.1857,-0.17538,-0.16507,-0.16201,-0.16201,-0.16201,-0.15471,-0.14656,-0.14656,-0.54839,-0.13922,-0.1311,-0.1311,-0.12372,-0.11341,-0.10309,-0.092776,-0.08246,-0.072143,-0.061827,-0.54839,-0.051511,-0.041194,-0.023382,-0.005107,0.00521,0.02306,0.041297,0.051613,0.069503,0.090135,-0.54839,0.11077,0.1314,0.15203,0.17267,0.1933,0.21393,0.23456,0.26288,0.29128,0.31192,-0.53294,-0.54839,0.33255,0.35318,0.37381,0.39445,0.41771,0.44866,0.4796,0.50789,0.52852,0.557,-0.54839,0.58524,0.60587,0.63439,0.66259,0.68323,0.71178,0.73995,0.76058,0.78917,0.8173,-0.54839,0.83793,0.86656,0.89751,0.92846,0.95137,0.9749,1.0059,1.0287,1.0523,1.0832,-0.55384,1.1061,1.1267,1.1473,1.1761,1.2041,1.2247,1.2535,1.2814,1.302,1.3227,-0.56385,1.3464,1.3774,1.4,1.4207,1.4413,1.4619,1.4826,1.5032,1.5238,1.5445,-0.56385,1.5651,1.5857,1.6031,1.6134,1.6322,1.6495,1.6598,1.6702,1.6771,1.6771,-0.56385,1.6856,1.696,1.7063,1.7081,1.7047,1.6943,1.6926,1.6892,1.6788,1.6771,-0.56385,1.6737,1.6633,1.653,1.6427,1.6324,1.6221,1.6118,1.6015,1.5911,1.5772,-0.56385,1.5566,1.5447,1.5308,1.5102,1.4895,1.4689,1.4483,1.4276,1.4033,1.3723,-0.56385,1.3414,1.3142,1.2935,1.264,1.2293,1.188,1.1557,1.1209,1.0796,1.0474,-0.53294,-0.56385,1.0126,0.97131,0.93004,0.88878,0.84751,0.80625,0.76892,0.73798,0.69791,0.66062,-0.56385,0.62967,0.58957,0.55232,0.52137,0.49962,0.47493,0.44398,0.42227,0.40163,0.381,-0.56385,0.34182,0.31296,0.30264,0.29233,0.28618,0.28618,0.27683,0.27073,0.27073,0.27073,-0.56427,0.27073,0.27073,0.27073,0.27073,0.27073,0.27073,0.27506,0.28537,0.28618,0.28618,-0.57459,0.28618,0.29573,0.30164,0.30164,0.30164,0.30608,0.3164,0.31709,0.31709,0.31709,-0.5793,0.31709,0.31709,0.31709,0.31709,0.31709,0.31709,0.31709,0.3125,0.30218,0.30164,-0.5793,0.30164,0.30164,0.30164,0.30164,0.30164,0.30164,0.30164,0.30164,0.30164,0.30164,-0.5793,0.30164,0.30164,0.30164,0.30164,0.30164,0.30164,0.30164,0.30164,0.30164,0.30164,-0.58494,0.30164,0.30164,0.30164,0.30164,0.30164,0.30164,0.30164,0.30164,0.30164,0.30164,-0.59476,0.30164,0.30164,0.30164,0.30164,0.30164,0.30164,0.30164,0.30164,-0.53294,-0.59476,-0.60044,-0.61292,-0.6645,-0.69893,-0.72188,-0.78377,-0.85143,-0.92055,-0.94118,-0.53294,-0.985,-1.0449,-1.0759,-1.1068,-1.1399,-1.2018,-1.246,-1.277,-1.3079,-1.3566,-0.53294,-1.4162,-1.4471,-1.4959,-1.5562,-1.5975,-1.6268,-1.6483,-1.6792,-1.7222,-1.7711,-0.53294,-1.7918,-1.8124,-1.8367,-1.8986,-1.93,-1.9442,-1.9958,-2.0228,-2.0271,-1.9755,-0.53819,-1.9486,-1.9383,-1.928,-1.9177,-1.9074,-1.897,-1.8805,-1.861,-1.8506,-1.834,-0.54839,-1.8146,-1.8042,-1.7876,-1.767,-1.7463,-1.7257,-1.7051,-1.6844,-1.6574,-1.6277,4.0,4.0
0.35921,0.23956,0.15641,1.576,1.596,1.6098,1.6098,1.6098,1.6098,1.5916,1.5716,1.5517,1.5213,0.15641,1.4814,1.4415,1.3989,1.3391,1.2705,1.1907,1.0961,0.99737,0.9176,0.82363,0.15641,0.70398,0.58432,0.46467,0.34501,0.22536,0.1057,-0.01395,-0.1336,-0.25326,-0.3692,0.15641,-0.46891,-0.56862,-0.66833,-0.76804,-0.86573,-0.9455,-1.0172,-1.077,-1.1368,-1.1963,0.15641,-1.2362,-1.2761,-1.316,-1.3558,-1.3957,-1.3984,-1.4032,-1.4231,-1.4214,-1.4015,0.15641,-1.3815,-1.3616,-1.3416,-1.3126,-1.2727,-1.2176,-1.1578,-1.0979,-1.0307,-0.95091,0.15641,-0.87114,-0.79137,-0.69199,-0.59803,-0.51826,-0.42666,-0.32695,-0.24515,-0.16132,-0.061609,0.15641,0.038103,0.13782,0.23753,0.33724,0.43695,0.53666,0.63638,0.73609,0.83512,0.91489,0.15641,1.0014,1.1011,1.1752,1.235,1.3137,1.3884,1.4483,1.4969,1.5368,1.5767,0.14931,1.6166,1.6565,1.6869,1.7068,1.7112,1.7129,1.7329,1.7373,1.7173,1.6835,0.15641,0.12937,1.6436,1.6237,1.5977,1.5578,1.5057,1.4459,1.3861,1.3219,1.2421,1.1623,0.10942,1.0825,0.98621,0.8865,0.78679,0.68708,0.58737,0.47278,0.35313,0.23347,0.11382,0.08948,-0.005838,-0.11231,-0.21202,-0.331,-0.44525,-0.54496,-0.64467,-0.74438,-0.82652,-0.90629,0.069538,-0.98606,-1.0658,-1.1456,-1.2095,-1.2673,-1.3072,-1.3552,-1.415,-1.4606,-1.5002,0.049595,-1.5201,-1.5465,-1.5864,-1.6137,-1.6337,-1.6536,-1.6688,-1.6688,-1.6688,-1.6688,0.029653,-1.6519,-1.632,-1.612,-1.5921,-1.5722,-1.537,-1.4971,-1.4572,-1.4174,-1.3775,-0.001782,-1.3241,-1.2642,-1.2044,-1.1446,-1.0848,-1.0249,-0.9651,-0.90528,-0.84139,-0.76162,-0.041667,-0.68185,-0.60208,-0.52231,-0.44254,-0.36277,-0.283,-0.20323,-0.12346,-0.043695,0.036075,-0.081552,0.11584,0.19561,0.27538,0.35515,0.43492,0.51469,0.59446,0.67423,0.754,0.81653,-0.12144,0.87636,0.93619,1.0055,1.0853,1.1495,1.2076,1.2475,1.2874,1.3273,1.3671,0.15641,-0.16132,1.407,1.427,1.4469,1.4669,1.4868,1.5067,1.5084,1.5084,1.5084,1.498,-0.21101,1.478,1.4581,1.4381,1.4182,1.3895,1.3496,1.3246,1.3036,1.2637,1.2167,-0.27084,1.1569,1.1103,1.0704,1.0112,0.9514,0.89157,0.83174,0.77192,0.71209,0.65226,-0.33066,0.59244,0.54241,0.50253,0.44675,0.38693,0.3271,0.27538,0.2355,0.19561,0.15573,-0.39252,0.11584,0.07596,0.036075,-0.00381,-0.043695,-0.064989,-0.084932,-0.10487,-0.12482,-0.14476,-0.47229,-0.1647,-0.18464,-0.20459,-0.22453,-0.24447,-0.26441,-0.28436,-0.3043,-0.3168,-0.3168,-0.54395,-0.3168,-0.3168,-0.3168,-0.31106,-0.29112,-0.283,-0.283,-0.283,-0.283,-0.283,-0.60377,-0.283,-0.283,-0.283,-0.283,-0.283,-0.283,-0.283,-0.29754,-0.3168,-0.3168,-0.6778,-0.3168,-0.3168,-0.3168,-0.3168,-0.3168,-0.3168,-0.3168,-0.32796,-0.3479,-0.35061,-0.75757,-0.35061,-0.35061,-0.35061,-0.35061,-0.36615,-0.38441,-0.38441,-0.38441,0.15641,-0.83734,-0.91711,-0.99688,-1.0766,-1.1564,-1.2176,-1.2774,-1.3372,-1.3971,-1.4569,0.15641,-1.4829,-1.5029,-1.5228,-1.5428,-1.5627,-1.5674,-1.5674,-1.5674,-1.56,-1.5401,0.15641,-1.5066,-1.4667,-1.4268,-1.3812,-1.3214,-1.2615,-1.2017,-1.124,-1.0401,-0.94043,0.15641,-0.85086,-0.77109,-0.67509,-0.57538,-0.47567,-0.37596,-0.27624,-0.162,-0.043019,0.056694,0.15641,0.15641,0.25612,0.35583,0.45554,0.53633,0.62117,0.72088,0.80944,0.88921,0.96898,0.15641,1.0454,1.1052,1.1745,1.2543,1.3029,1.3445,1.4043,1.4564,1.4963,1.5362,0.0,0.0
1.586,1.647,1.5895,-1.1379,-1.1659,-1.1889,-1.2119,-1.2449,-1.2679,-1.2909,-1.314,-1.337,-1.36,1.578,-1.3816,-1.3962,-1.4145,-1.426,-1.4376,-1.4587,-1.4705,-1.482,-1.4935,-1.505,1.5665,-1.5166,-1.5281,-1.5396,-1.554,-1.5725,-1.584,-1.5956,-1.6071,-1.6087,-1.6202,1.5549,-1.6273,-1.6273,-1.635,-1.6372,-1.6372,-1.6372,-1.6372,-1.6312,-1.6273,-1.618,1.5434,-1.6164,-1.6075,-1.6033,-1.5917,-1.5802,-1.5687,-1.5572,-1.5457,-1.53,-1.5127,1.5131,-1.4938,-1.4798,-1.4584,-1.4445,-1.4255,-1.4083,-1.3853,-1.3712,-1.3491,-1.326,1.4808,-1.303,-1.28,-1.2569,-1.2339,-1.2108,-1.1878,-1.1648,-1.1417,-1.1258,-1.1055,1.4693,-1.0825,-1.0595,-1.0364,-1.0134,-0.99738,-0.97721,-0.95457,-0.94102,-0.92164,-0.91013,1.4578,-0.89169,-0.8772,-0.86568,-0.85416,-0.84265,-0.83113,-0.81961,-0.81654,-0.80646,-0.79494,1.3955,-0.78342,-0.7719,-0.76038,-0.75722,-0.74723,-0.73572,-0.7242,-0.71268,-0.70778,-0.69953,1.6552,1.3754,-0.6979,-0.68801,-0.68801,-0.68312,-0.67812,-0.66997,-0.66824,-0.65682,-0.64846,-0.64367,1.3409,-0.63215,-0.62063,-0.60911,-0.59759,-0.58607,-0.57925,-0.57292,-0.56141,-0.5403,-0.52848,1.2967,-0.514,-0.49556,-0.47781,-0.46263,-0.45111,-0.42971,-0.41532,-0.39678,-0.38527,-0.37375,1.2737,-0.35284,-0.34082,-0.32654,-0.3079,-0.29638,-0.2772,-0.25416,-0.23997,-0.21076,-0.19494,1.2507,-0.17783,-0.15875,-0.14491,-0.13339,-0.1193,-0.10047,-0.088949,-0.07743,-0.065912,-0.054393,1.1634,-0.042875,-0.035459,-0.029725,-0.018206,-0.006688,-0.005056,0.004089,0.008094,0.013977,0.021244,1.1028,0.023864,0.034393,0.045912,0.057431,0.068949,0.073299,0.082099,0.093617,0.10296,0.10677,1.0503,0.11829,0.12274,0.13144,0.14295,0.15447,0.16599,0.17751,0.18206,0.19066,0.20218,0.96967,0.2137,0.22161,0.22685,0.23837,0.25839,0.27129,0.28281,0.29433,0.30584,0.31736,0.92785,0.32888,0.3404,0.3537,0.37332,0.38989,0.40625,0.41777,0.42929,0.4408,0.45564,1.6552,0.90481,0.47867,0.49513,0.50665,0.52801,0.53958,0.55431,0.5725,0.58402,0.59554,0.62653,0.83006,0.63835,0.64987,0.66139,0.67291,0.68442,0.69594,0.70884,0.72887,0.74038,0.7519,0.78676,0.7476,0.73608,0.72457,0.71596,0.72051,0.73203,0.74355,0.75507,0.76659,0.7781,0.7566,0.78962,0.80114,0.81266,0.82418,0.8357,0.84993,0.86862,0.88014,0.89166,0.91242,0.73356,0.92557,0.94599,0.96176,0.97891,0.99043,1.0019,1.0242,1.0448,1.0563,1.0678,0.67988,1.0941,1.1106,1.1221,1.1361,1.1591,1.1765,1.188,1.2084,1.2209,1.2324,0.64794,1.2439,1.261,1.2769,1.2884,1.3098,1.3213,1.3328,1.3498,1.3657,1.3773,0.58535,1.3888,1.4003,1.4118,1.4233,1.4349,1.4464,1.4575,1.4595,1.471,1.4826,0.55431,1.4941,1.5056,1.5171,1.5286,1.5366,1.5418,1.5533,1.5648,1.5665,1.578,0.50962,1.5895,1.601,1.6125,1.624,1.6356,1.6471,1.6552,1.6502,1.6487,0.46879,0.43388,0.41085,0.39488,0.34757,0.33605,0.3187,0.30313,0.29161,0.25043,1.6454,0.23891,0.22329,0.19452,0.17469,0.16317,0.15165,0.14014,0.11661,0.093074,0.071273,1.6356,0.036717,-0.017613,-0.04762,-0.070855,-0.10586,-0.14323,-0.1717,-0.2244,-0.25397,-0.29633,1.624,-0.30785,-0.32644,-0.36688,-0.38195,-0.40385,-0.45443,-0.4873,-0.51701,-0.52853,-0.58949,1.6125,-0.59903,-0.6279,-0.68336,-0.69488,-0.7064,-0.72781,-0.7412,-0.76424,-0.78728,-0.81031,1.601,-0.83335,-0.85654,-0.88931,-0.91576,-0.95032,-0.9782,-1.0095,-1.0441,-1.0787,-1.1099,1.0,1.0
-0.77905,-0.77905,-0.73939,-1.821,-1.8564,-1.9142,-1.9024,-1.8907,-1.879,-1.8672,-1.8555,-1.8437,-1.832,-0.73239,-1.8202,-1.8085,-1.7968,-1.785,-1.7733,-1.7615,-1.7408,-1.7225,-1.7094,-1.6859,-0.73239,-1.6624,-1.6389,-1.6154,-1.5919,-1.5685,-1.545,-1.5195,-1.4842,-1.459,-1.4293,-0.73239,-1.3941,-1.3589,-1.3237,-1.2884,-1.2532,-1.218,-1.1722,-1.132,-1.0938,-1.0469,-0.73239,-1.0108,-0.96847,-0.92477,-0.88954,-0.84312,-0.80354,-0.76474,-0.71777,-0.67081,-0.63154,-0.73239,-0.59243,-0.54554,-0.51031,-0.47509,-0.43986,-0.40464,-0.36941,-0.34251,-0.31451,-0.27999,-0.73115,-0.25651,-0.23302,-0.20954,-0.18606,-0.16257,-0.13909,-0.11561,-0.093446,-0.081704,-0.060709,-0.71941,-0.042669,-0.030927,-0.019186,-0.007444,-0.001457,0.000487,0.012229,0.023971,0.035712,0.047454,-0.71684,0.059196,0.070937,0.082679,0.09442,0.10616,0.1179,0.12965,0.14139,0.15313,0.16487,-0.71684,0.17661,0.19154,0.21502,0.22739,0.24644,0.26642,0.27817,0.30134,0.32482,0.34449,-0.77112,-0.71684,0.35624,0.37972,0.4032,0.42669,0.45017,0.47365,0.49713,0.52505,0.55965,0.58314,-0.71684,0.60662,0.63485,0.67007,0.7053,0.73166,0.76019,0.79542,0.83064,0.85669,0.88554,-0.71684,0.91921,0.94269,0.96618,0.99534,1.0306,1.0658,1.0912,1.1207,1.1537,1.1772,-0.71684,1.2108,1.2397,1.2632,1.2867,1.3102,1.3337,1.3572,1.3806,1.3934,1.412,-0.71684,1.4355,1.459,1.4715,1.4904,1.5139,1.5374,1.5609,1.5768,1.5923,1.6158,-0.71684,1.6276,1.6472,1.6666,1.6784,1.6901,1.7019,1.7136,1.7253,1.7371,1.7488,-0.71684,1.7606,1.7715,1.7715,1.7802,1.792,1.8026,1.8026,1.7935,1.7764,1.7544,-0.71684,1.7427,1.7309,1.7192,1.7075,1.6957,1.684,1.6722,1.6605,1.6487,1.627,-0.71684,1.6035,1.58,1.5565,1.533,1.5096,1.4834,1.4481,1.4236,1.3932,1.358,-0.71684,1.3228,1.2766,1.2368,1.2016,1.1663,1.1198,1.0729,1.0296,0.99433,0.94752,-0.7635,-0.71684,0.90055,0.85755,0.82232,0.7871,0.74379,0.7011,0.66634,0.64286,0.61097,0.58034,-0.71684,0.55685,0.53337,0.50989,0.4864,0.46401,0.45227,0.43151,0.41323,0.40149,0.38975,-0.71684,0.37801,0.36627,0.35452,0.34278,0.34068,0.33485,0.32513,0.32513,0.32513,0.31899,-0.71684,0.30958,0.30958,0.30958,0.30958,0.30958,0.30958,0.30958,0.30958,0.30958,0.30958,-0.71684,0.30958,0.3025,0.29403,0.29403,0.29403,0.29403,0.29403,0.29403,0.29403,0.29403,-0.71684,0.29014,0.27848,0.27848,0.27848,0.27848,0.27809,0.26635,0.26292,0.26292,0.26292,-0.71684,0.26292,0.25429,0.24737,0.24737,0.24737,0.24737,0.24224,0.23182,0.23182,0.23182,-0.71684,0.22638,0.21627,0.21627,0.21627,0.21627,0.21627,0.21627,0.21627,0.21627,0.21627,-0.71684,0.21627,0.21627,0.21627,0.21627,0.21627,0.21627,0.21627,0.21627,0.21627,0.21627,-0.71684,0.21627,0.21627,0.21627,0.21627,0.22358,0.23532,0.24706,0.2588,-0.7635,-0.71684,-0.71684,-0.71684,-0.71684,-0.72026,-0.732,-0.73239,-0.73239,-0.73239,-0.73239,-0.7635,-0.73239,-0.73239,-0.73239,-0.73239,-0.73239,-0.73239,-0.73239,-0.73239,-0.73239,-0.73239,-0.75525,-0.73239,-0.73239,-0.73239,-0.73239,-0.73239,-0.73239,-0.73239,-0.73239,-0.73239,-0.73239,-0.74794,-0.73239,-0.73239,-0.74919,-0.78441,-0.81964,-0.83542,-0.84716,-0.86101,-0.88449,-0.89794,-0.74794,-0.93457,-0.99568,-1.0661,-1.0952,-1.1514,-1.2199,-1.2434,-1.3095,-1.3594,-1.3916,-0.74794,-1.4151,-1.4825,-1.5458,-1.5944,-1.6179,-1.6414,-1.6723,-1.7149,-1.7736,-1.7975,4.0,4.0
-2.1685,-1.8801,-1.6146,-1.1241,-1.1042,-1.0811,-1.0533,-1.0326,-1.0027,-0.98257,-0.95419,-0.92436,-0.89453,-1.5942,-0.86469,-0.83103,-0.79392,-0.76409,-0.73393,-0.69415,-0.66349,-0.63366,-0.59705,-0.56288,-1.5661,-0.53305,-0.50322,-0.47339,-0.44356,-0.41373,-0.3839,-0.35407,-0.32424,-0.30063,-0.28074,-1.5363,-0.25696,-0.22985,-0.21152,-0.20119,-0.1813,-0.17058,-0.15264,-0.13958,-0.12964,-0.12419,-1.5123,-0.12086,-0.11308,-0.11208,-0.10214,-0.10197,-0.10197,-0.10197,-0.10197,-0.10197,-0.10592,-1.4877,-0.11308,-0.11308,-0.11353,-0.12347,-0.14264,-0.15447,-0.16441,-0.17436,-0.20252,-0.23869,-1.4579,-0.25085,-0.26968,-0.27963,-0.34857,-0.36618,-0.37612,-0.37973,-0.3849,-0.39484,-0.40478,-1.4304,-0.41473,-0.42417,-0.42417,-0.43345,-0.43528,-0.43528,-0.43528,-0.43528,-0.43528,-0.43528,-1.4093,-0.43417,-0.42423,-0.42417,-0.41545,-0.41306,-0.40667,-0.39673,-0.38679,-0.37684,-0.3669,-1.3795,-0.35695,-0.34701,-0.32773,-0.31601,-0.25007,-0.20141,-0.18152,-0.16164,-0.13942,-0.11075,-1.8287,-1.3597,-0.090864,-0.061032,-0.039978,-0.012481,0.017351,0.047182,0.072902,0.095734,0.12556,0.1554,-1.3309,0.18523,0.21506,0.24489,0.27472,0.30455,0.33438,0.36421,0.39404,0.42388,0.45365,-1.3011,0.47354,0.50226,0.52442,0.55081,0.57531,0.59103,0.60397,0.62203,0.63264,0.65253,-1.2778,0.65353,0.6618,0.66464,0.67058,0.67575,0.67214,0.66464,0.66464,0.66441,0.64453,-1.2526,0.63353,0.61586,0.60253,0.59259,0.57842,0.56159,0.55164,0.53953,0.49976,0.47898,-1.2269,0.4341,0.40588,0.36199,0.32649,0.31288,0.293,0.27311,0.25339,0.24344,0.2335,-1.207,0.22356,0.21361,0.20367,0.19373,0.18378,0.17384,0.1639,0.15395,0.15356,0.15356,-1.1853,0.14634,0.14245,0.14245,0.14245,0.14245,0.14245,0.14245,0.14245,0.15145,0.15356,-1.1561,0.16023,0.16467,0.16901,0.17895,0.18889,0.19884,0.20878,0.21872,0.22867,0.23861,-1.1362,0.24856,0.2585,0.26844,0.281,0.29944,0.30966,0.32955,0.43999,0.48043,0.50704,-1.8012,-1.1163,0.53687,0.5667,0.59653,0.62431,0.64508,0.67491,0.70474,0.73457,0.76441,0.78807,-1.0965,0.81296,0.84279,0.86995,0.89134,0.92117,0.951,0.97172,0.99161,1.0183,1.0425,-1.0766,1.0624,1.0823,1.1,1.11,1.1199,1.1396,1.1509,1.1535,1.1597,1.1697,-1.0626,1.1757,1.1784,1.1868,1.1868,1.1868,1.1868,1.1868,1.1868,1.1925,1.1979,-1.0479,1.1979,1.1979,1.1979,1.1979,1.1979,1.2065,1.2165,1.2264,1.2364,1.2463,-1.0316,1.2563,1.2662,1.2761,1.2861,1.3053,1.3171,1.3339,1.3481,1.3626,1.3825,-1.0217,1.4024,1.4222,1.4421,1.462,1.4819,1.5093,1.5328,1.5527,1.5766,1.6036,-1.0105,1.6251,1.6545,1.6743,1.7035,1.7252,1.7521,1.7761,1.796,1.8193,1.8469,-0.99069,1.8657,1.8756,1.8954,1.9153,1.9277,1.944,1.9587,1.9686,1.9785,1.9885,-0.98074,1.9984,2.0084,2.009,2.0171,2.0271,2.037,2.047,2.0569,-1.7778,-0.9708,-0.96858,-0.96202,-0.95747,-0.95324,-0.94636,-0.94636,-0.94636,-0.94636,-0.94636,-1.7527,-0.95469,-0.95747,-0.95747,-0.9768,-1.0056,-1.028,-1.081,-1.091,-1.1009,-1.1108,-1.7229,-1.1441,-1.1641,-1.174,-1.1882,-1.205,-1.2149,-1.2249,-1.2348,-1.2448,-1.2547,-1.696,-1.2574,-1.2635,-1.2734,-1.2834,-1.2908,-1.2922,-1.3019,-1.3019,-1.3019,-1.3019,-1.6743,-1.3086,-1.313,-1.313,-1.3098,-1.3019,-1.3019,-1.3019,-1.2827,-1.2797,-1.2724,-1.6445,-1.2624,-1.2525,-1.2426,-1.2326,-1.2212,-1.2016,-1.1917,-1.1727,-1.1607,-1.144,5.0,5.0
-2.2254,-2.0984,-1.9441,-0.68921,-0.67485,-0.673,-0.65864,-0.64428,-0.63602,-0.62808,-0.61372,-0.61099,-0.59848,-1.922,-0.59566,-0.5813,-0.57345,-0.5651,-0.55073,-0.54842,-0.53453,-0.52017,-0.50581,-0.49836,-1.9029,-0.4896,-0.47524,-0.46088,-0.45903,-0.44467,-0.43579,-0.42847,-0.4141,-0.41076,-0.3979,-1.8885,-0.38573,-0.38169,-0.37321,-0.36548,-0.3607,-0.34928,-0.34743,-0.33567,-0.33567,-0.32938,-1.8617,-0.32315,-0.32315,-0.32315,-0.31064,-0.31064,-0.31064,-0.30394,-0.29812,-0.29812,-0.29812,-1.8446,-0.29656,-0.28561,-0.28561,-0.28561,-0.28561,-0.2964,-0.29812,-0.29812,-0.29431,-0.28561,-1.8159,-0.28561,-0.28561,-0.28561,-0.28508,-0.27309,-0.27309,-0.26702,-0.26058,-0.25082,-0.24807,-1.7935,-0.23555,-0.23277,-0.22304,-0.21656,-0.21052,-0.20035,-0.19801,-0.19666,-0.1823,-0.17298,-1.771,-0.16609,-0.16046,-0.14989,-0.13553,-0.13368,-0.11932,-0.1104,-0.10311,-0.097888,-0.086906,-1.7423,-0.08506,-0.072858,-0.068854,-0.060344,-0.052647,-0.047829,-0.036441,-0.035314,-0.032749,-0.022799,-2.084,-1.7254,-0.016542,-0.010285,-0.000335,0.00223,0.015871,0.02726,0.032078,0.046438,0.052289,0.052289,-1.6973,0.064491,0.066337,0.077319,0.082544,0.096904,0.10235,0.11311,0.12738,0.12932,0.14368,-1.6717,0.15804,0.16492,0.17425,0.17744,0.19045,0.20247,0.20666,0.22102,0.2275,0.23723,-1.6524,0.25159,0.26504,0.26779,0.28215,0.29651,0.31088,0.3151,0.32708,0.34144,0.3558,-1.6304,0.37016,0.37767,0.38637,0.40073,0.41509,0.42773,0.4313,0.44566,0.46002,0.46528,-1.6075,0.47623,0.49031,0.49243,0.50282,0.50864,0.51534,0.52485,0.52785,0.54036,0.5429,-1.5892,0.55288,0.55288,0.56095,0.56539,0.57716,0.579,0.59042,0.59521,0.60957,0.61545,-1.5626,0.62578,0.62797,0.64198,0.653,0.65819,0.66551,0.6744,0.68876,0.70312,0.71748,-1.5355,0.72809,0.72809,0.73553,0.7406,0.7406,0.74107,0.75312,0.75312,0.75912,0.76563,-1.5176,0.76563,0.77718,0.77815,0.78087,0.79066,0.79066,0.79892,0.80317,0.80317,0.80446,-2.0697,-1.4942,0.81569,0.81569,0.81569,0.82436,0.8282,0.8282,0.8282,0.83174,0.84072,0.84072,-1.4727,0.84979,0.85323,0.86575,0.86784,0.87826,0.88405,0.89078,0.90026,0.90329,0.90395,-1.453,0.91581,0.91581,0.91581,0.92385,0.92832,0.92832,0.94084,0.94375,0.95335,0.95335,-1.4278,0.9618,0.96587,0.96587,0.97838,0.9817,0.9909,0.9909,0.99975,1.0034,1.0034,-1.4118,1.0159,1.0196,1.0284,1.0359,1.041,1.0521,1.0539,1.066,1.0701,1.0785,-1.3974,1.0785,1.0785,1.09,1.091,1.0937,1.1035,1.1035,1.1118,1.116,1.128,-1.383,1.1298,1.1411,1.146,1.1604,1.1747,1.1891,1.1911,1.207,1.2322,1.2465,-1.3687,1.2609,1.2843,1.313,1.3292,1.358,1.3867,1.4154,1.4441,1.4823,1.5141,-1.3543,1.5685,1.614,1.6714,1.7289,1.7863,1.8536,1.9254,1.9847,2.0565,2.1283,-1.3399,2.1936,2.251,2.3085,2.3659,2.4233,2.4775,2.5206,2.5637,-2.0553,-1.3256,-1.3112,-1.2969,-1.2911,-1.2993,-1.2833,-1.2743,-1.2626,-1.2618,-1.2618,-2.0317,-1.2571,-1.2492,-1.2492,-1.239,-1.2367,-1.2242,-1.221,-1.2066,-1.1992,-1.1904,-2.0141,-1.176,-1.1617,-1.1473,-1.133,-1.1186,-1.1042,-1.0899,-1.0755,-1.0615,-1.0593,-1.9997,-1.0449,-1.0306,-1.0162,-1.0115,-1.0,-0.98565,-0.97129,-0.95693,-0.94889,-0.94073,-1.9831,-0.92637,-0.912,-0.89764,-0.88328,-0.86892,-0.85456,-0.8402,-0.82584,-0.81148,-0.79871,-1.9585,-0.79527,-0.78091,-0.76655,-0.76117,-0.75035,-0.73598,-0.72363,-0.71978,-0.70542,-0.6986,3.0,5.0
-0.81482,-0.83987,-0.84673,-1.8041,-1.779,-1.7551,-1.7426,-1.7096,-1.6788,-1.6538,-1.6287,-1.5912,-1.5627,-0.83659,-1.532,-1.4945,-1.4569,-1.4193,-1.3817,-1.3442,-1.3056,-1.2555,-1.2155,-1.1779,-0.83077,-1.1403,-1.1027,-1.0529,-1.0116,-0.97406,-0.93648,-0.8989,-0.85024,-0.80779,-0.77022,-0.83077,-0.73264,-0.69507,-0.65749,-0.61991,-0.58234,-0.54476,-0.51931,-0.48557,-0.45325,-0.4282,-0.83077,-0.40315,-0.3781,-0.35305,-0.33207,-0.31891,-0.29385,-0.27854,-0.26601,-0.25061,-0.22556,-0.83077,-0.21248,-0.19995,-0.18743,-0.1749,-0.16238,-0.14985,-0.13733,-0.1248,-0.11228,-0.099751,-0.82184,-0.087226,-0.074701,-0.062175,-0.04965,-0.037124,-0.024599,-0.012074,0.000452,0.012977,0.025503,-0.81482,0.038028,0.050553,0.063398,0.088449,0.10409,0.11661,0.13169,0.15674,0.17014,0.19089,-0.81482,0.21115,0.22503,0.25008,0.27513,0.30018,0.32164,0.33433,0.35938,0.38443,0.40948,-0.81482,0.43453,0.45958,0.48463,0.50968,0.53474,0.55979,0.58484,0.62018,0.65089,0.67595,-0.84673,-0.81482,0.701,0.73857,0.76705,0.7921,0.81939,0.85696,0.89454,0.92422,0.95374,0.99028,-0.80708,1.0153,1.0505,1.0881,1.1224,1.1474,1.1849,1.2135,1.2441,1.2796,1.3046,-0.79886,1.3408,1.3707,1.3957,1.4208,1.4458,1.4709,1.4959,1.521,1.546,1.5711,-0.79798,1.5961,1.6212,1.6443,1.6568,1.6804,1.6978,1.7104,1.7229,1.7354,1.7479,-0.78546,1.7605,1.773,1.7855,1.798,1.802,1.8071,1.8179,1.8179,1.8288,1.8339,-0.7829,1.8339,1.8339,1.8339,1.8242,1.8179,1.8151,1.8026,1.7901,1.786,1.781,-0.7829,1.7684,1.7559,1.7327,1.7149,1.6986,1.6735,1.6485,1.6234,1.5984,1.5733,-0.77979,1.5483,1.5115,1.4739,1.4363,1.3987,1.3612,1.3131,1.2701,1.2288,1.1787,-0.76727,1.1286,1.0878,1.0444,0.99427,0.94416,0.89406,0.8521,0.80982,0.76099,0.72341,-0.76695,0.68584,0.64132,0.59824,0.57311,0.53553,0.49796,0.46612,0.44107,0.41602,0.39097,-0.84673,-0.76695,0.36592,0.34087,0.31694,0.30441,0.29189,0.27936,0.26684,0.25431,0.24178,0.22926,-0.76695,0.21673,0.20205,0.177,0.15195,0.13472,0.1222,0.11063,0.11063,0.11063,0.11063,-0.76503,0.11063,0.11063,0.11063,0.11063,0.11063,0.11063,0.11063,0.11063,0.11063,0.11063,-0.75251,0.11063,0.11063,0.11063,0.11063,0.11063,0.11063,0.12275,0.12658,0.12658,0.12658,-0.75099,0.12658,0.12658,0.13408,0.14254,0.14254,0.14254,0.14254,0.14254,0.14254,0.14254,-0.75099,0.14254,0.14254,0.14254,0.14254,0.14254,0.14254,0.14254,0.14254,0.14254,0.14254,-0.74684,0.13297,0.12658,0.12658,0.12658,0.12658,0.12658,0.12658,0.12658,0.12658,0.12658,-0.73504,0.12658,0.12658,0.12658,0.12658,0.136,0.14254,0.14254,0.14254,0.14254,0.14254,-0.73504,0.14254,0.1439,0.15642,0.16895,0.17445,0.17445,0.17461,0.18714,0.19041,0.19041,-0.72522,0.1928,0.20533,0.20636,0.20636,0.21099,0.22232,0.22232,0.23261,-0.84673,-0.71908,-0.71908,-0.71908,-0.70703,-0.70312,-0.70312,-0.70137,-0.68884,-0.68717,-0.68717,-0.84673,-0.68717,-0.68717,-0.68717,-0.67751,-0.67121,-0.67121,-0.67121,-0.67121,-0.67967,-0.70727,-0.84673,-0.76057,-0.83572,-0.90018,-0.94103,-0.96608,-0.99272,-1.0679,-1.1051,-1.1544,-1.219,-0.84673,-1.244,-1.2808,-1.3101,-1.3497,-1.4081,-1.4331,-1.4582,-1.5045,-1.5561,-1.5812,-0.84673,-1.6062,-1.6406,-1.6723,-1.7072,-1.7824,-1.8113,-1.8607,-1.9234,-1.9809,-1.9934,-0.84673,-1.9748,-1.9567,-1.9442,-1.9316,-1.9191,-1.9066,-1.8883,-1.8656,-1.8531,-1.8291,4.0,4.0
-2.2837,-1.9934,-1.6042,-0.82633,-0.82026,-0.81476,-0.80811,-0.8032,-0.79597,-0.79163,-0.78382,-0.78007,-0.78007,-1.5686,-0.77139,-0.7685,-0.7685,-0.7685,-0.7685,-0.75838,-0.75693,-0.75693,-0.75693,-0.74566,-1.5365,-0.74537,-0.74508,-0.7338,-0.73293,-0.72223,-0.72079,-0.71067,-0.70864,-0.6991,-0.6991,-1.5128,-0.69621,-0.68753,-0.68406,-0.67597,-0.67192,-0.6644,-0.65978,-0.65284,-0.64763,-0.63578,-1.4891,-0.62392,-0.61814,-0.61178,-0.59992,-0.58806,-0.56898,-0.55279,-0.54093,-0.52908,-0.51722,-1.4697,-0.50537,-0.49351,-0.48165,-0.4698,-0.45794,-0.44609,-0.43423,-0.42238,-0.39953,-0.3871,-1.4579,-0.37524,-0.36339,-0.35153,-0.33968,-0.32782,-0.31597,-0.30585,-0.30382,-0.29197,-0.28011,-1.446,-0.26826,-0.2564,-0.24455,-0.23645,-0.2324,-0.22055,-0.20869,-0.19683,-0.18498,-0.17312,-1.4341,-0.16705,-0.16098,-0.15549,-0.14883,-0.13698,-0.13235,-0.12483,-0.12079,-0.11269,-0.10083,-1.4278,-0.088979,-0.077124,-0.056015,-0.041846,-0.029991,-0.008015,0.005286,0.02784,0.040563,0.063696,-1.9465,-1.422,0.075841,0.099262,0.1117,0.13454,0.14755,0.16982,0.18341,0.20509,0.21695,0.2288,-1.4162,0.24355,0.26408,0.27594,0.28403,0.28808,0.29994,0.31179,0.32365,0.3303,0.33579,-1.4162,0.34765,0.35343,0.35979,0.365,0.37194,0.38379,0.38813,0.38813,0.39623,0.3997,-1.4229,0.3997,0.3997,0.40895,0.41126,0.41126,0.41126,0.42167,0.42283,0.42283,0.42283,-1.4278,0.42283,0.42283,0.42283,0.4237,0.4344,0.4344,0.4344,0.4344,0.43671,0.44596,-1.4278,0.44596,0.44596,0.44596,0.44596,0.45001,0.45753,0.45753,0.45753,0.45753,0.45753,-1.4278,0.45753,0.45753,0.46389,0.46909,0.47603,0.48066,0.48818,0.50003,0.50379,0.51218,-1.4278,0.52403,0.53589,0.53849,0.54803,0.55989,0.56162,0.57203,0.58389,0.58476,0.59603,-1.4278,0.59632,0.60818,0.61946,0.61946,0.62061,0.63102,0.63276,0.64259,0.64259,0.64259,-1.4194,0.64548,0.65734,0.66572,0.66948,0.67729,0.68163,0.69348,0.70042,0.70563,0.71748,-1.9101,-1.4162,0.72355,0.72963,0.74148,0.75334,0.76519,0.77705,0.7889,0.80076,0.81261,0.82447,-1.4162,0.83632,0.84818,0.86929,0.88346,0.90514,0.91873,0.941,0.95401,0.97685,0.98929,-1.407,1.0127,1.0246,1.037,1.0598,1.0717,1.0836,1.0954,1.1073,1.1191,1.131,-1.4046,1.1399,1.1431,1.155,1.1668,1.1746,1.179,1.1908,1.1978,1.203,1.2093,-1.3948,1.2151,1.2209,1.2273,1.2325,1.2394,1.2513,1.2556,1.2634,1.2672,1.2756,-1.383,1.2874,1.2993,1.3111,1.323,1.3348,1.3467,1.369,1.382,1.3938,1.4057,-1.3815,1.406,1.4178,1.4297,1.4407,1.4418,1.4537,1.4638,1.4658,1.4754,1.478,-1.3708,1.4869,1.4869,1.4869,1.4907,1.4985,1.5028,1.5101,1.5199,1.5384,1.5557,-1.359,1.5795,1.6032,1.6269,1.6572,1.6928,1.7211,1.7599,1.7995,1.8351,1.8706,-1.3584,1.9062,1.9328,1.9658,1.9918,2.0253,2.0508,2.0745,2.0982,-1.8627,-1.3468,-1.3352,-1.3347,-1.3237,-1.3225,-1.3107,-1.2988,-1.287,-1.2751,-1.2632,-1.8152,-1.2514,-1.2364,-1.2161,-1.2043,-1.1884,-1.169,-1.1571,-1.1453,-1.1334,-1.1216,-1.7696,-1.1097,-1.0978,-1.086,-1.0741,-1.0623,-1.0577,-1.0577,-1.0577,-1.0577,-1.0577,-1.732,-1.0577,-1.0577,-1.0484,-1.0461,-1.0461,-1.036,-1.0345,-1.0238,-1.023,-1.0117,-1.6845,-0.99982,-0.98797,-0.97611,-0.96513,-0.96397,-0.95211,-0.94026,-0.9284,-0.91886,-0.91626,-1.6397,-0.9044,-0.89255,-0.88416,-0.8804,-0.86855,-0.86103,-0.8564,-0.84455,-0.8379,-0.8324,3.0,5.0
1.0206,0.9535,0.85283,0.13136,0.23354,0.33572,0.4379,0.57364,0.67582,0.81156,0.91374,1.0495,1.1517,0.85283,1.2874,1.3896,1.4582,1.5589,1.629,1.6976,1.7793,1.8304,1.8815,1.9326,0.81928,1.9837,2.0012,2.0273,2.0273,2.0273,1.9413,1.6298,1.4855,1.2085,1.0873,0.81928,0.92498,0.85636,0.75418,0.66852,0.57331,-0.22601,-0.35923,-0.44187,-0.53004,-0.63222,0.81928,-0.70084,-0.80302,-0.89866,-0.97382,-1.0344,-1.0855,-1.1366,-1.1877,-1.2277,-1.2563,0.81928,-1.2738,-1.2948,-1.3283,-1.36,-1.3619,-1.3619,-1.3619,-1.3619,-1.3433,-1.3283,0.81928,-1.3283,-1.2948,-1.2948,-1.2892,-1.2612,-1.2277,-1.203,-1.1855,-1.1344,-1.0833,0.81928,-1.0322,-0.96946,-0.89647,-0.83221,-0.76074,-0.66141,-0.59144,-0.49061,-0.38843,-0.28625,0.85283,-0.18407,-0.081887,0.020292,0.12247,0.22465,0.32683,0.42901,0.53119,0.63337,0.73555,0.85283,0.83773,0.93991,1.0314,1.1107,1.2006,1.2517,1.3364,1.3875,1.4386,1.4897,0.91994,0.85283,1.5407,1.5918,1.6429,1.6917,1.7115,1.7626,1.7924,1.826,1.8488,1.8595,0.85283,1.6162,1.4738,1.3975,1.3366,1.2617,1.1771,1.0971,1.0413,0.95988,0.9056,0.85283,0.85451,0.73815,0.65166,0.54965,0.44881,0.37884,0.26173,-0.34203,-0.42668,-0.49967,0.85283,-0.56242,-0.61351,-0.69815,-0.74924,-0.80033,-0.87785,-0.93607,-0.98716,-1.0383,-1.0599,0.85283,-1.0935,-1.1244,-1.1419,-1.1606,-1.2106,-1.2281,-1.2612,-1.2948,-1.3143,-1.3283,0.88639,-1.3283,-1.3283,-1.3283,-1.2948,-1.2708,-1.2612,-1.2357,-1.2182,-1.1671,-1.116,0.88639,-1.0935,-1.0138,-0.96275,-0.91166,-0.86057,-0.80948,-0.72534,-0.67374,-0.5891,-0.51947,0.88639,-0.41729,-0.31511,-0.21293,-0.11075,-0.008566,0.093614,0.22935,0.33153,0.43371,0.53589,0.88639,0.63807,0.74025,0.80887,0.88194,0.96659,1.0483,1.1169,1.2191,1.2716,1.3227,0.88639,1.3738,1.4249,1.4569,1.4935,1.524,1.5575,1.5797,1.5911,1.3308,1.1808,0.91994,0.88639,1.0793,1.0115,0.9337,0.82087,0.69579,0.60284,0.48757,0.35569,0.28472,0.15133,0.91994,-0.016284,-0.30378,-0.59144,-0.69362,-0.82936,-0.91183,-0.96661,-1.0476,-1.0987,-1.1497,0.91994,-1.2008,-1.2519,-1.303,-1.3541,-1.3716,-1.4227,-1.4403,-1.4626,-1.4626,-1.4626,0.91994,-1.4626,-1.4626,-1.4626,-1.4626,-1.4626,-1.4626,-1.4438,-1.4262,-1.3955,-1.3576,0.91994,-1.3065,-1.2554,-1.2044,-1.1533,-1.1022,-1.0175,-0.96644,-0.91535,-0.86426,-0.81317,0.91994,-0.76208,-0.67743,-0.62634,-0.57525,-0.49178,-0.43952,-0.38843,-0.33734,-0.28625,-0.23516,0.91994,-0.18407,-0.13298,-0.081887,-0.030797,0.020292,0.071382,0.12247,0.17356,0.22465,0.27574,0.9311,0.32683,0.37792,0.4166,0.4166,0.40267,0.38304,0.38304,0.38304,0.38304,0.34948,0.92481,0.34948,0.34705,0.31593,0.31593,0.29445,0.28237,0.28237,0.24881,0.22432,0.21526,0.87372,0.21526,0.1817,0.1817,0.1817,0.1817,0.1947,0.21526,0.21526,0.88639,0.82263,0.77154,0.72045,0.66936,0.61827,0.54998,0.48253,0.43144,0.37767,0.29571,0.88639,0.21106,0.13824,0.075325,0.000997,-0.060411,-0.13625,-0.20487,-0.28079,-0.37568,-0.45009,0.88639,-0.53473,-0.58582,-0.63691,-0.688,-0.75386,-0.82374,-0.87483,-0.95948,-1.0106,-1.0617,0.88639,-1.0935,-1.127,-1.1478,-1.1653,-1.1941,-1.1941,-1.1941,-1.2277,-1.2277,-1.2277,0.88035,-1.2008,-1.1941,-1.1658,-1.1147,-1.0636,-1.0125,-0.96141,-0.91032,-0.82634,-0.77458,0.85283,-0.72349,-0.65403,-0.58775,-0.51678,-0.41846,-0.34598,-0.2438,-0.14162,-0.046317,0.029185,2.0,2.0
2.1047,1.9497,1.5479,-0.42706,-0.45402,-0.48098,-0.50794,-0.5349,-0.56186,-0.58882,-0.61577,-0.64273,-0.66969,1.5113,-0.69665,-0.72361,-0.75526,-0.78895,-0.81621,-0.84316,-0.87012,-0.89708,-0.92404,-0.951,1.4776,-0.97796,-1.0049,-1.0319,-1.0588,-1.0858,-1.1127,-1.1397,-1.1664,-1.1866,-1.2089,1.4383,-1.2358,-1.259,-1.2792,-1.2994,-1.3196,-1.3398,-1.3601,-1.3803,-1.3964,-1.4099,1.3985,-1.4292,-1.4486,-1.462,-1.4755,-1.489,-1.5025,-1.516,-1.5294,-1.5417,-1.5485,1.3648,-1.5581,-1.5716,-1.5804,-1.5872,-1.5875,-1.5889,-1.5957,-1.6024,-1.6091,-1.6109,1.3311,-1.6109,-1.6042,-1.5974,-1.5907,-1.5875,-1.5875,-1.5822,-1.5754,-1.5687,-1.562,1.2974,-1.5552,-1.5447,-1.5312,-1.5233,-1.516,-1.5025,-1.489,-1.4755,-1.462,-1.4486,1.2637,-1.4351,-1.4216,-1.4081,-1.392,-1.3718,-1.356,-1.3425,-1.3228,-1.3026,-1.2824,1.23,-1.2622,-1.242,-1.2218,-1.2015,-1.1813,-1.1611,-1.1409,-1.1207,-1.1004,-1.0752,1.8281,1.2022,-1.0483,-1.0281,-1.0078,-0.98763,-0.96389,-0.93693,-0.91525,-0.89503,-0.87481,-0.85254,1.1743,-0.82558,-0.80243,-0.78221,-0.75643,-0.73006,-0.70984,-0.68727,-0.66031,-0.63746,-0.61724,1.1406,-0.59702,-0.5768,-0.55658,-0.53636,-0.51615,-0.49593,-0.47571,-0.45549,-0.43644,-0.42296,1.1096,-0.40948,-0.396,-0.37784,-0.35762,-0.34385,-0.33037,-0.31689,-0.30663,-0.29989,-0.28817,1.0826,-0.27469,-0.26121,-0.24949,-0.24275,-0.23601,-0.22927,-0.22253,-0.21579,-0.20905,-0.20231,1.0381,-0.19557,-0.18883,-0.18209,-0.18092,-0.18034,-0.1736,-0.16686,-0.16012,-0.15338,-0.14664,0.98415,-0.14576,-0.14576,-0.14576,-0.14312,-0.13638,-0.12964,-0.1229,-0.12232,-0.12114,-0.11441,0.95485,-0.1106,-0.1106,-0.10591,-0.099168,-0.092428,-0.085688,-0.078949,-0.072209,-0.065469,-0.053748,0.92438,-0.040269,-0.03353,-0.025032,-0.011552,-0.00159,0.00515,0.017164,0.030643,0.044123,0.057602,0.8772,0.071081,0.08837,0.10859,0.12324,0.13672,0.1502,0.16368,0.17716,0.19064,0.20412,1.8011,0.84174,0.21759,0.23107,0.24455,0.25803,0.27151,0.28499,0.29847,0.31195,0.32426,0.331,0.82152,0.33774,0.34448,0.35122,0.35795,0.36469,0.37143,0.37817,0.38491,0.39165,0.39839,0.8013,0.40513,0.41187,0.41685,0.41685,0.42037,0.42711,0.43385,0.44059,0.44733,0.45407,0.78109,0.46081,0.47136,0.48484,0.49831,0.51179,0.52527,0.5411,0.56132,0.58153,0.60175,0.76087,0.62783,0.65567,0.68937,0.72307,0.75676,0.79486,0.8353,0.86958,0.90445,0.94489,0.73479,0.98533,1.0258,1.0662,1.1066,1.1471,1.1875,1.228,1.2652,1.2989,1.3326,0.68761,1.3663,1.4,1.4319,1.4589,1.4858,1.5128,1.5397,1.5664,1.5866,1.6068,0.64688,1.6271,1.6435,1.6569,1.676,1.6956,1.7091,1.7226,1.7361,1.7495,1.763,0.61318,1.7765,1.7891,1.7958,1.8052,1.8187,1.8278,1.8345,1.8413,1.8468,1.8468,0.58446,1.8439,1.8372,1.8304,1.8237,1.8169,1.8087,1.7953,1.7818,1.7706,0.55751,0.55077,0.54227,0.52879,0.50828,0.48132,0.46491,0.45143,0.43795,0.42652,1.7369,0.41978,0.39781,0.36411,0.35268,0.34418,0.31722,0.2973,0.29056,0.27561,0.2554,1.698,0.23518,0.21672,0.20998,0.19796,0.17774,0.16631,0.15958,0.13438,0.11093,0.10419,1.6578,0.097454,0.090714,0.074598,0.054379,0.027713,-0.00071,-0.034409,-0.058437,-0.071916,-0.080414,1.6241,-0.087153,-0.093893,-0.10239,-0.11587,-0.12935,-0.14283,-0.15631,-0.16979,-0.18327,-0.19675,1.5884,-0.21022,-0.22751,-0.24773,-0.26795,-0.28817,-0.30839,-0.33095,-0.35791,-0.38077,-0.40099,1.0,1.0
0.45372,0.40193,0.40814,1.5419,1.4207,1.2895,1.2027,1.0991,0.99551,0.88522,0.76438,0.64354,0.52271,0.40814,0.40187,0.27916,0.14106,0.016576,-0.10426,-0.2251,-0.34593,-0.45247,-0.55604,-0.68235,0.40814,-0.90676,-0.98133,-1.0237,-1.0543,-1.0715,-1.0888,-1.106,-1.1141,-1.0968,-1.0959,0.40814,-1.0743,-1.045,-1.0278,-0.97643,-0.92464,-0.87286,-0.82107,-0.76928,-0.70531,-0.62959,0.40814,-0.54328,-0.45697,-0.35778,-0.25421,-0.15063,-0.04706,0.070072,0.19091,0.31174,0.43258,0.39988,0.55342,0.68297,0.81788,0.93871,1.0446,1.1576,1.2746,1.3781,1.4661,1.5524,0.38262,1.6342,1.7032,1.756,1.8078,1.8491,1.8663,1.8836,1.8894,1.8835,1.8662,0.36535,1.8489,1.6375,1.4366,1.3837,1.3147,1.2584,1.1994,1.1232,0.98514,0.90105,0.34809,0.83201,0.76051,0.6742,0.58788,0.50157,0.41213,0.30855,0.21985,0.1242,0.020621,0.33083,-0.082952,-0.17097,-0.26731,-0.36638,-0.4527,-0.55524,-0.6374,-0.7531,-0.97751,-1.0327,0.38535,0.31357,-1.0845,-1.1363,-1.1877,-1.2223,-1.2568,-1.2913,-1.3248,-1.3421,-1.3466,-1.3538,0.29631,-1.3694,-1.3694,-1.3559,-1.3387,-1.3214,-1.3041,-1.2869,-1.261,-1.2234,-1.1716,0.27904,-1.1198,-1.068,-1.0125,-0.94345,-0.8589,-0.77259,-0.68628,-0.59997,-0.49747,-0.40455,0.25215,-0.31312,-0.20954,-0.089105,0.020394,0.12397,0.22754,0.33111,0.43469,0.53826,0.64184,0.21763,0.74541,0.84898,0.94538,1.0317,1.118,1.2043,1.2828,1.3541,1.4405,1.4986,0.1831,1.559,1.625,1.6768,1.7286,1.7711,1.8056,1.8402,1.8593,1.8765,1.8938,0.14858,1.911,1.9122,1.9122,1.9071,1.8898,1.8054,1.6852,1.5701,1.5011,1.432,0.10374,1.351,1.2325,1.0644,0.97814,0.87918,0.7756,0.67044,0.5496,0.44209,0.33072,0.056741,0.21216,0.10858,-0.009004,-0.12135,-0.22492,-0.3285,-0.41737,-0.51286,-0.61278,-0.6991,0.022217,-0.90847,-1.0343,-1.0904,-1.1595,-1.2125,-1.2537,-1.2882,-1.3228,-1.3573,-1.3918,0.39156,-0.045351,-1.4206,-1.4379,-1.4552,-1.4724,-1.4833,-1.4833,-1.4833,-1.4833,-1.4833,-1.4833,-0.1034,-1.4833,-1.47,-1.4528,-1.4355,-1.4182,-1.401,-1.3753,-1.3437,-1.3264,-1.2945,-0.16066,-1.26,-1.2255,-1.1909,-1.1564,-1.1121,-1.0603,-1.0085,-0.97273,-0.92772,-0.87593,-0.22971,-0.82415,-0.78905,-0.74336,-0.69158,-0.6399,-0.60538,-0.559,-0.51354,-0.47822,-0.42643,-0.28155,-0.38718,-0.34565,-0.29534,-0.26082,-0.21307,-0.16898,-0.13445,-0.09993,-0.051504,-0.008092,-0.34502,0.023584,0.040846,0.072693,0.098159,0.11895,0.15348,0.17273,0.19,0.20726,0.22452,-0.42022,0.24178,0.25905,0.27631,0.29357,0.31083,0.3281,0.34536,0.36262,0.37988,0.37356,-0.50591,0.3563,0.33977,0.33977,0.3273,0.31699,0.31556,0.2983,0.2942,0.2942,0.2942,-0.57496,0.2942,0.2942,0.2942,0.2942,0.2942,0.2942,0.3032,0.31351,0.29625,0.2942,-0.644,0.2942,0.2942,0.2942,0.2783,0.26104,0.24378,0.22652,0.20925,0.40814,-0.71305,-0.78341,-0.86972,-0.94299,-1.0045,-1.0583,-1.1273,-1.1964,-1.2572,-1.3064,0.40814,-1.3409,-1.3898,-1.4327,-1.4639,-1.4811,-1.4833,-1.4833,-1.4833,-1.4833,-1.4517,0.40814,-1.4172,-1.378,-1.3262,-1.2744,-1.2007,-1.1144,-1.0281,-0.94179,-0.84386,-0.74029,0.40814,-0.63671,-0.53314,-0.41726,-0.29642,-0.17559,-0.054751,0.066084,0.18692,0.30776,0.42859,0.40814,0.5631,0.69305,0.81389,0.93472,1.0412,1.1448,1.2484,1.3519,1.4254,1.4945,0.40814,1.5595,1.6113,1.6631,1.6945,1.7071,1.7071,1.6907,1.6734,1.6454,1.5937,2.0,2.0
-0.67624,-0.67624,-0.66324,-1.6543,-1.6676,-1.6962,-1.7462,-1.7595,-1.7963,-1.851,-1.8643,-1.8609,-1.846,-0.66324,-1.8399,-1.8266,-1.8133,-1.8,-1.7794,-1.7604,-1.7471,-1.7338,-1.712,-1.6943,-0.66324,-1.681,-1.6583,-1.6414,-1.6281,-1.6045,-1.578,-1.5622,-1.5378,-1.5112,-1.4846,-0.66324,-1.4581,-1.4315,-1.4049,-1.3783,-1.3517,-1.3252,-1.2986,-1.272,-1.2454,-1.2188,-0.66324,-1.1903,-1.1527,-1.1236,-1.0865,-1.0599,-1.0299,-0.99377,-0.9632,-0.92762,-0.90104,-0.66324,-0.86958,-0.83488,-0.80284,-0.76872,-0.73609,-0.70256,-0.66935,-0.6364,-0.60982,-0.58324,-0.66324,-0.55666,-0.53008,-0.5035,-0.47692,-0.45034,-0.41449,-0.38418,-0.3576,-0.33102,-0.30444,-0.66324,-0.27785,-0.25127,-0.236,-0.21111,-0.19642,-0.17095,-0.15685,-0.14355,-0.13026,-0.11697,-0.66324,-0.10368,-0.090394,-0.077104,-0.063813,-0.050523,-0.039345,-0.03694,-0.02365,-0.01036,0.002931,-0.66324,0.016221,0.029511,0.042801,0.05164,0.056384,0.069674,0.082965,0.096255,0.10955,0.12284,-0.67624,-0.66324,0.13613,0.14942,0.16271,0.176,0.18929,0.20258,0.22412,0.24216,0.26428,0.29086,-0.66324,0.30802,0.33103,0.35761,0.37389,0.39777,0.42435,0.45093,0.47751,0.49233,0.51768,-0.66324,0.54426,0.57084,0.59742,0.624,0.65058,0.67797,0.71674,0.74332,0.7699,0.79648,-0.66324,0.82306,0.84964,0.87622,0.90595,0.94238,0.96896,0.99957,1.0351,1.0663,1.1013,-0.66324,1.1331,1.1674,1.1998,1.2336,1.2665,1.3064,1.3393,1.3732,1.4055,1.4399,-0.66324,1.4717,1.4982,1.5248,1.5514,1.5873,1.6176,1.6441,1.6707,1.6973,1.7239,-0.66324,1.7394,1.764,1.7906,1.8053,1.8186,1.8319,1.8451,1.8584,1.8717,1.8843,-0.66324,1.8853,1.8986,1.9103,1.9122,1.9255,1.9363,1.9336,1.9203,1.907,1.8937,-0.66324,1.8804,1.8671,1.8539,1.8358,1.8143,1.7956,1.769,1.7425,1.7159,1.6828,-0.66324,1.6497,1.6231,1.5892,1.557,1.5224,1.4908,1.4557,1.4158,1.3851,1.349,-0.67536,-0.66324,1.3092,1.2693,1.2294,1.2002,1.1518,1.0762,1.031,0.97929,0.93822,0.88597,-0.66324,0.84548,0.79265,0.75274,0.71287,0.673,0.63313,0.59326,0.55339,0.51352,0.47595,-0.66324,0.44937,0.42279,0.39621,0.36963,0.34305,0.32053,0.30724,0.29395,0.27572,0.25437,-0.66324,0.24108,0.23943,0.24661,0.25301,0.2596,0.26659,0.2726,0.2726,0.2726,0.2726,-0.66324,0.2726,0.2726,0.2726,0.2726,0.2726,0.2726,0.28281,0.2856,0.2856,0.2856,-0.66324,0.29697,0.2986,0.31056,0.3116,0.3116,0.3116,0.32459,0.32459,0.32531,0.33759,-0.65271,0.33889,0.35059,0.35059,0.35277,0.36359,0.36635,0.37659,0.37659,0.37659,0.37659,-0.65024,0.37659,0.37659,0.37659,0.37659,0.37119,0.36359,0.36359,0.36359,0.36359,0.35673,-0.66136,0.35059,0.35059,0.35059,0.35059,0.35059,0.34198,0.33759,0.33759,0.3281,0.32459,-0.66324,0.32459,0.32459,0.32459,0.32459,0.32459,0.32459,0.33642,0.34971,-0.66324,-0.66324,-0.66324,-0.66324,-0.66324,-0.66324,-0.65024,-0.65024,-0.65024,-0.65024,-0.65024,-0.66324,-0.65024,-0.65024,-0.65024,-0.65024,-0.64745,-0.63724,-0.63724,-0.63724,-0.63724,-0.63724,-0.66324,-0.63724,-0.6324,-0.62425,-0.62425,-0.62425,-0.61824,-0.61125,-0.61125,-0.61125,-0.60407,-0.66324,-0.59825,-0.59825,-0.59825,-0.6066,-0.65447,-0.68517,-0.69846,-0.71175,-0.72504,-0.73834,-0.66324,-0.80362,-0.87267,-0.90617,-0.92147,-0.93476,-0.9955,-1.0255,-1.0396,-1.1293,-1.1572,-0.66324,-1.1708,-1.1992,-1.262,-1.2826,-1.3726,-1.4337,-1.4707,-1.5613,-1.6277,-1.641,4.0,4.0
-0.83313,-0.8446,-0.83313,-1.7741,-1.7626,-1.7512,-1.7397,-1.7219,-1.701,-1.6895,-1.6689,-1.646,-1.6235,-0.83313,-1.612,-1.593,-1.5701,-1.5472,-1.5242,-1.5013,-1.4768,-1.4424,-1.4167,-1.3894,-0.82206,-1.355,-1.3321,-1.302,-1.2704,-1.2475,-1.2147,-1.1803,-1.1459,-1.1115,-1.0771,-0.81732,-1.0466,-1.0237,-0.9897,-0.9553,-0.92091,-0.88651,-0.85211,-0.81772,-0.78332,-0.74892,-0.81732,-0.71453,-0.68013,-0.64573,-0.61134,-0.58327,-0.55836,-0.52396,-0.49866,-0.47098,-0.43698,-0.81732,-0.41405,-0.39112,-0.36819,-0.34526,-0.33261,-0.31521,-0.29386,-0.28239,-0.26223,-0.24365,-0.81732,-0.23218,-0.20925,-0.19344,-0.18197,-0.17051,-0.15904,-0.14758,-0.13611,-0.12465,-0.12148,-0.81218,-0.11753,-0.10606,-0.094598,-0.083132,-0.071667,-0.060201,-0.048736,-0.03727,-0.025805,-0.014339,-0.80151,-0.002874,0.008592,0.020057,0.031523,0.042988,0.054454,0.065919,0.077385,0.08885,0.10032,-0.80151,0.11178,0.13076,0.15053,0.16199,0.18374,0.20667,0.22802,0.23948,0.25965,0.28258,-0.84895,-0.80151,0.30551,0.32844,0.35849,0.39012,0.41305,0.43598,0.45891,0.48303,0.51742,0.54352,-0.80151,0.56645,0.58938,0.62338,0.65106,0.67636,0.71076,0.73566,0.76373,0.79813,0.83253,-0.80151,0.85902,0.88551,0.9199,0.9543,0.98869,1.0211,1.044,1.0761,1.1105,1.1445,-0.80151,1.1674,1.1978,1.2291,1.252,1.2852,1.3137,1.3382,1.3726,1.3983,1.4212,-0.80151,1.4442,1.4785,1.5058,1.5288,1.5517,1.5746,1.5976,1.6205,1.6434,1.658,-0.80151,1.6695,1.681,1.7035,1.7197,1.7312,1.7427,1.7541,1.7656,1.777,1.7885,-0.80151,1.8,1.8114,1.8229,1.8344,1.8395,1.8415,1.853,1.8553,1.8601,1.8707,-0.80151,1.8593,1.8478,1.8364,1.8249,1.8134,1.802,1.7905,1.779,1.7676,1.7517,-0.80151,1.7288,1.7059,1.683,1.66,1.6371,1.6142,1.5857,1.5513,1.5169,1.4825,-0.80151,1.4442,1.3983,1.3635,1.3224,1.2765,1.2307,1.1848,1.1389,1.0931,1.0472,-0.84895,-0.80151,1.0093,0.9713,0.92544,0.87957,0.83371,0.78785,0.74199,0.70522,0.66608,0.62061,-0.80151,0.58622,0.54431,0.50161,0.46721,0.44309,0.41423,0.38142,0.35849,0.34425,0.32844,-0.80151,0.30551,0.29404,0.28258,0.27111,0.25965,0.24818,0.24225,0.24106,0.2296,0.21813,-0.80151,0.21062,0.21062,0.21062,0.21062,0.21062,0.21062,0.21062,0.21062,0.21062,0.21062,-0.80151,0.21062,0.21062,0.21062,0.21062,0.21062,0.21062,0.21062,0.21062,0.21062,0.21062,-0.80151,0.21062,0.20311,0.19481,0.19481,0.19481,0.19481,0.19323,0.18176,0.17899,0.17899,-0.79992,0.17899,0.17899,0.17188,0.16318,0.16318,0.16318,0.16318,0.16318,0.16318,0.16318,-0.78846,0.16318,0.16318,0.16318,0.16318,0.16318,0.16318,0.16318,0.16318,0.16318,0.16318,-0.78569,0.16318,0.16674,0.1782,0.17899,0.17899,0.17899,0.17899,0.18809,0.19481,0.19481,-0.78569,0.19481,0.20232,0.21378,0.22525,0.23672,0.24818,0.25965,0.27111,-0.84895,-0.78569,-0.77423,-0.76988,-0.76988,-0.76988,-0.75999,-0.75406,-0.75406,-0.75406,-0.75406,-0.83907,-0.75406,-0.75406,-0.75406,-0.75406,-0.75406,-0.75406,-0.75406,-0.74892,-0.73825,-0.73825,-0.83313,-0.73825,-0.73469,-0.72322,-0.72243,-0.72876,-0.73825,-0.73825,-0.8019,-0.85369,-0.86555,-0.83313,-0.88849,-0.9039,-0.91853,-0.94146,-1.0055,-1.0743,-1.1368,-1.1597,-1.2087,-1.253,-0.83313,-1.2759,-1.3103,-1.359,-1.408,-1.4309,-1.4835,-1.5298,-1.563,-1.5859,-1.642,-0.83313,-1.6911,-1.7025,-1.7251,-1.7614,-1.8002,-1.8117,-1.8231,-1.8192,-1.797,-1.7856,4.0,4.0
0.12641,0.15447,0.18253,-0.88376,-0.85009,-0.78835,-0.73504,-0.69295,-0.63122,-0.56948,-0.50775,-0.44602,-0.38429,0.18253,-0.32255,-0.25801,-0.17103,-0.10088,-0.019501,0.056262,0.14886,0.22182,0.306,0.3986,0.18253,0.46314,0.55574,0.64272,0.71287,0.79425,0.85598,0.93455,1.0075,1.0692,1.131,0.18253,1.1927,1.2544,1.3106,1.3414,1.3835,1.4312,1.4452,1.4649,1.4733,1.4986,0.18253,1.5014,1.5014,1.5014,1.493,1.4733,1.4593,1.4284,1.3779,1.3162,1.2797,0.18253,1.1927,1.131,1.0636,0.97945,0.90649,0.81389,0.72129,0.62869,0.53609,0.44349,0.18253,0.3509,0.25549,0.13764,0.045038,-0.058786,-0.16822,-0.27766,-0.38148,-0.49653,-0.59474,0.18253,-0.68734,-0.77994,-0.87253,-0.96513,-1.0577,-1.1503,-1.2261,-1.2878,-1.3496,-1.4113,0.18253,-1.473,-1.5067,-1.5628,-1.5937,-1.6133,-1.6274,-1.6582,-1.6694,-1.647,-1.6161,0.18253,-1.5853,-1.5263,-1.4899,-1.4281,-1.3664,-1.2906,-1.198,-1.1251,-1.0409,-0.92304,0.15447,0.18253,-0.82764,-0.73223,-0.61438,-0.51336,-0.3899,-0.26643,-0.14297,-0.019501,0.10396,0.22743,0.21059,0.3509,0.4463,0.56977,0.68481,0.78864,0.89807,0.99067,1.0833,1.1759,1.2432,0.21059,1.333,1.3947,1.4565,1.5098,1.5519,1.5996,1.6304,1.6613,1.6697,1.695,0.21059,1.6978,1.6978,1.6922,1.6613,1.6192,1.5715,1.5407,1.4901,1.4284,1.3667,0.21059,1.2769,1.2123,1.1197,1.0271,0.93455,0.84195,0.73252,0.62869,0.51364,0.39018,0.21059,0.26671,0.14325,0.019783,-0.1121,-0.25521,-0.37867,-0.50214,-0.6256,-0.74907,-0.84728,0.21059,-0.96794,-1.0605,-1.1531,-1.2373,-1.3103,-1.3888,-1.4674,-1.5404,-1.6021,-1.6638,0.21059,-1.6975,-1.7564,-1.7873,-1.8182,-1.849,-1.8659,-1.8659,-1.8462,-1.8154,-1.7845,0.21059,-1.7256,-1.6919,-1.6302,-1.5684,-1.5067,-1.4309,-1.3552,-1.2738,-1.1812,-1.0886,0.21059,-0.996,-0.9006,-0.77713,-0.66208,-0.55826,-0.43479,-0.31133,-0.18786,-0.064398,0.059068,0.15447,0.21059,0.18253,0.306,0.42946,0.54451,0.64833,0.7718,0.89527,1.0187,1.1197,1.2123,0.21059,1.333,1.4256,1.5126,1.5827,1.6641,1.7259,1.7876,1.8297,1.8605,1.9167,0.21059,1.9503,1.9784,1.9784,1.97,1.9391,1.9082,1.8605,1.8184,1.7651,1.7034,0.21059,1.6417,1.5519,1.4845,1.4004,1.3274,1.2348,1.1422,1.0692,0.98506,0.89246,0.21059,0.79986,0.70446,0.5866,0.494,0.4014,0.3088,0.19937,0.095546,0.002947,-0.064398,0.21059,-0.15419,-0.21592,-0.27766,-0.33939,-0.40112,-0.44882,-0.47969,-0.51056,-0.54142,-0.57229,0.21059,-0.60316,-0.60035,-0.56948,-0.54704,-0.54704,-0.53301,-0.51897,-0.51897,-0.51897,-0.51897,0.21059,-0.49091,-0.49091,-0.49091,-0.49091,-0.47969,-0.46285,-0.46285,-0.46285,-0.46285,-0.46285,0.21059,-0.46285,-0.43479,-0.43479,-0.43479,-0.43479,-0.43479,-0.43479,-0.41515,-0.40673,-0.40673,0.21059,-0.40673,-0.40673,-0.40673,-0.40673,-0.40673,-0.40673,-0.40673,-0.40673,0.15447,0.21059,0.21059,0.21059,0.21059,0.21059,0.21059,0.21059,0.21059,0.18815,0.18253,0.15447,0.15447,0.12361,0.09274,0.061874,0.031007,0.000141,-0.030725,-0.061592,-0.11491,-0.17664,0.15447,-0.21031,-0.27204,-0.33378,-0.38709,-0.42918,-0.49091,-0.53581,-0.58632,-0.6256,-0.68172,0.15447,-0.7154,-0.74907,-0.80519,-0.83606,-0.86692,-0.89779,-0.92866,-0.95952,-0.99039,-1.0213,0.15447,-1.0521,-1.083,-1.1139,-1.1447,-1.1644,-1.1784,-1.1924,-1.1924,-1.1924,-1.1924,0.17973,-1.1924,-1.1644,-1.1588,-1.1279,-1.097,-1.0662,-1.0521,-1.0128,-0.97355,-0.94269,0.0,0.0
1.0216,0.96792,0.8868,2.089,2.1158,2.1427,2.1451,2.1451,2.1451,2.1451,2.1451,2.1213,2.0601,0.8868,1.8721,1.6697,1.4548,1.3563,1.2706,1.1632,1.0697,0.98915,0.8859,0.71861,0.8868,0.26212,-0.033924,-0.16818,-0.28031,-0.38368,-0.46423,-0.5576,-0.665,-0.75084,-0.82791,0.8868,-0.88162,-0.93532,-0.98903,-1.0217,-1.0486,-1.0754,-1.0906,-1.0906,-1.0906,-1.0906,0.8868,-1.0906,-1.0906,-1.0906,-1.0508,-0.99891,-0.97206,-0.93465,-0.88094,-0.82724,-0.77354,0.8868,-0.71983,-0.65613,-0.57557,-0.49502,-0.41446,-0.3339,-0.25335,-0.17279,-0.074034,0.033374,0.8868,0.14078,0.24819,0.3556,0.46301,0.57042,0.65142,0.74029,0.8477,0.95511,1.0625,0.8868,1.1699,1.2696,1.3501,1.4307,1.5112,1.5665,1.6202,1.6739,1.7117,1.7385,0.8868,1.7654,1.7922,1.8191,1.1533,-0.028194,-0.19515,-0.25492,-0.33548,-0.41603,-0.49659,0.8868,-0.55355,-0.61276,-0.69332,-0.7596,-0.81331,-0.86701,-0.91577,-0.94263,-0.98318,-1.0369,0.93174,0.8868,-1.0681,-1.095,-1.1218,-1.1487,-1.1755,-1.2024,-1.2254,-1.2254,-1.2254,-1.2254,0.8868,-1.2254,-1.2254,-1.2254,-1.2254,-1.2254,-1.2046,-1.1778,-1.1509,-1.1241,-1.0972,0.8868,-1.0704,-1.0414,-0.98768,-0.93397,-0.88027,-0.82657,-0.77129,-0.69073,-0.62051,-0.56681,0.8868,-0.494,-0.41244,-0.30503,-0.2074,-0.12684,-0.046283,0.034723,0.14213,0.24033,0.32088,0.8868,0.40144,0.48199,0.56255,0.64311,0.72366,0.80422,0.88478,0.96533,1.0459,1.1264,0.8868,1.1901,1.2439,1.2719,1.3063,1.36,1.3974,1.4243,1.4511,1.478,1.5048,0.8868,1.516,1.516,1.516,1.516,1.516,1.3643,1.0958,1.0187,0.97084,0.94399,0.88084,0.90253,0.84882,0.79512,0.74141,0.68771,0.63401,0.5803,0.5266,0.39268,-0.11751,0.85399,-0.39851,-0.45221,-0.52816,-0.60456,-0.65826,-0.71197,-0.76567,-0.81938,-0.87308,-0.92678,0.82714,-0.98049,-1.0342,-1.0879,-1.1386,-1.1654,-1.2041,-1.2578,-1.2909,-1.3178,-1.3446,0.93174,0.80029,-1.3715,-1.3983,-1.4252,-1.4501,-1.4501,-1.4608,-1.4876,-1.4951,-1.4964,-1.5233,0.77344,-1.54,-1.54,-1.54,-1.54,-1.54,-1.54,-1.54,-1.5217,-1.4951,-1.4951,0.74119,-1.4861,-1.4592,-1.4324,-1.4055,-1.3787,-1.3434,-1.2897,-1.2532,-1.2263,-1.1995,0.68749,-1.1647,-1.111,-1.074,-1.0471,-0.99487,-0.94847,-0.92162,-0.8787,-0.82499,-0.77129,0.64794,-0.71758,-0.66388,-0.61018,-0.55647,-0.52704,-0.494,-0.4403,-0.3866,-0.33289,-0.30289,0.62109,-0.27042,-0.21672,-0.1774,-0.15055,-0.10055,-0.051901,-0.025049,0.001804,0.028656,0.055508,0.57131,0.08236,0.10921,0.13606,0.16292,0.18977,0.21662,0.24347,0.25763,0.25763,0.23617,0.51761,0.21269,0.21269,0.21269,0.21269,0.21269,0.20988,0.18303,0.16775,0.16775,0.16775,0.46391,0.16775,0.16775,0.16775,0.16775,0.16775,0.16775,0.16775,0.1573,0.13045,0.12281,0.4102,0.12281,0.12281,0.12281,0.12281,0.12281,0.12281,0.12281,0.12281,0.93174,0.3565,0.28044,0.19988,0.11932,0.038767,-0.041789,-0.10055,-0.15796,-0.23852,-0.31907,0.93174,-0.39963,-0.48019,-0.56074,-0.6413,-0.70994,-0.76365,-0.81735,-0.86847,-0.89533,-0.92218,0.90545,-0.94903,-0.97588,-0.99869,-0.97184,-0.95577,-0.95577,-0.93622,-0.90791,-0.8542,-0.8005,0.8868,-0.7468,-0.6741,-0.59355,-0.51299,-0.43244,-0.35188,-0.23447,-0.10055,0.006859,0.12337,0.8868,0.25763,0.39189,0.52615,0.66041,0.78613,0.89354,1.0182,1.1525,1.2607,1.3681,0.8868,1.4755,1.5662,1.6467,1.7273,1.8079,1.8884,1.9528,2.0065,2.0353,2.0621,2.0,2.0
-2.0286,-1.9895,-1.7556,-0.83384,-0.82638,-0.82638,-0.82442,-0.81645,-0.81645,-0.81645,-0.81645,-0.81645,-0.81645,-1.7263,-0.81645,-0.81588,-0.80651,-0.80651,-0.80646,-0.7967,-0.78694,-0.78664,-0.77735,-0.75848,-1.697,-0.7479,-0.73813,-0.71978,-0.70868,-0.69067,-0.67922,-0.66156,-0.64203,-0.62251,-0.60299,-1.6677,-0.59067,-0.57388,-0.55436,-0.53483,-0.51531,-0.49579,-0.47626,-0.46273,-0.44715,-0.43327,-1.6459,-0.42351,-0.40846,-0.39405,-0.38923,-0.38446,-0.3747,-0.36936,-0.36936,-0.36529,-0.35943,-1.6191,-0.35943,-0.35587,-0.34949,-0.34949,-0.34646,-0.33955,-0.33687,-0.32962,-0.32728,-0.31752,-1.597,-0.30776,-0.298,-0.28824,-0.27701,-0.25878,-0.24902,-0.23831,-0.21879,-0.19986,-0.18968,-1.5774,-0.17016,-0.15071,-0.14095,-0.12152,-0.102,-0.091793,-0.082032,-0.063304,-0.052573,-0.042812,-1.5579,-0.033051,-0.023289,-0.013528,-0.003766,0.005995,0.015757,0.025518,0.028052,0.035106,0.044867,-1.5384,0.047922,0.054455,0.057857,0.057857,0.063868,0.067793,0.073456,0.077728,0.077728,0.077728,-1.9696,-1.5253,0.077728,0.077728,0.082348,0.087663,0.087663,0.087663,0.091588,0.097599,0.10118,0.11094,-1.5156,0.1207,0.13046,0.14022,0.15269,0.16968,0.1818,0.20132,0.21883,0.23043,0.24996,-1.5058,0.26948,0.289,0.30853,0.32805,0.34757,0.36709,0.38617,0.3962,0.41563,0.42539,-1.496,0.44484,0.45485,0.46461,0.47437,0.48413,0.49389,0.50365,0.50495,0.51324,0.51488,-1.492,0.52283,0.53259,0.53475,0.54218,0.54469,0.54469,0.55159,0.55462,0.56118,0.57094,-1.492,0.57449,0.58053,0.58443,0.59012,0.59988,0.60964,0.61423,0.61923,0.62899,0.63875,-1.492,0.64851,0.65827,0.66391,0.66786,0.67762,0.68738,0.69714,0.70691,0.71667,0.72643,-1.4868,0.73619,0.74595,0.75333,0.75554,0.7653,0.77506,0.78313,0.78465,0.79307,0.79424,-1.4821,0.804,0.81294,0.81294,0.81341,0.82288,0.82288,0.82288,0.82288,0.82288,0.83224,-1.4772,0.83281,0.83281,0.83281,0.83281,0.83281,0.83281,0.83281,0.83281,0.83281,0.84044,-1.9501,-1.4722,0.84275,0.84275,0.84275,0.84275,0.8495,0.85268,0.85909,0.86262,0.86868,0.87255,-1.4676,0.87826,0.88803,0.89242,0.89761,0.90738,0.91229,0.91696,0.92672,0.93649,0.94625,-1.4579,0.95203,0.95583,0.9656,0.97536,0.98512,0.99178,0.99471,1.0045,1.0116,1.0141,-1.4523,1.0238,1.0315,1.0334,1.0432,1.0514,1.0528,1.0625,1.0713,1.0721,1.0812,-1.4483,1.0812,1.0815,1.0911,1.0911,1.0911,1.1007,1.1011,1.1103,1.111,1.1199,-1.4385,1.1296,1.1394,1.1492,1.1589,1.1687,1.1863,1.1981,1.2154,1.2276,1.2445,-1.4288,1.264,1.2835,1.303,1.3226,1.3358,1.3517,1.3712,1.3907,1.4103,1.4244,-1.419,1.4341,1.4489,1.4636,1.4734,1.4831,1.4929,1.5026,1.5124,1.5222,1.5319,-1.4092,1.5417,1.5515,1.5612,1.571,1.5807,1.5905,1.6003,1.61,1.6198,1.6295,-1.3995,1.6393,1.6491,1.6588,1.6686,1.6784,1.6881,1.6979,1.7076,-1.9214,-1.3897,-1.3828,-1.3801,-1.3704,-1.3629,-1.3608,-1.353,-1.3512,-1.343,-1.3416,-1.9011,-1.3331,-1.3331,-1.3331,-1.3324,-1.3231,-1.3231,-1.323,-1.3132,-1.3132,-1.3036,-1.8727,-1.3033,-1.294,-1.2843,-1.2745,-1.2647,-1.255,-1.2368,-1.2255,-1.2157,-1.206,-1.8434,-1.1885,-1.1765,-1.1594,-1.1471,-1.1303,-1.1176,-1.1012,-1.0817,-1.0685,-1.0526,-1.8142,-1.039,-1.0235,-1.0039,-0.98984,-0.97482,-0.96039,-0.95063,-0.94086,-0.9311,-0.92134,-1.7849,-0.91158,-0.90182,-0.89206,-0.8823,-0.87253,-0.86277,-0.85301,-0.84625,-0.84342,-0.83632,3.0,5.0
-1.8849,-1.8507,-1.7377,-0.53737,-0.52509,-0.51037,-0.49565,-0.48093,-0.46901,-0.46125,-0.44948,-0.44157,-0.43662,-1.723,-0.42995,-0.4332,-0.43972,-0.45288,-0.4676,-0.48586,-0.5153,-0.53498,-0.54713,-0.57433,-1.7092,-0.59498,-0.62345,-0.64395,-0.66844,-0.68316,-0.69788,-0.7126,-0.7229,-0.73228,-0.74243,-1.7033,-0.75195,-0.78149,-0.78149,-0.78149,-0.78149,-0.77649,-0.77153,-0.76196,-0.75186,-0.73714,-1.6886,-0.73218,-0.71746,-0.7125,-0.69778,-0.68228,-0.65858,-0.64386,-0.62325,-0.60465,-0.5839,-1.6739,-0.56666,-0.5049,-0.45651,-0.42707,-0.39763,-0.36819,-0.33875,-0.30269,-0.28963,-0.26019,-1.6592,-0.22098,-0.19154,-0.1621,-0.13266,-0.11298,-0.083543,-0.058886,-0.04419,-0.024514,0.004928,-1.6444,0.031684,0.046404,0.07089,0.085611,0.10033,0.11505,0.12313,0.14449,0.15921,0.17393,-1.6297,0.17889,0.18524,0.18167,0.17547,0.16571,0.15704,0.15594,0.14713,0.14217,0.12745,-1.6213,0.1225,0.10778,0.083291,0.059318,0.029877,0.009835,-0.019241,-0.039137,-0.053857,-0.068578,-1.836,-1.6198,-0.078416,-0.088254,-0.10297,-0.12724,-0.12724,-0.11748,-0.11215,-0.1072,-0.092478,-0.077757,-1.6051,-0.063036,-0.049121,-0.04336,-0.028639,-0.008011,0.010567,0.025288,0.049773,0.064494,0.10011,-1.5904,0.18817,0.20784,0.23079,0.2472,0.27,0.29631,0.31218,0.3259,0.34841,0.36525,-1.5757,0.38762,0.40461,0.42682,0.44154,0.45626,0.47098,0.47819,0.49066,0.50538,0.5201,-1.5609,0.53482,0.54954,0.56426,0.57898,0.5856,0.5889,0.60362,0.60857,0.6149,0.62825,-1.5462,0.63443,0.64793,0.66265,0.66372,0.67256,0.68325,0.69223,0.69719,0.70278,0.71254,-1.5413,0.72182,0.72678,0.73207,0.74184,0.75141,0.75636,0.76137,0.76137,0.76137,0.75632,-1.5265,0.7516,0.7464,0.74184,0.74184,0.73207,0.73207,0.72231,0.71667,0.71171,0.69699,-1.5118,0.68227,0.66755,0.65395,0.6418,0.62212,0.59891,0.57442,0.55333,0.52545,0.51073,-1.4971,0.48624,0.47152,0.46657,0.45184,0.43712,0.41545,0.40983,0.41694,0.42189,0.43661,-1.8263,-1.4824,0.44157,0.45629,0.47101,0.48573,0.51021,0.52494,0.53277,0.55438,0.57886,0.60157,-1.4677,0.62124,0.64255,0.75492,0.76965,0.79413,0.80885,0.82719,0.84806,0.86654,0.88726,-1.4529,0.91566,0.92737,0.94524,0.96568,0.9846,1.0049,1.0196,1.0436,1.0633,1.0833,-1.4382,1.1031,1.1127,1.1322,1.1519,1.1716,1.1911,1.2059,1.2209,1.2451,1.25,-1.4235,1.2648,1.2795,1.2997,1.3187,1.3334,1.3384,1.3531,1.3668,1.3668,1.3668,-1.4088,1.3668,1.3668,1.3605,1.357,1.3506,1.3375,1.331,1.318,1.3113,1.3063,-1.4038,1.2916,1.2887,1.2817,1.2789,1.286,1.291,1.3057,1.3107,1.3254,1.3401,-1.3891,1.3548,1.3723,1.394,1.4088,1.4313,1.448,1.4547,1.4774,1.5003,1.52,-1.3744,1.5411,1.5691,1.5901,1.6182,1.6476,1.6771,1.689,1.7164,1.7459,1.7753,-1.3597,1.8048,1.8342,1.8636,1.8931,1.9132,1.9332,1.9426,1.9574,-1.8163,-1.3576,-1.3576,-1.3607,-1.3674,-1.3674,-1.3674,-1.3674,-1.3674,-1.3674,-1.3674,-1.8068,-1.3674,-1.3674,-1.3674,-1.3674,-1.3674,-1.3674,-1.3633,-1.3576,-1.3576,-1.3576,-1.7966,-1.3479,-1.3479,-1.3479,-1.3384,-1.3334,-1.3187,-1.3137,-1.299,-1.2745,-1.2598,-1.7819,-1.24,-1.2209,-1.2156,-1.1912,-1.171,-1.1513,-1.1219,-1.0925,-1.0573,-1.0238,-1.7672,-0.98851,-0.97469,-0.94525,-0.92557,-0.89613,-0.86803,-0.84702,-0.81757,-0.78813,-0.76196,-1.7524,-0.74878,-0.71934,-0.6899,-0.66238,-0.64078,-0.62318,-0.60143,-0.58397,-0.56925,-0.54477,5.0,5.0
1.9677,1.8879,1.7725,-0.015571,-0.029856,-0.0465,-0.058426,-0.07708,-0.088526,-0.10836,-0.12819,-0.14296,-0.15912,1.7583,-0.17895,-0.19879,-0.21862,-0.23623,-0.24955,-0.26938,-0.28922,-0.30905,-0.32888,-0.35745,1.7439,-0.37729,-0.40005,-0.42569,-0.45081,-0.48056,-0.50266,-0.53123,-0.55233,-0.58208,-0.60821,1.7274,-0.63284,-0.66259,-0.68518,-0.71336,-0.74311,-0.77286,-0.80261,-0.83236,-0.86211,-0.89185,1.7076,-0.9216,-0.95135,-0.97962,-1.0021,-1.0319,-1.0616,-1.0914,-1.1137,-1.1421,-1.1631,1.6879,-1.1907,-1.2105,-1.2258,-1.2415,-1.2613,-1.2731,-1.2922,-1.3104,-1.3232,-1.3389,1.6766,-1.3488,-1.3652,-1.3774,-1.3874,-1.406,-1.4159,-1.4258,-1.4357,-1.4457,-1.4556,1.6568,-1.4572,-1.4659,-1.464,-1.4572,-1.4529,-1.443,-1.4331,-1.431,-1.422,-1.4135,1.637,-1.4109,-1.4048,-1.4048,-1.3986,-1.396,-1.396,-1.3873,-1.3851,-1.3786,-1.3741,1.6171,-1.3698,-1.363,-1.3611,-1.3523,-1.3507,-1.3408,-1.3308,-1.3209,-1.311,-1.3011,1.878,1.5973,-1.2912,-1.2813,-1.2713,-1.2614,-1.2515,-1.2416,-1.2317,-1.2218,-1.2031,-1.1932,1.5775,-1.1833,-1.1691,-1.1547,-1.1448,-1.1271,-1.1162,-1.1049,-1.0877,-1.0777,-1.0629,1.5576,-1.0492,-1.032,-1.0206,-1.0098,-0.99203,-0.97883,-0.96346,-0.9479,-0.93488,-0.91697,1.5369,-0.90588,-0.88766,-0.87495,-0.85909,-0.84402,-0.83052,-0.81309,-0.80195,-0.7909,-0.77338,1.5092,-0.76346,-0.75355,-0.73778,-0.72498,-0.71506,-0.70514,-0.69523,-0.68531,-0.67539,-0.66548,1.4894,-0.65556,-0.64564,-0.6359,-0.63455,-0.62463,-0.61472,-0.60969,-0.60362,-0.60095,-0.59252,1.4696,-0.59134,-0.58348,-0.58025,-0.57474,-0.57474,-0.56797,-0.56601,-0.55727,-0.55727,-0.55452,1.4497,-0.54853,-0.54853,-0.54853,-0.54853,-0.53988,-0.5387,-0.52879,-0.52232,-0.51769,-0.50777,1.4231,-0.50485,-0.49668,-0.48676,-0.47505,-0.45819,-0.44827,-0.43303,-0.4197,-0.4021,-0.3824,1.4013,-0.36855,-0.33386,-0.3177,-0.30293,-0.2831,-0.26327,-0.24343,-0.2236,-0.20377,-0.18712,1.8646,1.3727,-0.17284,-0.15301,-0.13317,-0.11334,-0.092807,-0.056198,-0.036365,-0.016532,0.003301,0.016887,1.3513,0.03423,0.054063,0.073896,0.091502,0.10483,0.12466,0.14449,0.15738,0.18355,0.20342,1.3215,0.21509,0.23199,0.24602,0.26056,0.27695,0.28913,0.30788,0.32644,0.3388,0.36226,1.2958,0.38721,0.40106,0.41814,0.42963,0.44828,0.4582,0.46811,0.48235,0.49668,0.5066,1.2708,0.51652,0.52643,0.53486,0.53753,0.5436,0.54862,0.55854,0.56846,0.56981,0.57955,1.241,0.58947,0.59939,0.61839,0.63669,0.65351,0.67335,0.71118,0.73922,0.76194,0.79169,1.2113,0.83192,0.86866,0.89841,0.92829,0.98412,1.0139,1.0544,1.0996,1.1293,1.1591,1.1815,1.1888,1.2448,1.2745,1.3043,1.3469,1.3955,1.4285,1.4817,1.5139,1.5352,1.1518,1.565,1.6023,1.6419,1.6717,1.6941,1.7395,1.76,1.7841,1.8171,1.8369,1.122,1.8511,1.8747,1.8884,1.9071,1.917,1.9269,1.9368,1.9467,1.8494,1.0923,1.0625,1.0386,1.0118,0.98203,0.96101,0.9331,0.91025,0.8847,0.86486,1.8395,0.84503,0.8252,0.80536,0.78688,0.77443,0.75831,0.73861,0.69672,0.66164,0.64875,1.8296,0.63971,0.6315,0.59506,0.57414,0.54745,0.52809,0.51818,0.49952,0.48646,0.45671,1.8114,0.43876,0.43365,0.42373,0.41381,0.3866,0.37432,0.34457,0.32172,0.31181,0.30189,1.8003,0.27799,0.26458,0.25467,0.24654,0.23763,0.22033,0.20434,0.18761,0.17769,0.17651,1.7824,0.16529,0.13051,0.076867,0.0718,0.065771,0.055854,0.03755,0.027284,0.015358,-0.001286,1.0,1.0
1.9692,1.816,1.5029,-0.53693,-0.56395,-0.59097,-0.62168,-0.65435,-0.6844,-0.71772,-0.74474,-0.77177,-0.79879,1.4702,-0.82581,-0.85283,-0.87985,-0.90687,-0.93389,-0.96091,-0.98793,-1.015,-1.0501,-1.0783,1.4179,-1.1053,-1.1395,-1.1687,-1.1893,-1.2134,-1.2405,-1.262,-1.28,-1.298,-1.316,1.3752,-1.334,-1.352,-1.3701,-1.3881,-1.4061,-1.4215,-1.4328,-1.4489,-1.4595,-1.4762,1.3434,-1.4852,-1.4936,-1.4939,-1.5029,-1.5119,-1.5123,-1.5206,-1.5296,-1.5386,-1.5403,1.3118,-1.5473,-1.5496,-1.556,-1.559,-1.5647,-1.5683,-1.5683,-1.5683,-1.5683,-1.5683,1.2807,-1.5683,-1.5649,-1.559,-1.5562,-1.5472,-1.5382,-1.5292,-1.5202,-1.5112,-1.5022,1.2485,-1.4927,-1.4748,-1.4658,-1.448,-1.43,-1.412,-1.3939,-1.3759,-1.3579,-1.333,1.218,-1.3126,-1.2945,-1.2765,-1.2585,-1.2405,-1.2225,-1.2045,-1.1865,-1.1645,-1.1411,1.1851,-1.1231,-1.1021,-1.0777,-1.0597,-1.0397,-1.0143,-0.99633,-0.97832,-0.9603,-0.94229,1.7931,1.1553,-0.92428,-0.91527,-0.89758,-0.88792,-0.87089,-0.85287,-0.84223,-0.82618,-0.80817,-0.79015,1.1217,-0.77214,-0.75412,-0.74152,-0.72743,-0.70942,-0.69584,-0.68683,-0.67404,-0.65948,-0.64735,1.0925,-0.63213,-0.62065,-0.60479,-0.59396,-0.57595,-0.55793,-0.54076,-0.53124,-0.51322,-0.49521,1.0583,-0.48606,-0.46851,-0.45871,-0.44971,-0.4407,-0.43169,-0.41578,-0.40435,-0.39534,-0.38633,1.0298,-0.37733,-0.36832,-0.35931,-0.3503,-0.3413,-0.33229,-0.32328,-0.31428,-0.30826,-0.3056,0.99495,-0.29659,-0.28758,-0.28026,-0.2789,-0.26989,-0.26159,-0.26121,-0.25221,-0.2432,-0.23419,0.96793,-0.22519,-0.20811,-0.19784,-0.18883,-0.17983,-0.16405,-0.15248,-0.14347,-0.13446,-0.12,0.94091,-0.10712,-0.093302,-0.079768,-0.066608,-0.048594,-0.03058,-0.012566,0.005448,0.020942,0.032142,0.91408,0.048289,0.058836,0.075637,0.084644,0.094211,0.11199,0.121,0.13892,0.14835,0.16561,0.89606,0.18363,0.19403,0.21032,0.22138,0.23039,0.2457,0.25774,0.26674,0.27575,0.28975,1.75,0.86918,0.3031,0.3121,0.32111,0.33012,0.34249,0.35747,0.36647,0.37548,0.38449,0.39349,0.8507,0.4011,0.40217,0.41118,0.42019,0.4291,0.4291,0.43788,0.43844,0.44656,0.45556,0.83269,0.46457,0.47358,0.48258,0.49808,0.50993,0.51894,0.52795,0.54213,0.55529,0.57335,0.81467,0.59617,0.61419,0.6322,0.65022,0.66823,0.68624,0.70426,0.72227,0.74187,0.76763,0.7891,0.78751,0.82294,0.84968,0.86769,0.8857,0.90372,0.93004,0.94908,0.96709,0.98511,0.76931,1.0031,1.0412,1.0672,1.0912,1.1125,1.1359,1.1629,1.1852,1.2076,1.2346,0.7513,1.2691,1.3039,1.325,1.3493,1.3697,1.3968,1.422,1.4415,1.4674,1.4878,0.72671,1.5314,1.5496,1.5766,1.5948,1.6128,1.6308,1.6488,1.6744,1.6942,1.7259,0.70594,1.7489,1.7669,1.7849,1.7974,1.8116,1.8247,1.8337,1.8512,1.8704,1.8794,0.68792,1.8884,1.8974,1.9064,1.9154,1.9244,1.9335,1.9425,1.9495,1.7291,0.66991,0.65717,0.64322,0.62982,0.58647,0.53317,0.5188,0.50648,0.49145,0.48244,1.7111,0.4641,0.4271,0.41809,0.40908,0.40007,0.38827,0.34435,0.32634,0.30832,0.29904,1.6857,0.25643,0.24369,0.21144,0.19767,0.18157,0.17033,0.142,0.1182,0.082824,0.05963,1.6234,0.045489,0.027475,0.004981,-0.017886,-0.039727,-0.063248,-0.078088,-0.092789,-0.11729,-0.13311,1.585,-0.14212,-0.15574,-0.19056,-0.21847,-0.25281,-0.26159,-0.26159,-0.3329,-0.34484,-0.35385,1.5388,-0.36286,-0.37947,-0.40477,-0.41788,-0.42689,-0.44219,-0.46021,-0.47822,-0.49624,-0.51425,1.0,1.0
-1.9872,-1.8929,-1.7254,-0.6306,-0.63618,-0.64734,-0.65667,-0.6728,-0.68084,-0.6939,-0.71004,-0.72617,-0.7423,-1.7092,-0.76905,-0.78574,-0.80187,-0.81801,-0.86674,-0.91727,-0.9334,-0.93764,-0.93764,-0.92698,-1.6819,-0.92648,-0.92648,-0.91531,-0.91531,-0.90415,-0.89717,-0.88182,-0.87607,-0.85993,-0.8438,-1.657,-0.82766,-0.81153,-0.7954,-0.76274,-0.67381,-0.65683,-0.63037,-0.61424,-0.58694,-0.5708,-1.6359,-0.54351,-0.51905,-0.49795,-0.46568,-0.44458,-0.41817,-0.40204,-0.38591,-0.36977,-0.35364,-1.6037,-0.3375,-0.32137,-0.31238,-0.2891,-0.27297,-0.25683,-0.23601,-0.2134,-0.1938,-0.16997,-1.5826,-0.14267,-0.12653,-0.1104,-0.094265,-0.078131,-0.061997,-0.045863,-0.040895,-0.033246,-0.030957,-1.5566,-0.022081,-0.02102,-0.010915,-0.010915,-0.006114,0.00025,0.011415,0.019957,0.024925,0.033746,-1.5404,0.044912,0.044912,0.044912,0.044912,0.044912,0.033746,0.033746,0.033746,0.026377,0.022581,-1.5132,0.022581,0.011471,0.006503,-0.009631,-0.022081,-0.030734,-0.046868,-0.063002,-0.079136,-0.09527,-1.8768,-1.497,-0.1114,-0.12754,-0.14367,-0.15981,-0.17594,-0.19207,-0.22317,-0.25784,-0.27397,-0.27889,-1.4809,-0.27889,-0.27889,-0.27889,-0.27889,-0.27889,-0.27135,-0.26772,-0.26141,-0.24528,-0.22914,-1.4648,-0.21301,-0.19688,-0.18074,-0.15149,-0.085054,-0.063951,-0.031683,0.000585,0.027717,0.053956,-1.4624,0.075058,0.09845,0.11458,0.13072,0.14685,0.16299,0.17912,0.19525,0.21139,0.23149,-1.4624,0.25482,0.27369,0.29825,0.3159,0.34169,0.3581,0.38512,0.40126,0.42855,0.45368,-1.4736,0.47199,0.49588,0.51542,0.53156,0.54769,0.56382,0.57996,0.59609,0.61223,0.62836,-1.4927,0.63668,0.64946,0.65901,0.67056,0.68134,0.69167,0.70367,0.71277,0.71484,0.71484,-1.5071,0.71484,0.70819,0.70322,0.6925,0.68212,0.65482,0.63869,0.61959,0.59525,0.57566,-1.5071,0.54066,0.52402,0.49722,0.48109,0.46495,0.44882,0.43269,0.42454,0.41337,0.41337,-1.5071,0.41337,0.41337,0.41337,0.41767,0.42454,0.42454,0.43257,0.43754,0.44687,0.45865,-1.8606,-1.5032,0.4692,0.47975,0.51765,0.56784,0.58398,0.60821,0.63858,0.66158,0.69384,0.72047,-1.4959,0.74722,0.77948,0.81175,0.83285,0.85697,0.88427,0.90733,0.92843,0.955,0.9818,-1.4959,0.99844,1.024,1.0451,1.0692,1.0965,1.1196,1.1407,1.1672,1.1941,1.2106,-1.4959,1.2268,1.2541,1.2702,1.2863,1.3025,1.3074,1.3178,1.3285,1.3289,1.3385,-1.4847,1.3401,1.3401,1.3401,1.3472,1.3513,1.3513,1.3513,1.3513,1.3513,1.3513,-1.4847,1.3513,1.3513,1.3513,1.3522,1.3624,1.3624,1.3624,1.3624,1.3624,1.3624,-1.4736,1.3624,1.3624,1.3523,1.3684,1.3736,1.3895,1.4056,1.4218,1.4379,1.454,-1.4684,1.4702,1.4975,1.5136,1.5407,1.557,1.5829,1.6152,1.6389,1.6686,1.7009,-1.4624,1.7331,1.7593,1.7865,1.8188,1.8412,1.8721,1.9044,1.9255,1.9578,1.9889,-1.4513,2.0111,2.0434,2.0596,2.0856,2.103,2.1192,2.1353,2.1514,-1.8445,-1.4423,-1.4374,-1.4212,-1.4051,-1.3889,-1.3616,-1.3455,-1.3192,-1.2981,-1.2748,-1.8284,-1.2559,-1.2313,-1.2152,-1.1925,-1.1718,-1.1556,-1.1395,-1.1234,-1.0982,-1.0799,-1.8047,-1.056,-1.0365,-1.0138,-0.99269,-0.96578,-0.94965,-0.92235,-0.90621,-0.87891,-0.86278,-1.7849,-0.83548,-0.81935,-0.80321,-0.78708,-0.76056,-0.74364,-0.72751,-0.71138,-0.70317,-0.69027,-1.7688,-0.67414,-0.66917,-0.65304,-0.64734,-0.63618,-0.62697,-0.62501,-0.61703,-0.61206,-0.60268,-1.7526,-0.60212,-0.59152,-0.59152,-0.59152,-0.59152,-0.59152,-0.59956,-0.60452,-0.61385,-0.61446,5.0,5.0
0.42386,0.22975,0.29587,1.0638,1.1803,1.2967,1.4132,1.5297,1.6227,1.7003,1.778,1.8556,1.9252,0.29587,1.964,2.0024,2.0024,2.0024,2.0024,2.0024,1.9785,1.8394,1.6551,1.551,0.29587,1.4734,1.3769,1.1474,1.0698,0.95629,0.77583,0.63803,0.52156,0.42557,0.33128,0.33128,0.21482,0.098348,-0.074435,-0.60388,-0.72034,-0.80055,-0.87819,-0.98442,-1.0514,-1.1111,0.33854,-1.1888,-1.2532,-1.292,-1.3308,-1.3697,-1.4085,-1.4106,-1.4435,-1.4533,-1.4533,0.33854,-1.4533,-1.4358,-1.4106,-1.391,-1.3193,-1.2784,-1.2007,-1.1602,-1.0881,-0.98101,0.36243,-0.89014,-0.81249,-0.71693,-0.60046,-0.49423,-0.41019,-0.29372,-0.17725,-0.098326,0.013023,0.3812,0.15935,0.28862,0.40509,0.52156,0.65253,0.79716,0.91363,1.0271,1.1048,1.2204,0.39741,1.3027,1.4106,1.5007,1.5557,1.6133,1.676,1.7259,1.7891,1.7925,1.8313,0.42386,1.8317,1.8317,1.801,1.7891,1.6508,1.4371,1.2891,1.1538,0.92045,0.81977,0.21055,0.43239,0.50919,0.43154,0.31891,0.20244,0.11328,0.012169,-0.1043,-0.20498,-0.28263,-0.36838,0.46652,-0.48058,-0.55823,-0.63587,-0.71352,-0.79116,-1.0352,-1.1785,-1.2174,-1.24,-1.2523,0.46738,-1.2826,-1.2873,-1.3253,-1.3253,-1.3253,-1.3253,-1.2971,-1.2826,-1.2622,-1.24,0.5062,-1.2272,-1.1883,-1.1444,-1.068,-1.0292,-0.9904,-0.91915,-0.87009,-0.80652,-0.72888,0.50919,-0.6683,-0.61625,-0.5386,-0.46096,-0.38331,-0.30567,-0.22802,-0.11752,-0.030066,0.047579,0.54118,0.12522,0.20287,0.28052,0.35816,0.43581,0.51345,0.5911,0.66874,0.74639,0.82403,0.55185,0.87608,0.93666,1.0143,1.0779,1.1269,1.1982,1.2396,1.3172,1.3573,1.3961,0.57617,1.4648,1.5164,1.5553,1.5941,1.6329,1.6717,1.7106,1.7464,1.7464,1.7844,0.61499,1.7891,1.7891,1.7891,1.7664,1.7464,1.7315,1.6372,1.4405,1.3983,1.3206,0.63717,1.243,1.1653,1.0877,1.01,0.9324,0.83555,0.73444,0.6568,0.57147,0.45884,0.24169,0.62437,0.3812,0.26473,0.18325,0.074457,-0.014708,-0.35046,-0.63929,-0.71693,-0.78263,-0.82145,0.59451,-0.86028,-0.89953,-0.97717,-1.0194,-1.0582,-1.0693,-1.0932,-1.132,-1.1546,-1.167,0.58939,-1.1973,-1.1973,-1.1982,-1.237,-1.24,-1.24,-1.24,-1.24,-1.2195,-1.1973,0.55057,-1.1973,-1.1973,-1.1922,-1.1546,-1.1546,-1.1184,-1.112,-1.0834,-1.0446,-1.0267,0.51175,-1.0096,-0.984,-0.97461,-0.93579,-0.89867,-0.89867,-0.86198,-0.82316,-0.78434,-0.74551,0.47292,-0.70669,-0.66787,-0.62905,-0.59022,-0.5514,-0.51258,-0.47376,-0.43493,-0.39611,-0.35729,0.4341,-0.31846,-0.27964,-0.24082,-0.202,-0.16317,-0.12435,-0.085527,-0.046705,-0.045425,-0.011721,0.39528,0.027101,0.065924,0.10475,0.14357,0.18239,0.21055,0.21738,0.25321,0.25321,0.25321,0.35645,0.25321,0.25321,0.25321,0.25321,0.25321,0.25321,0.25321,0.25321,0.25321,0.25321,0.31763,0.25321,0.25321,0.25321,0.25321,0.25321,0.25321,0.25321,0.25321,0.25321,0.27881,0.23999,0.19178,0.11968,0.079149,0.001504,-0.039452,-0.11112,-0.18877,-0.26642,0.25321,-0.34406,-0.42171,-0.49935,-0.56719,-0.61198,-0.68963,-0.76727,-0.84492,-0.92256,-0.97077,0.25321,-1.0352,-1.0911,-1.1478,-1.2114,-1.2502,-1.289,-1.3279,-1.3667,-1.368,-1.4017,0.25321,-1.4106,-1.4106,-1.4106,-1.4106,-1.4106,-1.4,-1.368,-1.365,-1.3261,-1.2494,0.26516,-1.2058,-1.1367,-1.0591,-0.98144,-0.90379,-0.81121,-0.69475,-0.58553,-0.50447,-0.388,0.29587,-0.27154,-0.15507,-0.038599,0.10475,0.237,0.37267,0.5126,0.64059,0.7882,0.90851,2.0,2.0
0.68223,0.58518,0.63098,1.6944,1.7202,1.7396,1.7584,1.7584,1.7584,1.7509,1.7314,1.712,1.6781,0.63098,1.6393,1.6004,1.5616,1.4922,1.4236,1.3596,1.2626,1.1655,1.0685,0.97145,0.63098,0.8744,0.74366,0.61842,0.50196,0.38551,0.25143,0.11556,-0.015118,-0.13158,-0.26642,0.63098,-0.39012,-0.50658,-0.62304,-0.73949,-0.84301,-0.94006,-1.0366,-1.1142,-1.1782,-1.2364,0.63098,-1.2946,-1.3529,-1.3821,-1.4098,-1.4466,-1.466,-1.4701,-1.4701,-1.4673,-1.4479,0.63098,-1.4285,-1.4091,-1.3861,-1.3473,-1.3085,-1.2696,-1.2265,-1.1682,-1.0925,-1.0262,0.63098,-0.96793,-0.9097,-0.83315,-0.75551,-0.67198,-0.57493,-0.49697,-0.40645,-0.31607,-0.23798,0.63098,-0.14093,-0.04388,0.053169,0.15022,0.24727,0.34432,0.44136,0.53643,0.61407,0.70689,0.63098,0.79497,0.87536,0.97241,1.0535,1.1311,1.2053,1.2635,1.3384,1.4056,1.4595,0.62092,1.4983,1.5372,1.576,1.6097,1.6291,1.6303,1.6183,1.5988,1.5794,1.541,0.5673,0.60536,1.5022,1.4634,1.4242,1.3659,1.2941,1.2165,1.1388,1.0612,0.98356,0.89778,0.60536,0.80073,0.70369,0.59152,0.48396,0.38422,0.26777,0.16719,0.060471,-0.055987,-0.17245,0.60536,-0.28891,-0.40536,-0.52182,-0.63828,-0.75474,-0.85999,-0.95704,-1.0541,-1.1329,-1.2106,0.60536,-1.2825,-1.3407,-1.3989,-1.4444,-1.4767,-1.4964,-1.5352,-1.5605,-1.5726,-1.5737,0.60536,-1.5931,-1.5983,-1.5902,-1.5726,-1.5726,-1.5576,-1.5382,-1.5188,-1.4994,-1.4799,0.60536,-1.4605,-1.4411,-1.4217,-1.4023,-1.3829,-1.3635,-1.3441,-1.3247,-1.3053,-1.2859,0.62316,-1.2664,-1.247,-1.2276,-1.2082,-1.1888,-1.1694,-1.15,-1.1306,-1.1112,-1.0918,0.63098,-1.0723,-1.0529,-1.0335,-1.0141,-0.9947,-0.96729,-0.93026,-0.91085,-0.87645,-0.83763,0.63098,-0.79881,-0.75999,-0.70542,-0.64719,-0.58896,-0.53073,-0.4725,-0.40395,-0.32632,-0.24868,0.63098,-0.17104,-0.082316,0.009865,0.087504,0.16514,0.25463,0.34605,0.42368,0.50132,0.57896,0.57973,0.63098,0.6566,0.73424,0.81188,0.87613,0.93436,0.99259,1.0508,1.0949,1.1417,1.1982,0.61862,1.237,1.2758,1.3059,1.3278,1.3666,1.3898,1.4092,1.4286,1.448,1.4674,0.59921,1.4868,1.4981,1.4787,1.4593,1.4399,1.4205,1.4011,1.3817,1.3505,1.3117,0.5798,1.2728,1.2153,1.1696,1.1244,1.0662,1.008,0.94974,0.8844,0.80765,0.74942,0.56039,0.6771,0.59946,0.52182,0.44418,0.36654,0.29755,0.23689,0.15925,0.081611,0.003972,0.52784,-0.070465,-0.12869,-0.20332,-0.27078,-0.32503,-0.36385,-0.41984,-0.46712,-0.5012,-0.52061,0.4406,-0.55795,-0.58505,-0.60446,-0.62387,-0.62457,-0.61208,-0.59267,-0.57326,-0.55385,-0.5477,0.26661,-0.54066,-0.52208,-0.52208,-0.52208,-0.51426,-0.49646,-0.49646,-0.49646,-0.49646,-0.49646,0.11133,-0.49646,-0.49646,-0.49646,-0.49646,-0.49646,-0.49646,-0.49646,-0.49646,-0.49646,-0.51356,0.011659,-0.52208,-0.52208,-0.52208,-0.53995,-0.5477,-0.55315,-0.57256,-0.57333,0.5805,-0.073668,-0.17072,-0.26777,-0.35015,-0.43624,-0.53329,-0.63034,-0.71195,-0.78959,-0.86422,0.59991,-0.92245,-0.98068,-1.0289,-1.0677,-1.1066,-1.1454,-1.1734,-1.1928,-1.2122,-1.2139,0.60536,-1.2024,-1.1883,-1.1883,-1.1513,-1.1247,-1.0932,-1.0349,-0.99599,-0.93103,-0.86025,0.61311,-0.80138,-0.72374,-0.6461,-0.56846,-0.48941,-0.39236,-0.30992,-0.22389,-0.12684,-0.029787,0.63098,0.067262,0.16431,0.26136,0.35841,0.45546,0.56244,0.67518,0.77223,0.86928,0.96633,0.63098,1.0634,1.1604,1.2398,1.3174,1.3951,1.4727,1.5319,1.5779,1.6167,1.6555,0.0,0.0
0.47986,0.47986,0.30355,1.528,1.5457,1.5606,1.5746,1.5813,1.5813,1.5813,1.5813,1.5813,1.5635,0.27171,1.4747,1.4575,1.3055,1.2596,1.1243,1.0208,0.92646,0.86277,0.79909,0.71764,0.23986,0.65217,0.5725,0.49665,0.41888,0.34112,0.26336,0.18302,0.10157,0.020118,-0.11502,0.19026,-0.3564,-0.4374,-0.51885,-0.58254,-0.64622,-0.70991,-0.77359,-0.81952,-0.86544,-0.91136,0.15673,-0.95817,-1.0078,-1.0396,-1.0892,-1.1211,-1.1529,-1.167,-1.19,-1.19,-1.19,0.10881,-1.19,-1.1781,-1.1722,-1.15,-1.1359,-1.1041,-1.0722,-1.0404,-1.0085,-0.97655,0.059199,-0.92708,-0.88471,-0.83879,-0.79287,-0.72918,-0.68326,-0.61958,-0.54972,-0.47444,-0.41076,0.009592,-0.32931,-0.25643,-0.17867,-0.084959,-0.005374,0.090154,0.18568,0.26345,0.35897,0.43927,-0.044722,0.53226,0.61003,0.68779,0.76556,0.84652,0.92797,1.0094,1.0731,1.1368,1.2005,-0.10841,1.2642,1.3278,1.4242,1.473,1.5189,1.5648,1.6226,1.6367,1.6686,1.6826,0.46947,-0.17209,1.6967,1.7056,1.7041,1.6878,1.6759,1.6619,1.6255,1.5804,1.5336,1.4652,-0.23578,1.3707,1.2715,1.2078,1.1442,1.0272,0.95661,0.82875,0.76507,0.65644,0.56664,-0.2817,0.4843,0.38344,0.30453,0.17462,0.1061,-0.010881,-0.074567,-0.18608,-0.25523,-0.33606,-0.34538,-0.41813,-0.74828,-0.81197,-0.91118,-0.99263,-1.0563,-1.1378,-1.1868,-1.2187,-1.2505,-0.40907,-1.2824,-1.2966,-1.3283,-1.3321,-1.3499,-1.3499,-1.3499,-1.3499,-1.3403,-1.3321,-0.47276,-1.3143,-1.298,-1.2662,-1.2521,-1.2203,-1.1869,-1.1388,-1.095,-1.0491,-0.98544,-0.53644,-0.93951,-0.87583,-0.81214,-0.74846,-0.68477,-0.60332,-0.53964,-0.45819,-0.37674,-0.29529,-0.60013,-0.21428,-0.13239,-0.040992,0.054536,0.15006,0.24559,0.34112,0.45441,0.54994,0.66323,-0.66381,0.75876,0.85429,0.94982,1.0453,1.1409,1.2364,1.3142,1.3919,1.5187,1.6191,-0.7275,1.7025,1.7631,1.8017,1.8513,1.8832,1.915,1.9468,1.9609,1.9721,1.9721,0.4621,-0.77342,1.9721,1.9624,1.9365,1.8409,1.7617,1.6246,1.501,1.3772,1.2713,1.112,-0.81934,1.0066,0.86468,0.75414,0.58085,0.44984,0.2698,0.13967,-0.019541,-0.14323,-0.30244,-0.85886,-0.41191,-0.54284,-0.63468,-0.77941,-0.87983,-1.21,-1.2914,-1.3703,-1.4355,-1.4825,-0.89071,-1.5191,-1.5453,-1.5472,-1.563,-1.563,-1.5453,-1.5453,-1.5275,-1.5121,-1.492,-0.92255,-1.4662,-1.4344,-1.4203,-1.3885,-1.3566,-1.3248,-1.2929,-1.2611,-1.2293,-1.1974,-0.95439,-1.1589,-1.116,-1.0841,-1.0345,-0.99298,-0.94706,-0.90345,-0.85522,-0.8093,-0.7724,-0.98623,-0.72279,-0.67318,-0.62562,-0.5797,-0.53378,-0.48785,-0.44193,-0.3933,-0.3437,-0.29409,-1.0123,-0.24448,-0.19488,-0.14864,-0.095662,-0.046055,0.003552,0.035395,0.080961,0.11684,0.14869,-1.0322,0.16277,0.19461,0.20869,0.21339,0.23116,0.22916,0.21339,0.21339,0.19563,0.19061,-1.0479,0.17787,0.16245,0.1601,0.14234,0.14234,0.12457,0.12457,0.12457,0.44433,-1.0603,-1.0656,-1.0656,-1.0656,-1.0656,-1.0539,-1.0479,-1.0301,-1.0123,-0.99756,0.42723,-0.96572,-0.94129,-0.9198,-0.88795,-0.84199,-0.8065,-0.76791,-0.72199,-0.67545,-0.62584,0.41315,-0.56646,-0.52054,-0.45925,-0.41094,-0.36004,-0.31043,-0.25541,-0.20949,-0.16161,-0.099881,0.38131,-0.044634,0.009725,0.055646,0.11933,0.17156,0.22894,0.29262,0.35631,0.41999,0.48368,0.36723,0.54736,0.61105,0.67473,0.75223,0.81987,0.88356,0.94724,1.0109,1.0746,1.1561,0.33539,1.214,1.2657,1.3132,1.345,1.3946,1.4087,1.4406,1.4724,1.4865,1.5102,2.0,2.0
-2.3342,-2.0855,-1.7163,-0.64309,-0.65266,-0.66222,-0.67178,-0.68135,-0.69091,-0.70822,-0.72328,-0.73284,-0.74241,-1.6876,-0.75826,-0.77477,-0.78434,-0.80241,-0.8167,-0.82742,-0.84655,-0.85863,-0.8682,-0.87776,-1.6589,-0.91512,-0.9366,-0.94616,-0.95573,-0.96529,-0.97072,-0.97072,-0.97072,-0.97072,-0.96804,-1.6354,-0.95848,-0.94891,-0.93935,-0.92856,-0.90943,-0.8903,-0.87117,-0.85205,-0.82359,-0.80055,-1.6148,-0.77944,-0.75075,-0.66692,-0.6049,-0.58524,-0.55655,-0.53428,-0.5124,-0.48371,-0.46366,-1.5861,-0.43956,-0.41216,-0.39304,-0.36673,-0.34154,-0.32241,-0.30328,-0.27843,-0.25179,-0.23266,-1.5648,-0.21353,-0.19441,-0.17528,-0.15615,-0.13702,-0.11789,-0.098765,-0.070933,-0.047271,-0.028143,-1.5457,-0.009015,0.010113,0.029242,0.04837,0.067498,0.086626,0.10364,0.1132,0.12276,0.13233,-1.5266,0.14189,0.15146,0.15447,0.15735,0.16691,0.16771,0.16771,0.16628,0.15672,0.15447,-1.5171,0.15083,0.14126,0.1317,0.12214,0.11257,0.10301,0.093443,0.083879,0.074315,0.064751,-1.9723,-1.5075,0.055187,0.042678,0.023549,-0.039759,-0.075732,-0.086785,-0.10591,-0.11766,-0.12723,-0.13679,-1.4979,-0.14635,-0.15592,-0.16323,-0.16323,-0.16323,-0.16323,-0.16244,-0.15287,-0.14331,-0.13375,-1.4884,-0.12418,-0.11462,-0.099824,-0.080696,-0.061568,-0.012655,0.029639,0.048668,0.058232,0.073786,-1.4788,0.092914,0.11204,0.13117,0.1503,0.17029,0.19898,0.22092,0.24313,0.27182,0.30051,-1.4692,0.3292,0.3579,0.38659,0.41528,0.44013,0.45943,0.48812,0.51076,0.53227,0.56096,-1.4605,0.58138,0.60051,0.62056,0.64925,0.67113,0.69026,0.70938,0.72851,0.74764,0.76677,-1.4605,0.7859,0.80503,0.82415,0.84305,0.85261,0.86218,0.87174,0.88131,0.89087,0.90044,-1.4605,0.90901,0.90901,0.90901,0.90901,0.90901,0.90901,0.90358,0.89402,0.88445,0.87489,-1.4605,0.86532,0.85546,0.83633,0.8172,0.80059,0.79103,0.77306,0.75393,0.7348,0.71567,-1.4605,0.69654,0.67742,0.65829,0.63916,0.62553,0.61414,0.59501,0.5836,0.56999,0.55123,-1.9414,-1.4605,0.54167,0.53836,0.53577,0.52621,0.52512,0.52992,0.53836,0.53836,0.54537,0.55828,-1.4605,0.57741,0.5873,0.60243,0.62155,0.64068,0.65203,0.6657,0.68655,0.74393,0.77604,-1.4605,0.79252,0.80208,0.82018,0.83445,0.8452,0.86433,0.88346,0.90259,0.92171,0.94084,-1.4605,0.9656,0.99234,1.0115,1.0384,1.0671,1.0958,1.1245,1.1468,1.1687,1.1974,-1.4605,1.2174,1.2415,1.2689,1.2881,1.3072,1.3263,1.3454,1.3552,1.3705,1.3876,-1.4605,1.3971,1.4067,1.412,1.412,1.412,1.4056,1.396,1.3865,1.3769,1.3673,-1.4605,1.3564,1.3373,1.3254,1.3158,1.3063,1.2967,1.2871,1.2797,1.2797,1.2797,-1.4605,1.2883,1.3074,1.3265,1.3456,1.3648,1.3839,1.4118,1.4405,1.4705,1.5088,-1.4605,1.5471,1.5889,1.6367,1.6846,1.7324,1.7802,1.828,1.8678,1.9104,1.9575,-1.4582,1.9958,2.0341,2.0665,2.0856,2.1048,2.1187,2.1254,2.1158,-1.9032,-1.4486,-1.4473,-1.4427,-1.4331,-1.4236,-1.4072,-1.3912,-1.3816,-1.3631,-1.344,-1.873,-1.3232,-1.2945,-1.2733,-1.2503,-1.2218,-1.2027,-1.1775,-1.1512,-1.1321,-1.1047,-1.8443,-1.0806,-1.0615,-1.0423,-1.0232,-1.0009,-0.97221,-0.95258,-0.93346,-0.91433,-0.8952,-1.8149,-0.87607,-0.85694,-0.83755,-0.80886,-0.78632,-0.76719,-0.74807,-0.72894,-0.70981,-0.69171,-1.7766,-0.68214,-0.66566,-0.64978,-0.64021,-0.63065,-0.62654,-0.62476,-0.61519,-0.61331,-0.61331,-1.745,-0.61331,-0.61331,-0.61331,-0.61331,-0.61331,-0.62175,-0.62654,-0.62764,-0.6372,-0.63978,5.0,5.0
0.40859,0.51193,0.57952,0.28712,0.36443,0.46777,0.56321,0.63973,0.73569,0.8117,0.90818,0.97707,1.0523,0.58212,1.1496,1.2184,1.2873,1.3562,1.4251,1.4892,1.5282,1.5928,1.6273,1.6617,0.58212,1.6962,1.7306,1.7592,1.7247,1.6903,1.6558,1.6195,1.5506,1.4817,1.4117,0.58212,1.3083,1.2044,1.067,0.96353,0.82575,0.72224,0.5849,0.48087,0.34404,0.20626,0.58212,0.10145,-0.034597,-0.13993,-0.27545,-0.38131,-0.51631,-0.62268,-0.72602,-0.82935,-0.93269,0.58212,-1.0057,-1.1047,-1.1781,-1.2174,-1.2812,-1.321,-1.3555,-1.3899,-1.3961,-1.4241,0.58212,-1.4308,-1.4308,-1.4308,-1.4308,-1.4041,-1.3696,-1.3352,-1.3007,-1.2663,-1.2064,0.6124,-1.1627,-1.1034,-1.0345,-0.96557,-0.89668,-0.80393,-0.7242,-0.65531,-0.56334,-0.46,0.61683,-0.35666,-0.25333,-0.14999,-0.068435,0.04349,0.16001,0.26335,0.36669,0.47002,0.57336,0.61683,0.65674,0.74532,0.84866,0.95199,1.0364,1.124,1.2089,1.2778,1.3467,1.4156,0.51271,0.61683,1.4845,1.5534,1.6054,1.6399,1.6743,1.7087,1.7432,1.7621,1.7468,1.7124,0.61683,1.6632,1.6088,1.5601,1.4773,1.3739,1.2706,1.1673,1.051,0.92588,0.81014,0.61683,0.67235,0.53457,0.39679,0.25901,0.13234,0.018155,-0.11963,-0.25741,-0.38512,-0.49826,0.61683,-0.63604,-0.76454,-0.86788,-0.97998,-1.1093,-1.2043,-1.2812,-1.3768,-1.4457,-1.5074,0.61683,-1.5419,-1.5763,-1.6107,-1.6452,-1.6737,-1.6737,-1.6684,-1.6339,-1.5995,-1.565,0.64502,-1.5262,-1.4614,-1.4232,-1.3543,-1.2821,-1.1818,-1.1101,-1.0093,-0.93815,-0.83482,0.65153,-0.73322,-0.66285,-0.55952,-0.45618,-0.35285,-0.24994,-0.18088,-0.077545,0.025791,0.12913,0.65153,0.19862,0.30109,0.40443,0.47471,0.57639,0.64719,0.71608,0.78497,0.85386,0.92275,0.65153,0.96041,1.0258,1.064,1.0985,1.1027,1.1326,1.1374,1.108,1.0444,1.0044,0.62437,0.94132,0.87243,0.80354,0.7068,0.63105,0.53483,0.4315,0.30135,0.19012,0.086786,0.51271,0.58993,-0.042579,-0.15459,-0.28344,-0.39597,-0.52429,-0.63734,-0.76515,-0.87872,-0.98206,-1.1091,0.58212,-1.2234,-1.3036,-1.3954,-1.4987,-1.5797,-1.6486,-1.6956,-1.73,-1.7858,-1.8126,0.55574,-1.8334,-1.8678,-1.8617,-1.8272,-1.7928,-1.7388,-1.6892,-1.6357,-1.5856,-1.5327,0.5213,-1.4638,-1.3769,-1.2913,-1.2224,-1.1363,-1.0499,-0.96436,-0.87742,-0.80853,-0.72376,0.48685,-0.62043,-0.53245,-0.44846,-0.34512,-0.24179,-0.15277,-0.069823,0.033513,0.13685,0.24018,0.45241,0.33051,0.41215,0.50299,0.57188,0.64077,0.70966,0.77855,0.83625,0.8707,0.90514,0.41796,0.93959,0.97403,1.0085,1.0429,1.0774,1.1027,1.1027,1.1027,1.1027,1.1027,0.38352,1.0949,1.068,1.0607,1.0263,0.99182,0.95737,0.92918,0.92319,0.88874,0.8543,0.34907,0.81985,0.78541,0.75096,0.71652,0.68624,0.68233,0.65153,0.65153,0.65153,0.65153,0.29007,0.65153,0.65153,0.65361,0.68624,0.68624,0.68754,0.72094,0.72016,0.54637,0.24548,0.21103,0.17659,0.11863,0.07299,0.015553,-0.053338,-0.099757,-0.15641,-0.2253,0.54741,-0.29419,-0.36308,-0.43198,-0.50087,-0.56976,-0.63865,-0.70754,-0.77643,-0.82571,-0.8795,0.54741,-0.92931,-0.98258,-1.0329,-1.0673,-1.1018,-1.1362,-1.1532,-1.1704,-1.1879,-1.2046,0.54741,-1.2226,-1.2226,-1.2226,-1.2069,-1.1879,-1.1727,-1.1382,-1.1038,-1.0693,-1.0349,0.54741,-1.0005,-0.95238,-0.89686,-0.84931,-0.79326,-0.74623,-0.68966,-0.64316,-0.57427,-0.50538,0.54741,-0.44777,-0.4023,-0.33341,-0.26452,-0.19563,-0.12674,-0.048132,0.045746,0.11464,0.19246,0.0,2.0
0.478,0.478,0.33352,0.066708,0.16004,0.25337,0.34344,0.41895,0.51228,0.58853,0.64853,0.71677,0.78162,0.29935,0.83762,0.89362,0.94962,1.0055,1.0428,1.0802,1.1175,1.1548,1.1922,1.2295,0.2751,1.2668,1.3024,1.3211,1.3578,1.3795,1.3981,1.4168,1.4355,1.4541,1.4728,0.25643,1.4915,1.5101,1.5288,1.5475,1.5661,1.5848,1.5959,1.5907,1.572,1.5534,0.22954,1.5347,1.516,1.4833,1.4342,1.3875,1.3365,1.2618,1.1871,1.1125,1.0195,0.19801,0.92621,0.83288,0.73954,0.63767,0.53179,0.43476,0.32403,0.2307,0.13737,0.028953,0.17934,-0.083045,-0.18481,-0.28595,-0.39795,-0.50995,-0.62142,-0.71475,-0.82485,-0.92251,-1.0039,0.15972,-1.0786,-1.1533,-1.2233,-1.2793,-1.3353,-1.3913,-1.4312,-1.4686,-1.5059,-1.5345,0.12239,-1.5532,-1.5718,-1.589,-1.589,-1.589,-1.5584,-1.534,-1.5049,-1.4595,-1.4035,0.10225,-1.3444,-1.2689,-1.1756,-1.0823,-0.98895,-0.88349,-0.77149,-0.65949,-0.54749,-0.43549,0.478,0.068817,-0.32349,-0.2115,-0.11574,-0.008591,0.092019,0.19432,0.29978,0.39311,0.48644,0.57977,0.043823,0.6731,0.76644,0.85977,0.94245,1.0171,1.0918,1.1664,1.2411,1.3158,1.3733,0.015244,1.4293,1.4853,1.5313,1.5687,1.606,1.6407,1.6596,1.6969,1.7013,1.7154,-0.014602,1.734,1.7435,1.7435,1.7392,1.7205,1.7019,1.6651,1.6277,1.5904,1.5531,-0.033268,1.5073,1.4513,1.3953,1.3381,1.2635,1.2062,1.1352,1.0606,0.9859,0.90354,-0.051935,0.8102,0.71687,0.62354,0.53021,0.42021,0.32245,0.21731,0.10531,-0.006692,-0.11416,-0.070601,-0.2096,-0.3216,-0.41525,-0.50858,-0.60191,-0.68417,-0.75884,-0.83972,-0.92926,-1.0039,-0.089268,-1.0786,-1.1533,-1.2127,-1.2815,-1.3458,-1.3939,-1.4367,-1.4897,-1.527,-1.5643,-0.10793,-1.6017,-1.6246,-1.6432,-1.6619,-1.6734,-1.6734,-1.6711,-1.6524,-1.6152,-1.594,-0.1266,-1.5479,-1.4919,-1.4359,-1.3735,-1.2988,-1.2241,-1.1495,-1.057,-0.94824,-0.84921,0.46419,-0.13367,-0.74534,-0.63334,-0.52703,-0.43043,-0.31843,-0.20643,-0.094435,0.002905,0.10847,0.21066,-0.14284,0.30399,0.39733,0.49066,0.58389,0.65855,0.74956,0.82898,0.90364,0.96924,1.0319,-0.16151,1.1023,1.1583,1.2143,1.2523,1.2896,1.327,1.3643,1.3933,1.412,1.4271,-0.17585,1.4261,1.4074,1.3715,1.3341,1.2968,1.2494,1.1934,1.1323,1.0576,0.98295,-0.17775,0.90828,0.81706,0.72373,0.6421,0.55815,0.46482,0.37592,0.29925,0.20592,0.13083,-0.19642,0.056162,-0.018504,-0.082202,-0.1382,-0.1942,-0.24651,-0.28384,-0.32117,-0.35851,-0.38076,-0.19694,-0.39943,-0.40786,-0.40786,-0.40248,-0.38382,-0.36568,-0.36568,-0.34891,-0.33024,-0.31158,-0.21266,-0.29291,-0.28131,-0.27667,-0.26022,-0.26022,-0.26022,-0.26022,-0.26022,-0.26022,-0.26022,-0.21803,-0.26022,-0.26022,-0.2617,-0.28036,-0.28131,-0.28131,-0.28131,-0.28131,-0.28933,-0.3024,-0.2289,-0.30557,-0.32719,-0.42052,-0.49687,-0.52788,-0.55867,-0.596,-0.63334,0.44552,-0.24756,-0.26623,-0.2849,-0.30356,-0.32223,-0.3409,-0.35956,-0.39078,-0.41799,-0.44435,0.42686,-0.48169,-0.52187,-0.57744,-0.61478,-0.66877,-0.71053,-0.75968,-0.81568,-0.87168,-0.92768,0.40819,-0.98368,-1.0397,-1.0773,-1.1306,-1.1731,-1.2215,-1.2688,-1.3062,-1.3435,-1.3808,0.38952,-1.4182,-1.4379,-1.4717,-1.4963,-1.515,-1.5337,-1.5468,-1.5438,-1.5251,-1.5064,0.37086,-1.4878,-1.4547,-1.4173,-1.38,-1.3355,-1.2795,-1.2235,-1.1675,-1.0929,-1.0183,0.35219,-0.92989,-0.83656,-0.74323,-0.64989,-0.55255,-0.44214,-0.34881,-0.23765,-0.14105,-0.034745,0.0,0.0
0.31516,0.25445,0.18585,1.4143,1.4547,1.4952,1.5202,1.5405,1.5565,1.5565,1.5377,1.5043,1.4714,0.17014,1.4472,1.3865,1.3258,1.2651,1.1991,1.1182,1.0372,0.95626,0.86665,0.76547,0.15999,0.66429,0.5631,0.46192,0.35434,0.23369,0.13251,0.031324,-0.079622,-0.1969,-0.29809,0.15999,-0.39927,-0.50046,-0.60164,-0.70095,-0.78189,-0.86284,-0.94379,-1.0195,-1.0802,-1.1409,0.15999,-1.1874,-1.2279,-1.2684,-1.3088,-1.3317,-1.3519,-1.3722,-1.3917,-1.3917,-1.407,0.15999,-1.4176,-1.4135,-1.3933,-1.373,-1.3397,-1.3067,-1.2846,-1.2442,-1.2037,-1.1632,0.15999,-1.1227,-1.0823,-1.022,-0.96131,-0.9006,-0.83989,-0.77918,-0.70095,-0.62,-0.53905,0.15999,-0.45875,-0.39804,-0.32207,-0.23149,-0.13432,-0.053373,0.027574,0.10852,0.18947,0.27216,0.15779,0.37334,0.45817,0.53912,0.62517,0.72635,0.80782,0.88877,0.97818,1.0765,1.1575,0.13755,1.221,1.2935,1.3682,1.4289,1.4897,1.5504,1.6015,1.642,1.6825,1.7044,0.23757,0.13412,1.7246,1.7448,1.7634,1.7634,1.7471,1.7269,1.7016,1.6611,1.6206,1.5802,0.13412,1.5313,1.4678,1.3869,1.3059,1.225,1.1379,1.0367,0.93551,0.83433,0.72364,0.12856,0.6061,0.50491,0.38524,0.26382,0.1424,0.019363,-0.12229,-0.24772,-0.36914,-0.49056,0.10833,-0.61198,-0.7334,-0.84086,-0.94204,-1.0432,-1.1444,-1.2283,-1.2975,-1.3643,-1.4443,0.10826,-1.4848,-1.5253,-1.5658,-1.6024,-1.6227,-1.6429,-1.6503,-1.6503,-1.6503,-1.6503,0.093715,-1.6342,-1.6139,-1.5937,-1.5735,-1.5337,-1.4932,-1.4527,-1.4123,-1.3718,-1.3141,0.073479,-1.265,-1.2185,-1.1574,-1.0765,-1.0105,-0.94043,-0.86323,-0.80252,-0.72345,-0.6425,0.053242,-0.56155,-0.48061,-0.39966,-0.31871,-0.23777,-0.15682,-0.075872,-0.014386,0.06016,0.14111,0.033005,0.22205,0.303,0.38395,0.46489,0.53989,0.60093,0.68187,0.74788,0.80859,0.8693,0.012769,0.93001,0.97243,1.0129,1.0534,1.0938,1.1343,1.1748,1.2153,1.251,1.2712,0.22858,-0.019752,1.2914,1.3254,1.3578,1.378,1.3982,1.4185,1.4387,1.4589,1.4789,1.4789,-0.060226,1.4641,1.4438,1.4236,1.4033,1.3831,1.3629,1.3357,1.2965,1.2763,1.2401,-0.1007,1.1996,1.1639,1.1436,1.1041,1.0773,1.049,1.0085,0.96803,0.94463,0.91295,-0.14117,0.87247,0.832,0.79153,0.75105,0.71058,0.67011,0.62963,0.58916,0.53614,0.48235,-0.18165,0.44188,0.4014,0.36093,0.32046,0.27998,0.23951,0.19904,0.15856,0.12611,0.10348,-0.23214,0.063005,0.039535,0.019299,-0.000938,-0.021175,-0.041412,-0.046907,-0.056023,-0.072769,-0.072769,-0.29285,-0.090872,-0.09863,-0.10548,-0.12449,-0.12449,-0.12449,-0.12449,-0.12449,-0.12449,-0.12449,-0.35356,-0.13807,-0.15035,-0.15035,-0.15035,-0.15035,-0.15035,-0.15035,-0.15035,-0.15035,-0.15035,-0.41427,-0.15941,-0.17622,-0.17622,-0.17622,-0.17622,-0.183,-0.20208,-0.20208,-0.20208,-0.21223,-0.47498,-0.22794,-0.22794,-0.24708,-0.26731,-0.28755,-0.30779,-0.32802,-0.34826,0.21171,-0.54345,-0.6244,-0.70534,-0.78629,-0.86724,-0.94818,-1.0291,-1.1101,-1.191,-1.272,0.21171,-1.3497,-1.4104,-1.489,-1.5577,-1.6184,-1.6781,-1.7186,-1.7591,-1.7896,-1.8098,0.19374,-1.8301,-1.8503,-1.8439,-1.8237,-1.8014,-1.7609,-1.7204,-1.6799,-1.6286,-1.5477,0.18585,-1.4868,-1.4116,-1.3219,-1.2239,-1.1429,-1.0264,-0.91715,-0.81597,-0.71388,-0.59246,0.18585,-0.47104,-0.35951,-0.25406,-0.13264,-0.011218,0.096948,0.20576,0.32518,0.42636,0.52754,0.18585,0.62873,0.72991,0.83109,0.93228,1.0191,1.1001,1.1779,1.2386,1.2993,1.36,0.0,0.0
1.7886,1.7222,1.451,-0.62585,-0.64244,-0.65903,-0.67562,-0.69679,-0.72025,-0.73684,-0.76001,-0.78147,-0.79835,1.4344,-0.82323,-0.84812,-0.87301,-0.8979,-0.92279,-0.94767,-0.97256,-0.99745,-1.0223,-1.0472,1.3938,-1.0721,-1.097,-1.1219,-1.1468,-1.1717,-1.1966,-1.2214,-1.2463,-1.2712,-1.2901,1.362,-1.3095,-1.3344,-1.3513,-1.3728,-1.3959,-1.4125,-1.4291,-1.4457,-1.4617,-1.47,1.3337,-1.484,-1.4981,-1.5064,-1.5224,-1.5344,-1.5427,-1.551,-1.5593,-1.5676,-1.5756,1.2922,-1.5756,-1.581,-1.587,-1.587,-1.5945,-1.5985,-1.5985,-1.5985,-1.5985,-1.5985,1.2645,-1.5985,-1.5985,-1.5985,-1.5985,-1.5985,-1.5913,-1.587,-1.5862,-1.5779,-1.5756,1.2396,-1.5727,-1.5644,-1.5561,-1.5478,-1.5395,-1.5313,-1.5161,-1.5032,-1.4943,-1.4778,1.2147,-1.4612,-1.4471,-1.4389,-1.4228,-1.4062,-1.3896,-1.3731,-1.3499,-1.325,-1.3004,1.1898,-1.2838,-1.2563,-1.2254,-1.2006,-1.1757,-1.1508,-1.1247,-1.0916,-1.0647,-1.0366,1.6919,1.1478,-1.0035,-0.97857,-0.94853,-0.91735,-0.89246,-0.86758,-0.83868,-0.80636,-0.78147,-0.75658,1.1057,-0.73169,-0.70681,-0.67391,-0.64559,-0.6207,-0.59581,-0.57092,-0.54232,-0.51028,-0.49369,1.0808,-0.47137,-0.44648,-0.4216,-0.40443,-0.38326,-0.35981,-0.34321,-0.32662,-0.31003,-0.29344,1.0559,-0.27685,-0.26025,-0.24366,-0.22707,-0.21792,-0.20533,-0.18988,-0.18159,-0.17329,-0.16499,1.0173,-0.1567,-0.1484,-0.14011,-0.13181,-0.12351,-0.12237,-0.11837,-0.11007,-0.10177,-0.093478,0.97184,-0.088043,-0.088043,-0.080033,-0.071737,-0.065157,-0.065157,-0.058292,-0.049996,-0.0417,-0.033404,0.94695,-0.025108,-0.016812,-0.008516,0.007504,0.019519,0.029245,0.045837,0.055849,0.067578,0.08417,0.92206,0.10076,0.11192,0.1225,0.13909,0.15569,0.17228,0.18887,0.20546,0.22205,0.23865,0.88687,0.25524,0.27183,0.28327,0.29357,0.31016,0.32675,0.33934,0.34764,0.35593,0.37024,0.83824,0.38397,0.39226,0.40056,0.40886,0.41715,0.42545,0.43374,0.44204,0.45034,0.45863,1.6756,0.82165,0.46693,0.47522,0.48352,0.48409,0.48867,0.49553,0.49553,0.49553,0.49897,0.50698,0.79962,0.50698,0.50698,0.50927,0.51756,0.52586,0.53415,0.54245,0.55075,0.55904,0.56734,0.76558,0.57563,0.58393,0.59222,0.60052,0.60882,0.61711,0.62941,0.64601,0.6626,0.67919,0.70751,0.69578,0.71237,0.73697,0.757,0.77531,0.8002,0.82508,0.84997,0.87486,0.89975,0.69406,0.92463,0.94952,0.97441,0.9993,1.0196,1.0376,1.0625,1.0874,1.1089,1.1257,0.6686,1.1506,1.1701,1.189,1.2138,1.2313,1.2522,1.2759,1.2925,1.3091,1.3257,0.6317,1.3423,1.3589,1.3755,1.3921,1.4087,1.4253,1.4378,1.447,1.4636,1.4802,0.62341,1.4939,1.5022,1.5185,1.5302,1.5385,1.5468,1.5551,1.5634,1.5717,1.58,0.59623,1.5883,1.5966,1.6049,1.6132,1.6215,1.6298,1.6381,1.6464,1.6547,1.663,0.56305,1.6713,1.6796,1.6879,1.6962,1.7045,1.7085,1.7085,1.7085,1.6341,0.52986,0.52157,0.51327,0.49496,0.44519,0.40256,0.3731,0.35479,0.32161,0.30044,1.6141,0.28098,0.2561,0.2232,0.19488,0.17171,0.15511,0.11793,0.076446,0.036111,0.011223,1.5854,-0.007944,-0.032259,-0.073739,-0.092047,-0.11322,-0.1424,-0.19217,-0.21563,-0.23222,-0.24853,1.5465,-0.25682,-0.29229,-0.33063,-0.33892,-0.34722,-0.35552,-0.36724,-0.40043,-0.41473,-0.41988,1.53,-0.41988,-0.42818,-0.43132,-0.43333,-0.44162,-0.44992,-0.45821,-0.46651,-0.47481,-0.4831,1.4893,-0.4914,-0.49969,-0.516,-0.52773,-0.53602,-0.54432,-0.55948,-0.57607,-0.59266,-0.60926,1.0,1.0
-2.0022,-1.9077,-1.7467,-0.74702,-0.73758,-0.73591,-0.7298,-0.72481,-0.72203,-0.7137,-0.7137,-0.70481,-0.69537,-1.7317,-0.69148,-0.69148,-0.68926,-0.68038,-0.68038,-0.68038,-0.67371,-0.66927,-0.66927,-0.6676,-1.72,-0.65816,-0.65816,-0.65039,-0.64094,-0.6315,-0.62206,-0.61262,-0.60318,-0.59374,-0.5843,-1.7017,-0.57486,-0.56153,-0.54487,-0.53487,-0.51599,-0.50543,-0.49599,-0.48655,-0.47378,-0.45656,-1.6923,-0.44712,-0.43768,-0.42824,-0.4188,-0.4138,-0.41102,-0.40158,-0.39214,-0.39158,-0.39158,-1.6828,-0.39158,-0.38769,-0.38047,-0.38047,-0.38047,-0.37214,-0.36937,-0.36437,-0.35493,-0.34549,-1.6734,-0.33604,-0.3266,-0.31716,-0.30772,-0.29828,-0.28884,-0.27829,-0.2594,-0.24941,-0.23275,-1.6639,-0.21942,-0.20609,-0.18943,-0.17943,-0.16055,-0.14166,-0.12945,-0.11501,-0.096124,-0.078908,-1.6545,-0.069466,-0.050584,-0.039476,-0.030035,-0.01615,-4.5e-05,0.009397,0.018838,0.028279,0.037721,-1.6451,0.041608,0.045496,0.054937,0.063823,0.063823,0.072154,0.074931,0.074931,0.074931,0.076597,-1.8833,-1.6356,0.086038,0.086038,0.086038,0.086038,0.090481,0.097146,0.098256,0.1077,0.10825,0.11547,-1.6262,0.12491,0.13436,0.1438,0.15324,0.16268,0.17212,0.18156,0.196,0.21155,0.22099,-1.6167,0.23043,0.24932,0.2682,0.28097,0.29486,0.31096,0.32152,0.3404,0.3504,0.36706,-1.6073,0.38039,0.39371,0.41038,0.41982,0.42926,0.4387,0.44814,0.45758,0.46702,0.47646,-1.5979,0.48591,0.49535,0.50479,0.51423,0.51923,0.52201,0.53145,0.54089,0.55033,0.55255,-1.5912,0.5581,0.56366,0.56366,0.56366,0.56366,0.57199,0.57477,0.57976,0.58587,0.58754,-1.5901,0.59698,0.60642,0.61586,0.6253,0.63475,0.64419,0.65363,0.66307,0.67251,0.68195,-1.5806,0.69139,0.70084,0.7125,0.73083,0.74027,0.74971,0.75915,0.76859,0.77803,0.78747,-1.5801,0.79691,0.79691,0.80469,0.81413,0.82357,0.83024,0.83135,0.84079,0.84134,0.84856,-1.5729,0.85801,0.86356,0.86578,0.87467,0.87467,0.87467,0.88133,0.88577,0.88577,0.88744,-1.8678,-1.5634,0.89688,0.89688,0.89688,0.89688,0.89688,0.89688,0.89799,0.90743,0.90799,0.90799,-1.554,0.90799,0.90799,0.90799,0.90799,0.90799,0.91632,0.9191,0.9191,0.92243,0.93187,-1.5423,0.94131,0.94131,0.94909,0.95853,0.96353,0.9663,0.97574,0.98519,0.98574,0.99296,-1.524,1.0024,1.0118,1.0191,1.0196,1.0291,1.0385,1.0479,1.0574,1.0635,1.0652,-1.5145,1.0746,1.084,1.0935,1.1029,1.1124,1.1218,1.1312,1.1407,1.1501,1.1596,-1.4968,1.169,1.1785,1.1879,1.1973,1.2068,1.2162,1.2257,1.2351,1.2445,1.254,-1.4846,1.2634,1.2729,1.2823,1.2918,1.3012,1.3106,1.3201,1.3295,1.339,1.3484,-1.4701,1.3578,1.3712,1.3878,1.3978,1.4167,1.4273,1.4434,1.4573,1.47,1.4889,-1.4512,1.5078,1.5267,1.5456,1.5644,1.5878,1.6133,1.6322,1.6511,1.6788,1.7,-1.434,1.7244,1.7527,1.781,1.8094,1.8377,1.866,1.901,1.9338,-1.8489,-1.4246,-1.4057,-1.3946,-1.379,-1.3646,-1.3552,-1.3457,-1.3363,-1.3268,-1.3174,-1.8328,-1.3135,-1.3096,-1.3024,-1.3024,-1.3024,-1.3024,-1.3024,-1.2974,-1.2913,-1.2913,-1.8222,-1.2913,-1.2818,-1.2802,-1.2741,-1.2646,-1.2552,-1.2457,-1.2363,-1.2269,-1.2174,-1.8033,-1.2024,-1.1835,-1.1669,-1.1569,-1.138,-1.1108,-1.0891,-1.0702,-1.0514,-1.0325,-1.7845,-1.0136,-0.98528,-0.96473,-0.94584,-0.92696,-0.90808,-0.8892,-0.87031,-0.85143,-0.83977,-1.7656,-0.82477,-0.80978,-0.80034,-0.7909,-0.78145,-0.77201,-0.76257,-0.75813,-0.7548,-0.74702,3.0,5.0
1.0067,1.0067,1.0067,1.9117,1.9692,2.0519,2.0949,2.1237,2.1525,2.1812,2.2026,2.1987,2.1699,0.98115,2.1411,2.0868,2.0293,1.9718,1.8994,1.8131,1.7268,1.6405,1.5536,1.4385,0.97436,1.3234,1.2084,1.0933,0.97824,0.85154,0.71579,0.59621,0.45238,0.30855,0.16472,0.95594,0.020893,-0.10387,-0.23444,-0.36631,-0.48978,-0.62876,-0.74253,-0.82882,-0.94162,-1.0337,0.94204,-1.1006,-1.174,-1.248,-1.2968,-1.3256,-1.3544,-1.3831,-1.4119,-1.4174,-1.4371,0.94204,-1.4497,-1.4371,-1.4174,-1.4119,-1.3831,-1.3544,-1.3527,-1.3292,-1.2803,-1.2393,0.93428,-1.2105,-1.1724,-1.1149,-1.0596,-1.0308,-0.97459,-0.91706,-0.85953,-0.78519,-0.71214,0.90972,-0.65461,-0.59094,-0.50464,-0.41835,-0.35985,-0.27808,-0.19178,-0.10548,-0.019185,0.057093,0.90972,0.12109,0.21029,0.32536,0.4123,0.4986,0.58489,0.67119,0.75749,0.84378,0.93008,0.90972,1.0164,1.1027,1.1605,1.2429,1.3079,1.3654,1.423,1.4805,1.538,1.592,1.0067,0.90972,1.6208,1.6495,1.6783,1.7071,1.7358,1.7501,1.7391,1.7103,1.6815,1.6495,0.90972,1.3331,1.2465,1.167,1.0623,0.96208,0.86447,0.74941,0.63434,0.51928,0.40422,0.90972,0.2633,0.14177,0.007965,-0.12067,-0.24737,-0.3912,-0.5305,-0.64556,-0.76063,-0.87569,0.89453,-0.99075,-1.1058,-1.2054,-1.2917,-1.378,-1.4594,-1.5169,-1.5745,-1.632,-1.6666,0.8774,-1.7147,-1.7564,-1.7852,-1.7965,-1.7677,-1.739,-1.7102,-1.6814,-1.6527,-1.6239,0.8774,-1.579,-1.5215,-1.4639,-1.4064,-1.3489,-1.2913,-1.2338,-1.1763,-1.1187,-1.0612,0.8774,-0.99075,-0.91383,-0.8563,-0.79876,-0.74123,-0.6837,-0.62617,-0.56864,-0.4943,-0.42126,0.87643,-0.36373,-0.30619,-0.24866,-0.19113,-0.1058,-0.043749,0.013783,0.071314,0.12885,0.17636,0.84766,0.21159,0.26912,0.32665,0.35606,0.40939,0.44591,0.47468,0.51734,0.56453,0.5933,0.8189,0.62206,0.65083,0.67959,0.70836,0.73712,0.76589,0.79466,0.82342,0.85219,0.88095,1.0067,0.67701,0.90972,0.93848,0.91683,0.90972,0.89162,0.86285,0.83409,0.81276,0.80888,0.78011,0.59976,0.75135,0.72258,0.69381,0.64663,0.60396,0.5752,0.53867,0.48534,0.45593,0.3984,0.53997,0.34087,0.30564,0.25813,0.21579,0.17539,0.12594,0.092646,0.036084,0.007319,-0.021447,0.46563,-0.072837,-0.1113,-0.15558,-0.20115,-0.23832,-0.291,-0.32106,-0.37859,-0.40962,-0.43839,0.39969,-0.46715,-0.49592,-0.52468,-0.55345,-0.57704,-0.57543,-0.54666,-0.5179,-0.5124,-0.5124,0.31825,-0.5124,-0.5124,-0.5124,-0.5124,-0.5124,-0.5124,-0.5124,-0.5124,-0.5124,-0.5124,0.25942,-0.5124,-0.50303,-0.48008,-0.48008,-0.48008,-0.48008,-0.48008,-0.48008,-0.48008,-0.46683,0.17312,-0.44776,-0.44776,-0.44776,-0.44776,-0.44776,-0.44776,-0.44776,-0.44776,-0.44776,-0.44776,0.086828,-0.44776,-0.44776,-0.44776,-0.47588,-0.48008,-0.48008,-0.49753,-0.5124,-0.5124,-0.5124,0.000531,-0.51563,-0.5444,-0.54472,-0.51984,-0.5124,-0.49462,-0.48008,-0.46941,1.0067,-0.10516,-0.20438,-0.30296,-0.4093,-0.49559,-0.58189,-0.66819,-0.75448,-0.84078,-0.92708,1.0067,-1.0134,-1.0871,-1.1446,-1.2021,-1.2597,-1.3172,-1.3476,-1.3763,-1.4051,-1.4339,1.0067,-1.4368,-1.408,-1.3792,-1.3505,-1.3217,-1.2655,-1.2079,-1.1504,-1.0929,-1.0354,1.0067,-0.97782,-0.91415,-0.83044,-0.77291,-0.68758,-0.60128,-0.51499,-0.42869,-0.34239,-0.2561,1.0067,-0.16334,-0.051182,0.035114,0.14953,0.26459,0.37966,0.49472,0.60978,0.72484,0.8399,1.0067,0.95173,1.038,1.1528,1.2678,1.3829,1.4802,1.5665,1.6634,1.7714,1.8541,0.0,0.0
0.75596,0.75596,0.78942,-0.22218,-0.13312,-0.067739,-0.006476,0.082587,0.17165,0.26071,0.34977,0.46046,0.55364,0.80744,0.6427,0.75596,0.79509,0.90989,1.0247,1.1138,1.2028,1.2919,1.3552,1.3995,0.80744,1.4561,1.5367,1.5828,1.6515,1.696,1.7341,1.7341,1.7524,1.7598,1.7555,0.79483,1.7109,1.6664,1.5869,1.4955,1.4252,1.3055,1.1647,1.0126,0.85995,0.70757,0.7817,0.56033,0.49856,0.34463,0.18529,0.025957,-0.12952,-0.26697,-0.39259,-0.50842,-0.64201,0.7817,-0.71125,-0.80032,-0.91409,-1.0042,-1.0675,-1.1308,-1.1972,-1.2575,-1.3033,-1.3051,0.79921,-1.3496,-1.3548,-1.3548,-1.3548,-1.3105,-1.266,-1.2472,-1.2026,-1.1416,-1.0783,0.80744,-0.98925,-0.90019,-0.81113,-0.72207,-0.60675,-0.53107,-0.44252,-0.31433,-0.20108,-0.084727,0.80744,0.040372,0.17397,0.30756,0.36393,0.47179,0.60538,0.73897,0.84683,0.97424,1.0883,0.80744,1.1961,1.2708,1.3562,1.4453,1.5344,1.5977,1.6589,1.7243,1.748,1.7598,0.75596,0.80744,1.7856,1.7668,1.748,1.7292,1.6847,1.6144,1.5601,1.5024,1.4592,1.3848,0.80744,1.3068,1.2177,1.1287,1.0139,0.89342,0.78428,0.70448,0.5956,0.48774,0.37654,0.80899,0.2463,0.13844,0.006394,-0.103,-0.15938,-0.26723,-0.3756,-0.4904,-0.6052,-0.72001,0.83318,-0.80907,-0.89813,-0.98719,-1.0248,-1.0927,-1.163,-1.2333,-1.2781,-1.3481,-1.3926,0.80744,-1.4063,-1.4302,-1.4747,-1.4935,-1.5123,-1.535,-1.5607,-1.5607,-1.5607,-1.5607,0.80744,-1.5478,-1.535,-1.535,-1.4915,-1.4727,-1.4539,-1.432,-1.4063,-1.3805,-1.3787,0.78222,-1.3548,-1.3154,-1.2775,-1.2521,-1.2075,-1.163,-1.1442,-1.1231,-1.0809,-1.0364,0.75596,-0.99183,-0.9473,-0.92851,-0.88397,-0.83944,-0.79491,-0.75038,-0.70585,-0.66132,-0.63403,0.73022,-0.598,-0.55346,-0.50893,-0.4644,-0.41987,-0.37534,-0.35089,-0.31202,-0.26749,-0.22295,0.72585,-0.17842,-0.13389,-0.089361,-0.044829,-0.000298,0.044233,0.088764,0.1333,0.17783,0.22236,0.75596,0.68131,0.26689,0.31142,0.35595,0.40048,0.44501,0.48955,0.53408,0.58144,0.62726,0.66767,0.63678,0.7122,0.75673,0.80127,0.8458,0.89033,0.95931,1.0051,1.0754,1.1235,1.1902,0.60152,1.2502,1.305,1.3753,1.4198,1.4643,1.5089,1.5534,1.5722,1.5539,1.5495,0.57346,1.5282,1.4862,1.4417,1.3714,1.3269,1.2682,1.2378,1.1676,1.104,1.027,0.52893,0.95159,0.88647,0.79921,0.75596,0.70139,0.63498,0.57166,0.50834,0.44501,0.37577,0.4844,0.3055,0.23523,0.21541,0.17191,0.10163,0.053242,-0.013168,-0.073402,-0.12797,-0.1725,0.43987,-0.19644,-0.23582,-0.27366,-0.29915,-0.32515,-0.32515,-0.32515,-0.32515,-0.2994,-0.2994,0.39508,-0.2994,-0.27804,-0.27366,-0.27366,-0.24792,-0.24792,-0.22218,-0.22218,-0.22218,-0.19644,0.32506,-0.1707,-0.16735,-0.14496,-0.11922,-0.11098,-0.093479,-0.093479,-0.067739,-0.067739,-0.04277,0.26843,-0.041998,-0.041998,-0.041998,-0.041998,-0.026039,-0.016257,-0.016257,-0.016257,0.75596,0.20511,0.16393,0.095457,0.025185,-0.045087,-0.1115,-0.18563,-0.26388,-0.35192,-0.37663,0.75596,-0.45385,-0.51717,-0.60623,-0.66955,-0.75862,-0.84382,-0.911,-0.94858,-1.0032,-1.0734,0.7817,-1.118,-1.1625,-1.2137,-1.2773,-1.3404,-1.3805,-1.4109,-1.4554,-1.4999,-1.535,0.7817,-1.5633,-1.6078,-1.6523,-1.6637,-1.6899,-1.7344,-1.7532,-1.7978,-1.8181,-1.8009,0.7817,-1.7821,-1.7375,-1.693,-1.6485,-1.5782,-1.5092,-1.4891,-1.4057,-1.3167,-1.2026,0.7817,-1.1128,-0.99801,-0.8832,-0.77123,-0.71125,-0.64175,-0.55269,-0.46363,-0.37457,-0.31125,0.0,0.0
-1.8316,-1.8229,-1.6389,-0.82761,-0.81806,-0.80084,-0.79157,-0.77662,-0.76413,-0.7524,-0.73669,-0.72809,-0.71948,-1.6217,-0.71087,-0.69697,-0.68343,-0.67482,-0.66621,-0.6576,-0.649,-0.64039,-0.63178,-0.6258,-1.6045,-0.62478,-0.61617,-0.61558,-0.60917,-0.60536,-0.60536,-0.60536,-0.60536,-0.60536,-0.60536,-1.5873,-0.60536,-0.60161,-0.59515,-0.59515,-0.59515,-0.58761,-0.579,-0.57039,-0.56178,-0.55317,-1.5701,-0.54457,-0.53596,-0.52086,-0.50852,-0.49664,-0.48108,-0.47242,-0.45521,-0.44504,-0.43099,-1.5529,-0.4176,-0.40677,-0.39017,-0.38156,-0.37295,-0.36434,-0.35134,-0.33969,-0.33851,-0.32991,-1.5405,-0.3213,-0.31269,-0.30408,-0.29882,-0.29708,-0.2886,-0.2886,-0.28147,-0.27838,-0.27447,-1.5319,-0.26816,-0.26747,-0.25886,-0.25025,-0.24165,-0.23304,-0.22443,-0.21457,-0.19735,-0.18838,-1.5233,-0.17977,-0.16613,-0.15234,-0.14192,-0.1247,-0.10748,-0.097466,-0.083263,-0.066045,-0.048827,-1.5147,-0.032376,-0.023767,-0.007392,0.009825,0.027043,0.041323,0.05126,0.068478,0.077368,0.092695,-1.8073,-1.5061,0.1048,0.11691,0.13224,0.14085,0.14946,0.15807,0.16668,0.17528,0.18389,0.1925,-1.4975,0.20111,0.20972,0.21833,0.22694,0.23555,0.24416,0.25276,0.25297,0.25297,0.25297,-1.4889,0.25297,0.25297,0.25297,0.25297,0.25297,0.25872,0.26319,0.26319,0.26411,0.27272,-1.4841,0.2734,0.27971,0.28832,0.30002,0.31576,0.32437,0.34146,0.3518,0.36568,0.38289,-1.4819,0.39807,0.40711,0.42433,0.43411,0.44855,0.46576,0.48038,0.48998,0.5072,0.51642,-1.4733,0.53142,0.54386,0.55247,0.56263,0.57985,0.58851,0.59712,0.61107,0.62455,0.63316,-1.4647,0.64177,0.65038,0.65899,0.6676,0.67621,0.68482,0.69343,0.70203,0.71064,0.71925,-1.4561,0.72786,0.73647,0.74671,0.76391,0.77251,0.78112,0.78973,0.79834,0.80915,0.82578,-1.4474,0.83439,0.843,0.8516,0.86458,0.87904,0.88765,0.89626,0.90487,0.91348,0.92701,-1.4433,0.94091,0.94952,0.95813,0.96674,0.97535,0.98396,0.99256,1.0012,1.0098,1.0184,-1.7847,-1.4405,1.027,1.0356,1.0442,1.0528,1.0614,1.07,1.0787,1.0806,1.0857,1.0909,-1.433,1.0927,1.1011,1.1011,1.1011,1.1067,1.1113,1.1113,1.1113,1.1113,1.1113,-1.433,1.1113,1.1158,1.1215,1.1215,1.1215,1.1298,1.1317,1.1317,1.1352,1.142,-1.4248,1.142,1.142,1.142,1.142,1.146,1.1522,1.1522,1.1522,1.16,1.1624,-1.4228,1.167,1.1726,1.174,1.1826,1.1828,1.1896,1.193,1.1966,1.2052,1.2135,-1.4228,1.2135,1.2208,1.2294,1.2339,1.2364,1.2441,1.2441,1.252,1.2544,1.2544,-1.4195,1.2574,1.2646,1.2646,1.2646,1.2646,1.2646,1.2646,1.2646,1.2646,1.2646,-1.4126,1.2646,1.2646,1.2688,1.2748,1.2758,1.2844,1.285,1.2914,1.3,1.3086,-1.4125,1.3172,1.3258,1.3429,1.3602,1.3774,1.3983,1.4241,1.45,1.4758,1.5091,-1.4038,1.5435,1.578,1.6151,1.6581,1.7011,1.7442,1.7937,1.8453,-1.7627,-1.4024,-1.3968,-1.3922,-1.3898,-1.3812,-1.3726,-1.3717,-1.3656,-1.3615,-1.3586,-1.7433,-1.35,-1.3414,-1.3411,-1.3344,-1.3258,-1.3172,-1.3086,-1.3,-1.2914,-1.29,-1.718,-1.2844,-1.2758,-1.2695,-1.2688,-1.2601,-1.2593,-1.2593,-1.2593,-1.2564,-1.2491,-1.7008,-1.2491,-1.2408,-1.2389,-1.2338,-1.2252,-1.2165,-1.2079,-1.1993,-1.1834,-1.1662,-1.676,-1.1531,-1.142,-1.1248,-1.1075,-1.0903,-1.0731,-1.0559,-1.0356,-1.0112,-0.99401,-1.6562,-0.9768,-0.95958,-0.94236,-0.92875,-0.91814,-0.90093,-0.88371,-0.86649,-0.85505,-0.84227,3.0,5.0
0.56645,0.58436,0.59732,1.6038,1.681,1.7706,1.8268,1.8805,1.9311,1.9669,2.0027,2.0237,2.0237,0.61523,2.0237,2.012,1.9694,1.862,1.7385,1.6409,1.5668,1.4773,1.3334,1.1994,0.61585,1.1098,1.0203,0.93077,0.84123,0.7517,0.66216,0.57262,0.48309,0.39355,0.29105,0.61585,0.18978,0.10024,0.010702,-0.089332,-0.23383,-0.52034,-0.64384,-0.73338,-0.82168,-0.89331,0.61585,-0.96494,-1.0366,-1.1082,-1.1632,-1.207,-1.2428,-1.2786,-1.3002,-1.3181,-1.3348,0.61585,-1.3169,-1.3107,-1.3009,-1.265,-1.2292,-1.1842,-1.128,-1.0563,-0.9847,-0.91307,0.63067,-0.84144,-0.7519,-0.66237,-0.57283,-0.48329,-0.37832,-0.27088,-0.16528,-0.075747,0.026757,0.64055,0.1342,0.24165,0.34909,0.45653,0.56398,0.67142,0.77887,0.88631,0.99252,1.0821,0.64055,1.1716,1.2611,1.3507,1.4235,1.4952,1.5637,1.6174,1.6711,1.7175,1.7533,0.64055,1.7891,1.8132,1.8311,1.849,1.8508,1.8508,1.8335,1.7082,1.5964,1.489,0.59115,0.64055,1.3815,1.3099,1.2383,1.145,0.98388,0.8999,0.81962,0.73194,0.66031,0.57571,0.64055,0.48617,0.39664,0.28981,0.19286,0.099622,-0.007823,-0.11527,-0.22271,-0.32892,-0.41846,0.64055,-0.52034,-0.67225,-0.92295,-1.0069,-1.0786,-1.1471,-1.2008,-1.2545,-1.3009,-1.3361,0.64055,-1.354,-1.3719,-1.3848,-1.3848,-1.3848,-1.3848,-1.3824,-1.3645,-1.333,-1.2972,0.64055,-1.2613,-1.2255,-1.1786,-1.1249,-1.0712,-1.0174,-0.96371,-0.90813,-0.8365,-0.76487,0.64055,-0.68707,-0.59753,-0.52528,-0.44316,-0.35362,-0.26408,-0.17455,-0.08501,0.005762,0.11321,0.64055,0.2083,0.3034,0.41084,0.51828,0.61585,0.70538,0.79492,0.88446,0.96659,1.0388,0.64055,1.1284,1.2062,1.2729,1.3266,1.3803,1.434,1.4853,1.5211,1.5569,1.5859,0.63314,1.6038,1.6217,1.6285,1.6242,1.6063,1.5421,1.4878,1.4408,1.2976,1.2191,0.61585,1.1654,1.1117,1.0061,0.93015,0.86161,0.73626,0.65537,0.59177,0.53557,0.44604,0.59115,0.61585,0.36885,0.29722,0.22559,0.13729,0.047752,-0.041785,-0.13132,-0.23506,-0.3351,-0.43142,0.60412,-0.71794,-0.8754,-0.96,-1.0316,-1.1033,-1.1749,-1.244,-1.2978,-1.3515,-1.3984,0.58621,-1.4342,-1.4521,-1.4701,-1.4836,-1.4836,-1.4836,-1.4836,-1.4836,-1.4836,-1.4707,0.5683,-1.4466,-1.4108,-1.3922,-1.3638,-1.3317,-1.3138,-1.2811,-1.2453,-1.2095,-1.1737,0.55039,-1.1378,-1.0965,-1.0427,-1.0057,-0.96988,-0.93098,-0.87726,-0.83774,-0.79451,-0.74141,0.53249,-0.70559,-0.65805,-0.60926,-0.57345,-0.52158,-0.47712,-0.4413,-0.40549,-0.36968,-0.34065,0.51458,-0.32275,-0.28693,-0.26223,-0.24432,-0.22642,-0.22395,-0.24124,-0.2752,-0.29311,-0.31101,0.49667,-0.32275,-0.32275,-0.34004,-0.34745,-0.35115,-0.36906,-0.37215,-0.37215,-0.37338,-0.39129,0.3565,-0.39684,-0.4024,-0.42031,-0.42154,-0.42154,-0.42463,-0.44254,-0.44624,-0.45365,-0.47094,0.22497,-0.47094,-0.48268,-0.49564,-0.49564,-0.49564,-0.50491,-0.52281,-0.54072,0.59115,0.17125,0.045899,-0.046107,-0.11774,-0.18937,-0.27643,-0.35733,-0.42895,-0.50058,-0.57221,0.59115,-0.63767,-0.69139,-0.7624,-0.82353,-0.87726,-0.93098,-0.96988,-1.0057,-1.0415,-1.0773,0.59115,-1.1008,-1.1187,-1.1366,-1.1378,-1.1378,-1.1378,-1.1378,-1.1236,-1.1057,-1.0878,0.59115,-1.0699,-1.0403,-1.0045,-0.96865,-0.91678,-0.86305,-0.80686,-0.73523,-0.6636,-0.59197,0.59115,-0.52034,-0.43081,-0.34127,-0.24741,-0.13997,-0.032522,0.074922,0.18237,0.28981,0.41022,0.59115,0.5294,0.63684,0.76158,0.87643,0.98758,1.1129,1.2235,1.3229,1.4137,1.5211,2.0,2.0
-0.11713,-0.064622,-0.006001,1.6054,1.5704,1.5354,1.5004,1.4509,1.3984,1.3459,1.282,1.212,1.142,-0.006001,1.0636,0.97611,0.87303,0.77329,0.68578,0.58576,0.47852,0.356,0.24293,0.13791,0.009557,0.016225,-0.1063,-0.22882,-0.33772,-0.44274,-0.54776,-0.64222,-0.72973,-0.81725,-0.90476,0.021781,-0.99227,-1.0651,-1.1306,-1.1831,-1.2356,-1.2868,-1.3218,-1.3568,-1.3918,-1.411,0.021781,-1.4285,-1.446,-1.4635,-1.481,-1.4985,-1.5062,-1.5062,-1.4893,-1.4651,-1.4301,0.009279,-1.3951,-1.3601,-1.3251,-1.2793,-1.2262,-1.1562,-1.0784,-0.99089,-0.91837,-0.83892,-0.006001,-0.7339,-0.62888,-0.52386,-0.41885,-0.30494,-0.18242,-0.076013,0.034839,0.15736,0.27988,-0.006001,0.39962,0.50464,0.60966,0.71467,0.80247,0.88998,0.97749,1.065,1.1447,1.1973,-0.006001,1.2498,1.3023,1.3548,1.3992,1.4342,1.454,1.4765,1.5115,1.522,1.522,-0.006001,1.522,1.5129,1.4954,1.4779,1.4542,1.4192,1.3842,1.3462,1.2937,1.2411,-0.033783,-0.006001,1.1886,1.1361,1.0764,1.0064,0.93638,0.86636,0.79635,0.71495,0.62744,0.53992,-0.006001,0.45241,0.36489,0.26182,0.1568,0.051786,-0.053231,-0.16047,-0.28299,-0.39607,-0.50108,-0.006001,-0.6061,-0.71112,-0.81613,-0.90754,-0.99172,-1.0617,-1.1317,-1.2015,-1.254,-1.3065,-0.019614,-1.359,-1.4115,-1.4596,-1.4946,-1.5179,-1.5368,-1.5718,-1.5982,-1.6157,-1.6332,-0.033783,-1.6452,-1.6452,-1.6579,-1.6729,-1.6729,-1.6632,-1.6457,-1.6282,-1.6107,-1.5932,-0.033783,-1.5618,-1.5268,-1.4918,-1.446,-1.3929,-1.3229,-1.2529,-1.1829,-1.1129,-1.0381,-0.044341,-0.9506,-0.86309,-0.77391,-0.66889,-0.56387,-0.45885,-0.35384,-0.24882,-0.1438,-0.025727,-0.062121,0.094015,0.19903,0.30405,0.40907,0.51408,0.6191,0.72412,0.81497,0.90637,1.0114,-0.097127,1.0942,1.1642,1.2342,1.3042,1.3742,1.429,1.4815,1.534,1.5743,1.6073,-0.12463,1.6248,1.6515,1.6865,1.6887,1.6948,1.7123,1.7165,1.7134,1.6959,1.6887,-0.033783,-0.14213,1.6887,1.6712,1.6537,1.6362,1.6043,1.5734,1.5559,1.527,1.492,1.457,-0.18909,1.422,1.387,1.3364,1.2839,1.2314,1.1664,1.0986,1.0461,0.98416,0.91415,-0.23715,0.84414,0.77413,0.70412,0.6341,0.56743,0.51492,0.46241,0.4099,0.35739,0.31238,-0.27216,0.27738,0.24237,0.20737,0.17236,0.14902,0.13152,0.11402,0.096516,0.079013,0.06151,-0.31883,0.044007,0.026504,0.009001,-0.008502,-0.026004,-0.043507,-0.06101,-0.061566,-0.061566,-0.061566,-0.37273,-0.061566,-0.061566,-0.061566,-0.061566,-0.061566,-0.061566,-0.061566,-0.061566,-0.061566,-0.061566,-0.44274,-0.061566,-0.073512,-0.089348,-0.089348,-0.089348,-0.089348,-0.089348,-0.095183,-0.11269,-0.11713,-0.50414,-0.11713,-0.11713,-0.11713,-0.11713,-0.11713,-0.11713,-0.11713,-0.11713,-0.12102,-0.13852,-0.55665,-0.15603,-0.17436,-0.20937,-0.22826,-0.22826,-0.24354,-0.26104,-0.27855,-0.29605,-0.31355,-0.62499,-0.33105,-0.34856,-0.36606,-0.38356,-0.40718,-0.44218,-0.46385,-0.48136,-0.019337,-0.695,-0.76502,-0.83503,-0.90504,-0.97505,-1.0451,-1.1151,-1.1681,-1.214,-1.249,-0.006001,-1.2979,-1.3432,-1.3607,-1.3782,-1.3957,-1.4132,-1.4229,-1.4229,-1.4229,-1.4135,-0.006001,-1.3784,-1.3554,-1.3362,-1.3012,-1.2573,-1.2048,-1.1523,-1.0998,-1.0473,-0.98172,-0.006001,-0.91171,-0.84169,-0.76168,-0.67417,-0.56943,-0.46441,-0.35939,-0.24021,-0.11769,0.004834,-0.006001,0.13847,0.27849,0.41851,0.55854,0.69856,0.8233,0.94582,1.0683,1.1786,1.2798,-0.006001,1.3498,1.4198,1.4898,1.527,1.562,1.597,1.6187,1.6332,1.6332,1.6229,0.0,0.0
-2.0429,-1.8902,-1.7033,-0.89438,-0.88624,-0.88334,-0.87547,-0.8723,-0.8647,-0.8538,-0.85021,-0.84303,-0.83917,-1.6815,-0.83226,-0.82812,-0.8215,-0.81059,-0.80604,-0.79982,-0.79499,-0.78906,-0.78395,-0.77829,-1.6597,-0.77291,-0.76752,-0.75662,-0.75082,-0.74585,-0.73978,-0.73508,-0.72873,-0.72432,-0.71341,-1.6379,-0.70665,-0.70264,-0.69174,-0.68083,-0.66993,-0.65902,-0.64812,-0.63721,-0.62631,-0.6154,-1.6161,-0.6045,-0.59359,-0.58269,-0.57178,-0.56088,-0.54997,-0.53907,-0.52816,-0.5156,-0.49531,-1.5942,-0.4844,-0.47474,-0.47364,-0.46273,-0.45182,-0.44092,-0.43001,-0.41911,-0.4082,-0.3973,-1.5724,-0.38639,-0.37549,-0.36458,-0.35368,-0.34277,-0.34222,-0.33201,-0.3211,-0.32013,-0.31033,-1.5506,-0.30909,-0.30909,-0.2997,-0.29805,-0.28894,-0.28701,-0.27817,-0.26727,-0.25636,-0.24546,-1.5288,-0.23455,-0.22364,-0.21274,-0.20183,-0.19093,-0.18002,-0.16912,-0.15821,-0.14731,-0.1364,-1.507,-0.1255,-0.11459,-0.10369,-0.092783,-0.081878,-0.070972,-0.060067,-0.049162,-0.032459,-0.016308,-1.8667,-1.4852,-0.005403,0.005502,0.016407,0.027312,0.043187,0.060166,0.071071,0.081976,0.092881,0.10807,-1.4634,0.12573,0.13664,0.14755,0.15845,0.16936,0.18026,0.19117,0.20207,0.21298,0.22098,-1.4416,0.22374,0.23465,0.24555,0.25881,0.27841,0.28931,0.30022,0.31112,0.32203,0.33293,-1.4198,0.34384,0.35474,0.36565,0.37559,0.37642,0.38663,0.38718,0.39767,0.39795,0.40872,-1.4057,0.40872,0.40872,0.41948,0.41976,0.43025,0.4308,0.44102,0.44185,0.45179,0.46269,-1.3872,0.46393,0.47346,0.48436,0.49527,0.50617,0.51708,0.51915,0.52785,0.53875,0.54124,-1.3728,0.54124,0.54938,0.55228,0.56015,0.56332,0.56332,0.57078,0.57436,0.58154,0.58541,-1.3619,0.59231,0.59645,0.60308,0.61398,0.61854,0.62475,0.63565,0.64656,0.65747,0.66837,-1.351,0.67928,0.69018,0.70109,0.71199,0.72787,0.74484,0.75575,0.76665,0.77756,0.78419,-1.3401,0.78833,0.79923,0.81014,0.82104,0.82836,0.83181,0.84271,0.85362,0.86453,0.87543,-1.8556,-1.3292,0.88634,0.89724,0.90815,0.91905,0.92996,0.94086,0.95177,0.96088,0.96253,0.97344,-1.3251,0.98434,0.99525,1.0051,1.006,1.0161,1.0161,1.0166,1.0271,1.0271,1.0271,-1.3184,1.0271,1.038,1.0382,1.0488,1.0597,1.0603,1.0705,1.0814,1.0824,1.0922,-1.3075,1.0934,1.1029,1.1044,1.1044,1.1135,1.1155,1.1155,1.1242,1.1265,1.1265,-1.2966,1.1348,1.1376,1.1376,1.1376,1.1376,1.1376,1.1376,1.1449,1.1486,1.1486,-1.2857,1.1555,1.1597,1.1663,1.1772,1.1881,1.199,1.2099,1.2208,1.2317,1.2426,-1.2748,1.2535,1.2644,1.2806,1.2973,1.3132,1.335,1.3568,1.3786,1.4004,1.4222,-1.2699,1.4482,1.4769,1.5025,1.5315,1.5569,1.5896,1.6191,1.644,1.6768,1.7066,-1.2641,1.7311,1.7612,1.7855,1.8159,1.8377,1.8574,1.8703,1.8903,1.9029,1.9232,-1.2588,1.9341,1.945,1.9559,1.9668,1.9777,1.9886,1.9995,2.0096,-1.8342,-1.2533,-1.2478,-1.2425,-1.2367,-1.2318,-1.2257,-1.221,-1.2101,-1.1992,-1.1883,-1.8123,-1.1774,-1.1705,-1.1627,-1.1446,-1.1337,-1.1228,-1.1119,-1.101,-1.0901,-1.0792,-1.7905,-1.0683,-1.0574,-1.0465,-1.0379,-1.0357,-1.0248,-1.0159,-1.0141,-1.0048,-1.0033,-1.7687,-0.99377,-0.99377,-0.99267,-0.98273,-0.98273,-0.98273,-0.98273,-0.98231,-0.97168,-0.97168,-1.7469,-0.97168,-0.97168,-0.96092,-0.96064,-0.96064,-0.96064,-0.96064,-0.95056,-0.9496,-0.9496,-1.7251,-0.93993,-0.93855,-0.93855,-0.92931,-0.92751,-0.91854,-0.91647,-0.90777,-0.90542,-0.897,3.0,5.0
-2.0066,-1.9737,-1.7094,-0.78794,-0.77971,-0.77148,-0.75994,-0.74518,-0.74518,-0.73856,-0.73032,-0.7238,-0.7238,-1.6815,-0.71632,-0.70809,-0.70242,-0.70232,-0.69408,-0.69173,-0.68831,-0.68008,-0.67185,-0.67035,-1.6543,-0.66608,-0.65785,-0.64961,-0.64138,-0.63315,-0.62492,-0.61647,-0.60001,-0.58954,-0.5813,-1.6215,-0.572,-0.55554,-0.54592,-0.53769,-0.52946,-0.52123,-0.5053,-0.49407,-0.48584,-0.47761,-1.5968,-0.46938,-0.46115,-0.44928,-0.43399,-0.42576,-0.41753,-0.40481,-0.39038,-0.38215,-0.37392,-1.5721,-0.36034,-0.34676,-0.33853,-0.3303,-0.32207,-0.31384,-0.30561,-0.29737,-0.28914,-0.28091,-1.5474,-0.27268,-0.26445,-0.25622,-0.24799,-0.23975,-0.23152,-0.22329,-0.22137,-0.21752,-0.20929,-1.5236,-0.20106,-0.19282,-0.18459,-0.17412,-0.15765,-0.14921,-0.14098,-0.13275,-0.12387,-0.10741,-1.5072,-0.097361,-0.085174,-0.068712,-0.052249,-0.043055,-0.030013,-0.01355,0.002912,0.019375,0.035838,-1.4907,0.052301,0.068764,0.085226,0.10169,0.11815,0.13461,0.15108,0.16016,0.17331,0.18732,-1.9465,-1.4785,0.19555,0.20378,0.21778,0.22762,0.22847,0.23671,0.24494,0.249,0.249,0.249,-1.4685,0.25648,0.25969,0.25712,0.249,0.249,0.249,0.249,0.249,0.249,0.249,-1.452,0.249,0.25082,0.25905,0.25969,0.25969,0.26236,0.27059,0.27882,0.28706,0.29529,-1.4431,0.30352,0.31175,0.31998,0.32821,0.33644,0.34468,0.35291,0.36638,0.38006,0.38829,-1.4349,0.39652,0.40475,0.41299,0.42122,0.42945,0.43768,0.44591,0.45414,0.46237,0.47061,-1.4294,0.47884,0.48418,0.48461,0.49284,0.50107,0.5093,0.51754,0.52577,0.534,0.54223,-1.4294,0.54832,0.54832,0.55623,0.56447,0.5727,0.58039,0.58039,0.5867,0.59108,0.59247,-1.4294,0.60071,0.60894,0.61246,0.61471,0.62294,0.63117,0.6394,0.64763,0.65651,0.67297,-1.4294,0.68302,0.69521,0.71017,0.7184,0.7339,0.75037,0.76448,0.77271,0.78907,0.80553,-1.4329,0.82199,0.83845,0.85492,0.86486,0.87715,0.89362,0.91008,0.91916,0.93231,0.94632,-1.9218,-1.44,0.95455,0.97101,0.9817,0.98993,0.99816,1.0064,1.0146,1.0229,1.0311,1.0393,-1.44,1.0476,1.0508,1.0533,1.0615,1.0615,1.0615,1.0649,1.0721,1.0721,1.0721,-1.44,1.0721,1.0721,1.0721,1.0797,1.0828,1.0828,1.0828,1.0828,1.0828,1.0828,-1.44,1.0839,1.0921,1.0935,1.0979,1.1042,1.1042,1.1119,1.1201,1.1284,1.1363,-1.44,1.1363,1.1424,1.1506,1.1588,1.1671,1.1753,1.1835,1.1897,1.1897,1.1975,-1.44,1.2058,1.214,1.2222,1.2305,1.2387,1.2469,1.2552,1.2634,1.2716,1.2798,-1.44,1.2881,1.2963,1.3045,1.3073,1.3103,1.3185,1.3268,1.335,1.3432,1.3515,-1.4348,1.3597,1.3679,1.3762,1.3844,1.3926,1.4009,1.4091,1.4173,1.4256,1.4338,-1.4294,1.442,1.4542,1.4692,1.4774,1.4929,1.5094,1.5282,1.5529,1.5776,1.6023,-1.429,1.627,1.6524,1.6853,1.7183,1.7552,1.7948,1.8277,1.868,-1.8963,-1.4208,-1.4126,-1.4043,-1.3973,-1.3973,-1.3903,-1.3821,-1.3739,-1.3656,-1.3574,-1.8634,-1.3492,-1.3438,-1.3434,-1.3352,-1.3331,-1.3294,-1.3225,-1.3225,-1.3154,-1.3118,-1.8371,-1.3096,-1.3014,-1.3011,-1.3011,-1.2981,-1.2904,-1.2904,-1.2841,-1.2758,-1.269,-1.8082,-1.269,-1.2547,-1.2429,-1.2347,-1.2265,-1.2102,-1.1937,-1.1773,-1.1615,-1.1532,-1.7753,-1.1386,-1.1221,-1.1057,-1.0892,-1.0727,-1.0563,-1.0375,-1.0128,-0.99619,-0.97973,-1.7424,-0.96006,-0.93611,-0.91965,-0.89666,-0.87603,-0.85957,-0.84311,-0.82664,-0.8151,-0.80441,3.0,5.0
2.1782,2.0766,1.7093,-0.72369,-0.74815,-0.77942,-0.80762,-0.83106,-0.85961,-0.89087,-0.91499,-0.9398,-0.97106,1.6624,-0.99892,-1.0224,-1.0513,-1.0825,-1.1138,-1.1433,-1.1668,-1.1902,-1.2137,-1.2429,1.6155,-1.2742,-1.2976,-1.319,-1.3346,-1.3544,-1.3778,-1.3951,-1.4108,-1.4264,-1.442,1.5621,-1.4577,-1.4733,-1.4889,-1.5045,-1.5202,-1.5358,-1.5487,-1.5565,-1.5643,-1.5722,1.5067,-1.58,-1.5878,-1.5956,-1.6004,-1.6004,-1.6055,-1.6133,-1.614,-1.6126,-1.6048,1.4442,-1.597,-1.5892,-1.5868,-1.5868,-1.5793,-1.5715,-1.5637,-1.5559,-1.548,-1.5402,1.3844,-1.5324,-1.5246,-1.5168,-1.509,-1.5011,-1.4933,-1.4794,-1.4641,-1.4563,-1.4461,1.3297,-1.4305,-1.4148,-1.3992,-1.3771,-1.3544,-1.3387,-1.3204,-1.2969,-1.2782,-1.2626,1.275,-1.2402,-1.2167,-1.1933,-1.1729,-1.1573,-1.1365,-1.1131,-1.0897,-1.0676,-1.0519,1.2203,-1.0329,-1.0095,-0.98601,-0.96257,-0.93912,-0.91737,-0.90174,-0.88237,-0.85893,-0.83548,1.9954,1.1656,-0.81204,-0.78859,-0.76514,-0.7417,-0.71825,-0.69481,-0.67136,-0.64791,-0.62447,-0.60102,1.1109,-0.57758,-0.55855,-0.54292,-0.52083,-0.49806,-0.48243,-0.4668,-0.45117,-0.43554,-0.41991,1.0562,-0.40428,-0.38865,-0.37302,-0.36045,-0.35263,-0.33972,-0.32409,-0.31559,-0.30778,-0.29996,1.0045,-0.28875,-0.27312,-0.26292,-0.25511,-0.24729,-0.23948,-0.23166,-0.22385,-0.21603,-0.20822,0.95763,-0.2004,-0.19259,-0.18477,-0.17696,-0.16914,-0.16133,-0.15963,-0.15929,-0.15147,-0.14603,0.91583,-0.14603,-0.14162,-0.1338,-0.12599,-0.11885,-0.11885,-0.11613,-0.10832,-0.1005,-0.092686,0.87675,-0.084871,-0.077055,-0.06924,-0.061425,-0.053609,-0.045794,-0.037979,-0.030163,-0.020989,-0.005358,0.84481,0.006875,0.01469,0.027942,0.043573,0.051728,0.061242,0.076873,0.088766,0.096581,0.11017,0.81491,0.1258,0.14143,0.15503,0.16284,0.17473,0.19036,0.206,0.22163,0.23726,0.25051,0.79147,0.25832,0.27056,0.28619,0.30182,0.31677,0.32458,0.3324,0.34022,0.35279,0.36842,1.9719,0.76802,0.37725,0.38405,0.38405,0.38711,0.39492,0.40274,0.41055,0.41837,0.42482,0.42482,0.74457,0.42822,0.43604,0.43842,0.43842,0.44589,0.45201,0.45201,0.45201,0.45201,0.45779,0.72656,0.4656,0.4656,0.46764,0.47545,0.48327,0.49109,0.4989,0.50672,0.51453,0.52235,0.71093,0.53016,0.53798,0.54579,0.56006,0.57569,0.59133,0.60696,0.62259,0.64297,0.66642,0.67288,0.68307,0.70074,0.732,0.7602,0.78365,0.81219,0.84345,0.87472,0.90598,0.93724,0.6406,0.9719,1.011,1.0501,1.0891,1.1207,1.1537,1.1928,1.2281,1.2594,1.2906,0.63278,1.3219,1.3532,1.3824,1.4058,1.4252,1.4408,1.4626,1.4857,1.5013,1.5193,0.61001,1.5428,1.5618,1.5774,1.5866,1.5951,1.6107,1.6263,1.642,1.6576,1.6732,0.57094,1.6821,1.6909,1.7065,1.7191,1.7269,1.7347,1.7426,1.7504,1.7582,1.766,0.54919,1.7738,1.7816,1.7894,1.7973,1.7901,1.7823,1.7745,1.7667,1.9444,0.53356,0.51793,0.49822,0.46696,0.44385,0.42822,0.40648,0.38303,0.35958,0.33138,1.9131,0.2923,0.26206,0.23862,0.21517,0.19036,0.15129,0.12037,0.10474,0.089105,0.073475,1.8758,0.051048,0.029641,0.021826,0.007894,-0.015552,-0.028804,-0.03662,-0.044435,-0.05225,-0.060066,1.8367,-0.074677,-0.098123,-0.14332,-0.19802,-0.21535,-0.22928,-0.2371,-0.24865,-0.26428,-0.27991,1.7976,-0.29554,-0.31118,-0.32681,-0.34244,-0.35807,-0.3737,-0.39545,-0.41889,-0.44234,-0.4634,1.7561,-0.47904,-0.49908,-0.52253,-0.54598,-0.56942,-0.59287,-0.61903,-0.65029,-0.6768,-0.70024,1.0,1.0
0.70032,0.72253,0.70032,0.98908,1.0828,1.163,1.2481,1.3258,1.3961,1.4664,1.5171,1.5848,1.633,0.70032,1.6577,1.7022,1.7256,1.7443,1.7443,1.7371,1.6714,1.5212,1.4007,1.3304,0.70032,1.2601,1.1316,1.0306,0.94332,0.8678,0.77806,0.6017,0.52362,0.43022,0.33649,0.70032,0.24608,0.17123,0.077493,-0.016242,-0.28256,-0.66072,-0.73103,-0.80133,-0.87163,-0.94193,0.70032,-1.0122,-1.0658,-1.1306,-1.1817,-1.2286,-1.2538,-1.2994,-1.3248,-1.3654,-1.3697,0.70032,-1.3876,-1.3876,-1.3876,-1.3784,-1.3654,-1.3537,-1.3174,-1.2847,-1.2459,-1.199,0.70032,-1.1522,-1.1053,-1.0584,-0.99013,-0.94204,-0.87174,-0.80144,-0.73114,-0.66084,-0.59053,0.72109,-0.52023,-0.44094,-0.35742,-0.27568,-0.18194,-0.088209,0.005526,0.099261,0.193,0.3055,0.72253,0.40268,0.49641,0.59037,0.70609,0.79983,0.89356,0.9873,1.081,1.1748,1.2685,0.72253,1.3522,1.4225,1.4928,1.5631,1.6334,1.6876,1.7345,1.7814,1.8085,1.8319,0.72253,0.72031,1.8553,1.8553,1.8529,1.8331,1.8087,1.7099,1.663,1.5819,1.4706,1.4003,0.69688,1.33,1.2194,1.1081,0.98263,0.87624,0.80083,0.71098,0.55494,0.45687,0.2975,0.67344,0.22498,0.13469,0.059723,-0.028125,-0.098426,-0.17706,-0.26124,-0.34231,-0.42406,-0.49436,0.65001,-0.72347,-0.86363,-0.9105,-0.95737,-1.0042,-1.0511,-1.098,-1.1218,-1.1453,-1.1687,0.62657,-1.1921,-1.2156,-1.2321,-1.2321,-1.2321,-1.2216,-1.2099,-1.1969,-1.1735,-1.1501,0.60314,-1.11,-1.0631,-1.0353,-0.97125,-0.92249,-0.85341,-0.80477,-0.73447,-0.66417,-0.59387,0.57971,-0.5169,-0.43105,-0.36075,-0.28012,-0.19794,-0.11486,-0.021129,0.057391,0.14413,0.23786,0.51318,0.3316,0.42533,0.49775,0.59059,0.68433,0.77806,0.8678,0.94332,1.0306,1.1086,0.38402,1.1934,1.2637,1.334,1.4043,1.4609,1.5227,1.5768,1.6062,1.6483,1.6753,0.29628,1.6988,1.6999,1.6999,1.6973,1.6739,1.6454,1.6048,1.5739,1.5271,1.4505,0.72253,0.24941,1.3667,1.3075,1.2372,1.1669,1.0966,1.0263,0.95598,0.88568,0.7945,0.65656,0.20255,0.56371,0.49108,0.4009,0.3306,0.2543,0.16778,0.097484,-0.001804,-0.12064,-0.20227,0.1388,-0.27257,-0.34287,-0.41317,-0.46648,-0.53156,-0.60186,-0.67216,-0.78622,-1.0118,-1.0587,0.0866,-1.1055,-1.1569,-1.2215,-1.2613,-1.2848,-1.3176,-1.3539,-1.3654,-1.3654,-1.3654,0.020408,-1.3654,-1.3486,-1.3252,-1.3018,-1.2783,-1.2332,-1.2086,-1.1617,-1.1148,-1.068,-0.090985,-1.0211,-0.97425,-0.91938,-0.8583,-0.80099,-0.73069,-0.67327,-0.6123,-0.542,-0.4717,-0.16462,-0.41917,-0.35331,-0.30322,-0.23492,-0.18683,-0.1182,-0.071328,-0.02446,0.022407,0.069275,-0.23492,0.10837,0.1408,0.17745,0.20088,0.22431,0.24775,0.27118,0.29462,0.3005,0.28173,-0.30522,0.27829,0.25708,0.25586,0.23242,0.20899,0.18555,0.16212,0.13869,0.11525,0.09182,-0.3723,0.068386,0.044952,0.033957,0.020297,0.011745,-0.004358,-0.010467,-0.010467,0.72253,-0.42361,-0.49391,-0.56421,-0.63451,-0.70482,-0.77512,-0.84542,-0.90272,-0.96381,-1.0341,0.72253,-1.0878,-1.1525,-1.2037,-1.2709,-1.3196,-1.3665,-1.4134,-1.4572,-1.4849,-1.5263,0.72253,-1.5498,-1.5653,-1.5744,-1.5875,-1.5875,-1.5748,-1.5653,-1.5501,-1.5267,-1.5032,0.72253,-1.4609,-1.414,-1.3672,-1.3203,-1.2719,-1.2016,-1.1313,-1.061,-0.99068,-0.92038,0.71276,-0.8412,-0.75757,-0.67594,-0.59475,-0.51068,-0.41695,-0.33943,-0.25169,-0.15795,-0.06422,0.70032,0.029515,0.12325,0.21698,0.31327,0.42667,0.5204,0.61414,0.70787,0.80161,0.89534,2.0,2.0
0.87817,0.97181,0.77906,1.6351,1.5961,1.5778,1.5337,1.1666,1.3655,1.2136,1.1693,1.1251,1.0967,0.75331,1.0678,1.0342,1.0105,0.99748,0.95324,0.90899,0.86474,0.8205,0.77625,0.75331,0.75331,0.71897,0.67472,0.63048,0.58623,0.54198,0.49774,0.47238,0.44046,0.39621,0.35197,0.75331,0.30772,0.26347,0.21922,0.17498,0.13073,0.05527,0.011023,-0.033224,-0.077471,-0.12172,0.75331,-0.16596,-0.21021,-0.25446,-0.2987,-0.31174,-0.35598,-0.40023,-0.43285,-0.45751,-0.50176,0.74511,-0.546,-0.59025,-0.6345,-0.67874,-0.72299,-0.78948,-0.8427,-0.88695,-0.93119,-0.97544,0.72209,-1.0197,-1.0639,-1.1082,-1.1524,-1.1967,-1.2409,-1.2756,-1.2982,-1.3424,-1.3867,0.72209,-1.4309,-1.4752,-1.5194,-1.487,-1.4428,-1.3986,-1.3543,-1.3101,-1.2658,-1.2216,0.72209,-1.1773,-1.1331,-1.0888,-1.0446,-0.97474,-0.92487,-0.88062,-0.80516,-0.76092,-0.68834,0.69299,-0.64121,-0.59696,-0.5215,-0.47725,-0.40195,-0.34467,-0.28208,-0.1989,-0.13116,-0.053123,0.89362,0.69088,0.03537,0.095224,0.18114,0.24615,0.32161,0.38419,0.47253,0.52997,0.61846,0.67574,0.69088,0.74316,0.81862,0.87879,0.93833,1.0138,1.0818,1.1335,1.1964,1.2532,1.311,0.69088,1.3729,1.4172,1.4614,1.5057,1.5499,1.5942,1.6384,1.6826,1.7269,1.7711,0.67207,1.8138,1.7696,1.7253,1.6724,1.6056,1.5579,1.4694,1.3809,1.2924,1.2039,0.65966,1.1154,1.0269,0.9072,0.80458,0.69899,0.57929,0.46879,0.37108,0.26573,0.16288,0.65966,0.062683,-0.04532,-0.13381,-0.24189,-0.34202,-0.43051,-0.519,-0.61678,-0.7272,-0.81983,0.65966,-0.93541,-1.0239,-1.1436,-1.2321,-1.3275,-1.4403,-1.5288,-1.6173,-1.7058,-1.7943,0.65966,-1.8828,-1.9356,-1.9973,-2.0553,-2.1308,-2.175,-2.2193,-2.2635,-2.3037,-2.2595,0.63813,-2.2152,-2.1397,-2.0955,-2.0153,-1.9268,-1.8383,-1.7498,-1.6613,-1.5653,-1.4531,0.59388,-1.3334,-1.2295,-1.0968,-0.99526,-0.86252,-0.76099,-0.62825,-0.52665,-0.40694,-0.31845,0.87817,0.54963,-0.19094,-0.079032,0.04333,0.16038,0.24888,0.36859,0.43351,0.51436,0.60285,0.66013,0.50539,0.74863,0.81082,0.88628,0.93053,1.006,1.0502,1.0945,1.1387,1.183,1.2272,0.4499,1.2715,1.2845,1.3288,1.3198,1.2755,1.2313,1.187,1.1428,1.0985,1.0231,0.38568,0.95464,0.87216,0.80887,0.72038,0.63188,0.54339,0.42368,0.35696,0.27791,0.18941,0.34143,0.10092,0.043642,-0.044851,-0.12702,-0.19062,-0.2479,-0.32219,-0.39368,-0.4419,-0.48615,0.27806,-0.5304,-0.57464,-0.61889,-0.66314,-0.70738,-0.745,-0.76466,-0.745,-0.745,-0.745,0.22172,-0.745,-0.745,-0.745,-0.745,-0.745,-0.77621,-0.77621,-0.78316,-0.80743,-0.80743,0.16351,-0.82225,-0.83864,-0.84832,-0.86986,-0.86986,-0.88741,-0.90107,-0.91348,-0.93228,-0.93228,0.075013,-0.93228,-0.9635,-0.9635,-0.9635,-0.97349,-0.99471,-0.99471,-0.99471,-0.99471,-1.0259,0.017734,-1.0259,-1.0259,-1.0259,-1.0259,-1.0259,-1.0259,-1.0571,-1.0571,0.85725,-0.07076,-0.12804,-0.19983,-0.27381,-0.31954,-0.38837,-0.44565,-0.51471,-0.55896,-0.6032,0.84695,-0.64745,-0.68257,-0.6604,-0.64737,-0.60313,-0.55888,-0.52649,-0.5016,-0.45735,-0.41311,0.83119,-0.36886,-0.32461,-0.28037,-0.23612,-0.19187,-0.14763,-0.10338,-0.028776,0.016329,0.085782,0.81574,0.14306,0.2115,0.28696,0.34611,0.43461,0.49188,0.55759,0.63766,0.70851,0.78343,0.80512,0.87192,0.9349,1.0177,1.1062,1.1635,1.2367,1.3092,1.3565,1.4238,1.4762,0.78452,1.5204,1.5647,1.6089,1.6531,1.6974,1.7416,1.7547,1.7679,1.7236,1.6794,0.0,0.0
1.9239,1.843,1.7069,-0.34263,-0.35204,-0.35204,-0.36144,-0.37085,-0.37825,-0.38397,-0.38968,-0.4048,-0.41051,1.6918,-0.41787,-0.43134,-0.44646,-0.45549,-0.46729,-0.48241,-0.49311,-0.50324,-0.51836,-0.53073,1.6767,-0.53919,-0.55908,-0.57883,-0.60075,-0.62158,-0.643,-0.66752,-0.68264,-0.69061,-0.71288,1.6531,-0.72799,-0.74311,-0.75823,-0.78085,-0.79787,-0.81299,-0.82811,-0.83382,-0.84109,-0.85465,1.637,-0.86977,-0.88489,-0.90001,-0.91513,-0.93025,-0.94536,-0.96048,-0.9662,-0.98131,-1.0058,1.6209,-1.0221,-1.0455,-1.07,-1.094,-1.119,-1.142,-1.1493,-1.168,-1.1889,-1.204,1.5974,-1.2192,-1.2343,-1.2494,-1.2645,-1.2737,-1.2853,-1.3084,-1.325,-1.3401,-1.3552,1.5886,-1.3609,-1.3761,-1.3772,-1.3875,-1.396,-1.4054,-1.414,-1.4148,-1.4255,-1.4336,1.5672,-1.443,-1.443,-1.4524,-1.4618,-1.4618,-1.4618,-1.4524,-1.4524,-1.443,-1.4353,1.5375,-1.4336,-1.4242,-1.4182,-1.4148,-1.4067,-1.401,-1.3953,-1.3866,-1.3745,-1.3594,1.8279,1.5073,-1.3584,-1.3479,-1.3328,-1.3177,-1.3026,-1.2875,-1.2723,-1.2643,-1.2515,-1.2364,1.4771,-1.2213,-1.2156,-1.2004,-1.1853,-1.1703,-1.1645,-1.1588,-1.1437,-1.1285,-1.113,1.4562,-1.0889,-1.0738,-1.0587,-1.0436,-1.0378,-1.0227,-1.017,-1.0019,-0.98677,-0.98106,1.426,-0.96594,-0.95395,-0.94511,-0.93939,-0.92427,-0.90916,-0.89752,-0.88832,-0.87321,-0.85809,1.3958,-0.84297,-0.83726,-0.82214,-0.80702,-0.7919,-0.77678,-0.75748,-0.73714,-0.72202,-0.7069,1.3785,-0.69179,-0.68121,-0.67095,-0.65584,-0.64072,-0.6256,-0.60108,-0.58596,-0.57084,-0.56513,1.3635,-0.55001,-0.53489,-0.51977,-0.50465,-0.48953,-0.47442,-0.4593,-0.45358,-0.43847,-0.43668,1.3239,-0.42704,-0.41192,-0.39906,-0.39109,-0.37597,-0.37026,-0.36144,-0.35204,-0.34371,-0.338,1.2936,-0.33323,-0.32657,-0.32382,-0.31515,-0.30943,-0.30372,-0.29561,-0.28289,-0.26777,-0.26739,1.2634,-0.25634,-0.24122,-0.2167,-0.20158,-0.18077,-0.15994,-0.13742,-0.10887,-0.097776,-0.076615,1.8127,1.2237,-0.055783,-0.033611,-0.009088,0.015435,0.036949,0.05778,0.0796,0.10412,0.12865,0.15051,1.1935,0.17134,0.19281,0.22241,0.24324,0.26638,0.28749,0.29662,0.32114,0.34566,0.36078,1.1633,0.3759,0.39102,0.40614,0.40976,0.41756,0.42328,0.43839,0.45351,0.45923,0.47434,1.133,0.485,0.4944,0.50089,0.5066,0.51321,0.51321,0.51434,0.52261,0.52577,0.53202,1.1151,0.5466,0.55231,0.56743,0.58255,0.59767,0.62219,0.64671,0.66183,0.68635,0.71104,1.1008,0.7354,0.75992,0.78294,0.81318,0.84341,0.87365,0.90643,0.94353,0.97377,1.0134,1.0705,1.0436,1.0833,1.1221,1.1532,1.1928,1.223,1.2627,1.2929,1.3232,1.3534,1.0497,1.3836,1.4103,1.4347,1.4649,1.4858,1.516,1.5368,1.5671,1.5913,1.6159,1.0203,1.631,1.6555,1.6706,1.6857,1.7035,1.7254,1.7405,1.7462,1.7613,1.7764,0.99864,1.7916,1.8067,1.8124,1.8275,1.8426,1.8578,1.8729,1.8786,1.7976,0.9684,0.93817,0.91278,0.90591,0.88254,0.86742,0.8523,0.82778,0.81266,0.79754,1.7825,0.78242,0.76731,0.75774,0.74647,0.73136,0.71624,0.70131,0.69541,0.68029,0.67309,1.7674,0.65946,0.64434,0.62922,0.6141,0.59898,0.59327,0.57815,0.56303,0.55083,0.5422,1.7523,0.53202,0.52137,0.51321,0.50381,0.49482,0.45854,0.42057,0.37423,0.32511,0.31578,1.7452,0.26304,0.20835,0.18578,0.13304,0.1168,0.0472,0.005537,-0.046919,-0.064812,-0.070525,1.7314,-0.09834,-0.13838,-0.14513,-0.17325,-0.2451,-0.30231,-0.30802,-0.31442,-0.32382,-0.33457,1.0,1.0
0.8613,0.88004,0.8613,1.7303,1.7408,1.7347,1.7198,1.7182,1.6994,1.6625,1.5609,1.5037,1.4546,0.8613,1.389,1.2851,1.1553,1.0775,0.9838,0.89009,0.79639,0.70268,0.5962,0.49433,0.84581,0.40062,0.30074,0.19227,0.09678,-0.015668,-0.10979,-0.2035,-0.29721,-0.39091,-0.48462,0.84036,-0.65895,-0.89211,-0.94834,-1.0046,-1.0608,-1.117,-1.1582,-1.2085,-1.2541,-1.2915,0.84036,-1.329,-1.3624,-1.3812,-1.3999,-1.4187,-1.4212,-1.4212,-1.4212,-1.4212,-1.4137,0.83146,-1.395,-1.3762,-1.3575,-1.3388,-1.3026,-1.25,-1.2067,-1.1477,-1.0813,-1.0123,0.81942,-0.92279,-0.84584,-0.75213,-0.65842,-0.54838,-0.43593,-0.32349,-0.2013,-0.07765,0.034798,0.81492,0.14725,0.25969,0.37214,0.48459,0.58175,0.68855,0.79011,0.88381,0.97752,1.0669,0.79618,1.144,1.2377,1.3128,1.3877,1.4485,1.5047,1.5511,1.5886,1.626,1.6603,0.77744,1.679,1.6978,1.6989,1.6835,1.6648,1.646,1.5218,1.3441,1.2835,1.2085,0.88224,0.7587,1.1335,1.0398,0.96265,0.87334,0.76749,0.66499,0.57128,0.47203,0.36293,0.26922,0.72331,0.17552,0.064114,-0.032839,-0.12655,-0.22025,-0.30506,-0.50064,-0.82741,-0.88594,-0.9608,0.68582,-1.017,-1.0732,-1.1295,-1.1734,-1.221,-1.2693,-1.3068,-1.3409,-1.3609,-1.3983,0.64834,-1.4002,-1.4158,-1.4212,-1.4212,-1.4122,-1.3934,-1.3747,-1.3535,-1.316,-1.2786,0.60081,-1.2243,-1.1681,-1.1119,-1.0557,-0.99147,-0.91651,-0.83798,-0.74564,-0.67067,-0.59571,0.54458,-0.50504,-0.41133,-0.31762,-0.22392,-0.13021,-0.036503,0.057204,0.1506,0.22556,0.31738,0.48271,0.41109,0.49234,0.57756,0.66321,0.73817,0.81314,0.88811,0.96307,1.038,1.0972,0.4112,1.167,1.2306,1.2868,1.336,1.3783,1.4319,1.4694,1.5069,1.5274,1.5609,0.35246,1.5733,1.5836,1.5942,1.5882,1.5695,1.5508,1.532,1.4952,1.4418,1.3855,0.25875,1.3293,1.2731,1.2097,1.1348,1.0625,1.0058,0.93082,0.85586,0.76602,0.68499,0.88224,0.16505,0.59955,0.50584,0.40607,0.29749,0.20211,0.089661,-0.022787,-0.11922,-0.21292,-0.53906,0.086939,-0.80029,-0.85652,-0.91274,-0.96896,-1.0252,-1.0814,-1.1376,-1.1789,-1.2291,-1.2642,-0.001428,-1.2913,-1.3226,-1.3414,-1.3601,-1.3789,-1.3976,-1.4002,-1.4002,-1.4002,-1.4002,-0.095135,-1.4002,-1.4002,-1.3973,-1.3778,-1.3403,-1.3029,-1.2654,-1.2279,-1.1797,-1.1235,-0.18884,-1.0673,-1.0111,-0.95483,-0.89861,-0.84238,-0.78616,-0.72993,-0.67371,-0.60785,-0.54032,-0.27574,-0.4841,-0.42787,-0.37165,-0.31542,-0.2592,-0.20298,-0.15974,-0.12225,-0.076184,-0.026347,-0.35532,0.006948,0.027678,0.065161,0.084112,0.10285,0.12159,0.14034,0.15908,0.17782,0.19122,-0.44661,0.19436,0.21216,0.21216,0.21216,0.21216,0.19907,0.19122,0.19122,0.18473,0.17028,-0.52158,0.16819,0.14944,0.14934,0.14934,0.1351,0.1284,0.1284,0.1284,0.1284,0.1284,-0.59655,0.1284,0.1284,0.14599,0.14934,0.14934,0.14934,0.14055,0.1284,0.88224,-0.67151,-0.73192,-0.78815,-0.85453,-0.92153,-0.972,-1.013,-1.0679,-1.1054,-1.1608,0.8723,-1.2013,-1.2253,-1.2553,-1.2837,-1.3024,-1.3165,-1.319,-1.3371,-1.3183,-1.3165,0.8613,-1.3018,-1.2831,-1.2541,-1.2166,-1.1732,-1.117,-1.0608,-1.0046,-0.93033,-0.85536,0.8613,-0.76679,-0.67308,-0.57937,-0.47865,-0.3662,-0.25376,-0.14131,-0.02886,0.083588,0.19604,0.8613,0.30848,0.42093,0.52521,0.62489,0.73357,0.82727,0.92098,1.0147,1.1084,1.1884,0.8613,1.2634,1.3383,1.4133,1.4833,1.5368,1.5748,1.6311,1.6532,1.6868,1.7116,2.0,2.0
0.51548,0.5791,0.13378,1.8302,1.8196,1.6139,1.5662,1.4994,1.4114,1.281,1.2068,1.0923,0.96504,0.08925,0.87598,0.74026,0.61303,0.51018,0.35432,0.22391,0.12954,0.040477,-0.048586,-0.15779,0.044718,-0.22671,-0.32956,-0.67839,-0.74519,-0.81199,-0.87348,-0.91801,-0.96255,-1.0071,-1.0516,-0.041164,-1.0855,-1.1078,-1.1301,-1.1523,-1.1746,-1.1969,-1.2022,-1.2022,-1.2022,-1.2022,-0.10796,-1.181,-1.1587,-1.1343,-1.093,-1.0665,-1.0219,-0.97739,-0.94028,-0.90953,-0.865,-0.1684,-0.82047,-0.77594,-0.71868,-0.66567,-0.62114,-0.5607,-0.4939,-0.42711,-0.36031,-0.27337,-0.26912,-0.20551,-0.13765,-0.050707,0.019271,0.10409,0.17089,0.24405,0.32569,0.40097,0.48049,-0.3444,0.54729,0.62575,0.70209,0.78267,0.85689,0.92369,0.99049,1.0573,1.1241,1.1909,-0.4112,1.2577,1.3245,1.3892,1.4369,1.5037,1.5652,1.6097,1.6542,1.6988,1.7337,-0.478,1.756,1.7783,1.8005,1.809,1.7942,1.6765,1.5715,1.4104,1.3277,1.281,0.5791,-0.5448,1.1516,1.1061,1.0329,0.90566,0.8166,0.71163,0.57486,0.47837,0.3416,0.048959,-0.61159,-0.22671,-0.31578,-0.40484,-0.4939,-0.56812,-0.65082,-0.72292,-0.80775,-0.87772,-0.94452,-0.67839,-0.99011,-1.0548,-1.0792,-1.1237,-1.164,-1.181,-1.1873,-1.2022,-1.2022,-1.2022,-0.74519,-1.2022,-1.2022,-1.1894,-1.1672,-1.1449,-1.1226,-1.1004,-1.0781,-1.0368,-1.0124,-0.81623,-0.96891,-0.92438,-0.87984,-0.83531,-0.78654,-0.72504,-0.68051,-0.62856,-0.57024,-0.51617,-0.89999,-0.44937,-0.39424,-0.33698,-0.27018,-0.20339,-0.12069,-0.048586,0.018211,0.085009,0.15181,-0.96679,0.23981,0.30661,0.3734,0.4402,0.51124,0.595,0.66816,0.7498,0.82508,0.9046,-1.0336,0.982,1.0594,1.1389,1.2142,1.281,1.3478,1.3976,1.4422,1.4867,1.5312,-1.1004,1.5758,1.5991,1.6415,1.6638,1.6903,1.7295,1.7454,1.7454,1.7369,1.7242,-1.1576,1.703,1.6701,1.6097,1.5344,1.4825,1.422,1.3552,1.2884,1.1453,1.0499,0.57592,-1.2128,0.9608,0.86643,0.67664,0.58758,0.49428,0.38825,0.29282,0.18892,0.099853,0.001247,-1.2679,-0.09948,-0.36349,-0.59569,-0.67097,-0.75261,-0.82577,-0.89257,-0.95936,-1.0262,-1.0728,-1.3252,-1.1173,-1.1619,-1.2043,-1.2297,-1.27,-1.287,-1.2934,-1.3156,-1.3294,-1.3294,-1.3644,-1.3294,-1.3294,-1.3167,-1.2944,-1.2721,-1.2499,-1.2107,-1.1661,-1.1216,-1.0771,-1.4015,-1.0113,-0.96573,-0.89893,-0.83531,-0.78654,-0.71974,-0.65931,-0.60735,-0.54904,-0.49496,-1.446,-0.42817,-0.36137,-0.29457,-0.22777,-0.16098,-0.11008,-0.048586,0.000186,0.044718,0.08925,-1.4736,0.13378,0.17725,0.19952,0.22178,0.24405,0.26632,0.28222,0.28964,0.30343,0.30343,-1.5139,0.30343,0.30343,0.30343,0.30343,0.28858,0.28222,0.28222,0.28222,0.26314,0.26101,-1.5393,0.26101,0.26101,0.26101,0.26101,0.26526,0.28222,0.28222,0.28222,0.2907,0.30343,-1.5415,0.30343,0.30343,0.31615,0.32463,0.32463,0.32463,0.32463,0.32463,0.5282,-1.5627,-1.5627,-1.5627,-1.5627,-1.5584,-1.5362,-1.5139,-1.4916,-1.4609,-1.4163,0.39885,-1.3718,-1.3273,-1.2827,-1.2244,-1.1725,-1.112,-1.0622,-0.99966,-0.93286,-0.86606,0.36068,-0.77806,-0.71126,-0.64234,-0.55646,-0.48542,-0.39636,-0.31366,-0.23944,-0.15037,-0.070852,0.33842,0.006548,0.095611,0.17195,0.25253,0.3416,0.43066,0.51972,0.60879,0.69785,0.78691,0.30767,0.87598,0.96504,1.0541,1.14,1.211,1.2948,1.3616,1.4284,1.4952,1.562,0.22497,1.6182,1.6627,1.7072,1.738,1.7751,1.8037,1.826,1.8302,1.8302,1.8504,2.0,2.0
1.9246,1.8187,1.6405,-0.48788,-0.49671,-0.50554,-0.5192,-0.53685,-0.55451,-0.57216,-0.58982,-0.60747,-0.6252,1.6114,-0.65168,-0.67816,-0.69733,-0.72151,-0.74799,-0.77447,-0.79681,-0.81781,-0.84429,-0.87078,1.5588,-0.8963,-0.91412,-0.9406,-0.96708,-0.98616,-1.0104,-1.0311,-1.0538,-1.076,-1.0971,1.5412,-1.1209,-1.1405,-1.1669,-1.1932,-1.2108,-1.2368,-1.2557,-1.2801,-1.3007,-1.3183,1.5154,-1.336,-1.3536,-1.3713,-1.387,-1.397,-1.4143,-1.4231,-1.4403,-1.458,-1.4688,1.4742,-1.4777,-1.4917,-1.5049,-1.5138,-1.5226,-1.5294,-1.5306,-1.5394,-1.5483,-1.5486,1.4432,-1.5563,-1.5582,-1.5643,-1.5678,-1.5678,-1.5716,-1.5775,-1.5775,-1.5788,-1.5871,1.4052,-1.5871,-1.5871,-1.5793,-1.5775,-1.5775,-1.5721,-1.5632,-1.5544,-1.5456,-1.5367,1.3759,-1.5265,-1.5088,-1.4912,-1.4648,-1.4462,-1.4215,-1.395,-1.374,-1.3517,-1.3252,1.3541,-1.3018,-1.2818,-1.2569,-1.2385,-1.212,-1.1943,-1.1687,-1.1422,-1.1221,-1.0988,1.7931,1.3276,-1.0724,-1.0459,-1.0226,-1.0025,-0.97769,-0.95919,-0.93276,-0.91511,-0.89745,-0.8798,1.2908,-0.86214,-0.84449,-0.83174,-0.8188,-0.80114,-0.78349,-0.76584,-0.74724,-0.7209,-0.70325,1.2362,-0.6856,-0.66794,-0.65029,-0.63263,-0.61498,-0.59732,-0.57967,-0.56463,-0.55398,-0.53632,1.2097,-0.51891,-0.51008,-0.49298,-0.47533,-0.45767,-0.44002,-0.41726,-0.39509,-0.37743,-0.3625,1.1826,-0.35174,-0.33522,-0.32639,-0.31757,-0.30874,-0.29991,-0.29108,-0.28226,-0.27343,-0.2646,1.1297,-0.25577,-0.24695,-0.23812,-0.22929,-0.22046,-0.21164,-0.20281,-0.19398,-0.18516,-0.17633,1.1096,-0.1675,-0.15867,-0.14985,-0.14102,-0.13219,-0.12336,-0.11454,-0.10571,-0.088319,-0.078434,1.0845,-0.069606,-0.060779,-0.046564,-0.033503,-0.024676,-0.015848,-0.007021,0.003225,0.020255,0.029082,1.0315,0.037909,0.046737,0.055564,0.070669,0.08284,0.091667,0.10049,0.10932,0.11815,0.12849,0.99307,0.14542,0.15425,0.16308,0.17191,0.18073,0.18956,0.19839,0.20722,0.21604,0.22487,1.7754,0.95143,0.2337,0.24253,0.25135,0.26018,0.26901,0.27783,0.28666,0.30196,0.31394,0.32277,0.91124,0.33159,0.34372,0.35887,0.3677,0.37652,0.38535,0.39418,0.403,0.41183,0.42066,0.88129,0.42949,0.43831,0.44714,0.45258,0.45518,0.4622,0.46321,0.47204,0.48086,0.48969,0.84064,0.49852,0.50735,0.52204,0.5397,0.56163,0.58463,0.60498,0.63146,0.65683,0.6748,0.79331,0.70128,0.72776,0.75425,0.801,0.83011,0.85293,0.87504,0.89628,0.91997,0.93762,0.76791,0.95648,0.98296,1.0094,1.0275,1.0528,1.0793,1.1058,1.148,1.1876,1.2104,0.75025,1.2309,1.2574,1.2839,1.3104,1.3369,1.3633,1.3898,1.4163,1.4366,1.4757,0.7326,1.5104,1.5318,1.5583,1.5848,1.6099,1.6282,1.6546,1.6725,1.6901,1.7078,0.71494,1.7254,1.7431,1.7608,1.7745,1.7834,1.7922,1.801,1.8098,1.8187,1.8275,0.69729,1.8363,1.8452,1.854,1.8628,1.8716,1.8805,1.8861,1.8837,1.7578,0.67963,0.65604,0.63985,0.62667,0.61258,0.60375,0.59492,0.58609,0.57727,0.56844,1.7401,0.55961,0.52029,0.50347,0.4705,0.44209,0.41109,0.37792,0.35168,0.31375,0.29227,1.7225,0.25005,0.24123,0.19834,0.17737,0.13893,0.11319,0.095539,0.082431,0.073603,0.055901,1.7048,0.022756,-0.000984,-0.009811,-0.018639,-0.027466,-0.067562,-0.1117,-0.13092,-0.14518,-0.15819,1.6839,-0.17087,-0.19769,-0.24182,-0.28009,-0.29094,-0.32625,-0.33544,-0.34426,-0.38157,-0.39408,1.6599,-0.39961,-0.40844,-0.41332,-0.41647,-0.42765,-0.44375,-0.45257,-0.4614,-0.47023,-0.47906,1.0,1.0
-2.3961,-2.1058,-1.7059,-1.0101,-1.0071,-0.99708,-0.98707,-0.97706,-0.96705,-0.95704,-0.94703,-0.93702,-0.92701,-1.6859,-0.917,-0.90699,-0.89698,-0.88697,-0.87696,-0.86695,-0.85694,-0.84693,-0.83692,-0.82691,-1.6577,-0.8169,-0.80689,-0.79688,-0.78687,-0.7861,-0.78085,-0.77085,-0.76084,-0.75083,-0.74082,-1.6318,-0.73081,-0.7208,-0.70547,-0.68545,-0.66543,-0.64541,-0.62539,-0.60537,-0.58535,-0.55994,-1.6118,-0.52991,-0.49988,-0.46985,-0.43982,-0.4098,-0.37977,-0.3552,-0.33371,-0.30368,-0.28114,-1.5918,-0.26112,-0.2411,-0.2306,-0.22059,-0.20904,-0.18902,-0.17656,-0.16655,-0.15654,-0.14653,-1.5718,-0.13652,-0.12651,-0.1165,-0.10649,-0.092844,-0.072825,-0.062465,-0.052455,-0.042446,-0.032436,-1.5517,-0.022426,-0.012417,-0.002407,0.007603,0.011873,0.013623,0.023632,0.025872,0.029652,0.039662,-1.5317,0.039872,0.039872,0.041692,0.051702,0.053872,0.053872,0.053872,0.063741,0.067871,0.069761,-1.5199,0.079771,0.081871,0.085791,0.0958,0.09587,0.09587,0.09587,0.09587,0.10385,0.10987,-1.972,-1.5099,0.10987,0.10987,0.11589,0.1259,0.13591,0.13787,0.14193,0.15194,0.16195,0.17196,-1.4999,0.17987,0.17987,0.18799,0.198,0.20787,0.20787,0.21403,0.22187,0.22187,0.22187,-1.4899,0.22607,0.23587,0.23587,0.23587,0.23811,0.24812,0.24987,0.25414,0.26387,0.26387,-1.4799,0.27017,0.27787,0.27787,0.2862,0.2962,0.30621,0.31622,0.32623,0.33624,0.34625,-1.4698,0.35626,0.36627,0.37628,0.38629,0.40274,0.42031,0.43032,0.44033,0.45482,0.47435,-1.4598,0.48436,0.50088,0.51838,0.52839,0.54694,0.56241,0.57298,0.593,0.60644,0.61904,-1.4581,0.63906,0.65046,0.66509,0.68448,0.69449,0.71115,0.72851,0.73852,0.74853,0.76323,-1.4581,0.78255,0.79256,0.80257,0.81258,0.82259,0.8326,0.84261,0.85185,0.85185,0.85864,-1.4578,0.86585,0.86585,0.86585,0.87068,0.87985,0.87985,0.87985,0.88272,0.89273,0.89385,-1.4478,0.89385,0.89476,0.90477,0.90785,0.90785,0.90785,0.91681,0.92185,0.92185,0.92185,-1.94,-1.4441,0.92885,0.93585,0.93585,0.93585,0.94089,0.94985,0.94985,0.94985,0.95293,0.96294,-1.4441,0.96385,0.96896,0.97785,0.97785,0.98499,0.99185,0.99185,1.001,1.0058,1.0058,-1.4441,1.0058,1.0058,1.0058,1.0058,0.99661,0.99185,0.99185,0.99185,0.99185,0.99185,-1.4358,0.99185,0.99185,0.99185,0.99185,0.99185,0.99919,1.0058,1.0058,1.0152,1.0198,-1.4301,1.0212,1.0313,1.0338,1.0373,1.0473,1.0573,1.0673,1.0758,1.0758,1.0833,-1.4301,1.0933,1.1034,1.1038,1.1094,1.1178,1.1178,1.1254,1.1318,1.1318,1.1414,-1.4301,1.1514,1.1615,1.1715,1.1738,1.1775,1.1875,1.1975,1.2075,1.2192,1.2392,-1.4237,1.2515,1.2615,1.2716,1.2913,1.3113,1.3331,1.3631,1.3931,1.427,1.467,-1.4161,1.507,1.5471,1.5871,1.6271,1.6672,1.7072,1.7473,1.7774,1.8075,1.8356,-1.4161,1.8556,1.8677,1.8777,1.8878,1.8779,1.8679,1.8579,1.8479,-1.8999,-1.4077,-1.3977,-1.3877,-1.3777,-1.3676,-1.3576,-1.3476,-1.3291,-1.3136,-1.3031,-1.8679,-1.2831,-1.2631,-1.2431,-1.223,-1.2116,-1.197,-1.177,-1.157,-1.1435,-1.1309,-1.8379,-1.1109,-1.0995,-1.0895,-1.0795,-1.0695,-1.0594,-1.0521,-1.0521,-1.0434,-1.0381,-1.8078,-1.0381,-1.0381,-1.0381,-1.0381,-1.0381,-1.0381,-1.0381,-1.0381,-1.0381,-1.0381,-1.7678,-1.0381,-1.0381,-1.0381,-1.0381,-1.0381,-1.0381,-1.0381,-1.0352,-1.0252,-1.0241,-1.7338,-1.0241,-1.0241,-1.0241,-1.0241,-1.0241,-1.0241,-1.0241,-1.0191,-1.0101,-1.0101,3.0,5.0
2.1898,2.0409,1.6608,-0.76194,-0.79446,-0.82461,-0.8509,-0.87718,-0.90347,-0.92975,-0.95604,-0.98232,-1.003,1.5951,-1.0205,-1.038,-1.0556,-1.0728,-1.0816,-1.0903,-1.1054,-1.1179,-1.1267,-1.1355,1.5328,-1.1452,-1.1628,-1.1719,-1.1806,-1.1951,-1.2082,-1.2201,-1.2359,-1.245,-1.2626,1.489,-1.2723,-1.2875,-1.2999,-1.3124,-1.33,-1.3464,-1.3551,-1.3724,-1.3827,-1.3974,1.4452,-1.4104,-1.4223,-1.438,-1.4468,-1.4555,-1.4643,-1.473,-1.4818,-1.4866,-1.484,1.4014,-1.4765,-1.4765,-1.4678,-1.4664,-1.4604,-1.4517,-1.4429,-1.4341,-1.4254,-1.4166,1.3576,-1.4078,-1.3991,-1.3903,-1.3816,-1.3701,-1.3539,-1.3451,-1.3276,-1.3101,-1.2926,1.3062,-1.275,-1.2575,-1.24,-1.2225,-1.2049,-1.1874,-1.1699,-1.1524,-1.1348,-1.1173,1.2599,-1.0998,-1.0823,-1.0647,-1.0472,-1.0297,-1.0122,-0.99465,-0.97712,-0.9596,-0.94208,1.2161,-0.92455,-0.90703,-0.89516,-0.88208,-0.86754,-0.85713,-0.83961,-0.82209,-0.81229,-0.79714,1.9959,1.1722,-0.78466,-0.77219,-0.75467,-0.73714,-0.71962,-0.71055,-0.69467,-0.67715,-0.65962,-0.64521,1.1284,-0.63468,-0.61758,-0.60882,-0.60006,-0.58478,-0.57243,-0.56367,-0.55491,-0.54499,-0.52746,1.0846,-0.51852,-0.50976,-0.501,-0.48767,-0.47338,-0.46461,-0.45585,-0.44709,-0.44631,-0.43967,1.0408,-0.43091,-0.42611,-0.42348,-0.41601,-0.41601,-0.41601,-0.40863,-0.40591,-0.40121,-0.39245,0.99701,-0.38571,-0.38503,-0.37626,-0.37561,-0.36884,-0.36008,-0.35541,-0.35265,-0.34389,-0.33513,0.9532,-0.32637,-0.32511,-0.31894,-0.31018,-0.30142,-0.29266,-0.2839,-0.27514,-0.26637,-0.25761,0.91499,-0.24885,-0.24009,-0.23133,-0.22256,-0.2138,-0.20504,-0.19628,-0.18752,-0.17381,-0.15989,0.87568,-0.14886,-0.13227,-0.12351,-0.10639,-0.095882,-0.081439,-0.068258,-0.056491,-0.038968,-0.021772,0.82308,-0.01301,0.003504,0.014614,0.028451,0.042238,0.051,0.060822,0.078346,0.087386,0.096148,0.75935,0.10491,0.11367,0.12243,0.1312,0.13996,0.14872,0.15748,0.16624,0.175,0.1799,1.9635,0.72456,0.18243,0.19,0.19,0.19861,0.2001,0.2001,0.2047,0.2102,0.21212,0.2203,0.69827,0.2203,0.22831,0.2304,0.23573,0.24449,0.25326,0.26202,0.27078,0.27954,0.2957,0.64128,0.31323,0.33075,0.34827,0.3658,0.38332,0.40084,0.4265,0.44599,0.46897,0.49526,0.61164,0.51876,0.53773,0.56411,0.59916,0.62669,0.65297,0.6841,0.71915,0.75203,0.77915,0.58911,0.81419,0.84924,0.88429,0.91934,0.95439,0.98943,1.0229,1.0494,1.0845,1.1195,0.55184,1.1546,1.1846,1.2146,1.2473,1.2746,1.3096,1.3363,1.3626,1.3946,1.4252,0.51089,1.4515,1.4778,1.5041,1.5304,1.5567,1.5829,1.6092,1.6355,1.6618,1.687,0.49819,1.7045,1.7221,1.7396,1.7571,1.7746,1.7921,1.8079,1.8171,1.8346,1.8442,0.45438,1.8596,1.8771,1.8907,1.902,1.9183,1.9271,1.9445,1.9547,1.9635,1.9769,0.4442,1.9911,1.9999,2.0092,2.0268,2.0363,2.045,2.0538,2.0626,1.9332,0.39302,0.36608,0.36171,0.34949,0.31959,0.31083,0.30207,0.2933,0.28454,0.2604,1.9035,0.23293,0.20806,0.16869,0.15993,0.1341,0.12221,0.11344,0.095643,0.07572,0.066958,1.8581,0.058196,0.049434,0.024815,0.00512,-0.007152,-0.015914,-0.032402,-0.068687,-0.1125,-0.12166,1.7822,-0.13042,-0.13919,-0.14795,-0.16002,-0.17557,-0.18497,-0.20249,-0.21196,-0.22744,-0.24496,1.7384,-0.26248,-0.28271,-0.30763,-0.32516,-0.34268,-0.36765,-0.39394,-0.42022,-0.44651,-0.4728,1.7027,-0.49908,-0.52537,-0.55165,-0.58478,-0.61432,-0.64061,-0.66407,-0.68308,-0.70937,-0.73565,1.0,1.0
-2.2014,-1.9136,-1.6561,-0.91059,-0.91059,-0.90494,-0.89592,-0.89563,-0.88363,-0.88125,-0.87432,-0.86233,-0.85191,-1.6441,-0.85191,-0.84102,-0.82903,-0.82258,-0.81972,-0.80773,-0.79574,-0.79324,-0.78642,-0.77443,-1.6202,-0.76391,-0.76391,-0.75312,-0.74924,-0.74381,-0.73182,-0.71983,-0.70784,-0.70523,-0.70523,-1.6055,-0.7012,-0.69057,-0.69057,-0.67989,-0.6759,-0.67058,-0.65859,-0.6466,-0.63461,-0.62262,-1.5935,-0.61062,-0.59471,-0.57197,-0.55998,-0.53743,-0.52133,-0.50934,-0.49482,-0.47084,-0.4587,-1.5815,-0.43754,-0.42005,-0.40806,-0.39607,-0.38408,-0.37208,-0.36009,-0.3481,-0.33611,-0.32412,-1.5695,-0.31213,-0.30014,-0.28815,-0.27616,-0.26416,-0.25217,-0.24018,-0.22819,-0.2162,-0.20421,-1.5575,-0.19222,-0.18023,-0.16824,-0.15624,-0.14425,-0.13318,-0.13318,-0.12295,-0.11096,-0.10384,-1.5455,-0.10164,-0.089651,-0.07766,-0.065668,-0.059838,-0.056354,-0.044363,-0.032372,-0.030502,-0.023058,-1.5335,-0.015834,-0.013743,-0.001752,-0.001166,-0.001166,-0.001166,0.002208,0.013502,0.013502,0.023513,-1.8307,-1.5215,0.028171,0.032828,0.042839,0.042839,0.054133,0.057507,0.063447,0.075438,0.08743,0.099421,-1.512,0.11141,0.11618,0.12073,0.13272,0.14471,0.1567,0.16018,0.16601,0.178,0.18952,-1.512,0.18952,0.19931,0.2113,0.21886,0.22062,0.23261,0.2446,0.24819,0.25391,0.26286,-1.512,0.26323,0.27522,0.27753,0.27753,0.28185,0.2922,0.2922,0.30316,0.30686,0.31247,-1.5029,0.32153,0.32179,0.33378,0.34577,0.35087,0.35509,0.36708,0.37907,0.39106,0.40305,-1.4973,0.41504,0.42986,0.45369,0.46568,0.47767,0.48966,0.50166,0.51365,0.52564,0.54837,-1.4973,0.56429,0.57628,0.59098,0.61493,0.62692,0.64826,0.66557,0.67756,0.69087,0.71486,-1.4962,0.7282,0.7402,0.75219,0.76418,0.77617,0.78816,0.80015,0.80558,0.80947,0.82025,-1.4843,0.82025,0.83077,0.83491,0.83491,0.83741,0.8494,0.84958,0.84958,0.84958,0.84958,-1.4826,0.84958,0.84958,0.86,0.86425,0.86425,0.86425,0.86425,0.87595,0.87892,0.88526,-1.8067,-1.4749,0.89359,0.89458,0.90657,0.90826,0.91588,0.92292,0.9252,0.93719,0.93759,0.93759,-1.4629,0.93759,0.94115,0.95226,0.95226,0.95226,0.95978,0.96693,0.96909,0.98108,0.9816,-1.4533,0.9816,0.98772,0.99626,0.99626,0.99626,1.0063,1.0109,1.0109,1.013,1.025,-1.4533,1.0256,1.0256,1.0316,1.0403,1.0409,1.0529,1.0549,1.0622,1.0742,1.0862,-1.4416,1.0982,1.1102,1.1222,1.1342,1.1462,1.1582,1.1702,1.1821,1.1941,1.2061,-1.4297,1.2163,1.2163,1.2274,1.2394,1.2456,1.2487,1.2607,1.2727,1.275,1.282,-1.4177,1.294,1.3043,1.3043,1.3153,1.3273,1.3336,1.3366,1.3486,1.3606,1.3726,-1.4057,1.3846,1.4009,1.4233,1.4352,1.4472,1.4592,1.4768,1.5008,1.5248,1.5487,-1.3927,1.5823,1.6182,1.6542,1.6902,1.7261,1.7621,1.7981,1.8341,1.8673,1.8913,-1.3687,1.9273,1.9539,1.9711,1.9872,2.0098,2.0217,2.0123,1.9923,-1.7828,-1.355,-1.3354,-1.3164,-1.3022,-1.2782,-1.2542,-1.2391,-1.2209,-1.2004,-1.1884,-1.7588,-1.1764,-1.1645,-1.1525,-1.1405,-1.1285,-1.1165,-1.1045,-1.0925,-1.0805,-1.0719,-1.7348,-1.0712,-1.0592,-1.0472,-1.0352,-1.0279,-1.0259,-1.0139,-1.0133,-1.0133,-1.0073,-1.7108,-0.9986,-0.9986,-0.9986,-0.98866,-0.98393,-0.98393,-0.98393,-0.98393,-0.98393,-0.98393,-1.6947,-0.98393,-0.98393,-0.98393,-0.98393,-0.9741,-0.96926,-0.96926,-0.96926,-0.96926,-0.96926,-1.6775,-0.96082,-0.95459,-0.95459,-0.95419,-0.9422,-0.93992,-0.93288,-0.92525,-0.92357,-0.91158,3.0,5.0
0.70489,0.80014,0.80014,0.085726,0.19852,0.31926,0.42245,0.52898,0.64972,0.75918,0.85944,0.98018,1.0692,0.80014,1.1899,1.2886,1.3691,1.4742,1.5301,1.6106,1.6593,1.7304,1.7706,1.8109,0.80014,1.8543,1.9231,1.9634,2.0036,2.0439,2.0702,2.0926,2.102,2.102,2.0859,0.80014,1.9226,1.8453,1.7648,1.6843,1.4696,1.3538,1.1767,1.0765,0.90889,0.81451,0.80014,0.6652,0.53232,0.42055,0.33156,0.22734,0.14685,0.034606,-0.18924,-0.5709,-0.65139,0.80014,-0.73585,-0.83166,-0.89286,-0.97336,-1.0538,-1.1343,-1.1916,-1.2636,-1.3123,-1.3759,0.80014,-1.4161,-1.4564,-1.486,-1.5051,-1.5177,-1.5177,-1.5177,-1.5177,-1.4879,-1.4794,0.80014,-1.4241,-1.3672,-1.2948,-1.2144,-1.1339,-1.0276,-0.94113,-0.86064,-0.76062,-0.6679,0.80014,-0.55566,-0.47517,-0.37293,-0.25219,-0.13146,-0.01072,0.11002,0.23075,0.35149,0.47223,0.80014,0.59296,0.68195,0.80268,0.92342,1.0442,1.1597,1.2539,1.3525,1.4636,1.5452,0.80014,0.78903,1.6098,1.6744,1.7209,1.7306,1.7527,1.6729,1.6224,1.5939,1.4517,1.3429,0.76839,1.2653,1.1848,1.1043,0.9928,0.91159,0.81483,0.69409,0.60511,0.49437,0.39539,0.76839,0.27465,0.18567,0.064929,-0.035089,-0.14479,-0.23378,-0.34007,-0.42056,-0.50105,-0.58154,0.76839,-0.66203,-0.74252,-1.0453,-1.1154,-1.1745,-1.2276,-1.2996,-1.3399,-1.3801,-1.4203,0.76839,-1.4606,-1.486,-1.5093,-1.5177,-1.5177,-1.5177,-1.4922,-1.4837,-1.4434,-1.4032,0.76839,-1.363,-1.291,-1.2377,-1.1572,-1.0467,-0.96447,-0.88397,-0.80348,-0.69124,-0.61075,0.76839,-0.53026,-0.44977,-0.33753,-0.24584,-0.14479,-0.036121,0.052863,0.1736,0.29434,0.38467,0.80014,0.50406,0.62479,0.74553,0.83451,0.94588,1.0264,1.1596,1.2191,1.288,1.3283,0.80014,1.3685,1.377,1.4172,1.4352,1.4352,1.4034,1.3874,1.3471,1.3069,1.2667,0.82419,1.1899,1.1227,1.0472,0.96668,0.86571,0.77395,0.5982,0.5035,0.40547,0.32498,0.80014,0.83269,0.19686,0.052308,-0.043504,-0.12399,-0.20449,-0.32228,-0.42897,-0.50946,-0.61472,-0.73395,0.86365,-0.78507,-0.86318,-0.94367,-1.1628,-1.2636,-1.3356,-1.3926,-1.4478,-1.4881,-1.5283,0.86365,-1.5685,-1.6088,-1.613,-1.613,-1.613,-1.5832,-1.543,-1.5027,-1.4625,-1.3905,0.86365,-1.3415,-1.2783,-1.2123,-1.1343,-1.0831,-1.0026,-0.95002,-0.87802,-0.8246,-0.76578,0.86365,-0.69537,-0.64663,-0.58154,-0.5174,-0.4693,-0.41992,-0.35705,-0.31681,-0.2737,-0.20456,0.87516,-0.16432,-0.12407,-0.083828,-0.043583,-0.003338,0.036908,0.038099,0.038099,0.038099,0.038099,0.8954,0.047624,0.06985,0.06985,0.06985,0.06985,0.06985,0.06985,0.038099,0.038099,0.038099,0.8669,0.038099,0.038099,0.038099,0.038099,0.038099,0.038099,0.038099,0.038099,0.06985,0.06985,0.82666,0.06985,0.098983,0.1016,0.11597,0.13335,0.13335,0.13335,0.13335,0.13335,0.13335,0.78641,0.12303,0.1016,0.1016,0.1016,0.1016,0.1016,0.1016,0.095331,0.80014,0.74616,0.70592,0.65821,0.59368,0.45564,0.25917,0.20924,0.14693,0.080011,0.031272,0.80014,-0.037312,-0.097958,-0.14955,-0.22155,-0.27593,-0.33379,-0.40516,-0.4539,-0.51803,-0.55828,0.80014,-0.59853,-0.64885,-0.71077,-0.75101,-0.79126,-0.8315,-0.87175,-0.94129,-0.98399,-1.0242,0.80014,-1.0645,-1.1047,-1.145,-1.1852,-1.2255,-1.2637,-1.2742,-1.2955,-1.3229,-1.3314,0.80014,-1.359,-1.359,-1.359,-1.3526,-1.3272,-1.3038,-1.2318,-1.1829,-1.1024,-1.0219,0.80014,-0.93906,-0.8292,-0.74871,-0.64036,-0.55137,-0.44374,-0.34165,-0.251,-0.13193,-0.011196,2.0,2.0
1.7571,1.6668,1.4164,-1.1974,-1.2206,-1.2378,-1.2573,-1.2709,-1.2924,-1.304,-1.3208,-1.3371,-1.3575,1.3538,-1.3702,-1.3843,-1.4032,-1.4149,-1.4265,-1.4381,-1.4399,-1.4515,-1.4632,-1.4748,1.3306,-1.4776,-1.498,-1.5097,-1.5213,-1.5329,-1.5446,-1.5562,-1.558,-1.5661,-1.5714,1.3073,-1.583,-1.5946,-1.5964,-1.6054,-1.6099,-1.6215,-1.6331,-1.6349,-1.6429,-1.6313,1.2895,-1.6196,-1.608,-1.6054,-1.5946,-1.583,-1.5713,-1.5597,-1.5481,-1.5364,-1.515,1.2489,-1.5034,-1.4863,-1.4703,-1.4496,-1.4362,-1.4129,-1.3943,-1.3763,-1.353,-1.3298,1.2179,-1.3085,-1.2931,-1.2698,-1.2466,-1.2233,-1.2001,-1.1768,-1.1583,-1.1401,-1.1169,1.1553,-1.0936,-1.0704,-1.0471,-1.0239,-1.0006,-0.97738,-0.95531,-0.94071,-0.92223,-0.90404,1.1209,-0.88079,-0.86737,-0.84623,-0.8346,-0.81727,-0.80152,-0.78989,-0.77827,-0.76664,-0.75502,1.0695,-0.74339,-0.73176,-0.72053,-0.71834,-0.70672,-0.70087,-0.6933,-0.69104,-0.67988,-0.67137,1.6552,1.0079,-0.66646,-0.66154,-0.66154,-0.65171,-0.64945,-0.63782,-0.6262,-0.61457,-0.60294,-0.59132,0.93943,-0.57969,-0.56807,-0.56322,-0.55465,-0.54248,-0.52156,-0.50994,-0.49831,-0.48668,-0.46555,0.90082,-0.4536,-0.44197,-0.42528,-0.40889,-0.38861,-0.37519,-0.35194,-0.33289,-0.31527,-0.29202,0.83883,-0.26876,-0.25534,-0.23543,-0.21867,-0.20235,-0.19072,-0.16927,-0.15516,-0.13618,-0.12456,0.81558,-0.11293,-0.091646,-0.079848,-0.068222,-0.056596,-0.04497,-0.033344,-0.021718,-0.010092,0.001535,0.79232,0.01316,0.016847,0.026581,0.038207,0.046342,0.051627,0.056174,0.065047,0.066842,0.075838,0.76907,0.080262,0.085669,0.093682,0.095501,0.1071,0.11873,0.13035,0.13483,0.14377,0.1554,0.74582,0.16703,0.17415,0.18045,0.19207,0.2037,0.21348,0.21712,0.22331,0.23054,0.24217,0.69307,0.25281,0.25559,0.26721,0.27884,0.29046,0.30209,0.31372,0.32534,0.33697,0.34859,0.65832,0.36022,0.37185,0.38347,0.3951,0.40028,0.40852,0.42014,0.43177,0.4434,0.45502,1.6435,0.61191,0.46665,0.47827,0.4899,0.50153,0.51315,0.52478,0.5364,0.54803,0.55966,0.57128,0.59382,0.58291,0.60198,0.61599,0.62762,0.63924,0.65566,0.67233,0.68395,0.69558,0.70721,0.57057,0.72276,0.74029,0.75192,0.76354,0.77645,0.79662,0.80825,0.81988,0.8315,0.84355,0.55715,0.86459,0.87621,0.89364,0.91689,0.93075,0.95221,0.96698,0.99024,1.0068,1.0184,0.52785,1.0398,1.0515,1.0712,1.0944,1.106,1.1176,1.1391,1.1507,1.1674,1.1838,0.48115,1.1954,1.2076,1.2285,1.2401,1.2518,1.2711,1.2944,1.3161,1.3278,1.3445,0.4635,1.3608,1.3725,1.3841,1.3957,1.4116,1.4288,1.4404,1.4617,1.4735,1.4851,0.45188,1.4968,1.5084,1.52,1.5316,1.5433,1.5549,1.5665,1.5781,1.5898,1.6014,0.42186,1.613,1.6247,1.6363,1.6479,1.6595,1.6712,1.6828,1.6944,1.706,1.7079,0.40896,1.7195,1.7311,1.7427,1.7543,1.766,1.7776,1.7892,1.8008,1.6247,0.39733,0.36673,0.33476,0.32313,0.31091,0.28021,0.25305,0.22331,0.17101,0.14522,1.5746,0.094272,0.070553,0.036511,0.029899,-0.015351,-0.062175,-0.073801,-0.085427,-0.12006,-0.14046,1.5497,-0.1498,-0.16533,-0.20255,-0.20928,-0.21597,-0.25303,-0.26827,-0.27498,-0.3018,-0.32507,1.5271,-0.33709,-0.34651,-0.39176,-0.43826,-0.46987,-0.48826,-0.50296,-0.52441,-0.53835,-0.5616,1.4871,-0.58485,-0.60811,-0.64084,-0.66589,-0.70077,-0.73061,-0.76069,-0.79557,-0.83045,-0.86294,1.4502,-0.89037,-0.91928,-0.9503,-0.97561,-1.0102,-1.0418,-1.0701,-1.105,-1.1399,-1.1649,1.0,1.0
-1.728,-1.6384,-1.4137,-0.85589,-0.85589,-0.84427,-0.83264,-0.83264,-0.82377,-0.82101,-0.82101,-0.82101,-0.80938,-1.3939,-0.80938,-0.80938,-0.80148,-0.79775,-0.78613,-0.78613,-0.7745,-0.77226,-0.76287,-0.75592,-1.3741,-0.74776,-0.73962,-0.73142,-0.72325,-0.71508,-0.69528,-0.68712,-0.67895,-0.66985,-0.65098,-1.3543,-0.64281,-0.63465,-0.62334,-0.61171,-0.60008,-0.60008,-0.60008,-0.59726,-0.58845,-0.58845,-1.3346,-0.57683,-0.57683,-0.57683,-0.57151,-0.5652,-0.5652,-0.5652,-0.56209,-0.55357,-0.55357,-1.3148,-0.55357,-0.55357,-0.55357,-0.55357,-0.55357,-0.55357,-0.55357,-0.54194,-0.54194,-0.54194,-1.2978,-0.54194,-0.54194,-0.54194,-0.53031,-0.53031,-0.53031,-0.53031,-0.51869,-0.51869,-0.51029,-1.2868,-0.50706,-0.50706,-0.49741,-0.49543,-0.49543,-0.49543,-0.4838,-0.47982,-0.47218,-0.46348,-1.2786,-0.46055,-0.45877,-0.44892,-0.44244,-0.42566,-0.41447,-0.4063,-0.38651,-0.36671,-0.34692,-1.2705,-0.33264,-0.31895,-0.29915,-0.27936,-0.25956,-0.23976,-0.21997,-0.20017,-0.18038,-0.16058,-1.607,-1.2629,-0.14078,-0.12099,-0.10119,-0.069766,-0.04997,-0.018545,0.001251,0.032675,0.053867,0.083896,-1.2541,0.10369,0.12349,0.14328,0.16308,0.18288,0.19105,0.21084,0.22549,0.23881,0.24875,-1.2459,0.25514,0.26331,0.272,0.27965,0.28782,0.30689,0.30689,0.31852,0.33014,0.33014,-1.2378,0.34177,0.3534,0.3534,0.36503,0.3695,0.37666,0.38584,0.38828,0.39991,0.39991,-1.228,0.41154,0.41506,0.42317,0.43139,0.43479,0.44642,0.44642,0.45805,0.46061,0.46968,-1.2164,0.46968,0.46968,0.48131,0.48131,0.48131,0.49293,0.49293,0.49924,0.50456,0.50456,-1.2047,0.51212,0.51619,0.52782,0.52782,0.53944,0.54133,0.55107,0.55767,0.56584,0.57433,-1.2047,0.58596,0.59758,0.59851,0.60921,0.61485,0.62084,0.63119,0.63247,0.6359,0.64409,-1.1969,0.64409,0.65572,0.65694,0.66735,0.67328,0.67898,0.68962,0.69061,0.70223,0.71386,-1.1931,0.72229,0.73712,0.75026,0.77005,0.77822,0.79802,0.80688,0.82598,0.84177,0.85395,-1.5756,-1.1736,0.86502,0.88191,0.89008,0.90988,0.92316,0.93784,0.94642,0.96581,0.97398,0.98214,-1.1582,0.99293,0.99848,1.0046,1.0148,1.023,1.0278,1.0278,1.0394,1.0511,1.0522,-1.2568,1.0627,1.0743,1.086,1.0965,1.0976,1.1092,1.1092,1.1176,1.1208,1.1325,-1.2512,1.1421,1.1557,1.17,1.179,1.1906,1.2022,1.2027,1.2139,1.219,1.2272,-1.2512,1.2371,1.2371,1.2371,1.2371,1.2371,1.2371,1.2371,1.2371,1.2371,1.2371,-1.2444,1.2371,1.2371,1.2487,1.2487,1.2487,1.2532,1.2604,1.2696,1.2894,1.3092,-1.2396,1.329,1.3488,1.3686,1.3884,1.4082,1.428,1.4478,1.4675,1.4934,1.5188,-1.2281,1.5386,1.5584,1.5782,1.598,1.6178,1.6375,1.6573,1.6771,1.6969,1.7284,-1.228,1.7482,1.768,1.7994,1.8192,1.839,1.8641,1.8902,1.91,1.9364,1.9612,-1.228,1.981,2.0087,2.0322,2.052,2.0718,2.0916,2.1114,2.1312,-1.5464,-1.2164,-1.2164,-1.2047,-1.2023,-1.1931,-1.1931,-1.1968,-1.2047,-1.2047,-1.2047,-1.5243,-1.2047,-1.2047,-1.2047,-1.2074,-1.2272,-1.2164,-1.2047,-1.1931,-1.1844,-1.1763,-1.5021,-1.1698,-1.1599,-1.1582,-1.1466,-1.1466,-1.1466,-1.1582,-1.1582,-1.1582,-1.1527,-1.4731,-1.1446,-1.135,-1.1233,-1.1233,-1.1119,-1.1037,-1.0955,-1.0874,-1.0768,-1.071,-1.4533,-1.0652,-1.0547,-1.0465,-1.0419,-1.0303,-1.022,-1.0071,-0.99406,-0.97427,-0.9661,-1.4335,-0.95793,-0.94892,-0.93729,-0.92566,-0.91363,-0.90241,-0.89078,-0.87915,-0.86932,-0.86752,3.0,5.0
-2.0514,-1.7759,-1.5862,-0.84208,-0.84208,-0.83885,-0.83011,-0.82963,-0.81903,-0.81814,-0.80981,-0.79922,-0.79419,-1.5756,-0.79,-0.7794,-0.76881,-0.75821,-0.74761,-0.7463,-0.73839,-0.7278,-0.72235,-0.71858,-1.565,-0.70798,-0.6984,-0.6984,-0.68817,-0.67757,-0.66697,-0.66248,-0.65775,-0.64716,-0.63458,-1.5544,-0.61399,-0.60339,-0.5928,-0.5822,-0.56454,-0.54904,-0.53413,-0.51587,-0.50372,-0.4827,-1.5485,-0.47211,-0.46151,-0.44289,-0.42834,-0.41775,-0.40715,-0.39655,-0.38596,-0.37536,-0.36477,-1.5485,-0.36315,-0.35555,-0.34495,-0.33435,-0.32376,-0.31526,-0.31454,-0.30394,-0.29334,-0.29131,-1.5485,-0.28413,-0.27353,-0.26293,-0.25539,-0.25371,-0.24342,-0.24342,-0.24342,-0.24342,-0.23665,-1.5485,-0.23144,-0.23144,-0.22881,-0.21947,-0.21947,-0.20899,-0.2075,-0.19977,-0.18918,-0.18355,-1.5485,-0.17996,-0.16936,-0.1596,-0.1596,-0.14954,-0.13895,-0.12835,-0.11776,-0.11171,-0.10854,-1.5388,-0.09794,-0.087343,-0.076747,-0.066151,-0.055554,-0.044958,-0.039869,-0.035738,-0.025142,-0.014546,-1.7216,-1.5365,-0.003949,0.006647,0.017244,0.02784,0.031971,0.03706,0.047656,0.058252,0.068849,0.079445,-1.5365,0.090042,0.10064,0.11123,0.12183,0.13243,0.13973,0.14165,0.1517,0.1517,0.16146,-1.5309,0.16368,0.17068,0.17565,0.1799,0.18762,0.18912,0.1996,0.1996,0.20894,0.21953,-1.5246,0.23013,0.24073,0.25132,0.26192,0.27252,0.28311,0.29371,0.3043,0.32244,0.33747,-1.5217,0.35286,0.37405,0.39321,0.40446,0.42565,0.43697,0.45607,0.47014,0.48648,0.5033,-1.5111,0.51689,0.53647,0.5473,0.5685,0.58969,0.61088,0.63207,0.64794,0.66249,0.68368,-1.5005,0.70487,0.72607,0.73684,0.75648,0.77001,0.77432,0.77923,0.78629,0.78845,0.79826,-1.4899,0.79826,0.79826,0.79826,0.80551,0.81024,0.81024,0.81024,0.81197,0.82221,0.82221,-1.4886,0.83179,0.84239,0.84616,0.85161,0.8622,0.8701,0.87142,0.88202,0.88208,0.89124,-1.4807,0.89405,0.90046,0.90602,0.90968,0.918,0.9189,0.92949,0.92997,0.92997,0.93734,-1.7005,-1.4701,0.94194,0.94655,0.95392,0.95577,0.96589,0.96589,0.97559,0.97786,0.98481,0.98984,-1.4595,0.99403,1.0018,1.0018,1.0019,1.0125,1.0138,1.0217,1.0258,1.0258,1.0295,-1.4489,1.0377,1.0377,1.0377,1.0377,1.0377,1.0377,1.0377,1.0425,1.0497,1.0517,-1.4383,1.0617,1.0617,1.0715,1.0821,1.0856,1.0913,1.0976,1.1005,1.1111,1.1215,-1.4288,1.1215,1.1309,1.1415,1.1521,1.1627,1.1733,1.1839,1.1945,1.2051,1.2157,-1.4288,1.2263,1.2369,1.2475,1.2581,1.2687,1.2772,1.2779,1.2885,1.2991,1.3097,-1.4185,1.3203,1.3309,1.3371,1.3401,1.349,1.3493,1.3599,1.361,1.361,1.361,-1.4079,1.3664,1.373,1.3756,1.3862,1.3968,1.4074,1.418,1.4286,1.4455,1.4618,-1.3973,1.4724,1.4852,1.5064,1.5276,1.5488,1.5699,1.5911,1.6183,1.6455,1.6699,-1.3929,1.6999,1.7211,1.7422,1.7731,1.7966,1.8178,1.8445,1.8722,-1.6793,-1.3881,-1.3775,-1.3689,-1.3683,-1.3577,-1.3569,-1.3484,-1.3378,-1.333,-1.3286,-1.6632,-1.321,-1.3194,-1.309,-1.309,-1.309,-1.301,-1.2971,-1.2917,-1.2811,-1.2705,-1.6488,-1.26,-1.2494,-1.2492,-1.2401,-1.2295,-1.2189,-1.2133,-1.2097,-1.1991,-1.1885,-1.63,-1.1779,-1.1673,-1.1567,-1.1461,-1.1355,-1.1205,-1.1024,-1.0918,-1.0812,-1.0706,-1.6184,-1.06,-1.0494,-1.0388,-1.0282,-1.0135,-0.99504,-0.98445,-0.97385,-0.96325,-0.9435,-1.5972,-0.93009,-0.91949,-0.90889,-0.8983,-0.8877,-0.8771,-0.86651,-0.85591,-0.85406,-0.84669,3.0,5.0
0.67176,0.64843,0.69509,-1.4747,-1.4747,-1.4747,-1.4722,-1.4514,-1.4514,-1.4281,-1.4281,-1.4057,-1.397,0.69509,-1.3651,-1.3564,-1.3245,-1.2925,-1.2839,-1.2519,-1.22,-1.188,-1.156,-1.1007,0.69509,-1.0688,-1.0188,-0.98151,-0.93765,-0.89425,-0.83896,-0.79253,-0.7517,-0.688,-0.64111,0.69509,-0.58348,-0.53051,-0.47895,-0.41502,-0.36463,-0.3105,-0.24657,-0.18264,-0.14204,-0.078117,0.69509,-0.014188,0.045774,0.090337,0.15427,0.21819,0.28212,0.34605,0.40998,0.47391,0.53784,0.69509,0.60176,0.66569,0.73522,0.81688,0.88081,0.96807,1.032,1.1193,1.1832,1.2665,0.69509,1.3344,1.3983,1.4622,1.5189,1.5668,1.6295,1.6713,1.7168,1.7721,1.804,0.69509,1.836,1.8617,1.8617,1.8617,1.8617,1.8442,1.7189,1.584,1.4048,1.2389,0.67969,1.1431,1.0472,0.92794,0.83205,0.71282,0.60643,0.49771,0.37405,0.25926,0.14167,0.67176,0.020809,-0.090716,-0.19524,-0.31353,-0.40942,-0.54381,-0.84572,-0.90965,-0.97358,-1.0375,0.64843,0.67176,-1.1014,-1.142,-1.1887,-1.2207,-1.2526,-1.2648,-1.2881,-1.3019,-1.3114,-1.3114,0.67176,-1.3114,-1.3098,-1.2881,-1.2881,-1.2648,-1.2519,-1.2414,-1.2113,-1.1794,-1.1474,0.66849,-1.1154,-1.0835,-1.0515,-1.0195,-0.98758,-0.93228,-0.90032,-0.84526,-0.81306,-0.76406,0.64843,-0.70247,-0.65954,-0.59561,-0.55501,-0.49108,-0.42716,-0.36323,-0.2993,-0.23397,-0.14811,0.64843,-0.084183,-0.020254,0.043674,0.1076,0.17806,0.25879,0.32272,0.38665,0.45058,0.5145,0.64843,0.57843,0.64236,0.72962,0.79355,0.85748,0.92141,0.98533,1.0493,1.1132,1.1771,0.63396,1.2504,1.3649,1.4389,1.4795,1.5434,1.6062,1.6479,1.6934,1.7254,1.7697,0.6251,1.8127,1.815,1.8299,1.815,1.8061,1.7742,1.6955,1.6521,1.5882,1.5082,0.6251,1.3904,1.3038,1.2312,1.1354,1.0339,0.87358,0.75855,0.65403,0.53924,0.35655,0.60806,0.23079,0.11927,0.015676,-0.11848,-0.26943,-0.36533,-0.46122,-0.55711,-0.74213,-0.94418,0.67176,0.60176,-1.0081,-1.0634,-1.1126,-1.1532,-1.206,-1.2379,-1.2648,-1.2785,-1.3105,-1.3114,0.5908,-1.3278,-1.3348,-1.3348,-1.3348,-1.3348,-1.3219,-1.3114,-1.2881,-1.2727,-1.2414,0.57843,-1.2321,-1.2001,-1.1682,-1.1362,-1.1042,-1.0723,-1.0258,-0.98501,-0.94465,-0.89775,0.5551,-0.86346,-0.81049,-0.75893,-0.6999,-0.6544,-0.59048,-0.54988,-0.48595,-0.42202,-0.35809,0.5551,-0.29417,-0.23024,-0.15371,-0.07905,0.00821,0.087304,0.15986,0.25576,0.33392,0.43331,0.53294,0.5901,0.74689,0.87521,1.0138,1.137,1.318,1.4492,1.5413,1.6479,1.7371,0.53177,1.8197,1.8383,1.8383,1.8311,1.7833,1.717,1.6088,1.5264,1.3605,1.2151,0.53177,1.0544,0.83951,0.66896,0.50774,0.37638,0.22263,0.033408,-0.096782,-0.20831,-0.36556,0.50844,-0.47149,-0.56341,-0.64367,-0.75146,-0.75146,-0.75146,-0.75146,-0.74703,-0.72813,-0.72813,0.50844,-0.7048,-0.7048,-0.68147,-0.68147,-0.66327,-0.65814,-0.65814,-0.65814,0.67176,0.50844,0.50447,0.48511,0.48511,0.48511,0.48511,0.48511,0.48511,0.48511,0.46177,0.67176,0.46177,0.46177,0.45617,0.42421,0.39225,0.36845,0.35165,0.31969,0.28772,0.25576,0.67176,0.22379,0.19183,0.13793,0.10457,0.05674,0.016143,-0.047786,-0.093282,-0.15231,-0.21624,0.67176,-0.25917,-0.32076,-0.38469,-0.44862,-0.51255,-0.57648,-0.64041,-0.70433,-0.76826,-0.80886,0.69416,-0.87279,-0.93672,-0.99271,-1.0412,-1.0818,-1.1353,-1.1672,-1.2225,-1.2545,-1.2865,0.69509,-1.3184,-1.3504,-1.359,-1.391,-1.4047,-1.4281,-1.4402,-1.4514,-1.4575,-1.4747,2.0,2.0
0.59468,0.66973,0.70286,0.35129,0.43986,0.5149,0.60343,0.68302,0.76551,0.85115,0.92759,1.0176,1.0943,0.70286,1.1694,1.2444,1.3151,1.3765,1.4515,1.5133,1.563,1.6153,1.6669,1.6981,0.70286,1.7431,1.775,1.7948,1.8098,1.8207,1.8207,1.8207,1.8075,1.732,1.6552,0.71769,1.5939,1.492,1.432,1.3719,1.3019,1.2268,1.1518,1.0758,0.98573,0.88274,0.72089,0.78759,0.69064,0.58558,0.48051,0.37545,0.27038,0.16532,0.060253,-0.044811,-0.14911,0.72089,-0.23917,-0.34198,-0.61255,-0.85188,-0.93824,-1.0133,-1.0883,-1.1634,-1.2288,-1.2888,0.72089,-1.3489,-1.4083,-1.4533,-1.4858,-1.5158,-1.5458,-1.5723,-1.5873,-1.6023,-1.5924,0.72363,-1.5774,-1.5624,-1.5439,-1.5135,-1.4685,-1.4111,-1.351,-1.291,-1.2276,-1.1526,0.73864,-1.0775,-0.99017,-0.90011,-0.81006,-0.72,-0.62995,-0.53989,-0.43762,-0.34175,-0.24552,0.73891,-0.14361,-0.05342,0.051644,0.14458,0.24374,0.34272,0.42972,0.50481,0.59486,0.68492,0.68483,0.73891,0.76596,0.841,0.91605,0.9911,1.0661,1.1412,1.2073,1.2673,1.3245,1.3695,0.73891,1.4146,1.4477,1.4777,1.502,1.5142,1.5142,1.2776,1.1786,1.1099,1.0348,0.73891,0.95977,0.88472,0.79499,0.70493,0.60622,0.50679,0.41412,0.30906,0.20399,0.098926,0.73626,-0.014703,-0.12369,-0.21627,-0.32133,-0.41188,-0.50194,-0.592,-0.6766,-0.78815,-1.0883,0.72125,-1.1433,-1.1884,-1.225,-1.255,-1.285,-1.3151,-1.3307,-1.3457,-1.3608,-1.3705,0.70624,-1.3682,-1.3532,-1.3382,-1.3232,-1.3082,-1.2828,-1.24,-1.2099,-1.1658,-1.1096,0.69123,-1.0577,-1.0076,-0.94546,-0.87041,-0.80943,-0.73835,-0.6633,-0.58825,-0.51321,-0.43816,0.67622,-0.36312,-0.28807,-0.20509,-0.11995,-0.043008,0.047047,0.1371,0.2163,0.29918,0.38442,0.66121,0.45946,0.53451,0.60956,0.6846,0.75965,0.83469,0.90803,0.96806,1.0281,1.0881,0.64363,1.1482,1.2036,1.2486,1.2936,1.3387,1.3837,1.4211,1.4557,1.4977,1.5127,0.68483,0.61361,1.5412,1.5607,1.5757,1.5863,1.5863,1.5863,1.5729,1.5683,1.5609,1.5415,0.59815,1.5115,1.4814,1.4514,1.4111,1.3661,1.321,1.2747,1.2147,1.1414,1.0766,0.56007,1.0021,0.91628,0.84006,0.75,0.65995,0.56989,0.47984,0.38978,0.29323,0.11312,0.52356,-0.27612,-0.47526,-0.55828,-0.62932,-0.69034,-0.76539,-0.84044,-0.90552,-0.96556,-1.0256,0.48804,-1.0847,-1.1298,-1.1748,-1.2099,-1.24,-1.2661,-1.2812,-1.2962,-1.2984,-1.2984,0.44301,-1.2984,-1.2946,-1.2796,-1.2646,-1.2369,-1.2069,-1.1702,-1.1288,-1.0982,-1.0531,0.39798,-0.99549,-0.94505,-0.90002,-0.85143,-0.7914,-0.73136,-0.67132,-0.6208,-0.56928,-0.50924,0.35296,-0.4492,-0.38917,-0.34157,-0.29654,-0.25152,-0.20649,-0.16182,-0.1318,-0.089433,-0.053736,0.29648,-0.030027,-0.011728,0.01802,0.033029,0.035779,0.045019,0.053808,0.057008,0.071837,0.071837,0.23644,0.071837,0.071837,0.071837,0.071837,0.071837,0.071837,0.071837,0.080897,0.68483,0.17641,0.11398,0.038934,-0.021734,-0.093129,-0.16818,-0.24322,-0.31597,-0.37601,-0.45033,0.68483,-0.52538,-0.59218,-0.65744,-0.73028,-0.79032,-0.85035,-0.92157,-0.9803,-1.0305,-1.0884,0.68483,-1.1334,-1.1925,-1.2415,-1.2785,-1.3085,-1.3385,-1.3685,-1.3845,-1.3995,-1.4145,0.68483,-1.4246,-1.4246,-1.4246,-1.4246,-1.4028,-1.3806,-1.3608,-1.3307,-1.3007,-1.2569,0.68483,-1.2118,-1.159,-1.099,-1.0389,-0.9789,-0.91886,-0.8481,-0.77305,-0.69332,-0.60493,0.69371,-0.52988,-0.44118,-0.35113,-0.26107,-0.17102,-0.08096,0.009096,0.099151,0.18921,0.27173,2.0,2.0
-1.9213,-1.7074,-1.5971,-0.89469,-0.90442,-0.91414,-0.95413,-0.9833,-0.99195,-0.99627,-1.0028,-1.0049,-1.0136,-1.5874,-1.0136,-1.0038,-1.0028,-1.0028,-0.99627,-0.99195,-0.98763,-0.9779,-0.96818,-0.95845,-1.5863,-0.94872,-0.89037,-0.86659,-0.84714,-0.82769,-0.80824,-0.78878,-0.76609,-0.73907,-0.71962,-1.5863,-0.70017,-0.67099,-0.65046,-0.62344,-0.59426,-0.56509,-0.53591,-0.50997,-0.48836,-0.45918,-1.5863,-0.43,-0.41055,-0.38245,-0.36084,-0.34139,-0.31653,-0.29168,-0.27222,-0.25277,-0.23332,-1.5863,-0.21387,-0.19441,-0.17496,-0.16308,-0.15335,-0.14362,-0.1339,-0.12417,-0.11445,-0.10472,-1.5863,-0.094993,-0.094993,-0.086348,-0.084186,-0.077702,-0.07338,-0.077702,-0.084186,-0.086348,-0.096074,-1.5831,-0.1058,-0.11553,-0.12525,-0.14254,-0.15551,-0.16524,-0.17496,-0.18469,-0.19441,-0.20414,-1.5755,-0.21387,-0.22359,-0.25926,-0.27547,-0.29168,-0.30572,-0.31545,-0.32518,-0.33274,-0.33274,-1.5755,-0.33274,-0.33274,-0.33274,-0.33274,-0.33274,-0.33274,-0.33274,-0.3295,-0.32193,-0.32085,-1.6749,-1.5755,-0.31113,-0.3014,-0.29168,-0.229,-0.19009,-0.16524,-0.13606,-0.11012,-0.088509,-0.059331,-1.5658,-0.030153,-0.000975,0.036849,0.068188,0.097366,0.12654,0.15572,0.18166,0.20327,0.23245,-1.5647,0.26163,0.29081,0.31134,0.33836,0.36105,0.38591,0.41076,0.43021,0.44967,0.46912,-1.5647,0.48857,0.4983,0.51667,0.52855,0.53828,0.55341,0.56854,0.57827,0.59015,0.60852,-1.5647,0.61825,0.62798,0.6377,0.64743,0.65715,0.66688,0.67661,0.68309,0.68309,0.68309,-1.5593,0.68309,0.68309,0.68309,0.68309,0.68309,0.67769,0.66796,0.65823,0.64851,0.63878,-1.5539,0.62906,0.61933,0.6096,0.59231,0.57935,0.56962,0.55557,0.53936,0.52963,0.51991,-1.5507,0.51018,0.481,0.46912,0.45939,0.44967,0.44534,0.44102,0.43454,0.43454,0.43454,-1.5431,0.43454,0.43454,0.44318,0.44534,0.45183,0.45615,0.46047,0.46696,0.46912,0.47776,-1.542,0.47776,0.48749,0.48857,0.53396,0.56638,0.58583,0.60528,0.62473,0.64419,0.66364,-1.6576,-1.5323,0.68309,0.71227,0.7328,0.75225,0.77171,0.79116,0.81061,0.83006,0.85167,0.87977,-1.5323,0.89922,0.91868,0.93813,0.95758,0.97703,0.99648,1.0159,1.0354,1.0548,1.0743,-1.5236,1.0937,1.1035,1.1218,1.1337,1.1499,1.164,1.178,1.1942,1.204,1.2137,-1.5215,1.2234,1.2332,1.2429,1.2526,1.2558,1.2612,1.2667,1.2667,1.2667,1.2667,-1.515,1.2667,1.2667,1.2667,1.2667,1.2667,1.2667,1.2667,1.2667,1.2667,1.2667,-1.5053,1.2667,1.2667,1.2667,1.2667,1.2731,1.2775,1.2818,1.2915,1.3012,1.311,-1.4955,1.3207,1.3304,1.3401,1.3499,1.3596,1.3693,1.3834,1.3996,1.4115,1.4309,-1.4858,1.4504,1.4601,1.4785,1.4979,1.5174,1.5368,1.5563,1.5757,1.5952,1.6146,-1.4761,1.6341,1.6535,1.673,1.6924,1.7119,1.7313,1.7508,1.7702,1.7875,1.7973,-1.4664,1.807,1.8167,1.8264,1.8362,1.8459,1.8502,1.8545,1.861,-1.6447,-1.4566,-1.4469,-1.4285,-1.4091,-1.3896,-1.3702,-1.3507,-1.3313,-1.3118,-1.2924,-1.6349,-1.2729,-1.2535,-1.234,-1.2146,-1.1951,-1.1757,-1.1562,-1.1368,-1.1173,-1.0979,-1.6252,-1.0784,-1.059,-1.0395,-1.02,-1.0006,-0.98114,-0.96601,-0.95305,-0.93359,-0.91522,-1.6155,-0.9055,-0.88604,-0.86659,-0.85471,-0.84498,-0.82985,-0.81472,-0.80499,-0.79527,-0.78662,-1.6058,-0.78662,-0.7769,-0.77582,-0.77582,-0.77582,-0.77582,-0.77582,-0.77582,-0.77798,-0.78662,-1.5971,-0.78662,-0.79635,-0.81472,-0.82661,-0.83633,-0.84606,-0.85579,-0.86551,-0.87524,-0.88496,5.0,5.0
-2.1748,-1.9003,-1.5301,-0.77923,-0.77037,-0.76152,-0.74735,-0.72964,-0.72079,-0.71547,-0.71547,-0.70839,-0.69953,-1.5124,-0.69068,-0.68182,-0.67297,-0.66411,-0.6588,-0.6588,-0.65172,-0.64463,-0.64463,-0.63932,-1.4947,-0.63046,-0.63046,-0.62692,-0.61807,-0.6163,-0.61453,-0.60567,-0.59682,-0.58796,-0.57911,-1.4788,-0.57025,-0.5614,-0.55962,-0.55785,-0.549,-0.53483,-0.51712,-0.50826,-0.49941,-0.49055,-1.4699,-0.4817,-0.47107,-0.45336,-0.44097,-0.43211,-0.42326,-0.4144,-0.40555,-0.39669,-0.38784,-1.4611,-0.37898,-0.37013,-0.36127,-0.35242,-0.3471,-0.3471,-0.34002,-0.33116,-0.32231,-0.31877,-1.4522,-0.31877,-0.30991,-0.3046,-0.3046,-0.29752,-0.28866,-0.27981,-0.27095,-0.2621,-0.25324,-1.4434,-0.24793,-0.24793,-0.24084,-0.23199,-0.22313,-0.21428,-0.20542,-0.19657,-0.18771,-0.17886,-1.4345,-0.17,-0.16115,-0.15229,-0.13813,-0.12041,-0.11156,-0.1027,-0.09385,-0.077911,-0.061972,-1.4256,-0.053117,-0.044262,-0.035407,-0.026552,-0.017697,-0.008842,1.3e-05,0.008868,0.017723,0.026578,-1.7249,-1.4239,0.035433,0.044288,0.053143,0.061999,0.070854,0.079709,0.088564,0.097419,0.10627,0.10627,-1.4239,0.10982,0.11867,0.12044,0.12221,0.13107,0.13461,0.13461,0.14346,0.14878,0.14878,-1.4239,0.15586,0.16295,0.16295,0.16826,0.17711,0.18597,0.19482,0.20368,0.20545,0.20722,-1.4239,0.21608,0.22493,0.23379,0.2515,0.26566,0.27452,0.28337,0.294,0.31171,0.32411,-1.4239,0.33296,0.35067,0.36484,0.3737,0.38963,0.40734,0.42505,0.43745,0.44631,0.46402,-1.4239,0.47818,0.48704,0.49589,0.50475,0.5136,0.52246,0.53131,0.54017,0.54902,0.55788,-1.4239,0.56673,0.57559,0.58444,0.5933,0.60215,0.61101,0.61632,0.61632,0.62341,0.63049,-1.4239,0.63049,0.6358,0.64466,0.65351,0.66237,0.67122,0.673,0.67477,0.68362,0.69248,-1.4239,0.70133,0.71019,0.71904,0.7279,0.73675,0.74561,0.75446,0.76332,0.77217,0.78103,-1.4239,0.78988,0.79874,0.80759,0.81822,0.83593,0.84832,0.85718,0.86603,0.87489,0.88374,-1.6984,-1.4239,0.8926,0.90323,0.92094,0.93333,0.94219,0.95104,0.96344,0.98115,0.99178,1.0006,-1.4186,1.0095,1.0183,1.0272,1.0361,1.0449,1.0538,1.0626,1.0715,1.0803,1.0892,-1.4097,1.098,1.098,1.1016,1.1104,1.1193,1.1264,1.1264,1.1264,1.1264,1.1352,-1.4097,1.1441,1.1529,1.1547,1.1565,1.1653,1.1742,1.183,1.1919,1.1972,1.1972,-1.4097,1.2043,1.2132,1.222,1.2309,1.2397,1.2486,1.2539,1.2539,1.261,1.2681,-1.4097,1.2681,1.2734,1.2822,1.2822,1.2822,1.2822,1.2822,1.284,1.2928,1.2964,-1.4097,1.2964,1.3052,1.3141,1.323,1.3389,1.3548,1.3637,1.3725,1.3814,1.3991,-1.4079,1.4168,1.4345,1.4452,1.4576,1.4841,1.5054,1.5231,1.5408,1.5585,1.5762,-1.3991,1.5939,1.6116,1.6293,1.6417,1.6506,1.6683,1.6825,1.6913,1.7073,1.7232,-1.3955,1.7321,1.7409,1.7498,1.7586,1.7675,1.7763,1.7781,1.7781,-1.6718,-1.3955,-1.3955,-1.3955,-1.3955,-1.3885,-1.3814,-1.3814,-1.3814,-1.3814,-1.3725,-1.6453,-1.3672,-1.3672,-1.3672,-1.3672,-1.3672,-1.3619,-1.353,-1.353,-1.3495,-1.3406,-1.6187,-1.3389,-1.3371,-1.3282,-1.3247,-1.3247,-1.3158,-1.307,-1.2981,-1.2893,-1.2787,-1.5921,-1.2609,-1.2485,-1.2397,-1.2308,-1.2184,-1.2007,-1.183,-1.1653,-1.1476,-1.1299,-1.5656,-1.1122,-1.0945,-1.0768,-1.059,-1.0413,-1.0236,-1.0059,-0.98821,-0.9705,-0.95279,-1.5478,-0.93508,-0.91737,-0.89966,-0.88195,-0.86424,-0.85184,-0.84298,-0.82527,-0.80756,-0.78985,3.0,5.0
-1.9942,-1.9375,-1.8046,-0.51878,-0.50644,-0.49041,-0.48175,-0.48095,-0.48095,-0.49041,-0.49041,-0.49041,-0.49041,-1.7875,-0.49041,-0.49376,-0.49986,-0.50899,-0.50932,-0.52422,-0.52824,-0.5377,-0.54706,-0.54715,-1.7767,-0.56229,-0.5699,-0.58697,-0.60404,-0.61336,-0.62873,-0.65526,-0.68179,-0.7087,-0.74284,-1.7628,-0.76752,-0.78275,-0.80744,-0.83151,-0.84858,-0.87842,-0.89256,-0.88494,-0.87733,-0.86026,-1.7458,-0.84319,-0.82612,-0.8185,-0.80143,-0.78436,-0.76729,-0.75022,-0.73314,-0.70661,-0.68954,-1.7287,-0.67247,-0.65961,-0.63833,-0.6197,-0.59473,-0.50436,-0.45106,-0.41692,-0.39223,-0.35809,-1.7116,-0.32395,-0.2898,-0.26341,-0.24043,-0.20629,-0.17215,-0.13204,-0.094401,-0.060258,-0.035573,-1.6945,-0.001429,0.007603,0.034133,0.053711,0.077734,0.094805,0.11188,0.13841,0.15274,0.16309,-1.6821,0.18016,0.19723,0.21431,0.23138,0.23899,0.25606,0.26368,0.27569,0.28836,0.29598,-1.6699,0.31305,0.32066,0.32827,0.33244,0.34189,0.35112,0.35135,0.35135,0.35135,0.35135,-1.9222,-1.6528,0.34189,0.34189,0.33613,0.32298,0.31144,0.2946,0.28675,0.27914,0.27153,0.25677,-1.6357,0.24684,0.22977,0.20646,0.18617,0.1691,0.15203,0.14328,0.11788,0.082274,0.058156,-1.6186,0.05721,0.048698,0.048698,0.048698,0.048698,0.048698,0.048698,0.058156,0.058156,0.061419,-1.6016,0.069032,0.086104,0.093718,0.10545,0.1149,0.12602,0.14309,0.15274,0.15832,0.17539,-1.5845,0.19246,0.27569,0.28335,0.30988,0.33641,0.36294,0.38947,0.41444,0.44253,0.47327,-1.5769,0.48849,0.52264,0.55678,0.58146,0.61116,0.63769,0.66422,0.68966,0.69836,0.72489,-1.5598,0.75142,0.7685,0.79417,0.8121,0.82917,0.83678,0.85262,0.86147,0.87154,0.881,-1.5522,0.89046,0.89991,0.90899,0.91661,0.91883,0.92238,0.92829,0.92829,0.91883,0.92446,-1.5446,0.92829,0.92829,0.92838,0.93775,0.93775,0.93775,0.93775,0.93741,0.92829,0.92829,-1.5275,0.91883,0.90696,0.89935,0.88227,0.87466,0.85759,0.84998,0.8329,0.81583,0.80533,-1.9052,-1.5104,0.79115,0.77408,0.71917,0.67614,0.66346,0.64408,0.63197,0.62436,0.61618,0.61618,-1.5024,0.61097,0.60672,0.60672,0.61584,0.61618,0.62161,0.62563,0.62738,0.64445,0.65207,-1.4858,0.66346,0.67675,0.69184,0.70144,0.71851,0.73558,0.76211,0.77918,0.88175,0.90791,-1.4781,0.94058,0.96527,0.99695,1.0146,1.0406,1.064,1.0747,1.1012,1.1286,1.1543,-1.4611,1.1874,1.2121,1.2339,1.2499,1.2673,1.2851,1.3022,1.3192,1.3268,1.335,-1.444,1.3515,1.3539,1.3634,1.3649,1.3728,1.3728,1.3728,1.3728,1.3728,1.3728,-1.4269,1.3634,1.3634,1.3595,1.3539,1.3444,1.3444,1.3385,1.335,1.3372,1.3444,-1.4193,1.3444,1.3444,1.3582,1.3659,1.3829,1.4,1.4106,1.4247,1.4418,1.4579,-1.4173,1.4664,1.4835,1.5006,1.5082,1.5253,1.5423,1.5594,1.5765,1.5936,1.6106,-1.4173,1.6277,1.6448,1.6618,1.6755,1.6849,1.6941,1.7112,1.7188,-1.8976,-1.4078,-1.3984,-1.3984,-1.3926,-1.3889,-1.3795,-1.3795,-1.3716,-1.3639,-1.3605,-1.8807,-1.3511,-1.3416,-1.3416,-1.3322,-1.3227,-1.3132,-1.303,-1.2943,-1.2783,-1.2707,-1.8729,-1.2565,-1.2555,-1.247,-1.2376,-1.2281,-1.2156,-1.208,-1.1909,-1.1903,-1.1757,-1.8653,-1.1681,-1.1605,-1.1525,-1.1358,-1.1187,-1.1016,-1.0863,-1.0676,-1.0504,-1.0239,-1.844,-0.99357,-0.95943,-0.93474,-0.9006,-0.87818,-0.85123,-0.82654,-0.80219,-0.77717,-0.75249,-1.8217,-0.7278,-0.69848,-0.68789,-0.66193,-0.63852,-0.61383,-0.5918,-0.57472,-0.54923,-0.53112,5.0,5.0
-1.8014,-1.7158,-1.5072,-0.71455,-0.70104,-0.68753,-0.67402,-0.66051,-0.6485,-0.6455,-0.63199,-0.62448,-0.62448,-1.4802,-0.61548,-0.61247,-0.61247,-0.60046,-0.60046,-0.59596,-0.58846,-0.58846,-0.57945,-0.57645,-1.4531,-0.56444,-0.56444,-0.56444,-0.56444,-0.55843,-0.55243,-0.55243,-0.55243,-0.55243,-0.54042,-1.4336,-0.54042,-0.53591,-0.52841,-0.52841,-0.5194,-0.5164,-0.5164,-0.50439,-0.50439,-0.50439,-1.4111,-0.49838,-0.49238,-0.49238,-0.49238,-0.49238,-0.48037,-0.48037,-0.48037,-0.47437,-0.46836,-1.3946,-0.46836,-0.45785,-0.45635,-0.44434,-0.44434,-0.43984,-0.43233,-0.42483,-0.42032,-0.40982,-1.3811,-0.39631,-0.39631,-0.3933,-0.3843,-0.3843,-0.37679,-0.37229,-0.37229,-0.37229,-0.37229,-1.3676,-0.36928,-0.36028,-0.36028,-0.36028,-0.35127,-0.34827,-0.33626,-0.32425,-0.32125,-0.31224,-1.3541,-0.30624,-0.30023,-0.30023,-0.28972,-0.28822,-0.27621,-0.27321,-0.2642,-0.2582,-0.25219,-1.345,-0.25219,-0.24168,-0.22817,-0.22667,-0.21616,-0.21166,-0.20416,-0.19665,-0.18314,-0.18014,-1.6993,-1.339,-0.16813,-0.15612,-0.15312,-0.13961,-0.12609,-0.11258,-0.099074,-0.085563,-0.072052,-0.058542,-1.333,-0.045031,-0.031521,-0.024015,-0.016509,-0.002999,0.010512,0.024023,0.036032,0.039034,0.052545,-1.333,0.066055,0.07206,0.081067,0.094578,0.096079,0.10959,0.1231,0.13211,0.13811,0.15162,-1.333,0.15613,0.16663,0.18014,0.19365,0.20717,0.22068,0.23419,0.24019,0.2492,0.26271,-1.333,0.27622,0.28973,0.30324,0.31675,0.33026,0.34377,0.35728,0.3813,0.39631,0.40982,-1.333,0.42333,0.43684,0.45036,0.46387,0.47738,0.49089,0.5044,0.51791,0.53142,0.54493,-1.333,0.55844,0.57195,0.57645,0.58696,0.60047,0.61398,0.62449,0.62899,0.6365,0.64401,-1.333,0.65752,0.66052,0.67253,0.67403,0.68454,0.68904,0.69655,0.70405,0.70856,0.71906,-1.333,0.72057,0.72207,0.73258,0.73258,0.73258,0.74008,0.74458,0.74458,0.75659,0.7581,-1.3255,0.7686,0.77311,0.78061,0.78061,0.78061,0.79112,0.79262,0.79412,0.80463,0.80913,-1.6768,-1.321,0.81664,0.82415,0.82865,0.83916,0.85267,0.85417,0.86468,0.86918,0.88269,0.8887,-1.321,0.8977,0.91121,0.91272,0.92623,0.93974,0.94874,0.95475,0.96826,0.97276,0.98327,-1.321,0.99678,0.99828,1.0088,1.0133,1.0208,1.0283,1.0328,1.0328,1.0448,1.0448,-1.321,1.0448,1.0448,1.0448,1.0523,1.0568,1.0568,1.0688,1.0703,1.0838,1.0974,-1.321,1.1049,1.1124,1.1259,1.1394,1.1529,1.1664,1.1829,1.2054,1.219,1.24,-1.321,1.258,1.2715,1.297,1.3105,1.324,1.3375,1.3511,1.3646,1.3781,1.3811,-1.321,1.3931,1.4051,1.4081,1.4171,1.4231,1.4291,1.4291,1.4396,1.4411,1.4546,-1.321,1.4681,1.4817,1.4952,1.5162,1.5342,1.5582,1.5852,1.6243,1.6543,1.6948,-1.321,1.7354,1.7759,1.8164,1.857,1.9095,1.95,1.9906,2.0311,2.0716,2.1122,-1.3105,2.1437,2.1812,2.2097,2.2352,2.2518,2.2743,2.2938,2.3133,-1.6573,-1.309,-1.309,-1.309,-1.3045,-1.297,-1.297,-1.297,-1.297,-1.297,-1.285,-1.6303,-1.285,-1.285,-1.285,-1.285,-1.285,-1.285,-1.285,-1.285,-1.285,-1.2805,-1.6032,-1.267,-1.2535,-1.249,-1.2385,-1.237,-1.225,-1.2219,-1.2084,-1.2009,-1.1934,-1.5762,-1.1799,-1.1769,-1.1649,-1.1514,-1.1379,-1.1244,-1.1109,-1.0974,-1.0838,-1.0703,-1.5492,-1.0568,-1.0418,-1.0178,-1.0043,-0.99077,-0.97726,-0.95474,-0.93823,-0.92472,-0.8992,-1.5237,-0.88569,-0.86767,-0.84666,-0.82564,-0.80763,-0.79412,-0.7686,-0.75509,-0.74157,-0.72806,3.0,5.0
-2.211,-2.061,-1.7527,-0.72183,-0.71183,-0.70183,-0.69183,-0.68586,-0.68586,-0.67622,-0.67147,-0.67147,-0.67147,-1.7227,-0.67147,-0.67147,-0.67147,-0.67147,-0.67147,-0.67147,-0.66255,-0.65708,-0.65708,-0.65708,-1.6976,-0.65133,-0.6427,-0.6427,-0.63572,-0.62572,-0.61572,-0.61392,-0.61011,-0.60011,-0.59011,-1.6776,-0.58011,-0.57011,-0.56011,-0.55637,-0.55263,-0.53263,-0.52759,-0.52141,-0.50141,-0.49011,-1.6576,-0.48011,-0.47011,-0.46011,-0.45011,-0.44011,-0.43012,-0.42012,-0.40774,-0.38774,-0.37573,-1.6376,-0.36573,-0.35573,-0.34573,-0.33573,-0.32573,-0.31573,-0.31177,-0.31012,-0.30012,-0.29012,-1.6176,-0.28012,-0.27012,-0.26012,-0.25422,-0.25422,-0.24451,-0.23451,-0.22451,-0.21451,-0.20451,-1.5976,-0.19451,-0.18451,-0.16674,-0.14675,-0.12675,-0.11574,-0.10114,-0.081136,-0.061137,-0.046965,-1.585,-0.035527,-0.015527,0.004472,0.021809,0.031809,0.050082,0.066196,0.076196,0.095691,0.11058,-1.575,0.1213,0.1413,0.15497,0.16497,0.17497,0.18497,0.19497,0.20497,0.21497,0.22497,-1.9783,-1.565,0.23497,0.23497,0.24058,0.25058,0.26058,0.26374,0.26619,0.27619,0.28619,0.29252,-1.555,0.29252,0.3018,0.3118,0.3218,0.3318,0.3418,0.35007,0.35007,0.35741,0.36446,-1.5491,0.36446,0.36446,0.36446,0.36446,0.36446,0.36985,0.37885,0.37885,0.37885,0.37885,-1.5491,0.37885,0.38669,0.39323,0.39323,0.39323,0.39791,0.40762,0.40762,0.40762,0.40913,-1.5394,0.41913,0.42201,0.42201,0.42201,0.43035,0.4364,0.4364,0.4364,0.44158,0.45158,-1.5347,0.46158,0.46517,0.46719,0.47719,0.48719,0.49395,0.49395,0.5028,0.5128,0.5228,-1.5347,0.5328,0.53711,0.53841,0.54841,0.55841,0.56841,0.57841,0.58028,0.58402,0.59402,-1.5347,0.59466,0.59963,0.60905,0.60905,0.61524,0.62344,0.62344,0.63085,0.64085,0.65085,-1.5347,0.66085,0.67085,0.68085,0.69085,0.70085,0.71193,0.73192,0.74523,0.75754,0.77753,-1.5347,0.79753,0.81753,0.83753,0.85753,0.87753,0.89753,0.91753,0.93753,0.95753,0.97753,-1.9483,-1.5347,0.99033,1.0031,1.0231,1.0347,1.0447,1.0547,1.0551,1.0603,1.0703,1.0803,-1.5269,1.0903,1.0982,1.0982,1.1059,1.1126,1.1126,1.1215,1.127,1.1272,1.1372,-1.5204,1.1414,1.1414,1.1414,1.1414,1.1414,1.1414,1.1414,1.1414,1.1414,1.1414,-1.5204,1.1414,1.1414,1.1414,1.1414,1.1414,1.1414,1.1414,1.1414,1.1414,1.1414,-1.5204,1.1457,1.1557,1.1558,1.1558,1.1558,1.1558,1.1558,1.1582,1.1682,1.1702,-1.5157,1.1702,1.1702,1.1702,1.1702,1.1702,1.1702,1.1702,1.1702,1.1702,1.1702,-1.506,1.1702,1.1702,1.1702,1.1661,1.1561,1.1655,1.1755,1.1855,1.1955,1.2055,-1.506,1.2155,1.2255,1.2433,1.2599,1.2699,1.2889,1.3089,1.3291,1.3591,1.3833,-1.5001,1.4047,1.4347,1.4577,1.4777,1.4976,1.5176,1.5376,1.5576,1.5682,1.5833,-1.4901,1.6025,1.6125,1.6225,1.6325,1.6425,1.6374,1.6274,1.6174,-1.9183,-1.4801,-1.4772,-1.4745,-1.4645,-1.4545,-1.4484,-1.4484,-1.4389,-1.4289,-1.4196,-1.8883,-1.4196,-1.4132,-1.4053,-1.4053,-1.3976,-1.3876,-1.3776,-1.3676,-1.3576,-1.3476,-1.8608,-1.3376,-1.3276,-1.3176,-1.3076,-1.2976,-1.2876,-1.2776,-1.2595,-1.2432,-1.2332,-1.8408,-1.2139,-1.1989,-1.1883,-1.1683,-1.1545,-1.1427,-1.1227,-1.1027,-1.0857,-1.0757,-1.8127,-1.0571,-1.0371,-1.0171,-0.99707,-0.97707,-0.95707,-0.93707,-0.91707,-0.89707,-0.87708,-1.7827,-0.85708,-0.8406,-0.8306,-0.81147,-0.79622,-0.78586,-0.76586,-0.75183,-0.74183,-0.73183,3.0,5.0
-0.45852,-0.57087,-0.70747,-1.2781,-1.2341,-1.2004,-1.1667,-1.133,-1.0944,-1.052,-1.0183,-0.98455,-0.95084,-0.7187,-0.91714,-0.88343,-0.84973,-0.81602,-0.78232,-0.74861,-0.72051,-0.69487,-0.66191,-0.63944,-0.72994,-0.60741,-0.58084,-0.55837,-0.5359,-0.51343,-0.50206,-0.48215,-0.45968,-0.44104,-0.4284,-0.74117,-0.40593,-0.38346,-0.36878,-0.35218,-0.33265,-0.3209,-0.29843,-0.28529,-0.26715,-0.24916,-0.74537,-0.23792,-0.22669,-0.21545,-0.21265,-0.20664,-0.19541,-0.18417,-0.17294,-0.1617,-0.15047,-0.74998,-0.14436,-0.14166,-0.13042,-0.11919,-0.10795,-0.10338,-0.099143,-0.087908,-0.076673,-0.065438,-0.76122,-0.054203,-0.042968,-0.028387,-0.006839,0.004396,0.025363,0.047833,0.065419,0.079113,0.10158,-0.77245,0.12405,0.14652,0.16899,0.19146,0.21393,0.2364,0.25887,0.28134,0.30381,0.32939,-0.78369,0.36241,0.38488,0.41684,0.44348,0.47059,0.50208,0.52455,0.54702,0.57809,0.60562,-0.78635,0.63184,0.66421,0.68668,0.7193,0.74528,0.76775,0.79309,0.82635,0.84882,0.88055,-0.60393,-0.7925,0.90742,0.92989,0.95236,0.97483,1.0081,1.0334,1.0618,1.092,1.1156,1.1493,-0.80001,1.1731,1.203,1.2317,1.2542,1.2766,1.2991,1.3216,1.344,1.3665,1.389,-0.80131,1.4115,1.4339,1.4483,1.4652,1.4877,1.5093,1.5205,1.5414,1.5567,1.5679,-0.81254,1.5791,1.5904,1.6016,1.6128,1.6241,1.6314,1.6329,1.6441,1.6553,1.6666,-0.82378,1.6778,1.683,1.6723,1.6723,1.6629,1.6517,1.6405,1.6292,1.618,1.5958,-0.82733,1.5819,1.5645,1.542,1.5196,1.4971,1.4746,1.4522,1.4297,1.4072,1.3847,-0.83259,1.3623,1.3398,1.3173,1.2949,1.2724,1.2499,1.2275,1.205,1.1766,1.1464,-0.84382,1.1229,1.0892,1.0653,1.0354,1.0067,0.98426,0.96165,0.92794,0.90319,0.88072,-0.85465,0.85415,0.82212,0.79965,0.77718,0.74665,0.71858,0.69611,0.67285,0.63915,0.61504,-0.85465,0.59257,0.5701,0.54763,0.52516,0.50269,0.48022,0.45775,0.43528,0.41281,0.39034,-0.61516,-0.85465,0.36787,0.35322,0.33659,0.31709,0.30586,0.29462,0.28339,0.27215,0.26543,0.26334,-0.86144,0.25211,0.24087,0.23811,0.23206,0.22083,0.20959,0.19836,0.19713,0.18955,0.17831,-0.86831,0.16981,0.1695,0.15827,0.15615,0.15615,0.15615,0.15615,0.15615,0.16681,0.16981,-0.86831,0.17562,0.18347,0.18443,0.19566,0.19713,0.19713,0.20205,0.21079,0.21079,0.21079,-0.86831,0.21967,0.22445,0.22445,0.22445,0.22445,0.22445,0.22445,0.23002,0.23811,0.23811,-0.87906,0.23811,0.23811,0.24521,0.25177,0.25177,0.25177,0.26283,0.26543,0.26543,0.26922,-0.88197,0.27909,0.27909,0.28926,0.29275,0.29807,0.30641,0.30688,0.31812,0.32007,0.32693,-0.88197,0.33372,0.33574,0.34697,0.34738,0.34738,0.34738,0.35094,0.36104,0.36104,0.36104,-0.88197,0.36104,0.36104,0.36104,0.3608,0.34957,0.34738,0.34738,0.34738,0.34738,0.34738,-0.88832,0.3368,0.33372,0.33372,0.33372,0.33372,0.33372,0.33372,0.341,-0.6264,-0.95573,-0.98366,-1.0359,-1.1033,-1.1707,-1.2376,-1.2713,-1.2961,-1.3382,-1.3861,-0.63763,-1.4232,-1.4794,-1.504,-1.5346,-1.5796,-1.6261,-1.6494,-1.6831,-1.736,-1.7706,-0.64887,-1.793,-1.8249,-1.8924,-1.9151,-1.9376,-1.979,-2.0196,-2.0396,-2.1183,-2.1353,-0.6601,-2.1779,-2.1581,-2.081,-2.0692,-2.0467,-2.0336,-2.0154,-1.993,-1.9705,-1.948,-0.67926,-1.9255,-1.9031,-1.8806,-1.8545,-1.822,-1.7995,-1.767,-1.7333,-1.6996,-1.6659,-0.69623,-1.6322,-1.5985,-1.5648,-1.5311,-1.4974,-1.4618,-1.4169,-1.3826,-1.3489,-1.3152,4.0,4.0
1.7375,1.6532,1.3897,-0.84572,-0.87162,-0.89271,-0.91876,-0.93971,-0.95853,-0.98478,-1.0055,-1.0244,-1.0508,1.3615,-1.0713,-1.0979,-1.1183,-1.1451,-1.1733,-1.1935,-1.2205,-1.2405,-1.2676,-1.2875,1.3341,-1.3063,-1.3336,-1.3533,-1.3721,-1.391,-1.401,-1.4193,-1.4381,-1.4569,-1.4667,1.3144,-1.4852,-1.4949,-1.5043,-1.523,-1.5324,-1.5325,-1.5419,-1.5511,-1.5514,-1.5604,1.2851,-1.5609,-1.5698,-1.5704,-1.5798,-1.5892,-1.5978,-1.5969,-1.5875,-1.5781,-1.5687,1.2485,-1.5593,-1.5498,-1.5417,-1.5404,-1.531,-1.5215,-1.5121,-1.5027,-1.4933,-1.4821,1.2192,-1.4651,-1.4538,-1.437,-1.4255,-1.4066,-1.3878,-1.3713,-1.3595,-1.3407,-1.3244,1.1815,-1.3124,-1.2962,-1.2841,-1.268,-1.2558,-1.2369,-1.2181,-1.1993,-1.1805,-1.1616,1.1439,-1.1395,-1.1146,-1.0958,-1.077,-1.0582,-1.0393,-1.0205,-1.0017,-0.98287,-0.96014,1.1062,-0.93588,-0.91301,-0.88888,-0.86588,-0.84189,-0.82306,-0.80424,-0.78541,-0.76659,-0.75236,1.625,1.0686,-0.73828,-0.71945,-0.70544,-0.69115,-0.67727,-0.66284,-0.64911,-0.63453,-0.62094,-0.60622,1.0309,-0.59277,-0.58336,-0.57394,-0.56453,-0.55512,-0.54571,-0.53629,-0.53274,-0.52681,-0.5174,0.99328,-0.50799,-0.49857,-0.48916,-0.48603,-0.47968,-0.47669,-0.47019,-0.46078,-0.45137,-0.44866,0.95563,-0.44189,-0.43932,-0.4324,-0.42997,-0.42292,-0.41351,-0.4041,-0.39468,-0.38527,-0.37586,0.91966,-0.36644,-0.35703,-0.34001,-0.32886,-0.3117,-0.3007,-0.28339,-0.27253,-0.23901,-0.22568,0.88967,-0.20809,-0.18926,-0.17044,-0.16,-0.14213,-0.13183,-0.11382,-0.094996,-0.084906,-0.066688,0.85384,-0.047863,-0.037983,-0.019555,-0.000729,0.00894,0.027579,0.037108,0.046521,0.055934,0.065346,0.82371,0.074759,0.084172,0.093584,0.103,0.11241,0.12182,0.13058,0.1313,0.14072,0.15013,0.78802,0.15861,0.15961,0.16795,0.1691,0.17729,0.17858,0.18799,0.1974,0.20682,0.21623,0.75775,0.22401,0.22571,0.23512,0.24454,0.25395,0.26336,0.27278,0.28219,0.2938,0.31036,1.5967,0.7222,0.31977,0.32918,0.34107,0.35735,0.36938,0.38552,0.39769,0.42216,0.45402,0.47581,0.69396,0.50101,0.51984,0.53867,0.55749,0.57632,0.59514,0.61397,0.63279,0.64802,0.6611,0.66348,0.67993,0.69875,0.72533,0.75509,0.77391,0.79274,0.81156,0.82616,0.84417,0.86804,0.62814,0.88686,0.90118,0.91517,0.934,0.95282,0.97165,1.0002,1.028,1.0468,1.0606,0.59991,1.0751,1.0939,1.1075,1.1223,1.1357,1.1506,1.1638,1.1845,1.207,1.2201,0.56922,1.2353,1.2483,1.2637,1.2764,1.2858,1.3014,1.314,1.3234,1.3392,1.3645,0.53409,1.3862,1.3984,1.4145,1.4266,1.4428,1.4548,1.4711,1.4829,1.4995,1.5255,0.50585,1.5392,1.5559,1.5674,1.5842,1.5955,1.6125,1.6237,1.6331,1.6425,1.6598,0.47761,1.6707,1.6801,1.6976,1.7083,1.7177,1.7271,1.7365,1.7459,1.7554,1.7648,0.44937,1.7742,1.7836,1.793,1.8024,1.8118,1.8212,1.8307,1.8309,1.5685,0.42114,0.3929,0.3676,0.34878,0.32995,0.31428,0.30487,0.29545,0.28604,0.27663,1.5403,0.26722,0.2578,0.24839,0.24269,0.23891,0.2295,0.22008,0.21067,0.17687,0.13579,1.512,0.11376,0.088936,0.079524,0.048039,0.013985,1.8e-05,-0.032681,-0.06566,-0.10354,-0.14068,1.4833,-0.17913,-0.2157,-0.24966,-0.27627,-0.30123,-0.34414,-0.3699,-0.37931,-0.38326,-0.3888,1.4462,-0.40942,-0.44901,-0.47884,-0.49185,-0.50126,-0.52854,-0.54209,-0.57257,-0.63196,-0.66043,1.418,-0.67615,-0.6886,-0.69801,-0.71394,-0.72618,-0.74225,-0.76108,-0.7799,-0.80559,-0.82689,1.0,1.0
2.205,2.0131,1.5781,-0.8381,-0.87147,-0.90483,-0.93819,-0.97155,-1.0049,-1.0337,-1.0615,-1.0939,-1.1189,1.5418,-1.1439,-1.1689,-1.194,-1.2167,-1.2334,-1.2501,-1.2668,-1.2834,-1.3001,-1.315,1.475,-1.3234,-1.3317,-1.3466,-1.3585,-1.3668,-1.3752,-1.3835,-1.384,-1.3901,-1.3984,1.4303,-1.4043,-1.405,-1.4134,-1.4217,-1.43,-1.4384,-1.4467,-1.4548,-1.4548,-1.4616,1.3941,-1.4649,-1.4682,-1.4765,-1.4849,-1.4851,-1.4788,-1.475,-1.475,-1.474,-1.4657,1.3418,-1.4649,-1.4591,-1.4508,-1.4447,-1.4442,-1.4358,-1.4275,-1.4139,-1.4007,-1.3906,1.2769,-1.3739,-1.3656,-1.3507,-1.334,-1.3173,-1.3006,-1.2839,-1.2673,-1.2506,-1.2382,1.2433,-1.2273,-1.2107,-1.194,-1.1773,-1.155,-1.1338,-1.1171,-1.1005,-1.0838,-1.0671,1.2016,-1.0454,-1.0236,-1.0054,-0.9804,-0.96347,-0.94678,-0.9301,-0.91064,-0.88663,-0.86995,1.1599,-0.85327,-0.83659,-0.81991,-0.80322,-0.78654,-0.76986,-0.75318,-0.7365,-0.71982,-0.70314,1.9461,1.0979,-0.68646,-0.66977,-0.65967,-0.64652,-0.63287,-0.62327,-0.60659,-0.59774,-0.5894,-0.58106,1.0393,-0.57272,-0.56438,-0.55604,-0.5477,-0.53936,-0.53102,-0.52268,-0.51434,-0.506,-0.49766,0.99986,-0.48931,-0.48097,-0.47263,-0.46429,-0.46404,-0.45772,-0.45393,-0.45115,-0.44382,-0.44382,0.93314,-0.44382,-0.43801,-0.43371,-0.43371,-0.43371,-0.43371,-0.42663,-0.4236,-0.42006,-0.41349,0.90685,-0.41349,-0.40515,-0.39681,-0.39327,-0.39024,-0.3819,-0.37356,-0.36522,-0.35688,-0.34424,0.87551,-0.33008,-0.32174,-0.3134,-0.30506,-0.29672,-0.28838,-0.27802,-0.26159,-0.25325,-0.24491,0.83305,-0.23151,-0.21812,-0.20826,-0.19158,-0.18299,-0.16833,-0.1562,-0.14507,-0.1294,-0.12106,0.79135,-0.10514,-0.08846,-0.071779,-0.057372,-0.048526,-0.031845,-0.015163,0.001518,0.018199,0.033111,0.76633,0.041452,0.058133,0.068243,0.081385,0.095034,0.10464,0.12132,0.13017,0.13851,0.14685,0.7413,0.15771,0.17364,0.18198,0.19032,0.19866,0.207,0.21332,0.21357,0.22191,0.23025,1.9128,0.69354,0.23859,0.24365,0.24516,0.25351,0.26185,0.26387,0.26842,0.27676,0.28409,0.28409,0.66093,0.29167,0.30001,0.30835,0.31669,0.32503,0.33337,0.33464,0.34525,0.35839,0.36674,0.63591,0.37508,0.38342,0.39833,0.41021,0.42158,0.43826,0.45494,0.47162,0.48831,0.50928,0.61089,0.53178,0.54922,0.57424,0.59193,0.61417,0.6392,0.6622,0.67913,0.70415,0.72917,0.58587,0.75419,0.77922,0.80575,0.83912,0.86439,0.88941,0.91898,0.94957,0.9756,1.009,0.56084,1.0347,1.0656,1.0949,1.1222,1.1556,1.1889,1.2152,1.2455,1.2754,1.3021,0.53582,1.3355,1.3605,1.3921,1.4207,1.4487,1.4808,1.5059,1.5309,1.562,1.591,0.51611,1.6161,1.6411,1.6661,1.7131,1.7465,1.7715,1.7965,1.8215,1.8466,1.8716,0.48881,1.8966,1.9216,1.9451,1.9618,2.0028,2.0255,2.0422,2.0561,2.0654,2.0821,0.45419,2.0912,2.0996,2.1079,2.1162,2.1246,2.1329,2.1413,2.1443,1.8673,0.44584,0.4375,0.42916,0.42082,0.41248,0.40667,0.41501,0.38417,0.36901,0.36067,1.8056,0.35233,0.34171,0.30835,0.29698,0.2664,0.23607,0.22141,0.21205,0.17035,0.12182,1.7723,0.092001,0.065462,0.029825,0.021485,-0.003032,-0.015416,-0.023757,-0.037658,-0.063691,-0.097053,1.7311,-0.10767,-0.13345,-0.15468,-0.16302,-0.17136,-0.1797,-0.18804,-0.20169,-0.21837,-0.23505,1.6712,-0.25173,-0.27676,-0.30178,-0.322,-0.34171,-0.368,-0.40136,-0.42689,-0.45797,-0.48704,1.6173,-0.51459,-0.54795,-0.58131,-0.61468,-0.64248,-0.67129,-0.70465,-0.73802,-0.77138,-0.80474,1.0,1.0
-2.0552,-1.9902,-1.7909,-0.62538,-0.64164,-0.65789,-0.67795,-0.70068,-0.71693,-0.7408,-0.76518,-0.78627,-0.80365,-1.7736,-0.82803,-0.85241,-0.87185,-0.89088,-0.91464,-0.9309,-0.96032,-0.98398,-1.0002,-1.0163,-1.7573,-1.0163,-1.0163,-1.0163,-1.0128,-0.99653,-0.98799,-0.97431,-0.95805,-0.9418,-0.92555,-1.7383,-0.9093,-0.888,-0.86362,-0.83852,-0.80602,-0.7802,-0.75129,-0.69986,-0.60399,-0.57148,-1.7145,-0.53898,-0.50246,-0.46368,-0.43117,-0.39866,-0.37182,-0.34394,-0.31143,-0.27893,-0.24642,-1.6983,-0.21906,-0.19468,-0.1703,-0.14592,-0.12154,-0.10179,-0.083069,-0.058999,-0.042746,-0.026493,-1.682,-0.01024,0.004059,0.012185,0.020312,0.028438,0.036565,0.043251,0.043251,0.050658,0.053538,-1.6702,0.050452,0.043251,0.043251,0.036359,0.028233,0.017534,0.001693,-0.006434,-0.020938,-0.032973,-1.6598,-0.043157,-0.05941,-0.075663,-0.091916,-0.10817,-0.12442,-0.14067,-0.15693,-0.17853,-0.19972,-1.6437,-0.217,-0.24138,-0.25177,-0.25506,-0.25239,-0.24478,-0.24478,-0.2383,-0.22585,-0.21176,-1.961,-1.6355,-0.20363,-0.18738,-0.17112,-0.15487,-0.13697,-0.11259,-0.095825,-0.019601,0.053126,0.078637,-1.6274,0.11114,0.13655,0.16587,0.1956,0.22059,0.2531,0.28561,0.31369,0.34033,0.37273,-1.6193,0.39711,0.42149,0.44978,0.48054,0.50492,0.5293,0.55368,0.57806,0.6012,0.61745,-1.6112,0.64091,0.66025,0.6765,0.69275,0.70901,0.72526,0.74151,0.7554,0.76352,0.77165,-1.603,0.77361,0.77762,0.78389,0.78389,0.77607,0.77361,0.77011,0.76198,0.75386,0.74573,-1.6026,0.73246,0.71919,0.71024,0.69399,0.67773,0.66148,0.64523,0.62867,0.60429,0.58618,-1.5971,0.56993,0.55368,0.53742,0.51325,0.49463,0.46398,0.42242,0.41429,0.38395,0.36718,-1.5923,0.35905,0.35185,0.35185,0.35185,0.35658,0.36471,0.37243,0.37243,0.38518,0.39722,-1.5923,0.40534,0.41347,0.42962,0.44001,0.45184,0.46809,0.48434,0.5006,0.51685,0.5331,-1.5923,0.54936,0.56561,0.58186,0.59811,0.64111,0.734,0.75838,0.78276,0.80282,0.82123,-1.9409,-1.5923,0.84561,0.86187,0.88408,0.90466,0.92091,0.93716,0.96103,0.97996,0.99621,1.0125,-1.5923,1.0287,1.045,1.0612,1.0747,1.0834,1.0997,1.1094,1.1175,1.1279,1.144,-1.5923,1.1522,1.1603,1.1684,1.1748,1.1748,1.1825,1.1851,1.1885,1.1954,1.1954,-1.5923,1.1954,1.2004,1.2056,1.2056,1.2056,1.199,1.1954,1.1954,1.1954,1.1954,-1.5923,1.1892,1.1851,1.1832,1.1751,1.1748,1.1691,1.161,1.1529,1.1447,1.1366,-1.5923,1.1336,1.1366,1.1447,1.1529,1.161,1.1691,1.1773,1.1854,1.1935,1.2016,-1.5923,1.2098,1.2179,1.226,1.2341,1.2423,1.2504,1.26,1.2762,1.2851,1.2984,-1.59,1.3147,1.33,1.3381,1.3532,1.3694,1.3831,1.3916,1.4079,1.4241,1.4362,-1.5818,1.4464,1.4626,1.4789,1.4893,1.5011,1.5158,1.5239,1.5396,1.5505,1.5586,-1.5737,1.5667,1.5748,1.583,1.5863,1.5889,1.5971,1.6052,1.6068,-1.9182,-1.5656,-1.5575,-1.5475,-1.5312,-1.5228,-1.5034,-1.4825,-1.4662,-1.45,-1.4264,-1.902,-1.402,-1.3806,-1.3636,-1.3392,-1.3148,-1.2858,-1.2558,-1.2314,-1.207,-1.1826,-1.8781,-1.1582,-1.1319,-1.0994,-1.0748,-1.0504,-1.026,-1.0017,-0.97729,-0.95291,-0.92853,-1.8592,-0.90415,-0.8807,-0.86445,-0.84819,-0.82721,-0.8054,-0.78915,-0.77289,-0.75026,-0.7301,-1.8396,-0.71385,-0.6976,-0.68134,-0.66509,-0.64884,-0.63258,-0.61633,-0.60759,-0.59946,-0.59133,-1.8152,-0.58321,-0.57508,-0.57395,-0.57395,-0.57662,-0.58424,-0.58424,-0.59072,-0.60316,-0.61726,5.0,5.0
-2.0576,-2.0038,-1.7428,-1.2075,-1.2165,-1.2254,-1.2305,-1.2305,-1.2305,-1.2227,-1.2137,-1.202,-1.1843,-1.7159,-1.1753,-1.153,-1.1303,-1.1108,-1.0839,-1.057,-1.0246,-0.99175,-0.96074,-0.85322,-1.689,-0.80083,-0.76499,-0.72915,-0.69331,-0.65747,-0.62163,-0.589,-0.56143,-0.52559,-0.49687,-1.6638,-0.46999,-0.44311,-0.41623,-0.38935,-0.36247,-0.33559,-0.30963,-0.2917,-0.27378,-0.25104,-1.6459,-0.22646,-0.20854,-0.19061,-0.1789,-0.16626,-0.14949,-0.14053,-0.13157,-0.12261,-0.11618,-1.6279,-0.11618,-0.10722,-0.10469,-0.10469,-0.10469,-0.10469,-0.10469,-0.10997,-0.11893,-0.12789,-1.61,-0.13685,-0.14581,-0.15891,-0.17683,-0.19475,-0.21267,-0.23059,-0.24851,-0.26643,-0.28435,-1.5951,-0.30227,-0.32019,-0.34179,-0.37763,-0.38866,-0.39762,-0.40658,-0.41554,-0.4245,-0.42634,-1.5861,-0.42634,-0.42634,-0.42634,-0.41784,-0.41485,-0.4114,-0.40244,-0.39348,-0.38452,-0.37556,-1.5772,-0.36431,-0.34639,-0.3372,-0.31583,-0.29262,-0.26666,-0.18602,-0.14329,-0.1125,-0.083091,-1.9693,-1.5682,-0.04725,-0.011409,0.024432,0.064179,0.1076,0.14344,0.17928,0.21513,0.25097,0.28681,-1.5636,0.32265,0.35849,0.39019,0.41868,0.45453,0.48232,0.50369,0.5246,0.55102,0.56894,-1.5654,0.57997,0.59329,0.60938,0.61834,0.6273,0.63626,0.64522,0.65349,0.65349,0.66061,-1.5744,0.66498,0.66498,0.66498,0.66498,0.66498,0.66498,0.66498,0.66498,0.65762,0.64866,-1.5834,0.6397,0.63074,0.63051,0.61811,0.60386,0.5949,0.58594,0.5694,0.55653,0.54505,-1.5866,0.52713,0.50921,0.47842,0.45039,0.43247,0.41455,0.36538,0.33804,0.32632,0.30863,-1.5834,0.29967,0.29071,0.28589,0.2875,0.29646,0.29738,0.30289,0.31484,0.3323,0.34126,-1.5744,0.35711,0.37503,0.39295,0.41087,0.43706,0.48692,0.53678,0.56366,0.59054,0.61742,-1.5654,0.6443,0.67118,0.69806,0.72494,0.75182,0.7787,0.80466,0.82259,0.84786,0.87474,-1.5565,0.90162,0.9285,0.94665,0.97077,0.99398,1.0119,1.0298,1.0402,1.0542,1.0696,-1.9425,-1.5475,1.0785,1.0875,1.0964,1.1015,1.1015,1.1015,1.1093,1.1183,1.1272,1.1362,-1.5386,1.1452,1.1475,1.1516,1.1605,1.1695,1.1704,1.1759,1.1849,1.1939,1.2028,-1.5296,1.2049,1.2093,1.2182,1.2272,1.2279,1.2279,1.2279,1.2279,1.2279,1.2279,-1.5206,1.2279,1.2279,1.2279,1.2279,1.2279,1.2279,1.2279,1.2279,1.2279,1.2279,-1.5117,1.2279,1.2279,1.2279,1.2279,1.2279,1.2279,1.2279,1.2279,1.2279,1.2279,-1.4993,1.2279,1.2279,1.2279,1.2279,1.2265,1.2175,1.2164,1.2164,1.2136,1.2049,-1.4823,1.2049,1.2049,1.2008,1.1934,1.1934,1.1854,1.1764,1.1704,1.17,1.161,-1.4733,1.1589,1.1546,1.1456,1.1367,1.1442,1.1532,1.1622,1.1711,1.1801,1.1962,-1.457,1.2141,1.232,1.2499,1.2678,1.2917,1.3186,1.3455,1.3724,1.3993,1.4261,-1.4439,1.4553,1.4912,1.5183,1.5452,1.5757,1.6104,1.6373,1.6717,-1.9156,-1.4326,-1.4147,-1.3968,-1.3789,-1.361,-1.343,-1.3251,-1.3072,-1.2893,-1.2714,-1.8887,-1.2534,-1.2355,-1.2112,-1.1882,-1.1689,-1.142,-1.1229,-1.0997,-1.0729,-1.0462,-1.8618,-1.0283,-1.0037,-0.97682,-0.95155,-0.93363,-0.90767,-0.8863,-0.86838,-0.85046,-0.83254,-1.8349,-0.81462,-0.80106,-0.7921,-0.78314,-0.77418,-0.76522,-0.75948,-0.75948,-0.75948,-0.75948,-1.8053,-0.76407,-0.77303,-0.78199,-0.79095,-0.80589,-0.82381,-0.84265,-0.86953,-0.89641,-0.91846,-1.7697,-0.93868,-0.96556,-0.99244,-1.0255,-1.0577,-1.0834,-1.1013,-1.142,-1.1716,-1.1896,5.0,5.0
-2.1188,-2.0491,-1.8651,-0.48081,-0.4687,-0.45659,-0.44621,-0.4439,-0.43179,-0.42314,-0.4191,-0.4116,-0.40641,-1.8345,-0.40007,-0.40007,-0.40007,-0.40756,-0.4116,-0.42025,-0.43237,-0.44448,-0.46697,-0.48024,-1.7982,-0.50389,-0.52811,-0.55118,-0.56502,-0.58925,-0.61347,-0.64116,-0.67346,-0.70229,-0.72825,-1.7618,-0.74036,-0.74613,-0.75305,-0.75766,-0.75766,-0.76632,-0.7692,-0.7692,-0.7692,-0.75824,-1.7336,-0.75766,-0.75709,-0.74613,-0.74613,-0.74382,-0.73171,-0.7196,-0.70749,-0.69076,-0.63539,-1.7007,-0.5731,-0.54887,-0.51773,-0.48889,-0.46467,-0.44044,-0.41622,-0.39199,-0.36777,-0.34354,-1.6643,-0.31932,-0.30663,-0.28241,-0.25991,-0.24549,-0.22415,-0.20858,-0.18435,-0.16013,-0.13591,-1.6378,-0.11168,-0.087457,-0.063233,-0.031511,-0.003249,0.020975,0.0452,0.069424,0.093648,0.11787,-1.6032,0.13056,0.15421,0.16632,0.1767,0.17901,0.18824,0.18824,0.18824,0.18824,0.18824,-1.5778,0.18824,0.18824,0.18132,0.1767,0.1767,0.16805,0.16517,0.15536,0.15363,0.14267,-2.0369,-1.5536,0.13056,0.12998,0.11787,0.10576,0.093648,0.081536,0.069424,0.061349,0.056735,0.044623,-1.5294,0.032511,0.020399,0.008286,-0.003826,-0.048237,-0.074192,-0.095532,-0.10015,-0.11053,-0.12264,-1.5063,-0.12322,-0.11168,-0.11053,-0.10015,-0.095532,-0.074192,-0.06208,-0.04593,-0.02632,-0.009017,-1.4925,0.00944,0.027897,0.079806,0.11499,0.13518,0.1594,0.18362,0.21765,0.24361,0.27879,-1.4706,0.30359,0.33993,0.37627,0.4126,0.44663,0.47374,0.50662,0.53488,0.5666,0.59602,-1.4584,0.62658,0.65081,0.67503,0.69926,0.71541,0.73617,0.75117,0.77308,0.78693,0.79904,-1.4463,0.81115,0.82384,0.84691,0.85902,0.86883,0.87171,0.88382,0.8919,0.8919,0.8919,-1.4342,0.8919,0.88555,0.87344,0.86133,0.85729,0.84864,0.8273,0.81288,0.80077,0.78866,-1.4313,0.77654,0.76386,0.74078,0.72694,0.70502,0.69003,0.66234,0.63004,0.60582,0.5816,-1.4383,0.55737,0.53315,0.51584,0.49623,0.48008,0.46797,0.45586,0.43394,0.4201,0.41895,-2.0248,-1.4383,0.41895,0.43048,0.43164,0.44375,0.45817,0.47951,0.502,0.54238,0.5666,0.59082,-1.4383,0.61505,0.63927,0.6635,0.68772,0.71195,0.73617,0.80654,0.8423,0.86652,0.9017,-1.4383,0.9265,0.95073,0.97495,0.99918,1.0234,1.0476,1.0684,1.0845,1.1041,1.1163,-1.4383,1.1284,1.1341,1.1411,1.1457,1.1538,1.1572,1.1664,1.1687,1.1687,1.1797,-1.4383,1.1803,1.1918,1.193,1.2034,1.2034,1.2062,1.2149,1.2149,1.2195,1.2264,-1.4296,1.2264,1.2264,1.2264,1.2264,1.2264,1.2264,1.2264,1.2166,1.2149,1.2149,-1.4267,1.2149,1.227,1.2391,1.2512,1.2633,1.2755,1.291,1.3152,1.3349,1.3574,-1.4267,1.3879,1.4185,1.4479,1.4796,1.516,1.5523,1.5886,1.625,1.6613,1.6976,-1.4163,1.7224,1.7467,1.7709,1.7934,1.8078,1.8291,1.8413,1.8493,1.854,1.8661,-1.4152,1.8782,1.8839,1.8909,1.903,1.9232,1.9387,1.9508,1.963,-2.0127,-1.4152,-1.4036,-1.4025,-1.3921,-1.3921,-1.3892,-1.3806,-1.3765,-1.369,-1.3638,-1.9977,-1.3575,-1.3512,-1.346,-1.3385,-1.3264,-1.3142,-1.3021,-1.29,-1.2779,-1.2658,-1.9735,-1.2422,-1.23,-1.2168,-1.1943,-1.1799,-1.1585,-1.1429,-1.1228,-1.1106,-1.0933,-1.9493,-1.0749,-1.0628,-1.0437,-1.027,-1.0068,-0.99126,-0.96992,-0.94569,-0.92147,-0.89724,-1.925,-0.88455,-0.86033,-0.83726,-0.82342,-0.79919,-0.77785,-0.76228,-0.73805,-0.71844,-0.70114,-1.8956,-0.67692,-0.65269,-0.63539,-0.61578,-0.59155,-0.57598,-0.55464,-0.53042,-0.51657,-0.50446,5.0,5.0
1.9695,1.8439,1.532,-0.17924,-0.21413,-0.2519,-0.29377,-0.32988,-0.36643,-0.4083,-0.45016,-0.49247,-0.54132,1.4971,-0.58684,-0.62871,-0.67678,-0.72562,-0.77447,-0.81833,-0.86108,-0.90993,-0.95878,-1.0076,1.4622,-1.0498,-1.0917,-1.1336,-1.1809,-1.227,-1.2619,-1.301,-1.3428,-1.3777,-1.4126,1.4273,-1.4475,-1.4765,-1.5044,-1.5323,-1.5556,-1.5765,-1.5974,-1.6184,-1.6393,-1.6602,1.3924,-1.6767,-1.6837,-1.6958,-1.7087,-1.7157,-1.7227,-1.7297,-1.7366,-1.741,-1.741,1.3576,-1.741,-1.741,-1.741,-1.7366,-1.7297,-1.7227,-1.7157,-1.7087,-1.6958,-1.6837,1.3227,-1.6767,-1.665,-1.651,-1.6371,-1.6196,-1.5986,-1.5841,-1.5678,-1.5469,-1.5312,1.2878,-1.5161,-1.4952,-1.4743,-1.4533,-1.4324,-1.4115,-1.3905,-1.3752,-1.3597,-1.3388,1.2491,-1.3179,-1.2969,-1.276,-1.2551,-1.2341,-1.2132,-1.1923,-1.1713,-1.1504,-1.1287,1.2073,-1.1008,-1.0765,-1.0556,-1.0346,-1.0137,-0.99278,-0.97716,-0.96199,-0.94105,-0.92012,1.7644,1.172,-0.89919,-0.87825,-0.8602,-0.84624,-0.82653,-0.80726,-0.7933,-0.7748,-0.75431,-0.74036,1.1397,-0.7264,-0.71244,-0.69849,-0.68243,-0.66149,-0.64554,-0.63248,-0.6255,-0.61475,-0.6008,1.1118,-0.58684,-0.57289,-0.55893,-0.5504,-0.54209,-0.52814,-0.51839,-0.5113,-0.49735,-0.48638,1.0784,-0.4794,-0.47243,-0.46545,-0.45847,-0.44684,-0.43344,-0.42646,-0.41948,-0.4125,-0.41184,1.0449,-0.40962,-0.40265,-0.39567,-0.38969,-0.38969,-0.38581,-0.37883,-0.37861,-0.37595,-0.36898,1.017,-0.36754,-0.36754,-0.36754,-0.36754,-0.36731,-0.36034,-0.35646,-0.35646,-0.35048,-0.34538,0.98485,-0.34538,-0.34062,-0.33364,-0.32667,-0.31969,-0.31271,-0.30573,-0.29875,-0.29178,-0.2848,0.95018,-0.27782,-0.27084,-0.25988,-0.24592,-0.23883,-0.22909,-0.21513,-0.20117,-0.18722,-0.17326,0.92925,-0.15931,-0.14502,-0.12408,-0.10636,-0.092407,-0.072359,-0.053419,-0.039463,-0.020634,-0.000475,0.90532,0.013481,0.031091,0.052025,0.072959,0.093893,0.11483,0.13044,0.14562,0.16655,0.18749,1.7504,0.87741,0.20842,0.22935,0.24741,0.26136,0.28108,0.30035,0.31431,0.32826,0.34222,0.35617,0.83776,0.37013,0.38409,0.39804,0.412,0.42595,0.43991,0.45298,0.45996,0.4707,0.48466,0.80121,0.49197,0.49894,0.50592,0.51833,0.53095,0.53793,0.54491,0.55189,0.55887,0.56584,0.78028,0.57282,0.5798,0.58678,0.59376,0.60073,0.60771,0.61469,0.62167,0.62864,0.63562,0.75004,0.6426,0.64958,0.65656,0.66353,0.67051,0.67749,0.68447,0.6982,0.7095,0.71648,0.71681,0.72899,0.74295,0.75691,0.77518,0.79611,0.81705,0.83798,0.85892,0.87985,0.90267,0.70285,0.93058,0.96325,0.99748,1.0254,1.0568,1.0917,1.1266,1.1638,1.2057,1.2476,0.6889,1.2894,1.3313,1.3732,1.415,1.4569,1.5015,1.5504,1.5936,1.6355,1.6773,0.67494,1.7192,1.7607,1.7956,1.8305,1.8654,1.9003,1.9332,1.9611,1.9841,2.0051,0.63573,2.026,2.0433,2.0572,2.0647,2.0668,2.0598,2.0528,2.0434,1.7307,0.60051,0.57958,0.57393,0.57393,0.57393,0.57005,0.56307,0.56285,0.56019,0.55322,1.7098,0.55178,0.55034,0.54336,0.53638,0.5294,0.52243,0.51545,0.50847,0.49551,0.48344,1.6888,0.47646,0.47424,0.47358,0.4666,0.45962,0.45265,0.43924,0.42761,0.42064,0.41886,1.6452,0.41665,0.40269,0.39671,0.39671,0.38984,0.3801,0.36614,0.33524,0.30035,0.26546,1.5912,0.24386,0.23024,0.22326,0.21307,0.19912,0.18516,0.16921,0.14828,0.13222,0.11748,1.5632,0.096551,0.075617,0.054683,0.027215,-0.000697,-0.028609,-0.05652,-0.084432,-0.11234,-0.14435,1.0,1.0
2.3679,2.1741,1.7286,-0.39782,-0.41217,-0.42783,-0.44935,-0.47088,-0.4924,-0.51393,-0.53545,-0.5622,-0.5909,1.6862,-0.61307,-0.63525,-0.66395,-0.69265,-0.72135,-0.75005,-0.77875,-0.80745,-0.83616,-0.87073,1.6503,-0.9066,-0.94248,-0.97705,-1.0057,-1.0371,-1.0729,-1.1088,-1.1447,-1.1753,-1.204,1.6145,-1.2327,-1.2608,-1.2823,-1.3058,-1.3345,-1.3599,-1.3815,-1.3984,-1.4128,-1.433,1.5786,-1.4545,-1.4689,-1.4845,-1.506,-1.5224,-1.5295,-1.5406,-1.555,-1.5641,-1.5713,1.5427,-1.585,-1.598,-1.598,-1.6,-1.6072,-1.6111,-1.6111,-1.6065,-1.5993,-1.5922,1.5068,-1.585,-1.5778,-1.5706,-1.5634,-1.5563,-1.5491,-1.5419,-1.5347,-1.5224,-1.508,1.471,-1.4937,-1.48,-1.4728,-1.4617,-1.4402,-1.4219,-1.4076,-1.3932,-1.3789,-1.3645,1.4351,-1.3502,-1.3286,-1.3084,-1.2941,-1.2797,-1.2654,-1.251,-1.2367,-1.2171,-1.1956,1.3992,-1.1806,-1.1656,-1.144,-1.1225,-1.101,-1.0827,-1.0684,-1.0495,-1.0279,-1.0064,2.0104,1.3633,-0.98488,-0.97053,-0.95487,-0.93335,-0.91182,-0.89029,-0.87268,-0.85833,-0.83876,-0.81724,1.3275,-0.80224,-0.78723,-0.76571,-0.74614,-0.73179,-0.71418,-0.69265,-0.67569,-0.66134,-0.64699,1.2916,-0.63264,-0.61829,-0.60264,-0.58111,-0.5622,-0.54785,-0.5335,-0.51915,-0.5048,-0.49045,1.2557,-0.48262,-0.47479,-0.46044,-0.44609,-0.43174,-0.41739,-0.40304,-0.39326,-0.38608,-0.37891,1.2198,-0.37173,-0.35738,-0.34433,-0.33716,-0.32998,-0.32281,-0.31563,-0.30846,-0.30128,-0.29411,1.184,-0.28693,-0.27976,-0.27258,-0.26737,-0.26737,-0.2641,-0.25693,-0.24975,-0.24258,-0.24127,1.1481,-0.24127,-0.2341,-0.22692,-0.21975,-0.21257,-0.2054,-0.19431,-0.17996,-0.17083,-0.16365,1.1122,-0.14995,-0.13626,-0.12908,-0.11995,-0.1056,-0.091249,-0.076899,-0.062549,-0.048198,-0.033848,1.0763,-0.019498,-0.005148,0.009202,0.023553,0.037903,0.052253,0.066603,0.080953,0.090085,0.097261,1.0405,0.11096,0.12466,0.13183,0.13901,0.14618,0.15662,0.17097,0.18075,0.18793,0.1951,1.9817,1.0046,0.20228,0.20945,0.21663,0.2238,0.22837,0.22837,0.23228,0.23946,0.24663,0.25381,0.96675,0.26098,0.26751,0.26751,0.26946,0.27664,0.28055,0.28055,0.28512,0.29229,0.2936,0.90935,0.2936,0.30077,0.30795,0.31512,0.3223,0.32947,0.33665,0.34382,0.351,0.35817,0.85782,0.37187,0.38557,0.39274,0.40188,0.41623,0.43384,0.45536,0.47232,0.48667,0.50689,0.82195,0.52842,0.55712,0.58582,0.61452,0.64322,0.67192,0.70062,0.72932,0.76324,0.79912,0.79259,0.83499,0.87087,0.90674,0.94457,0.98763,1.0274,1.0633,1.1037,1.1468,1.184,0.77107,1.2198,1.2557,1.2916,1.3275,1.3633,1.3992,1.4312,1.4599,1.4886,1.5173,0.74498,1.546,1.574,1.5956,1.6171,1.6386,1.6601,1.6817,1.7032,1.7247,1.7462,0.71628,1.7678,1.7821,1.7965,1.8108,1.8225,1.8297,1.8408,1.8552,1.8643,1.8715,0.67583,1.8786,1.8845,1.8773,1.8702,1.863,1.8558,1.8486,1.8415,1.9504,0.63278,0.61126,0.59104,0.57669,0.55451,0.51863,0.48276,0.44688,0.4371,0.4371,1.9145,0.41101,0.38426,0.37709,0.36991,0.36274,0.3523,0.33795,0.32817,0.32099,0.30795,1.8786,0.2936,0.2649,0.23881,0.22446,0.21011,0.19576,0.17358,0.14488,0.12139,0.09987,1.8428,0.084867,0.06856,0.032685,0.00268,-0.011671,-0.026021,-0.040371,-0.059287,-0.080813,-0.096467,1.8069,-0.11082,-0.13952,-0.1643,-0.17148,-0.18387,-0.2054,-0.21518,-0.21518,-0.23084,-0.25236,1.771,-0.26084,-0.26737,-0.26737,-0.27519,-0.30389,-0.32607,-0.34042,-0.35021,-0.35738,-0.3763,1.0,1.0
-2.2354,-1.9944,-1.7123,-0.85378,-0.85201,-0.84217,-0.84217,-0.83218,-0.83056,-0.82284,-0.81895,-0.81349,-0.80301,-1.6914,-0.79253,-0.78206,-0.77065,-0.74969,-0.73901,-0.72853,-0.71004,-0.69597,-0.67974,-0.6634,-1.6608,-0.64944,-0.63083,-0.61914,-0.59827,-0.58779,-0.57731,-0.56683,-0.55636,-0.54588,-0.5354,-1.6379,-0.52869,-0.52605,-0.51558,-0.50547,-0.50547,-0.49575,-0.48527,-0.48225,-0.47593,-0.47064,-1.6169,-0.46658,-0.45903,-0.45723,-0.44742,-0.44742,-0.43741,-0.42693,-0.41645,-0.40598,-0.40098,-1.596,-0.39663,-0.38615,-0.37776,-0.37681,-0.36633,-0.35585,-0.34537,-0.34293,-0.33602,-0.32555,-1.5801,-0.31507,-0.3081,-0.30572,-0.29524,-0.28477,-0.27429,-0.26381,-0.25333,-0.24285,-0.23238,-1.5657,-0.2219,-0.21142,-0.20094,-0.19046,-0.17998,-0.16951,-0.16878,-0.16016,-0.14968,-0.1392,-1.5475,-0.12873,-0.11825,-0.10777,-0.097291,-0.08751,-0.08751,-0.077467,-0.066989,-0.064289,-0.057643,-1.5371,-0.052679,-0.048296,-0.037818,-0.02734,-0.017849,-0.017849,-0.007516,0.002962,0.005371,0.012308,-1.9403,-1.5272,0.022787,0.033265,0.040202,0.042611,0.051812,0.051957,0.062435,0.072913,0.075032,0.08226,-1.5272,0.086642,0.091606,0.10208,0.11256,0.12147,0.12191,0.13239,0.14286,0.15334,0.16382,-1.5272,0.1743,0.18478,0.19526,0.20573,0.21621,0.22669,0.23717,0.24765,0.25812,0.2686,-1.5184,0.27908,0.28956,0.30445,0.31884,0.32099,0.33147,0.34195,0.35243,0.35368,0.36177,-1.5232,0.37225,0.3769,0.3816,0.38851,0.39094,0.40012,0.40029,0.41077,0.42125,0.43172,-1.5206,0.4422,0.44656,0.45155,0.46203,0.47251,0.48139,0.48185,0.49233,0.50281,0.51329,-1.5102,0.51622,0.52263,0.53311,0.54359,0.55407,0.56454,0.57427,0.57427,0.58437,0.59485,-1.5039,0.60532,0.6158,0.62628,0.6412,0.65885,0.66933,0.6798,0.69028,0.70076,0.71124,-1.5008,0.72172,0.73219,0.74854,0.76476,0.77524,0.78572,0.7962,0.80667,0.81715,0.82763,-1.4903,0.83811,0.84859,0.85291,0.85793,0.86841,0.87889,0.88937,0.89984,0.91032,0.9208,-1.9171,-1.4799,0.93128,0.93418,0.94063,0.9511,0.96158,0.96901,0.97093,0.98062,0.98062,0.99075,-1.4694,1.0012,1.0038,1.0106,1.0155,1.0199,1.0271,1.0293,1.0387,1.0387,1.0491,-1.4589,1.0596,1.0619,1.0619,1.0619,1.0667,1.0735,1.076,1.0865,1.0967,1.0967,-1.4484,1.1063,1.1168,1.1273,1.1316,1.1366,1.1471,1.1576,1.1664,1.1669,1.1774,-1.4379,1.178,1.1867,1.1972,1.2012,1.2066,1.2128,1.2159,1.2244,1.2252,1.2357,-1.4275,1.236,1.2451,1.2477,1.2544,1.2593,1.2638,1.2709,1.2709,1.272,1.2825,-1.417,1.2825,1.2825,1.2907,1.2941,1.3,1.3105,1.321,1.3315,1.3419,1.3524,-1.4065,1.3629,1.383,1.3955,1.4133,1.4342,1.4552,1.4801,1.5087,1.5297,1.5512,-1.396,1.5826,1.6041,1.6251,1.6461,1.667,1.6933,1.7205,1.7415,1.7624,1.7826,-1.3833,1.793,1.8137,1.8256,1.8361,1.8466,1.8514,1.8469,1.8398,-1.8891,-1.3635,-1.353,-1.3425,-1.332,-1.3216,-1.3111,-1.3006,-1.2901,-1.2796,-1.2692,-1.8576,-1.2601,-1.2598,-1.2493,-1.2389,-1.2284,-1.2179,-1.2074,-1.2021,-1.1981,-1.1876,-1.831,-1.1789,-1.1783,-1.1678,-1.1573,-1.1468,-1.144,-1.1375,-1.127,-1.1165,-1.106,-1.8064,-1.0956,-1.0851,-1.0746,-1.0641,-1.0536,-1.0432,-1.0327,-1.0222,-1.0117,-1.0013,-1.7749,-0.99078,-0.98149,-0.98143,-0.97095,-0.96048,-0.95,-0.93952,-0.92904,-0.92344,-0.91969,-1.7435,-0.90922,-0.90022,-0.89987,-0.88939,-0.88861,-0.88005,-0.877,-0.8707,-0.86539,-0.86135,3.0,5.0
-0.51575,-0.6511,-0.79912,-1.2167,-1.1723,-1.1354,-1.0985,-1.0616,-1.0247,-0.98777,-0.95086,-0.91544,-0.89083,-0.80135,-0.85504,-0.82671,-0.8021,-0.77749,-0.75288,-0.72827,-0.70367,-0.68689,-0.67459,-0.66228,-0.82596,-0.64998,-0.63767,-0.62537,-0.61307,-0.60076,-0.59032,-0.59032,-0.57876,-0.57541,-0.57541,-0.83976,-0.57168,-0.5605,-0.5605,-0.5605,-0.55229,-0.53999,-0.53067,-0.53029,-0.51799,-0.51575,-0.85206,-0.5083,-0.50084,-0.4986,-0.4863,-0.474,-0.47101,-0.4643,-0.452,-0.43969,-0.42739,-0.86436,-0.4039,-0.38787,-0.37556,-0.35991,-0.33604,-0.32374,-0.301,-0.28422,-0.26669,-0.24209,-0.87667,-0.21748,-0.19287,-0.16826,-0.14366,-0.11457,-0.079527,-0.054919,-0.018754,0.00921,0.033817,-0.88897,0.062153,0.097946,0.12255,0.15797,0.18668,0.21688,0.25379,0.29033,0.31494,0.34962,-0.90127,0.38653,0.41859,0.44544,0.48235,0.51926,0.54685,0.57817,0.61508,0.6505,0.67511,-0.90351,0.7109,0.73924,0.76981,0.80337,0.82872,0.86563,0.8921,0.91671,0.94654,0.98084,-0.6895,-0.91097,1.0054,1.0301,1.0547,1.0864,1.1188,1.1434,1.168,1.2042,1.2321,1.2567,-0.92327,1.2814,1.306,1.3306,1.3444,1.3649,1.3895,1.4111,1.4238,1.4484,1.4629,-0.93558,1.4752,1.4875,1.4998,1.5121,1.5364,1.5517,1.564,1.5763,1.5886,1.6009,-0.94788,1.6132,1.6255,1.6378,1.6501,1.6624,1.6747,1.6766,1.6844,1.6915,1.6889,-0.96018,1.6766,1.6643,1.652,1.6397,1.6274,1.6132,1.5886,1.5755,1.5543,1.536,-0.96317,1.52,1.4954,1.4708,1.4461,1.4297,1.4118,1.3872,1.3626,1.338,1.3134,-0.96988,1.2888,1.2642,1.2396,1.215,1.1784,1.1509,1.1262,1.0975,1.0621,1.0375,-0.98218,1.0017,0.97338,0.94878,0.92417,0.89956,0.87495,0.83991,0.81082,0.78622,0.76161,-0.99299,0.737,0.71239,0.68778,0.67026,0.65348,0.63074,0.61844,0.60613,0.58488,0.56661,-0.99299,0.55431,0.542,0.5297,0.5174,0.50509,0.49279,0.48048,0.46818,0.45588,0.44357,-0.7018,-0.99299,0.43127,0.41896,0.40666,0.39436,0.38205,0.36975,0.35745,0.34514,0.33284,0.32053,-1.0016,0.30823,0.3045,0.3045,0.3045,0.3045,0.3045,0.29406,0.28959,0.28959,0.28959,-1.0079,0.28959,0.28959,0.28959,0.28959,0.28511,0.27467,0.27467,0.27467,0.27467,0.27467,-1.0046,0.2784,0.28959,0.28959,0.28959,0.28959,0.28959,0.28959,0.28996,0.30226,0.3045,-0.99299,0.3045,0.30935,0.31942,0.31942,0.31942,0.31942,0.32613,0.33433,0.33433,0.33433,-0.99299,0.33433,0.3429,0.34924,0.34924,0.34924,0.34924,0.34924,0.35707,0.36416,0.36416,-0.99299,0.36416,0.36416,0.36416,0.36416,0.36416,0.36416,0.36416,0.36416,0.36416,0.36416,-0.99299,0.36416,0.36416,0.36416,0.36416,0.36416,0.36416,0.36416,0.36416,0.36416,0.37422,-0.99299,0.37907,0.37907,0.37907,0.37907,0.391,0.39398,0.39398,0.39398,0.39548,0.40778,-0.99299,0.4089,0.4089,0.4089,0.41225,0.42381,0.42381,0.42381,0.43164,-0.71858,-0.99299,-0.99299,-0.9833,-0.97808,-0.97361,-0.96317,-0.96317,-1.0903,-1.1362,-1.1548,-0.74132,-1.1831,-1.2234,-1.2972,-1.3386,-1.4001,-1.4516,-1.4792,-1.5165,-1.5657,-1.635,-0.75363,-1.679,-1.723,-1.7879,-1.8125,-1.8729,-1.9065,-1.9244,-1.9572,-2.0295,-2.091,-0.75437,-2.1078,-2.0686,-2.031,-2.0187,-2.0064,-1.9941,-1.9818,-1.9616,-1.9423,-1.9273,-0.77227,-1.9027,-1.8781,-1.8535,-1.8289,-1.8043,-1.7778,-1.7409,-1.7156,-1.682,-1.6451,-0.79054,-1.6082,-1.5713,-1.5344,-1.4975,-1.4605,-1.418,-1.3718,-1.3349,-1.298,-1.2611,4.0,4.0
0.89164,0.74032,0.66579,1.2982,1.0561,0.87538,0.75432,0.63327,0.4964,0.34508,0.19375,-0.15271,-0.64823,0.66579,-0.73902,-0.82982,-0.92061,-1.0114,-1.085,-1.1456,-1.2061,-1.2666,-1.3244,-1.3547,0.66579,-1.385,-1.4121,-1.4121,-1.4306,-1.4572,-1.4572,-1.4383,-1.408,-1.3777,-1.3475,0.66579,-1.3172,-1.2869,-1.2567,-1.2214,-1.1609,-1.0801,-0.99469,-0.93416,-0.85285,-0.76793,0.66579,-0.7074,-0.62565,-0.52853,-0.40747,-0.30809,-0.2173,-0.12651,-0.013581,0.10025,0.19104,0.66579,0.30442,0.42548,0.54654,0.6676,0.78052,0.87132,0.9856,1.0981,1.1889,1.2797,0.66579,1.3705,1.4612,1.552,1.6333,1.6939,1.7296,1.7598,1.7901,1.8204,1.8506,0.64817,1.8809,1.8854,1.8854,1.8854,1.8854,1.8741,1.8438,1.5204,0.94585,0.037914,0.61791,-0.16535,-0.27422,-0.36501,-0.48336,-0.59177,-0.68256,-0.77335,-0.85105,-0.91158,-1.0006,0.58764,-1.0778,-1.1383,-1.1989,-1.2454,-1.2757,-1.3059,-1.3362,-1.3664,-1.3967,-1.4121,0.66579,0.55738,-1.4121,-1.4423,-1.4572,-1.4568,-1.4265,-1.4121,-1.4112,-1.3809,-1.3344,-1.2752,0.52711,-1.2449,-1.198,-1.1374,-1.0769,-1.0164,-0.95584,-0.89532,-0.83479,-0.77426,-0.71373,0.49685,-0.63513,-0.5475,-0.48697,-0.40792,-0.32074,-0.26021,-0.18071,-0.089919,0.000874,0.072244,0.46659,0.13729,0.22808,0.31888,0.40967,0.50046,0.59126,0.68205,0.77284,0.84286,0.90339,0.43271,0.96392,1.0244,1.085,1.1455,1.206,1.2666,1.3271,1.3655,1.3957,1.426,0.37218,1.4789,1.524,1.524,1.5471,1.5773,1.6076,1.6144,1.6144,1.6144,1.5904,0.31165,1.5602,1.5299,1.4996,1.4694,1.4391,1.4088,1.3686,1.3081,1.2729,1.2322,0.25112,1.1717,1.1369,1.0958,1.0353,0.97476,0.91423,0.8537,0.79317,0.7209,0.6301,0.19059,0.56641,0.49369,0.40289,0.33966,0.26648,0.17568,0.1129,-0.11793,-0.57189,-0.65591,0.11064,-0.71644,-0.77697,-0.80859,-0.85285,-0.91338,-0.94455,-0.97482,-1.0051,-1.0652,-1.1108,0.66579,0.019846,-1.141,-1.141,-1.1564,-1.1867,-1.2169,-1.2314,-1.2323,-1.2626,-1.2766,-1.2766,-0.070948,-1.2766,-1.2598,-1.2314,-1.2314,-1.2314,-1.2291,-1.1989,-1.1686,-1.141,-1.141,-0.14187,-1.123,-1.0927,-1.0624,-1.0322,-1.0019,-0.97165,-0.94139,-0.90706,-0.84653,-0.80543,-0.20736,-0.77516,-0.7449,-0.69476,-0.6392,-0.60893,-0.55834,-0.50323,-0.47297,-0.42192,-0.36727,-0.29816,-0.337,-0.30674,-0.27647,-0.24621,-0.23763,-0.23085,-0.20059,-0.17032,-0.14006,-0.10979,-0.38895,-0.07953,-0.049266,-0.019001,0.011263,0.041528,0.071792,0.10206,0.13232,0.16259,0.19285,-0.47974,0.22311,0.25338,0.28364,0.30442,0.30442,0.32927,0.33966,0.30939,0.30442,0.29403,-0.57054,0.26377,0.25925,0.25925,0.25925,0.23305,0.21408,0.21408,0.21408,0.21408,0.21408,-0.66133,0.21408,0.21408,0.21408,0.21408,0.21408,0.21408,0.21408,0.21408,0.21408,0.21408,-0.75212,0.21408,0.21408,0.24299,0.25925,0.25925,0.22989,0.19963,0.16936,0.66579,-0.84292,-0.91248,-0.97301,-1.0335,-1.0941,-1.1546,-1.2151,-1.2535,-1.2766,-1.2766,0.66579,-1.2991,-1.3217,-1.3217,-1.2987,-1.2684,-1.2382,-1.2079,-1.1691,-1.1085,-1.048,0.66579,-0.97843,-0.88764,-0.82124,-0.74173,-0.62068,-0.52446,-0.43367,-0.34288,-0.22679,-0.10573,0.66579,0.015329,0.11064,0.21227,0.33333,0.45439,0.57545,0.6965,0.79091,0.89345,1.0145,0.66579,1.1356,1.2444,1.3352,1.426,1.5042,1.5647,1.6252,1.6857,1.7463,1.7783,0.66579,1.7951,1.7951,1.824,1.8402,1.8402,1.8109,1.7806,1.7503,1.7201,1.5706,2.0,2.0
0.77011,0.79648,0.74121,1.731,1.7527,1.7505,1.7242,1.6978,1.6714,1.6241,1.5898,1.5475,1.4814,0.74121,1.4131,1.3521,1.2672,1.165,1.0851,0.97963,0.84958,0.73976,0.61477,0.48291,0.74121,0.35106,0.2192,0.087346,-0.04451,-0.17203,-0.27932,-0.41118,-0.54303,-0.65177,-0.75725,0.71628,-0.84468,-0.93932,-1.0318,-1.1004,-1.1611,-1.2294,-1.2587,-1.311,-1.3374,-1.3638,0.71231,-1.3902,-1.3782,-1.3519,-1.3255,-1.2991,-1.2728,-1.2464,-1.216,-1.1633,-1.1106,0.69244,-1.0578,-1.0051,-0.9321,-0.87069,-0.80277,-0.7363,-0.67344,-0.59433,-0.51016,-0.4072,0.68341,-0.32809,-0.24898,-0.14602,-0.040536,0.046164,0.14153,0.24702,0.3413,0.42909,0.53457,0.68341,0.64006,0.74446,0.82357,0.92761,1.0107,1.0898,1.1863,1.2621,1.3272,1.4063,0.68341,1.4782,1.5309,1.5815,1.6078,1.6602,1.6895,1.7159,1.7422,1.7686,1.7816,0.67365,1.7924,1.8022,1.7758,1.7495,1.7231,1.6967,1.6458,1.593,1.5403,1.4875,0.79901,0.65451,1.4204,1.3412,1.2527,1.1472,1.0418,0.93628,0.8308,0.72531,0.59671,0.46485,0.65451,0.33299,0.20114,0.056279,-0.091472,-0.22333,-0.35518,-0.48993,-0.64743,-0.75292,-0.88261,0.65451,-1.0145,-1.1272,-1.216,-1.3092,-1.4032,-1.4823,-1.5549,-1.6076,-1.6604,-1.7131,0.65451,-1.7406,-1.7669,-1.7933,-1.8197,-1.8309,-1.8309,-1.8208,-1.7944,-1.768,-1.7417,0.6285,-1.7153,-1.6889,-1.6387,-1.586,-1.5332,-1.4805,-1.4277,-1.3638,-1.2847,-1.2117,0.60213,-1.1553,-1.0762,-0.99712,-0.91801,-0.8389,-0.73991,-0.65177,-0.57266,-0.48126,-0.38553,0.57575,-0.29919,-0.1984,-0.11929,-0.040175,0.064949,0.14695,0.22607,0.28676,0.35539,0.43451,0.53096,0.50278,0.56383,0.63717,0.68991,0.74265,0.79539,0.82357,0.87198,0.90521,0.94856,0.49411,0.98686,1.0132,1.049,1.0949,1.1212,1.1494,1.2022,1.2293,1.2556,1.282,0.45437,1.3084,1.3347,1.3611,1.3875,1.398,1.3716,1.3452,1.3188,1.2925,1.2419,0.79901,0.40163,1.2108,1.1653,1.1126,1.0598,1.0071,0.94531,0.8727,0.81996,0.76577,0.68666,0.34889,0.63283,0.55733,0.49845,0.428,0.36406,0.29868,0.22968,0.16935,0.095293,0.042551,0.29037,-0.010191,-0.062934,-0.11568,-0.16842,-0.22116,-0.2739,-0.31292,-0.35049,-0.39456,-0.42093,0.21451,-0.45091,-0.50257,-0.52894,-0.55532,-0.58169,-0.60806,-0.63443,-0.6608,-0.68717,-0.71354,0.16104,-0.72546,-0.70379,-0.70162,-0.67525,-0.67489,-0.67489,-0.67489,-0.67489,-0.67489,-0.67489,0.081927,-0.67489,-0.67489,-0.67489,-0.67489,-0.67489,-0.67489,-0.67489,-0.67489,-0.65538,-0.64599,-0.021751,-0.64599,-0.64599,-0.64599,-0.64599,-0.64599,-0.64599,-0.64599,-0.64599,-0.64599,-0.64599,-0.1052,-0.64599,-0.64599,-0.64599,-0.64599,-0.64599,-0.64599,-0.64599,-0.64635,-0.67272,-0.67489,-0.20382,-0.67489,-0.65574,-0.64599,-0.64599,-0.64599,-0.64599,-0.64599,-0.64599,-0.64599,-0.64599,-0.29233,-0.64599,-0.64599,-0.64599,-0.64599,-0.64599,-0.64599,-0.64599,-0.64599,0.79901,-0.38589,-0.49137,-0.58747,-0.67344,-0.77459,-0.85371,-0.93282,-1.0119,-1.0679,-1.1207,0.79901,-1.1734,-1.2262,-1.2659,-1.2923,-1.3186,-1.3342,-1.3107,-1.3103,-1.284,-1.2576,0.79901,-1.2312,-1.1857,-1.133,-1.0943,-1.0448,-0.97473,-0.92198,-0.86527,-0.7876,-0.73486,0.78781,-0.65683,-0.57771,-0.4986,-0.41949,-0.34037,-0.24862,-0.14313,-0.045232,0.038939,0.14442,0.77011,0.24991,0.38176,0.48978,0.59526,0.70075,0.80623,0.91172,1.006,1.0938,1.1931,0.76396,1.2722,1.3514,1.4305,1.4847,1.5374,1.5901,1.6255,1.6519,1.6783,1.7047,0.0,0.0
-2.0896,-1.8222,-1.6377,-0.92335,-0.91108,-0.89881,-0.8869,-0.88642,-0.87415,-0.86188,-0.84961,-0.83734,-0.82507,-1.6145,-0.8128,-0.80053,-0.78826,-0.77599,-0.76372,-0.75145,-0.73918,-0.72691,-0.71464,-0.70468,-1.6022,-0.70225,-0.69253,-0.68985,-0.67758,-0.66823,-0.66519,-0.65292,-0.64065,-0.62498,-0.60396,-1.5899,-0.59169,-0.57942,-0.56715,-0.55488,-0.54261,-0.53034,-0.51807,-0.5058,-0.49353,-0.48126,-1.5777,-0.46899,-0.45672,-0.44956,-0.44433,-0.43206,-0.41979,-0.40752,-0.39525,-0.38298,-0.37071,-1.5654,-0.35844,-0.33998,-0.32176,-0.31592,-0.30936,-0.29709,-0.28482,-0.27255,-0.26733,-0.26016,-1.5531,-0.25518,-0.25518,-0.25518,-0.24753,-0.24303,-0.24303,-0.24303,-0.23489,-0.23088,-0.23088,-1.5409,-0.22238,-0.21874,-0.20999,-0.19772,-0.18545,-0.17318,-0.16091,-0.14864,-0.13637,-0.1241,-1.5286,-0.11183,-0.09956,-0.08729,-0.085103,-0.074898,-0.062628,-0.050358,-0.038088,-0.025818,-0.013548,-1.5163,-0.012212,-0.001157,0.011113,0.023383,0.035653,0.036382,0.048044,0.060314,0.072584,0.084854,-1.8097,-1.504,0.084976,0.097246,0.10927,0.10964,0.12142,0.12203,0.1343,0.14572,0.14669,0.15896,-1.4943,0.17123,0.1835,0.19577,0.20804,0.22031,0.23258,0.24485,0.25505,0.25724,0.26951,-1.4917,0.27935,0.2819,0.29417,0.30365,0.30656,0.3158,0.31896,0.33123,0.3435,0.35577,-1.4794,0.36804,0.37654,0.38043,0.3927,0.40497,0.41724,0.42951,0.44178,0.45405,0.46158,-1.47,0.46644,0.47373,0.47883,0.48588,0.48588,0.49134,0.49802,0.49802,0.49802,0.50398,-1.467,0.51017,0.51017,0.51649,0.52232,0.52232,0.529,0.53447,0.53447,0.54152,0.54662,-1.4579,0.55391,0.55877,0.55877,0.55877,0.56654,0.57091,0.57091,0.57905,0.58306,0.58306,-1.4546,0.58306,0.58306,0.59181,0.59521,0.59521,0.59521,0.59521,0.59521,0.60469,0.60736,-1.4423,0.60736,0.6172,0.61951,0.62959,0.63166,0.64198,0.64381,0.65437,0.66664,0.6681,-1.4336,0.67904,0.69131,0.70358,0.71585,0.7167,0.72824,0.74051,0.74099,0.7529,0.76517,-1.7852,-1.4299,0.76529,0.77756,0.78983,0.8021,0.81437,0.82603,0.82676,0.83903,0.85033,0.85142,-1.4177,0.86369,0.87463,0.87608,0.88835,0.89892,0.90075,0.91302,0.92529,0.93756,0.94983,-1.4054,0.9621,0.97437,0.98664,0.99611,0.99903,1.0083,1.0114,1.0204,1.0204,1.0239,-1.3971,1.0326,1.0363,1.0447,1.0487,1.0569,1.0611,1.0734,1.0812,1.0858,1.0933,-1.393,1.0982,1.1104,1.1176,1.1228,1.1297,1.1352,1.1475,1.154,1.1599,1.1662,-1.3807,1.1723,1.1783,1.1847,1.1905,1.1905,1.1972,1.2026,1.2026,1.2097,1.2148,-1.3685,1.2221,1.2269,1.2269,1.2346,1.2391,1.247,1.2592,1.2715,1.2838,1.2961,-1.3562,1.3083,1.3292,1.345,1.3662,1.3907,1.4243,1.4519,1.4858,1.5132,1.5473,-1.3485,1.5938,1.6331,1.6699,1.7168,1.7658,1.8149,1.864,1.9131,1.9728,2.0342,-1.3438,2.0846,2.1448,2.1949,2.2553,2.3052,2.3659,2.4155,2.4646,-1.7606,-1.3315,-1.3193,-1.3121,-1.3069,-1.2946,-1.2823,-1.2701,-1.2578,-1.2514,-1.2454,-1.7361,-1.2331,-1.2271,-1.2207,-1.2149,-1.2084,-1.2028,-1.196,-1.1906,-1.1906,-1.1834,-1.7115,-1.1785,-1.1711,-1.1663,-1.1663,-1.1585,-1.1542,-1.1462,-1.142,-1.142,-1.142,-1.6879,-1.142,-1.142,-1.1333,-1.1299,-1.1299,-1.1299,-1.1206,-1.1177,-1.1082,-1.1056,-1.6746,-1.0959,-1.0836,-1.0813,-1.0712,-1.0589,-1.0467,-1.0344,-1.0327,-1.022,-1.0097,-1.6512,-1.0084,-0.99733,-0.98506,-0.98409,-0.97267,-0.97194,-0.96028,-0.94801,-0.93574,-0.9355,3.0,5.0
1.9129,1.8378,1.7057,-0.44417,-0.47592,-0.5101,-0.54427,-0.57844,-0.61539,-0.6564,-0.69062,-0.72876,-0.76863,1.6647,-0.8028,-0.84212,-0.88313,-0.92413,-0.95881,-0.99649,-1.0375,-1.0785,-1.1148,-1.149,1.6379,-1.1832,-1.2232,-1.2581,-1.2857,-1.3199,-1.3498,-1.3772,-1.4045,-1.4264,-1.4469,1.6079,-1.4674,-1.4879,-1.5047,-1.5174,-1.5242,-1.536,-1.5476,-1.5544,-1.5612,-1.5648,1.5532,-1.5648,-1.5648,-1.5648,-1.5648,-1.5648,-1.5648,-1.5619,-1.5551,-1.5482,-1.5414,1.5222,-1.5346,-1.5277,-1.5209,-1.5141,-1.5072,-1.5004,-1.4971,-1.4964,-1.4895,-1.4827,1.4917,-1.4759,-1.469,-1.4622,-1.4585,-1.4582,-1.4514,-1.4445,-1.4377,-1.4309,-1.4185,1.4565,-1.4075,-1.4007,-1.3939,-1.3832,-1.3705,-1.3637,-1.3518,-1.3404,-1.3335,-1.3205,1.395,-1.3068,-1.2932,-1.2795,-1.2658,-1.2521,-1.2385,-1.2248,-1.2111,-1.1974,-1.1769,1.3506,-1.1605,-1.1455,-1.125,-1.1045,-1.084,-1.0635,-1.0495,-1.0322,-1.0117,-0.99115,1.8027,1.3164,-0.97065,-0.95014,-0.92964,-0.90914,-0.88863,-0.86813,-0.84762,-0.82712,-0.80816,-0.79449,1.2822,-0.77527,-0.75477,-0.73426,-0.7205,-0.70291,-0.68241,-0.66191,-0.6465,-0.63056,-0.61006,1.2426,-0.59583,-0.58216,-0.56786,-0.54736,-0.53149,-0.51782,-0.50416,-0.49049,-0.47682,-0.46332,1.2042,-0.45648,-0.44547,-0.4318,-0.41813,-0.40982,-0.40045,-0.38678,-0.37966,-0.37282,-0.36599,1.1701,-0.35916,-0.35232,-0.34549,-0.33865,-0.33182,-0.32498,-0.31815,-0.31131,-0.30892,-0.3073,1.1292,-0.30047,-0.29363,-0.2896,-0.2896,-0.28279,-0.27596,-0.27028,-0.27028,-0.26511,-0.25828,1.0921,-0.25144,-0.25096,-0.24743,-0.2406,-0.23377,-0.22222,-0.21044,-0.2036,-0.19677,-0.18686,1.0569,-0.1732,-0.15953,-0.14586,-0.13219,-0.11852,-0.10485,-0.09118,-0.077511,-0.057224,-0.040512,1.0159,-0.026843,-0.013174,0.00547,0.023825,0.037494,0.057322,0.074493,0.088669,0.10917,0.12516,0.97987,0.14052,0.16102,0.17583,0.1895,0.20317,0.21684,0.23051,0.24417,0.25784,0.27151,1.7958,0.9457,0.28518,0.29885,0.31252,0.32259,0.3302,0.34387,0.35276,0.36155,0.37522,0.38292,0.91153,0.39289,0.40625,0.41308,0.41992,0.42675,0.43359,0.44042,0.44726,0.45409,0.46093,0.87735,0.46776,0.47356,0.47356,0.4786,0.48544,0.49227,0.49911,0.50594,0.51278,0.51961,0.84318,0.52645,0.53328,0.54012,0.54695,0.55379,0.56074,0.57441,0.58395,0.59209,0.60576,0.80901,0.61943,0.6331,0.64676,0.66693,0.68376,0.69828,0.71878,0.73929,0.75979,0.78029,0.77484,0.8008,0.82451,0.85185,0.87919,0.90653,0.93387,0.96121,0.99412,1.0283,1.0625,0.7452,1.0966,1.1308,1.165,1.1992,1.2385,1.2772,1.3113,1.3455,1.3832,1.4235,0.71786,1.4577,1.4919,1.526,1.5602,1.5885,1.6159,1.6432,1.6706,1.6979,1.7239,0.69053,1.7444,1.7649,1.7854,1.8059,1.8264,1.8431,1.8568,1.8705,1.8792,1.8882,0.64602,1.9018,1.9094,1.9162,1.9231,1.9299,1.9367,1.9419,1.9419,1.789,0.60977,0.58933,0.57567,0.54975,0.5206,0.51377,0.52273,0.52664,0.51297,0.50575,1.777,0.49529,0.48242,0.47559,0.45914,0.44062,0.42695,0.41328,0.39328,0.36662,0.35295,1.7633,0.33493,0.31291,0.28557,0.26376,0.24055,0.21321,0.1993,0.18563,0.16984,0.1425,1.7496,0.12531,0.11388,0.10705,0.075193,0.054738,0.048507,0.048507,0.034668,0.015952,0.002283,1.736,0.000206,0.000206,-0.000954,-0.055631,-0.085384,-0.099053,-0.11272,-0.12639,-0.14257,-0.16308,1.7223,-0.18358,-0.20408,-0.22546,-0.2528,-0.27526,-0.29781,-0.32515,-0.35249,-0.38306,-0.41683,1.0,1.0
-0.72433,-0.72433,-0.77161,-1.7386,-1.7242,-1.7103,-1.7103,-1.6971,-1.6827,-1.6682,-1.6618,-1.6555,-1.6365,-0.77282,-1.6105,-1.5961,-1.5817,-1.5535,-1.5367,-1.5119,-1.4831,-1.4542,-1.4305,-1.4127,-0.77282,-1.3838,-1.355,-1.3261,-1.3098,-1.2846,-1.2557,-1.2269,-1.198,-1.1692,-1.1403,-0.77282,-1.1115,-1.0826,-1.0538,-1.0249,-0.99605,-0.9672,-0.93834,-0.90949,-0.88064,-0.85178,-0.77282,-0.82293,-0.79408,-0.76523,-0.74652,-0.72369,-0.69483,-0.67091,-0.65329,-0.62589,-0.61147,-0.77282,-0.5829,-0.56645,-0.55202,-0.5376,-0.52317,-0.50875,-0.49432,-0.47989,-0.46571,-0.46571,-0.77282,-0.45278,-0.43835,-0.42392,-0.41722,-0.41124,-0.40105,-0.39855,-0.38489,-0.38489,-0.37143,-0.77004,-0.35701,-0.34258,-0.32815,-0.31373,-0.2993,-0.28487,-0.27045,-0.25602,-0.2416,-0.22717,-0.75666,-0.21274,-0.19832,-0.17686,-0.1533,-0.13532,-0.10828,-0.093776,-0.064923,-0.04884,-0.023382,-0.75666,0.005471,0.026767,0.047012,0.075865,0.10472,0.13357,0.16242,0.20457,0.23629,0.26514,-0.72433,-0.75666,0.294,0.32919,0.36787,0.39672,0.42557,0.45442,0.48328,0.51213,0.55133,0.586,-0.75666,0.61485,0.6437,0.67256,0.70307,0.74635,0.77528,0.80413,0.84386,0.878,0.90685,-0.7464,0.94136,0.98072,1.0118,1.0546,1.0834,1.1254,1.1573,1.1862,1.215,1.2501,-0.7405,1.2889,1.3177,1.3466,1.3754,1.4043,1.4332,1.462,1.4909,1.5197,1.5486,-0.7405,1.5774,1.6048,1.6192,1.6478,1.6642,1.6894,1.7092,1.7237,1.7381,1.7525,-0.7405,1.7669,1.7814,1.7958,1.8102,1.8246,1.8391,1.8535,1.8679,1.8781,1.8781,-0.7405,1.8773,1.8628,1.8619,1.8501,1.8357,1.8213,1.8069,1.7924,1.778,1.7636,-0.73892,1.7492,1.7347,1.7203,1.7059,1.6915,1.677,1.6573,1.632,1.6157,1.5869,-0.72449,1.558,1.542,1.5165,1.4876,1.4588,1.4299,1.4011,1.3722,1.3434,1.3145,-0.72433,1.2857,1.2568,1.228,1.1991,1.1639,1.1252,1.0964,1.0664,1.0231,0.99365,-0.73528,-0.72433,0.9648,0.93595,0.89845,0.86208,0.83323,0.80437,0.77552,0.74667,0.71782,0.68896,-0.72433,0.66011,0.63126,0.60241,0.57355,0.54866,0.52979,0.48748,0.47305,0.45863,0.43277,-0.71528,0.42331,0.41535,0.40092,0.39098,0.38823,0.37381,0.35938,0.35865,0.35865,0.35865,-0.70817,0.35865,0.35865,0.35865,0.35865,0.35865,0.35865,0.35865,0.35865,0.35865,0.35865,-0.70817,0.35138,0.34249,0.34249,0.34043,0.32633,0.32633,0.31331,0.31016,0.30062,0.294,-0.70817,0.28794,0.27351,0.25908,0.24551,0.24551,0.23197,0.21754,0.21318,0.20485,0.19701,-0.70607,0.19216,0.18085,0.17948,0.16505,0.16469,0.15236,0.14852,0.14852,0.14141,0.13236,-0.692,0.13236,0.13046,0.11619,0.11619,0.11619,0.11619,0.10682,0.10003,0.10003,0.10003,-0.692,0.10003,0.10003,0.10003,0.10003,0.10003,0.10003,0.10003,0.10003,0.10472,0.11619,-0.692,0.11619,0.11619,0.11619,0.11619,0.11619,0.12488,0.13931,0.15373,-0.7405,-0.692,-0.68243,-0.67584,-0.66974,-0.65968,-0.65968,-0.65879,-0.64436,-0.64351,-0.64351,-0.7405,-0.63341,-0.62735,-0.62735,-0.62246,-0.61118,-0.61118,-0.61118,-0.61118,-0.59882,-0.59502,-0.7405,-0.59502,-0.59502,-0.59502,-0.59134,-0.57886,-0.57906,-0.59348,-0.65947,-0.68699,-0.71084,-0.7405,-0.73201,-0.7702,-0.84233,-0.90707,-0.9381,-1.0102,-1.0421,-1.1177,-1.2042,-1.2498,-0.74276,-1.2965,-1.3642,-1.393,-1.4269,-1.5135,-1.5442,-1.5609,-1.5858,-1.6059,-1.6553,-0.75719,-1.7156,-1.73,-1.7444,-1.7589,-1.7733,-1.7623,-1.7588,-1.7496,-1.7427,-1.7427,4.0,4.0
0.4906,0.43082,0.37074,-0.51322,-0.45344,-0.39366,-0.33388,-0.2741,-0.21432,-0.15454,-0.094762,-0.034982,0.024797,0.37074,0.084576,0.14436,0.22571,0.29388,0.37508,0.4434,0.52446,0.59293,0.65271,0.73353,0.37074,0.80223,0.86201,0.92179,1.0023,1.0713,1.1311,1.1909,1.2506,1.3104,1.3499,0.37074,1.4,1.4598,1.4995,1.5494,1.5892,1.6191,1.649,1.6789,1.7088,1.7387,0.34182,1.7491,1.7491,1.7491,1.7299,1.7191,1.7,1.6511,1.6103,1.5615,1.5206,0.34077,1.4719,1.4122,1.3338,1.2626,1.1844,1.1131,1.0351,0.94538,0.87384,0.79601,0.34077,0.68836,0.58671,0.49704,0.40737,0.3177,0.21043,0.1084,0.018729,-0.088319,-0.19057,0.34077,-0.28024,-0.38707,-0.48955,-0.57921,-0.66888,-0.75855,-0.84822,-0.93789,-1.0276,-1.1172,0.31216,-1.1904,-1.2666,-1.3399,-1.3997,-1.4595,-1.5032,-1.5491,-1.5929,-1.6228,-1.6527,0.31081,-1.6826,-1.6968,-1.6812,-1.6669,-1.6514,-1.6215,-1.5916,-1.5618,-1.5319,-1.4869,0.43067,0.31081,-1.4421,-1.4122,-1.3675,-1.3077,-1.2479,-1.2028,-1.1584,-1.0986,-1.0388,-0.96471,0.28242,-0.88927,-0.82949,-0.76971,-0.69593,-0.62019,-0.56041,-0.48685,-0.41089,-0.33747,-0.26136,0.28084,-0.1881,-0.098432,-0.008763,0.067646,0.14061,0.23028,0.31995,0.40962,0.49929,0.58896,0.28084,0.66589,0.73833,0.828,0.91767,0.9949,1.067,1.1444,1.2164,1.2939,1.3658,0.28084,1.4435,1.5033,1.563,1.6228,1.6709,1.7124,1.7606,1.7905,1.8204,1.839,0.28084,1.8502,1.8578,1.8279,1.798,1.7681,1.7382,1.6976,1.6378,1.578,1.5182,0.25283,1.448,1.3583,1.2686,1.1892,1.1193,1.0195,0.90995,0.82028,0.73061,0.63113,0.25088,0.52131,0.42198,0.31201,0.21282,0.093266,-0.016929,-0.11589,-0.22623,-0.3159,-0.41463,0.25088,-0.5252,-0.61487,-0.70454,-0.79421,-0.88388,-0.97355,-1.0632,-1.1529,-1.2342,-1.2939,0.22309,-1.3537,-1.4135,-1.4652,-1.5031,-1.5549,-1.5848,-1.6147,-1.6369,-1.6445,-1.6593,0.43067,0.1932,-1.6369,-1.6295,-1.5996,-1.5697,-1.5398,-1.5099,-1.48,-1.4501,-1.4134,-1.3604,0.19095,-1.3238,-1.264,-1.2108,-1.1744,-1.1146,-1.0548,-0.99505,-0.93527,-0.86935,-0.78575,0.16338,-0.72597,-0.66027,-0.57644,-0.5109,-0.42123,-0.33718,-0.27185,-0.18218,-0.097908,-0.03281,0.13349,0.051615,0.11656,0.20114,0.26594,0.35066,0.41531,0.50019,0.55996,0.61974,0.67952,0.13102,0.73481,0.76912,0.82455,0.85444,0.88433,0.9101,0.91415,0.94007,0.93617,0.9101,0.10368,0.90636,0.87647,0.84658,0.81669,0.7868,0.75691,0.72702,0.69713,0.66724,0.63735,0.073789,0.61046,0.60753,0.57764,0.55053,0.55053,0.5479,0.52056,0.52056,0.51816,0.4906,0.043899,0.48835,0.46063,0.46063,0.46063,0.45868,0.43067,0.43067,0.43067,0.43067,0.43067,0.01401,0.43067,0.43067,0.43067,0.43067,0.43067,0.43067,0.43067,0.43067,0.42977,0.4007,-0.01588,0.4007,0.4007,0.4007,0.4007,0.4007,0.40108,0.43037,0.4007,0.401,-0.04577,-0.075659,-0.10555,-0.13544,-0.192,-0.22518,-0.25507,-0.31141,-0.34482,-0.401,0.4007,-0.46078,-0.49441,-0.55037,-0.61015,-0.66993,-0.70387,-0.75953,-0.81931,-0.87909,-0.93886,0.4007,-0.97317,-1.0285,-1.0882,-1.148,-1.1826,-1.2125,-1.2674,-1.3023,-1.3321,-1.362,0.4007,-1.3919,-1.3972,-1.4217,-1.4271,-1.4516,-1.4571,-1.4328,-1.4271,-1.403,-1.3731,0.37134,-1.3432,-1.3133,-1.2835,-1.2536,-1.2237,-1.1938,-1.1639,-1.1106,-1.0742,-1.0443,0.37074,-0.99115,-0.95452,-0.90156,-0.86478,-0.81196,-0.77503,-0.72237,-0.66259,-0.60281,-0.56558,0.0,2.0
-2.5949,-2.305,-1.834,-0.62893,-0.64392,-0.65298,-0.66204,-0.67773,-0.692,-0.70213,-0.72025,-0.73102,-0.74464,-1.7887,-0.76276,-0.78088,-0.79095,-0.80528,-0.8234,-0.84152,-0.85088,-0.88386,-0.91637,-0.92543,-1.7455,-0.93449,-0.94355,-0.95261,-0.96167,-0.97073,-0.97239,-0.96777,-0.96055,-0.96055,-0.95244,-1.7093,-0.93805,-0.91993,-0.90181,-0.88369,-0.86557,-0.84419,-0.81701,-0.78983,-0.76265,-0.73547,-1.673,-0.70236,-0.62988,-0.59471,-0.5722,-0.55219,-0.52501,-0.49783,-0.47065,-0.44347,-0.41629,-1.6368,-0.38911,-0.35583,-0.3229,-0.29572,-0.26854,-0.24817,-0.22602,-0.19884,-0.17166,-0.14448,-1.6006,-0.1173,-0.092073,-0.073952,-0.047601,-0.02042,0.00676,0.033941,0.05218,0.0703,0.08842,-1.5644,0.10654,0.12466,0.14278,0.15682,0.16718,0.1853,0.19584,0.2049,0.21195,0.21195,-1.5372,0.22024,0.22379,0.22379,0.22379,0.22379,0.21757,0.21195,0.2113,0.20224,0.18625,-1.5164,0.17227,0.16321,0.15415,0.13745,0.11933,0.10121,0.083091,0.064971,0.04685,0.02873,-2.1908,-1.4947,0.010609,-0.007511,-0.025631,-0.043752,-0.063293,-0.099534,-0.11481,-0.12808,-0.14478,-0.15384,-1.4683,-0.1629,-0.16704,-0.16491,-0.15585,-0.14679,-0.13773,-0.12867,-0.11961,-0.11055,-0.095152,-1.4502,-0.077032,-0.058911,-0.040791,-0.022671,-0.00455,0.025414,0.11602,0.15232,0.17452,0.19264,-1.432,0.21076,0.23735,0.25885,0.27987,0.30693,0.32505,0.34317,0.36129,0.38024,0.40742,-1.4182,0.4275,0.44994,0.47558,0.4937,0.51182,0.53498,0.56216,0.58934,0.61652,0.63795,-1.4076,0.65904,0.68604,0.70416,0.72228,0.7404,0.75852,0.77664,0.79476,0.8085,0.81756,-1.3895,0.82662,0.83568,0.84474,0.8538,0.86286,0.86333,0.86333,0.86635,0.87518,0.87518,-1.3792,0.86866,0.86333,0.86239,0.85333,0.84427,0.83076,0.8143,0.80524,0.78825,0.77528,-1.3751,0.76385,0.74573,0.72761,0.70949,0.69445,0.68509,0.66697,0.65542,0.64257,0.62445,-1.3751,0.60633,0.5955,0.58193,0.56553,0.55647,0.53942,0.52651,0.51745,0.50839,0.50803,-2.1511,-1.3751,0.50211,0.49619,0.49654,0.5056,0.50803,0.51188,0.52201,0.54013,0.55091,0.56453,-1.3751,0.58265,0.60077,0.61889,0.64228,0.66697,0.68509,0.77332,0.81608,0.8342,0.85232,-1.3808,0.87044,0.88856,0.90668,0.9248,0.94292,0.96844,0.99101,1.011,1.0381,1.0572,-1.3956,1.0807,1.1053,1.1234,1.1504,1.1715,1.1896,1.2077,1.2259,1.2372,1.2503,-1.4226,1.2684,1.2865,1.2972,1.3109,1.3271,1.3362,1.3452,1.3543,1.3634,1.3724,-1.4316,1.3726,1.3726,1.3726,1.3726,1.3726,1.3658,1.3608,1.3595,1.3505,1.3414,-1.4343,1.3323,1.3233,1.3142,1.3134,1.3134,1.3107,1.3017,1.3105,1.3134,1.3168,-1.4415,1.3258,1.3349,1.3439,1.3571,1.3752,1.3933,1.4114,1.4296,1.4497,1.4769,-1.4588,1.5041,1.5312,1.5584,1.5856,1.6128,1.64,1.6637,1.6818,1.7,1.7181,-1.4679,1.732,1.7411,1.7502,1.7516,1.7516,1.7516,1.7516,1.7599,-2.1058,-1.4698,-1.4741,-1.4801,-1.4711,-1.4698,-1.4648,-1.4557,-1.4467,-1.4376,-1.4285,-2.0605,-1.4195,-1.4102,-1.3921,-1.374,-1.3596,-1.3487,-1.3215,-1.3015,-1.279,-1.2518,-2.0152,-1.2247,-1.1975,-1.1703,-1.1408,-1.1046,-1.0683,-1.0321,-0.99584,-0.95984,-0.93266,-1.9699,-0.89896,-0.86645,-0.83927,-0.81209,-0.78491,-0.76217,-0.74239,-0.71521,-0.69597,-0.67785,-1.9246,-0.65973,-0.64161,-0.63213,-0.61721,-0.60217,-0.59311,-0.58405,-0.57499,-0.56972,-0.56972,-1.8793,-0.56972,-0.56972,-0.56972,-0.57143,-0.58049,-0.58156,-0.58677,-0.59583,-0.60489,-0.61395,5.0,5.0
2.1903,2.0049,1.6281,-0.50351,-0.52575,-0.548,-0.56852,-0.58335,-0.60302,-0.6258,-0.65546,-0.68149,-0.70374,1.5836,-0.72598,-0.74823,-0.77048,-0.79273,-0.81498,-0.83722,-0.86381,-0.89344,-0.91569,-0.93794,1.546,-0.96019,-0.97619,-0.99296,-1.0152,-1.0375,-1.0597,-1.0819,-1.1042,-1.1264,-1.1487,1.5089,-1.1709,-1.1932,-1.2097,-1.226,-1.2482,-1.2659,-1.2807,-1.2956,-1.3104,-1.3252,1.4718,-1.3401,-1.3549,-1.3697,-1.3846,-1.3994,-1.4142,-1.425,-1.4324,-1.447,-1.459,1.4348,-1.4664,-1.4738,-1.4812,-1.4887,-1.4913,-1.4918,-1.4992,-1.503,-1.503,-1.5097,1.3977,-1.5148,-1.5148,-1.5148,-1.5148,-1.5148,-1.5105,-1.5031,-1.503,-1.5,-1.4926,1.3606,-1.4852,-1.4778,-1.4703,-1.4629,-1.4555,-1.4481,-1.4369,-1.4221,-1.4141,-1.4041,1.319,-1.3893,-1.3801,-1.3714,-1.3565,-1.3417,-1.327,-1.3196,-1.3089,-1.2941,-1.2793,1.2747,-1.2644,-1.2496,-1.2348,-1.22,-1.2051,-1.1903,-1.1755,-1.1606,-1.143,-1.1208,1.8847,1.2376,-1.1044,-1.0896,-1.0747,-1.0552,-1.0334,-1.0185,-1.0002,-0.97798,-0.9623,-0.94521,1.2006,-0.92296,-0.90071,-0.87952,-0.86469,-0.84569,-0.82345,-0.8012,-0.77895,-0.7567,-0.73446,1.1635,-0.71397,-0.69913,-0.67944,-0.65719,-0.63494,-0.61636,-0.60153,-0.57992,-0.55767,-0.53543,1.1264,-0.51875,-0.50266,-0.48041,-0.45816,-0.43597,-0.42114,-0.40314,-0.38089,-0.36492,-0.35009,1.0893,-0.33525,-0.32042,-0.30559,-0.29076,-0.27593,-0.26109,-0.25324,-0.24316,-0.22832,-0.21927,1.0522,-0.21185,-0.20443,-0.19702,-0.1896,-0.18219,-0.17477,-0.16735,-0.15994,-0.15252,-0.14511,1.0204,-0.13769,-0.13027,-0.12286,-0.11544,-0.10803,-0.10061,-0.093195,-0.085779,-0.078363,-0.072618,0.9898,-0.072618,-0.06784,-0.060424,-0.053008,-0.045592,-0.038176,-0.030761,-0.023345,-0.015929,-0.008513,0.95272,7.6e-05,0.014908,0.02546,0.032876,0.040292,0.050786,0.065618,0.074265,0.083557,0.098388,0.91965,0.10824,0.11633,0.13116,0.14599,0.16082,0.17566,0.18791,0.19532,0.20843,0.22326,1.8551,0.88999,0.23809,0.25292,0.26775,0.28259,0.29742,0.31225,0.33347,0.35364,0.36847,0.37811,0.86033,0.38641,0.40124,0.41607,0.4309,0.44574,0.45778,0.4652,0.47851,0.49176,0.49917,0.82222,0.50659,0.514,0.52142,0.52884,0.53625,0.54367,0.5488,0.5488,0.55419,0.56052,0.77031,0.56052,0.56471,0.57213,0.57955,0.58696,0.59438,0.60179,0.60921,0.61663,0.62894,0.74208,0.64377,0.6586,0.67713,0.69937,0.72162,0.75134,0.79584,0.82914,0.8588,0.88847,0.71983,0.91813,0.94788,0.98496,1.0188,1.0485,1.0845,1.1196,1.1492,1.184,1.2242,0.69759,1.291,1.3382,1.3679,1.3976,1.4272,1.4569,1.4807,1.503,1.5252,1.5521,0.68006,1.5815,1.6037,1.626,1.6482,1.6639,1.681,1.7032,1.7202,1.737,1.7667,0.66399,1.7881,1.8029,1.8178,1.8297,1.8371,1.8445,1.8537,1.8685,1.8785,1.8859,0.62691,1.8933,1.9008,1.9082,1.9022,1.8947,1.8873,1.8799,1.8725,1.8254,0.6039,0.59649,0.56257,0.52549,0.48841,0.47303,0.46561,0.45819,0.43389,0.39681,1.7957,0.38905,0.37861,0.36378,0.35507,0.34584,0.33101,0.3014,0.26617,0.25134,0.22534,1.7661,0.18826,0.17167,0.15684,0.142,0.11592,0.088891,0.074059,0.059228,0.044044,0.006964,1.7314,-0.020443,-0.035275,-0.056438,-0.076663,-0.091495,-0.1012,-0.10943,-0.12427,-0.14695,-0.17662,1.695,-0.18518,-0.19804,-0.22029,-0.26587,-0.30864,-0.31605,-0.32347,-0.33089,-0.3383,-0.34572,1.6654,-0.35313,-0.36709,-0.37969,-0.38711,-0.39986,-0.41572,-0.43796,-0.45608,-0.47091,-0.48574,1.0,1.0
-2.1544,-1.9675,-1.6404,-0.77002,-0.77002,-0.7587,-0.74703,-0.74065,-0.73481,-0.73391,-0.73391,-0.73391,-0.73391,-1.6327,-0.73391,-0.73391,-0.73005,-0.72422,-0.72187,-0.72187,-0.71874,-0.7129,-0.70706,-0.70122,-1.6269,-0.69539,-0.68955,-0.68371,-0.67787,-0.67203,-0.66619,-0.65903,-0.64735,-0.63568,-0.624,-1.621,-0.61293,-0.60709,-0.60077,-0.58325,-0.56574,-0.55394,-0.54226,-0.53594,-0.53011,-0.50928,-1.6152,-0.48593,-0.47648,-0.47064,-0.46053,-0.44885,-0.43326,-0.41575,-0.40533,-0.39949,-0.39366,-1.6127,-0.38782,-0.37632,-0.35881,-0.34623,-0.34039,-0.33455,-0.32871,-0.32113,-0.30945,-0.29777,-1.6127,-0.2861,-0.27544,-0.26961,-0.26311,-0.25143,-0.23975,-0.22808,-0.2164,-0.20472,-0.19304,-1.6127,-0.17595,-0.15844,-0.14092,-0.12341,-0.11059,-0.098909,-0.078565,-0.055211,-0.03583,-0.018315,-1.6127,-0.004411,0.007265,0.025443,0.048796,0.063482,0.069321,0.077687,0.089364,0.10321,0.12072,-1.6127,0.13463,0.14046,0.14775,0.15942,0.1711,0.18278,0.19373,0.19957,0.20541,0.21125,-1.7807,-1.6127,0.21709,0.22876,0.24044,0.24664,0.25248,0.2532,0.2532,0.25795,0.26379,0.26963,-1.6104,0.27547,0.27727,0.27727,0.27727,0.27727,0.28059,0.28642,0.28931,0.28931,0.28931,-1.6046,0.28931,0.29154,0.29738,0.30135,0.30135,0.30286,0.30869,0.31339,0.31339,0.31417,-1.6006,0.32001,0.32585,0.33169,0.33752,0.34336,0.3492,0.35504,0.36088,0.37189,0.38357,-1.6006,0.39043,0.39627,0.40211,0.40795,0.42197,0.43949,0.44954,0.45538,0.46121,0.46705,-1.5991,0.47891,0.49642,0.50864,0.51448,0.52489,0.54241,0.55607,0.56191,0.56775,0.57359,-1.5933,0.58183,0.59935,0.61518,0.62102,0.62686,0.63269,0.63853,0.64437,0.65021,0.65605,-1.5875,0.66189,0.66249,0.66249,0.66736,0.6732,0.67904,0.68488,0.69072,0.69655,0.70239,-1.5816,0.70823,0.71407,0.71991,0.72882,0.74049,0.74946,0.7553,0.76114,0.76698,0.77679,-1.5766,0.7943,0.80857,0.81441,0.82151,0.83318,0.84576,0.86328,0.88025,0.89193,0.90343,-1.7418,-1.5766,0.90926,0.9151,0.93791,0.96127,0.97403,0.9857,0.99245,0.99828,1.0133,1.0308,-1.5757,1.0399,1.0457,1.0516,1.0574,1.0632,1.0691,1.0718,1.0718,1.0745,1.0804,-1.564,1.0862,1.0921,1.0979,1.1037,1.1079,1.1079,1.1092,1.1151,1.1199,1.1199,-1.5524,1.1205,1.1264,1.1322,1.138,1.1439,1.144,1.144,1.1494,1.1552,1.161,-1.5407,1.1669,1.1727,1.1786,1.1887,1.2003,1.2081,1.2139,1.2198,1.2256,1.2346,-1.529,1.2463,1.2523,1.2523,1.2548,1.2606,1.2665,1.2723,1.2764,1.2764,1.2764,-1.5173,1.2764,1.2764,1.2764,1.2764,1.2764,1.2767,1.2826,1.2884,1.2942,1.3001,-1.5057,1.3113,1.323,1.3296,1.3355,1.346,1.3577,1.3737,1.3912,1.4087,1.4262,-1.4992,1.4401,1.4518,1.4602,1.4661,1.4777,1.4952,1.5077,1.5135,1.5193,1.5252,-1.4933,1.531,1.5369,1.5427,1.5485,1.5533,1.5533,1.5526,1.5467,-1.7126,-1.4827,-1.471,-1.4638,-1.4579,-1.4439,-1.4264,-1.4163,-1.4105,-1.4013,-1.3896,-1.6987,-1.3809,-1.3751,-1.3693,-1.3634,-1.3576,-1.3518,-1.3459,-1.3401,-1.3342,-1.3284,-1.6871,-1.3226,-1.3167,-1.31,-1.2984,-1.2872,-1.2813,-1.2754,-1.2637,-1.252,-1.2459,-1.6754,-1.2401,-1.2186,-1.1952,-1.1816,-1.1699,-1.1582,-1.1466,-1.1224,-1.0932,-1.0754,-1.6637,-1.0637,-1.0486,-1.0311,-1.0075,-0.97828,-0.95721,-0.94553,-0.93386,-0.92218,-0.90653,-1.652,-0.88318,-0.86307,-0.8514,-0.83972,-0.82804,-0.81637,-0.80469,-0.79301,-0.78134,-0.77002,3.0,5.0
-1.9316,-1.8755,-1.7691,-0.67044,-0.67044,-0.66866,-0.65966,-0.65966,-0.65966,-0.65966,-0.65966,-0.65966,-0.65966,-1.7561,-0.66855,-0.67044,-0.67044,-0.67526,-0.68122,-0.68122,-0.692,-0.692,-0.69722,-0.70277,-1.7431,-0.70277,-0.71355,-0.71695,-0.72433,-0.72433,-0.73444,-0.73511,-0.73511,-0.73511,-0.73511,-1.7376,-0.7246,-0.72433,-0.72433,-0.71789,-0.71355,-0.71355,-0.71118,-0.70277,-0.69593,-0.68291,-1.7278,-0.6699,-0.65688,-0.64888,-0.64163,-0.6381,-0.63716,-0.62732,-0.62732,-0.61967,-0.61654,-1.7148,-0.60576,-0.60218,-0.58916,-0.5842,-0.57391,-0.57167,-0.55866,-0.54564,-0.53262,-0.50891,-1.7018,-0.49366,-0.47202,-0.45237,-0.43521,-0.42187,-0.3984,-0.39018,-0.38314,-0.37013,-0.35711,-1.6888,-0.3441,-0.33108,-0.31063,-0.29427,-0.28012,-0.25746,-0.24444,-0.23143,-0.20833,-0.19615,-1.6758,-0.19238,-0.17335,-0.15557,-0.14255,-0.12954,-0.11652,-0.10351,-0.09049,-0.077582,-0.075237,-1.6627,-0.062222,-0.056024,-0.056024,-0.045244,-0.045244,-0.045244,-0.045244,-0.045244,-0.045244,-0.048397,-1.8669,-1.6497,-0.056024,-0.056024,-0.056024,-0.054703,-0.045244,-0.039451,-0.034465,-0.024198,-0.012907,-0.008946,-1.6329,0.00407,0.008652,0.019323,0.02156,0.034575,0.047591,0.060607,0.073623,0.086639,0.10442,-1.6129,0.12345,0.13647,0.16026,0.17621,0.1919,0.19931,0.21232,0.22534,0.23836,0.25137,-1.5916,0.26439,0.2774,0.3012,0.31421,0.32723,0.34025,0.34281,0.34472,0.35774,0.37075,-1.5761,0.38377,0.40756,0.4229,0.44893,0.47496,0.50099,0.51624,0.53683,0.54179,0.562,-1.5718,0.5786,0.59251,0.61541,0.63379,0.65982,0.68585,0.71189,0.73439,0.75317,0.7792,-1.5501,0.78475,0.79723,0.81025,0.82326,0.83628,0.83865,0.84943,0.84943,0.84943,0.84943,-1.5371,0.84943,0.84943,0.84943,0.84943,0.84943,0.83865,0.83865,0.83865,0.83865,0.83865,-1.5153,0.82787,0.82787,0.82232,0.81709,0.80707,0.80483,0.79553,0.78958,0.78475,0.77432,-1.5002,0.77397,0.76985,0.76319,0.76319,0.75241,0.75241,0.75241,0.75241,0.76142,0.76319,-1.8602,-1.4848,0.76589,0.77397,0.77397,0.77397,0.78561,0.79553,0.80087,0.80631,0.81612,0.82914,-1.4634,0.83865,0.83865,0.84662,0.84943,0.86021,0.86021,0.86635,0.87937,0.88176,0.88384,-1.4504,0.89254,0.89909,0.90332,0.9141,0.9141,0.91882,0.92488,0.93407,0.93566,0.93566,-1.4283,0.94078,0.94644,0.95603,0.95827,0.968,0.97352,0.98654,0.99955,1.0018,1.0148,-1.413,1.0219,1.0219,1.0323,1.0345,1.0435,1.0435,1.0435,1.0542,1.0565,1.065,-1.3898,1.0717,1.0758,1.0866,1.0866,1.0915,1.0973,1.1067,1.1197,1.1328,1.1458,-1.3717,1.1588,1.1816,1.1848,1.2013,1.2273,1.2534,1.2794,1.3054,1.3354,1.3683,-1.3603,1.4027,1.4311,1.47,1.509,1.5481,1.5871,1.6154,1.6544,1.6888,1.7218,-1.3508,1.7608,1.7992,1.8281,1.8672,1.9062,1.9166,1.9412,1.9802,2.0138,2.0476,-1.326,2.0766,2.1134,2.1431,2.1763,2.2105,2.2391,2.2652,2.2831,-1.8472,-1.3032,-1.2847,-1.2587,-1.2326,-1.2174,-1.1913,-1.1712,-1.1501,-1.1344,-1.1303,-1.8342,-1.1083,-1.089,-1.0715,-1.0585,-1.0455,-1.0325,-1.0195,-1.0065,-0.99343,-0.98303,-1.8212,-0.98303,-0.97595,-0.97225,-0.97225,-0.97225,-0.97225,-0.97225,-0.96253,-0.96147,-0.95805,-1.8082,-0.9507,-0.9507,-0.94056,-0.93833,-0.92531,-0.91836,-0.91006,-0.89704,-0.8968,-0.89257,-1.7951,-0.87955,-0.86654,-0.85352,-0.84051,-0.82749,-0.81447,-0.80146,-0.79922,-0.78621,-0.77319,-1.7821,-0.76745,-0.75794,-0.74492,-0.7319,-0.71889,-0.71355,-0.70364,-0.692,-0.68838,-0.67537,3.0,5.0
0.7476,0.60471,0.56899,0.28322,0.34555,0.42539,0.50594,0.56756,0.65651,0.74545,0.79868,0.88762,0.97657,0.56899,1.0316,1.1187,1.192,1.2609,1.3166,1.3674,1.4413,1.4858,1.5628,1.6105,0.56899,1.6549,1.6994,1.7439,1.7883,1.8328,1.8773,1.9218,1.9662,1.9979,2.0195,0.56899,2.0639,2.0336,2.0214,1.977,1.9325,1.888,1.855,1.8348,1.7903,1.7439,0.56899,1.6656,1.6017,1.541,1.4595,1.3706,1.2816,1.1652,1.068,0.96978,0.8544,0.56899,0.76546,0.67651,0.55184,0.44557,0.33823,0.21445,0.11675,-5.6e-05,-0.089003,-0.21206,0.56899,-0.30262,-0.39156,-0.48051,-0.56946,-0.6584,-0.74735,-0.8363,-0.92524,-0.97847,-1.0674,0.56899,-1.1331,-1.1776,-1.2578,-1.3023,-1.3468,-1.3912,-1.4357,-1.4671,-1.4889,-1.5029,0.56899,-1.5422,-1.5866,-1.6311,-1.6756,-1.72,-1.7645,-1.7886,-1.8177,-1.8579,-1.8135,0.56899,-1.7886,-1.7602,-1.7158,-1.6713,-1.6079,-1.5466,-1.5021,-1.4577,-1.395,-1.333,0.58721,0.56899,-1.2885,-1.2083,-1.1464,-1.0574,-1.0035,-0.91524,-0.8263,-0.73735,-0.6484,-0.55946,0.56899,-0.47051,-0.38156,-0.29262,-0.19706,-0.079001,0.009946,0.13176,0.22945,0.34823,0.43718,0.56899,0.52612,0.61507,0.70402,0.79296,0.88191,0.97086,1.0466,1.113,1.1713,1.2195,0.56899,1.2959,1.3404,1.3849,1.4293,1.4738,1.5183,1.5628,1.6072,1.6517,1.6962,0.56899,1.7407,1.7835,1.7939,1.8384,1.855,1.8183,1.7739,1.711,1.6492,1.6046,0.56452,1.5156,1.4267,1.3377,1.2136,1.1159,0.99943,0.91049,0.78707,0.69687,0.59167,0.53327,0.48326,0.39431,0.26964,0.18069,0.067458,-0.03292,-0.12187,-0.22564,-0.33548,-0.45676,0.53327,-0.55445,-0.67376,-0.76271,-0.85166,-0.9406,-1.0162,-1.0828,-1.1408,-1.221,-1.2782,0.53327,-1.3457,-1.3902,-1.4346,-1.4791,-1.5236,-1.5681,-1.5768,-1.5988,-1.5543,-1.5386,0.49755,-1.5011,-1.4566,-1.4121,-1.3677,-1.3589,-1.3144,-1.27,-1.2255,-1.181,-1.1365,0.56899,0.49755,-1.0921,-1.0476,-1.0031,-0.95864,-0.91417,-0.8697,-0.82522,-0.74503,-0.70056,-0.65608,0.49755,-0.61161,-0.56714,-0.50695,-0.44247,-0.39799,-0.35352,-0.30905,-0.26457,-0.18759,-0.13991,0.46754,-0.095433,-0.050959,-0.006486,0.037987,0.082461,0.12693,0.17141,0.21588,0.26035,0.30483,0.42307,0.3493,0.35805,0.40253,0.447,0.49147,0.53327,0.53327,0.51308,0.49755,0.49558,0.37859,0.46182,0.44236,0.4261,0.39038,0.38038,0.35466,0.35466,0.31894,0.31894,0.3009,0.35466,0.28322,0.28322,0.24749,0.24749,0.24749,0.24749,0.21177,0.21177,0.21177,0.21177,0.32537,0.21177,0.19588,0.17605,0.17605,0.17605,0.16087,0.14033,0.14033,0.10461,0.10461,0.27857,0.081389,0.068887,0.068887,0.055134,0.033165,0.001909,-0.002557,-0.015595,-0.038278,-0.06882,0.2007,-0.074,-0.086324,-0.10972,-0.10972,-0.11258,-0.14544,-0.14544,-0.14544,-0.14544,-0.14544,0.15623,-0.14544,-0.14544,-0.14544,-0.14544,-0.14544,-0.14544,-0.14544,-0.14544,0.56899,0.083175,0.02995,-0.058997,-0.12883,-0.20117,-0.25439,-0.3337,-0.39657,-0.45836,-0.53856,0.56899,-0.58303,-0.64519,-0.7077,-0.75217,-0.80486,-0.87684,-0.92132,-0.96579,-1.0103,-1.0385,0.56899,-1.0635,-1.108,-1.1524,-1.1814,-1.2057,-1.2501,-1.2885,-1.3034,-1.3478,-1.36,0.56899,-1.3243,-1.3101,-1.2885,-1.2569,-1.2124,-1.1814,-1.1592,-1.1147,-1.0703,-1.0258,0.56899,-0.98133,-0.93685,-0.89238,-0.84791,-0.80343,-0.75896,-0.71199,-0.63429,-0.58982,-0.51659,0.56899,-0.46336,-0.38496,-0.32119,-0.26029,-0.18009,-0.1258,-0.036849,0.052097,0.10532,0.19427,0.0,0.0
2.1794,2.0264,1.505,-0.19881,-0.20359,-0.20856,-0.21813,-0.22769,-0.24538,-0.27407,-0.30275,-0.31594,-0.32551,1.4582,-0.33413,-0.33891,-0.34369,-0.3596,-0.38351,-0.40741,-0.4267,-0.44582,-0.47001,-0.50348,1.396,-0.53695,-0.55983,-0.57895,-0.59867,-0.62258,-0.64649,-0.68014,-0.72318,-0.76621,-0.79212,1.3338,-0.81602,-0.83993,-0.86384,-0.88775,-0.92759,-0.97541,-1.022,-1.0459,-1.0698,-1.0916,1.3027,-1.1107,-1.1298,-1.1687,-1.2117,-1.2497,-1.2689,-1.288,-1.3128,-1.3415,-1.3702,1.2741,-1.3801,-1.3897,-1.3992,-1.4088,-1.4184,-1.4315,-1.4459,-1.4589,-1.4637,-1.4685,1.2379,-1.4757,-1.4853,-1.4949,-1.4957,-1.4957,-1.4971,-1.5019,-1.5067,-1.5082,-1.5082,1.1853,-1.5082,-1.5082,-1.5082,-1.5082,-1.5082,-1.5082,-1.5082,-1.5082,-1.5072,-1.5024,1.1327,-1.4976,-1.4957,-1.4957,-1.4957,-1.4957,-1.4957,-1.4939,-1.4891,-1.4844,-1.4796,1.1035,-1.4748,-1.4693,-1.4597,-1.4502,-1.4432,-1.4384,-1.4336,-1.4244,-1.4149,-1.4038,1.8734,1.0844,-1.3895,-1.3751,-1.3608,-1.3465,-1.3325,-1.3229,-1.3134,-1.2971,-1.2732,-1.2493,1.0648,-1.2335,-1.2192,-1.2049,-1.1905,-1.1762,-1.1499,-1.1165,-1.0831,-1.064,-1.0448,1.0409,-1.0276,-1.0133,-0.99891,-0.96969,-0.93622,-0.90509,-0.88596,-0.86684,-0.85034,-0.83599,1.017,-0.82165,-0.78943,-0.75596,-0.72708,-0.70796,-0.68883,-0.66971,-0.65058,-0.6297,-0.59145,0.98861,-0.5532,-0.52408,-0.50495,-0.48582,-0.4667,-0.44757,-0.42488,-0.39141,-0.35794,-0.3366,0.95514,-0.32226,-0.30772,-0.28382,-0.25991,-0.23988,-0.22553,-0.21119,-0.20063,-0.19106,-0.18066,0.92167,-0.16631,-0.15197,-0.14031,-0.13075,-0.12119,-0.11615,-0.11137,-0.1034,-0.089059,-0.074715,0.90457,-0.067246,-0.062464,-0.057683,-0.052901,-0.04812,-0.043338,-0.038557,-0.033775,-0.033182,-0.033182,0.89023,-0.031932,-0.02715,-0.022369,-0.017587,-0.012806,-0.008181,-0.008181,-0.008181,-0.004181,0.005382,0.87588,0.014945,0.020664,0.025446,0.031133,0.040696,0.050259,0.059822,0.069385,0.078948,0.097698,1.7591,0.86154,0.11682,0.13761,0.16151,0.18542,0.19883,0.20839,0.21908,0.2382,0.25733,0.27164,0.8472,0.28121,0.29077,0.30033,0.30989,0.31814,0.32293,0.32771,0.33249,0.33727,0.34205,0.82685,0.34683,0.35161,0.3564,0.36118,0.36596,0.36683,0.36683,0.3678,0.37258,0.37737,0.80294,0.37933,0.37933,0.37933,0.38399,0.38877,0.39355,0.39833,0.40312,0.41502,0.42937,0.77922,0.44559,0.47428,0.50296,0.52671,0.54584,0.56497,0.61428,0.66688,0.72085,0.77822,0.76966,0.8356,0.87367,0.90235,0.93273,0.99011,1.0475,1.1006,1.1484,1.1962,1.2242,0.7601,1.2481,1.2772,1.325,1.3728,1.4177,1.4608,1.5038,1.528,1.5519,1.5793,0.75054,1.6128,1.6463,1.6798,1.7132,1.7439,1.7583,1.7726,1.792,1.816,1.8399,0.74097,1.8594,1.8785,1.8933,1.8981,1.9029,1.9142,1.9286,1.9426,1.9521,1.9617,0.73141,1.9669,1.9669,1.9669,1.9709,1.9757,1.9783,1.9735,1.9687,1.7065,0.72185,0.71228,0.70353,0.69875,0.69397,0.67856,0.65466,0.63075,0.62034,0.61078,1.6539,0.60122,0.59165,0.58209,0.56572,0.54659,0.52793,0.51359,0.49925,0.47796,0.44927,1.6198,0.42059,0.40437,0.39002,0.37568,0.36133,0.34699,0.32039,0.28692,0.25395,0.23961,1.5911,0.22527,0.20305,0.16958,0.13611,0.11789,0.10354,0.089198,0.074854,0.060509,0.040727,1.5624,0.01682,-0.007087,-0.021869,-0.036213,-0.048932,-0.058495,-0.068058,-0.084559,-0.10368,-0.12122,1.5337,-0.126,-0.13078,-0.13794,-0.1475,-0.15706,-0.16662,-0.17619,-0.18447,-0.18925,-0.19403,1.0,1.0
1.6989,1.6379,1.5122,-0.26713,-0.2741,-0.29007,-0.30604,-0.31302,-0.32899,-0.34631,-0.36993,-0.3949,-0.41987,1.4962,-0.44708,-0.47903,-0.49657,-0.52492,-0.56586,-0.5978,-0.63784,-0.67068,-0.70262,-0.74356,1.4803,-0.75751,-0.78945,-0.82634,-0.86233,-0.89428,-0.91835,-0.94916,-0.97211,-0.98426,-1.009,1.4643,-1.0319,-1.0549,-1.0778,-1.1008,-1.1251,-1.1557,-1.1714,-1.1926,-1.216,-1.2474,1.4483,-1.2704,-1.2933,-1.3248,-1.3482,-1.3622,-1.3941,-1.4171,-1.4407,-1.4656,-1.4859,1.438,-1.5066,-1.5226,-1.5385,-1.5455,-1.5615,-1.5684,-1.5763,-1.5853,-1.5984,-1.6053,1.4254,-1.6123,-1.6213,-1.6303,-1.6303,-1.6294,-1.6134,-1.6065,-1.5943,-1.5835,-1.5675,1.4094,-1.5606,-1.5446,-1.5286,-1.5217,-1.5057,-1.5043,-1.4917,-1.4758,-1.4598,-1.4503,1.3507,-1.4368,-1.4209,-1.4144,-1.4069,-1.391,-1.375,-1.368,-1.352,-1.3361,-1.3201,1.2965,-1.3154,-1.3062,-1.2902,-1.2742,-1.2582,-1.2513,-1.2353,-1.2193,-1.2124,-1.2054,1.622,1.2805,-1.1894,-1.1734,-1.1624,-1.1505,-1.1345,-1.1185,-1.1026,-1.0956,-1.0796,-1.0637,1.2546,-1.0477,-1.0364,-1.0247,-1.0088,-0.9928,-0.98583,-0.96986,-0.95389,-0.93792,-0.91295,1.177,-0.89698,-0.88101,-0.87403,-0.85806,-0.84209,-0.82612,-0.81015,-0.79418,-0.7782,-0.76223,1.1696,-0.74851,-0.74829,-0.73232,-0.71634,-0.70037,-0.6844,-0.66843,-0.65853,-0.65448,-0.63851,1.1176,-0.62254,-0.60657,-0.5996,-0.59262,-0.57665,-0.56068,-0.54471,-0.53256,-0.52177,-0.50579,1.0792,-0.49657,-0.49185,-0.48487,-0.4779,-0.46958,-0.46058,-0.45158,-0.44101,-0.43359,-0.41807,1.0407,-0.41109,-0.39512,-0.38815,-0.37218,-0.3652,-0.35823,-0.34226,-0.32629,-0.31032,-0.29435,1.0247,-0.27837,-0.2714,-0.26263,-0.24846,-0.23248,-0.21651,-0.20054,-0.18457,-0.1686,-0.13441,0.99977,-0.055677,-0.039706,-0.032733,-0.016761,-0.00169,0.006183,0.022154,0.038126,0.055896,0.096612,0.9667,0.10403,0.12001,0.12698,0.14295,0.15127,0.1659,0.18187,0.19784,0.21381,0.22978,1.6089,0.93184,0.24575,0.26172,0.27769,0.29366,0.30964,0.32561,0.34158,0.35755,0.37352,0.38049,0.92486,0.39647,0.41244,0.42841,0.43921,0.4482,0.4572,0.4653,0.4662,0.4752,0.48622,0.90889,0.50219,0.51816,0.53413,0.54718,0.54808,0.56405,0.58002,0.59599,0.61196,0.63671,0.89292,0.6619,0.68687,0.71454,0.73748,0.76178,0.79237,0.81172,0.82769,0.84366,0.85963,0.87695,0.8756,0.89157,0.90754,0.93094,0.94848,0.96445,0.98178,1.0054,1.0277,1.0463,0.86098,1.0646,1.0873,1.1032,1.1282,1.1532,1.1703,1.1941,1.2162,1.2441,1.26,0.84501,1.276,1.292,1.3079,1.3239,1.3399,1.3559,1.3718,1.3878,1.4038,1.4197,0.82904,1.4447,1.4607,1.4767,1.4926,1.5086,1.5246,1.5369,1.5475,1.5635,1.5705,0.81801,1.5864,1.5999,1.5999,1.6074,1.6233,1.6303,1.6463,1.6622,1.6692,1.6852,0.79709,1.6899,1.6899,1.6899,1.6989,1.6989,1.7079,1.7079,1.7018,1.599,0.78112,0.76515,0.74918,0.73321,0.71724,0.70914,0.69429,0.67832,0.66235,0.64638,1.5831,0.63041,0.61444,0.61016,0.60049,0.58452,0.56855,0.55258,0.5456,0.52963,0.52019,1.5671,0.52019,0.49387,0.43786,0.41221,0.37982,0.3661,0.34788,0.34023,0.31234,0.29996,1.5511,0.28624,0.27679,0.24485,0.21673,0.19581,0.15915,0.15127,0.12698,0.11528,0.10628,1.5369,0.097286,0.06332,0.046449,0.031377,0.025304,0.009557,-0.025084,-0.064675,-0.097067,-0.16343,1.5282,-0.17265,-0.18637,-0.19334,-0.20032,-0.20864,-0.21764,-0.22124,-0.23563,-0.24418,-0.25363,1.0,1.0
-2.2215,-2.049,-1.8528,-0.79268,-0.78817,-0.78057,-0.78057,-0.77161,-0.76846,-0.76846,-0.76716,-0.75636,-0.75636,-1.8256,-0.7506,-0.74425,-0.73553,-0.73214,-0.72045,-0.71897,-0.70792,-0.7039,-0.69581,-0.68882,-1.7984,-0.68371,-0.67375,-0.6716,-0.65867,-0.64738,-0.6436,-0.63001,-0.61641,-0.60282,-0.59895,-1.7712,-0.58775,-0.57416,-0.56056,-0.54697,-0.53338,-0.51979,-0.5062,-0.49261,-0.48997,-0.47753,-1.744,-0.46394,-0.45035,-0.43676,-0.42316,-0.40957,-0.40521,-0.3945,-0.38091,-0.36731,-0.35372,-1.7169,-0.34467,-0.33865,-0.32506,-0.32045,-0.30998,-0.30835,-0.29491,-0.28413,-0.27983,-0.27202,-1.6897,-0.26476,-0.25991,-0.24968,-0.23609,-0.23461,-0.22101,-0.21148,-0.20594,-0.19937,-0.19086,-1.6625,-0.18726,-0.17579,-0.17431,-0.16305,-0.15923,-0.15094,-0.14416,-0.13883,-0.12908,-0.12672,-1.6353,-0.12672,-0.12672,-0.12672,-0.12672,-0.12672,-0.12672,-0.12672,-0.11573,-0.11461,-0.11461,-1.6081,-0.11128,-0.1025,-0.1025,-0.1025,-0.09324,-0.090395,-0.078286,-0.076682,-0.066178,-0.061607,-2.0248,-1.5864,-0.048015,-0.041961,-0.03294,-0.019349,-0.017744,0.006472,0.009318,0.022909,0.030689,0.037984,-1.5659,0.051576,0.065168,0.078759,0.10446,0.11805,0.13164,0.14523,0.15883,0.17242,0.18601,-1.5387,0.1996,0.20108,0.21468,0.22827,0.23653,0.24334,0.25693,0.27053,0.28412,0.2856,-1.5115,0.29919,0.31278,0.32129,0.32786,0.34145,0.34551,0.35653,0.35762,0.35949,0.36972,-1.4843,0.36972,0.37605,0.38183,0.39113,0.39394,0.39409,0.40605,0.40917,0.41816,0.41816,-1.4571,0.42573,0.43027,0.4408,0.44237,0.44377,0.45448,0.45884,0.47243,0.4787,0.48751,-1.4299,0.49081,0.50258,0.51502,0.51766,0.52713,0.53273,0.54632,0.55135,0.5614,0.57499,-1.4065,0.58768,0.59007,0.60366,0.61189,0.61873,0.63232,0.63611,0.6474,0.66033,0.66247,-1.3877,0.67607,0.68454,0.69114,0.70473,0.70876,0.71981,0.73298,0.73488,0.74847,0.76207,-1.3672,0.7693,0.77714,0.79073,0.79352,0.80563,0.80729,0.81773,0.82237,0.82984,0.83744,-2.0112,-1.3536,0.84195,0.84195,0.854,0.85406,0.85406,0.85406,0.85406,0.85406,0.85406,0.85406,-1.3304,0.84225,0.84195,0.84195,0.8378,0.82984,0.82984,0.82125,0.81773,0.81773,0.81398,-1.3143,0.7693,0.7693,0.7693,0.7693,0.7693,0.77914,0.78141,0.78141,0.78141,0.78507,-1.3007,0.79352,0.79352,0.79352,0.80311,0.80563,0.80563,0.80563,0.80563,0.80563,0.80563,-1.2871,0.8135,0.82709,0.84068,0.85427,0.86786,0.88145,0.89505,0.90864,0.92223,0.93582,-1.2735,0.94941,0.963,0.97805,1.0023,1.0203,1.0475,1.0673,1.0897,1.1169,1.1441,-1.2599,1.1713,1.1985,1.2257,1.2528,1.2872,1.3193,1.3566,1.3974,1.4261,1.4668,-1.2464,1.5076,1.5484,1.5892,1.6299,1.6806,1.7236,1.7651,1.8173,1.858,1.904,-1.2328,1.9517,1.9925,2.0332,2.074,2.1264,2.1556,2.1929,2.225,2.2594,2.2865,-1.2192,2.3137,2.3409,2.3679,2.3832,2.4071,2.4207,2.4343,2.4479,-1.9917,-1.2056,-1.1923,-1.1905,-1.1769,-1.168,-1.1618,-1.1482,-1.1438,-1.1332,-1.1317,-1.9645,-1.1196,-1.1166,-1.1075,-1.1075,-1.1001,-1.0865,-1.0833,-1.0833,-1.082,-1.0712,-1.9462,-1.0712,-1.0655,-1.0591,-1.0591,-1.0489,-1.047,-1.0348,-1.0323,-1.0227,-1.0173,-1.9222,-1.0037,-0.99852,-0.9886,-0.98642,-0.97352,-0.9622,-0.95845,-0.95009,-0.94337,-0.92978,-1.895,-0.92587,-0.9147,-0.91322,-0.90166,-0.89815,-0.88955,-0.88955,-0.88159,-0.87744,-0.86651,-1.8691,-0.86533,-0.86355,-0.84995,-0.83636,-0.82277,-0.8169,-0.8169,-0.80621,-0.80473,-0.79268,3.0,5.0
0.31076,0.31076,0.28406,2.1725,2.1648,2.1438,2.1108,2.0057,1.9373,1.8615,1.7774,1.6854,1.4752,0.26638,1.3317,1.2056,1.0795,0.95335,0.80655,0.67442,0.54831,0.41852,0.27139,0.14327,0.24536,0.017151,-0.10897,-0.23308,-0.33818,-0.46062,-0.56339,-0.65347,-0.75923,-0.90637,-1.0065,0.23068,-1.0705,-1.1126,-1.1546,-1.1966,-1.2247,-1.2373,-1.2373,-1.2373,-1.2193,-1.1983,0.23068,-1.1773,-1.1553,-1.1132,-1.0548,-0.99178,-0.92372,-0.83964,-0.75556,-0.65681,-0.55171,0.23068,-0.44661,-0.34151,-0.23642,-0.11831,0.007809,0.13226,0.23735,0.35947,0.48558,0.60603,0.21467,0.71113,0.83724,0.94801,1.0531,1.1582,1.2633,1.349,1.4194,1.4905,1.5699,0.20399,1.612,1.6717,1.7107,1.7317,1.7521,1.7521,1.7361,1.7151,1.694,1.673,0.20399,1.632,1.5326,1.4238,1.3397,1.2556,1.0798,0.94134,0.83624,0.73114,0.62605,0.20399,0.50427,0.38916,0.27873,0.15261,0.026493,-0.08461,-0.19905,-0.3215,-0.42659,-0.53169,0.31076,0.20399,-0.7569,-0.97443,-1.0585,-1.1426,-1.2093,-1.2607,-1.3027,-1.3448,-1.3868,-1.4132,0.20399,-1.4242,-1.4242,-1.4242,-1.4045,-1.3835,-1.3541,-1.3094,-1.2464,-1.2013,-1.1346,0.20399,-1.0505,-0.96642,-0.88235,-0.79827,-0.70352,-0.59842,-0.49332,-0.38822,-0.28313,-0.16902,0.20099,-0.046241,0.058856,0.18264,0.29574,0.40818,0.5343,0.66041,0.76951,0.87461,0.98538,0.17997,1.1115,1.1956,1.295,1.3904,1.4705,1.5336,1.5966,1.646,1.688,1.7277,0.1773,1.7488,1.7698,1.7668,1.7394,1.6974,1.6553,1.5492,1.4438,1.3551,1.25,0.16462,1.1449,1.0254,0.90797,0.79687,0.64974,0.52095,0.39483,0.26872,0.1426,0.016483,0.1436,-0.10963,-0.23575,-0.35653,-0.46163,-0.56672,-0.67182,-0.76757,-0.88101,-1.1332,-1.2143,0.1119,-1.2774,-1.3328,-1.3748,-1.4168,-1.4589,-1.5009,-1.537,-1.558,-1.579,-1.5843,-0.07727,-1.5843,-1.5843,-1.5843,-1.5646,-1.5576,-1.5493,-1.5283,-1.5073,-1.4682,-1.4385,0.31076,-0.14967,-1.4108,-1.3688,-1.3268,-1.2847,-1.2427,-1.2006,-1.1586,-1.1166,-1.0598,-1.0058,-0.19171,-0.96042,-0.89736,-0.85299,-0.79794,-0.74222,-0.69851,-0.63545,-0.58941,-0.53603,-0.47864,-0.23375,-0.4366,-0.39456,-0.35252,-0.31049,-0.27245,-0.25143,-0.21106,-0.16902,-0.13499,-0.11163,-0.27579,-0.069596,-0.04524,-0.01221,0.02349,0.044509,0.065529,0.10256,0.13426,0.15528,0.1763,-0.33851,0.19732,0.21834,0.23936,0.26038,0.28139,0.28406,0.29674,0.31776,0.33878,0.3598,-0.38656,0.36414,0.37515,0.39083,0.39083,0.39083,0.39083,0.40017,0.39917,0.29407,0.26505,-0.43794,0.25737,0.25737,0.25737,0.25737,0.25737,0.25737,0.25737,0.25704,0.23602,0.23068,-0.50099,0.23068,0.23068,0.23068,0.211,0.20399,0.20399,0.20399,0.20399,0.20399,0.20399,-0.56405,0.20399,0.20399,0.20399,0.20399,0.20399,0.20399,0.20399,0.20399,0.20399,0.20399,-0.62711,0.20399,0.20399,0.20399,0.20399,0.19665,0.1773,0.1773,0.16028,0.31076,-0.69017,-0.74555,-0.78959,-0.85265,-0.91571,-0.97877,-1.0358,-1.0782,-1.1413,-1.1886,0.31076,-1.2407,-1.2994,-1.3414,-1.3638,-1.3988,-1.4325,-1.4509,-1.4509,-1.4509,-1.4509,0.31076,-1.4442,-1.4222,-1.3801,-1.3381,-1.2961,-1.249,-1.186,-1.1026,-1.0332,-0.95208,0.31076,-0.85032,-0.76624,-0.66348,-0.55838,-0.44594,-0.3215,-0.2164,-0.094286,0.043175,0.18464,0.30275,0.31076,0.43687,0.57834,0.7158,0.84191,0.96803,1.0941,1.2203,1.3464,1.4702,0.28406,1.5753,1.6804,1.7734,1.8575,1.9409,2.004,2.051,2.0931,2.1304,2.1515,2.0,2.0
-0.87048,-0.85488,-0.85488,-1.1434,-1.1092,-1.0749,-1.0407,-1.0065,-0.97224,-0.94323,-0.91937,-0.88514,-0.8509,-0.85488,-0.82798,-0.79803,-0.7638,-0.72984,-0.71093,-0.68001,-0.65806,-0.62382,-0.59747,-0.57095,-0.85488,-0.54764,-0.51808,-0.49781,-0.48069,-0.46357,-0.44353,-0.41819,-0.41222,-0.39511,-0.37799,-0.85488,-0.36087,-0.34376,-0.34021,-0.32512,-0.308,-0.29342,-0.28937,-0.27783,-0.27073,-0.26223,-0.85488,-0.25209,-0.24663,-0.23345,-0.23104,-0.21544,-0.2133,-0.19984,-0.19466,-0.17754,-0.16865,-0.85488,-0.15891,-0.14179,-0.12467,-0.10756,-0.090438,-0.073322,-0.056205,-0.039088,-0.021972,-0.004855,-0.85488,0.012262,0.029379,0.058894,0.079208,0.11176,0.12904,0.14904,0.17887,0.20191,0.2287,-0.85488,0.25478,0.27853,0.29564,0.31276,0.34493,0.36259,0.37971,0.39682,0.41394,0.43106,-0.85488,0.44817,0.46529,0.49402,0.51512,0.53223,0.54935,0.56647,0.58721,0.6163,0.63341,-0.85488,0.65872,0.68324,0.70036,0.73023,0.75019,0.7675,0.80002,0.81714,0.83901,0.86697,-0.85488,-0.8697,0.88408,0.91052,0.93391,0.96339,0.98374,1.0009,1.0336,1.0535,1.0834,1.1064,-0.87048,1.1332,1.1503,1.1675,1.1846,1.2152,1.2344,1.2515,1.2686,1.2858,1.3029,-0.87048,1.32,1.3371,1.3542,1.3713,1.3885,1.391,1.4071,1.4242,1.4413,1.4584,-0.87048,1.4689,1.4771,1.4942,1.5113,1.5284,1.5313,1.5471,1.5642,1.5813,1.5984,-0.87048,1.6093,1.6171,1.6342,1.6405,1.6528,1.6699,1.6717,1.6886,1.7057,1.7185,-0.87048,1.7243,1.7341,1.7341,1.7445,1.7497,1.7362,1.7341,1.7185,1.7161,1.7029,-0.87048,1.6974,1.6803,1.6632,1.6461,1.629,1.6118,1.5947,1.562,1.5429,1.5086,-0.87048,1.4744,1.4402,1.4059,1.3813,1.3531,1.3188,1.2562,1.2192,1.1849,1.1507,-0.87048,1.1165,1.0822,1.048,1.0138,0.99029,0.96089,0.92666,0.89243,0.87379,0.83956,-0.87048,0.80961,0.78668,0.75245,0.72707,0.69958,0.65346,0.61552,0.58128,0.54791,0.52841,-0.85488,-0.87048,0.49808,0.47554,0.43437,0.39994,0.37284,0.35011,0.31997,0.30028,0.28223,0.23486,-0.87012,0.21774,0.20062,0.18351,0.16639,0.14927,0.13216,0.11504,0.097923,0.080885,0.079286,-0.85488,0.065288,0.065288,0.059128,0.049692,0.049692,0.049692,0.049692,0.049692,0.049692,0.049692,-0.85488,0.049692,0.049692,0.049692,0.049692,0.040881,0.034096,0.034096,0.034096,0.034096,0.034096,-0.85488,0.036436,0.049692,0.049692,0.049692,0.049692,0.049692,0.049692,0.049692,0.049692,0.049692,-0.85488,0.049692,0.049692,0.049692,0.049692,0.049692,0.049692,0.049692,0.037099,0.034096,0.034096,-0.85488,0.034096,0.034096,0.029495,0.0185,0.0185,0.0185,0.0185,0.0185,0.0185,0.0185,-0.84541,0.0185,0.0185,0.014289,0.002904,0.002904,0.002904,0.002904,0.002904,0.002904,0.002904,-0.83928,0.002904,0.002904,0.002904,0.002904,0.002904,0.002904,0.002904,0.002904,0.002904,0.002904,-0.8518,0.002904,0.002904,0.002904,0.002904,0.002904,0.002904,0.002904,0.002904,-0.85488,-0.92506,-0.94842,-0.96998,-1.0384,-1.0933,-1.1286,-1.1744,-1.1915,-1.2086,-1.2257,-0.85488,-1.2838,-1.3067,-1.3249,-1.3644,-1.4205,-1.4376,-1.4762,-1.5273,-1.5513,-1.5684,-0.85488,-1.6253,-1.7086,-1.7757,-1.7995,-1.8568,-1.8739,-1.891,-1.9081,-1.9547,-2.0118,-0.85488,-2.0632,-2.057,-2.0555,-2.0383,-2.0212,-2.0041,-1.9806,-1.9543,-1.9277,-1.9045,-0.85488,-1.8749,-1.8406,-1.8064,-1.7722,-1.7379,-1.7037,-1.6695,-1.6277,-1.5854,-1.5512,-0.85488,-1.5169,-1.4691,-1.4329,-1.3986,-1.3618,-1.3146,-1.2803,-1.2461,-1.2119,-1.1776,4.0,4.0
-2.3303,-2.2082,-1.8572,-0.80238,-0.80238,-0.80238,-0.80238,-0.80238,-0.80238,-0.80238,-0.80238,-0.80238,-0.80529,-1.8246,-0.81343,-0.81578,-0.81578,-0.81578,-0.81578,-0.81578,-0.80948,-0.80238,-0.80238,-0.80238,-1.7921,-0.80238,-0.79557,-0.78897,-0.78897,-0.78455,-0.77641,-0.76827,-0.76012,-0.75198,-0.74384,-1.7595,-0.7357,-0.72755,-0.71687,-0.70058,-0.68972,-0.68141,-0.66513,-0.65189,-0.64375,-0.62968,-1.7269,-0.61339,-0.59711,-0.58438,-0.57623,-0.56166,-0.54537,-0.52909,-0.5128,-0.49652,-0.48024,-1.6959,-0.46395,-0.44767,-0.43138,-0.4151,-0.39881,-0.38035,-0.35592,-0.33655,-0.32027,-0.29604,-1.6714,-0.2743,-0.25801,-0.23617,-0.21174,-0.18731,-0.16288,-0.13846,-0.11403,-0.090408,-0.074123,-1.6426,-0.054153,-0.029726,-0.011866,0.004419,0.020703,0.0328,0.040942,0.049084,0.057227,0.065369,-1.61,0.073511,0.081654,0.089796,0.095626,0.095626,0.095626,0.095626,0.095626,0.092812,0.084669,-1.5847,0.082223,0.082223,0.082223,0.082223,0.082223,0.082223,0.082223,0.082223,0.082223,0.082223,-2.1178,-1.5603,0.082223,0.083664,0.091806,0.095626,0.095626,0.10283,0.10903,0.10903,0.11385,0.122,-1.5359,0.13014,0.13828,0.14642,0.15457,0.16278,0.17906,0.1924,0.20054,0.20868,0.21739,-1.5164,0.23368,0.24651,0.25465,0.2628,0.27201,0.28829,0.30063,0.30877,0.31691,0.32505,-1.5001,0.33319,0.34134,0.34948,0.36496,0.37917,0.38731,0.39545,0.40359,0.41174,0.41988,-1.4838,0.42802,0.43616,0.44431,0.45245,0.45751,0.45751,0.46347,0.47161,0.47976,0.49148,-1.4675,0.50777,0.51759,0.52573,0.53387,0.5461,0.56239,0.57867,0.59325,0.60139,0.61412,-1.4512,0.63041,0.64669,0.66077,0.66891,0.67705,0.68519,0.70131,0.71488,0.72302,0.73116,-1.4349,0.73931,0.74745,0.75559,0.76373,0.77188,0.78002,0.78816,0.79258,0.79258,0.79918,-1.4188,0.80599,0.80599,0.80599,0.80599,0.80599,0.80599,0.80599,0.80126,0.79312,0.79258,-1.4106,0.79024,0.7821,0.77918,0.77918,0.77918,0.77633,0.76819,0.76578,0.76578,0.76578,-2.0852,-1.4025,0.76913,0.77727,0.77918,0.78015,0.78829,0.79258,0.79258,0.79932,0.80746,0.8156,-1.3944,0.82375,0.83189,0.84003,0.84817,0.85632,0.86446,0.8726,0.88074,0.88888,0.89703,-1.3862,0.90517,0.91331,0.92145,0.93258,0.94886,0.95928,0.96743,0.97557,0.98371,0.99185,-1.3781,1.0064,1.0215,1.0297,1.0378,1.046,1.061,1.0757,1.0838,1.0964,1.1127,-1.3699,1.1216,1.1319,1.1482,1.1595,1.1676,1.1757,1.1839,1.192,1.2002,1.2083,-1.3653,1.2165,1.2215,1.2215,1.2275,1.2356,1.2438,1.2519,1.26,1.2617,1.2629,-1.3653,1.2711,1.2751,1.2751,1.2821,1.2885,1.2885,1.2931,1.3013,1.3019,1.3041,-1.3653,1.3123,1.3204,1.3286,1.3447,1.361,1.3773,1.3992,1.4236,1.4481,1.4757,-1.3642,1.5083,1.5409,1.5734,1.606,1.6423,1.683,1.7238,1.7631,1.7957,1.8282,-1.356,1.8608,1.8862,1.9088,1.9251,1.9366,1.9447,1.9376,1.9247,-2.0526,-1.3519,-1.3519,-1.345,-1.3385,-1.3385,-1.334,-1.3258,-1.3177,-1.3117,-1.3117,-2.02,-1.3067,-1.2985,-1.2904,-1.2822,-1.2741,-1.2604,-1.2444,-1.2363,-1.225,-1.2087,-1.9875,-1.1924,-1.1761,-1.1598,-1.1436,-1.1273,-1.1044,-1.0813,-1.065,-1.0487,-1.0324,-1.9549,-1.0162,-0.99809,-0.97367,-0.9539,-0.93761,-0.92887,-0.91845,-0.90216,-0.89104,-0.8829,-1.9223,-0.87475,-0.86661,-0.85847,-0.85033,-0.84218,-0.83404,-0.82918,-0.82918,-0.82302,-0.81578,-1.8898,-0.81578,-0.81578,-0.81578,-0.80911,-0.80238,-0.80238,-0.80238,-0.80238,-0.80238,-0.80238,3.0,5.0
0.79711,0.81855,0.84,-0.91852,-0.83762,-0.72423,-0.61636,-0.48704,-0.35773,-0.21136,-0.071164,0.09048,0.25212,0.84,0.43146,0.59686,0.7585,0.9127,1.0603,1.2142,1.3622,1.5024,1.5691,1.6886,0.84,1.7986,1.917,1.9944,2.0805,2.1252,2.179,2.1911,2.2125,2.2125,2.2025,0.84,2.1911,1.9345,1.8698,1.8374,1.7401,1.5681,1.4602,1.3309,1.2016,1.0722,0.84,0.94293,0.81362,0.77008,0.64077,0.51145,0.38214,0.25078,0.10206,-0.0487,-0.19126,0.84,-0.31805,-0.6029,-0.8203,-0.90341,-0.98951,-1.0542,-1.1403,-1.2049,-1.2227,-1.2699,0.84,-1.3088,-1.326,-1.3474,-1.3474,-1.3474,-1.3474,-1.3474,-1.3313,-1.3204,-1.2881,0.84,-1.2343,-1.1852,-1.1205,-1.0559,-0.98468,-0.90512,-0.88335,-0.80095,-0.70396,-0.60698,0.84,-0.48104,-0.35172,-0.20096,-0.052936,0.087264,0.22988,0.27341,0.40272,0.53204,0.66136,0.84,0.79067,0.91999,1.0493,1.1786,1.3079,1.4166,1.5136,1.5896,1.6439,1.6975,0.81855,0.86144,1.7085,1.7407,1.7407,1.4609,1.3622,1.2665,1.1695,1.0725,0.97553,0.85565,0.86144,0.73867,0.62554,0.57493,0.44771,0.33775,0.20843,0.079114,-0.050201,-0.17952,-0.3669,0.86144,-0.83167,-0.90383,-0.96849,-1.0295,-1.0764,-1.1196,-1.1544,-1.1802,-1.1973,-1.2188,0.86144,-1.2343,-1.2402,-1.2402,-1.2402,-1.2402,-1.2402,-1.2402,-1.2402,-1.2234,-1.2188,0.86144,-1.2188,-1.1973,-1.1798,-1.1544,-1.1366,-1.133,-1.1149,-1.0901,-1.0716,-1.0608,0.86144,-1.0284,-0.9961,-0.96377,-0.95289,-0.93997,-0.90968,-0.87735,-0.82357,-0.77119,-0.72798,0.86144,-0.6837,-0.62011,-0.57615,-0.53251,-0.49047,-0.42582,-0.36116,-0.26428,-0.18874,-0.091752,0.86144,-0.01621,0.080776,0.11257,0.18897,0.28478,0.3615,0.45698,0.53402,0.60957,0.69385,0.86144,0.78209,0.87908,0.99011,1.0302,1.1486,1.2593,1.364,1.461,1.5546,1.6192,0.87683,1.6624,1.7124,1.7233,1.7407,1.7621,1.5635,1.4692,1.3722,1.2967,1.1997,0.82976,0.88289,1.1081,1.0272,0.93017,0.83319,0.71475,0.61777,0.57879,0.46669,0.3697,0.27271,0.88289,0.15428,0.057294,-0.44715,-0.54414,-0.63352,-0.69817,-0.76283,-0.84631,-0.92185,-1.0188,0.88289,-1.0858,-1.1115,-1.1722,-1.2369,-1.2616,-1.2818,-1.3045,-1.3045,-1.326,-1.326,0.86686,-1.326,-1.326,-1.3155,-1.2831,-1.2723,-1.2399,-1.2076,-1.1753,-1.1429,-1.1312,0.86144,-1.0783,-1.0447,-0.99219,-0.93686,-0.88464,-0.82899,-0.76433,-0.70187,-0.64338,-0.61325,0.86144,-0.54859,-0.48109,-0.39783,-0.33317,-0.26852,-0.20386,-0.1392,-0.078348,-0.031329,0.007755,0.86144,0.040084,0.072413,0.10474,0.13707,0.15374,0.15374,0.15374,0.15374,0.15374,0.15374,0.86144,0.15374,0.1323,0.1323,0.12592,0.11085,0.10415,0.089408,0.089408,0.089408,0.067963,0.88289,0.067963,0.046517,0.046517,0.046517,0.046517,0.046517,0.046517,0.046517,0.046517,0.055471,0.88289,0.067963,0.067963,0.067963,0.089408,0.089408,0.089408,0.089408,0.089408,0.84,0.87645,0.84412,0.8118,0.79711,0.76858,0.73625,0.68248,0.65015,0.6101,0.56405,0.84,0.51027,0.45902,0.41581,0.38964,0.3207,0.24328,0.15718,0.072627,0.006415,-0.058243,0.84,-0.1229,-0.14649,-0.20933,-0.27398,-0.34894,-0.42474,-0.52146,-0.6184,-0.69399,-0.7906,0.84,-0.86652,-0.93997,-0.96313,-1.0278,-1.0924,-1.1571,-1.2218,-1.2848,-1.3296,-1.3728,0.84,-1.4118,-1.4141,-1.4464,-1.4547,-1.4547,-1.4547,-1.4547,-1.4547,-1.4547,-1.4332,0.84,-1.4332,-1.4079,-1.3755,-1.3432,-1.3109,-1.2571,-1.2093,-1.1398,-1.0586,-0.96726,2.0,2.0
0.69605,0.71504,0.66776,-0.2065,-0.10601,0.007956,0.10535,0.20894,0.32291,0.43687,0.55083,0.66103,0.756,0.64877,0.86578,0.97288,1.0678,1.1807,1.2748,1.3528,1.4477,1.5166,1.5787,1.6546,0.62977,1.6983,1.7363,1.774,1.793,1.812,1.831,1.85,1.8401,1.8276,1.8276,0.61522,1.7926,1.7642,1.7419,1.6849,1.6406,1.5932,1.5172,1.4413,1.3653,1.2893,0.61522,1.1945,1.0995,1.0016,0.88761,0.77364,0.65968,0.54571,0.43175,0.32695,0.23076,0.59973,0.1168,0.002837,-0.11113,-0.22509,-0.3237,-0.41867,-0.51364,-0.60861,-0.69307,-0.77161,0.58828,-0.86658,-0.94794,-1.0183,-1.0752,-1.1322,-1.1892,-1.2454,-1.2834,-1.3214,-1.3593,0.58828,-1.3973,-1.4204,-1.4324,-1.4324,-1.4504,-1.4593,-1.4571,-1.4381,-1.4192,-1.4002,0.58828,-1.3812,-1.3459,-1.3079,-1.2699,-1.2319,-1.1825,-1.122,-1.046,-0.97003,-0.89406,0.58828,-0.81808,-0.74211,-0.65643,-0.56146,-0.46649,-0.37152,-0.27655,-0.18158,-0.08661,0.00836,0.72299,0.59098,0.10333,0.17931,0.26633,0.3613,0.45627,0.55124,0.64001,0.71599,0.79196,0.86794,0.60997,0.94391,1.0199,1.0959,1.1674,1.2244,1.2969,1.3577,1.3957,1.4523,1.4986,0.61522,1.5366,1.5746,1.6126,1.6448,1.6638,1.6828,1.684,1.665,1.646,1.615,0.62102,1.577,1.5391,1.486,1.4219,1.3459,1.2699,1.1939,1.1157,1.0207,0.92573,0.64001,0.82537,0.71141,0.59744,0.48348,0.36952,0.25555,0.13,0.000681,-0.11328,-0.24193,0.64217,-0.36815,-0.48212,-0.59608,-0.71004,-0.82401,-0.93797,-1.039,-1.129,-1.205,-1.2809,0.65106,-1.3488,-1.4058,-1.4628,-1.5086,-1.5434,-1.5623,-1.5813,-1.594,-1.594,-1.594,0.66911,-1.5846,-1.5656,-1.5466,-1.5151,-1.4725,-1.4155,-1.3742,-1.3208,-1.2448,-1.1876,0.66911,-1.1198,-1.041,-0.94605,-0.86496,-0.78898,-0.71301,-0.62006,-0.53411,-0.45706,-0.36209,0.66911,-0.27924,-0.20327,-0.12729,-0.036094,0.051601,0.12758,0.20355,0.27953,0.35551,0.43148,0.72299,0.67315,0.49399,0.55649,0.63247,0.69187,0.74886,0.80516,0.84315,0.89286,0.9423,0.96129,0.69214,0.9951,1.0262,1.0452,1.0642,1.0832,1.1022,1.1212,1.1402,1.1592,1.1782,0.69605,1.1972,1.1997,1.1807,1.1617,1.1427,1.1238,1.1048,1.0713,1.0334,0.99537,0.69605,0.93987,0.88289,0.82591,0.76893,0.69928,0.62331,0.54733,0.47136,0.39538,0.3194,0.69605,0.24343,0.16745,0.091475,0.015499,-0.060477,-0.13039,-0.18737,-0.26146,-0.32828,-0.38526,0.67786,-0.44224,-0.48697,-0.52926,-0.58625,-0.61251,-0.63892,-0.67691,-0.69644,-0.71543,-0.73187,0.65887,-0.73187,-0.74547,-0.75881,-0.75881,-0.75881,-0.75881,-0.758,-0.73901,-0.73187,-0.72796,0.63988,-0.70897,-0.70493,-0.69792,-0.67893,-0.67798,-0.66788,-0.65104,-0.65104,-0.65104,-0.64579,0.62088,-0.62679,-0.6241,-0.6241,-0.6241,-0.6241,-0.6241,-0.6241,-0.6241,-0.6241,-0.6307,0.60189,-0.64969,-0.65104,-0.65104,-0.65104,-0.65104,-0.65104,-0.65589,-0.67489,0.72299,0.57751,0.53952,0.50153,0.46354,0.42502,0.36803,0.32264,0.27737,0.2014,0.14011,0.70885,0.083123,0.026141,-0.048622,-0.1246,-0.20057,-0.27655,-0.36546,-0.45544,-0.53142,-0.6074,0.69605,-0.68337,-0.75948,-0.85445,-0.92706,-0.98728,-1.0633,-1.1392,-1.2089,-1.2659,-1.3228,0.69605,-1.3704,-1.4084,-1.4464,-1.4844,-1.5223,-1.5603,-1.5827,-1.6017,-1.6207,-1.6209,0.67881,-1.6102,-1.5912,-1.5722,-1.5393,-1.5013,-1.4633,-1.4084,-1.3514,-1.2933,-1.2174,0.66911,-1.1414,-1.0654,-0.98943,-0.89823,-0.80326,-0.70829,-0.61332,-0.51835,-0.42096,-0.30699,0.0,0.0
0.51969,0.46638,0.38927,1.6772,1.5572,1.4861,1.4106,1.3218,1.2256,1.119,1.0123,0.90573,0.79911,0.38927,0.69249,0.5536,0.41274,0.28836,0.16397,0.039582,-0.17088,-0.5085,-0.70462,-0.79347,0.38927,-0.88232,-0.97116,-1.0281,-1.0814,-1.1347,-1.188,-1.2413,-1.2806,-1.2984,-1.3161,0.38927,-1.3339,-1.3517,-1.3694,-1.3556,-1.3378,-1.32,-1.2984,-1.2628,-1.2273,-1.1917,0.38927,-1.1464,-1.0931,-1.0271,-0.956,-0.88493,-0.81303,-0.72418,-0.63534,-0.54649,-0.45096,0.39497,-0.34434,-0.24734,-0.15849,-0.057091,0.049526,0.15614,0.26276,0.36938,0.476,0.58261,0.41274,0.68923,0.79585,0.89301,0.98186,1.0707,1.1596,1.2331,1.3042,1.3752,1.4429,0.42187,1.4962,1.5495,1.6028,1.6468,1.6824,1.7057,1.7235,1.7412,1.7587,1.7587,0.42187,1.7456,1.6745,1.5849,1.4605,1.3635,1.2924,1.2093,1.1204,1.0166,0.90997,0.4103,0.80335,0.69363,0.56925,0.45089,0.34427,0.22869,0.1043,-0.16289,-0.50052,-0.63045,0.41894,0.39253,-0.71929,-0.80814,-0.89405,-0.96513,-1.0362,-1.1073,-1.1696,-1.2229,-1.2644,-1.3,0.25869,-1.3355,-1.3711,-1.389,-1.4068,-1.4245,-1.4366,-1.4366,-1.4366,-1.4366,-1.425,0.09876,-1.4073,-1.3895,-1.3717,-1.3365,-1.301,-1.2654,-1.2243,-1.171,-1.1177,-1.0644,0.026051,-1.0111,-0.9578,-0.89014,-0.81906,-0.74799,-0.67691,-0.60583,-0.53475,-0.46367,-0.39259,-0.045027,-0.32152,-0.23919,-0.15034,-0.075676,-0.004597,0.083598,0.17245,0.26129,0.34493,0.416,-0.11611,0.49523,0.58408,0.66184,0.73292,0.804,0.87508,0.94616,1.0172,1.0883,1.1543,-0.18718,1.2076,1.261,1.3143,1.3567,1.3922,1.4277,1.4633,1.4988,1.5324,1.5502,-0.25826,1.563,1.563,1.563,1.563,1.563,1.563,1.5493,1.5316,1.3974,1.266,-0.33782,1.2305,1.1855,1.1144,1.051,0.99767,0.89138,0.74922,0.64766,0.55881,0.48643,-0.42667,0.41372,0.32487,0.23603,0.14718,0.050831,-0.055787,-0.15197,-0.24082,-0.49008,-0.79216,0.40117,-0.51551,-0.88232,-0.95193,-1.0052,-1.0541,-1.0897,-1.1252,-1.1608,-1.1963,-1.2318,-1.2542,-0.60436,-1.2719,-1.2897,-1.3062,-1.3062,-1.3062,-1.3062,-1.3062,-1.3062,-1.2961,-1.2783,-0.69321,-1.2475,-1.212,-1.1924,-1.1735,-1.1379,-1.1024,-1.0669,-1.0243,-0.971,-0.92764,-0.78206,-0.8921,-0.84368,-0.79037,-0.73706,-0.68473,-0.64919,-0.60974,-0.55643,-0.50312,-0.44982,-0.87091,-0.39651,-0.3432,-0.28989,-0.23658,-0.18327,-0.12996,-0.076654,-0.027095,0.008445,0.043984,-0.95975,0.079523,0.11506,0.1506,0.18614,0.22168,0.25722,0.29211,0.30988,0.32764,0.34541,-1.0486,0.36318,0.38095,0.39872,0.41649,0.42187,0.42187,0.42187,0.42187,0.42187,0.41845,-1.1321,0.40068,0.38927,0.38927,0.37998,0.36221,0.35666,0.35666,0.3415,0.32406,0.32406,-1.2031,0.32406,0.32406,0.32406,0.32406,0.32406,0.32406,0.32406,0.32406,0.32406,0.32406,-1.2659,0.32406,0.32406,0.32406,0.32406,0.32406,0.31509,0.29732,0.29145,0.38927,-1.3192,-1.3725,-1.4258,-1.465,-1.5005,-1.5189,-1.5367,-1.5545,-1.5618,-1.544,0.38927,-1.5263,-1.5085,-1.4907,-1.473,-1.4271,-1.3738,-1.3036,-1.2325,-1.1614,-1.0853,0.38927,-0.99643,-0.8996,-0.79298,-0.68636,-0.57975,-0.47313,-0.36651,-0.25989,-0.15328,-0.046658,0.38927,0.05996,0.16658,0.27319,0.37981,0.47567,0.56452,0.66706,0.77368,0.86367,0.95251,0.38927,1.0414,1.1255,1.1966,1.2753,1.3641,1.4424,1.5135,1.571,1.6243,1.6776,0.38927,1.7293,1.7649,1.7958,1.8136,1.8239,1.8239,1.8239,1.8239,1.8105,1.7927,2.0,2.0
-2.0372,-1.9372,-1.7114,-0.83885,-0.82753,-0.81621,-0.80489,-0.79357,-0.78224,-0.77092,-0.7596,-0.74828,-0.73696,-1.6887,-0.73393,-0.72537,-0.71405,-0.71184,-0.70245,-0.70079,-0.69085,-0.67953,-0.6787,-0.6787,-1.6661,-0.6787,-0.6787,-0.67815,-0.66766,-0.66656,-0.65662,-0.65496,-0.64364,-0.63232,-0.62348,-1.6434,-0.62072,-0.6094,-0.59808,-0.58676,-0.57544,-0.56826,-0.56384,-0.55252,-0.5412,-0.52988,-1.6208,-0.51856,-0.50724,-0.49592,-0.49095,-0.48432,-0.473,-0.46168,-0.45036,-0.43904,-0.42772,-1.6023,-0.4164,-0.39652,-0.38272,-0.3714,-0.35069,-0.33771,-0.32639,-0.30485,-0.2927,-0.28138,-1.5865,-0.27006,-0.25874,-0.24797,-0.24715,-0.23583,-0.22589,-0.22423,-0.21484,-0.21263,-0.2038,-1.5686,-0.2038,-0.20076,-0.19275,-0.18916,-0.18171,-0.17757,-0.16625,-0.15493,-0.14361,-0.13229,-1.5573,-0.12649,-0.11489,-0.098324,-0.087003,-0.075683,-0.064362,-0.053042,-0.041722,-0.030401,-0.019081,-1.546,-0.00776,0.00356,0.014881,0.035313,0.048566,0.059886,0.081147,0.093572,0.10489,0.12698,-1.9146,-1.5346,0.13858,0.1499,0.16177,0.18358,0.1949,0.20622,0.21754,0.2308,0.25123,0.26255,-1.5233,0.27663,0.29624,0.30756,0.31888,0.3302,0.34152,0.35284,0.36416,0.37548,0.3868,-1.512,0.39812,0.40364,0.40972,0.41469,0.42131,0.43263,0.43677,0.43677,0.43677,0.42877,-1.5007,0.42573,0.43429,0.43677,0.43677,0.43677,0.43677,0.44671,0.44782,0.45831,0.45886,-1.496,0.46991,0.47018,0.48095,0.48178,0.492,0.49338,0.50304,0.50497,0.51629,0.52513,-1.496,0.52789,0.53921,0.54722,0.55081,0.56213,0.57345,0.58477,0.5914,0.59637,0.60769,-1.496,0.61901,0.63033,0.63557,0.64192,0.65324,0.66456,0.66871,0.67616,0.68748,0.69079,-1.496,0.69908,0.70184,0.71067,0.71288,0.71288,0.71288,0.72282,0.72393,0.72393,0.7347,-1.4883,0.73497,0.74602,0.74657,0.75706,0.75817,0.76949,0.77915,0.78108,0.7924,0.80372,-1.4849,0.81504,0.82636,0.83768,0.84542,0.84928,0.8606,0.87192,0.88324,0.89456,0.90588,-1.8919,-1.4849,0.9172,0.92273,0.9288,0.93377,0.9404,0.95172,0.95586,0.96331,0.97463,0.97795,-1.4849,0.98623,0.99755,1.0,1.0091,1.0205,1.0318,1.0332,1.0434,1.0547,1.066,-1.4761,1.0663,1.0776,1.0884,1.0892,1.0994,1.1008,1.1105,1.1124,1.1215,1.124,-1.4739,1.1326,1.1356,1.1436,1.1472,1.1547,1.1547,1.1591,1.1657,1.1657,1.1709,-1.4645,1.1767,1.1825,1.1939,1.1988,1.2055,1.2099,1.2099,1.2173,1.2209,1.2209,-1.4629,1.2292,1.2405,1.243,1.2521,1.2634,1.2651,1.275,1.2761,1.2866,1.298,-1.4529,1.2982,1.3093,1.3098,1.3203,1.3203,1.3217,1.3314,1.3314,1.3314,1.3339,-1.4518,1.3424,1.3424,1.3424,1.3424,1.3424,1.3424,1.3424,1.3424,1.3374,1.3366,-1.4413,1.3424,1.3482,1.3595,1.3645,1.3711,1.3824,1.3938,1.4051,1.4241,1.4468,-1.43,1.4694,1.5006,1.5346,1.5685,1.6119,1.6572,1.7025,1.7477,-1.8693,-1.4187,-1.4184,-1.4071,-1.3966,-1.3955,-1.3842,-1.3728,-1.3635,-1.3612,-1.3499,-1.8466,-1.3414,-1.3383,-1.327,-1.3193,-1.3154,-1.3082,-1.3038,-1.2925,-1.2861,-1.2809,-1.824,-1.2696,-1.2641,-1.258,-1.253,-1.2464,-1.242,-1.2348,-1.2309,-1.2232,-1.2119,-1.7994,-1.2088,-1.2003,-1.1978,-1.1887,-1.1774,-1.166,-1.1547,-1.1434,-1.1321,-1.1208,-1.7677,-1.1094,-1.0978,-1.0757,-1.0644,-1.052,-1.0307,-1.0194,-1.0081,-0.99457,-0.97442,-1.7426,-0.9631,-0.95178,-0.94046,-0.92913,-0.91395,-0.89545,-0.88413,-0.87281,-0.86149,-0.85017,3.0,5.0
1.8906,1.81,1.6929,-0.0604,-0.072457,-0.089354,-0.10514,-0.12045,-0.13782,-0.15844,-0.17566,-0.19969,-0.21532,1.6809,-0.23944,-0.26355,-0.28218,-0.30321,-0.32733,-0.35144,-0.37556,-0.39967,-0.42451,-0.45647,1.6688,-0.48058,-0.51326,-0.5435,-0.57862,-0.60728,-0.64345,-0.67105,-0.70722,-0.7434,-0.77471,1.6542,-0.80717,-0.84334,-0.87951,-0.91569,-0.94667,-0.97936,-1.0035,-1.0276,-1.0517,-1.0758,1.6361,-1.0914,-1.1116,-1.131,-1.1442,-1.1621,-1.1769,-1.189,-1.201,-1.2217,-1.2337,1.6241,-1.2458,-1.2624,-1.2784,-1.2905,-1.3026,-1.3061,-1.3181,-1.3218,-1.3337,-1.3389,1.612,-1.3475,-1.3527,-1.3562,-1.3646,-1.3717,-1.3838,-1.3959,-1.4079,-1.416,-1.4235,1.6,-1.4269,-1.4332,-1.4332,-1.4289,-1.4246,-1.416,-1.4099,-1.4064,-1.3989,-1.3908,1.585,-1.3873,-1.3818,-1.3732,-1.3732,-1.3648,-1.3613,-1.3561,-1.3543,-1.3475,-1.3389,1.5673,-1.3353,-1.3232,-1.3197,-1.3132,-1.3042,-1.2961,-1.2886,-1.2852,-1.2731,-1.2696,1.7979,1.5539,-1.2618,-1.2541,-1.242,-1.2361,-1.2265,-1.2144,-1.2023,-1.1933,-1.1868,-1.1747,1.5346,-1.1627,-1.1506,-1.1386,-1.1265,-1.1144,-1.1024,-1.0903,-1.0783,-1.0662,-1.0542,1.5225,-1.0421,-1.03,-1.018,-1.0134,-1.0024,-0.99038,-0.97833,-0.96627,-0.94642,-0.93359,1.5073,-0.92153,-0.90948,-0.89742,-0.88536,-0.8733,-0.86125,-0.84919,-0.83713,-0.82508,-0.81302,1.4899,-0.80096,-0.7889,-0.78212,-0.77336,-0.7613,-0.74924,-0.73718,-0.72513,-0.71358,-0.70958,1.4762,-0.69752,-0.68547,-0.67932,-0.66992,-0.66219,-0.65437,-0.65088,-0.64505,-0.63649,-0.63184,1.4572,-0.62792,-0.61935,-0.6128,-0.60931,-0.59725,-0.59366,-0.58509,-0.57821,-0.56616,-0.55939,1.4451,-0.55061,-0.53855,-0.5265,-0.51656,-0.51095,-0.49889,-0.48281,-0.46621,-0.45415,-0.43616,1.4245,-0.42147,-0.40507,-0.38879,-0.37673,-0.36468,-0.35144,-0.332,-0.31994,-0.31097,-0.30439,1.4124,-0.28227,-0.26314,-0.25109,-0.23562,-0.21841,-0.18922,-0.17185,-0.1563,-0.13591,-0.10942,1.7859,1.3918,-0.086099,-0.06841,-0.052862,-0.0247,0.003933,0.017018,0.035029,0.051455,0.083258,0.099512,1.3798,0.12014,0.13847,0.16138,0.17344,0.1855,0.21469,0.22674,0.24737,0.25942,0.27998,1.3591,0.30067,0.31273,0.32479,0.34218,0.3489,0.36096,0.37301,0.39147,0.39713,0.40919,1.3471,0.42124,0.44086,0.45392,0.46598,0.47894,0.49866,0.51072,0.52278,0.53483,0.54689,1.335,0.55895,0.571,0.57449,0.58655,0.59004,0.6021,0.61416,0.62277,0.62971,0.64176,1.3144,0.65917,0.67472,0.69884,0.72295,0.74706,0.77685,0.79469,0.81493,0.83594,0.86513,1.3023,0.87719,0.90638,0.92285,0.94696,0.97107,0.98887,1.0181,1.0396,1.0675,1.0948,1.2903,1.1243,1.157,1.1811,1.2138,1.2449,1.2792,1.3118,1.336,1.3686,1.3965,1.2782,1.4182,1.4559,1.4737,1.5063,1.5346,1.5555,1.5847,1.5968,1.626,1.638,1.2662,1.6501,1.6707,1.6828,1.6948,1.7069,1.7189,1.7224,1.7345,1.7738,1.2541,1.242,1.23,1.2135,1.1973,1.1853,1.1732,1.1611,1.1443,1.1285,1.7618,1.1164,1.0976,1.0821,1.0631,1.0425,1.0269,0.9817,0.94711,0.90314,0.85333,1.7497,0.81765,0.7794,0.71473,0.69691,0.67862,0.62716,0.58443,0.55424,0.54815,0.50838,1.7377,0.48121,0.47714,0.46566,0.4408,0.42176,0.38559,0.3411,0.33151,0.30461,0.2956,1.7256,0.28354,0.24585,0.24229,0.23023,0.2228,0.19755,0.1855,0.16569,0.15162,0.14305,1.7135,0.11992,0.10667,0.053704,0.015433,0.003376,-0.008681,-0.012172,-0.024229,-0.036286,-0.048343,1.0,1.0
-1.9411,-1.7112,-1.5878,-0.8661,-0.85565,-0.8452,-0.83475,-0.8243,-0.81633,-0.81335,-0.8029,-0.79244,-0.78647,-1.5773,-0.78149,-0.77104,-0.76059,-0.75014,-0.74666,-0.73919,-0.7367,-0.72824,-0.72675,-0.71729,-1.5669,-0.71679,-0.70634,-0.69589,-0.68544,-0.67698,-0.67449,-0.66404,-0.65707,-0.65309,-0.64264,-1.5564,-0.63218,-0.62173,-0.61725,-0.61078,-0.60033,-0.58988,-0.57943,-0.56898,-0.55852,-0.54807,-1.546,-0.53762,-0.52717,-0.51672,-0.50626,-0.49581,-0.48536,-0.47491,-0.46794,-0.46396,-0.45351,-1.5355,-0.44306,-0.4326,-0.42215,-0.4117,-0.40125,-0.3908,-0.38035,-0.36989,-0.35048,-0.33904,-1.5251,-0.32859,-0.31764,-0.29773,-0.28728,-0.27483,-0.25642,-0.24597,-0.23551,-0.22108,-0.20466,-1.5231,-0.19421,-0.18375,-0.1733,-0.16932,-0.16235,-0.1519,-0.14941,-0.14095,-0.13946,-0.13,-1.5231,-0.1295,-0.11955,-0.11955,-0.11806,-0.1096,-0.10711,-0.096656,-0.089688,-0.085706,-0.075254,-1.5136,-0.06978,-0.064305,-0.053853,-0.043401,-0.039918,-0.032452,-0.022,-0.011548,-0.010055,-0.000599,-1.6913,-1.5131,0.009853,0.01035,0.020802,0.031254,0.041706,0.054646,0.072563,0.083015,0.093467,0.10392,-1.5032,0.11935,0.13478,0.14523,0.15568,0.16613,0.18405,0.19699,0.20744,0.21789,0.22834,-1.5022,0.2388,0.24925,0.2597,0.27015,0.2806,0.29105,0.30151,0.31196,0.32241,0.33286,-1.4932,0.34331,0.35377,0.36422,0.37467,0.38512,0.39557,0.40602,0.40801,0.41697,0.42743,-1.4912,0.43788,0.43837,0.44783,0.44932,0.45978,0.46774,0.46774,0.47122,0.47769,0.47769,-1.4808,0.47769,0.47769,0.48367,0.48765,0.49462,0.4976,0.50556,0.51602,0.52647,0.52746,-1.4703,0.53742,0.54837,0.56828,0.57873,0.58918,0.59963,0.61008,0.62053,0.63099,0.64144,-1.4599,0.65189,0.65687,0.66284,0.67329,0.68374,0.69419,0.70465,0.7151,0.72555,0.736,-1.4534,0.74645,0.7569,0.76736,0.77781,0.78826,0.79871,0.80916,0.81961,0.83007,0.84052,-1.4489,0.84599,0.85147,0.86192,0.8659,0.87287,0.87586,0.88382,0.89427,0.90472,0.91517,-1.6793,-1.4385,0.91567,0.92563,0.92662,0.93707,0.94553,0.94802,0.95847,0.96893,0.97938,0.98535,-1.428,0.99033,1.0008,1.0112,1.0217,1.0321,1.0426,1.053,1.0635,1.0739,1.0844,-1.4176,1.0948,1.1053,1.1157,1.1262,1.1386,1.1571,1.1675,1.178,1.1884,1.1989,-1.4136,1.2093,1.2198,1.2242,1.2307,1.2412,1.2516,1.2621,1.2725,1.283,1.2934,-1.4066,1.3039,1.3138,1.3148,1.3253,1.3337,1.3362,1.3437,1.3472,1.3536,1.3536,-1.3962,1.3536,1.3536,1.3596,1.3636,1.3636,1.3636,1.3636,1.3636,1.3726,1.3736,-1.3937,1.3736,1.3741,1.3835,1.3835,1.3855,1.3935,1.3935,1.3935,1.3974,1.4034,-1.3852,1.4034,1.4034,1.4034,1.4034,1.4034,1.4034,1.4034,1.4034,1.4034,1.4034,-1.3837,1.4034,1.4139,1.4243,1.4348,1.4452,1.4557,1.4661,1.4766,1.487,1.4975,-1.3743,1.5129,1.5338,1.5487,1.5721,1.5965,1.6174,1.6463,1.6777,-1.6584,-1.3638,-1.3638,-1.3628,-1.3539,-1.3519,-1.3439,-1.3409,-1.3339,-1.33,-1.324,-1.64,-1.319,-1.314,-1.3081,-1.3041,-1.2971,-1.2867,-1.2842,-1.2757,-1.2653,-1.2643,-1.6296,-1.2543,-1.2439,-1.2334,-1.2244,-1.2225,-1.212,-1.2045,-1.2011,-1.1906,-1.1846,-1.6191,-1.1797,-1.1692,-1.1647,-1.1583,-1.1548,-1.1473,-1.1369,-1.1264,-1.1249,-1.1155,-1.6087,-1.105,-1.0945,-1.0841,-1.0736,-1.0632,-1.0527,-1.0423,-1.0318,-1.0214,-1.0109,-1.5982,-1.0005,-0.99003,-0.97361,-0.95917,-0.94872,-0.93081,-0.91786,-0.90741,-0.89696,-0.88651,3.0,5.0
-2.3774,-2.0598,-1.713,-0.90702,-0.91837,-0.92971,-0.94105,-0.9524,-0.96374,-0.97712,-1.0012,-1.0331,-1.0331,-1.6837,-1.0331,-1.0223,-1.0211,-1.0116,-1.0003,-0.98895,-0.9776,-0.95948,-0.94291,-0.93157,-1.6611,-0.92023,-0.90889,-0.89754,-0.8862,-0.87486,-0.85001,-0.74414,-0.73262,-0.70994,-0.68725,-1.6384,-0.67477,-0.65388,-0.6312,-0.60851,-0.58582,-0.55624,-0.52845,-0.50576,-0.47816,-0.44413,-1.6157,-0.4137,-0.39102,-0.36605,-0.33364,-0.31096,-0.28797,-0.25394,-0.2309,-0.20821,-0.17586,-1.5951,-0.15084,-0.12815,-0.097782,-0.070775,-0.048089,-0.031105,-0.014721,0.003584,0.018647,0.038272,-1.5838,0.049615,0.060958,0.072301,0.083224,0.083224,0.094326,0.095227,0.095227,0.095227,0.095227,-1.5724,0.095227,0.095227,0.088745,0.077402,0.071221,0.066719,0.055377,0.044034,0.03017,0.009345,-1.5611,-0.001998,-0.013881,-0.036566,-0.048029,-0.069935,-0.082718,-0.1033,-0.13457,-0.15276,-0.18588,-1.5497,-0.21145,-0.22279,-0.22885,-0.22885,-0.22885,-0.22555,-0.21685,-0.21487,-0.20353,-0.19219,-2.0093,-1.5492,-0.18084,-0.1695,-0.15816,-0.14681,-0.13547,-0.12413,-0.11279,-0.10144,-0.0901,-0.078757,-1.5593,-0.067414,-0.027624,0.02729,0.038632,0.052736,0.075422,0.096667,0.10879,0.13136,0.1427,-1.5612,0.16484,0.17739,0.19821,0.21208,0.22342,0.24226,0.26495,0.28145,0.29832,0.321,-1.5612,0.34789,0.37838,0.40106,0.42597,0.46,0.49313,0.51605,0.55008,0.58411,0.61814,-1.5612,0.64256,0.67419,0.70822,0.74225,0.76932,0.7983,0.82669,0.84938,0.87206,0.89109,-1.5762,0.90543,0.92812,0.94912,0.96046,0.97181,0.98315,0.99449,1.0058,1.0075,1.0075,-1.5852,1.0075,1.0075,1.0075,1.0075,1.0075,1.0075,1.003,0.99545,0.99233,0.98345,-1.5914,0.98165,0.97031,0.95944,0.95944,0.94828,0.93694,0.91575,0.90225,0.89091,0.87956,-1.6027,0.86822,0.85688,0.84553,0.83419,0.82285,0.81151,0.80016,0.78882,0.77556,0.75413,-1.6141,0.74279,0.73145,0.7201,0.70876,0.68745,0.67407,0.66273,0.65139,0.64004,0.6287,-1.9652,-1.6212,0.60535,0.58735,0.58735,0.58735,0.58735,0.58735,0.58735,0.58735,0.58735,0.58735,-1.6247,0.58735,0.58735,0.58735,0.59677,0.59935,0.59935,0.60679,0.61136,0.61748,0.62882,-1.6332,0.64016,0.65151,0.66285,0.67419,0.68553,0.69688,0.70906,0.73157,0.74291,0.75425,-1.6332,0.76559,0.77694,0.79716,0.81163,0.82297,0.83431,0.8519,0.869,0.92463,1.004,-1.6332,1.0267,1.0493,1.072,1.0947,1.1174,1.1398,1.1511,1.1735,1.1858,1.1972,-1.6332,1.2175,1.2319,1.2432,1.2616,1.2779,1.2892,1.3006,1.3163,1.3353,1.3435,-1.6332,1.3459,1.3573,1.3675,1.368,1.3793,1.3795,1.39,1.3916,1.3916,1.3916,-1.6332,1.3994,1.4036,1.4036,1.4036,1.4087,1.4156,1.4194,1.4307,1.4421,1.4534,-1.6223,1.4648,1.4767,1.4993,1.5108,1.5327,1.5554,1.5781,1.6008,1.6234,1.6461,-1.6212,1.6688,1.6915,1.7089,1.7249,1.7436,1.7516,1.7543,1.7617,-1.9292,-1.6116,-1.6003,-1.5889,-1.57,-1.5473,-1.5246,-1.4963,-1.4672,-1.4402,-1.4062,-1.8952,-1.3721,-1.3405,-1.3161,-1.2821,-1.248,-1.214,-1.191,-1.1579,-1.1239,-1.099,-1.8531,-1.0679,-1.0338,-1.0069,-0.97778,-0.94952,-0.92683,-0.90414,-0.88146,-0.85877,-0.83609,-1.8151,-0.8152,-0.80386,-0.79252,-0.78117,-0.76983,-0.76899,-0.75915,-0.75699,-0.74846,-0.74498,-1.7811,-0.74498,-0.74498,-0.74498,-0.74498,-0.74955,-0.75699,-0.76023,-0.76899,-0.77091,-0.78225,-1.7471,-0.7936,-0.80494,-0.81628,-0.82762,-0.83897,-0.85031,-0.86165,-0.873,-0.88434,-0.89568,5.0,5.0
-2.5729,-2.38,-2.016,-0.77743,-0.7635,-0.75853,-0.74826,-0.74593,-0.73333,-0.73333,-0.73037,-0.72073,-0.72073,-1.9623,-0.7138,-0.70813,-0.70813,-0.69723,-0.69553,-0.69458,-0.68293,-0.68293,-0.67801,-0.67033,-1.9172,-0.66277,-0.65773,-0.64752,-0.64513,-0.63227,-0.61993,-0.61703,-0.60311,-0.58918,-0.57526,-1.8661,-0.56134,-0.54741,-0.53349,-0.51957,-0.50653,-0.50432,-0.4904,-0.48133,-0.47515,-0.46123,-1.8244,-0.45613,-0.44598,-0.44353,-0.44334,-0.42941,-0.41833,-0.41417,-0.40573,-0.39892,-0.385,-1.7826,-0.37108,-0.35715,-0.34323,-0.34191,-0.32798,-0.31406,-0.30493,-0.29881,-0.28489,-0.27097,-1.7408,-0.25705,-0.24312,-0.22933,-0.22788,-0.21395,-0.20413,-0.19871,-0.19153,-0.18346,-0.16954,-1.7089,-0.16633,-0.16633,-0.15373,-0.15165,-0.13772,-0.1238,-0.11593,-0.10855,-0.10333,-0.093308,-1.6699,-0.090725,-0.090662,-0.078125,-0.075416,-0.065525,-0.06017,-0.052925,-0.044924,-0.031001,-0.027725,-1.6407,-0.015755,-0.002525,-0.000509,0.013414,0.027337,0.047245,0.067783,0.081707,0.09563,0.12083,-2.3408,-1.6254,0.13608,0.15,0.16657,0.19044,0.20437,0.21829,0.23221,0.2554,0.27266,0.28658,-1.6001,0.31311,0.32703,0.34095,0.35947,0.3814,0.39532,0.40924,0.42317,0.43709,0.43848,-1.5862,0.45234,0.46368,0.46758,0.47628,0.48283,0.48888,0.49807,0.50148,0.50148,0.51408,-1.5723,0.51597,0.52989,0.53928,0.53928,0.54646,0.55188,0.55188,0.56303,0.56448,0.56567,-1.5584,0.57708,0.57708,0.58224,0.58968,0.59749,0.60228,0.60228,0.61406,0.61488,0.61488,-1.5602,0.61803,0.62748,0.62748,0.6346,0.64008,0.64984,0.65268,0.65268,0.66528,0.66528,-1.5557,0.66906,0.67788,0.67788,0.68563,0.69048,0.69048,0.69048,0.70308,0.70308,0.70308,-1.5418,0.70308,0.70308,0.71013,0.71568,0.71568,0.7267,0.72828,0.74088,0.74327,0.75719,-1.5279,0.76608,0.77244,0.77868,0.78769,0.79128,0.80293,0.81648,0.81818,0.82908,0.83342,-1.5145,0.84168,0.84867,0.85428,0.86392,0.87784,0.87948,0.87948,0.88181,0.89208,0.89208,-2.309,-1.5126,0.89838,0.90468,0.90468,0.91495,0.91728,0.91728,0.91728,0.91728,0.91728,0.92289,-1.4987,0.92988,0.92988,0.92988,0.92988,0.9421,0.94248,0.94475,0.95508,0.95508,0.95508,-1.4848,0.95508,0.95508,0.95508,0.96661,0.96768,0.96768,0.97058,0.98028,0.98028,0.98715,-1.4709,0.99288,0.99288,0.99288,1.005,1.0055,1.0055,1.0055,1.0055,1.0117,1.0181,-1.4569,1.0181,1.0181,1.0181,1.0181,1.0181,1.0181,1.0181,1.0181,1.0181,1.0181,-1.443,1.0181,1.0181,1.0302,1.0307,1.0328,1.0467,1.0607,1.0746,1.0885,1.1024,-1.4389,1.1164,1.1303,1.1568,1.1707,1.1847,1.1986,1.2125,1.2264,1.2484,1.2669,-1.4278,1.2808,1.2947,1.3086,1.3205,1.3239,1.3331,1.3391,1.3457,1.3457,1.3557,-1.4139,1.3583,1.3709,1.3863,1.4114,1.4293,1.4572,1.4917,1.5255,1.5627,1.6044,-1.3999,1.6462,1.6873,1.7171,1.7589,1.796,1.8239,1.8517,1.8795,-2.2725,-1.386,-1.3721,-1.3582,-1.3507,-1.3429,-1.329,-1.3151,-1.3129,-1.2998,-1.2859,-2.2381,-1.272,-1.2581,-1.2441,-1.2302,-1.2163,-1.1926,-1.1758,-1.1619,-1.148,-1.1341,-2.1963,-1.1201,-1.1062,-1.0923,-1.0784,-1.0645,-1.0609,-1.0609,-1.0605,-1.0483,-1.0483,-2.1545,-1.0483,-1.0483,-1.0483,-1.0483,-1.0386,-1.0357,-1.0357,-1.0347,-1.0231,-1.0231,-2.1022,-1.0181,-1.0105,-1.0028,-0.98892,-0.975,-0.97273,-0.95975,-0.94583,-0.9319,-0.91798,-2.0584,-0.90406,-0.89013,-0.87621,-0.86229,-0.84837,-0.83444,-0.82052,-0.8066,-0.79267,-0.78373,3.0,5.0
-0.63849,-0.66388,-0.78176,-1.2222,-1.1841,-1.146,-1.1066,-1.0558,-1.0154,-0.97735,-0.93927,-0.90118,-0.8509,-0.80347,-0.80869,-0.77061,-0.73122,-0.68045,-0.64004,-0.60196,-0.56698,-0.54159,-0.50404,-0.47449,-0.82347,-0.4491,-0.42245,-0.38436,-0.35661,-0.33122,-0.30583,-0.28044,-0.25506,-0.23816,-0.22061,-0.83616,-0.19644,-0.18375,-0.16077,-0.14204,-0.12934,-0.11665,-0.10395,-0.091259,-0.078565,-0.065871,-0.84886,-0.053177,-0.040483,-0.034401,-0.031422,-0.018728,-0.006034,0.00666,0.019354,0.032048,0.044742,-0.87237,0.057436,0.07013,0.085763,0.11115,0.13654,0.16193,0.18731,0.2127,0.23809,0.27364,-0.89057,0.30519,0.33348,0.37156,0.40964,0.4394,0.46948,0.50756,0.54564,0.58373,0.62181,-0.89972,0.65989,0.69797,0.73605,0.77414,0.81222,0.84928,0.87467,0.91014,0.94177,0.96998,-0.89972,1.0081,1.0343,1.0596,1.085,1.1104,1.1358,1.1612,1.1866,1.212,1.2374,-0.92494,1.2509,1.2718,1.2926,1.3053,1.318,1.3307,1.3434,1.3561,1.3688,1.3815,-0.6802,-0.94135,1.3942,1.4069,1.4196,1.4323,1.445,1.4577,1.4703,1.483,1.484,1.484,-0.95404,1.484,1.4831,1.4704,1.4677,1.4677,1.465,1.4523,1.4513,1.4432,1.435,-0.96845,1.4342,1.4215,1.4187,1.4124,1.3997,1.387,1.3743,1.3617,1.349,1.3363,-0.99384,1.3236,1.301,1.2819,1.2692,1.2565,1.2321,1.2068,1.1857,1.1723,1.1469,-1.0085,1.1215,1.0961,1.0708,1.0454,1.02,0.99459,0.9692,0.94381,0.91842,0.89304,-1.0211,0.86153,0.82593,0.80054,0.77516,0.74977,0.7201,0.68267,0.65728,0.63189,0.6065,-1.0338,0.58111,0.55573,0.53034,0.50495,0.48381,0.4705,0.44511,0.4294,0.4167,0.40401,-1.0465,0.39132,0.37862,0.36593,0.35744,0.35687,0.34417,0.34111,0.33511,0.32479,0.32479,-1.0592,0.31336,0.30846,0.3043,0.29213,0.29213,0.28254,0.27581,0.27348,0.26078,0.25948,-1.063,0.25172,0.24315,0.24266,0.22997,0.22683,0.22091,0.20821,0.19552,0.19417,0.18646,-0.6929,-1.0683,0.17785,0.1774,0.1647,0.15201,0.13931,0.12887,0.12887,0.11756,0.11254,0.11254,-1.081,0.11295,0.12564,0.12887,0.12887,0.12887,0.12887,0.14013,0.14519,0.14519,0.14519,-1.0937,0.14519,0.14519,0.15099,0.16152,0.16152,0.16152,0.16152,0.16548,0.17785,0.17785,-1.0956,0.17785,0.1836,0.19417,0.19417,0.19417,0.20172,0.2105,0.2105,0.2105,0.21985,-1.1027,0.22683,0.22891,0.2416,0.24315,0.25066,0.25948,0.25972,0.27242,0.28511,0.29213,-1.112,0.29417,0.30687,0.31956,0.33226,0.34111,0.34132,0.35401,0.3667,0.3794,0.39209,-1.112,0.40479,0.41748,0.43017,0.44287,0.45556,0.46826,0.48095,0.49364,0.50634,0.51903,-1.112,0.54275,0.56075,0.57344,0.58613,0.59883,0.62071,0.64054,0.65324,0.66593,0.67863,-1.112,0.69867,0.72034,0.73303,0.74573,0.75842,0.77112,0.78569,0.81108,0.82552,0.83822,-1.1172,0.85091,0.86361,0.8763,0.88899,0.89622,0.89622,0.89622,0.89622,-0.70739,-1.1299,-1.1426,-1.2516,-1.322,-1.344,-1.3567,-1.4193,-1.4562,-1.4816,-1.5134,-0.73278,-1.5895,-1.6231,-1.6765,-1.7358,-1.7485,-1.8234,-1.8643,-1.8897,-1.9135,-1.9262,-0.73645,-1.992,-2.0332,-2.0493,-2.0747,-2.0876,-2.1267,-2.162,-2.1747,-2.1874,-2.1895,-0.7509,-2.141,-2.0719,-2.0592,-2.0465,-2.0338,-2.0161,-1.9921,-1.9794,-1.9562,-1.9308,-0.7691,-1.9054,-1.8801,-1.8547,-1.8293,-1.8039,-1.7771,-1.739,-1.7114,-1.6792,-1.6411,-0.7691,-1.603,-1.5649,-1.5268,-1.4887,-1.4507,-1.4126,-1.3745,-1.3364,-1.2983,-1.2602,4.0,4.0
-0.60541,-0.63634,-0.67895,-1.326,-1.2885,-1.2494,-1.2184,-1.1795,-1.1383,-1.097,-1.0652,-1.0293,-0.98851,-0.67932,-0.95758,-0.92041,-0.88094,-0.85001,-0.81147,-0.77337,-0.74244,-0.70253,-0.6658,-0.63487,-0.68479,-0.60394,-0.573,-0.54348,-0.52286,-0.495,-0.46684,-0.44622,-0.4256,-0.40498,-0.38436,-0.6941,-0.36374,-0.34312,-0.32353,-0.31322,-0.30291,-0.2926,-0.28229,-0.27198,-0.26167,-0.25136,-0.6941,-0.24105,-0.23587,-0.23521,-0.2249,-0.22109,-0.22109,-0.22109,-0.21322,-0.20631,-0.20631,-0.6941,-0.19707,-0.18676,-0.17645,-0.16614,-0.15583,-0.14386,-0.12324,-0.10262,-0.085029,-0.074719,-0.69647,-0.05554,-0.030522,0.000408,0.021102,0.041722,0.063636,0.094566,0.1255,0.15643,0.18736,-0.70678,0.21829,0.24922,0.28015,0.32095,0.35679,0.38772,0.41865,0.45634,0.49529,0.52622,-0.71709,0.56528,0.60287,0.6338,0.67422,0.71044,0.74137,0.7723,0.80962,0.84894,0.87987,-0.72367,0.9108,0.94173,0.97266,1.0036,1.0345,1.0655,1.0964,1.1213,1.1435,1.1744,-0.64976,-0.72367,1.1979,1.2186,1.2392,1.2686,1.2952,1.3158,1.3364,1.3514,1.3629,1.3835,-0.73324,1.4041,1.4248,1.4454,1.4576,1.4679,1.4782,1.4983,1.5136,1.5239,1.5343,-0.74355,1.5446,1.5549,1.5652,1.5755,1.5858,1.5961,1.6064,1.6118,1.6123,1.6226,-0.75323,1.6329,1.6414,1.6414,1.649,1.6562,1.6562,1.6471,1.6368,1.6266,1.6266,-0.75323,1.6207,1.6104,1.6001,1.5898,1.5794,1.5691,1.5502,1.5337,1.5234,1.5031,-0.7597,1.4825,1.4619,1.4412,1.4206,1.3976,1.3666,1.3357,1.3086,1.288,1.2577,-0.77001,1.2268,1.1958,1.1649,1.134,1.101,1.0597,1.0264,0.99546,0.96453,0.92433,-0.78032,0.88789,0.85696,0.82603,0.7951,0.76247,0.72123,0.68753,0.6566,0.62567,0.59474,-0.79063,0.56824,0.54762,0.51673,0.4916,0.46965,0.43872,0.41496,0.39434,0.37372,0.3531,-0.80094,0.33654,0.32623,0.30602,0.29083,0.28052,0.27021,0.2599,0.24959,0.23928,0.22897,-0.65113,-0.81125,0.21866,0.20835,0.20757,0.20251,0.1922,0.18189,0.17801,0.17801,0.17801,0.17021,-0.81235,0.16323,0.16323,0.16323,0.16323,0.163,0.15269,0.14844,0.14844,0.14844,0.14844,-0.82182,0.14844,0.14844,0.14844,0.14844,0.14844,0.14844,0.14844,0.14844,0.14844,0.14844,-0.84192,0.14844,0.14844,0.15687,0.16323,0.16323,0.16323,0.16855,0.17801,0.17801,0.1847,-0.84192,0.19279,0.19279,0.20085,0.20757,0.20757,0.21699,0.22235,0.22283,0.23314,0.24345,-0.86631,0.25192,0.25192,0.2596,0.2667,0.2667,0.2667,0.27128,0.28148,0.28148,0.28148,-0.90267,0.28296,0.29327,0.29626,0.29626,0.29626,0.29626,0.30047,0.31078,0.31104,0.31104,-0.91298,0.31104,0.31104,0.31799,0.32582,0.32582,0.32582,0.32967,0.33998,0.3406,0.3406,-0.96061,0.3406,0.3406,0.3406,0.3406,0.3406,0.34855,0.35539,0.35539,0.34607,0.3406,-1.0195,0.3406,0.3406,0.3406,0.34234,0.35265,0.34781,0.34371,0.35402,-0.66144,-1.071,-1.0961,-1.1341,-1.196,-1.2171,-1.2434,-1.2731,-1.2937,-1.3356,-1.3819,-0.66454,-1.4129,-1.4353,-1.4599,-1.4909,-1.5218,-1.5634,-1.6132,-1.6441,-1.6684,-1.7025,-0.66454,-1.785,-1.827,-1.8688,-1.9307,-1.9925,-2.0294,-2.0397,-2.05,-2.0413,-2.0244,-0.66454,-2.0244,-2.0167,-2.0064,-1.9961,-1.9858,-1.9709,-1.9504,-1.9401,-1.9238,-1.9032,-0.66454,-1.8825,-1.8619,-1.8413,-1.8207,-1.8001,-1.7794,-1.7588,-1.7281,-1.7028,-1.681,-0.66864,-1.6501,-1.6192,-1.5882,-1.5573,-1.5264,-1.4954,-1.4645,-1.4336,-1.3974,-1.3569,4.0,4.0
-2.2626,-1.8768,-1.6272,-0.73169,-0.71963,-0.71814,-0.71814,-0.71055,-0.70459,-0.70459,-0.70459,-0.70459,-0.70459,-1.6151,-0.70459,-0.70459,-0.70459,-0.70459,-0.70459,-0.69985,-0.69104,-0.68928,-0.67749,-0.67749,-1.6031,-0.66666,-0.6546,-0.6504,-0.64403,-0.63197,-0.61992,-0.60975,-0.60935,-0.59729,-0.59621,-1.5988,-0.58672,-0.58266,-0.57616,-0.56911,-0.56911,-0.56708,-0.55556,-0.55556,-0.54445,-0.54202,-1.5925,-0.53389,-0.52183,-0.51492,-0.51492,-0.51492,-0.51424,-0.50218,-0.50137,-0.50137,-0.49311,-1.5852,-0.48782,-0.48254,-0.47048,-0.46073,-0.45992,-0.44786,-0.4358,-0.41385,-0.39814,-0.38608,-1.5852,-0.3686,-0.34449,-0.32037,-0.29626,-0.27214,-0.25954,-0.23746,-0.21334,-0.18923,-0.16511,-1.5834,-0.141,-0.11946,-0.10632,-0.0822,-0.058085,-0.03397,-0.018525,0.000713,0.019138,0.031196,-1.5717,0.043253,0.055311,0.067368,0.079426,0.091484,0.10354,0.10828,0.11411,0.12183,0.12183,-1.5717,0.12319,0.13524,0.13538,0.13538,0.13538,0.13538,0.13538,0.13538,0.13538,0.13538,-1.7974,-1.5717,0.13538,0.13538,0.13538,0.13538,0.14297,0.14893,0.14893,0.15204,0.16247,0.16247,-1.5623,0.16247,0.17318,0.17602,0.18374,0.18957,0.19431,0.20637,0.21667,0.21694,0.22899,-1.5581,0.23021,0.23956,0.25162,0.25731,0.26219,0.27086,0.27275,0.28441,0.28441,0.29538,-1.5517,0.29795,0.30595,0.318,0.32505,0.32857,0.34063,0.35269,0.36474,0.36569,0.37531,-1.5446,0.38737,0.39279,0.39794,0.40634,0.4085,0.41988,0.41988,0.43113,0.43343,0.43343,-1.5446,0.44021,0.44698,0.44698,0.44928,0.46053,0.46053,0.46053,0.47042,0.47408,0.47408,-1.5446,0.47408,0.478,0.48762,0.48762,0.48762,0.49914,0.50117,0.50971,0.51472,0.52027,-1.5446,0.52827,0.53084,0.5429,0.55496,0.56701,0.57907,0.59113,0.60319,0.62093,0.64085,-1.5446,0.65562,0.67851,0.69057,0.71442,0.73853,0.75384,0.77321,0.79733,0.82144,0.84556,-1.5446,0.86967,0.89379,0.9179,0.94202,0.96614,0.99025,1.0144,1.034,1.049,1.0717,-1.7612,-1.5446,1.0837,1.0958,1.1078,1.1199,1.132,1.1379,1.1425,1.1515,1.1515,1.1515,-1.5446,1.1515,1.1515,1.1515,1.1515,1.1515,1.1515,1.1515,1.1515,1.1515,1.1515,-1.5446,1.1406,1.1379,1.1379,1.1379,1.1379,1.1379,1.1379,1.1375,1.1255,1.1134,-1.5395,1.1108,1.1108,1.1043,1.0973,1.0973,1.0952,1.0837,1.0837,1.0837,1.0837,-1.531,1.0756,1.0702,1.0702,1.0665,1.0566,1.0566,1.0566,1.0566,1.0664,1.0784,-1.531,1.0905,1.1026,1.1146,1.1267,1.1387,1.1508,1.1629,1.1749,1.187,1.199,-1.531,1.2111,1.2271,1.2487,1.2608,1.2729,1.2964,1.3105,1.3311,1.3482,1.3602,-1.531,1.3764,1.3979,1.41,1.422,1.4457,1.4597,1.4717,1.4838,1.4959,1.5079,-1.531,1.52,1.532,1.5441,1.5561,1.5682,1.5803,1.5923,1.6044,1.6164,1.6285,-1.5214,1.6378,1.6258,1.578,1.6028,1.63,1.6541,1.6782,1.7023,-1.7326,-1.5175,-1.5108,-1.5039,-1.5003,-1.4904,-1.4897,-1.4776,-1.4768,-1.4768,-1.4686,-1.7085,-1.4633,-1.4633,-1.4595,-1.4474,-1.4362,-1.4362,-1.4248,-1.4127,-1.4007,-1.3886,-1.6844,-1.3766,-1.3606,-1.3389,-1.3268,-1.3148,-1.2912,-1.2671,-1.243,-1.2189,-1.1948,-1.6634,-1.1706,-1.1439,-1.1089,-1.0847,-1.0606,-1.0264,-0.99885,-0.96755,-0.93707,-0.91296,-1.6513,-0.89155,-0.87827,-0.85416,-0.84183,-0.82977,-0.81771,-0.81297,-0.80715,-0.79509,-0.78588,-1.6393,-0.78452,-0.77246,-0.76041,-0.74835,-0.74523,-0.74523,-0.73927,-0.73169,-0.73169,-0.73169,3.0,5.0
0.88909,0.86255,0.88909,0.15021,0.017523,-0.12453,-0.49605,-0.74269,-0.84884,-0.93105,-1.0107,-1.0903,-1.1699,0.88909,-1.2443,-1.2974,-1.3504,-1.402,-1.4285,-1.442,-1.442,-1.442,-1.442,-1.442,0.88909,-1.4212,-1.3947,-1.3681,-1.3244,-1.2714,-1.2183,-1.1652,-1.1121,-1.0591,-0.9961,0.87712,-0.91648,-0.83687,-0.75726,-0.67765,-0.58035,-0.4768,-0.39719,-0.30353,-0.19738,-0.065731,0.85058,0.056548,0.1627,0.26885,0.38176,0.51445,0.62892,0.73507,0.84122,0.94737,1.0535,0.82405,1.1336,1.2133,1.2929,1.3725,1.4448,1.4979,1.551,1.6004,1.6269,1.6535,0.78918,1.68,1.7065,1.7331,1.7596,1.7633,1.7633,1.7633,1.744,1.7175,1.6909,0.73611,1.4927,1.1789,1.0993,1.0077,0.90158,0.79543,0.68928,0.58313,0.20016,-0.21195,0.70281,-0.3181,-0.40811,-0.48877,-0.59491,-0.67609,-0.72916,-0.80617,-0.88578,-0.9654,-1.0247,0.6669,-1.0778,-1.1309,-1.1839,-1.2355,-1.262,-1.2885,-1.3151,-1.3416,-1.3681,-1.3947,0.84746,0.58729,-1.4004,-1.4004,-1.4004,-1.3832,-1.3567,-1.3302,-1.3036,-1.2771,-1.2505,-1.2141,0.52381,-1.161,-1.108,-1.0549,-1.0018,-0.93105,-0.85404,-0.80097,-0.73385,-0.65423,-0.57462,0.4697,-0.50542,-0.45234,-0.37741,-0.2978,-0.21819,-0.13858,-0.062089,-0.009014,0.05863,0.13824,0.39008,0.21785,0.29746,0.37708,0.43431,0.49467,0.57428,0.6539,0.72987,0.78294,0.83601,0.29798,0.88909,0.9687,1.0369,1.0899,1.143,1.1883,1.2148,1.2606,1.3095,1.3361,0.19184,1.3626,1.3891,1.4157,1.4302,1.4302,1.4537,1.4719,1.4719,1.4719,1.4719,0.10962,1.4719,1.4557,1.4302,1.4302,1.4178,1.3912,1.3647,1.3381,1.3116,1.2851,0.021165,1.2377,1.105,1.0223,0.96922,0.91615,0.86307,0.81,0.73247,0.66222,0.60915,-0.084984,0.55607,0.49727,0.41766,0.35522,0.30007,0.22045,-0.04856,-0.49969,-0.57618,-0.62926,-0.19113,-0.68233,-0.73541,-0.78848,-0.84155,-0.89463,-0.9451,-0.97164,-1.0122,-1.0653,-1.0929,0.84746,-0.29728,-1.1194,-1.146,-1.1725,-1.199,-1.2256,-1.2521,-1.2755,-1.2755,-1.2755,-1.2755,-0.40343,-1.2755,-1.2755,-1.2755,-1.2755,-1.2755,-1.2755,-1.2568,-1.2339,-1.2339,-1.2188,-0.52623,-1.1923,-1.1657,-1.1392,-1.1127,-1.0632,-1.0179,-0.99141,-0.94562,-0.89671,-0.87017,-0.65579,-0.82803,-0.77547,-0.74893,-0.71043,-0.65736,-0.6277,-0.59283,-0.53976,-0.50646,-0.47992,-0.73541,-0.45338,-0.42685,-0.39927,-0.34619,-0.30561,-0.27907,-0.25253,-0.226,-0.19946,-0.17292,-0.82803,-0.14638,-0.11985,-0.093309,-0.066772,-0.040235,-0.013697,0.01284,0.039377,0.065914,0.092451,-0.93418,0.11899,0.14553,0.17206,0.18143,0.18351,0.21005,0.22306,0.22306,0.19808,0.18143,-1.0159,0.18143,0.18143,0.17519,0.14865,0.1398,0.1372,0.11066,0.098175,0.098175,0.098175,-1.0861,0.098175,0.098175,0.076321,0.056548,0.056548,0.056548,0.056548,0.056548,0.056548,0.056548,-1.1392,0.056548,0.056548,0.056548,0.056548,0.056548,0.056548,0.056548,0.052906,0.84746,-1.1923,-1.2453,-1.2984,-1.3343,-1.3609,-1.3874,-1.4004,-1.4004,-1.3754,-1.3489,0.85527,-1.3223,-1.2958,-1.2568,-1.1772,-1.0976,-1.0179,-0.93834,-0.84468,-0.73853,-0.60688,0.8818,-0.4742,-0.34151,-0.20882,-0.069374,0.08985,0.23086,0.36355,0.49623,0.62892,0.76161,0.88909,0.89429,1.027,1.1597,1.27,1.3688,1.4485,1.5468,1.6457,1.6987,1.7518,0.88909,1.8049,1.858,1.8881,1.8881,1.8881,1.8881,1.8881,1.8689,1.8423,1.8158,0.88909,1.68,1.4698,1.3636,1.1976,0.95881,0.83705,0.72258,0.58989,0.43744,0.2829,2.0,2.0
-0.84539,-0.86049,-0.84539,-1.8002,-1.7703,-1.7365,-1.7179,-1.6842,-1.6504,-1.6167,-1.5829,-1.5492,-1.5155,-0.84539,-1.4817,-1.448,-1.4142,-1.3805,-1.3527,-1.3281,-1.2944,-1.2719,-1.242,-1.2082,-0.84539,-1.1896,-1.1559,-1.1221,-1.0952,-1.0697,-1.036,-1.0144,-0.9836,-0.95046,-0.93122,-0.84539,-0.89747,-0.86966,-0.84509,-0.82082,-0.7927,-0.77198,-0.74032,-0.70805,-0.68793,-0.65921,-0.84539,-0.64234,-0.6169,-0.5935,-0.57663,-0.55976,-0.54289,-0.52602,-0.51327,-0.50738,-0.49051,-0.8569,-0.47364,-0.45677,-0.4399,-0.42303,-0.42125,-0.40438,-0.38751,-0.3774,-0.36887,-0.352,-0.86049,-0.33513,-0.31826,-0.31648,-0.29961,-0.28274,-0.26587,-0.249,-0.22273,-0.20016,-0.17035,-0.86049,-0.15133,-0.11796,-0.084221,-0.055425,-0.031836,0.001905,0.035646,0.069386,0.11694,0.15196,-0.86049,0.18571,0.22348,0.26828,0.29444,0.32067,0.35441,0.38815,0.40721,0.43918,0.45918,-0.86049,0.48801,0.51157,0.54531,0.56882,0.58569,0.61634,0.63453,0.6514,0.67227,0.70023,-0.86049,-0.86049,0.71711,0.73398,0.75085,0.76772,0.79923,0.81655,0.83652,0.86539,0.8889,0.91423,-0.86049,0.94129,0.96307,0.99367,1.0123,1.0439,1.0607,1.0833,1.1096,1.1264,1.1433,-0.86049,1.173,1.1922,1.2103,1.241,1.2627,1.2964,1.3218,1.3488,1.3706,1.3875,-0.86049,1.4195,1.4363,1.4532,1.4701,1.487,1.5038,1.5207,1.5376,1.569,1.5864,-0.86049,1.6033,1.6201,1.637,1.6539,1.6708,1.6876,1.7045,1.721,1.7231,1.74,-0.86049,1.7569,1.7738,1.7906,1.7965,1.8093,1.8116,1.7965,1.7935,1.7767,1.7598,-0.85966,1.7429,1.716,1.6941,1.6636,1.6301,1.6112,1.5775,1.5493,1.5251,1.4913,-0.84539,1.4685,1.4389,1.4052,1.3715,1.3377,1.304,1.2702,1.2365,1.2028,1.1808,-0.84539,1.1504,1.1169,1.098,1.0681,1.0456,1.0192,0.99322,0.97039,0.94084,0.9071,-0.84539,0.88845,0.85471,0.82097,0.78723,0.75349,0.72975,0.7011,0.65381,0.61852,0.58478,-0.85517,-0.84539,0.55482,0.5324,0.49866,0.46492,0.43118,0.39744,0.36369,0.34614,0.32927,0.3124,-0.84539,0.29553,0.27866,0.27176,0.27176,0.28527,0.28685,0.28685,0.28685,0.28685,0.28685,-0.83392,0.28685,0.28685,0.28685,0.27247,0.27176,0.27176,0.26715,0.25666,0.25666,0.25666,-0.83029,0.25666,0.24319,0.24156,0.24156,0.24156,0.24156,0.24156,0.24156,0.24156,0.24156,-0.83029,0.24156,0.24156,0.24156,0.24156,0.24156,0.24156,0.25145,0.25666,0.25666,0.25666,-0.83029,0.25855,0.27176,0.27719,0.28685,0.28685,0.29761,0.30195,0.30195,0.31705,0.31705,-0.82682,0.31705,0.32335,0.33214,0.33214,0.34377,0.34724,0.34731,0.36234,0.36234,0.36234,-0.8152,0.36951,0.37743,0.37743,0.38992,0.39253,0.39253,0.39525,0.40763,0.40763,0.40763,-0.8152,0.40763,0.40763,0.40763,0.40763,0.40763,0.40763,0.41298,0.42272,0.42272,0.42272,-0.8064,0.43518,0.43782,0.43782,0.43782,0.43782,0.44405,0.45292,0.44314,-0.84539,-0.8001,-0.8001,-0.8001,-0.8001,-0.8001,-0.8001,-0.8001,-0.8001,-0.8001,-0.81154,-0.84539,-0.8152,-0.8152,-0.8152,-0.8152,-0.8152,-0.8152,-0.82395,-0.83029,-0.83029,-0.83029,-0.84539,-0.84539,-0.85551,-0.91008,-0.92695,-0.97522,-1.0211,-1.0266,-1.0397,-1.0715,-1.0951,-0.84539,-1.1658,-1.1827,-1.2273,-1.2681,-1.2786,-1.2955,-1.3123,-1.3889,-1.3914,-1.4253,-0.84539,-1.4855,-1.5024,-1.548,-1.6155,-1.6435,-1.72,-1.744,-1.8284,-1.9127,-1.9694,-0.84539,-2.021,-2.0427,-2.0258,-1.9949,-1.9763,-1.9425,-1.913,-1.8902,-1.8564,-1.8227,4.0,4.0
0.81312,0.81312,0.69698,-0.91933,-0.85148,-0.78363,-0.71579,-0.63788,-0.54138,-0.47354,-0.38565,-0.29913,-0.23041,0.69698,-0.12472,-0.056877,0.021809,0.11753,0.21577,0.29193,0.35978,0.46634,0.53419,0.60203,0.69698,0.70859,0.77644,0.84429,0.91213,0.97998,1.0478,1.1157,1.1835,1.2514,1.3192,0.66669,1.3871,1.4549,1.5227,1.5906,1.6261,1.6876,1.7167,1.7423,1.7423,1.7191,0.65826,1.6513,1.5834,1.5156,1.4477,1.3799,1.3077,1.2055,1.1137,1.0168,0.91978,0.65826,0.78408,0.68711,0.59013,0.45957,0.35746,0.22177,0.10117,-0.010904,-0.1466,-0.24357,0.65826,-0.36378,-0.47034,-0.53819,-0.64475,-0.75131,-0.82544,-0.92571,-0.99356,-1.0777,-1.168,0.65826,-1.2358,-1.3037,-1.3549,-1.4006,-1.4685,-1.5363,-1.5871,-1.5797,-1.5118,-1.444,0.63717,-1.3761,-1.3083,-1.2405,-1.1726,-1.1048,-1.0369,-0.93171,-0.86251,-0.75595,-0.64939,0.61955,-0.58155,-0.47499,-0.36843,-0.26187,-0.15589,-0.05891,0.057813,0.17376,0.27093,0.40643,0.79357,0.61955,0.52277,0.6391,0.73608,0.87177,0.96875,1.0556,1.1621,1.23,1.2978,1.3657,0.58848,1.4325,1.4626,1.5305,1.5983,1.6648,1.6648,1.6052,1.5761,1.5082,1.4404,0.58084,1.3725,1.3047,1.1981,1.1303,1.0408,0.94378,0.8468,0.74276,0.61413,0.51715,0.58084,0.38436,0.28448,0.14879,0.051812,-0.080589,-0.18086,-0.29371,-0.40027,-0.50683,-0.60749,0.57851,-0.70446,-0.78779,-0.89435,-0.9622,-1.0537,-1.1366,-1.2432,-1.311,-1.3789,-1.4611,0.54212,-1.5533,-1.6211,-1.689,-1.7568,-1.8246,-1.8925,-1.9108,-1.8817,-1.8138,-1.7807,0.54212,-1.742,-1.6877,-1.6199,-1.552,-1.4842,-1.3776,-1.3098,-1.2419,-1.1353,-1.0511,0.54212,-0.96094,-0.85719,-0.76021,-0.66323,-0.57342,-0.46928,-0.3723,-0.27532,-0.17834,-0.04265,0.54212,0.054329,0.15131,0.27906,0.38398,0.49218,0.59874,0.7053,0.77315,0.87971,0.94755,0.54212,1.0154,1.0832,1.1511,1.2189,1.2481,1.3159,1.3838,1.4325,1.4713,1.5099,0.77441,0.54212,1.5487,1.6069,1.6747,1.742,1.6741,1.6063,1.5384,1.4706,1.4027,1.3147,0.54212,1.2177,1.0831,0.98501,0.84932,0.71363,0.57793,0.44224,0.30655,0.15944,-0.003549,0.54212,-0.13924,-0.29632,-0.44934,-0.58503,-0.72072,-0.85642,-0.99211,-1.1252,-1.2248,-1.4491,0.54212,-1.6771,-1.7837,-1.7873,-1.7194,-1.6516,-1.5838,-1.5484,-1.4868,-1.4189,-1.3511,0.54212,-1.2832,-1.2154,-1.1475,-1.0755,-0.97314,-0.90529,-0.82331,-0.73089,-0.66304,-0.55648,0.54212,-0.47412,-0.38207,-0.28016,-0.20767,-0.13982,-0.033262,0.034584,0.10243,0.17028,0.23812,0.54212,0.30597,0.37381,0.44166,0.4647,0.42947,0.42598,0.38727,0.38727,0.38727,0.36123,0.54212,0.34855,0.34855,0.34855,0.34855,0.34855,0.35581,0.38727,0.38727,0.38727,0.38727,0.54212,0.38727,0.38727,0.38727,0.3953,0.42598,0.42598,0.42598,0.42598,0.42598,0.42598,0.54212,0.42598,0.42598,0.42598,0.42598,0.42598,0.42598,0.38765,0.38727,0.77441,0.54212,0.54212,0.54212,0.54212,0.54212,0.54212,0.54212,0.54212,0.54212,0.54212,0.74489,0.58084,0.52751,0.45966,0.39182,0.32397,0.25612,0.18828,0.12043,0.052586,-0.01526,0.73569,-0.083106,-0.18589,-0.25751,-0.34113,-0.43192,-0.49976,-0.59335,-0.67417,-0.74202,-0.80986,0.73569,-0.87771,-0.94555,-1.0134,-1.0812,-1.1226,-1.1782,-1.2461,-1.3139,-1.3818,-1.4496,0.73492,-1.4787,-1.5466,-1.5871,-1.6259,-1.6727,-1.7405,-1.7697,-1.7626,-1.6948,-1.6269,0.69698,-1.5591,-1.5097,-1.4621,-1.3942,-1.3264,-1.2586,-1.1907,-1.1229,-1.055,-0.98717,0.0,2.0
0.46992,0.45214,0.34782,1.7902,1.8385,1.8868,1.9656,2.0139,2.0672,2.1411,2.1894,2.2377,2.286,0.34782,2.2687,2.2204,2.1721,2.0986,2.0449,1.9665,1.9004,1.8343,1.7377,1.6508,0.34782,1.575,1.4784,1.3817,1.3049,1.219,1.1472,1.0563,0.95971,0.8631,0.76648,0.34782,0.64774,0.55211,0.47664,0.39444,0.31561,0.24784,0.15794,0.085138,0.000275,-0.077567,0.31729,-0.12687,-0.17517,-0.24531,-0.30232,-0.37749,-0.44358,-0.53882,-0.60628,-0.66596,-0.71427,0.31729,-0.76258,-0.78165,-0.82866,-0.87697,-0.92528,-0.97359,-1.0219,-1.0702,-1.1185,-1.1668,0.32706,-1.2151,-1.2634,-1.3117,-1.36,-1.3922,-1.3617,-1.3404,-1.2921,-1.2438,-1.1955,0.34782,-1.1472,-1.0989,-1.0506,-1.0023,-0.92345,-0.87514,-0.81096,-0.748,-0.69969,-0.65138,0.36262,-0.60308,-0.55477,-0.50646,-0.43991,-0.37932,-0.30773,-0.25218,-0.20387,-0.15556,-0.10725,0.37834,-0.058946,-0.010638,0.037669,0.085977,0.13428,0.18259,0.2309,0.27921,0.32752,0.37582,0.43939,0.37834,0.42413,0.47244,0.52075,0.57661,0.64789,0.72672,0.77503,0.82334,0.87165,0.91995,0.37834,0.99879,1.0471,1.1104,1.1742,1.2425,1.3014,1.3497,1.398,1.4162,1.4641,0.37834,1.5124,1.5607,1.5994,1.6268,1.6751,1.7215,1.7412,1.7895,1.8378,1.8861,0.37834,1.9344,1.9827,2.0225,1.9742,1.8953,1.8199,1.709,1.5657,1.4497,1.3047,0.37834,1.1598,1.0454,0.90049,0.80281,0.6717,0.54853,0.42138,0.29798,0.19763,0.10101,0.37834,0.004396,-0.085885,-0.15831,-0.2663,-0.38207,-0.47868,-0.5753,-0.67191,-0.75983,-0.83462,0.38277,-0.90071,-0.99633,-1.0634,-1.16,-1.2566,-1.3422,-1.4193,-1.4854,-1.5482,-1.5965,0.40887,-1.6753,-1.7236,-1.7719,-1.8202,-1.8685,-1.9168,-1.9652,-1.9829,-1.9742,-1.9259,0.40887,-1.8775,-1.8292,-1.7809,-1.7068,-1.6538,-1.6051,-1.5266,-1.4783,-1.4068,-1.3512,0.40887,-1.3029,-1.2546,-1.1757,-1.1274,-1.0791,-1.0308,-0.98252,-0.93413,-0.85537,-0.80707,0.41658,0.43939,-0.75876,-0.71045,-0.66214,-0.61384,-0.56553,-0.497,-0.40786,-0.33429,-0.23768,-0.17136,0.44115,-0.092525,-0.013691,0.034617,0.082924,0.13123,0.21007,0.25837,0.30668,0.35499,0.4033,0.46992,0.4516,0.49991,0.53097,0.566,0.61431,0.66262,0.71092,0.75923,0.74282,0.69452,0.46992,0.63934,0.56738,0.47664,0.40971,0.33087,0.25204,0.20373,0.15542,0.13413,0.10361,0.49449,0.071553,0.023246,0.005464,-0.042843,-0.091151,-0.11008,-0.15724,-0.20555,-0.25386,-0.26271,0.50045,-0.26271,-0.26271,-0.23218,-0.23218,-0.23218,-0.23218,-0.23218,-0.23218,-0.26271,-0.26271,0.50045,-0.28408,-0.30186,-0.32376,-0.35429,-0.3552,-0.38481,-0.38481,-0.38481,-0.38481,-0.38481,0.50045,-0.38481,-0.38481,-0.38481,-0.41534,-0.41534,-0.41534,-0.41534,-0.41534,-0.41534,-0.41534,0.49633,-0.41534,-0.44381,-0.44587,-0.44587,-0.44587,-0.43785,-0.41534,-0.41534,-0.41534,-0.41534,0.44802,-0.38481,-0.38481,-0.38481,-0.38481,-0.38481,-0.38481,-0.38481,-0.38481,0.40887,0.39971,0.3514,0.2889,0.22281,0.1262,0.02958,-0.091304,-0.19418,-0.3201,-0.43449,0.38101,-0.54889,-0.67222,-0.76883,-0.83881,-0.91765,-0.9671,-1.0448,-1.0931,-1.1654,-1.2202,0.37834,-1.2975,-1.3474,-1.3957,-1.444,-1.4923,-1.5406,-1.5143,-1.4829,-1.4532,-1.4168,0.37598,-1.3685,-1.2897,-1.2414,-1.1466,-1.0532,-0.98389,-0.88727,-0.76464,-0.66352,-0.56637,0.34782,-0.43976,-0.30705,-0.18548,-0.047728,0.097195,0.21159,0.35652,0.48076,0.61584,0.73504,0.34782,0.86218,0.9588,1.0554,1.152,1.2486,1.3453,1.4419,1.5385,1.6325,1.7012,0.0,0.0
-1.9476,-1.8528,-1.657,-0.76949,-0.75483,-0.74017,-0.7255,-0.71713,-0.70927,-0.69461,-0.67995,-0.66529,-0.66372,-1.6423,-0.64906,-0.63859,-0.63283,-0.6255,-0.6166,-0.61241,-0.60037,-0.59879,-0.58413,-0.57314,-1.6277,-0.5679,-0.56005,-0.55167,-0.54696,-0.54696,-0.54696,-0.54539,-0.53387,-0.53387,-0.53387,-1.613,-0.53387,-0.52444,-0.52078,-0.52078,-0.52078,-0.51816,-0.50769,-0.50769,-0.50036,-0.4946,-1.5983,-0.4946,-0.48256,-0.48099,-0.46842,-0.46842,-0.46318,-0.45533,-0.44695,-0.44224,-0.43072,-1.5837,-0.42915,-0.42758,-0.41606,-0.41606,-0.40978,-0.40297,-0.39355,-0.38988,-0.37731,-0.37574,-1.569,-0.3637,-0.35951,-0.35061,-0.34328,-0.33752,-0.32705,-0.32443,-0.31134,-0.30925,-0.29825,-1.5544,-0.29302,-0.28516,-0.27678,-0.27207,-0.26055,-0.25898,-0.25741,-0.24589,-0.24118,-0.2328,-1.5397,-0.22495,-0.21971,-0.20872,-0.19406,-0.18044,-0.18044,-0.17625,-0.16735,-0.16735,-0.16735,-1.525,-0.15688,-0.15426,-0.15426,-0.15217,-0.14117,-0.13594,-0.12808,-0.11971,-0.11499,-0.10347,-1.8266,-1.5104,-0.088814,-0.087243,-0.072582,-0.062634,-0.056351,-0.04169,-0.02703,-0.012369,-0.010275,0.003863,-1.4957,0.018523,0.033184,0.042085,0.049415,0.064076,0.078737,0.081354,0.094968,0.10963,0.12062,-1.4894,0.12586,0.14052,0.1468,0.15675,0.17141,0.17298,0.18607,0.18921,0.20388,0.21225,-1.4894,0.22011,0.23477,0.23843,0.251,0.25257,0.26461,0.2688,0.2777,0.28503,0.29079,-1.4779,0.30126,0.30388,0.31697,0.31907,0.33006,0.33006,0.33687,0.34315,0.3531,0.35624,-1.4763,0.36933,0.3709,0.38242,0.38713,0.40179,0.4086,0.41803,0.42169,0.43426,0.43583,-1.4632,0.45049,0.46096,0.46672,0.48138,0.49604,0.50023,0.51227,0.52693,0.54159,0.55625,-1.4632,0.57092,0.58558,0.60024,0.6149,0.62956,0.64422,0.65888,0.67354,0.6882,0.70286,-1.4632,0.70967,0.71909,0.73375,0.74841,0.74998,0.76203,0.76622,0.77512,0.78245,0.78821,-1.457,0.78821,0.80025,0.81491,0.82957,0.84423,0.85366,0.86046,0.86675,0.87669,0.89136,-1.8073,-1.4502,0.89293,0.90759,0.91911,0.92382,0.93848,0.94529,0.95471,0.95838,0.97094,0.98455,-1.4407,0.98717,1.0018,1.0107,1.0181,1.0238,1.0343,1.0369,1.05,1.0521,1.0631,-1.4371,1.0683,1.0762,1.0846,1.0893,1.1008,1.1024,1.1039,1.1155,1.1155,1.1217,-1.4245,1.1285,1.1285,1.1285,1.1411,1.1416,1.1416,1.1458,1.1547,1.1547,1.1547,-1.4229,1.1652,1.1678,1.1809,1.183,1.194,1.194,1.2008,1.2071,1.2071,1.2186,-1.4109,1.2202,1.2348,1.2495,1.2642,1.2788,1.2935,1.3081,1.3228,1.3375,1.3521,-1.4067,1.3668,1.3814,1.3961,1.4034,1.4123,1.4165,1.4286,1.4296,1.4296,1.4333,-1.392,1.4427,1.4427,1.4427,1.4526,1.4673,1.4689,1.4966,1.5144,1.539,1.56,-1.3847,1.5972,1.6317,1.672,1.7035,1.7469,1.7883,1.8218,1.8658,1.9024,1.9406,-1.3758,1.9741,2.0035,2.0328,2.0621,2.0914,2.1155,2.1302,2.1448,-1.7842,-1.3611,-1.3465,-1.3449,-1.3303,-1.3193,-1.314,-1.2994,-1.2847,-1.28,-1.2685,-1.7617,-1.2538,-1.2392,-1.2276,-1.2229,-1.2083,-1.1936,-1.1884,-1.1774,-1.1627,-1.1611,-1.7418,-1.1491,-1.1449,-1.136,-1.1287,-1.1229,-1.1124,-1.1098,-1.0967,-1.0946,-1.08,-1.7161,-1.0706,-1.0706,-1.0622,-1.0575,-1.0459,-1.0313,-1.0297,-1.0182,-1.0135,-1.0051,-1.6994,-0.99725,-0.99201,-0.98102,-0.97892,-0.96583,-0.96322,-0.94856,-0.9339,-0.91923,-0.91347,-1.6837,-0.903,-0.88834,-0.87368,-0.85902,-0.84436,-0.8297,-0.82185,-0.81347,-0.79881,-0.78415,3.0,5.0
-1.9932,-1.905,-1.7258,-0.80556,-0.79219,-0.77882,-0.76544,-0.75207,-0.7387,-0.72532,-0.71195,-0.69858,-0.69646,-1.699,-0.6843,-0.67152,-0.67003,-0.65905,-0.65575,-0.64658,-0.64147,-0.63412,-0.63412,-0.62629,-1.6723,-0.62165,-0.62165,-0.61111,-0.60918,-0.59683,-0.59671,-0.59503,-0.58424,-0.58424,-0.57984,-1.6573,-0.57177,-0.56557,-0.5593,-0.55129,-0.54683,-0.53701,-0.52364,-0.51027,-0.49696,-0.49599,-1.6312,-0.48262,-0.46925,-0.45587,-0.44708,-0.4416,-0.42822,-0.41485,-0.40968,-0.40058,-0.3872,-1.6045,-0.37383,-0.36046,-0.35955,-0.34618,-0.33281,-0.31943,-0.30606,-0.29269,-0.27932,-0.26594,-1.5778,-0.25257,-0.2392,-0.23511,-0.22492,-0.21155,-0.19818,-0.18524,-0.1839,-0.17053,-0.1603,-1.5539,-0.15625,-0.14783,-0.14197,-0.13536,-0.1277,-0.1229,-0.11342,-0.11043,-0.099142,-0.097958,-1.5367,-0.084865,-0.07302,-0.070589,-0.060551,-0.060551,-0.055408,-0.048082,-0.048082,-0.040227,-0.035614,-1.5147,-0.035614,-0.025046,-0.023145,-0.01077,-0.009866,0.001793,0.004411,0.014261,0.018688,0.032061,-1.8917,-1.4957,0.045433,0.051668,0.05971,0.073083,0.086456,0.089074,0.10073,0.11411,0.12648,0.12838,-1.4755,0.14175,0.15142,0.15603,0.1694,0.17636,0.18368,0.18882,0.19796,0.20129,0.20129,-1.4621,0.21314,0.21376,0.21495,0.22623,0.22922,0.2387,0.2387,0.2387,0.24531,0.25117,-1.4487,0.25117,0.26049,0.26364,0.27477,0.28814,0.28904,0.30104,0.30332,0.31351,0.3176,-1.4354,0.33097,0.34434,0.35771,0.36339,0.37199,0.38536,0.39874,0.42342,0.43795,0.45132,-1.422,0.4647,0.47807,0.49144,0.50481,0.51819,0.53156,0.54493,0.55831,0.57168,0.58505,-1.4086,0.59842,0.6118,0.62517,0.63854,0.65192,0.66529,0.67866,0.69203,0.70541,0.71878,-1.3952,0.73215,0.74552,0.7589,0.77227,0.78564,0.79902,0.79992,0.81329,0.82667,0.8372,-1.3822,0.84094,0.84967,0.85522,0.86214,0.8695,0.87461,0.87461,0.88468,0.88708,0.89895,-1.3822,0.91201,0.91201,0.91201,0.91201,0.91201,0.91685,0.92448,0.92448,0.92448,0.92448,-1.8756,-1.3822,0.92448,0.93474,0.93695,0.93695,0.93695,0.93695,0.93926,0.94942,0.94942,0.94942,-1.3822,0.94942,0.94942,0.94942,0.94942,0.94942,0.94942,0.96077,0.96189,0.96189,0.96189,-1.3822,0.96189,0.96189,0.96189,0.96709,0.97436,0.97436,0.97436,0.97436,0.97436,0.97436,-1.3822,0.98589,0.98683,0.98683,0.98683,0.98951,0.9993,1.0038,1.0172,1.0242,1.0314,-1.3822,1.0367,1.0457,1.0492,1.06,1.0616,1.0743,1.0876,1.101,1.1173,1.1402,-1.3822,1.1536,1.1725,1.1928,1.2062,1.2278,1.2454,1.2588,1.2721,1.2855,1.2989,-1.3746,1.3123,1.3235,1.3265,1.336,1.3408,1.3484,1.3484,1.356,1.3609,1.3609,-1.3698,1.3712,1.3734,1.3855,1.3988,1.4122,1.4256,1.4422,1.4648,1.4832,1.51,-1.3698,1.5367,1.5634,1.5902,1.6169,1.6437,1.6818,1.7096,1.7371,1.7756,1.8023,-1.3698,1.8291,1.8558,1.8826,1.9032,1.9166,1.9299,1.9433,1.9567,-1.8524,-1.3586,-1.3573,-1.3448,-1.3448,-1.3448,-1.3416,-1.3324,-1.3324,-1.3264,-1.3199,-1.8345,-1.3199,-1.3199,-1.3103,-1.3074,-1.3074,-1.2951,-1.295,-1.295,-1.2924,-1.2825,-1.8132,-1.2825,-1.2825,-1.2825,-1.2754,-1.27,-1.27,-1.2602,-1.2576,-1.246,-1.2451,-1.7935,-1.2326,-1.2308,-1.2174,-1.2077,-1.2031,-1.1952,-1.1889,-1.1827,-1.1746,-1.1612,-1.7668,-1.1478,-1.1345,-1.1211,-1.1077,-1.0943,-1.0789,-1.0551,-1.0418,-1.0284,-1.0094,-1.7482,-0.98916,-0.97579,-0.95406,-0.93658,-0.91304,-0.89736,-0.87202,-0.85815,-0.84347,-0.81893,3.0,5.0
-1.9,-1.8525,-1.5929,-1.0528,-1.0919,-1.1188,-1.1283,-1.1378,-1.1469,-1.1469,-1.1386,-1.1358,-1.1307,-1.5692,-1.1212,-1.1117,-1.1017,-1.0827,-1.0637,-1.0515,-1.0368,-1.0142,-0.98776,-0.9683,-1.547,-0.93981,-0.8526,-0.80531,-0.77682,-0.74833,-0.71777,-0.68028,-0.65179,-0.6233,-0.59482,-1.5202,-0.56633,-0.54152,-0.52042,-0.49246,-0.47347,-0.45447,-0.43548,-0.42178,-0.41228,-0.40065,-1.5012,-0.38221,-0.37272,-0.36322,-0.35372,-0.34954,-0.34581,-0.33631,-0.32739,-0.32739,-0.31889,-1.4917,-0.3094,-0.30525,-0.30148,-0.29198,-0.28249,-0.27299,-0.27202,-0.26507,-0.26095,-0.25715,-1.4743,-0.24987,-0.24987,-0.24987,-0.24987,-0.25685,-0.26095,-0.26477,-0.27426,-0.28376,-0.29326,-1.4617,-0.30275,-0.31925,-0.33282,-0.34617,-0.36289,-0.37308,-0.39207,-0.4455,-0.48842,-0.51004,-1.4522,-0.51954,-0.52444,-0.51494,-0.50544,-0.50459,-0.49047,-0.47696,-0.46746,-0.45564,-0.43664,-1.4427,-0.41765,-0.32067,-0.27291,-0.24442,-0.212,-0.17637,-0.14788,-0.11939,-0.082206,-0.051336,-1.8208,-1.4365,-0.017309,0.016717,0.047587,0.084769,0.11326,0.14175,0.17024,0.19873,0.22721,0.2557,-1.4459,0.28336,0.30235,0.3301,0.35141,0.37041,0.3894,0.40596,0.41631,0.4353,0.44552,-1.4459,0.45502,0.46451,0.46997,0.47243,0.48104,0.48104,0.48985,0.49212,0.49212,0.49212,-1.4619,0.48962,0.48104,0.48104,0.47221,0.46997,0.45862,0.44372,0.43422,0.42473,0.41523,-1.4616,0.39688,0.38516,0.36996,0.35097,0.33198,0.31396,0.30446,0.28608,0.26708,0.24809,-1.457,0.23325,0.21088,0.15889,0.14939,0.12206,0.11558,0.11558,0.11558,0.11558,0.11558,-1.4537,0.11558,0.12453,0.13402,0.14352,0.15302,0.16251,0.17306,0.19205,0.20208,0.21896,-1.4459,0.23796,0.25695,0.2786,0.30601,0.325,0.42498,0.47008,0.50441,0.53813,0.56662,-1.4458,0.59622,0.6342,0.66316,0.69165,0.72601,0.7597,0.78819,0.81782,0.8558,0.88473,-1.4363,0.91322,0.94171,0.9702,0.99869,1.0272,1.0557,1.0751,1.1016,1.1241,1.1475,-1.7924,-1.4268,1.1732,1.1922,1.2112,1.2211,1.2381,1.2511,1.265,1.2812,1.2907,1.3002,-1.4238,1.3006,1.3081,1.3116,1.316,1.3227,1.3239,1.3334,1.3338,1.3338,1.3338,-1.4189,1.3338,1.3309,1.3227,1.3227,1.3227,1.3151,1.3116,1.3072,1.2977,1.2895,-1.4094,1.2895,1.2803,1.2784,1.2723,1.2628,1.2563,1.2549,1.2454,1.2452,1.2375,-1.4016,1.228,1.2185,1.212,1.2106,1.2011,1.2009,1.1932,1.1898,1.1853,1.1758,-1.4015,1.1677,1.1677,1.1584,1.1566,1.1504,1.1409,1.1344,1.133,1.1235,1.114,-1.392,1.1045,1.1012,1.0966,1.0901,1.0887,1.0792,1.0323,1.0159,1.1056,1.1926,-1.3825,1.2211,1.2496,1.2781,1.3066,1.3663,1.4078,1.4363,1.4679,1.5044,1.5329,-1.373,1.5708,1.6009,1.6294,1.6579,1.6864,1.7134,1.7323,1.7513,1.7703,1.7893,-1.3635,1.8036,1.8131,1.8195,1.81,1.8005,1.791,1.7878,1.7878,-1.7639,-1.354,-1.3445,-1.3348,-1.3158,-1.3049,-1.2889,-1.2749,-1.262,-1.243,-1.224,-1.7354,-1.205,-1.1861,-1.1671,-1.1481,-1.1291,-1.1101,-1.0913,-1.0818,-1.0642,-1.0452,-1.7069,-1.0262,-1.0072,-0.98821,-0.96922,-0.95022,-0.93123,-0.91224,-0.89324,-0.87425,-0.85526,-1.6784,-0.83654,-0.82705,-0.80936,-0.79698,-0.78748,-0.77799,-0.76849,-0.75899,-0.7495,-0.74822,-1.6499,-0.74822,-0.74822,-0.74822,-0.75013,-0.75963,-0.76913,-0.77862,-0.78812,-0.80271,-0.8217,-1.6214,-0.8407,-0.85969,-0.87868,-0.90595,-0.92774,-0.94673,-0.96927,-0.99579,-1.0148,-1.0338,5.0,5.0
2.4652,2.2932,1.9782,-0.22987,-0.26156,-0.29896,-0.31512,-0.32808,-0.36548,-0.38324,-0.39169,-0.40665,-0.4171,1.944,-0.42401,-0.42401,-0.42812,-0.4356,-0.44308,-0.44685,-0.44685,-0.4541,-0.46489,-0.47985,1.8842,-0.48796,-0.49835,-0.51331,-0.52827,-0.54323,-0.55819,-0.57315,-0.58811,-0.60307,-0.62369,1.8537,-0.64441,-0.65937,-0.67959,-0.70071,-0.71567,-0.73549,-0.75793,-0.78037,-0.80281,-0.82525,1.8294,-0.84769,-0.87013,-0.89257,-0.91501,-0.93745,-0.95989,-0.98233,-1.0048,-1.0272,-1.0496,1.7994,-1.0721,-1.0945,-1.117,-1.137,-1.1519,-1.1729,-1.1933,-1.2082,-1.2288,-1.2496,1.7531,-1.2645,-1.2795,-1.2944,-1.3094,-1.3244,-1.3385,-1.3459,-1.3578,-1.3723,-1.3798,1.7053,-1.3873,-1.3948,-1.4022,-1.4097,-1.4172,-1.4247,-1.4322,-1.4396,-1.4404,-1.4432,1.6754,-1.4507,-1.4518,-1.4518,-1.4518,-1.4518,-1.4498,-1.4423,-1.4404,-1.4388,-1.4313,1.6455,-1.429,-1.4278,-1.4203,-1.4128,-1.4061,-1.4061,-1.4018,-1.3943,-1.3868,-1.3754,2.1919,1.6156,-1.3604,-1.353,-1.3455,-1.338,-1.3234,-1.3116,-1.3041,-1.29,-1.2778,-1.2703,1.5857,-1.2565,-1.2416,-1.2266,-1.2116,-1.1967,-1.1817,-1.1668,-1.1518,-1.1368,-1.1168,1.537,-1.0955,-1.0805,-1.0656,-1.0499,-1.0274,-1.0093,-0.99432,-0.97936,-0.96051,-0.93807,1.4794,-0.92306,-0.90461,-0.88217,-0.86676,-0.84871,-0.82627,-0.81046,-0.79281,-0.77037,-0.75416,1.442,-0.73691,-0.71447,-0.69786,-0.6829,-0.66794,-0.64755,-0.6266,-0.61164,-0.59668,-0.58063,1.3875,-0.55819,-0.54038,-0.52542,-0.51046,-0.4955,-0.48054,-0.46558,-0.45062,-0.43566,-0.4207,1.3219,-0.40574,-0.39078,-0.38278,-0.37228,-0.35732,-0.34892,-0.33882,-0.32386,-0.31506,-0.30536,1.2919,-0.2904,-0.2812,-0.27372,-0.26624,-0.25876,-0.25128,-0.2438,-0.23632,-0.22884,-0.22136,1.262,-0.21388,-0.20703,-0.20703,-0.20286,-0.19561,-0.19561,-0.19561,-0.19561,-0.1883,-0.18419,1.2321,-0.18419,-0.17728,-0.17277,-0.17277,-0.16626,-0.15878,-0.1513,-0.14382,-0.13634,-0.12886,2.1695,1.1948,-0.11567,-0.10248,-0.095003,-0.082213,-0.067253,-0.052293,-0.037333,-0.022373,-0.007413,0.007547,1.1434,0.022507,0.037467,0.056539,0.078807,0.093767,0.10873,0.12369,0.1459,0.16503,0.17999,1.0761,0.19495,0.20991,0.22487,0.23983,0.25479,0.26975,0.29076,0.31109,0.32605,0.33535,1.0439,0.34455,0.35951,0.37447,0.38811,0.39559,0.40307,0.41055,0.41803,0.42106,0.42157,1.014,0.42905,0.43653,0.44401,0.45149,0.45897,0.46645,0.47393,0.48792,0.51036,0.52601,0.98406,0.54382,0.56626,0.58231,0.60218,0.6321,0.65602,0.68052,0.71044,0.74596,0.78336,0.95414,0.82076,0.88414,0.95266,0.99006,1.0275,1.0657,1.1106,1.1511,1.1889,1.2338,0.9269,1.2747,1.3121,1.3495,1.3869,1.4243,1.4902,1.5416,1.5715,1.6014,1.6313,0.90446,1.6613,1.6848,1.7073,1.7297,1.7522,1.7746,1.797,1.8139,1.8337,1.8711,0.8758,1.8879,1.8966,1.9116,1.9218,1.9293,1.9368,1.9442,1.9509,2.14,0.84816,0.82572,0.80328,0.78084,0.7584,0.74139,0.72643,0.71147,0.69651,0.68263,2.1132,0.67515,0.66305,0.64877,0.64129,0.63381,0.62633,0.61885,0.61137,0.60389,0.59641,2.0908,0.58893,0.58145,0.57397,0.55439,0.51699,0.50585,0.49837,0.49089,0.48341,0.46925,2.0616,0.43933,0.42095,0.40781,0.40033,0.36065,0.31257,0.28265,0.26267,0.24668,0.22424,2.0317,0.19723,0.16857,0.15361,0.13865,0.12346,0.10102,0.07481,0.04489,0.029588,0.011259,2.0018,-0.011181,-0.047439,-0.075932,-0.090892,-0.10585,-0.12595,-0.15587,-0.17357,-0.18853,-0.20349,1.0,1.0
0.45256,0.30349,0.27368,-1.0829,-1.0442,-0.98776,-0.9253,-0.83482,-0.77057,-0.67829,-0.61337,-0.5158,-0.39617,0.27368,-0.29577,-0.17085,-0.04593,0.078992,0.20391,0.32884,0.45376,0.57868,0.68556,0.79871,0.27368,0.92363,1.0486,1.1735,1.2733,1.3935,1.4905,1.5842,1.6779,1.7715,1.8614,0.27368,1.9239,1.9797,2.011,2.0517,2.0924,2.1046,2.1222,2.1222,2.1056,2.0205,0.27368,1.9343,1.7471,1.5195,1.3954,1.2766,1.0723,0.93735,0.84172,0.71732,0.59239,0.27368,0.46747,0.34255,0.22419,0.12252,-0.002401,-0.11652,-0.21021,-0.31754,-0.4274,-0.50462,0.27368,-0.6923,-0.83825,-0.87999,-0.93335,-0.97226,-0.97852,-1.0049,-1.0083,-1.0376,-1.0381,0.27368,-1.0381,-1.0345,-1.0033,-0.97204,-0.94081,-0.90026,-0.8378,-0.78749,-0.72912,-0.65042,0.27368,-0.58795,-0.50768,-0.41399,-0.34094,-0.25642,-0.13925,-0.039222,0.054469,0.17589,0.30081,0.27368,0.39592,0.52084,0.64218,0.73587,0.83598,0.95307,1.0468,1.1405,1.2341,1.3278,0.30066,0.27368,1.4215,1.5152,1.5912,1.6728,1.7459,1.8084,1.8474,1.8787,1.9099,1.9411,0.27368,1.9433,1.9433,1.937,1.8468,1.7647,1.5963,1.4794,1.3103,1.196,1.0903,0.27368,0.9117,0.72119,0.59627,0.40069,0.20809,0.072432,-0.052489,-0.17741,-0.30233,-0.42726,0.27368,-0.55218,-0.6771,-0.98031,-1.074,-1.1677,-1.2614,-1.3488,-1.4113,-1.4737,-1.5362,0.27368,-1.5867,-1.618,-1.6492,-1.6804,-1.6941,-1.6941,-1.6941,-1.6941,-1.6708,-1.6396,0.27368,-1.6083,-1.5771,-1.517,-1.4545,-1.3901,-1.2964,-1.2075,-1.1388,-1.0452,-0.94245,0.28069,-0.82796,-0.73427,-0.62731,-0.51707,-0.40728,-0.28236,-0.15744,-0.032514,0.092408,0.21733,0.30349,0.34225,0.46717,0.56467,0.6872,0.78186,0.87555,0.96925,1.0582,1.1207,1.1832,0.30349,1.2456,1.3081,1.3705,1.4198,1.451,1.4823,1.5135,1.5447,1.5557,1.5557,0.30349,1.5557,1.5557,1.5557,1.5283,1.4971,1.4659,1.4346,1.4002,1.3378,1.2632,0.27368,0.30349,1.1532,1.0907,1.018,0.936,0.86042,0.76673,0.68899,0.60916,0.51547,0.42178,0.30349,0.34971,0.26421,0.17052,0.07683,-0.016861,-0.081857,-0.17443,-0.26641,-0.332,-0.42114,0.30349,-0.48957,-0.57588,-0.63834,-0.7008,-0.79814,-0.91517,-0.97763,-1.0401,-1.2236,-1.355,0.30349,-1.4064,-1.4473,-1.4556,-1.4799,-1.5112,-1.5424,-1.545,-1.545,-1.545,-1.545,0.30349,-1.545,-1.5391,-1.5152,-1.5065,-1.4752,-1.444,-1.4128,-1.3815,-1.3503,-1.3191,0.30349,-1.2692,-1.2268,-1.1956,-1.1415,-1.1033,-1.0463,-0.98389,-0.94997,-0.88878,-0.82632,0.30349,-0.76386,-0.7014,-0.64475,-0.60629,-0.54383,-0.49143,-0.4602,-0.41607,-0.36792,-0.32097,0.28091,-0.27565,-0.22586,-0.18337,-0.13075,-0.091099,-0.059868,-0.028638,0.002593,0.033823,0.065053,0.27368,0.096284,0.12461,0.12461,0.12461,0.12461,0.12461,0.12461,0.1132,0.094793,0.094793,0.27368,0.094793,0.094793,0.076308,0.064979,0.064979,0.064979,0.064979,0.064979,0.27368,0.27368,0.27368,0.27368,0.27368,0.27368,0.27368,0.27368,0.27368,0.27368,0.28344,0.27368,0.30349,0.30349,0.30349,0.30349,0.30349,0.30349,0.28382,0.25259,0.22135,0.19012,0.27368,0.15889,0.12766,0.096433,0.065202,0.004158,-0.029682,-0.092142,-0.14916,-0.18725,-0.24971,0.27368,-0.31217,-0.37463,-0.42457,-0.46974,-0.5322,-0.59466,-0.65712,-0.71958,-0.78205,-0.84451,0.27368,-0.88312,-0.93961,-1.0021,-1.0364,-1.0972,-1.1287,-1.1599,-1.1912,-1.217,-1.2238,0.27368,-1.2469,-1.2565,-1.2767,-1.2767,-1.2628,-1.2469,-1.2302,-1.1989,-1.1677,-1.1365,2.0,2.0
0.73404,0.59777,0.53987,1.8297,1.8842,1.9327,1.96,1.9872,2.0145,2.0337,2.0064,1.9761,1.9242,0.51747,1.8949,1.8388,1.757,1.6752,1.5935,1.5117,1.4031,1.3205,1.2128,1.0783,0.51214,0.96703,0.83354,0.69728,0.58453,0.4525,0.31624,0.17998,0.065284,-0.064805,-0.18047,0.51214,-0.28948,-0.39849,-0.5075,-0.6165,-0.70734,-0.80678,-0.89859,-0.98035,-1.0459,-1.1161,0.51214,-1.1826,-1.2371,-1.2774,-1.3184,-1.3596,-1.3868,-1.4141,-1.4413,-1.4572,-1.4463,0.49168,-1.4191,-1.4018,-1.3829,-1.3373,-1.3101,-1.2749,-1.2204,-1.1728,-1.1391,-1.0785,0.4844,-1.0023,-0.94783,-0.88875,-0.80699,-0.72884,-0.67122,-0.58683,-0.47997,-0.39821,-0.31645,0.4844,-0.234,-0.1252,-0.043447,0.065284,0.1478,0.25556,0.33905,0.44584,0.5303,0.63612,0.4844,0.72155,0.80331,0.88507,0.96682,1.0269,1.1026,1.1637,1.2384,1.3004,1.3549,0.4844,1.3907,1.4362,1.473,1.5002,1.5275,1.5547,1.582,1.5786,1.5513,1.5241,0.59535,0.4844,1.4829,1.4418,1.4017,1.3472,1.2927,1.2382,1.1727,1.0909,0.99921,0.8997,0.4844,0.79991,0.67218,0.56317,0.44661,0.31034,0.17408,0.037824,-0.098437,-0.2347,-0.37096,0.46734,-0.50722,-0.64348,-0.77655,-0.88556,-0.99457,-1.1018,-1.1836,-1.2654,-1.3471,-1.4289,0.45666,-1.5106,-1.5658,-1.5943,-1.6471,-1.6765,-1.7037,-1.731,-1.7582,-1.7623,-1.785,0.44057,-1.7679,-1.7406,-1.7134,-1.7069,-1.6866,-1.6594,-1.6321,-1.6049,-1.5776,-1.5504,0.41332,-1.5231,-1.4959,-1.4686,-1.4255,-1.3864,-1.3442,-1.2897,-1.2352,-1.1807,-1.1262,0.38607,-1.0592,-0.98944,-0.92342,-0.84166,-0.75991,-0.67815,-0.59639,-0.50555,-0.40514,-0.31528,0.35882,-0.20627,-0.097258,0.005093,0.093021,0.20203,0.30584,0.39231,0.49709,0.57884,0.6606,0.33156,0.74236,0.82411,0.90407,0.95857,1.0139,1.0953,1.1498,1.2043,1.2588,1.3133,0.30431,1.3422,1.3946,1.4244,1.4517,1.4789,1.5062,1.5334,1.5607,1.5444,1.5171,0.59535,0.26388,1.4899,1.4626,1.4354,1.3888,1.3531,1.3075,1.253,1.1985,1.1609,1.1172,0.20938,1.0627,1.0082,0.95372,0.9137,0.87245,0.81794,0.76344,0.70893,0.64236,0.57219,0.15488,0.51768,0.46318,0.39855,0.32643,0.27193,0.21742,0.16292,0.10072,0.026174,-0.02833,0.10037,-0.082835,-0.13734,-0.19184,-0.24635,-0.30085,-0.35536,-0.40986,-0.46152,-0.49113,-0.54376,0.045867,-0.57101,-0.59827,-0.62552,-0.65277,-0.68002,-0.68058,-0.65437,-0.65284,-0.6276,-0.6251,-0.008637,-0.6251,-0.6251,-0.6018,-0.59737,-0.59737,-0.59737,-0.57601,-0.56963,-0.56963,-0.56963,-0.073404,-0.56963,-0.56963,-0.56963,-0.56963,-0.55215,-0.54189,-0.54189,-0.54189,-0.54189,-0.54189,-0.14538,-0.54189,-0.54189,-0.54189,-0.54189,-0.52927,-0.51415,-0.51415,-0.51415,-0.51415,-0.51415,-0.20918,-0.51415,-0.51415,-0.51415,-0.51415,-0.51415,-0.50687,-0.48642,-0.48642,-0.48642,-0.48642,-0.29094,-0.48642,-0.48642,-0.48642,-0.48642,-0.48642,-0.48642,-0.48642,-0.48642,0.59535,-0.37269,-0.45445,-0.54355,-0.6457,-0.72745,-0.80332,-0.86323,-0.94006,-0.999,-1.0729,0.59535,-1.1036,-1.1551,-1.1823,-1.2096,-1.2338,-1.2066,-1.1799,-1.1797,-1.1252,-1.0975,0.57052,-1.0703,-1.0172,-0.98805,-0.9359,-0.8814,-0.82689,-0.77239,-0.71789,-0.66338,-0.58689,0.56761,-0.52663,-0.45112,-0.36936,-0.28761,-0.22541,-0.13276,-0.042338,0.039418,0.12117,0.20293,0.56761,0.28469,0.36644,0.4482,0.52996,0.61171,0.69347,0.77523,0.85698,0.93874,1.0328,0.54424,1.13,1.2117,1.2827,1.3475,1.4293,1.511,1.5839,1.6468,1.7207,1.7752,0.0,0.0
0.47986,0.47986,0.30355,1.528,1.5457,1.5606,1.5746,1.5813,1.5813,1.5813,1.5813,1.5813,1.5635,0.27171,1.4747,1.4575,1.3055,1.2596,1.1243,1.0208,0.92646,0.86277,0.79909,0.71764,0.23986,0.65217,0.5725,0.49665,0.41888,0.34112,0.26336,0.18302,0.10157,0.020118,-0.11502,0.19026,-0.3564,-0.4374,-0.51885,-0.58254,-0.64622,-0.70991,-0.77359,-0.81952,-0.86544,-0.91136,0.15673,-0.95817,-1.0078,-1.0396,-1.0892,-1.1211,-1.1529,-1.167,-1.19,-1.19,-1.19,0.10881,-1.19,-1.1781,-1.1722,-1.15,-1.1359,-1.1041,-1.0722,-1.0404,-1.0085,-0.97655,0.059199,-0.92708,-0.88471,-0.83879,-0.79287,-0.72918,-0.68326,-0.61958,-0.54972,-0.47444,-0.41076,0.009592,-0.32931,-0.25643,-0.17867,-0.084959,-0.005374,0.090154,0.18568,0.26345,0.35897,0.43927,-0.044722,0.53226,0.61003,0.68779,0.76556,0.84652,0.92797,1.0094,1.0731,1.1368,1.2005,-0.10841,1.2642,1.3278,1.4242,1.473,1.5189,1.5648,1.6226,1.6367,1.6686,1.6826,0.46947,-0.17209,1.6967,1.7056,1.7041,1.6878,1.6759,1.6619,1.6255,1.5804,1.5336,1.4652,-0.23578,1.3707,1.2715,1.2078,1.1442,1.0272,0.95661,0.82875,0.76507,0.65644,0.56664,-0.2817,0.4843,0.38344,0.30453,0.17462,0.1061,-0.010881,-0.074567,-0.18608,-0.25523,-0.33606,-0.34538,-0.41813,-0.74828,-0.81197,-0.91118,-0.99263,-1.0563,-1.1378,-1.1868,-1.2187,-1.2505,-0.40907,-1.2824,-1.2966,-1.3283,-1.3321,-1.3499,-1.3499,-1.3499,-1.3499,-1.3403,-1.3321,-0.47276,-1.3143,-1.298,-1.2662,-1.2521,-1.2203,-1.1869,-1.1388,-1.095,-1.0491,-0.98544,-0.53644,-0.93951,-0.87583,-0.81214,-0.74846,-0.68477,-0.60332,-0.53964,-0.45819,-0.37674,-0.29529,-0.60013,-0.21428,-0.13239,-0.040992,0.054536,0.15006,0.24559,0.34112,0.45441,0.54994,0.66323,-0.66381,0.75876,0.85429,0.94982,1.0453,1.1409,1.2364,1.3142,1.3919,1.5187,1.6191,-0.7275,1.7025,1.7631,1.8017,1.8513,1.8832,1.915,1.9468,1.9609,1.9721,1.9721,0.4621,-0.77342,1.9721,1.9624,1.9365,1.8409,1.7617,1.6246,1.501,1.3772,1.2713,1.112,-0.81934,1.0066,0.86468,0.75414,0.58085,0.44984,0.2698,0.13967,-0.019541,-0.14323,-0.30244,-0.85886,-0.41191,-0.54284,-0.63468,-0.77941,-0.87983,-1.21,-1.2914,-1.3703,-1.4355,-1.4825,-0.89071,-1.5191,-1.5453,-1.5472,-1.563,-1.563,-1.5453,-1.5453,-1.5275,-1.5121,-1.492,-0.92255,-1.4662,-1.4344,-1.4203,-1.3885,-1.3566,-1.3248,-1.2929,-1.2611,-1.2293,-1.1974,-0.95439,-1.1589,-1.116,-1.0841,-1.0345,-0.99298,-0.94706,-0.90345,-0.85522,-0.8093,-0.7724,-0.98623,-0.72279,-0.67318,-0.62562,-0.5797,-0.53378,-0.48785,-0.44193,-0.3933,-0.3437,-0.29409,-1.0123,-0.24448,-0.19488,-0.14864,-0.095662,-0.046055,0.003552,0.035395,0.080961,0.11684,0.14869,-1.0322,0.16277,0.19461,0.20869,0.21339,0.23116,0.22916,0.21339,0.21339,0.19563,0.19061,-1.0479,0.17787,0.16245,0.1601,0.14234,0.14234,0.12457,0.12457,0.12457,0.44433,-1.0603,-1.0656,-1.0656,-1.0656,-1.0656,-1.0539,-1.0479,-1.0301,-1.0123,-0.99756,0.42723,-0.96572,-0.94129,-0.9198,-0.88795,-0.84199,-0.8065,-0.76791,-0.72199,-0.67545,-0.62584,0.41315,-0.56646,-0.52054,-0.45925,-0.41094,-0.36004,-0.31043,-0.25541,-0.20949,-0.16161,-0.099881,0.38131,-0.044634,0.009725,0.055646,0.11933,0.17156,0.22894,0.29262,0.35631,0.41999,0.48368,0.36723,0.54736,0.61105,0.67473,0.75223,0.81987,0.88356,0.94724,1.0109,1.0746,1.1561,0.33539,1.214,1.2657,1.3132,1.345,1.3946,1.4087,1.4406,1.4724,1.4865,1.5102,2.0,2.0
2.1024,2.0283,1.812,0.044658,0.037251,0.029843,0.020079,0.005264,-0.021188,-0.0452,-0.052607,-0.070687,-0.091519,1.7898,-0.10633,-0.1163,-0.12461,-0.13943,-0.15424,-0.16863,-0.17604,-0.19123,-0.21345,-0.22097,1.7676,-0.23178,-0.2466,-0.27515,-0.29894,-0.31375,-0.34134,-0.36853,-0.39075,-0.41888,-0.44264,1.7399,-0.45004,-0.45745,-0.46486,-0.47227,-0.48461,-0.49843,-0.50584,-0.51771,-0.53252,-0.54734,1.7102,-0.56613,-0.58832,-0.60314,-0.62144,-0.64367,-0.65894,-0.67676,-0.69898,-0.72121,-0.7409,1.6806,-0.75572,-0.77652,-0.79875,-0.82097,-0.83769,-0.85406,-0.87629,-0.89851,-0.92073,-0.94296,1.651,-0.96518,-0.9874,-1.0096,-1.0318,-1.0541,-1.0763,-1.1021,-1.1317,-1.1543,-1.1765,1.6213,-1.1988,-1.221,-1.2458,-1.2755,-1.299,-1.3191,-1.3339,-1.3543,-1.3766,-1.3988,1.5917,-1.4159,-1.4319,-1.4541,-1.4717,-1.4872,-1.5094,-1.5275,-1.5423,-1.5571,-1.5719,1.5621,-1.5867,-1.5944,-1.605,-1.6198,-1.628,-1.6327,-1.6327,-1.6389,-1.6463,-1.6537,1.9784,1.5319,-1.6554,-1.6554,-1.6554,-1.6554,-1.6554,-1.6554,-1.6507,-1.6441,-1.6441,-1.6399,1.4948,-1.6324,-1.625,-1.6139,-1.5991,-1.5915,-1.5808,-1.566,-1.5444,-1.5222,-1.5,1.4578,-1.4778,-1.4555,-1.4333,-1.4111,-1.3889,-1.3666,-1.3391,-1.3108,-1.2886,-1.2616,1.4209,-1.232,-1.2023,-1.1727,-1.1431,-1.1134,-1.0838,-1.0542,-1.0246,-0.99492,-0.96529,1.3912,-0.92885,-0.89468,-0.86505,-0.82909,-0.79443,-0.7648,-0.73517,-0.70554,-0.67591,-0.65164,1.358,-0.62942,-0.6072,-0.58497,-0.56275,-0.54053,-0.5227,-0.50743,-0.48521,-0.4669,-0.45209,1.321,-0.43727,-0.42589,-0.41848,-0.40418,-0.39231,-0.38491,-0.37108,-0.35627,-0.34145,-0.33257,1.291,-0.32516,-0.31775,-0.3049,-0.29159,-0.28418,-0.27677,-0.26936,-0.26195,-0.25455,-0.24714,1.2583,-0.23973,-0.23232,-0.22492,-0.21751,-0.21362,-0.21362,-0.20664,-0.20227,-0.20227,-0.19577,1.2212,-0.19091,-0.19091,-0.1849,-0.17749,-0.17008,-0.16267,-0.15527,-0.14786,-0.14045,-0.13194,1.9562,1.1907,-0.11712,-0.1023,-0.088114,-0.080706,-0.069211,-0.054396,-0.03958,-0.028369,-0.020961,-0.006486,1.1611,0.008329,0.023145,0.031375,0.041423,0.056238,0.071054,0.085869,0.10068,0.10988,0.11896,1.1315,0.13378,0.14859,0.16222,0.16963,0.18169,0.19579,0.2032,0.21478,0.22937,0.23678,1.1079,0.24787,0.26269,0.27035,0.27776,0.28517,0.29258,0.29998,0.30739,0.3148,0.31997,1.0836,0.31997,0.32567,0.33132,0.33132,0.33654,0.34267,0.34267,0.34741,0.35402,0.35402,1.0539,0.35828,0.36569,0.3731,0.3805,0.38791,0.38808,0.43088,0.52718,0.56269,0.59232,1.0299,0.62195,0.65158,0.68354,0.72058,0.75762,0.79466,0.8317,0.86873,0.90714,0.95158,1.0076,0.99603,1.0414,1.0932,1.1451,1.1965,1.241,1.2893,1.3411,1.393,1.4448,0.98541,1.4967,1.5485,1.6004,1.6523,1.7041,1.7535,1.798,1.8424,1.885,1.922,0.96319,1.959,1.9961,2.0331,2.0603,2.0835,2.1132,2.1251,2.1236,1.9409,0.94097,0.91874,0.90112,0.8863,0.87149,0.85256,0.83067,0.82327,0.81223,0.79741,1.9231,0.78259,0.77093,0.76352,0.75611,0.74871,0.7413,0.73389,0.72648,0.71908,0.71167,1.9009,0.70426,0.69685,0.68944,0.68204,0.67463,0.66722,0.65981,0.65241,0.6408,0.62624,1.8787,0.61883,0.61142,0.60401,0.58943,0.57785,0.57044,0.55633,0.54152,0.5267,0.51189,1.8565,0.49707,0.48225,0.46744,0.44547,0.40102,0.35658,0.31735,0.30254,0.26865,0.22832,1.8342,0.22091,0.19636,0.16068,0.15328,0.14587,0.13846,0.13105,0.11036,0.073324,0.056636,1.0,1.0
-0.82187,-0.78468,-0.77228,-1.9748,-1.9432,-1.8998,-1.8676,-1.8484,-1.8043,-1.7603,-1.7163,-1.6723,-1.6283,-0.77228,-1.5843,-1.5279,-1.5037,-1.4523,-1.3959,-1.3379,-1.2719,-1.2059,-1.1523,-1.0862,-0.77228,-1.0574,-0.9914,-0.93778,-0.8758,-0.83055,-0.77538,-0.73137,-0.69976,-0.68054,-0.63653,-0.77228,-0.59252,-0.54851,-0.5045,-0.46049,-0.42702,-0.39262,-0.36317,-0.34644,-0.30243,-0.27082,-0.77228,-0.2454,-0.211,-0.1766,-0.14437,-0.13259,-0.10593,-0.076181,-0.054176,-0.019774,-0.003658,-0.77228,0.014938,0.046241,0.068246,0.070725,0.087461,0.10947,0.13147,0.14108,0.16308,0.1699,-0.77724,0.1823,0.19191,0.20151,0.20709,0.21949,0.23034,0.23995,0.24955,0.25916,0.28117,-0.78468,0.29077,0.31278,0.33106,0.34439,0.35586,0.36361,0.37322,0.39522,0.41722,0.43923,-0.79645,0.44884,0.47084,0.49223,0.50246,0.52446,0.54646,0.57033,0.60287,0.62488,0.65928,-0.80606,0.67818,0.70329,0.72529,0.7473,0.7693,0.79131,0.81331,0.83532,0.85732,0.86693,-0.78468,-0.80947,0.88894,0.90133,0.92055,0.94255,0.96332,0.97417,0.99617,1.011,1.0402,1.0622,-0.80947,1.0842,1.1062,1.1282,1.1493,1.1598,1.1694,1.1914,1.2134,1.2354,1.2574,-0.82187,1.2794,1.3015,1.3111,1.3331,1.3625,1.3895,1.4115,1.4335,1.4555,1.4651,-0.82187,1.484,1.4964,1.5063,1.5159,1.5336,1.5475,1.5584,1.5667,1.5708,1.5832,-0.82187,1.5832,1.5832,1.5956,1.5956,1.608,1.6188,1.6284,1.6452,1.66,1.682,-0.81722,1.6947,1.6947,1.691,1.67,1.6594,1.6374,1.6328,1.6204,1.6086,1.5956,-0.80947,1.577,1.5674,1.5454,1.5234,1.5138,1.4917,1.4697,1.4477,1.4171,1.3913,-0.80947,1.3569,1.3346,1.3104,1.2909,1.2689,1.2345,1.2125,1.1821,1.1561,1.0799,-0.79707,0.91373,0.89172,0.86972,0.84772,0.82571,0.80371,0.7941,0.77209,0.74761,0.67942,-0.79119,0.64719,0.62209,0.58769,0.56568,0.53314,0.50927,0.47487,0.44047,0.41846,0.38747,-0.78468,-0.78468,0.36206,0.33664,0.30565,0.28365,0.26164,0.22724,0.21763,0.19563,0.1823,0.16401,-0.78437,0.15441,0.13271,0.12279,0.10079,0.095519,0.081573,0.070725,0.070725,0.058328,0.058328,-0.77228,0.058328,0.067936,0.070725,0.070725,0.083122,0.083122,0.09118,0.095519,0.095519,0.095519,-0.77228,0.083122,0.083122,0.086841,0.095519,0.095519,0.10792,0.12031,0.12031,0.13209,0.13271,-0.75988,0.13271,0.14511,0.14511,0.14511,0.15751,0.15751,0.15751,0.15751,0.1699,0.1699,-0.75988,0.1668,0.15751,0.15751,0.15751,0.14511,0.14511,0.14511,0.13271,0.13271,0.13271,-0.75988,0.13271,0.13271,0.13271,0.13271,0.13271,0.13271,0.13271,0.13271,0.13271,0.13271,-0.74749,0.13271,0.13271,0.13271,0.13271,0.13271,0.13271,0.13271,0.13271,0.13271,0.13271,-0.74749,0.13271,0.13271,0.14511,0.14511,0.14511,0.14511,0.14511,0.14511,0.14511,0.14511,-0.73509,0.14511,0.14511,0.14511,0.16463,0.1699,0.1699,0.1699,0.1699,-0.78468,-0.73509,-0.72269,-0.72269,-0.72269,-0.72269,-0.72269,-0.71463,-0.71029,-0.70781,-0.6979,-0.78468,-0.6979,-0.6979,-0.69418,-0.6855,-0.6855,-0.6855,-0.68054,-0.6731,-0.6731,-0.66411,-0.78468,-0.66071,-0.70719,-0.81381,-0.90648,-0.97807,-1.0187,-1.0735,-1.1061,-1.1715,-1.2245,-0.77941,-1.2558,-1.2824,-1.4045,-1.4792,-1.5378,-1.654,-1.676,-1.7315,-1.7696,-1.7916,-0.77228,-1.8136,-1.8976,-1.9469,-1.9912,-2.0008,-2.0662,-2.1347,-2.228,-2.2922,-2.2602,-0.77228,-2.2289,-2.2038,-2.1818,-2.1598,-2.1378,-2.1158,-2.1013,-2.0718,-2.038,-2.0064,4.0,4.0
-2.1167,-1.8267,-1.5999,-0.878,-0.86764,-0.85729,-0.84693,-0.83657,-0.82621,-0.81586,-0.8055,-0.80326,-0.79546,-1.5791,-0.7851,-0.77474,-0.76439,-0.75403,-0.74367,-0.73919,-0.73363,-0.72328,-0.71783,-0.71324,-1.5584,-0.70288,-0.69252,-0.68216,-0.67512,-0.67213,-0.66444,-0.66209,-0.65376,-0.65205,-0.64308,-1.5377,-0.64201,-0.6324,-0.63198,-0.62173,-0.62173,-0.61158,-0.60122,-0.60037,-0.59119,-0.58083,-1.517,-0.57901,-0.57079,-0.56043,-0.55766,-0.55039,-0.54004,-0.52968,-0.52562,-0.51964,-0.50928,-1.4963,-0.49893,-0.49359,-0.48889,-0.47853,-0.46817,-0.45781,-0.44746,-0.4371,-0.42674,-0.41638,-1.4811,-0.40602,-0.39567,-0.38531,-0.37495,-0.36459,-0.35424,-0.34388,-0.33352,-0.32316,-0.3128,-1.4655,-0.30245,-0.29209,-0.28173,-0.27137,-0.26101,-0.25066,-0.24799,-0.24062,-0.23026,-0.22663,-1.4497,-0.22022,-0.20987,-0.20527,-0.19983,-0.18947,-0.17911,-0.16875,-0.1584,-0.14804,-0.13416,-1.4394,-0.11664,-0.10629,-0.093366,-0.074893,-0.062613,-0.043499,-0.033141,-0.021822,-0.001747,0.008611,-1.7976,-1.429,0.018969,0.029327,0.049722,0.060721,0.071079,0.081437,0.091794,0.11059,0.12319,0.13355,-1.4186,0.15138,0.16494,0.1753,0.19217,0.20669,0.21705,0.22741,0.23777,0.24812,0.25848,-1.4083,0.26884,0.2792,0.28956,0.29991,0.30728,0.30995,0.31796,0.31999,0.33035,0.3407,-1.3979,0.34999,0.35074,0.3611,0.37135,0.37135,0.38149,0.39185,0.40221,0.41257,0.42293,-1.3876,0.43328,0.43542,0.44332,0.45368,0.46404,0.4744,0.47813,0.48443,0.49479,0.49949,-1.3772,0.50483,0.51017,0.51487,0.52085,0.5249,0.53526,0.5422,0.5453,0.55566,0.56356,-1.3669,0.56569,0.57605,0.58641,0.59559,0.59645,0.60627,0.60649,0.61684,0.6272,0.62763,-1.3565,0.63724,0.63831,0.64728,0.64898,0.65731,0.65966,0.66735,0.67034,0.67034,0.67707,-1.3478,0.68743,0.69778,0.70814,0.7185,0.72886,0.74402,0.76025,0.77061,0.78097,0.79133,-1.3465,0.80168,0.81204,0.8224,0.83276,0.84312,0.85347,0.86383,0.87419,0.88455,0.8949,-1.7672,-1.3372,0.90526,0.91562,0.92598,0.93634,0.95609,0.96773,0.97809,0.98845,0.9988,1.0092,-1.3372,1.0195,1.0299,1.0402,1.0506,1.061,1.0772,1.0868,1.092,1.1024,1.1127,-1.3372,1.1231,1.1335,1.1438,1.1542,1.1645,1.1749,1.1852,1.1956,1.206,1.2149,-1.3372,1.216,1.2264,1.2363,1.2364,1.2468,1.2571,1.2576,1.2671,1.2775,1.279,-1.3372,1.2875,1.2979,1.3004,1.3079,1.311,1.318,1.3283,1.3324,1.3384,1.3431,-1.3372,1.3484,1.3537,1.3584,1.3644,1.3685,1.3788,1.3858,1.3889,1.3965,1.3989,-1.3372,1.4071,1.409,1.4193,1.4285,1.4294,1.4392,1.4394,1.4497,1.4499,1.4598,-1.3277,1.4605,1.4605,1.4605,1.4605,1.4605,1.4605,1.4528,1.4499,1.4499,1.4499,-1.3265,1.4499,1.4499,1.4499,1.4553,1.4657,1.476,1.4864,1.4967,1.5071,1.5174,-1.3265,1.5278,1.5382,1.5511,1.5696,1.5818,1.6026,1.6233,1.644,-1.7455,-1.3265,-1.3265,-1.3186,-1.3158,-1.3158,-1.3089,-1.3051,-1.3051,-1.2992,-1.2945,-1.7157,-1.2891,-1.2838,-1.2791,-1.2731,-1.269,-1.2587,-1.2517,-1.2486,-1.2383,-1.2279,-1.6934,-1.2176,-1.209,-1.2075,-1.1972,-1.1868,-1.1765,-1.1663,-1.1663,-1.1561,-1.1556,-1.6727,-1.146,-1.145,-1.136,-1.1256,-1.1236,-1.1156,-1.1129,-1.1056,-1.0952,-1.0916,-1.652,-1.0852,-1.0748,-1.0644,-1.0595,-1.0544,-1.044,-1.0337,-1.0233,-1.013,-1.0026,-1.6235,-0.99226,-0.9819,-0.97154,-0.96119,-0.95083,-0.94047,-0.93011,-0.91879,-0.89872,-0.88836,3.0,5.0
-0.32236,-0.33935,-0.45424,-1.6601,-1.6356,-1.6072,-1.5867,-1.5542,-1.5373,-1.5038,-1.4843,-1.4548,-1.4314,-0.47122,-1.4059,-1.3719,-1.3425,-1.3229,-1.289,-1.255,-1.221,-1.1871,-1.1531,-1.1191,-0.48821,-1.0852,-1.0512,-1.0172,-0.98327,-0.94931,-0.93194,-0.90035,-0.86638,-0.84305,-0.81743,-0.49314,-0.78346,-0.75415,-0.73451,-0.7012,-0.68422,-0.65158,-0.63128,-0.6143,-0.58764,-0.56136,-0.49314,-0.53868,-0.50842,-0.48973,-0.45576,-0.43849,-0.42151,-0.40453,-0.38754,-0.37056,-0.36031,-0.49314,-0.35557,-0.33859,-0.3216,-0.30462,-0.28764,-0.27066,-0.25367,-0.23669,-0.22749,-0.2217,-0.49314,-0.20472,-0.18773,-0.17075,-0.15377,-0.13679,-0.1198,-0.11364,-0.10481,-0.087829,-0.070846,-0.49722,-0.05671,-0.055856,-0.038873,-0.037735,-0.023883,-0.018759,-0.008892,0.008091,0.025074,0.042056,-0.5142,0.059039,0.076022,0.093005,0.10999,0.12697,0.14395,0.16094,0.17792,0.1949,0.21189,-0.53109,0.22982,0.26378,0.28181,0.29879,0.32773,0.36169,0.38769,0.41065,0.44063,0.45961,-0.34134,-0.53109,0.49357,0.52754,0.5615,0.59547,0.61843,0.64443,0.67839,0.71236,0.74329,0.76131,-0.53109,0.79528,0.82925,0.84917,0.8782,0.91217,0.93807,0.96112,0.99101,1.0101,1.044,-0.54418,1.0609,1.0779,1.108,1.1309,1.1569,1.1838,1.2008,1.2178,1.2347,1.2517,-0.55007,1.2848,1.3047,1.3217,1.3386,1.3556,1.3726,1.3896,1.4066,1.4236,1.4405,-0.55007,1.4423,1.4555,1.4725,1.4895,1.5065,1.5235,1.5404,1.5574,1.5744,1.5914,-0.55007,1.5941,1.6064,1.6131,1.6214,1.6384,1.6553,1.67,1.6703,1.6873,1.689,-0.55007,1.689,1.689,1.689,1.6817,1.6647,1.6477,1.6308,1.6138,1.5968,1.5798,-0.55007,1.5628,1.5252,1.4909,1.4676,1.438,1.4186,1.3839,1.316,1.2788,1.2448,-0.54893,1.2108,1.1675,1.0869,0.98968,0.94215,0.90818,0.87422,0.79101,0.74936,0.70297,-0.53195,0.66245,0.62849,0.59452,0.55164,0.49111,0.47365,0.43968,0.40572,0.38522,0.34528,-0.35434,-0.53109,0.31331,0.29633,0.27934,0.26236,0.24538,0.22839,0.21141,0.19443,0.18997,0.17944,-0.53109,0.17099,0.17099,0.17099,0.17099,0.17099,0.17099,0.17099,0.17099,0.17099,0.17099,-0.53109,0.17099,0.17099,0.17099,0.17261,0.18959,0.18997,0.20458,0.20894,0.20894,0.21758,-0.53109,0.22792,0.22792,0.23058,0.24756,0.26454,0.26587,0.27953,0.29651,0.30382,0.31151,-0.53109,0.32849,0.34547,0.36245,0.37944,0.39642,0.3987,0.41141,0.42839,0.44538,0.46236,-0.53109,0.47934,0.49632,0.51255,0.51255,0.5283,0.54528,0.5505,0.56027,0.57725,0.58845,-0.53109,0.59224,0.60742,0.60742,0.62422,0.6264,0.6264,0.6264,0.6264,0.63323,0.64538,-0.53109,0.64538,0.64538,0.64538,0.64538,0.64538,0.65723,0.66435,0.66435,0.66435,0.66046,-0.53109,0.64538,0.64538,0.64538,0.64538,0.64538,0.63446,0.6264,0.6264,0.6264,0.6264,-0.53109,0.6264,0.6264,0.6264,0.6264,0.6264,0.6264,0.6264,0.6264,-0.37132,-0.53109,-0.54428,-0.57246,-0.65244,-0.72806,-0.74504,-0.76202,-0.78517,-0.88707,-0.90785,-0.3883,-0.92483,-0.99077,-1.0757,-1.1276,-1.1508,-1.1805,-1.1975,-1.2156,-1.3005,-1.4007,-0.40529,-1.4362,-1.4532,-1.5074,-1.5996,-1.6749,-1.6919,-1.7089,-1.7259,-1.7429,-1.8171,-0.41724,-1.8527,-1.8697,-1.8867,-1.9291,-2.0096,-2.0633,-2.0301,-2.0301,-2.0148,-2.0112,-0.42028,-1.9998,-1.9828,-1.9658,-1.9488,-1.9353,-1.9338,-1.9169,-1.8999,-1.8829,-1.8659,-0.43726,-1.8594,-1.8509,-1.8339,-1.817,-1.8,-1.7825,-1.7485,-1.73,-1.7131,-1.6846,4.0,4.0
1.6989,1.6379,1.5122,-0.26713,-0.2741,-0.29007,-0.30604,-0.31302,-0.32899,-0.34631,-0.36993,-0.3949,-0.41987,1.4962,-0.44708,-0.47903,-0.49657,-0.52492,-0.56586,-0.5978,-0.63784,-0.67068,-0.70262,-0.74356,1.4803,-0.75751,-0.78945,-0.82634,-0.86233,-0.89428,-0.91835,-0.94916,-0.97211,-0.98426,-1.009,1.4643,-1.0319,-1.0549,-1.0778,-1.1008,-1.1251,-1.1557,-1.1714,-1.1926,-1.216,-1.2474,1.4483,-1.2704,-1.2933,-1.3248,-1.3482,-1.3622,-1.3941,-1.4171,-1.4407,-1.4656,-1.4859,1.438,-1.5066,-1.5226,-1.5385,-1.5455,-1.5615,-1.5684,-1.5763,-1.5853,-1.5984,-1.6053,1.4254,-1.6123,-1.6213,-1.6303,-1.6303,-1.6294,-1.6134,-1.6065,-1.5943,-1.5835,-1.5675,1.4094,-1.5606,-1.5446,-1.5286,-1.5217,-1.5057,-1.5043,-1.4917,-1.4758,-1.4598,-1.4503,1.3507,-1.4368,-1.4209,-1.4144,-1.4069,-1.391,-1.375,-1.368,-1.352,-1.3361,-1.3201,1.2965,-1.3154,-1.3062,-1.2902,-1.2742,-1.2582,-1.2513,-1.2353,-1.2193,-1.2124,-1.2054,1.622,1.2805,-1.1894,-1.1734,-1.1624,-1.1505,-1.1345,-1.1185,-1.1026,-1.0956,-1.0796,-1.0637,1.2546,-1.0477,-1.0364,-1.0247,-1.0088,-0.9928,-0.98583,-0.96986,-0.95389,-0.93792,-0.91295,1.177,-0.89698,-0.88101,-0.87403,-0.85806,-0.84209,-0.82612,-0.81015,-0.79418,-0.7782,-0.76223,1.1696,-0.74851,-0.74829,-0.73232,-0.71634,-0.70037,-0.6844,-0.66843,-0.65853,-0.65448,-0.63851,1.1176,-0.62254,-0.60657,-0.5996,-0.59262,-0.57665,-0.56068,-0.54471,-0.53256,-0.52177,-0.50579,1.0792,-0.49657,-0.49185,-0.48487,-0.4779,-0.46958,-0.46058,-0.45158,-0.44101,-0.43359,-0.41807,1.0407,-0.41109,-0.39512,-0.38815,-0.37218,-0.3652,-0.35823,-0.34226,-0.32629,-0.31032,-0.29435,1.0247,-0.27837,-0.2714,-0.26263,-0.24846,-0.23248,-0.21651,-0.20054,-0.18457,-0.1686,-0.13441,0.99977,-0.055677,-0.039706,-0.032733,-0.016761,-0.00169,0.006183,0.022154,0.038126,0.055896,0.096612,0.9667,0.10403,0.12001,0.12698,0.14295,0.15127,0.1659,0.18187,0.19784,0.21381,0.22978,1.6089,0.93184,0.24575,0.26172,0.27769,0.29366,0.30964,0.32561,0.34158,0.35755,0.37352,0.38049,0.92486,0.39647,0.41244,0.42841,0.43921,0.4482,0.4572,0.4653,0.4662,0.4752,0.48622,0.90889,0.50219,0.51816,0.53413,0.54718,0.54808,0.56405,0.58002,0.59599,0.61196,0.63671,0.89292,0.6619,0.68687,0.71454,0.73748,0.76178,0.79237,0.81172,0.82769,0.84366,0.85963,0.87695,0.8756,0.89157,0.90754,0.93094,0.94848,0.96445,0.98178,1.0054,1.0277,1.0463,0.86098,1.0646,1.0873,1.1032,1.1282,1.1532,1.1703,1.1941,1.2162,1.2441,1.26,0.84501,1.276,1.292,1.3079,1.3239,1.3399,1.3559,1.3718,1.3878,1.4038,1.4197,0.82904,1.4447,1.4607,1.4767,1.4926,1.5086,1.5246,1.5369,1.5475,1.5635,1.5705,0.81801,1.5864,1.5999,1.5999,1.6074,1.6233,1.6303,1.6463,1.6622,1.6692,1.6852,0.79709,1.6899,1.6899,1.6899,1.6989,1.6989,1.7079,1.7079,1.7018,1.599,0.78112,0.76515,0.74918,0.73321,0.71724,0.70914,0.69429,0.67832,0.66235,0.64638,1.5831,0.63041,0.61444,0.61016,0.60049,0.58452,0.56855,0.55258,0.5456,0.52963,0.52019,1.5671,0.52019,0.49387,0.43786,0.41221,0.37982,0.3661,0.34788,0.34023,0.31234,0.29996,1.5511,0.28624,0.27679,0.24485,0.21673,0.19581,0.15915,0.15127,0.12698,0.11528,0.10628,1.5369,0.097286,0.06332,0.046449,0.031377,0.025304,0.009557,-0.025084,-0.064675,-0.097067,-0.16343,1.5282,-0.17265,-0.18637,-0.19334,-0.20032,-0.20864,-0.21764,-0.22124,-0.23563,-0.24418,-0.25363,1.0,1.0
0.74476,0.54755,0.3973,1.9593,1.9853,2.005,2.0247,2.0445,2.0298,1.9625,1.8507,1.7164,1.6375,0.39417,1.496,1.3796,1.2957,1.1971,1.0985,0.9858,0.87624,0.77419,0.65586,0.55538,0.3829,0.44425,0.33313,0.21386,-0.10167,-0.23816,-0.33676,-0.43537,-0.53366,-0.61254,-0.67671,0.36912,-0.73588,-0.79097,-0.83041,-0.86985,-0.9093,-0.94091,-0.95813,-0.95813,-0.95813,-0.95813,0.3685,-0.95187,-0.93121,-0.89177,-0.86766,-0.82791,-0.77344,-0.734,-0.67546,-0.6163,-0.55714,0.34878,-0.49797,-0.43881,-0.36212,-0.28323,-0.20435,-0.12547,-0.046581,0.032303,0.12183,0.22043,0.34408,0.31904,0.41764,0.51625,0.61485,0.71346,0.81206,0.91067,1.0093,1.1004,1.1814,0.34408,1.28,1.3621,1.4409,1.5139,1.573,1.6322,1.6914,1.7408,1.7803,1.8197,0.3397,1.8592,1.8851,1.9049,1.9218,1.9218,1.9218,1.9099,1.877,1.8141,1.6958,0.31998,1.6244,1.5342,1.4259,1.347,1.2682,1.1752,1.0766,0.97797,0.87937,0.76292,0.47994,0.31904,0.64459,0.51907,0.3829,0.26457,0.14625,0.016964,-0.11545,-0.23722,-0.57247,-0.74589,0.31904,-0.84544,-0.92839,-1.027,-1.1071,-1.186,-1.2571,-1.3162,-1.3754,-1.4177,-1.4571,0.31904,-1.4903,-1.51,-1.5297,-1.5341,-1.5341,-1.5294,-1.5097,-1.4709,-1.4452,-1.4086,0.31904,-1.3525,-1.3131,-1.2386,-1.1719,-1.1059,-1.027,-0.94811,-0.85326,-0.7653,-0.6811,0.31904,-0.58249,-0.48389,-0.38528,-0.28668,-0.18432,-0.065989,0.034181,0.13279,0.2389,0.35504,0.31904,0.45364,0.55225,0.65085,0.74351,0.82302,0.92163,1.0052,1.0841,1.163,1.2419,0.31904,1.302,1.3611,1.4203,1.4766,1.5161,1.5555,1.5831,1.6094,1.6463,1.6463,0.31247,1.6619,1.6713,1.6663,1.6466,1.5298,1.4538,1.3946,1.332,1.2531,1.1742,0.29275,1.0828,0.98423,0.88563,0.78702,0.68842,0.57886,0.46616,0.36725,0.24892,0.14531,0.27302,0.046702,-0.051903,-0.15051,-0.24911,-0.34772,-0.4385,-0.54493,-0.84074,-0.93371,-0.99288,0.46929,0.14374,-1.0458,-1.0852,-1.1247,-1.1641,-1.2035,-1.2383,-1.258,-1.2777,-1.2975,-1.3172,0.058284,-1.3369,-1.3566,-1.3588,-1.371,-1.3839,-1.3839,-1.3839,-1.3839,-1.3839,-1.3839,0.033555,-1.3839,-1.3641,-1.3444,-1.3338,-1.33,-1.3103,-1.2906,-1.2708,-1.2511,-1.2292,-0.005887,-1.1898,-1.1669,-1.1472,-1.1215,-1.0827,-1.063,-1.0282,-0.99851,-0.97441,-0.93496,-0.064737,-0.9143,-0.88112,-0.84168,-0.80224,-0.7628,-0.74057,-0.70896,-0.67609,-0.65511,-0.61567,-0.10981,-0.59188,-0.57216,-0.55244,-0.53272,-0.49359,-0.46823,-0.44851,-0.42879,-0.40907,-0.38935,-0.14926,-0.36963,-0.34991,-0.33394,-0.35367,-0.35711,-0.36806,-0.38215,-0.38215,-0.38215,-0.38215,-0.19214,-0.38215,-0.38215,-0.38215,-0.38215,-0.38215,-0.38215,-0.38215,-0.38215,-0.38215,-0.38215,-0.2513,-0.38215,-0.38215,-0.38215,-0.36681,-0.35711,-0.35711,-0.35711,-0.35711,-0.35711,-0.35711,-0.31047,-0.35711,-0.35711,-0.35711,-0.35711,-0.35711,-0.35867,-0.37839,-0.38215,0.46554,-0.35711,-0.40375,-0.46291,-0.52208,-0.56496,-0.61536,-0.67452,-0.73337,-0.77281,-0.81226,0.44582,-0.8517,-0.89114,-0.93058,-0.95156,-0.97128,-0.991,-1.0082,-1.0082,-1.0082,-1.0082,0.44425,-1.002,-0.98129,-0.94185,-0.91775,-0.87799,-0.81883,-0.75967,-0.7005,-0.64134,-0.57373,0.43142,-0.49484,-0.41596,-0.33707,-0.24598,-0.15426,-0.073815,0.02479,0.10743,0.19696,0.29556,0.41921,0.39417,0.47305,0.56633,0.66494,0.76354,0.86215,0.96075,1.0465,1.1329,1.2315,0.41702,1.3301,1.4121,1.491,1.5699,1.6488,1.7277,1.7915,1.841,1.8804,1.9199,2.0,2.0
2.1244,1.8785,1.433,-0.36452,-0.38344,-0.40235,-0.42127,-0.44018,-0.4591,-0.48266,-0.50788,-0.5331,-0.55689,1.4015,-0.5758,-0.5977,-0.62292,-0.64815,-0.67337,-0.69859,-0.72381,-0.74903,-0.77425,-0.79947,1.37,-0.82469,-0.84991,-0.87514,-0.90036,-0.92558,-0.9508,-0.97602,-1.0012,-1.0265,-1.0517,1.3385,-1.0769,-1.1021,-1.1273,-1.1526,-1.1778,-1.203,-1.2282,-1.2525,-1.2714,-1.2928,1.3069,-1.3181,-1.3392,-1.3581,-1.3827,-1.407,-1.4259,-1.4448,-1.4637,-1.4827,-1.5016,1.2754,-1.515,-1.5276,-1.5402,-1.5528,-1.5654,-1.578,-1.5906,-1.5978,-1.6041,-1.6104,1.2452,-1.6167,-1.623,-1.6256,-1.6256,-1.6203,-1.614,-1.6077,-1.6013,-1.595,-1.5887,1.22,-1.5824,-1.5709,-1.5588,-1.5525,-1.5442,-1.5315,-1.5189,-1.5063,-1.4937,-1.4811,1.1948,-1.4685,-1.4559,-1.4433,-1.4307,-1.4181,-1.4005,-1.3818,-1.3692,-1.3565,-1.3439,1.1695,-1.328,-1.3091,-1.295,-1.2823,-1.2634,-1.2462,-1.2335,-1.2177,-1.1988,-1.1799,1.6852,1.1443,-1.161,-1.1421,-1.1231,-1.1042,-1.0853,-1.0664,-1.0475,-1.0286,-1.0096,-0.99073,1.1191,-0.97182,-0.9529,-0.93398,-0.91507,-0.89615,-0.87724,-0.85832,-0.83941,-0.82049,-0.80157,1.0939,-0.77823,-0.75301,-0.73376,-0.71485,-0.69593,-0.67425,-0.64903,-0.62812,-0.60921,-0.59029,1.0687,-0.57138,-0.55246,-0.53354,-0.51463,-0.49571,-0.4768,-0.46363,-0.45102,-0.43841,-0.42326,1.0434,-0.40434,-0.39361,-0.38731,-0.37536,-0.36275,-0.35014,-0.33753,-0.32492,-0.31629,-0.30998,1.0127,-0.30368,-0.2966,-0.28399,-0.2737,-0.2674,-0.26109,-0.25479,-0.24848,-0.24217,-0.23587,0.97485,-0.22956,-0.22326,-0.21695,-0.21065,-0.20434,-0.19804,-0.19173,-0.18543,-0.17912,-0.17282,0.94996,-0.16651,-0.15501,-0.14284,-0.13653,-0.12824,-0.11563,-0.10302,-0.090406,-0.077796,-0.065185,0.93105,-0.052574,-0.039964,-0.027353,-0.011314,0.007602,0.02154,0.034372,0.053288,0.072203,0.091119,0.91799,0.11004,0.12895,0.14787,0.16678,0.1857,0.20461,0.22353,0.24245,0.26136,0.28028,1.6537,0.90207,0.29919,0.31811,0.33548,0.34809,0.36379,0.38271,0.39698,0.40959,0.41601,0.42375,0.87054,0.43636,0.44598,0.45229,0.46313,0.47574,0.48227,0.48724,0.48724,0.49012,0.49643,0.84432,0.50273,0.50904,0.50937,0.51059,0.51689,0.5232,0.5295,0.53581,0.54211,0.55428,0.82541,0.56689,0.5795,0.59211,0.60472,0.62154,0.64045,0.65937,0.67828,0.6972,0.71866,0.81069,0.74388,0.7691,0.79432,0.82519,0.85671,0.88824,0.91733,0.94255,0.97175,1.0033,0.79808,1.0348,1.0656,1.0908,1.1183,1.1499,1.1775,1.2027,1.2279,1.2532,1.2784,0.78547,1.3036,1.3288,1.3541,1.3793,1.4045,1.4297,1.4549,1.4865,1.5306,1.5601,0.76988,1.5791,1.6032,1.6279,1.6469,1.6658,1.6847,1.7001,1.7127,1.7253,1.7379,0.73835,1.7505,1.7631,1.7757,1.7883,1.801,1.8086,1.8149,1.8212,1.8275,1.8338,0.71446,1.8401,1.8464,1.843,1.8367,1.8304,1.8241,1.8178,1.8115,1.6222,0.70185,0.67696,0.64543,0.62519,0.6045,0.57297,0.54875,0.53614,0.52353,0.51092,1.5907,0.49831,0.4857,0.47309,0.45351,0.42198,0.40207,0.38946,0.37143,0.35251,0.3336,1.5591,0.31025,0.27873,0.25472,0.23581,0.21689,0.19632,0.15849,0.12696,0.10804,0.092779,1.5276,0.080168,0.05196,0.021761,0.009151,-0.005451,-0.024367,-0.043282,-0.062198,-0.070937,-0.077242,1.4961,-0.083548,-0.093614,-0.11253,-0.13145,-0.15036,-0.15932,-0.16651,-0.19804,-0.22425,-0.23687,1.4646,-0.24616,-0.25246,-0.26363,-0.27613,-0.28244,-0.2904,-0.30302,-0.31563,-0.32824,-0.3456,1.0,1.0
-2.1781,-2.0048,-1.6257,-0.77927,-0.77927,-0.77616,-0.76863,-0.76731,-0.76552,-0.75799,-0.75536,-0.75536,-0.75536,-1.5956,-0.75177,-0.74424,-0.7434,-0.7434,-0.7434,-0.7434,-0.74244,-0.73491,-0.73144,-0.73144,-1.5655,-0.72427,-0.71674,-0.70921,-0.70167,-0.69414,-0.68661,-0.67908,-0.67143,-0.65636,-0.64453,-1.5376,-0.63699,-0.62946,-0.62193,-0.6144,-0.60184,-0.58738,-0.57985,-0.57231,-0.56478,-0.55725,-1.515,-0.54972,-0.54219,-0.53465,-0.52712,-0.51959,-0.51206,-0.50452,-0.49699,-0.48946,-0.48193,-1.4978,-0.4744,-0.46686,-0.45933,-0.4518,-0.44427,-0.43674,-0.42586,-0.41079,-0.40218,-0.39262,-1.4827,-0.37756,-0.36249,-0.34743,-0.33236,-0.3173,-0.30223,-0.28024,-0.26015,-0.24509,-0.2244,-1.4677,-0.203,-0.18794,-0.17287,-0.15781,-0.14274,-0.12469,-0.1021,-0.091694,-0.082488,-0.067423,-1.4526,-0.057141,-0.049251,-0.034186,-0.022589,-0.015057,-0.007525,7e-06,0.007539,0.015071,0.022603,-1.4376,0.030135,0.033722,0.033722,0.040776,0.045678,0.045678,0.045678,0.046993,0.054525,0.057634,-1.8876,-1.4297,0.057634,0.057634,0.060742,0.068274,0.075806,0.081545,0.081545,0.086447,0.093979,0.10151,-1.4221,0.10904,0.11658,0.12411,0.13164,0.13917,0.15208,0.16619,0.17372,0.18532,0.20038,-1.4146,0.21545,0.23051,0.24558,0.25478,0.26375,0.27881,0.29388,0.30894,0.32401,0.33907,-1.4129,0.35414,0.3692,0.38426,0.39933,0.41439,0.42946,0.44452,0.45588,0.46341,0.47776,-1.4115,0.49043,0.49796,0.5055,0.51303,0.52056,0.52391,0.52391,0.5312,0.53586,0.53586,-1.404,0.53586,0.53586,0.53586,0.54053,0.54782,0.54782,0.54782,0.54782,0.55427,0.55977,-1.401,0.55977,0.56492,0.57173,0.57173,0.57556,0.58309,0.59062,0.59815,0.60568,0.61884,-1.4011,0.6327,0.64024,0.64777,0.6553,0.67025,0.68531,0.70037,0.70934,0.71855,0.73361,-1.4086,0.74389,0.75178,0.76685,0.77844,0.78598,0.80008,0.813,0.82053,0.83332,0.84755,-1.4129,0.85508,0.86656,0.88162,0.88963,0.8998,0.91486,0.92418,0.93303,0.9481,0.95874,-1.8499,-1.4129,0.96627,0.9738,0.98133,0.98887,0.9964,1.0039,1.0115,1.0141,1.0146,1.0221,-1.4129,1.0296,1.0372,1.038,1.0403,1.0478,1.05,1.0509,1.0584,1.066,1.0735,-1.4129,1.081,1.0858,1.0858,1.0917,1.0978,1.0978,1.1023,1.1097,1.1097,1.113,-1.4129,1.1205,1.1217,1.1217,1.1217,1.1267,1.1336,1.1336,1.1336,1.1336,1.1336,-1.4129,1.1336,1.1336,1.1336,1.1336,1.1336,1.1378,1.1454,1.1529,1.1604,1.168,-1.4129,1.1755,1.183,1.1906,1.2028,1.2176,1.2251,1.236,1.2511,1.2661,1.2812,-1.4129,1.2962,1.3165,1.3383,1.3534,1.3685,1.3835,1.3986,1.4111,1.4187,1.4318,-1.4129,1.4457,1.4532,1.4651,1.4801,1.4878,1.4953,1.5028,1.5104,1.5162,1.5162,-1.4129,1.5115,1.5043,1.5043,1.5077,1.5153,1.5228,1.5325,1.5476,1.5574,1.5666,-1.4129,1.5892,1.6078,1.6229,1.645,1.6702,1.7004,1.7247,1.746,-1.8185,-1.4129,-1.4129,-1.4074,-1.401,-1.401,-1.3968,-1.3892,-1.389,-1.3861,-1.3786,-1.7865,-1.3711,-1.3635,-1.356,-1.3485,-1.3409,-1.3334,-1.3259,-1.3184,-1.3108,-1.3033,-1.7489,-1.2958,-1.2882,-1.2807,-1.2732,-1.2656,-1.2581,-1.2506,-1.243,-1.2355,-1.2223,-1.7161,-1.2085,-1.2009,-1.1891,-1.174,-1.159,-1.1469,-1.1394,-1.1257,-1.109,-1.0864,-1.686,-1.0686,-1.0535,-1.0385,-1.0199,-0.99734,-0.98132,-0.9641,-0.94151,-0.92417,-0.90911,-1.6559,-0.89404,-0.87898,-0.86391,-0.84885,-0.83642,-0.82888,-0.81561,-0.80186,-0.79433,-0.7868,3.0,5.0
0.24588,0.22415,0.24588,0.99543,1.0688,1.1421,1.1964,1.267,1.3159,1.3702,1.4272,1.4626,1.5114,0.24588,1.544,1.5685,1.5929,1.6174,1.6418,1.6662,1.6907,1.7151,1.7233,1.7043,0.25674,1.7015,1.6771,1.6527,1.6282,1.6038,1.5658,1.5332,1.4897,1.4408,1.3919,0.2676,1.3431,1.286,1.2127,1.153,1.0878,1.0144,0.94112,0.86779,0.79447,0.72114,0.2676,0.64781,0.57449,0.48487,0.40611,0.33278,0.23773,0.1644,0.082927,-0.003978,-0.090884,0.2676,-0.17236,-0.26469,-0.34074,-0.41678,-0.50912,-0.58244,-0.66663,-0.75082,-0.82415,-0.89748,0.28933,-0.9708,-1.0441,-1.112,-1.1609,-1.2098,-1.2451,-1.2858,-1.3157,-1.3401,-1.3646,0.28933,-1.389,-1.4135,-1.4379,-1.4624,-1.4705,-1.4895,-1.4922,-1.4678,-1.4488,-1.4406,0.28933,-1.4162,-1.3918,-1.3673,-1.3619,-1.3401,-1.313,-1.2695,-1.2451,-1.2098,-1.1609,0.29748,-1.1283,-1.0659,-1.0143,-0.96537,-0.91105,-0.83773,-0.77526,-0.7128,-0.63947,-0.56615,0.22415,0.31105,-0.49282,-0.41949,-0.34617,-0.27284,-0.18865,-0.10446,-0.014841,0.063917,0.15897,0.23501,0.29748,0.33278,0.4224,0.50659,0.60436,0.70213,0.78089,0.87594,0.94927,1.028,1.1176,0.27303,1.191,1.2507,1.3159,1.3702,1.4191,1.468,1.5169,1.5576,1.5929,1.6282,0.24859,1.6527,1.6771,1.7015,1.6988,1.6744,1.6499,1.6255,1.6011,1.5766,1.5332,0.20242,1.4843,1.4354,1.3865,1.3295,1.2562,1.1828,1.1095,1.0362,0.96285,0.8868,0.17526,0.79447,0.71299,0.62609,0.53918,0.45771,0.36537,0.2676,0.19156,0.09379,0.004169,0.13181,-0.08002,-0.17779,-0.25926,-0.3516,-0.44937,-0.52541,-0.61775,-0.69922,-0.78613,-0.85945,0.099222,-0.93278,-1.0061,-1.0794,-1.131,-1.1989,-1.256,-1.3184,-1.3673,-1.3999,-1.4434,0.050338,-1.4922,-1.5167,-1.5466,-1.5873,-1.6117,-1.6226,-1.6389,-1.6633,-1.666,-1.6851,0.015032,-1.6606,-1.6443,-1.6335,-1.609,-1.5683,-1.5384,-1.4922,-1.4434,-1.3945,-1.3456,0.22415,-0.025705,-1.2967,-1.2342,-1.1772,-1.1093,-1.036,-0.98438,-0.91105,-0.82958,-0.74267,-0.66935,-0.074589,-0.59602,-0.50368,-0.42764,-0.32987,-0.23211,-0.13434,-0.036568,0.061201,0.15897,0.25674,-0.12347,0.35451,0.45228,0.55004,0.63967,0.72386,0.82162,0.9031,0.97642,1.0498,1.1231,-0.17236,1.191,1.248,1.3105,1.3458,1.3865,1.4354,1.4626,1.487,1.506,1.4979,-0.22667,1.4734,1.449,1.4245,1.3811,1.3322,1.2806,1.2073,1.1421,1.0823,0.99543,-0.29185,0.91396,0.84063,0.76731,0.69398,0.62065,0.54733,0.474,0.40068,0.34364,0.27575,-0.3516,0.22415,0.17526,0.12638,0.085643,0.061201,0.036759,0.012317,-0.012126,-0.036568,-0.039284,-0.41135,-0.058294,-0.058294,-0.058294,-0.058294,-0.058294,-0.058294,-0.058294,-0.06101,-0.08002,-0.088168,-0.47653,-0.10175,-0.10175,-0.11804,-0.14248,-0.1452,-0.16693,-0.16693,-0.17507,-0.18865,-0.18865,-0.53084,-0.20495,-0.21038,-0.21038,-0.21309,-0.23211,-0.23211,-0.23211,-0.23211,0.22415,-0.60145,-0.65034,-0.70465,-0.76983,-0.81872,-0.88118,-0.93821,-0.9871,-1.036,-1.0849,0.22415,-1.1337,-1.1745,-1.2098,-1.2451,-1.2695,-1.294,-1.3184,-1.3429,-1.3673,-1.3836,0.22415,-1.3836,-1.37,-1.3456,-1.3401,-1.3184,-1.294,-1.2641,-1.2234,-1.1881,-1.1392,0.22415,-1.0903,-1.0414,-0.99253,-0.92192,-0.8676,-0.80242,-0.74267,-0.66935,-0.61232,-0.54442,0.22415,-0.4711,-0.39777,-0.32987,-0.27284,-0.19952,-0.12619,-0.052862,0.020464,0.09379,0.16712,0.22686,0.24044,0.31377,0.3871,0.46042,0.53375,0.62609,0.70213,0.77546,0.84878,0.92211,0.0,0.0
-1.9449,-1.8963,-1.7359,-0.6012,-0.6012,-0.6012,-0.6012,-0.6012,-0.6012,-0.6012,-0.6012,-0.6093,-0.61108,-1.717,-0.62096,-0.63084,-0.64072,-0.6506,-0.66048,-0.67258,-0.68162,-0.70054,-0.71946,-0.73838,-1.6981,-0.7573,-0.77622,-0.79514,-0.81406,-0.83298,-0.8519,-0.87368,-0.89962,-0.92842,-0.94734,-1.6791,-0.96626,-0.99506,-1.014,-1.0329,-1.0759,-1.0952,-1.0952,-1.0853,-1.0754,-1.0736,-1.6602,-1.0557,-1.0456,-1.0359,-1.0177,-0.99876,-0.97984,-0.96092,-0.942,-0.92308,-0.90416,-1.6413,-0.88524,-0.86632,-0.8474,-0.81865,-0.79968,-0.77261,-0.74465,-0.71669,-0.64931,-0.58652,-1.6224,-0.56365,-0.53569,-0.50773,-0.47977,-0.45181,-0.4236,-0.38601,-0.35805,-0.32732,-0.29225,-1.6133,-0.25441,-0.21198,-0.16885,-0.13101,-0.083289,-0.045449,-0.007214,0.040111,0.077951,0.11579,-1.6043,0.15363,0.18159,0.20955,0.23751,0.26192,0.29072,0.31151,0.33844,0.35736,0.37628,-1.5953,0.3952,0.41412,0.42316,0.44208,0.461,0.47004,0.4856,0.498,0.50704,0.52512,-1.8774,-1.5862,0.535,0.54404,0.54488,0.55224,0.55476,0.55476,0.54992,0.54488,0.54172,0.53268,-1.5772,0.51524,0.49548,0.4858,0.45803,0.43808,0.41199,0.39036,0.36047,0.32811,0.29635,-1.5681,0.26231,0.23223,0.18663,0.15823,0.11095,0.081755,0.02539,-0.00257,-0.05029,-0.082845,-1.5595,-0.12597,-0.15032,-0.19177,-0.2178,-0.2466,-0.26602,-0.29492,-0.29492,-0.29492,-0.28815,-1.5501,-0.27516,-0.26019,-0.24127,-0.21247,-0.19098,-0.16302,-0.14583,-0.11703,-0.08902,-0.069309,-1.541,-0.030629,0.004741,0.038432,0.085312,0.11826,0.1561,0.19394,0.23178,0.26043,0.29773,-1.532,0.3453,0.43768,0.47305,0.51173,0.55041,0.57921,0.59813,0.61705,0.63597,0.65489,-1.52,0.67381,0.69273,0.71165,0.73057,0.74949,0.76841,0.78733,0.80625,0.82517,0.84409,-1.504,0.86301,0.88193,0.90085,0.91977,0.93869,0.95761,0.97653,0.99545,1.0144,1.0234,-1.4904,1.0423,1.0586,1.0703,1.0793,1.0982,1.1073,1.1179,1.1278,1.1344,1.1435,-1.8585,-1.4805,1.1476,1.1517,1.1574,1.1574,1.1574,1.1567,1.1476,1.1386,1.1296,1.1034,-1.4706,1.0819,1.0475,1.0195,0.97179,0.94077,0.88401,0.83713,0.78037,0.72361,0.69535,-1.458,0.6496,0.62673,0.59171,0.56375,0.54033,0.535,0.52512,0.52512,0.535,0.54522,-1.4489,0.55476,0.57318,0.59981,0.61102,0.63982,0.66393,0.70177,0.73961,0.77745,0.82517,-1.43,0.8719,0.90085,0.93869,0.96665,1.0887,1.1411,1.1731,1.2069,1.2307,1.2595,-1.4111,1.2809,1.3073,1.3262,1.3451,1.364,1.3829,1.4019,1.4143,1.4242,1.4341,-1.3922,1.444,1.4538,1.4637,1.4736,1.4835,1.4931,1.5032,1.5131,1.5301,1.5428,-1.3733,1.5581,1.5671,1.5761,1.5922,1.5942,1.6033,1.6123,1.6218,1.6403,1.6493,-1.3543,1.6583,1.6674,1.6764,1.691,1.7008,1.7134,1.7225,1.7315,1.7504,1.7601,-1.3354,1.7784,1.7973,1.8229,1.845,1.869,1.8927,1.9215,1.9405,-1.8395,-1.3106,-1.2826,-1.2589,-1.2301,-1.2013,-1.1824,-1.1536,-1.1347,-1.1256,-1.1067,-1.8206,-1.0878,-1.0787,-1.0598,-1.0508,-1.0319,-1.0129,-0.99402,-0.96522,-0.9463,-0.92738,-1.8065,-0.90846,-0.88954,-0.87062,-0.8517,-0.83278,-0.81386,-0.79494,-0.77602,-0.75927,-0.74806,-1.7927,-0.72963,-0.7201,-0.71106,-0.70202,-0.69298,-0.69012,-0.68024,-0.67574,-0.67036,-0.66048,-1.7737,-0.66048,-0.6506,-0.6506,-0.64126,-0.64072,-0.64072,-0.6339,-0.63084,-0.63084,-0.62654,-1.7548,-0.62096,-0.62096,-0.62096,-0.61108,-0.61108,-0.61108,-0.61108,-0.6012,-0.6012,-0.6012,5.0,5.0
-1.909,-1.8685,-1.666,-0.72114,-0.73734,-0.75353,-0.76973,-0.78593,-0.80213,-0.81833,-0.83452,-0.85072,-0.86692,-1.6417,-0.88312,-0.90742,-0.94791,-0.95601,-0.96411,-0.97221,-0.98031,-0.98031,-0.98031,-0.97761,-1.6174,-0.96951,-0.96141,-0.95331,-0.94251,-0.92631,-0.91012,-0.89392,-0.87502,-0.85072,-0.82643,-1.5931,-0.78053,-0.73464,-0.71034,-0.67794,-0.64555,-0.61585,-0.59155,-0.55916,-0.52676,-0.49436,-1.5742,-0.46197,-0.43767,-0.40797,-0.37828,-0.35398,-0.32158,-0.29459,-0.27029,-0.24599,-0.22169,-1.558,-0.2028,-0.1866,-0.1704,-0.1542,-0.138,-0.1245,-0.11641,-0.10021,-0.089409,-0.08131,-1.5418,-0.073211,-0.073211,-0.067811,-0.059712,-0.051613,-0.051613,-0.051613,-0.051613,-0.051613,-0.051613,-1.5256,-0.051613,-0.051613,-0.051613,-0.059712,-0.067811,-0.07591,-0.084009,-0.092108,-0.10561,-0.11911,-1.5094,-0.1272,-0.1434,-0.1542,-0.165,-0.1812,-0.1974,-0.21359,-0.22709,-0.23519,-0.27569,-1.4932,-0.29459,-0.30268,-0.31078,-0.31888,-0.32158,-0.32158,-0.32158,-0.31348,-0.30538,-0.29729,-1.8442,-1.4771,-0.28919,-0.28109,-0.26759,-0.25139,-0.23519,-0.21899,-0.2028,-0.1866,-0.1704,-0.089409,-1.469,-0.046214,-0.021916,0.002381,0.026678,0.045576,0.067174,0.09957,0.12387,0.14816,0.17246,-1.4609,0.19676,0.22106,0.24535,0.26965,0.29395,0.32634,0.35334,0.37764,0.40194,0.42623,-1.4528,0.44513,0.46403,0.48833,0.51262,0.53152,0.54772,0.56392,0.58012,0.59631,0.61251,-1.4447,0.62871,0.64491,0.65571,0.66381,0.67191,0.68,0.6881,0.6935,0.6935,0.6935,-1.4366,0.6935,0.6908,0.6827,0.6827,0.6773,0.66921,0.66111,0.64491,0.63411,0.62331,-1.4393,0.60711,0.59091,0.57472,0.55582,0.53152,0.51532,0.49912,0.48023,0.45593,0.43973,-1.4474,0.42353,0.40194,0.36954,0.35334,0.33714,0.32364,0.31555,0.28315,0.27235,0.26965,-1.4555,0.26155,0.26155,0.26695,0.27235,0.27235,0.28045,0.28855,0.29935,0.31555,0.32364,-1.4555,0.33174,0.34254,0.35874,0.37494,0.39114,0.40734,0.42353,0.43973,0.46133,0.48563,-1.8253,-1.4609,0.50992,0.58282,0.62331,0.65031,0.6827,0.707,0.7313,0.7583,0.79069,0.81499,-1.4663,0.84469,0.87438,0.89868,0.92298,0.94727,0.97427,1.0067,1.0229,1.0445,1.0688,-1.4663,1.0931,1.1174,1.1363,1.1552,1.1794,1.1956,1.2118,1.228,1.2442,1.2604,-1.4663,1.2766,1.2901,1.2982,1.3144,1.3252,1.3333,1.3414,1.3495,1.3576,1.3657,-1.4663,1.3738,1.3819,1.39,1.3954,1.3954,1.4035,1.4062,1.4062,1.4062,1.4143,-1.4636,1.417,1.417,1.417,1.4089,1.4062,1.4062,1.4062,1.4062,1.4008,1.3954,-1.4555,1.3954,1.3873,1.3954,1.4089,1.417,1.4251,1.4278,1.4305,1.4386,1.4467,-1.4555,1.4548,1.4629,1.471,1.4872,1.498,1.5088,1.525,1.5412,1.552,1.5628,-1.4501,1.579,1.6033,1.6222,1.6411,1.6654,1.6816,1.7032,1.7275,1.7518,1.7761,-1.442,1.795,1.8139,1.8382,1.8625,1.8868,1.9111,1.9354,1.9516,-1.801,-1.4339,-1.4177,-1.4069,-1.3961,-1.3799,-1.3718,-1.3583,-1.3448,-1.3367,-1.3205,-1.7767,-1.3043,-1.2908,-1.2827,-1.2665,-1.2503,-1.2341,-1.2179,-1.2017,-1.1855,-1.1666,-1.7524,-1.1423,-1.1261,-1.1099,-1.0937,-1.0775,-1.0613,-1.0451,-1.0289,-1.0127,-0.98841,-1.7281,-0.96951,-0.95331,-0.93711,-0.92091,-0.89932,-0.87772,-0.86152,-0.83722,-0.81293,-0.79133,-1.7038,-0.77513,-0.75893,-0.73734,-0.71574,-0.69954,-0.69144,-0.67794,-0.66444,-0.65634,-0.65634,-1.6876,-0.65095,-0.64825,-0.65634,-0.65634,-0.66174,-0.66984,-0.67794,-0.68604,-0.69954,-0.71304,5.0,5.0
-0.70014,-0.67559,-0.66417,-1.4106,-1.386,-1.3504,-1.319,-1.2944,-1.2579,-1.2273,-1.2023,-1.1654,-1.1357,-0.66417,-1.1098,-1.073,-1.044,-1.0173,-0.98046,-0.9524,-0.92479,-0.88796,-0.86076,-0.83229,-0.66417,-0.79547,-0.76912,-0.74457,-0.72001,-0.68413,-0.65293,-0.62837,-0.60382,-0.5728,-0.53673,-0.66417,-0.51218,-0.48763,-0.46308,-0.43853,-0.41398,-0.3919,-0.37962,-0.35831,-0.33709,-0.32481,-0.66417,-0.30264,-0.28227,-0.27,-0.25772,-0.24545,-0.23317,-0.2209,-0.20862,-0.19634,-0.18407,-0.66417,-0.17179,-0.16055,-0.16055,-0.15295,-0.14068,-0.1284,-0.11613,-0.10385,-0.091574,-0.079299,-0.66417,-0.067023,-0.054747,-0.042472,-0.030196,-0.017921,-0.005645,0.006631,0.018906,0.031182,0.043458,-0.66417,0.055733,0.068009,0.080285,0.09256,0.10484,0.12498,0.14737,0.15965,0.18065,0.20219,-0.66929,0.21446,0.23632,0.257,0.26928,0.29198,0.31653,0.34109,0.36564,0.38461,0.39689,-0.68157,0.4213,0.44586,0.47041,0.49496,0.51951,0.54406,0.56861,0.59316,0.61771,0.64227,-0.66417,-0.68215,0.66682,0.69137,0.71592,0.74047,0.76502,0.78957,0.81412,0.83868,0.86323,0.88778,-0.68215,0.91817,0.95487,0.97942,1.004,1.0285,1.0531,1.0776,1.1022,1.1267,1.1513,-0.68215,1.1758,1.2004,1.2249,1.2495,1.274,1.2986,1.3231,1.3477,1.3722,1.3915,-0.68215,1.4038,1.4279,1.4525,1.477,1.5016,1.5191,1.5327,1.5572,1.574,1.5862,-0.68215,1.5985,1.6108,1.6231,1.6353,1.6476,1.6599,1.6722,1.674,1.6787,1.691,-0.68215,1.692,1.6865,1.6742,1.674,1.6677,1.6554,1.6431,1.6308,1.6186,1.6063,-0.68215,1.594,1.5817,1.5695,1.5572,1.5417,1.5171,1.4926,1.4721,1.4598,1.4369,-0.68984,1.4074,1.3706,1.3453,1.3207,1.2961,1.2592,1.2291,1.2036,1.1667,1.1299,-0.70014,1.0931,1.0563,1.0194,0.98526,0.96071,0.92694,0.89012,0.85329,0.81646,0.784,-0.70014,0.75945,0.72397,0.69236,0.66781,0.63147,0.60072,0.57617,0.55161,0.52706,0.50251,-0.66417,-0.70014,0.47796,0.45341,0.43093,0.41865,0.39774,0.37611,0.36384,0.34207,0.3213,0.30902,-0.70014,0.29675,0.28447,0.2722,0.24873,0.22966,0.21738,0.21716,0.21082,0.19854,0.18627,-0.70014,0.17399,0.16172,0.14944,0.15326,0.1632,0.1632,0.1632,0.1632,0.1632,0.1632,-0.70014,0.1632,0.1632,0.17381,0.18119,0.18119,0.18119,0.18119,0.18123,0.19351,0.19917,-0.70014,0.20007,0.21235,0.21716,0.21716,0.21716,0.22548,0.23515,0.23515,0.24432,0.25313,-0.70014,0.25313,0.25313,0.25745,0.26972,0.282,0.28911,0.28911,0.30084,0.30709,0.30741,-0.71039,0.31968,0.32508,0.32625,0.33852,0.34306,0.34509,0.35736,0.36964,0.37904,0.37904,-0.74083,0.38848,0.39702,0.39702,0.40732,0.41501,0.41501,0.41501,0.42045,0.43273,0.445,-0.80221,0.45098,0.45098,0.45098,0.45098,0.45098,0.45098,0.45098,0.45098,0.45098,0.45098,-0.81916,0.45098,0.45098,0.45098,0.45098,0.45098,0.44041,0.433,0.433,-0.66417,-0.83144,-0.84372,-0.86795,-0.9175,-0.99116,-1.0648,-1.11,-1.1388,-1.2002,-1.2377,-0.66417,-1.2712,-1.3449,-1.3744,-1.4022,-1.4759,-1.5109,-1.5512,-1.6249,-1.6459,-1.663,-0.66417,-1.6876,-1.7463,-1.7906,-1.8152,-1.8275,-1.8398,-1.8553,-1.9167,-1.9486,-1.9675,-0.66417,-2.0289,-2.0573,-2.0646,-2.0523,-2.04,-2.0278,-2.0155,-2.0032,-1.9867,-1.9621,-0.66417,-1.9484,-1.931,-1.9065,-1.8936,-1.8754,-1.8508,-1.8263,-1.8017,-1.7772,-1.7526,-0.66417,-1.7281,-1.7016,-1.6647,-1.6364,-1.6091,-1.5722,-1.5354,-1.5022,-1.4777,-1.4429,4.0,4.0
0.75914,0.84787,0.87745,0.19713,0.27285,0.36159,0.45388,0.5296,0.6349,0.72009,0.81593,0.91413,0.99636,0.8603,1.0727,1.1608,1.2537,1.3294,1.4075,1.5105,1.5862,1.6542,1.7364,1.7891,0.84787,1.8595,1.924,1.947,1.9997,2.0523,2.105,2.1281,2.1511,2.1789,2.1789,0.84373,2.031,1.7974,1.6193,1.5655,1.5128,1.3714,1.2005,1.1224,1.0656,0.97092,0.81829,0.90112,0.81948,0.76624,0.63845,0.51304,0.36869,-0.26904,-0.34476,-0.42049,-0.49621,0.81829,-0.60151,-0.67724,-0.75296,-0.81862,-0.90086,-0.95351,-1.0062,-1.0588,-1.141,-1.1937,0.78872,-1.2463,-1.299,-1.3221,-1.3706,-1.3706,-1.4002,-1.4002,-1.4002,-1.4002,-1.4002,0.78872,-1.3706,-1.3706,-1.341,-1.341,-1.3114,-1.2966,-1.2736,-1.2505,-1.1978,-1.1748,0.78872,-1.1221,-1.0695,-1.0168,-0.99373,-0.94108,-0.88843,-0.83578,-0.78313,-0.7009,-0.64825,0.78872,-0.5956,-0.51396,-0.46071,-0.37848,-0.29625,-0.21107,-0.13179,-0.049562,0.032668,0.1149,0.86444,0.78872,0.19713,0.27285,0.36159,0.44382,0.5296,0.60828,0.71063,0.80232,0.89165,0.96737,0.77748,1.049,1.1312,1.2135,1.2957,1.3756,1.4513,1.5412,1.6246,1.6773,1.7299,0.75914,1.7826,1.8057,1.8051,1.6779,1.6548,1.4838,1.4016,1.3194,1.1673,1.0774,0.75914,1.0017,0.90171,0.82066,0.76683,0.6846,0.59349,0.49056,0.4379,0.35567,0.2906,0.75914,0.21488,0.10957,-0.26549,-0.41043,-0.46308,-0.52165,-0.62754,-0.69972,-0.76242,-0.80857,0.75914,-0.83815,-0.91387,-0.97303,-1.0357,-1.1079,-1.1339,-1.1836,-1.2067,-1.2523,-1.2824,0.72956,-1.3114,-1.3582,-1.3812,-1.4043,-1.4297,-1.4504,-1.4593,-1.4593,-1.4889,-1.4889,0.72956,-1.4593,-1.4593,-1.4297,-1.4019,-1.3789,-1.3262,-1.2736,-1.2209,-1.1683,-1.0973,0.72956,-1.0334,-0.9754,-0.89849,-0.82395,-0.74823,-0.68138,-0.59915,-0.54649,-0.46426,-0.39919,0.72956,-0.2998,-0.21816,-0.11286,-0.00756,0.097743,0.20009,0.27877,0.36455,0.45979,0.53552,0.88751,0.72956,0.64082,0.76269,0.89757,1.0354,1.1472,1.2531,1.3413,1.4235,1.5057,1.5584,0.72956,1.611,1.6341,1.6465,1.63,1.501,1.4276,1.1886,1.1283,1.0537,1.0011,0.72956,0.9307,0.83663,0.74967,0.67217,0.58994,0.49292,0.3959,0.28054,0.17228,0.023794,0.70767,-0.092748,-0.666,-0.74704,-0.88962,-0.94227,-0.98604,-1.018,-1.0452,-1.0937,-1.1464,0.69998,-1.1694,-1.1931,-1.2227,-1.2387,-1.2523,-1.2818,-1.2818,-1.2623,-1.2523,-1.2227,0.72956,-1.1931,-1.17,-1.147,-1.0943,-1.0417,-0.989,-0.93635,-0.8837,-0.86063,-0.80798,0.72956,-0.75532,-0.70267,-0.65002,-0.59737,-0.54472,-0.49207,-0.43942,-0.38677,-0.33412,-0.28146,0.72956,-0.22881,-0.17616,-0.12351,-0.07086,-0.039505,-0.069085,-0.069085,-0.069085,-0.069085,-0.098664,0.72956,-0.098664,-0.098664,-0.098664,-0.12055,-0.12824,-0.12824,-0.12824,-0.12824,-0.12824,-0.12824,0.72956,-0.12824,-0.12824,-0.12824,-0.12824,-0.12824,-0.12824,-0.12824,-0.12824,0.90703,0.72956,0.72956,0.75914,0.77511,0.78872,0.81534,0.78872,0.58343,0.45033,0.39117,0.90703,0.31545,0.23972,0.18056,0.098334,0.042133,-0.036548,-0.11878,-0.21462,-0.31992,-0.42463,0.90703,-0.50094,-0.57667,-0.67132,-0.72811,-0.8062,-0.87956,-0.94108,-0.99373,-1.0464,-1.099,0.90703,-1.1339,-1.1748,-1.1978,-1.2227,-1.244,-1.2523,-1.2818,-1.2818,-1.257,-1.2339,0.90703,-1.2108,-1.1582,-1.1055,-1.0825,-1.0298,-0.97717,-0.92452,-0.84643,-0.77071,-0.69498,0.87745,-0.5956,-0.51396,-0.43114,-0.34891,-0.28679,-0.21402,-0.13534,-0.059619,0.032668,0.1149,2.0,2.0
0.1507,0.29874,0.3346,-0.80559,-0.9128,-1.0016,-1.0904,-1.1528,-1.2313,-1.308,-1.3672,-1.4264,-1.4857,0.3346,-1.5246,-1.5673,-1.6206,-1.6502,-1.6799,-1.6672,-1.6376,-1.6079,-1.5783,-1.5487,0.3346,-1.4971,-1.4378,-1.3709,-1.2826,-1.2234,-1.1412,-1.0366,-0.92678,-0.83648,-0.71805,0.3175,-0.59962,-0.48118,-0.36275,-0.24193,-0.093889,0.029325,0.16541,0.30297,0.4214,0.53983,0.28789,0.65827,0.7767,0.87233,0.93577,1.0246,1.0868,1.1265,1.1684,1.2225,1.2521,0.25828,1.2541,1.2337,1.2041,1.1745,1.1449,1.1153,1.0857,1.0419,0.98267,0.92345,0.22867,0.83481,0.74599,0.65716,0.56834,0.47878,0.36035,0.24191,0.10748,-0.040558,-0.18694,0.17387,-0.30538,-0.4479,-0.59594,-0.74398,-0.88945,-1.0079,-1.1263,-1.2447,-1.3525,-1.4378,0.13268,-1.4971,-1.5563,-1.6155,-1.6631,-1.6927,-1.7223,-1.7519,-1.7619,-1.7619,-1.7565,0.092219,-1.7269,-1.7251,-1.6839,-1.6381,-1.6022,-1.543,-1.4551,-1.3878,-1.3143,-1.2254,0.3346,0.033003,-1.1366,-1.0478,-0.93652,-0.81809,-0.69966,-0.58123,-0.46279,-0.32101,-0.17297,-0.024926,-0.026213,0.12128,0.23971,0.35814,0.49368,0.63179,0.75022,0.86865,0.96189,1.0507,1.1395,-0.085429,1.2284,1.3172,1.3799,1.4391,1.4983,1.5529,1.5826,1.6122,1.6418,1.6587,-0.16359,1.6642,1.6938,1.6955,1.6955,1.6955,1.689,1.6594,1.6298,1.6219,1.5929,-0.24064,1.541,1.5112,1.452,1.4154,1.3703,1.3028,1.2151,1.1559,1.0731,0.98432,-0.30446,0.8863,0.76787,0.64944,0.55547,0.43207,0.29414,0.17571,0.057278,-0.086533,-0.21637,-0.39328,-0.3348,-0.45323,-0.57166,-0.6638,-0.77175,-0.86627,-0.93027,-1.0191,-1.0807,-1.1399,-0.4821,-1.1991,-1.2527,-1.2823,-1.34,-1.3783,-1.4079,-1.4375,-1.4671,-1.4676,-1.4895,-0.57093,-1.4897,-1.4601,-1.4305,-1.4009,-1.3713,-1.326,-1.2753,-1.2444,-1.1852,-1.1259,-0.65975,-1.0667,-0.99813,-0.90931,-0.82048,-0.73166,-0.64283,-0.55401,-0.46519,-0.37636,-0.28754,0.3346,-0.74306,-0.19871,-0.09867,0.015716,0.10454,0.19336,0.28219,0.38315,0.49662,0.58544,0.67427,-0.80228,0.76309,0.83886,0.90396,0.99278,1.0533,1.1125,1.1577,1.1942,1.2534,1.2833,-0.88945,1.313,1.3277,1.3354,1.3644,1.3644,1.3644,1.3644,1.3644,1.363,1.3334,-0.95749,1.3277,1.3109,1.2909,1.2885,1.2589,1.2293,1.182,1.1333,1.1004,1.0411,-1.0031,1.0077,0.9595,0.88888,0.80428,0.74507,0.68585,0.60714,0.53064,0.46627,0.37745,-1.0327,0.28863,0.22021,0.161,0.10178,0.042566,-0.01665,-0.054534,-0.098303,-0.15053,-0.18014,-1.0623,-0.18032,-0.20257,-0.2171,-0.2171,-0.2171,-0.2171,-0.2171,-0.2171,-0.2171,-0.2171,-1.0919,-0.2171,-0.2171,-0.2171,-0.2171,-0.2171,-0.2171,-0.24211,-0.25388,-0.25388,-0.25388,-1.1215,-0.25388,-0.25388,-0.25388,-0.26547,-0.29066,-0.29066,-0.39806,-0.45746,-0.47456,-0.4799,-1.1366,-0.50951,-0.53911,-0.54812,-0.56155,-0.59116,-0.62077,-0.65037,-0.80908,0.3346,-1.1293,-1.0996,-1.07,-1.0404,-1.0108,-0.97294,-0.91372,-0.8545,-0.77175,-0.69929,0.3346,-0.63088,-0.54003,-0.4216,-0.32763,-0.22152,-0.10308,0.018291,0.16633,0.28899,0.40743,0.3346,0.52586,0.64815,0.79619,0.89164,0.99959,1.1061,1.1901,1.2493,1.3358,1.3845,0.3346,1.427,1.4805,1.5101,1.5397,1.5274,1.4978,1.4682,1.4386,1.409,1.3575,0.3346,1.313,1.2758,1.2162,1.1274,1.0614,0.98653,0.89771,0.80888,0.72006,0.60751,0.3346,0.48908,0.37065,0.25001,0.10197,-0.046075,-0.19412,-0.33186,-0.45029,-0.56872,-0.68715,0.0,0.0
-2.1246,-2.0066,-1.8133,-0.46902,-0.47705,-0.48777,-0.50648,-0.51997,-0.5307,-0.54932,-0.56289,-0.58146,-0.60291,-1.7814,-0.61656,-0.63505,-0.6565,-0.67023,-0.68864,-0.70243,-0.71316,-0.73148,-0.76809,-0.78833,-1.7597,-0.79905,-0.80977,-0.8205,-0.83122,-0.83453,-0.84192,-0.84528,-0.84528,-0.84528,-0.84528,-1.7279,-0.84528,-0.83805,-0.82732,-0.8166,-0.80588,-0.79515,-0.78443,-0.76664,-0.75223,-0.73449,-1.7061,-0.71305,-0.6916,-0.67709,-0.61111,-0.56276,-0.53446,-0.50911,-0.48767,-0.45945,-0.42728,-1.6743,-0.39511,-0.36294,-0.33077,-0.2986,-0.26643,-0.22767,-0.19133,-0.15916,-0.12699,-0.094823,-1.6524,-0.069103,-0.041233,-0.015459,0.012358,0.038185,0.053317,0.070329,0.091776,0.10699,0.11771,-1.631,0.12843,0.13916,0.14988,0.1606,0.17133,0.176,0.18202,0.18676,0.19272,0.19751,-1.6198,0.19751,0.19751,0.19165,0.18676,0.18095,0.17023,0.15375,0.13803,0.12161,0.10016,-1.5988,0.078714,0.057267,0.03582,0.014374,-0.007073,-0.02852,-0.049967,-0.071414,-0.092861,-0.11431,-1.9956,-1.5876,-0.13038,-0.1411,-0.15183,-0.17314,-0.19477,-0.20026,-0.20026,-0.20026,-0.20026,-0.20026,-1.5667,-0.20026,-0.19518,-0.18951,-0.18951,-0.18451,-0.17876,-0.17381,-0.16309,-0.15236,-0.14164,-1.5554,-0.13092,-0.11538,-0.093936,-0.072489,-0.046312,-0.018845,0.007278,0.085944,0.18374,0.22204,-1.5447,0.25878,0.29713,0.3293,0.36147,0.39365,0.42582,0.45358,0.47941,0.50722,0.533,-1.544,0.56087,0.58231,0.60376,0.62099,0.6359,0.65735,0.67466,0.68949,0.70686,0.71758,-1.544,0.73233,0.74978,0.7605,0.77122,0.78195,0.79267,0.80339,0.81412,0.82102,0.82481,-1.5541,0.83177,0.83177,0.83177,0.82809,0.81737,0.80665,0.79592,0.78162,0.76373,0.74948,-1.5548,0.72803,0.70659,0.68514,0.66711,0.653,0.63155,0.6101,0.59196,0.57796,0.55651,-1.5648,0.53829,0.52437,0.50292,0.48462,0.47078,0.45242,0.43864,0.42023,0.40047,0.36951,-1.5655,0.36655,0.35583,0.34801,0.34801,0.34801,0.35083,0.36156,0.37228,0.383,0.39373,-1.9742,-1.5556,0.40445,0.41783,0.43928,0.46333,0.4955,0.52512,0.54657,0.57052,0.60269,0.63241,-1.5548,0.67079,0.75295,0.78512,0.81729,0.84946,0.88163,0.91154,0.93299,0.95664,0.98663,-1.5548,1.0081,1.0274,1.0402,1.0617,1.0831,1.1025,1.1153,1.1367,1.1562,1.1669,-1.5548,1.1795,1.1973,1.1991,1.2098,1.2188,1.2188,1.2188,1.2188,1.2171,1.208,-1.5548,1.2064,1.1957,1.1865,1.185,1.1728,1.1528,1.1421,1.1314,1.1206,1.1099,-1.545,1.1005,1.0992,1.0898,1.0923,1.1125,1.1232,1.134,1.147,1.178,1.1995,-1.544,1.2209,1.2424,1.2649,1.296,1.3184,1.3506,1.3828,1.415,1.4471,1.4785,-1.544,1.5007,1.5321,1.5543,1.5857,1.6072,1.628,1.6393,1.6602,1.6715,1.6924,-1.544,1.7031,1.7138,1.7245,1.7353,1.746,1.7567,1.7674,1.7782,1.7889,1.7996,-1.5343,1.8103,1.821,1.8318,1.8425,1.8531,1.8532,1.8638,1.8639,-1.9528,-1.5333,-1.5236,-1.5129,-1.5022,-1.4915,-1.4808,-1.47,-1.4593,-1.4486,-1.4379,-1.9313,-1.4177,-1.4057,-1.3949,-1.3749,-1.3534,-1.3413,-1.3213,-1.2999,-1.2784,-1.2478,-1.9099,-1.2248,-1.1942,-1.1711,-1.1406,-1.1175,-1.087,-1.0549,-1.0316,-1.0013,-0.96909,-1.8884,-0.94579,-0.9155,-0.88333,-0.85995,-0.82974,-0.80631,-0.78486,-0.76341,-0.73331,-0.70977,-1.8565,-0.68832,-0.66687,-0.64543,-0.61546,-0.59178,-0.57034,-0.55733,-0.53819,-0.51675,-0.50366,-1.8348,-0.49293,-0.48221,-0.47149,-0.46076,-0.45826,-0.45007,-0.44751,-0.45566,-0.45826,-0.46635,5.0,5.0
0.31153,0.31153,0.29128,-0.083196,-0.001519,0.080159,0.15101,0.22327,0.30039,0.36638,0.42954,0.48399,0.53844,0.29128,0.59289,0.64735,0.7018,0.77619,0.83094,0.89906,0.96009,1.0072,1.0487,1.083,0.29128,1.1293,1.1716,1.2058,1.2515,1.2945,1.3262,1.3629,1.4009,1.4281,1.4553,0.29128,1.4825,1.5098,1.537,1.5642,1.5914,1.607,1.607,1.5814,1.5542,1.527,0.29128,1.4937,1.4392,1.3647,1.3033,1.2216,1.1197,1.038,0.95634,0.85442,0.76455,0.29128,0.67083,0.58915,0.49857,0.40555,0.32387,0.2422,0.17712,0.099085,0.017408,-0.081577,0.29128,-0.16619,-0.24787,-0.32954,-0.43146,-0.51314,-0.59482,-0.6765,-0.75817,-0.83985,-0.92153,0.29128,-1.0032,-1.0849,-1.1463,-1.228,-1.3091,-1.3711,-1.4382,-1.4927,-1.5471,-1.5863,0.29554,-1.6135,-1.6407,-1.668,-1.6749,-1.6925,-1.6758,-1.6688,-1.6415,-1.6143,-1.5829,0.31153,-1.5396,-1.4943,-1.4196,-1.3651,-1.3107,-1.236,-1.169,-1.0873,-1.0259,-0.9442,0.31153,0.31153,-0.86252,-0.78084,-0.69917,-0.61749,-0.52812,-0.43389,-0.35221,-0.26214,-0.16862,-0.089066,0.31153,-0.025506,0.040079,0.11477,0.17904,0.24392,0.32215,0.39331,0.46527,0.54694,0.62862,0.31153,0.7103,0.79198,0.86171,0.93509,1.0111,1.0655,1.12,1.1745,1.2423,1.3036,0.31153,1.358,1.4125,1.467,1.5136,1.5408,1.5883,1.6155,1.6428,1.6475,1.6383,0.31153,1.6111,1.5839,1.5566,1.5125,1.4544,1.3834,1.3113,1.2296,1.1366,1.046,0.31153,0.95928,0.86242,0.76171,0.65858,0.56415,0.45525,0.35282,0.25768,0.14878,0.039877,0.31153,-0.069026,-0.17702,-0.26659,-0.37549,-0.48278,-0.57306,-0.68196,-0.77062,-0.87021,-0.96819,0.3179,-1.0741,-1.1657,-1.2576,-1.3431,-1.4412,-1.5052,-1.5799,-1.6458,-1.709,-1.7433,0.33177,-1.7977,-1.833,-1.8603,-1.8875,-1.9147,-1.9419,-1.9556,-1.9556,-1.9556,-1.9413,0.33177,-1.9141,-1.8789,-1.8394,-1.7885,-1.7155,-1.6454,-1.5637,-1.482,-1.384,-1.2984,0.31153,0.33177,-1.2168,-1.1351,-1.0332,-0.95149,-0.85199,-0.76789,-0.67467,-0.58429,-0.48237,-0.40069,0.33177,-0.31902,-0.23734,-0.15566,-0.073986,0.007692,0.089369,0.19129,0.27297,0.35464,0.41608,0.31153,0.49776,0.56435,0.64087,0.71374,0.78398,0.86566,0.93782,1.0088,1.067,1.1214,0.30373,1.1759,1.2101,1.2536,1.2987,1.3283,1.3672,1.403,1.4302,1.4574,1.4847,0.27651,1.5119,1.5391,1.5263,1.4788,1.4516,1.4036,1.3417,1.2744,1.2188,1.1453,0.24928,1.0757,1.0142,0.94146,0.87112,0.79208,0.72801,0.66293,0.60848,0.55403,0.51688,0.23056,0.48561,0.44219,0.41496,0.38774,0.36051,0.33329,0.30606,0.27884,0.25161,0.22438,0.21507,0.19716,0.16993,0.14271,0.12935,0.12935,0.12176,0.1091,0.1091,0.1091,0.093822,0.18785,0.088863,0.088863,0.088863,0.088863,0.079147,0.068621,0.068621,0.068621,0.068621,0.068621,0.16062,0.068621,0.086737,0.088863,0.088863,0.088863,0.094429,0.1091,0.1091,0.31153,0.1334,0.10617,0.078944,0.051718,0.020849,-0.033603,-0.070443,-0.12226,-0.18805,-0.25141,0.31153,-0.30586,-0.36031,-0.41476,-0.46921,-0.52367,-0.55838,-0.61233,-0.66678,-0.72103,-0.75544,0.31153,-0.80989,-0.86434,-0.9109,-0.953,-1.0075,-1.0533,-1.0961,-1.1303,-1.1755,-1.2027,0.31153,-1.233,-1.2774,-1.3046,-1.3521,-1.3793,-1.4065,-1.4338,-1.4495,-1.468,-1.4849,0.29614,-1.4576,-1.4304,-1.3973,-1.3429,-1.3083,-1.234,-1.1795,-1.1248,-1.0504,-0.98165,0.29128,-0.89997,-0.82629,-0.75686,-0.67518,-0.5935,-0.49614,-0.40991,-0.32823,-0.24655,-0.16487,0.0,0.0
-0.6707,-0.65892,-0.65892,-1.4368,-1.4066,-1.383,-1.358,-1.3293,-1.3095,-1.2793,-1.2491,-1.219,-1.1888,-0.6707,-1.1586,-1.1402,-1.1101,-1.0874,-1.0615,-1.0455,-1.0247,-1.0035,-0.98845,-0.96959,-0.6707,-0.94649,-0.9314,-0.91632,-0.90123,-0.88615,-0.85928,-0.84419,-0.8291,-0.81402,-0.78715,-0.6707,-0.77206,-0.75698,-0.74189,-0.71502,-0.69993,-0.67542,-0.65797,-0.63865,-0.61602,-0.60093,-0.6707,-0.58349,-0.55897,-0.55285,-0.54059,-0.5255,-0.51749,-0.50712,-0.50382,-0.48873,-0.47365,-0.6707,-0.47035,-0.45856,-0.45196,-0.44677,-0.43357,-0.41849,-0.4034,-0.39963,-0.38502,-0.37606,-0.6707,-0.36663,-0.36333,-0.34825,-0.33316,-0.31807,-0.30299,-0.2879,-0.27282,-0.25773,-0.24265,-0.6707,-0.22049,-0.20069,-0.18372,-0.15873,-0.14365,-0.12856,-0.10169,-0.086602,-0.061616,-0.044645,-0.6707,-0.024845,-0.002688,0.023712,0.042098,0.066141,0.090655,0.10904,0.13497,0.1576,0.17693,-0.6707,0.19437,0.21888,0.23397,0.26084,0.2797,0.3028,0.32826,0.34664,0.37163,0.3952,-0.65892,-0.6707,0.42537,0.44376,0.46733,0.49231,0.5107,0.53616,0.55124,0.57764,0.60499,0.6262,-0.6707,0.65637,0.67476,0.70493,0.72756,0.75349,0.77187,0.79639,0.82043,0.83881,0.86521,-0.6707,0.88737,0.91754,0.93593,0.9661,0.98779,1.0147,1.0415,1.0632,1.0934,1.1118,-0.6707,1.1419,1.1641,1.1905,1.2207,1.2508,1.2716,1.2994,1.3296,1.3597,1.3899,-0.6707,1.4177,1.4385,1.4686,1.487,1.5134,1.5356,1.5554,1.5823,1.5973,1.6209,-0.6707,1.6393,1.6544,1.6695,1.6846,1.6879,1.7029,1.718,1.7331,1.7218,1.7157,-0.6707,1.7006,1.6973,1.6864,1.6789,1.6638,1.6511,1.6454,1.6393,1.6388,1.6237,-0.6707,1.6157,1.6054,1.5903,1.5752,1.5516,1.5332,1.5181,1.5031,1.488,1.4729,-0.6707,1.4578,1.4427,1.4276,1.4097,1.3857,1.3706,1.3555,1.3404,1.3253,1.2994,-0.6707,1.2834,1.2626,1.2414,1.2145,1.1995,1.1773,1.1575,1.1386,1.0986,1.0769,-0.65892,-0.6707,1.0618,1.0349,1.0132,0.99297,0.9661,0.94159,0.90434,0.88549,0.85861,0.8374,-0.67872,0.81666,0.78979,0.76621,0.73604,0.71011,0.69409,0.67334,0.65213,0.63657,0.6064,-0.68249,0.5833,0.55784,0.54134,0.52626,0.51117,0.49608,0.46921,0.45413,0.43904,0.42537,-0.68249,0.42066,0.40557,0.39048,0.3754,0.36644,0.35701,0.35371,0.34287,0.34287,0.33203,-0.68862,0.3193,0.31364,0.29856,0.28394,0.28017,0.26508,0.25,0.23491,0.21983,0.20474,-0.69427,0.18966,0.18966,0.18966,0.19956,0.20144,0.20616,0.21323,0.21323,0.21323,0.21323,-0.69427,0.21323,0.21323,0.21323,0.21323,0.22407,0.22501,0.22501,0.22501,0.22501,0.22501,-0.69427,0.23208,0.2368,0.2368,0.24198,0.24858,0.24858,0.25188,0.26037,0.26037,0.26037,-0.69427,0.26037,0.26037,0.26037,0.26037,0.26037,0.26037,0.26037,0.26037,0.26037,0.26037,-0.70512,0.26037,0.26037,0.26933,0.27216,0.27216,0.27216,0.27216,0.27404,-0.65892,-0.70606,-0.71172,-0.71785,-0.71785,-0.72162,-0.76499,-0.83005,-0.85692,-0.91679,-0.93848,-0.65892,-0.95356,-1.0559,-1.1134,-1.178,-1.2496,-1.2836,-1.3269,-1.3873,-1.416,-1.4311,-0.65892,-1.4556,-1.524,-1.5994,-1.6748,-1.7069,-1.722,-1.7597,-1.7993,-1.8615,-1.8766,-0.65892,-1.8846,-1.895,-1.8611,-1.8559,-1.8408,-1.8375,-1.8224,-1.8139,-1.804,-1.7889,-0.65892,-1.7738,-1.7588,-1.755,-1.7404,-1.7253,-1.7102,-1.6951,-1.68,-1.6649,-1.6499,-0.65892,-1.6348,-1.6197,-1.6046,-1.589,-1.5626,-1.5476,-1.5221,-1.5037,-1.4787,-1.4552,4.0,4.0
-2.1222,-1.9732,-1.818,-0.84262,-0.83099,-0.82715,-0.81651,-0.80587,-0.79522,-0.78458,-0.77394,-0.76329,-0.75265,-1.8066,-0.74957,-0.74299,-0.73235,-0.72171,-0.71106,-0.70042,-0.69141,-0.69077,-0.68012,-0.66948,-1.7853,-0.65884,-0.65651,-0.64918,-0.63854,-0.62789,-0.61725,-0.60323,-0.58433,-0.57369,-0.56305,-1.764,-0.5524,-0.54176,-0.53112,-0.52047,-0.50983,-0.49919,-0.49366,-0.48953,-0.47889,-0.46824,-1.7427,-0.4576,-0.44713,-0.44713,-0.4373,-0.42666,-0.41602,-0.39851,-0.3831,-0.37245,-0.36181,-1.7214,-0.35117,-0.3386,-0.31825,-0.3076,-0.29696,-0.28632,-0.28428,-0.27666,-0.26602,-0.25538,-1.7001,-0.24473,-0.23775,-0.23508,-0.22612,-0.22542,-0.21478,-0.21449,-0.20512,-0.19448,-0.19122,-1.6789,-0.18483,-0.17418,-0.16354,-0.15633,-0.15389,-0.14324,-0.1326,-0.12195,-0.11131,-0.10067,-1.6576,-0.090025,-0.086535,-0.08037,-0.069726,-0.059083,-0.04844,-0.037796,-0.027153,-0.016509,-0.005866,-1.6408,0.004777,0.015421,0.026064,0.029786,0.035719,0.046362,0.057006,0.064683,0.06666,0.077304,-1.9497,-1.6266,0.087947,0.087947,0.097602,0.10825,0.11889,0.12284,0.12854,0.13448,0.1382,0.14884,-1.6078,0.15948,0.17013,0.18077,0.181,0.19043,0.20107,0.20427,0.21072,0.22137,0.22753,-1.5957,0.23102,0.23916,0.24068,0.25132,0.26196,0.27261,0.28325,0.29389,0.30454,0.31518,-1.5749,0.32582,0.33647,0.34711,0.35775,0.3684,0.37904,0.38968,0.40033,0.40201,0.40998,-1.5643,0.42063,0.43127,0.44191,0.45256,0.4632,0.47384,0.48449,0.49513,0.50577,0.51642,-1.5435,0.52706,0.5377,0.54835,0.55899,0.56963,0.58028,0.58813,0.58993,0.59976,0.59976,-1.5314,0.59976,0.60924,0.61988,0.63053,0.63466,0.64018,0.65083,0.66147,0.66955,0.67112,-1.5207,0.68177,0.69241,0.70305,0.70445,0.71271,0.72335,0.72771,0.73301,0.74365,0.75098,-1.5101,0.75331,0.76395,0.77459,0.78524,0.78588,0.79489,0.80553,0.81618,0.82077,0.82583,-1.4994,0.83648,0.84712,0.85776,0.86841,0.87905,0.88969,0.90034,0.91098,0.92162,0.92546,-1.9303,-1.4888,0.93128,0.94192,0.94873,0.95158,0.96222,0.97286,0.98351,0.99415,0.99525,1.0038,-1.4781,1.0144,1.0185,1.0241,1.0302,1.0338,1.0418,1.0434,1.0534,1.0534,1.0637,-1.4675,1.065,1.0734,1.0767,1.083,1.0883,1.0927,1.0999,1.1023,1.1116,1.1116,-1.4569,1.1116,1.1116,1.1206,1.1232,1.1232,1.1232,1.1283,1.1348,1.138,1.1465,-1.4475,1.1465,1.1466,1.1573,1.1581,1.1581,1.166,1.1697,1.1697,1.1697,1.1736,-1.4475,1.1814,1.1833,1.193,1.193,1.2036,1.2046,1.2046,1.2123,1.2163,1.2163,-1.4475,1.2209,1.2279,1.2306,1.2412,1.2512,1.2512,1.2615,1.2722,1.2828,1.2934,-1.4475,1.3105,1.3264,1.337,1.3511,1.3699,1.382,1.4028,1.4135,1.4343,1.4555,-1.4385,1.4687,1.4865,1.5078,1.5291,1.5462,1.56,1.5813,1.6013,1.612,1.6226,-1.4359,1.6432,1.6556,1.6662,1.6768,1.6875,1.6981,1.7088,1.7194,-1.9167,-1.4289,-1.4182,-1.4076,-1.397,-1.3863,-1.3757,-1.365,-1.3544,-1.3437,-1.3331,-1.9061,-1.3224,-1.3118,-1.3012,-1.2905,-1.2799,-1.2692,-1.2586,-1.2479,-1.2373,-1.2267,-1.8897,-1.2055,-1.1937,-1.1831,-1.1725,-1.1618,-1.1512,-1.1405,-1.1299,-1.1192,-1.1086,-1.8732,-1.0979,-1.0873,-1.0767,-1.0753,-1.067,-1.0564,-1.0457,-1.0404,-1.0361,-1.0254,-1.8588,-1.0148,-1.0041,-0.99384,-0.99384,-0.98384,-0.97319,-0.96255,-0.95191,-0.94731,-0.94225,-1.8375,-0.93161,-0.92405,-0.92196,-0.91131,-0.90067,-0.89003,-0.88915,-0.88037,-0.86973,-0.85908,3.0,5.0
0.55796,0.49668,0.4354,1.0074,1.0919,1.1649,1.2407,1.3122,1.3756,1.439,1.5024,1.5499,1.5922,0.4354,1.6345,1.6768,1.7191,1.7419,1.7428,1.7632,1.7632,1.7613,1.7242,1.593,0.4354,1.5303,1.4015,1.3326,1.2293,1.1022,1.0176,0.93302,0.83936,0.74345,0.64836,0.4354,0.54264,0.43693,0.33121,0.2255,0.11979,-0.26732,-0.46424,-0.54881,-0.63339,-0.71796,0.4354,-0.80253,-0.868,-0.93143,-1.0153,-1.0779,-1.1217,-1.1829,-1.2222,-1.2434,-1.2645,0.4354,-1.2856,-1.301,-1.3075,-1.3214,-1.3214,-1.3214,-1.312,-1.301,-1.2901,-1.269,0.4354,-1.2479,-1.2137,-1.1715,-1.1148,-1.0665,-1.0083,-0.94491,-0.88148,-0.81805,-0.73593,0.4354,-0.65136,-0.58691,-0.50265,-0.41695,-0.31308,-0.22595,-0.12024,-0.014526,0.091188,0.19149,0.4354,0.28219,0.38106,0.47319,0.57063,0.6552,0.73977,0.81392,0.88848,0.97306,1.0451,0.4354,1.1218,1.1923,1.2558,1.3192,1.3665,1.4088,1.4511,1.4751,1.4962,1.5174,0.49525,0.4354,1.5385,1.5385,1.5385,1.5385,1.5299,1.4736,1.431,1.3192,1.2386,1.1311,0.4354,1.0605,0.95232,0.82148,0.72506,0.59044,0.44306,0.33734,0.17086,0.023777,-0.081937,0.4354,-0.18765,-0.30838,-0.41951,-0.54166,-0.65136,-1.0609,-1.1915,-1.2953,-1.361,-1.4446,0.4354,-1.4869,-1.5291,-1.569,-1.587,-1.587,-1.587,-1.587,-1.5809,-1.5598,-1.5312,0.4354,-1.4889,-1.4466,-1.4043,-1.3517,-1.2883,-1.2249,-1.1614,-1.0848,-1.0142,-0.95073,0.4354,-0.87198,-0.80345,-0.72327,-0.6387,-0.57231,-0.48998,-0.40541,-0.32084,-0.23627,-0.15037,0.41681,-0.046699,0.040629,0.14634,0.24787,0.34225,0.45787,0.54877,0.65448,0.7602,0.85743,0.39566,0.94201,1.0365,1.121,1.1844,1.2599,1.3189,1.3747,1.4239,1.4662,1.5085,0.37452,1.5508,1.593,1.6176,1.6572,1.6803,1.7213,1.7428,1.7428,1.7428,1.7428,0.35338,1.7275,1.6331,1.5593,1.4003,1.331,1.2464,1.1324,0.98746,0.89053,0.79646,0.47625,0.32713,0.69074,0.59596,0.49974,0.39403,0.28832,0.1826,0.076889,-0.013606,-0.11411,-0.23647,0.20722,-0.60642,-0.74002,-0.84338,-0.9491,-1.0346,-1.1186,-1.1833,-1.2659,-1.3294,-1.3894,0.16493,-1.4317,-1.474,-1.5108,-1.5319,-1.553,-1.5665,-1.5749,-1.5779,-1.5665,-1.556,0.12265,-1.5349,-1.5137,-1.4926,-1.4581,-1.4158,-1.3735,-1.3312,-1.2889,-1.2297,-1.1839,0.07648,-1.1232,-1.0598,-0.99639,-0.93286,-0.8491,-0.78414,-0.69957,-0.615,-0.53043,-0.44586,0.017648,-0.36129,-0.27672,-0.19215,-0.10757,-0.03097,0.04114,0.11631,0.17974,0.24317,0.3066,-0.029949,0.35777,0.41303,0.46277,0.50506,0.54734,0.57379,0.59494,0.61608,0.63722,0.63967,-0.087351,0.63967,0.63967,0.61925,0.61925,0.61741,0.59882,0.59555,0.57839,0.57369,0.55255,-0.13638,0.53754,0.53754,0.52998,0.51711,0.51711,0.51711,0.51711,0.51711,0.52896,0.53754,-0.19235,0.53754,0.55153,0.55796,0.57339,0.57839,0.57839,0.57839,0.57839,0.47625,-0.24281,-0.30623,-0.36966,-0.43309,-0.50755,-0.58038,-0.6438,-0.70723,-0.77066,-0.83409,0.47268,-0.8822,-0.94052,-0.98719,-1.0469,-1.0922,-1.1534,-1.1972,-1.2395,-1.2613,-1.3023,0.45582,-1.3234,-1.3418,-1.3453,-1.3581,-1.3418,-1.3362,-1.3151,-1.2939,-1.2728,-1.2432,0.45582,-1.2101,-1.179,-1.1367,-1.0831,-1.0317,-0.97667,-0.91325,-0.84982,-0.78639,-0.72296,0.4501,-0.65953,-0.57905,-0.51225,-0.43033,-0.36496,-0.28162,-0.19705,-0.11248,-0.027906,0.056665,0.4354,0.14124,0.22581,0.31038,0.39495,0.47952,0.56409,0.64866,0.73323,0.82659,0.9228,2.0,2.0
-2.4924,-2.2316,-1.8537,-0.71831,-0.70411,-0.68992,-0.67573,-0.66153,-0.65713,-0.64538,-0.63119,-0.617,-0.6028,-1.8161,-0.59595,-0.58665,-0.57246,-0.57148,-0.56855,-0.55925,-0.55925,-0.55925,-0.55925,-0.54701,-1.7735,-0.54701,-0.54701,-0.54701,-0.54701,-0.54701,-0.54701,-0.53478,-0.53478,-0.53478,-0.52695,-1.7441,-0.52254,-0.51079,-0.49807,-0.49464,-0.48045,-0.46626,-0.46136,-0.45011,-0.43591,-0.42466,-1.7187,-0.41976,-0.40557,-0.40019,-0.38942,-0.38746,-0.37572,-0.37572,-0.36935,-0.36348,-0.3532,-1.6996,-0.35125,-0.33901,-0.33901,-0.33314,-0.32678,-0.32678,-0.31503,-0.31307,-0.30231,-0.29692,-1.678,-0.28273,-0.27783,-0.26658,-0.26462,-0.25043,-0.24113,-0.23428,-0.22889,-0.21813,-0.21617,-1.6638,-0.20442,-0.20002,-0.19219,-0.18387,-0.17995,-0.16772,-0.16772,-0.1638,-0.15548,-0.15548,-1.6497,-0.15548,-0.15548,-0.15548,-0.15548,-0.15548,-0.14814,-0.13395,-0.13101,-0.11878,-0.11878,-1.6355,-0.11388,-0.10654,-0.097731,-0.083538,-0.081581,-0.067388,-0.053195,-0.045364,-0.037044,-0.022851,-2.1993,-1.6237,-0.020893,-0.006701,0.007492,0.021685,0.035878,0.050071,0.064264,0.076989,0.083841,0.10146,-1.6237,0.1088,0.13229,0.14942,0.16361,0.17781,0.192,0.21305,0.23262,0.24681,0.26101,-1.6237,0.2752,0.28939,0.30359,0.31778,0.33197,0.34617,0.34812,0.36232,0.37064,0.37847,-1.6237,0.38287,0.39462,0.39511,0.39853,0.40734,0.40734,0.41664,0.41958,0.43181,0.43475,-1.6237,0.44405,0.44405,0.45286,0.45628,0.46852,0.47097,0.48075,0.48075,0.48075,0.49103,-1.6115,0.49299,0.49495,0.50522,0.5111,0.51746,0.52725,0.54144,0.5434,0.55759,0.57178,-1.6095,0.57864,0.58793,0.59087,0.60311,0.60604,0.61534,0.61534,0.61534,0.61534,0.61534,-1.5953,0.61779,0.62758,0.62758,0.62758,0.62758,0.62758,0.62758,0.62758,0.62758,0.62758,-1.5811,0.62758,0.62758,0.62758,0.631,0.63981,0.64715,0.65205,0.6633,0.67652,0.67945,-1.5669,0.69365,0.70099,0.7098,0.71322,0.72546,0.72546,0.72986,0.73769,0.74601,0.74993,-2.1567,-1.5528,0.74993,0.76217,0.76608,0.7744,0.78223,0.78664,0.79838,0.80034,0.81453,0.82873,-1.5386,0.83558,0.84488,0.85907,0.87326,0.88745,0.90165,0.92269,0.94227,0.95646,0.97065,-1.5244,0.98485,1.0034,1.0255,1.0397,1.0539,1.068,1.0822,1.0964,1.1106,1.1248,-1.5102,1.139,1.1532,1.1674,1.1816,1.1958,1.2026,1.2119,1.2149,1.2271,1.23,-1.496,1.2393,1.2393,1.2393,1.2501,1.2516,1.2516,1.2516,1.2516,1.2599,1.2638,-1.4818,1.2638,1.276,1.28,1.2883,1.2961,1.3005,1.3123,1.325,1.3284,1.3372,-1.4676,1.3446,1.3588,1.3617,1.3749,1.3862,1.3911,1.4053,1.4106,1.4106,1.4111,-1.4534,1.4204,1.4106,1.4106,1.4106,1.4004,1.3862,1.3842,1.3739,1.3739,1.3739,-1.4392,1.3837,1.3979,1.4258,1.4542,1.488,1.5232,1.5609,1.6035,1.6583,1.7009,-1.425,1.7483,1.7983,1.8496,1.8956,1.9382,1.9784,2.0067,2.0351,-2.1141,-1.4108,-1.3898,-1.3702,-1.356,-1.3418,-1.3276,-1.3134,-1.2992,-1.285,-1.2709,-2.0715,-1.2567,-1.2425,-1.2283,-1.2141,-1.1999,-1.1857,-1.1832,-1.1695,-1.1554,-1.1465,-2.029,-1.1392,-1.1343,-1.123,-1.1098,-1.1069,-1.0976,-1.0907,-1.0766,-1.0731,-1.0609,-1.9864,-1.0609,-1.0565,-1.0487,-1.0487,-1.0384,-1.0242,-1.0222,-1.008,-0.99384,-0.98748,-1.9404,-0.97769,-0.9635,-0.94931,-0.93511,-0.92092,-0.90673,-0.89254,-0.87834,-0.86415,-0.84996,-1.889,-0.83576,-0.82157,-0.80738,-0.79319,-0.77899,-0.7648,-0.75501,-0.74865,-0.73446,-0.72026,3.0,5.0
1.752,1.6922,1.5752,-0.094216,-0.12233,-0.12725,-0.1317,-0.172,-0.23011,-0.27298,-0.28599,-0.29899,-0.312,1.5621,-0.325,-0.338,-0.35101,-0.36401,-0.37701,-0.39002,-0.40302,-0.4254,-0.4384,-0.45246,1.5491,-0.47378,-0.48678,-0.50916,-0.52837,-0.54454,-0.56164,-0.57991,-0.59292,-0.61154,-0.6283,1.5361,-0.6413,-0.66145,-0.67668,-0.68968,-0.71135,-0.72506,-0.74463,-0.76044,-0.77344,-0.79453,1.5231,-0.80882,-0.82183,-0.8442,-0.8572,-0.87771,-0.89258,-0.91098,-0.92796,-0.94425,-0.96334,1.5101,-0.97634,-0.99415,-1.0117,-1.0274,-1.0471,-1.0695,-1.0825,-1.1033,-1.1179,-1.1366,1.4971,-1.1532,-1.1699,-1.1886,-1.2016,-1.2198,-1.237,-1.253,-1.2724,-1.2854,-1.2984,1.4841,-1.3114,-1.3244,-1.3313,-1.341,-1.354,-1.3594,-1.3707,-1.3782,-1.3873,-1.4003,1.4711,-1.4063,-1.4157,-1.4206,-1.425,-1.4372,-1.4502,-1.4531,-1.4575,-1.4625,-1.4603,1.4581,-1.4531,-1.4531,-1.4494,-1.4438,-1.4421,-1.4344,-1.4344,-1.4219,-1.4157,-1.4063,1.6792,1.4451,-1.4016,-1.3886,-1.385,-1.372,-1.3594,-1.3553,-1.3423,-1.3293,-1.3163,-1.3033,1.4321,-1.2903,-1.2773,-1.2629,-1.2419,-1.2289,-1.2159,-1.2029,-1.1899,-1.1769,-1.1639,1.4191,-1.1509,-1.1379,-1.1249,-1.1119,-1.0989,-1.0859,-1.0729,-1.0599,-1.0469,-1.0339,1.4061,-1.0209,-1.0079,-0.99485,-0.98185,-0.96885,-0.95584,-0.94284,-0.92984,-0.91683,-0.90383,1.3903,-0.89083,-0.88145,-0.87419,-0.86119,-0.84818,-0.83518,-0.82218,-0.80917,-0.79617,-0.78317,1.3707,-0.77016,-0.75716,-0.74416,-0.74052,-0.72752,-0.71452,-0.70151,-0.68851,-0.67551,-0.67188,1.3577,-0.65887,-0.64587,-0.63779,-0.62923,-0.61904,-0.6126,-0.6003,-0.59596,-0.58296,-0.57933,1.3447,-0.57218,-0.56281,-0.55906,-0.54606,-0.54243,-0.52942,-0.52532,-0.51595,-0.50916,-0.50552,1.3317,-0.49721,-0.48889,-0.47589,-0.46288,-0.45035,-0.44625,-0.43324,-0.41087,-0.39787,-0.38486,1.3187,-0.37186,-0.35171,-0.32711,-0.3141,-0.29243,-0.27287,-0.24698,-0.2246,-0.20715,-0.18922,1.6662,1.3057,-0.15748,-0.1385,-0.12186,-0.09199,-0.060478,-0.043842,-0.023224,-0.0012,0.034179,0.053274,1.2927,0.075649,0.098259,0.1204,0.1361,0.15578,0.16878,0.18179,0.19479,0.20779,0.2208,1.2797,0.2338,0.2468,0.25981,0.27281,0.28581,0.29003,0.2994,0.30608,0.30971,0.32272,1.2667,0.33572,0.34872,0.36173,0.37473,0.38773,0.40074,0.41374,0.42674,0.43975,0.46212,1.2537,0.48215,0.4975,0.52035,0.54225,0.56744,0.59345,0.62016,0.65483,0.6888,0.71622,1.2407,0.74808,0.77749,0.80174,0.83899,0.86828,0.90975,0.95356,0.98683,1.0253,1.0534,1.2277,1.096,1.1303,1.1574,1.1958,1.2197,1.2594,1.2802,1.3136,1.3378,1.3583,1.2147,1.3783,1.4031,1.4254,1.4384,1.4514,1.4674,1.4868,1.5006,1.5222,1.5352,1.2017,1.5482,1.5612,1.5744,1.5966,1.6096,1.6226,1.6356,1.6486,1.6616,1.6746,1.1887,1.6782,1.6912,1.7042,1.7173,1.7303,1.7339,1.7469,1.7599,1.6532,1.1757,1.1627,1.1497,1.1367,1.1237,1.1107,1.0977,1.0846,1.0716,1.0586,1.6402,1.0456,1.0326,1.0196,1.0066,1.0023,0.98999,0.97699,0.96399,0.93318,0.90049,1.6272,0.85,0.84297,0.76776,0.75476,0.74176,0.72172,0.67826,0.66526,0.65225,0.63925,1.6142,0.62625,0.59403,0.57119,0.54834,0.477,0.44701,0.40765,0.39464,0.38375,0.37801,1.6012,0.36501,0.33748,0.29425,0.25102,0.24317,0.23439,0.19327,0.18026,0.17476,0.14488,1.5882,0.14008,0.12087,0.093221,0.064754,0.039802,0.010632,-0.028613,-0.034119,-0.065398,-0.076293,1.0,1.0
1.6995,1.6397,1.5367,-1.0133,-1.0289,-1.0518,-1.067,-1.0879,-1.1108,-1.1337,-1.1617,-1.1891,-1.212,1.5251,-1.2253,-1.2457,-1.2614,-1.2782,-1.2897,-1.3107,-1.3222,-1.3371,-1.3548,-1.3663,1.5041,-1.3864,-1.3996,-1.42,-1.4314,-1.4429,-1.4622,-1.4754,-1.4869,-1.4983,-1.5045,1.489,-1.5115,-1.523,-1.5344,-1.5459,-1.5529,-1.5591,-1.5705,-1.582,-1.5916,-1.5952,1.4715,-1.6066,-1.6181,-1.6207,-1.6313,-1.64,-1.6445,-1.6497,-1.6417,-1.6303,-1.6188,1.4529,-1.6074,-1.6013,-1.5942,-1.5827,-1.5616,-1.5501,-1.5387,-1.5209,-1.5061,-1.4848,1.439,-1.4619,-1.439,-1.4161,-1.3932,-1.3704,-1.3464,-1.3149,-1.292,-1.2691,-1.2462,1.4129,-1.2136,-1.1907,-1.1678,-1.1394,-1.1124,-1.0895,-1.0666,-1.0437,-1.0208,-0.99792,1.3469,-0.97503,-0.95245,-0.93892,-0.91603,-0.89313,-0.87762,-0.85703,-0.83537,-0.82392,-0.80771,1.3078,-0.79135,-0.7799,-0.76846,-0.75486,-0.73588,-0.72444,-0.71299,-0.70154,-0.6914,-0.68833,1.6282,1.2712,-0.68172,-0.67512,-0.66367,-0.66191,-0.65268,-0.64869,-0.63725,-0.6258,-0.61435,-0.60429,1.2381,-0.60114,-0.59461,-0.58793,-0.57648,-0.56503,-0.55359,-0.54214,-0.53069,-0.51925,-0.5078,1.1862,-0.49635,-0.48491,-0.46848,-0.45233,-0.44089,-0.42884,-0.40832,-0.39273,-0.37574,-0.35662,1.1576,-0.34317,-0.3302,-0.3106,-0.29915,-0.28088,-0.26658,-0.25445,-0.234,-0.22256,-0.20513,1.1114,-0.18999,-0.17854,-0.1655,-0.14597,-0.13452,-0.11618,-0.10195,-0.0905,-0.079053,-0.067607,1.0667,-0.05616,-0.044714,-0.033267,-0.021821,-0.013811,-0.008608,0.002839,0.005549,0.016052,0.024909,1.0269,0.029265,0.034589,0.042478,0.044269,0.053949,0.057458,0.068904,0.08035,0.091797,0.093564,0.96807,0.10501,0.11646,0.1279,0.13935,0.1508,0.16224,0.17369,0.18514,0.19658,0.20803,0.93705,0.21948,0.23092,0.24237,0.25381,0.26526,0.27671,0.28815,0.2996,0.31105,0.32249,0.87108,0.33394,0.34539,0.35683,0.36828,0.37973,0.39117,0.40262,0.41407,0.42551,0.43696,1.6168,0.84819,0.4484,0.46888,0.48098,0.49242,0.50387,0.51532,0.52676,0.54789,0.55934,0.57078,0.79983,0.58223,0.59368,0.61422,0.63593,0.64738,0.65882,0.67027,0.68997,0.70318,0.72397,0.77181,0.73541,0.7525,0.76799,0.77943,0.79214,0.81201,0.82824,0.84458,0.85603,0.8683,0.75047,0.89828,0.90973,0.92117,0.93262,0.96255,0.97487,0.98632,0.99776,1.0092,1.0207,0.72162,1.0418,1.0532,1.0607,1.0664,1.0854,1.099,1.1105,1.1219,1.1334,1.1448,0.67564,1.1478,1.158,1.1695,1.1809,1.1924,1.2038,1.2152,1.2267,1.2381,1.2496,0.6362,1.261,1.2725,1.2839,1.2954,1.3068,1.3183,1.3297,1.3412,1.3542,1.3737,0.60082,1.3852,1.3966,1.4081,1.4292,1.4406,1.4563,1.4732,1.4847,1.5056,1.5172,0.56887,1.5287,1.5401,1.5516,1.563,1.5745,1.5859,1.5974,1.6088,1.6203,1.6317,0.54194,1.6431,1.6546,1.666,1.6775,1.6889,1.7004,1.7118,1.7233,1.6053,0.49342,0.47519,0.438,0.41358,0.35374,0.34229,0.32702,0.30972,0.26884,0.21161,1.5939,0.15438,0.10905,0.097605,0.060119,0.035992,0.023094,-0.02562,-0.037067,-0.071164,-0.09125,1.5825,-0.10045,-0.15574,-0.20078,-0.21222,-0.25,-0.27384,-0.28528,-0.30554,-0.3469,-0.35834,1.571,-0.36979,-0.38124,-0.39675,-0.43317,-0.46417,-0.52806,-0.55463,-0.56557,-0.56784,-0.57929,1.5596,-0.59073,-0.60975,-0.62331,-0.63475,-0.64939,-0.66733,-0.6855,-0.6999,-0.72161,-0.74215,1.5481,-0.75771,-0.7806,-0.8035,-0.82639,-0.86046,-0.89154,-0.91443,-0.94412,-0.9699,-0.99279,1.0,1.0
-0.80039,-0.81716,-0.86884,-1.9812,-1.9476,-1.8976,-1.8634,-1.8299,-1.7809,-1.7457,-1.7121,-1.6642,-1.628,-0.85549,-1.5944,-1.5609,-1.5143,-1.4767,-1.4308,-1.3925,-1.3473,-1.297,-1.2467,-1.1964,-0.85173,-1.1461,-1.0958,-1.0454,-0.99513,-0.94482,-0.89451,-0.8442,-0.79389,-0.74357,-0.70045,-0.85173,-0.66007,-0.61626,-0.58272,-0.54918,-0.51016,-0.47012,-0.44855,-0.41501,-0.38558,-0.36504,-0.85173,-0.33493,-0.31816,-0.29865,-0.2675,-0.25073,-0.23396,-0.21719,-0.20042,-0.18365,-0.16688,-0.85173,-0.15011,-0.13334,-0.11657,-0.0998,-0.083029,-0.066259,-0.049489,-0.032719,-0.015948,0.000822,-0.85173,0.017592,0.047711,0.068246,0.085016,0.11411,0.14765,0.18119,0.20343,0.23116,0.2647,-0.84043,0.29824,0.33178,0.36532,0.39886,0.4324,0.46594,0.49948,0.52515,0.54945,0.58299,-0.83461,0.61653,0.65007,0.68361,0.71134,0.73358,0.76712,0.80066,0.82975,0.85063,0.88041,-0.83461,0.9006,0.93106,0.95057,0.98171,0.99848,1.017,1.0491,1.0659,1.0834,1.1166,-0.8175,-0.83461,1.1333,1.1501,1.1669,1.1836,1.2004,1.2018,1.2168,1.2336,1.2504,1.2672,-0.82469,1.2839,1.2873,1.3004,1.3171,1.3216,1.3335,1.3387,1.35,1.3558,1.3664,-0.8175,1.3832,1.3999,1.4167,1.4335,1.4503,1.467,1.4756,1.4835,1.5002,1.517,-0.8175,1.5338,1.544,1.5502,1.567,1.5728,1.556,1.544,1.5396,1.5228,1.506,-0.8086,1.4893,1.4725,1.4557,1.439,1.4201,1.3883,1.3715,1.3537,1.3209,1.3038,-0.80039,1.2702,1.2535,1.2203,1.1867,1.1532,1.135,1.1032,1.0697,1.0361,1.0166,-0.79217,0.98616,0.96597,0.9362,0.90265,0.88143,0.85269,0.83078,0.80272,0.78013,0.75275,-0.78328,0.72948,0.70278,0.67882,0.65281,0.62817,0.60284,0.57752,0.55287,0.52686,0.51009,-0.78328,0.49332,0.47655,0.45978,0.44301,0.42624,0.40947,0.3927,0.37593,0.35916,0.34239,-0.77609,0.32904,0.32596,0.31193,0.30953,0.29482,0.2931,0.2777,0.27668,0.26059,0.26025,-0.83359,-0.76616,0.24348,0.24348,0.24348,0.25956,0.26059,0.26059,0.26059,0.26059,0.26059,0.26059,-0.76616,0.26059,0.26059,0.26059,0.26059,0.26059,0.26059,0.26059,0.26059,0.26059,0.26059,-0.76,0.26059,0.27052,0.2777,0.2777,0.2866,0.29482,0.30303,0.31193,0.31193,0.31912,-0.74905,0.32904,0.32904,0.32904,0.32904,0.33452,0.34615,0.34615,0.34615,0.34615,0.34615,-0.74905,0.34273,0.32904,0.32904,0.32904,0.32904,0.32904,0.32904,0.32904,0.32904,0.32904,-0.74392,0.32904,0.32904,0.32904,0.34513,0.34615,0.34615,0.36121,0.37798,0.39475,0.39749,-0.73194,0.41118,0.4146,0.42761,0.44438,0.44883,0.46081,0.46594,0.47724,0.48305,0.49366,-0.73194,0.50017,0.51009,0.51728,0.52652,0.53439,0.54295,0.5515,0.55938,0.57615,0.58573,-0.73194,0.59257,0.60284,0.609,0.61995,0.62543,0.64733,0.67129,0.67574,0.69251,0.70928,-0.72817,0.72605,0.74282,0.75959,0.77636,0.79313,0.8099,0.82531,0.82531,-0.85036,-0.71483,-0.71483,-0.71209,-0.69771,-0.69566,-0.6806,-0.67923,-0.66349,-0.6628,-0.64638,-0.85173,-0.64638,-0.6296,-0.62926,-0.62926,-0.61352,-0.62755,-0.70456,-0.72954,-0.80381,-0.84557,-0.86679,-0.86542,-0.93558,-1.0324,-1.0697,-1.1358,-1.2196,-1.2686,-1.3021,-1.3685,-1.4205,-0.86884,-1.4849,-1.539,-1.5629,-1.5889,-1.6492,-1.733,-1.784,-1.8008,-1.8477,-1.9028,-0.86884,-1.9196,-1.9363,-1.9531,-1.9931,-2.077,-2.166,-2.2426,-2.255,-2.2878,-2.373,-0.86884,-2.2994,-2.269,-2.2495,-2.2159,-2.1824,-2.1489,-2.1153,-2.0818,-2.0482,-2.0147,4.0,4.0
0.71863,0.69785,0.62164,1.6054,1.6885,1.7439,1.7924,1.8548,1.8755,1.8963,1.9102,1.9102,1.9102,0.60779,1.8963,1.834,1.6885,1.6262,1.4945,1.356,1.2728,1.1481,1.0373,0.93339,0.60779,0.82947,0.70477,0.58008,0.46231,0.35839,0.23369,0.12285,0.01201,-0.11269,-0.2166,0.587,-0.38979,-0.55606,-0.63919,-0.72232,-0.7916,-0.85395,-0.91629,-0.97864,-1.0271,-1.0618,0.56622,-1.0826,-1.1033,-1.1103,-1.1103,-1.1103,-1.1103,-1.0826,-1.0479,-1.0271,-0.98557,0.55237,-0.944,-0.89551,-0.83316,-0.77081,-0.70846,-0.63919,-0.55606,-0.47292,-0.38979,-0.29973,0.55237,-0.19582,-0.11269,-0.0157,0.088214,0.19213,0.29604,0.3861,0.47616,0.58008,0.68399,0.53158,0.78791,0.89182,0.99574,1.0789,1.162,1.2451,1.3283,1.3906,1.453,1.5153,0.52466,1.5777,1.6192,1.6608,1.6954,1.7162,1.737,1.7439,1.7439,1.7439,1.7024,0.51773,1.6746,1.6469,1.6054,1.5638,1.4252,1.2728,1.1897,1.1066,1.0096,0.90568,0.69092,0.49695,0.80176,0.69785,0.59393,0.48309,0.35839,0.25448,0.13671,0.018938,-0.084977,-0.5422,0.49695,-0.76389,-0.8678,-0.97172,-1.0548,-1.138,-1.2142,-1.2765,-1.3181,-1.3735,-1.422,0.49695,-1.4428,-1.4636,-1.4844,-1.4982,-1.4982,-1.4982,-1.4844,-1.4636,-1.4428,-1.4012,0.49695,-1.3597,-1.3112,-1.2488,-1.1865,-1.1241,-1.0618,-0.99943,-0.91629,-0.83316,-0.75003,0.49695,-0.6669,-0.56298,-0.45907,-0.36208,-0.27895,-0.17504,-0.071121,0.032793,0.13671,0.24062,0.49695,0.34454,0.44845,0.55237,0.6355,0.73249,0.82947,0.9126,1.0165,1.1066,1.1828,0.49695,1.2451,1.3283,1.3975,1.4599,1.5222,1.5846,1.6331,1.6746,1.7162,1.7578,0.49002,1.7855,1.8063,1.8271,1.8063,1.7855,1.7647,1.7439,1.5777,1.4668,1.3837,0.46923,1.3006,1.2174,1.1204,1.0165,0.9126,0.80869,0.70477,0.60086,0.49695,0.37225,0.44845,0.26141,0.15056,0.025866,-0.078049,-0.18196,-0.28588,-0.38979,-0.49371,-0.58377,-0.6669,0.69092,0.42767,-0.75003,-0.97864,-1.0964,-1.1588,-1.2211,-1.2627,-1.3042,-1.3458,-1.3874,-1.4082,0.39996,-1.4428,-1.4774,-1.4982,-1.4982,-1.5121,-1.5259,-1.5259,-1.5259,-1.5121,-1.4913,0.35839,-1.4705,-1.4705,-1.4428,-1.4082,-1.3874,-1.3666,-1.332,-1.2904,-1.2488,-1.228,0.31683,-1.1934,-1.1518,-1.1103,-1.0895,-1.0548,-1.0133,-0.97172,-0.93015,-0.88858,-0.84009,0.24755,-0.77774,-0.73618,-0.69461,-0.65304,-0.61148,-0.54913,-0.50064,-0.45907,-0.4175,-0.37594,0.17827,-0.33437,-0.29281,-0.25124,-0.20967,-0.18196,-0.15425,-0.11269,-0.091904,-0.071121,-0.050339,0.13671,-0.029556,-0.029556,-0.029556,-0.029556,-0.029556,-0.029556,-0.043411,-0.057266,-0.057266,-0.057266,0.074359,-0.057266,-0.057266,-0.057266,-0.036483,-0.029556,-0.029556,-0.029556,-0.029556,-0.0157,-0.001845,0.01201,-0.001845,-0.001845,-0.001845,0.005083,0.025866,0.025866,0.025866,0.025866,0.025866,0.025866,-0.050339,0.025866,0.025866,0.025866,0.025866,0.01201,-0.001845,-0.001845,-0.001845,0.69092,-0.11269,-0.17504,-0.23738,-0.30666,-0.38979,-0.45214,-0.51449,-0.58377,-0.6669,-0.72925,0.69092,-0.7916,-0.85395,-0.91629,-0.97864,-1.041,-1.0964,-1.138,-1.1795,-1.2211,-1.2557,0.67706,-1.2765,-1.2973,-1.3181,-1.332,-1.332,-1.332,-1.3181,-1.2973,-1.2765,-1.235,0.66321,-1.1934,-1.1449,-1.0826,-1.041,-0.97172,-0.89551,-0.83316,-0.75003,-0.65304,-0.55606,0.66321,-0.47292,-0.36901,-0.2651,-0.15425,-0.029556,0.074359,0.17827,0.28912,0.41381,0.51773,0.64243,0.6355,0.75327,0.85718,0.9611,1.065,1.1689,1.2728,1.3768,1.4668,1.543,2.0,2.0
-0.31219,-0.34086,-0.41645,-1.9456,-1.9265,-1.9057,-1.877,-1.8518,-1.8327,-1.8032,-1.7649,-1.7336,-1.705,-0.41732,-1.6763,-1.6468,-1.6085,-1.5703,-1.5321,-1.4938,-1.4556,-1.4174,-1.3791,-1.3409,-0.42688,-1.3027,-1.2549,-1.2089,-1.1706,-1.1324,-1.0942,-1.0559,-1.0177,-0.97252,-0.92473,-0.43383,-0.89432,-0.86478,-0.82655,-0.78832,-0.75009,-0.71621,-0.68753,-0.65886,-0.63019,-0.60934,-0.43383,-0.59022,-0.56155,-0.53461,-0.5155,-0.49638,-0.47727,-0.45815,-0.43904,-0.41992,-0.40081,-0.43817,-0.39038,-0.38083,-0.37127,-0.36171,-0.35215,-0.3426,-0.33304,-0.32956,-0.32956,-0.32174,-0.44773,-0.31219,-0.31219,-0.31045,-0.30089,-0.29133,-0.28178,-0.27222,-0.26266,-0.2531,-0.24355,-0.4512,-0.2253,-0.20618,-0.18707,-0.17056,-0.161,-0.14276,-0.11408,-0.091495,-0.07238,-0.053265,-0.4512,-0.03415,-0.005477,0.023195,0.051868,0.08054,0.10921,0.13788,0.16656,0.19523,0.2239,-0.45902,0.25257,0.28125,0.30992,0.33859,0.36726,0.40028,0.43851,0.47066,0.49933,0.528,-0.36605,-0.46858,0.55668,0.58535,0.61402,0.64269,0.67484,0.71307,0.74609,0.77476,0.80343,0.83211,-0.46858,0.86078,0.88945,0.91812,0.9494,0.98763,1.0215,1.0502,1.0789,1.1075,1.1362,-0.46858,1.1649,1.1936,1.2222,1.2509,1.2796,1.3082,1.3317,1.3508,1.3769,1.4056,-0.46858,1.4255,1.4455,1.4742,1.5003,1.5194,1.5385,1.5576,1.5706,1.5802,1.5976,-0.47206,1.6167,1.6262,1.6358,1.6454,1.6549,1.6645,1.674,1.6836,1.6862,1.6862,-0.48161,1.6775,1.6679,1.6584,1.6488,1.6393,1.6254,1.6063,1.5932,1.5837,1.5663,-0.48596,1.5472,1.5281,1.5089,1.4898,1.4707,1.4516,1.4325,1.4134,1.3873,1.3586,-0.48596,1.33,1.3013,1.2726,1.2439,1.2153,1.1866,1.1579,1.1293,1.1006,1.0641,-0.49291,1.0259,0.99719,0.96852,0.93984,0.91117,0.8825,0.85383,0.82515,0.79648,0.76781,-0.50247,0.74783,0.72784,0.69917,0.6731,0.65399,0.63487,0.61576,0.59664,0.57753,0.56623,-0.37561,-0.50333,0.55668,0.54712,0.53756,0.528,0.51845,0.50889,0.49933,0.48977,0.48022,0.47066,-0.5042,0.4611,0.45154,0.44199,0.43243,0.42287,0.41331,0.40376,0.3942,0.38464,0.37508,-0.51376,0.36553,0.34641,0.33077,0.33077,0.33077,0.33077,0.33077,0.33077,0.33077,0.33077,-0.52071,0.33946,0.34815,0.34815,0.34815,0.34815,0.35249,0.36205,0.36553,0.36553,0.36553,-0.52071,0.36553,0.37508,0.3829,0.3829,0.3829,0.3829,0.38812,0.39767,0.40028,0.40028,-0.52506,0.40028,0.40115,0.41071,0.41766,0.41766,0.41766,0.41766,0.41766,0.41766,0.41766,-0.53461,0.41766,0.42722,0.43504,0.43504,0.43504,0.43504,0.43504,0.43504,0.43504,0.43504,-0.53809,0.43504,0.43504,0.43504,0.43504,0.43504,0.43504,0.43504,0.44112,0.45067,0.45241,-0.53809,0.45241,0.45241,0.45241,0.45241,0.45241,0.45241,0.45241,0.45241,0.45241,0.45241,-0.54591,0.45241,0.45241,0.45241,0.45241,0.45241,0.45241,0.45241,0.45241,-0.38169,-0.55547,-0.56502,-0.57284,-0.57284,-0.57979,-0.59891,-0.63366,-0.68145,-0.70144,-0.71099,-0.38169,-0.7553,-0.80049,-0.8196,-0.83872,-0.85783,-0.87695,-0.89606,-0.91518,-0.93429,-0.96122,-0.38691,-0.9899,-1.0472,-1.0994,-1.128,-1.1567,-1.1854,-1.2297,-1.287,-1.3235,-1.3522,-0.39646,-1.3809,-1.413,-1.4799,-1.5364,-1.5651,-1.5938,-1.6224,-1.6693,-1.7267,-1.7528,-0.40602,-1.7719,-1.8483,-1.9144,-1.9335,-1.9665,-2.0238,-2.0551,-2.0647,-2.102,-2.1498,-0.41558,-2.1542,-2.155,-2.1646,-2.1533,-2.0864,-2.0412,-2.0221,-2.0091,-1.9995,-1.9743,4.0,4.0
-2.2795,-2.189,-1.9721,-0.78736,-0.77497,-0.76348,-0.75617,-0.75155,-0.73961,-0.73961,-0.73051,-0.72767,-0.72364,-1.9414,-0.71573,-0.71573,-0.71573,-0.70992,-0.7038,-0.7038,-0.69962,-0.69186,-0.68082,-0.67992,-1.9106,-0.67396,-0.66799,-0.66709,-0.65172,-0.64411,-0.63292,-0.61755,-0.60218,-0.58682,-0.57249,-1.8799,-0.56801,-0.55265,-0.53728,-0.52191,-0.50654,-0.49117,-0.4758,-0.46043,-0.43701,-0.41776,-1.8488,-0.40239,-0.38702,-0.37165,-0.35763,-0.35285,-0.33748,-0.32211,-0.31868,-0.30331,-0.29794,-1.8065,-0.28601,-0.28108,-0.27407,-0.26228,-0.26213,-0.25542,-0.25019,-0.23826,-0.23826,-0.23826,-1.7757,-0.23826,-0.22632,-0.22632,-0.22632,-0.22453,-0.21438,-0.20573,-0.2023,-0.19051,-0.1835,-1.745,-0.16813,-0.15276,-0.13739,-0.12202,-0.10665,-0.091284,-0.075915,-0.071141,-0.057115,-0.047267,-1.7122,-0.038314,-0.034882,-0.019513,-0.011456,-0.000713,0.012418,0.018088,0.033457,0.036889,0.052257,-1.6716,0.060166,0.071058,0.07449,0.089859,0.095976,0.10791,0.11209,0.11985,0.13089,0.14372,-2.1652,-1.6408,0.14969,0.15566,0.1676,0.17193,0.17953,0.19073,0.19147,0.19759,0.20341,0.20341,-1.6106,0.20341,0.20341,0.20341,0.20341,0.20341,0.20341,0.20341,0.20341,0.20341,0.2149,-1.5913,0.21535,0.21535,0.21535,0.21669,0.22728,0.22728,0.22728,0.23922,0.23922,0.24922,-1.5606,0.25265,0.26309,0.27145,0.28682,0.29025,0.30562,0.32099,0.33636,0.3568,0.37903,-1.5406,0.3944,0.40977,0.42514,0.4508,0.4696,0.49512,0.51914,0.53794,0.5651,0.58748,-1.5133,0.60777,0.63508,0.65045,0.66582,0.68118,0.69282,0.69998,0.70476,0.7167,0.7167,-1.4922,0.7167,0.72863,0.72863,0.72863,0.72863,0.72863,0.72863,0.73774,0.74057,0.74057,-1.4706,0.74803,0.75251,0.75489,0.76444,0.76444,0.77638,0.78056,0.78832,0.79936,0.80279,-1.4552,0.81219,0.82159,0.82413,0.82846,0.83607,0.83607,0.848,0.848,0.848,0.85994,-1.4399,0.85994,0.85994,0.87128,0.87188,0.87188,0.88158,0.88381,0.88381,0.88381,0.88381,-2.1498,-1.4245,0.88381,0.88381,0.88381,0.88381,0.88381,0.88381,0.88381,0.89575,0.89575,0.89575,-1.4091,0.90769,0.90769,0.91604,0.91962,0.93156,0.93828,0.95364,0.95708,0.96737,0.97588,-1.3938,0.97931,0.99125,0.99811,1.0032,1.0032,1.0084,1.0151,1.0151,1.0151,1.0221,-1.3842,1.0271,1.0271,1.0271,1.0271,1.0151,1.0151,1.0151,1.0151,1.0172,1.0271,-1.375,1.0271,1.0271,1.0271,1.0271,1.0271,1.0293,1.039,1.039,1.039,1.039,-1.3715,1.039,1.039,1.039,1.039,1.039,1.039,1.039,1.039,1.039,1.039,-1.3603,1.039,1.039,1.039,1.039,1.0468,1.0621,1.0775,1.0929,1.1082,1.1236,-1.3527,1.139,1.1543,1.1697,1.1851,1.2067,1.2277,1.2562,1.287,1.3258,1.3604,-1.3484,1.4061,1.4586,1.5102,1.5682,1.6191,1.6806,1.7421,1.8036,1.8585,1.9146,-1.3459,1.9626,2.0038,2.0429,2.0772,2.1079,2.132,2.1473,2.1594,-2.1326,-1.3365,-1.3271,-1.3236,-1.3126,-1.3126,-1.3014,-1.298,-1.2887,-1.2887,-1.2768,-2.1071,-1.2723,-1.2648,-1.2535,-1.2501,-1.2347,-1.229,-1.2159,-1.2051,-1.1971,-1.1817,-2.0831,-1.1783,-1.1629,-1.1574,-1.1455,-1.1407,-1.1335,-1.1219,-1.1185,-1.1097,-1.0997,-2.0525,-1.0977,-1.0977,-1.0894,-1.0858,-1.0825,-1.0738,-1.0738,-1.0619,-1.0568,-1.05,-2.0336,-1.038,-1.0346,-1.0192,-1.0039,-1.0004,-0.98506,-0.96969,-0.95432,-0.93895,-0.92359,-2.0028,-0.90822,-0.89285,-0.87748,-0.87091,-0.85868,-0.84331,-0.82794,-0.82317,-0.80914,-0.79377,3.0,5.0
0.97249,0.97249,0.84866,1.5813,1.6723,1.7239,1.7746,1.8253,1.8759,1.9266,1.9773,2.0279,2.0457,0.84866,2.0044,1.994,1.9433,1.9218,1.8832,1.8326,1.7658,1.69,1.6044,1.5444,0.81853,1.443,1.3635,1.2816,1.1803,1.1203,1.037,0.95887,0.85754,0.7562,0.65487,0.80739,0.55354,0.4522,0.35087,0.24954,0.14821,0.046873,-0.015661,-0.11452,-0.19955,-0.27591,0.79975,-0.37724,-0.4373,-0.52604,-0.59869,-0.66865,-0.76008,-0.81126,-0.88019,-0.95387,-1.0045,0.76611,-1.05,-1.0646,-1.1153,-1.1659,-1.2166,-1.2673,-1.2977,-1.3273,-1.378,-1.4215,0.76611,-1.438,-1.4628,-1.4275,-1.3768,-1.3262,-1.2755,-1.2248,-1.1742,-1.1235,-1.0728,0.76611,-1.0222,-0.97151,-0.92085,-0.87018,-0.81951,-0.76885,-0.71818,-0.65647,-0.57557,-0.5249,0.76219,-0.47424,-0.41625,-0.33163,-0.28096,-0.2303,-0.17963,-0.11596,-0.037021,0.013645,0.064312,0.72483,0.15625,0.20692,0.25759,0.34571,0.4002,0.46583,0.54281,0.59347,0.646,0.73608,0.95371,0.72483,0.78675,0.83741,0.9275,0.98002,1.0307,1.0814,1.132,1.1827,1.2334,1.284,0.72483,1.3347,1.3854,1.436,1.4867,1.5374,1.5504,1.5974,1.6481,1.6987,1.7494,0.72483,1.8001,1.8393,1.8601,1.9108,1.9218,1.9631,1.946,1.8953,1.8447,1.794,0.72483,1.7433,1.6698,1.6007,1.5085,1.4071,1.3058,1.2045,1.1031,1.0018,0.90046,0.72483,0.79913,0.66364,0.51391,0.40092,0.24892,0.12736,-0.013803,-0.11658,-0.21791,-0.31925,0.72483,-0.38446,-0.48064,-0.58197,-0.6833,-0.78463,-0.88545,-0.94602,-1.0281,-1.0787,-1.1294,0.72483,-1.2213,-1.272,-1.3227,-1.3733,-1.424,-1.4628,-1.4841,-1.5347,-1.5454,-1.5948,0.72483,-1.6454,-1.6961,-1.7468,-1.7974,-1.8481,-1.8988,-1.8842,-1.8336,-1.7829,-1.7322,0.70956,-1.6816,-1.6309,-1.5802,-1.5296,-1.4537,-1.387,-1.3363,-1.2736,-1.1937,-1.143,0.65889,-1.0521,-1.0004,-0.93199,-0.8578,-0.80713,-0.71519,-0.65049,-0.57258,-0.52191,-0.42997,0.93121,0.60823,-0.3793,-0.32864,-0.24887,-0.18603,-0.13536,-0.084695,-0.034028,-0.018137,0.026028,0.076695,0.55756,0.12736,0.17803,0.22869,0.27936,0.33003,0.38069,0.43136,0.48203,0.53269,0.58336,0.5069,0.63403,0.68469,0.73536,0.78602,0.80739,0.76869,0.71802,0.66736,0.61669,0.56602,0.45623,0.51536,0.4522,0.37275,0.32208,0.27141,0.17947,0.12881,0.050588,-0.013803,-0.06447,0.40556,-0.11514,-0.1658,-0.21647,-0.26714,-0.3178,-0.36847,-0.41913,-0.4698,-0.52047,-0.57113,0.3549,-0.596,-0.63119,-0.63398,-0.58331,-0.53264,-0.51345,-0.51345,-0.48115,-0.51345,-0.51345,0.26295,-0.51345,-0.51871,-0.55473,-0.55473,-0.55473,-0.55473,-0.55473,-0.55473,-0.55473,-0.55473,0.19505,-0.55473,-0.55473,-0.55473,-0.55473,-0.596,-0.596,-0.596,-0.596,-0.596,-0.60519,0.12034,-0.63728,-0.63728,-0.63728,-0.63728,-0.65214,-0.67855,-0.67855,-0.67855,-0.67855,-0.67855,0.033664,-0.67855,-0.67855,-0.71983,-0.71983,-0.71983,-0.71983,-0.76482,-0.80238,0.93121,-0.026392,-0.11421,-0.18778,-0.28911,-0.34917,-0.4505,-0.55184,-0.62459,-0.71323,-0.80847,0.92554,-0.85914,-0.9098,-0.96047,-1.0111,-1.0618,-1.1125,-1.1631,-1.2138,-1.2564,-1.2564,0.88994,-1.2564,-1.2202,-1.2108,-1.1601,-1.1095,-1.0588,-1.0081,-0.95748,-0.90681,-0.85615,0.88994,-0.80548,-0.74852,-0.66287,-0.58713,-0.52026,-0.42832,-0.36568,-0.28571,-0.20429,-0.1431,0.88994,-0.084179,-0.000492,0.077211,0.14212,0.2386,0.33993,0.41795,0.50132,0.60266,0.70399,0.88798,0.78572,0.86538,0.96671,1.0615,1.1281,1.2294,1.2961,1.388,1.4509,1.5306,0.0,0.0
1.0219,1.0219,1.0518,-0.7539,-0.71495,-0.66347,-0.62616,-0.59266,-0.53737,-0.50387,-0.47037,-0.43687,-0.40337,1.0654,-0.36987,-0.33637,-0.32466,-0.29116,-0.25766,-0.22416,-0.21245,-0.17895,-0.16724,-0.13374,1.0872,-0.12203,-0.089345,-0.076817,-0.043317,-0.009817,0.023683,0.057183,0.090682,0.12418,0.15768,1.1088,0.19118,0.24647,0.27997,0.32409,0.36876,0.41451,0.47934,0.52673,0.57194,0.63894,1.109,0.68415,0.75115,0.81815,0.88515,0.95215,1.0191,1.1079,1.1749,1.2539,1.3307,1.1308,1.4113,1.4901,1.5753,1.6641,1.7311,1.8199,1.8869,1.9539,2.0209,2.0879,1.1308,2.1331,2.1884,2.2219,2.2554,2.2889,2.3224,2.3243,2.108,2.0176,1.9111,1.1338,1.8635,1.83,1.7747,1.7196,1.6423,1.587,1.5404,1.4269,1.3411,1.2694,1.1526,1.1853,1.0529,0.96794,0.87344,0.74516,0.67598,0.58773,0.52019,0.4521,0.3644,1.1526,0.2974,0.2304,0.14161,0.074613,-0.014175,-0.098878,-0.17759,-0.27809,-0.37859,-0.47909,1.0219,1.1526,-0.59048,-0.70269,-0.82416,-0.94645,-1.047,-1.1475,-1.248,-1.3427,-1.4097,-1.4767,1.1526,-1.5437,-1.6017,-1.6352,-1.6687,-1.7017,-1.6894,-1.6559,-1.6224,-1.5889,-1.5554,1.1526,-1.5219,-1.5056,-1.4767,-1.4432,-1.4097,-1.3762,-1.3427,-1.3095,-1.2975,-1.264,1.1526,-1.2305,-1.1752,-1.1417,-1.1082,-1.0578,-1.0126,-0.94563,-0.90042,-0.83342,-0.76642,1.1526,-0.72121,-0.65421,-0.58721,-0.52021,-0.45321,-0.38621,-0.31921,-0.25221,-0.18521,-0.11822,1.1526,-0.051215,0.015784,0.082784,0.14978,0.21678,0.26199,0.32899,0.39599,0.46299,0.50821,1.1526,0.55886,0.59236,0.62586,0.65146,0.67107,0.64193,0.60843,0.57493,0.54143,0.49513,1.1308,0.45264,0.41914,0.36386,0.33036,0.26908,0.21978,0.15687,0.089865,0.001077,-0.086894,1.1297,-0.18739,-0.28789,-0.38839,-0.51068,-0.62534,-0.73755,-0.85576,-0.97804,-1.0785,-1.179,1.109,-1.2795,-1.38,-1.4598,-1.5268,-1.5938,-1.6486,-1.7039,-1.7374,-1.7709,-1.8044,1.0219,1.0872,-1.7834,-1.7499,-1.7382,-1.7047,-1.6712,-1.6377,-1.6042,-1.5704,-1.5154,-1.4601,1.0728,-1.413,-1.3678,-1.316,-1.2556,-1.1886,-1.1434,-1.0764,-1.0009,-0.92058,-0.8435,1.0611,-0.76479,-0.676,-0.58721,-0.50687,-0.42816,-0.32766,-0.24895,-0.16506,-0.076272,0.008975,1.0437,0.079516,0.1664,0.2353,0.3023,0.3693,0.4363,0.49023,0.54851,0.60081,0.66072,1.0377,0.71138,0.76667,0.80017,0.85546,0.90857,0.94425,0.97775,1.0112,1.023,1.0437,1.0219,1.0191,0.98565,0.94779,0.89686,0.86336,0.81216,0.76694,0.71928,0.67652,0.63049,0.99246,0.5861,0.5417,0.49568,0.45292,0.40525,0.34234,0.29304,0.22604,0.15904,0.11383,0.97829,0.065898,0.01061,-0.02289,-0.05639,-0.08989,-0.12339,-0.15471,-0.15471,-0.1509,-0.13292,0.9565,-0.15471,-0.15471,-0.15471,-0.1735,-0.18521,-0.19829,-0.22008,-0.24186,-0.25385,-0.26365,0.93553,-0.27727,-0.28898,-0.30723,-0.32902,-0.32902,-0.33583,-0.35081,-0.35081,1.0219,0.90203,0.86853,0.83503,0.77974,0.74624,0.71274,0.67925,0.62396,0.59046,0.5496,1.0219,0.50167,0.43739,0.39109,0.32518,0.25818,0.19118,0.12418,0.043292,-0.035419,-0.12039,1.0268,-0.21463,-0.29797,-0.38676,-0.47255,-0.55126,-0.63133,-0.69833,-0.78712,-0.85412,-0.92112,1.0437,-0.98812,-1.0551,-1.1069,-1.1673,-1.2174,-1.2509,-1.2844,-1.3179,-1.3514,-1.3849,1.0437,-1.3967,-1.4067,-1.3732,-1.3397,-1.3062,-1.2727,-1.261,-1.2275,-1.194,-1.1788,1.0437,-1.1488,-1.1153,-1.0818,-1.0483,-1.0148,-0.98131,-0.93474,-0.89252,-0.85902,-0.80374,0.0,2.0
2.0591,1.913,1.5856,-0.80891,-0.8363,-0.86369,-0.89108,-0.91846,-0.94585,-0.97324,-1.0006,-1.028,-1.0554,1.5452,-1.0828,-1.1066,-1.1258,-1.1532,-1.1806,-1.2031,-1.2236,-1.251,-1.2697,-1.2879,1.5073,-1.3062,-1.3244,-1.3427,-1.3535,-1.3675,-1.3835,-1.3927,-1.4018,-1.4109,-1.4201,1.4799,-1.4292,-1.4383,-1.4474,-1.4518,-1.454,-1.4631,-1.4635,-1.4696,-1.4753,-1.4744,1.4525,-1.4653,-1.4635,-1.4588,-1.4518,-1.4518,-1.4431,-1.434,-1.4283,-1.4275,-1.4183,1.4096,-1.4092,-1.4001,-1.391,-1.3818,-1.3727,-1.3636,-1.3544,-1.3453,-1.3362,-1.3197,1.3743,-1.3015,-1.2853,-1.2762,-1.2585,-1.2462,-1.2337,-1.2154,-1.1972,-1.1789,-1.1653,1.3469,-1.1541,-1.1359,-1.1176,-1.1053,-1.0928,-1.0746,-1.0563,-1.0453,-1.0315,-1.0133,1.3195,-0.99502,-0.9853,-0.97025,-0.9553,-0.94547,-0.92721,-0.91617,-0.90244,-0.88617,-0.87704,1.2649,-0.86791,-0.85878,-0.84966,-0.84053,-0.8314,-0.82227,-0.81314,-0.80401,-0.79488,-0.79423,1.8517,1.236,-0.78836,-0.78249,-0.78185,-0.77272,-0.77075,-0.7662,-0.75901,-0.75901,-0.76746,-0.76491,1.2139,-0.75578,-0.74727,-0.74727,-0.74013,-0.731,-0.72187,-0.71274,-0.70361,-0.69448,-0.68536,1.184,-0.67681,-0.67681,-0.66971,-0.66058,-0.65145,-0.64232,-0.6248,-0.61232,-0.60002,-0.58232,1.1384,-0.57319,-0.55699,-0.53873,-0.52232,-0.51319,-0.49569,-0.47743,-0.45918,-0.44092,-0.42266,1.1082,-0.4044,-0.38614,-0.36788,-0.34962,-0.33136,-0.3131,-0.29485,-0.27659,-0.25833,-0.24007,1.0808,-0.22181,-0.20355,-0.18529,-0.16703,-0.14878,-0.13052,-0.11226,-0.093999,-0.07574,-0.061855,1.0484,-0.050964,-0.032706,-0.014447,-0.001854,0.007276,0.016846,0.035104,0.046406,0.055535,0.064665,1.0027,0.073794,0.082924,0.092053,0.10118,0.1099,0.1099,0.11683,0.12164,0.12335,0.13247,0.98421,0.13338,0.13899,0.14513,0.14551,0.15464,0.15687,0.16115,0.16861,0.16861,0.1768,0.95952,0.18035,0.18332,0.19209,0.19209,0.19896,0.20384,0.20548,0.21461,0.22374,0.22732,1.8243,0.91687,0.23026,0.23906,0.23906,0.2459,0.25503,0.26416,0.27329,0.27429,0.27981,0.28603,0.85898,0.28603,0.28603,0.29284,0.30197,0.3111,0.32023,0.32936,0.33849,0.34762,0.35675,0.84072,0.36588,0.37501,0.3883,0.40501,0.41414,0.43134,0.44414,0.45611,0.47437,0.49263,0.77614,0.51089,0.52915,0.54741,0.56567,0.58393,0.60761,0.63219,0.65044,0.6687,0.69368,0.71332,0.71696,0.73672,0.76411,0.79149,0.81348,0.83453,0.86192,0.88931,0.91669,0.94408,0.66853,0.97147,0.99886,1.0342,1.0654,1.0928,1.1203,1.1568,1.1867,1.2181,1.2546,0.65027,1.2911,1.3197,1.3524,1.389,1.4254,1.4527,1.4868,1.5233,1.5584,1.5858,0.63201,1.6211,1.6523,1.6797,1.7072,1.7437,1.7736,1.801,1.8284,1.8558,1.8753,0.59455,1.8988,1.9235,1.9418,1.9692,1.99,2.0083,2.0265,2.0448,2.0552,2.0696,0.56027,2.0852,2.0943,2.1035,2.106,2.11,2.1165,2.1073,2.0904,1.7917,0.54201,0.52375,0.46703,0.42852,0.41273,0.4036,0.36752,0.34374,0.32548,0.30265,1.7278,0.24787,0.22374,0.19033,0.14956,0.12217,0.067923,0.03851,0.020251,0.001992,-0.016267,1.7029,-0.057423,-0.08801,-0.10386,-0.11299,-0.12212,-0.1565,-0.18735,-0.19539,-0.19539,-0.20299,1.6691,-0.21212,-0.21888,-0.21888,-0.22777,-0.2369,-0.2497,-0.2669,-0.27603,-0.29273,-0.31099,1.6312,-0.32925,-0.34751,-0.36577,-0.38403,-0.40593,-0.43229,-0.45054,-0.47635,-0.4988,-0.51938,1.6129,-0.54677,-0.57416,-0.60155,-0.62894,-0.65632,-0.68371,-0.70358,-0.72675,-0.75413,-0.78152,1.0,1.0
0.75455,0.65768,0.60139,1.3385,1.3627,1.3869,1.4055,1.4055,1.4055,1.4037,1.3795,1.3553,1.3311,0.60139,1.3069,1.2747,1.2263,1.1778,1.1254,1.0527,0.98007,0.90732,0.81045,0.71358,0.60139,0.61671,0.49945,0.38468,0.28781,0.17447,0.053381,-0.067708,-0.1888,-0.30989,-0.40829,0.60139,-0.50516,-0.60203,-0.6989,-0.79108,-0.86374,-0.95123,-1.0473,-1.12,-1.1926,-1.2653,0.60139,-1.3169,-1.3653,-1.4138,-1.4451,-1.4723,-1.5208,-1.5428,-1.5428,-1.5662,-1.5718,0.60139,-1.5476,-1.5428,-1.5321,-1.4836,-1.4507,-1.4251,-1.3766,-1.3282,-1.2797,-1.2096,0.60139,-1.1369,-1.0643,-0.99162,-0.91897,-0.84632,-0.75978,-0.66291,-0.56604,-0.45921,-0.33812,0.60139,-0.23714,-0.13424,-0.013146,0.091766,0.18864,0.28551,0.38238,0.47925,0.57612,0.67299,0.58665,0.76987,0.86674,0.95921,1.0319,1.1045,1.1767,1.2251,1.2842,1.3568,1.4087,0.5631,1.4505,1.4747,1.4989,1.5231,1.5473,1.5586,1.5586,1.5817,1.5969,1.5969,0.60139,0.5631,1.5778,1.5586,1.5586,1.5434,1.5192,1.495,1.4595,1.411,1.3626,1.3141,0.5631,1.2657,1.1998,1.1271,1.0544,0.9818,0.90914,0.83649,0.75417,0.6573,0.56042,0.5631,0.45781,0.33672,0.23152,0.13283,0.011742,-0.10935,-0.23044,-0.35153,-0.47261,-0.5937,0.5631,-0.71479,-0.83177,-0.92864,-1.0255,-1.1222,-1.1948,-1.2675,-1.3401,-1.4128,-1.479,0.5631,-1.5275,-1.5594,-1.5861,-1.6345,-1.6577,-1.6577,-1.6804,-1.6872,-1.663,-1.6577,0.5631,-1.6529,-1.6287,-1.6044,-1.5794,-1.5309,-1.4825,-1.4341,-1.3645,-1.2918,-1.2192,0.54607,-1.1465,-1.0707,-0.97382,-0.89025,-0.8176,-0.72149,-0.62462,-0.52775,-0.43088,-0.33401,0.52185,-0.23714,-0.14027,-0.043394,0.053477,0.16203,0.28312,0.38238,0.47925,0.57612,0.67299,0.49763,0.76987,0.86674,0.96361,1.0605,1.1574,1.2442,1.3168,1.3693,1.4238,1.4965,0.47341,1.5529,1.5991,1.6233,1.6475,1.6718,1.696,1.7202,1.7444,1.7501,1.7456,0.60139,0.44919,1.7213,1.6971,1.6729,1.6487,1.6245,1.6003,1.576,1.545,1.4966,1.4482,0.42498,1.3968,1.3242,1.2646,1.2161,1.1445,1.0719,0.99922,0.92656,0.85391,0.78126,0.40076,0.69329,0.59642,0.49954,0.40267,0.3058,0.23047,0.15035,0.053477,-0.025781,-0.098435,0.37654,-0.17109,-0.23005,-0.27849,-0.35076,-0.41365,-0.46209,-0.51052,-0.55896,-0.60739,-0.63984,0.33299,-0.66597,-0.71441,-0.75079,-0.775,-0.79922,-0.82344,-0.84766,-0.85359,-0.84938,-0.82516,0.28982,-0.8153,-0.81502,-0.7908,-0.77701,-0.77701,-0.75643,-0.73872,-0.73872,-0.72207,-0.70044,0.2656,-0.70044,-0.6877,-0.66349,-0.66215,-0.66215,-0.66215,-0.64319,-0.62386,-0.62386,-0.62386,0.22597,-0.62386,-0.62386,-0.62386,-0.62386,-0.60261,-0.58557,-0.58557,-0.58557,-0.58557,-0.58557,0.17753,-0.58557,-0.58557,-0.58557,-0.58557,-0.58557,-0.58557,-0.59112,-0.61534,-0.62386,-0.62386,0.1291,-0.62386,-0.62386,-0.62386,-0.62386,-0.63171,-0.65592,-0.68014,-0.70436,0.60139,0.069176,-0.003478,-0.076132,-0.14879,-0.22144,-0.3118,-0.40503,-0.47769,-0.56413,-0.661,0.60139,-0.73394,-0.80659,-0.87925,-0.9519,-1.0186,-1.0671,-1.1155,-1.1619,-1.1861,-1.2103,0.60139,-1.2346,-1.2588,-1.2748,-1.2748,-1.2564,-1.2322,-1.208,-1.1837,-1.1591,-1.1107,0.60139,-1.0623,-1.0138,-0.94472,-0.87207,-0.79941,-0.71001,-0.61582,-0.54316,-0.45768,-0.36081,0.60139,-0.24097,-0.12878,-0.031908,0.064964,0.16681,0.2879,0.39387,0.49074,0.58761,0.67328,0.60139,0.74594,0.81859,0.89124,0.9639,1.0365,1.1059,1.1543,1.2027,1.2512,1.2996,0.0,0.0
0.68806,0.76807,0.83175,1.7837,1.6237,1.5428,1.4457,1.339,1.2323,1.1509,1.0548,0.94814,0.84145,0.82573,0.73476,0.62807,0.52138,0.41469,0.099472,-0.10807,-0.18809,-0.2681,-0.34812,-0.41529,0.79906,-0.46864,-0.52198,-0.57533,-0.64044,-0.71794,-0.77128,-0.82463,-0.86729,-0.89539,-0.94874,0.79582,-0.98322,-1.0099,-1.0366,-1.0632,-1.0721,-1.0721,-1.0721,-1.0462,-1.0362,-1.0288,0.79582,-1.0021,-0.97541,-0.94874,-0.91569,-0.86235,-0.8328,-0.79158,-0.73823,-0.68489,-0.63155,0.79582,-0.5782,-0.52486,-0.47151,-0.41817,-0.35243,-0.27241,-0.1924,-0.11238,-0.032363,0.04972,0.79582,0.15641,0.24361,0.33386,0.44055,0.54724,0.63552,0.7247,0.83139,0.93808,1.0448,0.77346,1.1515,1.2581,1.3393,1.4356,1.5283,1.5816,1.6594,1.7242,1.7717,1.7983,0.7599,1.825,1.8517,1.8735,1.8735,1.8289,1.7365,1.6107,1.5307,1.3871,1.2629,0.7599,1.1802,1.0735,0.88635,0.71644,0.60975,0.50306,0.41541,0.3256,0.21945,0.13944,0.79582,0.7599,0.041458,-0.05652,-0.13654,-0.50402,-0.7086,-0.80765,-0.88767,-0.96769,-1.0477,-1.1212,0.73862,-1.1745,-1.2279,-1.2812,-1.3345,-1.3879,-1.4183,-1.445,-1.4717,-1.4983,-1.5032,0.71195,-1.5032,-1.5032,-1.5032,-1.4825,-1.4558,-1.4291,-1.4024,-1.3758,-1.3491,-1.3213,0.68527,-1.2679,-1.2332,-1.1971,-1.1438,-1.0905,-1.0371,-0.98376,-0.93042,-0.87707,-0.82373,0.6586,-0.77038,-0.71704,-0.63909,-0.57443,-0.51498,-0.43496,-0.35494,-0.28921,-0.23083,-0.15082,0.63193,-0.070799,0.009218,0.093186,0.19987,0.28519,0.36521,0.44522,0.52524,0.60526,0.68527,0.60526,0.76529,0.84531,0.90611,0.95945,1.0128,1.0661,1.1195,1.1639,1.1906,1.2436,0.57858,1.2799,1.2987,1.2987,1.324,1.3347,1.3414,1.3681,1.3706,1.3408,1.2931,0.55191,1.2664,1.2397,1.2131,1.1497,0.9097,0.84567,0.76798,0.64513,0.59179,0.51752,0.4296,0.41415,0.28564,0.20562,0.12561,0.045589,-0.034428,-0.11444,-0.19446,-0.27448,-0.35423,0.804,0.30908,-0.40757,-0.65552,-0.9094,-0.96275,-1.042,-1.0887,-1.1228,-1.1761,-1.2295,-1.2673,0.25511,-1.294,-1.3206,-1.3473,-1.374,-1.3954,-1.3954,-1.3954,-1.3954,-1.3996,-1.4262,0.17509,-1.4098,-1.3954,-1.3954,-1.3954,-1.3954,-1.3954,-1.3935,-1.3668,-1.3595,-1.3494,0.11312,-1.3227,-1.296,-1.2693,-1.2427,-1.216,-1.1893,-1.1627,-1.136,-1.1093,-1.0826,0.050977,-1.056,-1.0224,-0.96903,-0.94003,-0.89827,-0.85076,-0.82409,-0.79742,-0.75673,-0.70339,-0.02904,-0.65005,-0.61888,-0.57928,-0.52962,-0.50294,-0.47627,-0.4496,-0.42293,-0.39625,-0.36958,-0.10906,-0.34291,-0.31624,-0.28957,-0.26289,-0.23622,-0.20955,-0.18288,-0.1562,-0.12953,-0.10286,-0.1721,-0.12827,-0.15495,-0.17408,-0.17408,-0.19904,-0.22571,-0.24592,-0.24592,-0.26981,-0.28184,-0.23317,-0.28184,-0.28184,-0.30465,-0.31776,-0.31776,-0.31776,-0.31776,-0.31776,-0.31776,-0.31776,-0.31318,-0.31776,-0.31776,-0.31776,-0.31776,-0.31776,-0.31776,-0.31776,-0.31776,0.83067,-0.36806,-0.4214,-0.47474,-0.52809,-0.58143,-0.61996,-0.64663,-0.67331,-0.69998,-0.71291,0.83175,-0.71291,-0.71291,-0.71291,-0.71291,-0.7095,-0.68282,-0.65615,-0.62948,-0.60047,-0.54713,0.83175,-0.49378,-0.42993,-0.34992,-0.2699,-0.18988,-0.10044,0.006074,0.086091,0.18371,0.2904,0.83175,0.39709,0.52955,0.64639,0.75308,0.85977,0.96646,1.0731,1.1736,1.2537,1.3573,0.83175,1.464,1.5655,1.6456,1.7256,1.8056,1.8856,1.9656,2.0242,2.0775,2.1309,0.83175,2.1842,2.1968,2.2079,2.2327,2.2327,2.2134,2.1968,2.1952,2.1418,1.9791,2.0,2.0
0.65099,0.89336,0.5523,1.8517,1.9301,1.9838,2.0375,2.0912,2.112,2.1313,2.1313,2.1313,2.1313,0.5523,2.1124,2.0438,1.8076,1.7384,1.5323,1.4491,1.3625,1.2759,1.1893,1.0851,0.5852,0.95364,0.87913,0.77715,0.69721,0.55691,0.48034,0.34209,0.26758,0.16017,0.085662,0.5852,0.011151,-0.51939,-0.6481,-0.7347,-0.7884,-0.85485,-0.92871,-0.98241,-1.0361,-1.0898,0.5852,-1.1435,-1.1972,-1.2509,-1.2899,-1.3228,-1.3462,-1.3671,-1.3886,-1.3886,-1.3886,0.60123,-1.3886,-1.3886,-1.3886,-1.3886,-1.3557,-1.3228,-1.3008,-1.2471,-1.1934,-1.1068,0.61809,-1.0531,-0.97197,-0.89745,-0.79005,-0.70665,-0.60813,-0.50072,-0.37267,-0.25301,-0.1456,0.61809,-0.005297,0.13501,0.24241,0.38272,0.52302,0.63043,0.77073,0.87814,0.98555,1.093,0.61809,1.2004,1.2919,1.3494,1.4322,1.4859,1.5396,1.5721,1.6141,1.6678,1.7037,0.61809,1.7423,1.796,1.8168,1.8682,1.8914,1.7678,1.4744,1.3878,1.2935,1.2146,0.88127,0.61809,1.1115,1.0085,0.92963,0.82222,0.71481,0.6292,0.52319,0.39259,0.3036,0.21067,0.61809,0.1304,-0.2873,-0.76653,-0.844,-0.90683,-0.99302,-1.0471,-1.1008,-1.1545,-1.2082,0.61809,-1.257,-1.2828,-1.3228,-1.3244,-1.3557,-1.3557,-1.3557,-1.3367,-1.3159,-1.2899,0.60008,-1.2414,-1.2206,-1.1669,-1.1132,-1.0924,-1.0387,-0.98496,-0.93126,-0.84466,-0.79095,0.5852,-0.73725,-0.66932,-0.59694,-0.54324,-0.48954,-0.43583,-0.36256,-0.28804,-0.18064,-0.10613,0.61193,0.001282,0.10869,0.24899,0.3564,0.46381,0.53832,0.64573,0.73496,0.82156,0.90216,0.61809,1.0425,1.1197,1.2338,1.2989,1.3741,1.415,1.4815,1.5352,1.556,1.5674,0.61809,1.5392,1.4929,1.4392,1.3855,1.3218,1.2452,1.1915,1.1311,1.0512,0.96672,0.61809,0.87798,0.80018,0.72567,0.61826,0.54375,0.47787,0.36528,0.26997,0.18517,0.079329,0.65099,-0.002008,-0.074627,-0.15103,-0.23615,-0.33443,-0.42679,-0.51487,-0.93076,-1.0427,-1.0925,0.88127,0.65099,-1.1172,-1.1709,-1.1917,-1.2454,-1.2899,-1.3199,-1.3407,-1.3615,-1.3886,-1.4215,0.63101,-1.424,-1.4544,-1.4544,-1.4864,-1.4873,-1.5202,-1.5202,-1.5202,-1.5202,-1.5202,0.5773,-1.5202,-1.5191,-1.4873,-1.4775,-1.4544,-1.403,-1.3493,-1.3228,-1.2748,-1.254,0.5236,-1.2003,-1.1466,-1.1254,-1.0516,-0.98545,-0.93175,-0.84515,-0.78643,-0.70484,-0.61824,0.46989,-0.56454,-0.51084,-0.45713,-0.40343,-0.34973,-0.29602,-0.24232,-0.20432,-0.16781,-0.13853,0.41619,-0.093296,-0.039592,0.014112,0.067815,0.12152,0.14233,0.19044,0.21684,0.23764,0.22333,0.38782,0.22333,0.22333,0.22333,0.22333,0.22333,0.25171,0.25623,0.26043,0.28913,0.28913,0.34168,0.28995,0.32202,0.32202,0.32202,0.32202,0.32202,0.32202,0.35492,0.35492,0.35492,0.28798,0.34341,0.32202,0.32202,0.31388,0.28913,0.28913,0.28913,0.28913,0.28913,0.28913,0.23427,0.28913,0.29924,0.32202,0.32202,0.32202,0.32202,0.32202,0.32202,0.67994,0.18057,0.12686,0.073161,0.019457,-0.034246,-0.08795,-0.14478,-0.22825,-0.28196,-0.33566,0.5852,-0.40993,-0.47597,-0.52967,-0.58337,-0.63708,-0.69078,-0.77738,-0.83109,-0.88479,-0.93849,0.5852,-0.9922,-1.0459,-1.0667,-1.1204,-1.1412,-1.1912,-1.2157,-1.257,-1.2899,-1.2899,0.5852,-1.3228,-1.3228,-1.305,-1.2513,-1.1976,-1.111,-1.0221,-0.93784,-0.87311,-0.79753,0.5523,-0.74383,-0.69012,-0.60796,-0.50056,-0.38887,-0.22776,-0.079644,0.061565,0.22268,0.35089,0.5523,0.512,0.65477,0.80133,0.96244,1.1236,1.2818,1.4129,1.5295,1.6693,1.7569,2.0,2.0
1.844,1.7426,1.6343,-0.049207,-0.058431,-0.095362,-0.12525,-0.14953,-0.17824,-0.1874,-0.18978,-0.20619,-0.25649,1.6203,-0.25649,-0.26813,-0.28081,-0.29349,-0.33084,-0.36031,-0.37299,-0.40007,-0.4398,-0.44996,1.5947,-0.45272,-0.47784,-0.49052,-0.49142,-0.50206,-0.56224,-0.59651,-0.60919,-0.62187,-0.63455,1.544,-0.65103,-0.67372,-0.6864,-0.69946,-0.72482,-0.73826,-0.76172,-0.77744,-0.79011,-0.81015,1.5166,-0.82929,-0.84197,-0.85859,-0.88115,-0.89383,-0.90651,-0.91918,-0.93186,-0.95546,-0.97104,1.5018,-0.98372,-1.0039,-1.0229,-1.0356,-1.0523,-1.0748,-1.0892,-1.1139,-1.1266,-1.1515,1.4797,-1.1658,-1.1884,-1.205,-1.2176,-1.2368,-1.2568,-1.2695,-1.2853,-1.3087,-1.3221,1.4626,-1.3475,-1.3605,-1.3844,-1.3997,-1.4213,-1.4389,-1.4582,-1.4781,-1.4907,-1.5034,1.4428,-1.5161,-1.5288,-1.5415,-1.5541,-1.5668,-1.5795,-1.5922,-1.6049,-1.6108,-1.6164,1.4235,-1.6246,-1.6279,-1.6384,-1.6373,-1.6246,-1.612,-1.6108,-1.6004,-1.5877,-1.5831,1.7219,1.4059,-1.5762,-1.5635,-1.5509,-1.5382,-1.5255,-1.5128,-1.5001,-1.4875,-1.4748,-1.4621,1.3843,-1.4494,-1.4367,-1.417,-1.3976,-1.3801,-1.3548,-1.3294,-1.3054,-1.2925,-1.2671,1.369,-1.2418,-1.2164,-1.1911,-1.1657,-1.1404,-1.121,-1.1035,-1.0781,-1.0527,-1.0289,1.3437,-1.0158,-0.99049,-0.96513,-0.93977,-0.91442,-0.88906,-0.8637,-0.83834,-0.81298,-0.78763,1.3186,-0.76227,-0.73691,-0.71155,-0.6862,-0.67286,-0.6493,-0.62394,-0.60718,-0.59451,-0.5755,1.3059,-0.55533,-0.54265,-0.52997,-0.51729,-0.50461,-0.49193,-0.47925,-0.46658,-0.4539,-0.44122,1.2814,-0.42854,-0.41586,-0.40318,-0.39468,-0.39164,-0.37896,-0.36628,-0.35361,-0.35323,-0.34207,1.2667,-0.33941,-0.33053,-0.32559,-0.31899,-0.31177,-0.30745,-0.29795,-0.29591,-0.28413,-0.28413,1.2445,-0.27169,-0.27031,-0.26015,-0.25649,-0.24862,-0.23594,-0.22326,-0.21058,-0.1979,-0.1874,1.2276,-0.18636,-0.17368,-0.161,-0.14832,-0.13564,-0.13212,-0.12411,-0.11143,-0.098748,-0.090664,1.7092,1.2076,-0.087209,-0.07453,-0.061851,-0.049207,-0.049207,-0.037633,-0.024954,-0.012275,0.000404,0.013083,1.1884,0.025762,0.038441,0.047527,0.04998,0.062658,0.075165,0.075165,0.086876,0.088984,0.088984,1.1707,0.097275,0.1028,0.1028,0.10767,0.12035,0.13303,0.14571,0.15839,0.17107,0.18375,1.1492,0.20714,0.23249,0.25785,0.28321,0.30857,0.33894,0.3731,0.40119,0.43923,0.47726,1.1338,0.5153,0.55334,0.59137,0.63912,0.68127,0.71188,0.74352,0.78156,0.81559,0.84381,1.11,0.88185,0.9193,0.94466,0.98214,1.0092,1.0444,1.0737,1.1067,1.1383,1.1689,1.0969,1.2028,1.2282,1.2554,1.292,1.3046,1.3296,1.3549,1.3703,1.3918,1.4095,1.0716,1.4222,1.4294,1.4337,1.4464,1.4591,1.4718,1.4844,1.4971,1.5098,1.5225,1.0582,1.5351,1.5478,1.5605,1.5732,1.5859,1.5985,1.6112,1.6239,1.6366,1.6493,1.0347,1.6619,1.6746,1.6873,1.7,1.7127,1.7139,1.6876,1.6437,1.7243,1.019,0.99779,0.97983,0.96715,0.94936,0.92797,0.91529,0.90092,0.87612,0.86344,1.7253,0.85076,0.82713,0.81158,0.7989,0.77869,0.75973,0.74179,0.72055,0.70787,0.69336,1.7127,0.66869,0.65601,0.64333,0.63066,0.61798,0.59649,0.5788,0.56612,0.55344,0.53651,1.6941,0.51426,0.50159,0.48808,0.46272,0.44973,0.42582,0.41055,0.39787,0.38519,0.36585,1.6735,0.34602,0.33334,0.31741,0.29416,0.28148,0.2688,0.25612,0.24345,0.23077,0.209,1.6572,0.19159,0.17891,0.16623,0.15355,0.14087,0.11921,0.058029,0.019992,0.007244,-0.039948,1.0,1.0
-2.054,-1.9012,-1.5899,-1.0464,-1.0521,-1.0577,-1.0634,-1.0691,-1.0691,-1.0691,-1.0691,-1.0691,-1.0577,-1.5842,-1.0464,-1.0351,-1.0238,-1.0181,-1.0125,-0.98416,-0.95586,-0.94454,-0.93321,-0.91623,-1.5785,-0.89925,-0.86529,-0.83132,-0.81434,-0.79736,-0.77472,-0.75207,-0.71245,-0.67282,-0.65584,-1.5729,-0.63886,-0.61622,-0.59357,-0.55395,-0.51432,-0.49734,-0.48036,-0.44074,-0.40111,-0.36149,-1.5672,-0.32186,-0.29922,-0.27658,-0.23695,-0.19733,-0.18034,-0.16336,-0.14638,-0.1294,-0.095435,-1.5729,-0.061471,-0.05015,-0.038828,-0.021846,-0.004864,0.000796,0.006457,0.012118,0.017778,0.023439,-1.5785,0.0291,0.0291,0.0291,0.023439,0.017778,0.006457,-0.004864,-0.010525,-0.016186,-0.027507,-1.5785,-0.038828,-0.061471,-0.084114,-0.1011,-0.11808,-0.1294,-0.14072,-0.16902,-0.19733,-0.20865,-1.5785,-0.21997,-0.23129,-0.24261,-0.26525,-0.2879,-0.29356,-0.29922,-0.31054,-0.32186,-0.32752,-1.5785,-0.33318,-0.33318,-0.33318,-0.32752,-0.32186,-0.3162,-0.31054,-0.29922,-0.2879,-0.27092,-1.7484,-1.5785,-0.25393,-0.23695,-0.21997,-0.19733,-0.17468,-0.1577,-0.14072,-0.12374,-0.10676,-0.072792,-1.5785,-0.038828,-0.021846,-0.004864,0.012118,0.0291,0.068724,0.10835,0.13099,0.15363,0.19326,-1.5785,0.23288,0.25553,0.27817,0.29515,0.31213,0.35176,0.39138,0.41403,0.43667,0.45365,-1.5729,0.47063,0.51026,0.54988,0.56686,0.58385,0.59517,0.60649,0.64045,0.67442,0.68574,-1.5672,0.69706,0.70838,0.7197,0.73668,0.75367,0.75933,0.76499,0.77631,0.78763,0.78763,-1.5672,0.78763,0.78197,0.77631,0.77631,0.77631,0.77065,0.76499,0.75367,0.74234,0.73102,-1.5672,0.7197,0.70272,0.68574,0.68008,0.67442,0.66876,0.66309,0.64611,0.62913,0.61781,-1.5672,0.60649,0.58951,0.57252,0.56686,0.5612,0.54988,0.53856,0.52724,0.51592,0.51592,-1.5672,0.51592,0.51592,0.51592,0.51592,0.51592,0.51592,0.51592,0.52158,0.52724,0.5329,-1.5615,0.53856,0.54988,0.5612,0.56686,0.57252,0.58385,0.59517,0.61215,0.62913,0.64045,-1.7087,-1.5559,0.65177,0.67442,0.69706,0.70838,0.7197,0.74234,0.76499,0.77631,0.78763,0.79895,-1.5502,0.81027,0.83858,0.86688,0.8782,0.88952,0.9065,0.92349,0.95179,0.98009,0.99707,-1.5446,1.0141,1.0367,1.0593,1.0763,1.0933,1.1046,1.1159,1.1443,1.1726,1.1839,-1.5446,1.1952,1.2178,1.2405,1.2461,1.2518,1.2631,1.2744,1.2858,1.2971,1.3028,-1.5446,1.3084,1.3084,1.3084,1.3141,1.3197,1.3141,1.3084,1.3084,1.3084,1.3084,-1.5332,1.3084,1.3084,1.3084,1.3028,1.2971,1.2971,1.2971,1.2971,1.2971,1.3028,-1.5219,1.3084,1.3141,1.3197,1.3254,1.3311,1.3424,1.3537,1.3707,1.3877,1.399,-1.5106,1.4103,1.4216,1.4329,1.4499,1.4669,1.4782,1.4896,1.5122,1.5348,1.5462,-1.4993,1.5575,1.5631,1.5688,1.5801,1.5914,1.5971,1.6028,1.6084,1.6141,1.6197,-1.4936,1.6254,1.6311,1.6367,1.6367,1.6367,1.6367,1.6367,1.6367,-1.6691,-1.488,-1.4653,-1.4427,-1.4314,-1.42,-1.4087,-1.3974,-1.3747,-1.3521,-1.3351,-1.6578,-1.3181,-1.3068,-1.2955,-1.2785,-1.2615,-1.2332,-1.2049,-1.1879,-1.171,-1.1313,-1.6465,-1.0917,-1.0747,-1.0577,-1.0408,-1.0238,-0.98982,-0.95586,-0.93887,-0.92189,-0.91057,-1.6238,-0.89925,-0.87661,-0.85396,-0.84264,-0.83132,-0.83132,-0.83132,-0.82566,-0.82,-0.82,-1.6012,-0.82,-0.82566,-0.83132,-0.83698,-0.84264,-0.85963,-0.87661,-0.88793,-0.89925,-0.90491,-1.5955,-0.91057,-0.93321,-0.95586,-0.96718,-0.9785,-0.98416,-0.98982,-1.0011,-1.0125,-1.0294,5.0,5.0
-0.98519,-0.95507,-0.92495,-1.6779,-1.626,-1.5786,-1.5439,-1.5002,-1.4596,-1.4114,-1.3752,-1.3376,-1.2909,-0.91516,-1.2563,-1.2216,-1.187,-1.138,-1.1027,-1.068,-1.0334,-0.99874,-0.96411,-0.92947,-0.90989,-0.89483,-0.86019,-0.83007,-0.80598,-0.77134,-0.748,-0.71712,-0.6983,-0.68098,-0.66366,-0.89558,-0.64634,-0.62902,-0.6117,-0.59438,-0.57706,-0.55975,-0.54243,-0.52511,-0.50779,-0.49047,-0.87826,-0.45809,-0.44077,-0.42345,-0.40613,-0.38882,-0.3715,-0.35418,-0.33686,-0.32255,-0.31728,-0.86471,-0.29996,-0.29243,-0.28038,-0.26306,-0.26081,-0.24349,-0.23219,-0.22391,-0.21713,-0.20433,-0.85869,-0.20207,-0.18475,-0.16743,-0.15012,-0.1328,-0.11548,-0.084604,-0.065779,-0.045448,-0.010811,-0.84137,0.016297,0.043405,0.078043,0.098374,0.13226,0.16313,0.18647,0.22111,0.24521,0.27533,-0.82405,0.30997,0.32954,0.35966,0.37698,0.40334,0.42668,0.444,0.46132,0.47864,0.49596,-0.80673,0.51328,0.53059,0.54791,0.56523,0.58105,0.58481,0.60213,0.61945,0.63677,0.64129,-0.95507,-0.78941,0.65635,0.67366,0.69098,0.71508,0.74068,0.758,0.77532,0.8077,0.82502,0.84234,-0.77209,0.86718,0.89203,0.90935,0.92667,0.95905,0.97637,0.99971,1.0261,1.0539,1.0886,-0.75477,1.1081,1.1428,1.1729,1.197,1.2316,1.255,1.2859,1.3054,1.3371,1.3544,-0.73745,1.3792,1.4041,1.4334,1.4538,1.4726,1.5035,1.5328,1.5682,1.5855,1.6029,-0.7111,1.6202,1.6375,1.6548,1.6721,1.6895,1.7068,1.7241,1.7414,1.7557,1.761,-0.68776,1.7783,1.7956,1.8009,1.8152,1.8175,1.8348,1.8461,1.8378,1.831,1.8182,-0.68399,1.8009,1.7836,1.7663,1.7489,1.7226,1.688,1.6669,1.6337,1.5961,1.5494,-0.66818,1.4997,1.4402,1.4003,1.3657,1.316,1.2776,1.2316,1.197,1.1518,1.1127,-0.65387,1.078,1.0434,1.0087,0.97411,0.93044,0.88977,0.86869,0.83556,0.80393,0.78134,-0.6486,0.75423,0.72713,0.70454,0.68722,0.6699,0.65258,0.63526,0.61794,0.60062,0.5705,-0.95507,-0.63881,0.55093,0.54867,0.53135,0.51403,0.50575,0.49445,0.49069,0.47563,0.47261,0.46057,-0.63881,0.45304,0.44551,0.44551,0.44551,0.43045,0.43045,0.43045,0.42216,0.41539,0.41539,-0.63881,0.41539,0.41313,0.40033,0.40033,0.40033,0.40033,0.38677,0.38527,0.38527,0.38527,-0.63881,0.37774,0.36042,0.35515,0.35515,0.34009,0.33632,0.319,0.30997,0.29942,0.29491,-0.63881,0.27985,0.27759,0.26479,0.25801,0.24973,0.23843,0.23467,0.21961,0.21961,0.21434,-0.63881,0.20455,0.19476,0.18949,0.18949,0.18949,0.18949,0.18346,0.17443,0.17443,0.17443,-0.63881,0.17443,0.17443,0.17443,0.16765,0.15937,0.15937,0.15937,0.15937,0.15937,0.15937,-0.63881,0.15937,0.15937,0.15937,0.14506,0.14431,0.14431,0.14431,0.14431,0.14431,0.14431,-0.63881,0.14431,0.14431,0.14431,0.14431,0.14431,0.14431,0.14431,0.14431,0.14431,0.14431,-0.63881,0.14431,0.14431,0.15635,0.15937,0.15937,0.15937,0.15937,0.15937,-0.94603,-0.63881,-0.63881,-0.63881,-0.64559,-0.65387,-0.65387,-0.65387,-0.65387,-0.65387,-0.65387,-0.94001,-0.69152,-0.73896,-0.74423,-0.85869,-0.88128,-0.91365,-0.97615,-1.0266,-1.071,-1.1524,-0.94001,-1.181,-1.1983,-1.2337,-1.2932,-1.3195,-1.3429,-1.428,-1.4528,-1.4701,-1.4874,-0.94001,-1.5349,-1.5921,-1.6147,-1.632,-1.7111,-1.742,-1.7532,-1.8029,-1.8541,-1.8587,-0.94001,-1.8737,-1.8978,-1.9716,-2.0243,-2.0876,-2.141,-2.1584,-2.1139,-2.0966,-2.074,-0.93474,-2.0394,-2.0145,-1.9852,-1.9505,-1.9159,-1.8813,-1.8406,-1.7969,-1.7623,-1.7148,4.0,4.0
0.9879,0.9879,0.9879,1.3069,1.4249,1.4664,1.4927,1.5812,1.6697,1.7407,1.7997,1.8587,1.8651,0.9879,1.8651,1.8763,1.9353,1.9696,1.9847,1.9847,1.9847,1.9847,1.972,1.9209,0.9879,1.6259,1.4815,1.3595,1.1849,1.0964,1.0676,1.0389,0.95042,0.83319,0.78853,0.9879,0.59714,-0.11102,-0.27689,-0.37817,-0.44755,-0.44755,-0.54963,-0.6525,-0.72667,-0.72667,0.9879,-0.77451,-0.84708,-0.92603,-0.92603,-0.97069,-1.0297,-1.0855,-1.0855,-1.127,-1.186,0.9879,-1.245,-1.245,-1.2642,-1.2937,-1.3232,-1.3248,-1.3423,-1.3646,-1.3646,-1.3646,0.9879,-1.3646,-1.3646,-1.3646,-1.3646,-1.3503,-1.3208,-1.2913,-1.2849,-1.2594,-1.2004,0.9879,-1.1414,-1.1254,-1.1031,-1.0433,-0.95474,-0.92603,-0.9069,-0.84788,-0.73145,-0.68679,0.9879,-0.66287,-0.57435,-0.48583,-0.44755,-0.42203,-0.30401,-0.18598,-0.067954,0.030933,0.030933,0.98551,0.15055,0.2303,0.24306,0.36109,0.47911,0.54929,0.55727,0.7048,0.8316,0.90815,0.9879,0.956,0.90815,1.0262,1.1251,1.2136,1.3021,1.3906,1.4265,1.4409,1.4999,1.5326,0.9265,1.5621,1.5916,1.6211,1.6259,1.6259,1.6259,1.6259,1.5102,1.2862,0.97115,0.89699,0.76461,0.62266,0.5158,0.42648,0.30845,0.19043,0.072402,-0.045624,-0.16365,-0.4651,0.86669,-0.79046,-0.87898,-0.94039,-0.9994,-1.052,-1.0815,-1.1366,-1.1804,-1.2099,-1.2394,0.80767,-1.2689,-1.2849,-1.2881,-1.3176,-1.3248,-1.3128,-1.2849,-1.2849,-1.2642,-1.2243,0.7686,-1.1653,-1.1358,-1.0871,-1.0281,-0.9691,-0.91009,-0.83353,-0.75219,-0.69317,-0.60784,0.72952,-0.53527,-0.47068,-0.38216,-0.31836,-0.24499,-0.15647,-0.067954,0.020566,0.12185,0.23748,0.67051,0.326,0.41452,0.5142,0.63223,0.75025,0.84834,0.94643,1.0645,1.1538,1.279,0.66891,1.4106,1.4991,1.5334,1.5796,1.6323,1.6618,1.6658,1.6809,1.7056,1.7056,0.63223,1.6099,1.5326,1.5031,1.4736,1.4217,1.3627,1.2957,1.0892,0.96557,0.84595,0.9879,0.58916,0.66891,0.58039,0.47273,0.35471,0.23668,0.14657,0.040503,-0.077523,-0.19555,-0.28726,0.58916,-0.37578,-0.50896,-0.83353,-0.96033,-1.0345,-1.0895,-1.119,-1.1717,-1.2179,-1.2498,0.53494,-1.3088,-1.3463,-1.3646,-1.3654,-1.3949,-1.4045,-1.4045,-1.4045,-1.4045,-1.3862,0.45918,-1.3646,-1.3646,-1.3375,-1.308,-1.2785,-1.249,-1.2195,-1.19,-1.1557,-1.0967,0.37704,-1.0616,-1.0185,-0.95953,-0.90052,-0.8415,-0.79445,-0.76176,-0.67324,-0.60545,-0.54644,0.31802,-0.48742,-0.3989,-0.32952,-0.27051,-0.2115,-0.15249,-0.093473,-0.03446,0.024553,0.083566,0.15693,0.12663,0.16172,0.22073,0.25502,0.28453,0.31404,0.34354,0.37305,0.3898,0.3898,0.010199,0.3898,0.36826,0.34992,0.34912,0.31962,0.31005,0.30048,0.27097,0.27018,0.25183,-0.088688,0.2303,0.2303,0.2303,0.21355,0.19043,0.19043,0.19043,0.19043,0.19043,0.19043,-0.088688,0.19043,0.19043,0.19043,0.19043,0.21276,0.2303,0.22871,0.1992,0.9879,-0.16046,-0.24898,-0.32793,-0.32793,-0.41725,-0.52331,-0.60705,-0.60705,-0.66925,-0.7474,0.9879,-0.80641,-0.89493,-1.0026,-1.0943,-1.1238,-1.1254,-1.1429,-1.1653,-1.1653,-1.1653,0.9879,-1.1653,-1.1653,-1.1653,-1.1653,-1.1653,-1.1613,-1.1318,-1.0791,-1.0457,-1.0457,0.9879,-1.0457,-1.0241,-1.0058,-1.0034,-0.91487,-0.84629,-0.80641,-0.80641,-0.72029,-0.61343,0.9879,-0.5273,-0.5273,-0.44596,-0.32394,-0.18279,-0.064764,-0.048814,0.026946,0.17448,0.32201,0.9879,0.34992,0.41771,0.56524,0.71277,0.86031,0.94803,0.956,1.1035,1.1474,1.1889,2.0,2.0
0.098327,0.098327,0.016639,1.0786,1.1831,1.2627,1.365,1.4696,1.5524,1.6101,1.682,1.7419,1.7767,0.00139,1.8029,1.829,1.841,1.841,1.841,1.8301,1.755,1.633,1.5731,1.4685,-0.010591,1.3019,1.1973,1.0927,0.98601,0.85639,0.75183,0.62113,0.49043,0.35973,0.22903,-0.010591,0.098327,-0.032374,-0.14347,-0.26655,-0.37982,-0.48438,-0.58894,-0.6935,-0.785,-0.92332,-0.022572,-1.0671,-1.1194,-1.1629,-1.1891,-1.2152,-1.2414,-1.2631,-1.2631,-1.2631,-1.2621,-0.03782,-1.2359,-1.2098,-1.1836,-1.1575,-1.1314,-1.0834,-1.0518,-1.0061,-0.95382,-0.88411,-0.03782,-0.82203,-0.7545,-0.67608,-0.59766,-0.51924,-0.42992,-0.33517,-0.24803,-0.14347,-0.045444,-0.029107,0.038422,0.14298,0.24754,0.3521,0.45667,0.56123,0.66579,0.77035,0.87491,0.9566,-0.010591,1.0568,1.1614,1.2463,1.3433,1.4304,1.5088,1.5872,1.6657,1.731,1.7833,-0.010591,1.8356,1.8878,1.9314,1.9576,1.9837,2.0044,2.0044,2.0011,1.9641,1.8105,0.098327,-0.010591,1.7321,1.6798,1.5774,1.401,1.2866,1.1821,1.0775,0.95333,0.84115,0.71916,-0.010591,0.60479,0.48498,0.35428,0.23665,0.12011,-0.010591,-0.13149,-0.24476,-0.36784,-0.4724,-0.010591,-0.57696,-0.71202,-0.97015,-1.0246,-1.1019,-1.1542,-1.1804,-1.2316,-1.2359,-1.2588,-0.012769,-1.2631,-1.2631,-1.2435,-1.2174,-1.1913,-1.1488,-1.1117,-1.0714,-1.0061,-0.93966,-0.038909,-0.88738,-0.82529,-0.74687,-0.66845,-0.59003,-0.50617,-0.40596,-0.32427,-0.22189,-0.14238,-0.06505,-0.03782,0.066741,0.14625,0.24863,0.35319,0.45776,0.54162,0.63965,0.74421,0.83134,-0.09119,0.90976,1.0034,1.0938,1.1723,1.2507,1.3182,1.3803,1.45,1.5099,1.5818,-0.11733,1.6286,1.6591,1.7081,1.7364,1.7876,1.8138,1.8138,1.8138,1.8138,1.8138,-0.14347,1.8138,1.7931,1.7669,1.7408,1.6972,1.645,1.5164,1.4042,1.3389,1.2605,-0.16961,1.1712,1.0764,0.99799,0.91957,0.83461,0.73549,0.65272,0.55142,0.47083,0.36626,0.098327,-0.19575,0.2617,0.18328,0.079811,-0.000788,-0.37655,-0.51161,-0.59003,-0.64885,-0.70113,-0.75341,-0.28397,-0.80569,-0.84272,-0.86886,-0.895,-0.92114,-0.93639,-0.93639,-0.93639,-0.93639,-0.93639,-0.40814,-0.93094,-0.90916,-0.90589,-0.87975,-0.85361,-0.82747,-0.80133,-0.77519,-0.72509,-0.69568,-0.48329,-0.64776,-0.59548,-0.5432,-0.49092,-0.43864,-0.38636,-0.33408,-0.2818,-0.24259,-0.20446,-0.53557,-0.15218,-0.10971,-0.074852,-0.030196,-0.004056,0.022085,0.048225,0.074365,0.098327,0.099416,-0.60419,0.12556,0.12556,0.075454,0.047136,0.043868,0.043868,0.023174,0.016639,0.016639,0.016639,-0.66736,0.000301,-0.010591,-0.010591,-0.010591,-0.010591,-0.021482,-0.03782,-0.03782,-0.03782,-0.03782,-0.71964,-0.03782,-0.03782,-0.03782,-0.03782,-0.03782,-0.03782,-0.06396,-0.06505,-0.06505,-0.06505,-0.77192,-0.06505,-0.06505,-0.084655,-0.092279,-0.092279,-0.092279,-0.10753,-0.11951,-0.11951,-0.11951,-0.82421,-0.1304,-0.14674,-0.14674,-0.15436,-0.17397,-0.17397,-0.17397,-0.17397,0.075454,-0.88738,-0.956,-1.0083,-1.0606,-1.1128,-1.1651,-1.2174,-1.2697,-1.3198,-1.347,0.071097,-1.3993,-1.4516,-1.4788,-1.5049,-1.554,-1.5845,-1.6106,-1.6171,-1.6356,-1.6618,0.071097,-1.6716,-1.6716,-1.6716,-1.6716,-1.6716,-1.6716,-1.6618,-1.6356,-1.6095,-1.5834,0.051492,-1.5572,-1.5267,-1.4777,-1.4494,-1.3971,-1.3448,-1.2926,-1.2152,-1.1608,-1.0856,0.043868,-1.0072,-0.92877,-0.85035,-0.77192,-0.67608,-0.57152,-0.4822,-0.38962,-0.28506,-0.16852,0.026441,-0.048712,0.055849,0.16041,0.2726,0.39676,0.50132,0.61024,0.73767,0.84223,0.94788,2.0,0.0
1.9798,1.9048,1.5493,-0.33646,-0.36232,-0.38819,-0.41405,-0.4449,-0.47616,-0.5121,-0.53828,-0.56414,-0.57536,1.5291,-0.59509,-0.62096,-0.64682,-0.66557,-0.68816,-0.72441,-0.75028,-0.78305,-0.82184,-0.84542,1.4642,-0.85788,-0.88998,-0.92509,-0.95209,-0.97796,-1.0038,-1.0297,-1.0555,-1.0814,-1.1073,1.4482,-1.1331,-1.157,-1.1641,-1.19,-1.2158,-1.2417,-1.2675,-1.2934,-1.3109,-1.3342,1.4308,-1.3502,-1.3704,-1.3834,-1.3863,-1.4092,-1.4222,-1.4351,-1.4584,-1.4713,-1.4843,1.3628,-1.4972,-1.5101,-1.5231,-1.531,-1.5385,-1.5515,-1.5644,-1.5773,-1.5903,-1.6032,1.3167,-1.6057,-1.6187,-1.6244,-1.6342,-1.6348,-1.6348,-1.6279,-1.6244,-1.6124,-1.5995,1.303,-1.5933,-1.584,-1.5711,-1.5581,-1.5452,-1.5323,-1.5193,-1.5064,-1.4935,-1.4805,1.273,-1.4686,-1.4651,-1.446,-1.4288,-1.4159,-1.3996,-1.3796,-1.3582,-1.3427,-1.3169,1.2083,-1.2967,-1.2755,-1.2705,-1.2446,-1.2187,-1.1929,-1.1672,-1.1515,-1.1257,-1.0998,1.8605,1.1811,-1.0843,-1.0585,-1.0326,-1.0144,-1.0116,-0.98616,-0.96518,-0.94482,-0.92893,-0.90561,1.1681,-0.89268,-0.87253,-0.85643,-0.83311,-0.82465,-0.81764,-0.8047,-0.78138,-0.76845,-0.74872,1.139,-0.7322,-0.71927,-0.70229,-0.68302,-0.67009,-0.65586,-0.63384,-0.62729,-0.61836,-0.60543,1.1007,-0.58886,-0.56918,-0.55625,-0.54332,-0.53038,-0.51745,-0.50452,-0.49226,-0.48904,-0.47611,1.0878,-0.46318,-0.45025,-0.44033,-0.43477,-0.42994,-0.41955,-0.41675,-0.40917,-0.40917,-0.39883,1.0697,-0.40917,-0.42973,-0.45072,-0.42002,-0.40917,-0.40423,-0.39878,-0.38876,-0.38621,-0.37801,1.0165,-0.37801,-0.37801,-0.36762,-0.3631,-0.35723,-0.34763,-0.33646,-0.33215,-0.31922,-0.30628,0.99707,-0.29491,-0.29491,-0.28826,-0.27533,-0.2624,-0.24947,-0.23654,-0.21462,-0.20029,-0.18367,0.99307,-0.16404,-0.1511,-0.12778,-0.11833,-0.11231,-0.090807,-0.075331,-0.052739,-0.033991,-0.016489,0.97121,0.00735,0.030149,0.04869,0.074553,0.079331,0.095119,0.12098,0.14685,0.16232,0.18819,1.817,0.95828,0.21405,0.23218,0.25539,0.28125,0.30213,0.32259,0.32831,0.34316,0.36425,0.37718,0.94534,0.39998,0.41343,0.43093,0.44968,0.46261,0.47554,0.48411,0.49102,0.50395,0.51688,0.92369,0.52981,0.54275,0.55568,0.55682,0.55682,0.56331,0.56721,0.56721,0.56721,0.57349,0.90909,0.57759,0.58897,0.59837,0.60444,0.61738,0.62953,0.63285,0.64578,0.66713,0.68261,0.89616,0.70847,0.72867,0.74981,0.77567,0.80154,0.8274,0.85326,0.87913,0.89959,0.91533,0.88323,0.94633,0.9722,1.0006,1.0343,1.0678,1.0964,1.1246,1.1585,1.1844,1.1904,0.8703,1.2174,1.2516,1.2775,1.3033,1.3292,1.3551,1.3809,1.4068,1.431,1.4397,0.85737,1.4532,1.4791,1.4946,1.5164,1.5359,1.5527,1.576,1.5889,1.6082,1.6252,0.84766,1.6485,1.6614,1.6744,1.6873,1.701,1.7235,1.7365,1.7494,1.7623,1.7753,0.84189,1.7882,1.8011,1.8141,1.827,1.8399,1.8529,1.855,1.8421,1.7931,0.82896,0.81603,0.8031,0.79016,0.77723,0.76326,0.70982,0.69689,0.69185,0.6812,1.7178,0.62953,0.60382,0.56991,0.56721,0.51371,0.47372,0.46625,0.45331,0.44641,0.41706,1.7049,0.40413,0.40102,0.35355,0.32379,0.31086,0.29793,0.28146,0.2556,0.2556,0.2462,1.692,0.24365,0.22662,0.2074,0.19447,0.19328,0.18549,0.16606,0.16212,0.088264,0.075332,1.6192,0.068633,0.059856,0.045989,0.023605,0.004649,-0.004076,-0.015917,-0.038509,-0.057257,-0.083121,1.5622,-0.10847,-0.12446,-0.15032,-0.17619,-0.20205,-0.22792,-0.24298,-0.25887,-0.28473,-0.3106,1.0,1.0
0.44686,0.51727,0.57635,0.50082,0.58531,0.65783,0.72824,0.79865,0.86906,0.93591,0.99224,1.0486,1.1049,0.57635,1.1612,1.2083,1.2506,1.2928,1.3268,1.3549,1.3831,1.4039,1.4179,1.432,0.57635,1.4396,1.4396,1.4396,1.4341,1.42,1.4059,1.3872,1.359,1.3309,1.299,0.57635,1.2567,1.2042,1.1506,1.1084,1.0474,0.97697,0.90656,0.83615,0.76476,0.68027,0.57635,0.59578,0.51123,0.41266,0.32072,0.23622,0.13851,0.039936,-0.05864,-0.15722,-0.26059,0.57635,-0.37325,-0.47452,-0.56921,-0.65371,-0.7382,-0.82269,-0.90719,-0.99168,-1.0741,-1.1445,0.57635,-1.2063,-1.2626,-1.319,-1.3753,-1.4314,-1.4737,-1.5091,-1.5373,-1.5654,-1.5877,0.57635,-1.6018,-1.6159,-1.625,-1.625,-1.625,-1.621,-1.6069,-1.5822,-1.554,-1.5258,0.57635,-1.488,-1.4435,-1.3872,-1.322,-1.2516,-1.1812,-1.1029,-1.0181,-0.91949,-0.82091,0.57635,-0.72234,-0.62376,-0.52519,-0.42661,-0.31541,-0.20788,-0.1093,-0.010728,0.087848,0.18642,0.55477,0.57635,0.285,0.38357,0.48215,0.57085,0.65534,0.73984,0.81537,0.88579,0.9562,1.0266,0.57635,1.0965,1.1528,1.202,1.2443,1.2865,1.3288,1.371,1.4005,1.4233,1.4374,0.56869,1.4515,1.4656,1.4797,1.4828,1.4793,1.4653,1.4512,1.4346,1.4064,1.3782,0.55461,1.3468,1.2905,1.2342,1.1778,1.1215,1.0506,0.96612,0.8955,0.81235,0.71378,0.54053,0.62815,0.53821,0.43963,0.32903,0.2209,0.12232,0.012635,-0.096408,-0.19498,-0.30376,0.52645,-0.41372,-0.51229,-0.61087,-0.70944,-0.80802,-0.90659,-1.0043,-1.0888,-1.1733,-1.2578,0.51236,-1.3283,-1.3921,-1.4485,-1.5048,-1.5555,-1.5978,-1.6278,-1.656,-1.6841,-1.701,0.48496,-1.7151,-1.7292,-1.7329,-1.7301,-1.716,-1.7019,-1.6859,-1.6577,-1.621,-1.5777,0.45679,-1.5214,-1.4575,-1.387,-1.3025,-1.218,-1.1335,-1.0357,-0.93136,-0.8187,-0.70604,0.42863,-0.59339,-0.48073,-0.37951,-0.277,-0.16434,-0.062201,0.039396,0.15205,0.25511,0.35368,0.55477,0.40046,0.45226,0.54215,0.62783,0.7264,0.81721,0.90143,0.97184,1.0491,1.1336,1.1912,0.3723,1.2476,1.3039,1.3602,1.4115,1.4538,1.4844,1.5126,1.5407,1.5689,1.5939,0.34413,1.608,1.6221,1.6316,1.6175,1.6034,1.588,1.5598,1.5317,1.5031,1.4608,0.30448,1.4186,1.3763,1.3205,1.2581,1.1877,1.1173,1.0468,0.97643,0.90602,0.83561,0.25824,0.7652,0.69479,0.62437,0.55396,0.48355,0.41314,0.34273,0.28133,0.22349,0.15308,0.20191,0.090761,0.034432,-0.021897,-0.071049,-0.1133,-0.15554,-0.19153,-0.21969,-0.24786,-0.27602,0.15615,-0.30419,-0.32043,-0.33451,-0.34859,-0.35167,-0.35167,-0.35167,-0.35167,-0.34908,-0.335,0.11083,-0.32091,-0.3085,-0.3085,-0.30025,-0.28617,-0.27209,-0.258,-0.24392,-0.24376,-0.23734,0.054503,-0.22326,-0.22218,-0.22218,-0.22218,-0.22218,-0.22218,-0.22218,-0.22218,-0.22218,-0.22218,-0.011483,-0.22218,-0.22218,-0.22218,-0.22218,-0.22218,-0.22218,-0.23059,-0.24468,0.55477,-0.079736,-0.13606,-0.20113,-0.27155,-0.34196,-0.41237,-0.48278,-0.55319,-0.6236,-0.69401,0.55477,-0.75093,-0.81325,-0.88366,-0.9415,-0.99783,-1.0542,-1.0988,-1.1411,-1.1833,-1.2256,0.55477,-1.2678,-1.3101,-1.3425,-1.3707,-1.3988,-1.427,-1.4537,-1.4678,-1.4819,-1.4955,0.55477,-1.4955,-1.4884,-1.4744,-1.4466,-1.4185,-1.3903,-1.3494,-1.3072,-1.2649,-1.2108,0.55952,-1.1502,-1.0798,-1.0094,-0.93557,-0.85107,-0.77656,-0.70367,-0.61918,-0.52562,-0.42861,0.5736,-0.34411,-0.25962,-0.17513,-0.090635,0.001088,0.099664,0.18443,0.26892,0.35341,0.42501,0.0,0.0
-2.3252,-2.2221,-1.8669,-0.75253,-0.73144,-0.71998,-0.70852,-0.69707,-0.68561,-0.67415,-0.66269,-0.65123,-0.63615,-1.8106,-0.61548,-0.60402,-0.59256,-0.5811,-0.56964,-0.55819,-0.55353,-0.54811,-0.53665,-0.52519,-1.7624,-0.51502,-0.51502,-0.51502,-0.50503,-0.50218,-0.50218,-0.50218,-0.49772,-0.48934,-0.48934,-1.7166,-0.48934,-0.48934,-0.47894,-0.4765,-0.46886,-0.46366,-0.45878,-0.45082,-0.44871,-0.43799,-1.6771,-0.43799,-0.43799,-0.42855,-0.42515,-0.41847,-0.41231,-0.40839,-0.39947,-0.39832,-0.38686,-1.6377,-0.3754,-0.36394,-0.36096,-0.35386,-0.3424,-0.33528,-0.33233,-0.32244,-0.32225,-0.31079,-1.5955,-0.3096,-0.30071,-0.29676,-0.29063,-0.28392,-0.28055,-0.27109,-0.27048,-0.25902,-0.25825,-1.5611,-0.24894,-0.23748,-0.23257,-0.2274,-0.21595,-0.20689,-0.20587,-0.19441,-0.19406,-0.18433,-1.5268,-0.17287,-0.16838,-0.16279,-0.15554,-0.15272,-0.1427,-0.14264,-0.13118,-0.11972,-0.10826,-1.4924,-0.10419,-0.098185,-0.086726,-0.075268,-0.06381,-0.052351,-0.040893,-0.029435,-0.017977,-0.014318,-2.1895,-1.458,-0.007898,0.00356,0.015018,0.026477,0.037036,0.037036,0.048013,0.059471,0.07093,0.082388,-1.4332,0.093846,0.1053,0.11676,0.12822,0.13968,0.15114,0.1626,0.18269,0.19835,0.20981,-1.4102,0.22127,0.23584,0.25702,0.26848,0.27994,0.28097,0.29002,0.2938,0.3001,0.30664,-1.3873,0.30664,0.30664,0.30664,0.30664,0.30664,0.30664,0.30664,0.31335,0.31948,0.31948,-1.3698,0.32205,0.33232,0.33232,0.34359,0.35504,0.358,0.36512,0.37658,0.3924,0.41234,-1.3583,0.42379,0.43525,0.44671,0.45817,0.46963,0.48109,0.49254,0.504,0.51546,0.5249,-1.3469,0.52554,0.537,0.53774,0.53774,0.53774,0.53774,0.54293,0.55057,0.55057,0.55057,-1.3354,0.55057,0.55057,0.56033,0.56341,0.56341,0.56341,0.56765,0.57625,0.57625,0.57635,-1.324,0.58781,0.59926,0.61072,0.62218,0.63364,0.6451,0.65656,0.66801,0.67947,0.69093,-1.3125,0.70239,0.71385,0.72531,0.73676,0.74822,0.75599,0.7583,0.77069,0.79361,0.80551,-2.1579,-1.311,0.81697,0.82843,0.83989,0.85135,0.8628,0.87426,0.88572,0.89718,0.90864,0.9201,-1.311,0.93155,0.93573,0.94163,0.95309,0.9614,0.96317,0.97463,0.98609,0.98708,0.99616,-1.311,1.0076,1.0191,1.0305,1.042,1.0513,1.0521,1.0635,1.075,1.0769,1.0851,-1.311,1.0898,1.0951,1.1026,1.1026,1.1038,1.1153,1.1155,1.1155,1.124,1.1283,-1.311,1.1341,1.1455,1.154,1.1556,1.1673,1.1902,1.2028,1.2143,1.2333,1.25,-1.311,1.2663,1.2892,1.3101,1.3216,1.333,1.3445,1.3559,1.3674,1.3722,1.3775,-1.311,1.3851,1.3851,1.3851,1.3851,1.3962,1.3979,1.3979,1.3979,1.3979,1.3979,-1.311,1.3979,1.3979,1.398,1.4095,1.421,1.4324,1.4513,1.4682,1.4843,1.5072,-1.311,1.5321,1.5664,1.6008,1.6352,1.6788,1.7246,1.7705,1.8163,1.8584,1.8951,-1.311,1.941,1.9868,2.0216,2.0463,2.0775,2.0981,2.1151,2.1338,-2.1235,-1.302,-1.2982,-1.2919,-1.2853,-1.2853,-1.2832,-1.2725,-1.2725,-1.2617,-1.2596,-2.0832,-1.2596,-1.253,-1.2468,-1.2468,-1.2443,-1.234,-1.234,-1.2228,-1.2211,-1.2127,-2.042,-1.2083,-1.2026,-1.1912,-1.1826,-1.1811,-1.1698,-1.1698,-1.1595,-1.1481,-1.1441,-2.0044,-1.138,-1.1313,-1.1279,-1.1165,-1.1056,-1.1056,-1.0949,-1.0835,-1.072,-1.0671,-1.9586,-1.0619,-1.0505,-1.039,-1.0276,-1.0161,-1.0046,-0.98349,-0.96889,-0.95743,-0.94042,-1.9127,-0.92167,-0.90742,-0.88592,-0.87443,-0.85151,-0.83871,-0.81852,-0.80295,-0.78552,-0.7672,3.0,5.0
1.9671,1.9531,1.7459,-0.32657,-0.34501,-0.36344,-0.37044,-0.39269,-0.41494,-0.42193,-0.44037,-0.45626,-0.46325,1.7261,-0.46389,-0.47024,-0.48423,-0.48423,-0.50712,-0.54589,-0.55289,-0.56433,-0.57704,-0.58404,1.7077,-0.6012,-0.62027,-0.63426,-0.64824,-0.66477,-0.68575,-0.70037,-0.71754,-0.73851,-0.75949,1.6937,-0.78047,-0.80145,-0.82243,-0.84786,-0.87456,-0.89554,-0.9216,-0.94957,-0.97754,-0.99979,1.6734,-1.0233,-1.0513,-1.0793,-1.1072,-1.1352,-1.1632,-1.1911,-1.2185,-1.2395,-1.2649,1.6556,-1.2916,-1.3126,-1.3386,-1.3647,-1.3857,-1.4066,-1.4251,-1.4391,-1.4594,-1.4772,1.6416,-1.4912,-1.5052,-1.5192,-1.5332,-1.5471,-1.5567,-1.5637,-1.5707,-1.5777,-1.5846,1.6206,-1.5916,-1.5929,-1.5929,-1.5929,-1.5993,-1.5999,-1.5929,-1.5929,-1.5891,-1.5815,1.5996,-1.5675,-1.5579,-1.551,-1.544,-1.5319,-1.5179,-1.5039,-1.4899,-1.4759,-1.462,1.5793,-1.4416,-1.4206,-1.3997,-1.3857,-1.3679,-1.3469,-1.3259,-1.3049,-1.284,-1.263,1.9429,1.5653,-1.242,-1.221,-1.2,-1.1791,-1.1555,-1.1276,-1.106,-1.0818,-1.0538,-1.0329,1.5469,-1.0081,-0.98072,-0.95974,-0.93876,-0.91779,-0.89681,-0.87583,-0.85485,-0.83387,-0.81289,1.5259,-0.79191,-0.77094,-0.75631,-0.73915,-0.71817,-0.70419,-0.68639,-0.66604,-0.65206,-0.63362,1.5049,-0.61392,-0.59993,-0.58594,-0.57387,-0.56687,-0.55416,-0.54272,-0.53572,-0.52873,-0.52174,1.4789,-0.51474,-0.50775,-0.50076,-0.4944,-0.4944,-0.48995,-0.48423,-0.48423,-0.48423,-0.48232,1.4528,-0.47533,-0.47406,-0.47406,-0.47406,-0.4677,-0.46389,-0.46389,-0.45689,-0.4499,-0.44291,1.4318,-0.43592,-0.42892,-0.4232,-0.4232,-0.41812,-0.41112,-0.40413,-0.39714,-0.39014,-0.38315,1.4108,-0.37616,-0.36599,-0.352,-0.34501,-0.3342,-0.32022,-0.30623,-0.29669,-0.28843,-0.27444,1.3873,-0.26046,-0.24647,-0.23249,-0.2185,-0.20452,-0.19053,-0.17654,-0.16256,-0.14857,-0.13459,1.3593,-0.1206,-0.10662,-0.09263,-0.078645,-0.064659,-0.050673,-0.036688,-0.024609,-0.017616,-0.004902,1.9321,1.3314,0.006541,0.013534,0.026884,0.037691,0.044684,0.051676,0.054855,0.055491,0.062484,0.069476,1.3034,0.075198,0.075198,0.080284,0.085369,0.085369,0.091091,0.098084,0.10508,0.11207,0.11906,1.2754,0.12605,0.14004,0.15021,0.15784,0.17183,0.18581,0.1998,0.21378,0.23285,0.25383,1.2544,0.27481,0.29579,0.31677,0.33775,0.35873,0.38288,0.41085,0.43883,0.4668,0.4954,1.2258,0.53037,0.56533,0.59903,0.627,0.66005,0.69502,0.72998,0.75923,0.78974,0.8247,1.1915,0.85331,0.88446,0.91942,0.9474,0.97537,1.0033,1.0313,1.0593,1.086,1.107,1.1635,1.133,1.161,1.189,1.2112,1.2322,1.2532,1.2805,1.3053,1.3263,1.3473,1.1356,1.3721,1.3994,1.4204,1.4413,1.4623,1.4833,1.5043,1.5253,1.5462,1.5615,1.1076,1.578,1.599,1.6136,1.6276,1.6416,1.6556,1.6658,1.6734,1.6874,1.6969,1.0796,1.7052,1.7192,1.7281,1.735,1.742,1.749,1.756,1.763,1.8832,1.0517,1.0237,0.99571,0.96774,0.93977,0.9118,0.88382,0.85585,0.82788,0.79991,1.8565,0.77194,0.7446,0.72363,0.6982,0.67023,0.64225,0.61428,0.58631,0.55834,0.53609,1.8399,0.51257,0.4846,0.45663,0.43183,0.41085,0.38288,0.35873,0.33775,0.31677,0.30024,1.812,0.28244,0.24748,0.22777,0.21569,0.2087,0.18454,0.1642,0.1572,0.12478,0.10253,1.784,0.095541,0.088548,0.081555,0.072019,0.037055,0.015441,0.001455,-0.012531,-0.046859,-0.081188,1.7598,-0.095173,-0.12632,-0.15366,-0.16764,-0.18799,-0.21532,-0.25029,-0.26427,-0.28589,-0.31259,1.0,1.0
0.15061,0.15061,0.18556,1.5835,1.6253,1.6496,1.6739,1.6786,1.6543,1.6534,1.6407,1.6143,1.5657,0.18556,1.5328,1.5035,1.4549,1.4063,1.3578,1.3092,1.2606,1.201,1.1281,1.0553,0.18556,0.9824,0.90621,0.80905,0.72884,0.64968,0.55252,0.45537,0.35821,0.26105,0.16389,0.18678,0.06673,-0.032001,-0.15345,-0.2597,-0.35685,-0.45401,-0.55117,-0.64082,-0.71369,-0.8077,0.21107,-0.89437,-0.96724,-1.0401,-1.113,-1.1858,-1.2587,-1.3152,-1.3637,-1.4123,-1.4609,0.22051,-1.5007,-1.525,-1.5717,-1.6086,-1.6318,-1.6318,-1.6465,-1.6708,-1.6951,-1.7017,0.21631,-1.6947,-1.6704,-1.6461,-1.6218,-1.5976,-1.5497,-1.5011,-1.4525,-1.4039,-1.3554,0.19202,-1.3015,-1.2287,-1.1558,-1.0747,-0.97755,-0.90224,-0.82937,-0.75597,-0.65882,-0.56166,0.18556,-0.4645,-0.36734,-0.27018,-0.17302,-0.075863,0.021296,0.11845,0.21561,0.31277,0.40993,0.18556,0.50534,0.57821,0.65108,0.72395,0.79682,0.86969,0.94256,1.0154,1.067,1.1262,0.15061,0.18556,1.1991,1.2477,1.2826,1.3099,1.3585,1.3904,1.4147,1.439,1.4437,1.4526,0.18556,1.4769,1.4787,1.4787,1.4787,1.4787,1.4787,1.4745,1.4502,1.4259,1.4016,0.17542,1.3773,1.353,1.3287,1.3045,1.2564,1.2078,1.1592,1.1107,1.0621,1.0081,0.15113,0.93522,0.86235,0.78948,0.71661,0.62172,0.52456,0.42741,0.33025,0.21876,0.10098,0.12684,0.003822,-0.11064,-0.22545,-0.3226,-0.41976,-0.51692,-0.61408,-0.71124,-0.79582,-0.86868,0.10255,-0.94155,-0.99887,-1.0475,-1.096,-1.1446,-1.1853,-1.2096,-1.2554,-1.2931,-1.3174,0.078263,-1.3417,-1.366,-1.3903,-1.4146,-1.4389,-1.4571,-1.4571,-1.4373,-1.4221,-1.4221,0.053974,-1.3994,-1.3751,-1.3494,-1.3008,-1.2523,-1.2037,-1.1551,-1.1065,-1.0579,-1.0094,0.013607,-0.93981,-0.87725,-0.82867,-0.75615,-0.67,-0.57546,-0.50259,-0.41347,-0.31631,-0.21915,-0.034972,-0.122,-0.024837,0.072322,0.19167,0.30159,0.39875,0.49591,0.59306,0.68638,0.75925,0.15061,-0.083551,0.83212,0.90499,0.97786,1.0303,1.0789,1.1274,1.176,1.2118,1.2382,1.2868,-0.13213,1.3197,1.349,1.3976,1.4275,1.4518,1.4761,1.5003,1.5246,1.5486,1.5486,-0.18071,1.5346,1.5103,1.486,1.4617,1.4374,1.4131,1.3689,1.3296,1.3053,1.2581,-0.22929,1.2096,1.1626,1.1383,1.0836,1.0153,0.96667,0.91809,0.862,0.78913,0.73741,-0.29989,0.67834,0.60547,0.55672,0.49468,0.42181,0.34894,0.2925,0.23816,0.16529,0.11181,-0.37276,0.054498,-0.018371,-0.068873,-0.10574,-0.13108,-0.17966,-0.21356,-0.23785,-0.26214,-0.28643,-0.44563,-0.31072,-0.33501,-0.3593,-0.37363,-0.37363,-0.37363,-0.37363,-0.37363,-0.37363,-0.37363,-0.51849,-0.36839,-0.3441,-0.33868,-0.33868,-0.33868,-0.33868,-0.33868,-0.33868,-0.33868,-0.33868,-0.60569,-0.33868,-0.33868,-0.33868,-0.33868,-0.33868,-0.33868,-0.33868,-0.33868,-0.33868,-0.33868,-0.69918,-0.33868,-0.33868,-0.33868,-0.33868,-0.33868,-0.32033,-0.30373,-0.30373,0.15061,-0.77205,-0.84492,-0.92443,-1.0216,-1.0985,-1.1713,-1.2442,-1.2938,-1.3424,-1.391,0.16721,-1.4396,-1.4726,-1.4969,-1.5212,-1.527,-1.527,-1.527,-1.5055,-1.492,-1.4918,0.18556,-1.4675,-1.4294,-1.384,-1.3597,-1.3187,-1.2701,-1.2215,-1.1532,-1.0894,-1.0408,0.18556,-0.96951,-0.88459,-0.78883,-0.71596,-0.62806,-0.52653,-0.40508,-0.30163,-0.20448,-0.10732,0.18556,0.010811,0.12195,0.21911,0.31627,0.41343,0.51058,0.60774,0.7049,0.80206,0.89922,0.18556,0.97716,1.05,1.1229,1.1958,1.2686,1.3406,1.3892,1.4378,1.4864,1.5349,0.0,0.0
-1.9564,-1.7897,-1.6181,-0.93952,-0.92772,-0.91592,-0.90411,-0.89231,-0.88051,-0.8687,-0.8569,-0.84509,-0.83329,-1.6017,-0.83171,-0.8199,-0.8081,-0.80156,-0.79471,-0.78291,-0.7711,-0.76068,-0.75772,-0.74591,-1.5899,-0.74024,-0.73252,-0.72072,-0.71914,-0.70958,-0.70575,-0.69395,-0.68214,-0.67034,-0.65853,-1.5679,-0.64673,-0.63804,-0.63334,-0.62782,-0.61996,-0.6176,-0.60657,-0.59717,-0.59318,-0.58695,-1.5561,-0.57979,-0.57673,-0.5664,-0.55629,-0.55302,-0.54607,-0.53963,-0.52782,-0.52563,-0.51444,-1.5443,-0.50519,-0.50105,-0.48925,-0.47744,-0.46564,-0.45383,-0.44203,-0.43023,-0.41842,-0.40003,-1.5325,-0.3846,-0.36303,-0.34964,-0.32875,-0.31694,-0.29926,-0.28311,-0.27131,-0.25951,-0.2477,-1.5207,-0.23948,-0.23432,-0.22251,-0.21071,-0.20882,-0.19732,-0.18838,-0.18393,-0.17213,-0.16033,-1.5089,-0.14852,-0.14694,-0.13513,-0.12706,-0.12175,-0.11684,-0.10836,-0.10662,-0.096401,-0.093387,-1.4971,-0.081583,-0.069779,-0.065742,-0.056391,-0.044588,-0.032784,-0.02098,-0.009177,0.002627,0.014431,-1.7661,-1.4853,0.026235,0.038038,0.049842,0.061646,0.07345,0.085253,0.097057,0.10886,0.12066,0.13247,-1.4735,0.14427,0.15608,0.16788,0.17968,0.19149,0.20661,0.22531,0.23712,0.24892,0.26072,-1.4616,0.27253,0.28433,0.29195,0.29772,0.30952,0.32133,0.32291,0.33282,0.3363,0.34304,-1.4498,0.34969,0.35326,0.35326,0.36348,0.36348,0.36783,0.3737,0.38121,0.39302,0.3946,-1.438,0.40436,0.40436,0.40957,0.41458,0.42296,0.4248,0.43635,0.44815,0.45996,0.46568,-1.4352,0.47335,0.48515,0.49695,0.50876,0.52056,0.53236,0.54417,0.55597,0.56777,0.57958,-1.4247,0.59138,0.60319,0.62122,0.63701,0.64882,0.66062,0.67242,0.68423,0.69603,0.70784,-1.4128,0.71964,0.73144,0.74325,0.75505,0.76685,0.77866,0.78249,0.79205,0.80293,0.80543,-1.4045,0.81724,0.82904,0.84084,0.84381,0.85403,0.85582,0.86425,0.86425,0.87079,0.87447,-1.3995,0.87447,0.87554,0.88469,0.88469,0.88469,0.8921,0.89491,0.89526,0.90513,0.90513,-1.7472,-1.3877,0.90513,0.91182,0.91535,0.91535,0.92557,0.92557,0.92996,0.93579,0.94335,0.95515,-1.3841,0.95674,0.96854,0.97666,0.98193,0.99373,1.0055,1.0173,1.0291,1.038,1.0425,-1.3743,1.0543,1.0584,1.0677,1.0789,1.0811,1.0929,1.0993,1.1063,1.1181,1.1197,-1.3636,1.13,1.1331,1.1402,1.1402,1.148,1.1504,1.1606,1.163,1.1748,1.1811,-1.3609,1.1882,1.1913,1.1914,1.2032,1.2117,1.2166,1.2219,1.23,1.2418,1.2433,-1.3491,1.2552,1.267,1.273,1.2803,1.2833,1.2937,1.3037,1.3071,1.3189,1.3241,-1.3373,1.3323,1.3344,1.3355,1.3446,1.3446,1.3446,1.352,1.3548,1.3548,1.3548,-1.333,1.3548,1.36,1.365,1.3733,1.3851,1.3969,1.4088,1.425,1.4426,1.462,-1.3239,1.4856,1.52,1.5533,1.5806,1.616,1.6445,1.6766,1.702,1.7241,1.7389,-1.3125,1.758,1.7698,1.7816,1.7747,1.7731,1.7613,1.7534,1.7534,-1.7291,-1.3105,-1.2987,-1.2921,-1.2853,-1.2735,-1.2717,-1.2601,-1.2512,-1.2467,-1.241,-1.7055,-1.2333,-1.2308,-1.2206,-1.2184,-1.2103,-1.2103,-1.2034,-1.2001,-1.19,-1.1884,-1.6914,-1.1797,-1.175,-1.1695,-1.1616,-1.1592,-1.149,-1.1467,-1.1349,-1.1231,-1.1184,-1.6694,-1.1184,-1.1081,-1.1081,-1.1081,-1.1081,-1.1018,-1.0979,-1.0979,-1.097,-1.0877,-1.6551,-1.0877,-1.082,-1.0775,-1.0686,-1.0671,-1.0553,-1.0468,-1.0419,-1.0366,-1.0285,-1.6355,-1.0167,-1.006,-1.0033,-0.99573,-0.98991,-0.9781,-0.97529,-0.96472,-0.95291,-0.94463,3.0,5.0
-0.77169,-0.78144,-0.77169,-1.8495,-1.9079,-1.9475,-1.967,-2.0148,-2.0192,-1.9705,-1.9584,-1.9445,-1.925,-0.77169,-1.9056,-1.8861,-1.8666,-1.8471,-1.8241,-1.7948,-1.7656,-1.7364,-1.7071,-1.6779,-0.77169,-1.6487,-1.6194,-1.5825,-1.5462,-1.517,-1.4804,-1.4414,-1.4024,-1.3634,-1.3245,-0.77169,-1.2855,-1.2465,-1.2058,-1.157,-1.1148,-1.0758,-1.0369,-0.99787,-0.9589,-0.91992,-0.77169,-0.88094,-0.84197,-0.80299,-0.76401,-0.72504,-0.68606,-0.64708,-0.6084,-0.57917,-0.54492,-0.77169,-0.50594,-0.47671,-0.44748,-0.41824,-0.38901,-0.35978,-0.33055,-0.31047,-0.28684,-0.25761,-0.77169,-0.23724,-0.22159,-0.21184,-0.19354,-0.17405,-0.15456,-0.14334,-0.13035,-0.11086,-0.099342,-0.77169,-0.086645,-0.067157,-0.047668,-0.030837,-0.021093,-0.003967,0.017884,0.047116,0.069262,0.090817,-0.77169,0.12005,0.14928,0.17852,0.20775,0.23698,0.26769,0.30667,0.33944,0.36986,0.40883,-0.77169,0.44781,0.48679,0.52576,0.56474,0.60372,0.64269,0.67636,0.70588,0.74486,0.78384,-0.78646,-0.76874,0.82281,0.86179,0.89604,0.92527,0.96396,0.9985,1.0277,1.0661,1.101,1.1302,-0.75899,1.1594,1.1887,1.2179,1.2471,1.2764,1.3056,1.3266,1.3493,1.3785,1.3998,-0.75693,1.4193,1.4388,1.4583,1.4777,1.4972,1.5167,1.5362,1.5557,1.5681,1.5799,-0.75693,1.5994,1.6121,1.6236,1.6431,1.6561,1.6658,1.6756,1.6853,1.6939,1.6939,-0.75693,1.6998,1.7095,1.7193,1.7178,1.7081,1.6983,1.6886,1.6791,1.6791,1.6741,-0.75693,1.6644,1.6546,1.6449,1.6351,1.6254,1.6156,1.6059,1.5961,1.5864,1.5767,-0.75457,1.5581,1.5424,1.5327,1.5144,1.4949,1.4754,1.4559,1.4332,1.4039,1.3827,-0.74482,1.3602,1.331,1.3018,1.2699,1.2309,1.1993,1.1701,1.1408,1.1116,1.0803,-0.74216,1.0413,1.0091,0.9799,0.95067,0.92144,0.8922,0.86297,0.83994,0.81927,0.79004,-0.74216,0.7608,0.73157,0.70234,0.67872,0.65864,0.62941,0.60549,0.5857,0.55647,0.53226,-0.78646,-0.74216,0.51277,0.49328,0.47379,0.45431,0.43482,0.41976,0.41001,0.40027,0.38639,0.3669,-0.73537,0.35627,0.34653,0.33678,0.32704,0.3173,0.30755,0.30608,0.30608,0.30608,0.30608,-0.72563,0.30608,0.30608,0.30608,0.30608,0.30608,0.30608,0.30608,0.30608,0.30608,0.30608,-0.71588,0.30608,0.30608,0.30608,0.30608,0.30608,0.30608,0.30608,0.30608,0.30608,0.30608,-0.71264,0.30017,0.29131,0.29131,0.29131,0.29131,0.29131,0.286,0.27655,0.27655,0.27655,-0.71116,0.27655,0.27655,0.27182,0.26208,0.26178,0.25735,0.24761,0.24702,0.24289,0.23314,-0.70142,0.23226,0.22842,0.21867,0.21749,0.21395,0.2042,0.20273,0.20273,0.20273,0.19476,-0.69787,0.18796,0.18796,0.18796,0.18796,0.18796,0.18796,0.18796,0.18796,0.18796,0.18796,-0.69669,0.18796,0.18796,0.18796,0.18796,0.19446,0.20273,0.20273,0.20893,0.21749,0.21749,-0.68695,0.2234,0.23314,0.24289,0.24702,0.24702,0.24702,0.24702,0.24672,-0.78646,-0.68311,-0.68222,-0.67248,-0.66834,-0.66834,-0.66834,-0.66303,-0.65358,-0.65358,-0.65358,-0.78203,-0.65358,-0.65358,-0.65358,-0.65358,-0.65358,-0.65358,-0.65358,-0.65358,-0.65358,-0.65358,-0.77228,-0.65358,-0.65358,-0.65358,-0.65358,-0.65358,-0.65358,-0.66185,-0.69758,-0.78527,-0.80919,-0.77169,-0.82189,-0.84138,-0.85319,-0.87622,-0.93469,-0.971,-1.005,-1.0537,-1.0882,-1.1154,-0.77169,-1.1349,-1.1612,-1.1957,-1.2542,-1.2932,-1.3268,-1.3853,-1.4251,-1.4544,-1.4836,-0.77169,-1.5306,-1.5864,-1.6156,-1.6392,-1.6593,-1.6885,-1.7284,-1.7765,-1.8058,-1.83,4.0,4.0
-0.54249,-0.60667,-0.7092,-1.6469,-1.6149,-1.5828,-1.5442,-1.4977,-1.4656,-1.4336,-1.3933,-1.3485,-1.3164,-0.71899,-1.2843,-1.2523,-1.2152,-1.1672,-1.1351,-1.1031,-1.0643,-1.018,-0.98594,-0.95384,-0.73004,-0.92175,-0.88612,-0.83798,-0.80464,-0.77255,-0.74046,-0.70836,-0.67627,-0.64418,-0.60521,-0.73004,-0.55916,-0.52707,-0.49497,-0.45434,-0.40995,-0.37786,-0.34577,-0.31368,-0.28159,-0.24949,-0.73004,-0.2174,-0.18531,-0.15322,-0.12113,-0.089036,-0.056944,-0.033604,-0.013599,0.018493,0.035372,-0.73004,0.051418,0.07309,0.10435,0.12039,0.13644,0.14519,0.14769,0.16374,0.17978,0.18687,-0.7367,0.1827,0.16666,0.16603,0.16603,0.16603,0.16707,0.18312,0.18687,0.19437,0.20771,-0.75088,0.20771,0.22167,0.23772,0.25376,0.26981,0.28585,0.31274,0.33878,0.35608,0.38817,-0.75088,0.42026,0.45236,0.48445,0.51654,0.5628,0.60156,0.63365,0.66575,0.69784,0.72993,-0.764,0.76827,0.81495,0.84704,0.87913,0.90331,0.92248,0.95457,0.98666,1.0188,1.0508,-0.62584,-0.77171,1.0829,1.099,1.1263,1.1584,1.1905,1.2226,1.2417,1.2659,1.2947,1.3107,-0.77171,1.3268,1.3526,1.3797,1.3957,1.4118,1.4278,1.4439,1.4599,1.476,1.492,-0.77171,1.508,1.5241,1.5401,1.5562,1.5722,1.5883,1.6043,1.6204,1.6364,1.6456,-0.78651,1.6477,1.6637,1.6664,1.6664,1.6702,1.6862,1.6873,1.6873,1.6873,1.6866,-0.79255,1.6706,1.6545,1.6385,1.6225,1.6064,1.5633,1.5326,1.5166,1.5005,1.4845,-0.79255,1.4685,1.4468,1.4155,1.3995,1.3713,1.3465,1.328,1.2959,1.2776,1.2526,-0.79255,1.2205,1.1884,1.1563,1.1242,1.0979,1.0809,1.0488,1.0167,0.98458,0.9552,-0.79255,0.93915,0.90914,0.88622,0.8658,0.83371,0.81724,0.8012,0.77911,0.74827,0.73222,-0.80422,0.70367,0.67929,0.66324,0.6472,0.61698,0.59427,0.57822,0.56218,0.54613,0.53008,-0.81339,0.51404,0.49799,0.48195,0.4659,0.44986,0.43381,0.41776,0.4161,0.40651,0.39046,-0.6323,-0.81339,0.37442,0.35837,0.34233,0.32628,0.3119,0.3119,0.29898,0.28294,0.27023,0.27023,-0.81339,0.27023,0.27023,0.27023,0.27023,0.27023,0.27023,0.27023,0.27023,0.27023,0.2571,-0.81339,0.24939,0.24939,0.24939,0.24939,0.24939,0.24418,0.22855,0.22855,0.22855,0.22167,-0.81339,0.20771,0.20771,0.20771,0.19916,0.18687,0.18687,0.17187,0.16603,0.16603,0.16603,-0.81339,0.16603,0.16603,0.16603,0.16603,0.16603,0.16603,0.16603,0.16999,0.18604,0.18687,-0.81339,0.18687,0.1925,0.20771,0.20771,0.20771,0.20771,0.20771,0.20771,0.20771,0.20771,-0.81339,0.20771,0.20771,0.20771,0.20771,0.20771,0.20771,0.20771,0.20771,0.20771,0.20771,-0.81339,0.20771,0.20771,0.20771,0.21208,0.22813,0.22855,0.22855,0.22855,0.22855,0.22855,-0.80797,0.22855,0.22855,0.22855,0.22855,0.22855,0.22855,0.22855,0.22855,0.22855,0.22855,-0.79255,0.22855,0.22855,0.22855,0.22855,0.22063,0.20771,0.20771,0.20771,-0.64835,-0.79255,-0.79255,-0.79255,-0.79255,-0.79255,-0.79255,-0.79255,-0.79255,-0.79255,-0.79255,-0.66439,-0.82381,-0.8607,-0.87674,-0.89279,-0.92092,-0.98219,-1.071,-1.1191,-1.2085,-1.2779,-0.68044,-1.3385,-1.4348,-1.4694,-1.4909,-1.5127,-1.548,-1.6282,-1.6715,-1.7261,-1.7982,-0.68836,-1.8303,-1.8485,-1.9012,-1.9639,-1.9799,-1.996,-2.012,-2.0523,-2.1262,-2.1262,-0.69169,-2.1387,-2.1548,-2.1592,-2.111,-2.0912,-2.0752,-2.0591,-2.0431,-2.0112,-1.9902,-0.70774,-1.9679,-1.9372,-1.9212,-1.8924,-1.8603,-1.8282,-1.7961,-1.7641,-1.732,-1.6951,4.0,4.0
-0.45615,-0.4141,-0.4141,-1.9839,-1.9549,-1.9179,-1.8829,-1.8539,-1.8154,-1.7818,-1.7528,-1.7128,-1.6808,-0.4141,-1.6398,-1.6087,-1.5668,-1.5367,-1.4938,-1.4503,-1.4076,-1.3772,-1.3337,-1.2902,-0.4141,-1.2467,-1.2064,-1.1736,-1.1301,-1.0866,-1.0431,-0.99956,-0.96228,-0.92653,-0.88301,-0.4141,-0.83949,-0.79597,-0.76114,-0.72295,-0.6891,-0.64992,-0.61705,-0.58804,-0.55903,-0.53001,-0.4141,-0.501,-0.48509,-0.45699,-0.42804,-0.41298,-0.38396,-0.35649,-0.33995,-0.31346,-0.29594,-0.4141,-0.27043,-0.25193,-0.2274,-0.21289,-0.19839,-0.18388,-0.16937,-0.15487,-0.14779,-0.13987,-0.4141,-0.12536,-0.11086,-0.096349,-0.081842,-0.067335,-0.063691,-0.052338,-0.049675,-0.049675,-0.03685,-0.4141,-0.035658,-0.021852,-0.007345,0.007162,0.021668,0.036175,0.052925,0.079205,0.096936,0.12224,-0.4141,0.14095,0.16996,0.19897,0.22799,0.257,0.28602,0.31503,0.34404,0.37306,0.40207,-0.4141,0.43108,0.4601,0.48911,0.51813,0.54714,0.57615,0.59311,0.62016,0.63614,0.66418,-0.4141,-0.4141,0.67917,0.7077,0.72318,0.75073,0.76523,0.77974,0.79719,0.82277,0.83728,0.85178,-0.4141,0.86629,0.88619,0.90932,0.92383,0.9452,0.96686,0.98136,0.99587,1.0192,1.0389,-0.40331,1.0534,1.0679,1.0932,1.1109,1.1255,1.14,1.1672,1.183,1.2112,1.226,-0.40008,1.2412,1.269,1.2836,1.2981,1.3126,1.3271,1.3416,1.3561,1.3706,1.3851,-0.40008,1.3996,1.4141,1.4286,1.4431,1.4576,1.4721,1.4867,1.5012,1.5157,1.5302,-0.40008,1.5342,1.5452,1.5597,1.5742,1.5762,1.5892,1.5768,1.5623,1.5482,1.5473,-0.38733,1.5328,1.5183,1.5014,1.4752,1.4607,1.4424,1.4177,1.3983,1.3747,1.3543,-0.38607,1.3253,1.3031,1.2813,1.2523,1.2233,1.1943,1.1653,1.1362,1.1072,1.0782,-0.38607,1.0492,1.0202,0.99118,0.97485,0.94716,0.93182,0.90329,0.88816,0.86026,0.84576,-0.38586,0.82915,0.80273,0.78822,0.77371,0.75921,0.7447,0.73019,0.71569,0.70118,0.68667,-0.4141,-0.37205,0.66516,0.64364,0.62913,0.60615,0.5861,0.5716,0.55709,0.54258,0.52808,0.51357,-0.37205,0.47524,0.45652,0.44202,0.42751,0.39913,0.38448,0.36997,0.3568,0.35498,0.34278,-0.37037,0.33998,0.32877,0.32498,0.31475,0.30998,0.30073,0.29499,0.28048,0.2727,0.2727,-0.35803,0.26499,0.25868,0.24999,0.24467,0.235,0.22049,0.21663,0.20549,0.19099,0.17648,-0.35803,0.1872,0.20171,0.21621,0.21671,0.23065,0.2317,0.24621,0.26072,0.2727,0.27571,-0.35488,0.28672,0.29071,0.30073,0.30571,0.31475,0.31475,0.31475,0.31475,0.31475,0.32267,-0.34402,0.32877,0.32877,0.32877,0.33865,0.34278,0.34278,0.35413,0.3568,0.3568,0.36962,-0.34402,0.37081,0.37081,0.38483,0.3856,0.39885,0.39885,0.39885,0.40158,0.41286,0.41658,-0.34402,0.42688,0.42688,0.43207,0.4409,0.44706,0.45491,0.45491,0.45491,0.46304,0.46893,-0.34402,0.46893,0.46893,0.47902,0.48294,0.47187,0.46893,0.45687,0.44237,-0.4141,-0.33841,-0.33,-0.33,-0.33,-0.32243,-0.31598,-0.31598,-0.32502,-0.42531,-0.53029,-0.4141,-0.60682,-0.63535,-0.69583,-0.73241,-0.76142,-0.85526,-0.88953,-0.9046,-1.0049,-1.0747,-0.4141,-1.1023,-1.1244,-1.1969,-1.2608,-1.2999,-1.3725,-1.4276,-1.447,-1.476,-1.5224,-0.4141,-1.6013,-1.6611,-1.7193,-1.7674,-1.8233,-1.9016,-1.9371,-1.9614,-1.9801,-2.0054,-0.4141,-2.068,-2.1406,-2.2131,-2.2349,-2.2494,-2.2639,-2.279,-2.3483,-2.3495,-2.3527,-0.4141,-2.2741,-2.2476,-2.23,-2.201,-2.172,-2.143,-2.114,-2.085,-2.056,-2.0204,4.0,4.0
-2.0374,-1.8502,-1.6618,-0.893,-0.88261,-0.87221,-0.86182,-0.85142,-0.84102,-0.83063,-0.82023,-0.80984,-0.79944,-1.641,-0.78904,-0.7804,-0.77873,-0.76833,-0.75793,-0.74754,-0.7385,-0.73722,-0.72683,-0.71756,-1.6203,-0.71651,-0.70611,-0.69661,-0.69661,-0.69587,-0.68613,-0.68613,-0.68563,-0.67566,-0.67532,-1.5995,-0.66492,-0.65452,-0.64413,-0.63373,-0.62334,-0.61294,-0.60254,-0.59215,-0.58175,-0.57136,-1.5787,-0.57091,-0.56104,-0.55064,-0.54025,-0.52985,-0.51945,-0.50906,-0.49866,-0.48827,-0.46863,-1.5672,-0.457,-0.4466,-0.4272,-0.41534,-0.40494,-0.38577,-0.37367,-0.36328,-0.35288,-0.34249,-1.5476,-0.32371,-0.31122,-0.30082,-0.29043,-0.28003,-0.26964,-0.25924,-0.24884,-0.2462,-0.23853,-1.5359,-0.22813,-0.21773,-0.21478,-0.20742,-0.19702,-0.18663,-0.17623,-0.16583,-0.15544,-0.14504,-1.5255,-0.13464,-0.12425,-0.11385,-0.10346,-0.093061,-0.082665,-0.065932,-0.051398,-0.041002,-0.030606,-1.5061,-0.014187,0.000661,0.011057,0.021453,0.031849,0.042245,0.052641,0.063037,0.073433,0.083829,-1.8282,-1.4942,0.094225,0.10462,0.10994,0.11494,0.12041,0.12526,0.13089,0.13557,0.14136,0.14136,-1.4838,0.14581,0.15183,0.15183,0.15605,0.16231,0.16637,0.17676,0.18716,0.19756,0.20795,-1.4735,0.21835,0.22874,0.23914,0.24954,0.25993,0.27033,0.28072,0.29112,0.30152,0.31191,-1.4631,0.32231,0.3327,0.3431,0.3535,0.36389,0.37429,0.38468,0.39508,0.40548,0.41587,-1.4527,0.42627,0.43666,0.44706,0.45746,0.46785,0.47825,0.48702,0.48702,0.48849,0.4975,-1.4423,0.4975,0.49873,0.50797,0.50797,0.50897,0.51845,0.51928,0.52968,0.53939,0.54,-1.4319,0.55039,0.56079,0.57118,0.58158,0.59219,0.61285,0.62324,0.63364,0.65441,0.66491,-1.4215,0.6753,0.6857,0.70615,0.71696,0.72736,0.74758,0.75863,0.76902,0.77942,0.78982,-1.4111,0.80021,0.81061,0.821,0.82221,0.83132,0.83268,0.84164,0.84316,0.84316,0.84316,-1.4007,0.84316,0.84316,0.84316,0.85156,0.85363,0.86188,0.86411,0.8722,0.88259,0.88506,-1.8074,-1.3984,0.89291,0.90331,0.9137,0.9241,0.9345,0.94489,0.95529,0.96568,0.97608,0.98648,-1.3904,0.99687,1.0073,1.0177,1.0212,1.028,1.0317,1.0383,1.0422,1.0422,1.0485,-1.3879,1.0526,1.0526,1.0588,1.0631,1.0631,1.0572,1.0526,1.0526,1.0526,1.0582,-1.3879,1.0631,1.0631,1.0685,1.0736,1.0788,1.0892,1.0945,1.0995,1.1099,1.1203,-1.3801,1.1307,1.1364,1.141,1.1514,1.1618,1.1722,1.1783,1.1825,1.1929,1.1993,-1.3775,1.2032,1.2098,1.2135,1.2202,1.2239,1.2343,1.2412,1.2446,1.2517,1.2549,-1.3698,1.2621,1.2652,1.2726,1.2755,1.2859,1.2963,1.3067,1.3171,1.3275,1.3379,-1.367,1.3507,1.3692,1.3796,1.3921,1.4108,1.4232,1.444,1.4648,1.4856,1.5064,-1.367,1.5287,1.5584,1.5806,1.6118,1.6417,1.6637,1.6949,1.7261,1.7563,1.778,-1.3596,1.8084,1.8292,1.8506,1.8812,1.902,1.9232,1.9541,1.9749,-1.7866,-1.3565,-1.3565,-1.3493,-1.346,-1.346,-1.3391,-1.3356,-1.3288,-1.3251,-1.3185,-1.7658,-1.3081,-1.2977,-1.2873,-1.2769,-1.2665,-1.2561,-1.2457,-1.2353,-1.2249,-1.2145,-1.745,-1.2041,-1.1937,-1.1833,-1.1729,-1.1625,-1.1521,-1.1417,-1.1313,-1.1209,-1.1156,-1.7242,-1.1106,-1.1002,-1.0898,-1.0794,-1.069,-1.0632,-1.0587,-1.0527,-1.0484,-1.0423,-1.7034,-1.0423,-1.0382,-1.0318,-1.0278,-1.0174,-1.0108,-1.0071,-0.99673,-0.98989,-0.98641,-1.6826,-0.97602,-0.96562,-0.95847,-0.9553,-0.94491,-0.93451,-0.92411,-0.91657,-0.9138,-0.9034,3.0,5.0
-1.9679,-1.893,-1.7214,-0.6283,-0.61758,-0.60958,-0.60683,-0.59611,-0.58819,-0.58536,-0.5775,-0.57461,-0.5668,-1.6999,-0.56386,-0.55611,-0.55311,-0.54541,-0.54541,-0.54541,-0.54541,-0.54541,-0.54541,-0.54859,-1.6785,-0.55931,-0.5668,-0.57006,-0.58079,-0.59151,-0.59889,-0.60226,-0.61298,-0.6237,-0.63442,-1.6571,-0.64515,-0.65587,-0.67012,-0.68445,-0.68445,-0.68445,-0.68445,-0.68445,-0.68445,-0.68445,-1.6356,-0.68071,-0.67376,-0.67376,-0.64699,-0.59504,-0.58431,-0.57359,-0.55894,-0.54145,-0.52675,-1.6142,-0.50931,-0.49455,-0.47311,-0.45575,-0.44091,-0.41947,-0.39802,-0.37658,-0.35514,-0.33369,-1.5927,-0.30797,-0.28011,-0.25866,-0.23722,-0.21577,-0.19433,-0.17288,-0.15144,-0.12999,-0.10855,-1.5717,-0.087105,-0.070232,-0.054911,-0.033466,-0.012022,0.004744,0.020172,0.036884,0.052366,0.069024,-1.5605,0.079746,0.095308,0.11189,0.12261,0.13333,0.14405,0.15478,0.1655,0.17622,0.18189,-1.5396,0.18697,0.19258,0.19258,0.19258,0.19258,0.19258,0.18734,0.18189,0.17659,0.16587,-1.8716,-1.5289,0.1605,0.15512,0.1444,0.12825,0.11226,0.10154,0.090816,0.080094,0.047125,0.015867,-1.5181,0.005145,6.4e-05,-0.005604,-0.010631,-0.010631,-0.010631,-0.010631,-0.010631,-0.004802,6.4e-05,-1.5074,0.005947,0.01076,0.016696,0.021455,0.027445,0.038167,0.085148,0.12379,0.13451,0.15135,-1.4967,0.16665,0.17737,0.1943,0.20951,0.22023,0.23724,0.25237,0.26943,0.29088,0.30593,-1.486,0.32307,0.34452,0.36596,0.3874,0.40885,0.43029,0.45174,0.47318,0.49463,0.51607,-1.4753,0.53752,0.55896,0.58041,0.60185,0.6233,0.64474,0.66618,0.68763,0.70907,0.73052,-1.4645,0.74501,0.76271,0.78416,0.79857,0.80929,0.82001,0.83074,0.84146,0.85218,0.85571,-1.4538,0.86293,0.86641,0.86641,0.87371,0.86977,0.86641,0.86641,0.859,0.85571,0.84825,-1.4438,0.83753,0.82681,0.80854,0.79466,0.77635,0.76252,0.74416,0.72271,0.70897,0.69052,-1.4438,0.66907,0.65541,0.63688,0.62327,0.61255,0.60182,0.5911,0.58832,0.58035,0.57763,-1.8502,-1.4438,0.57763,0.57763,0.57763,0.58573,0.58832,0.59648,0.59902,0.60723,0.60971,0.61797,-1.4438,0.6287,0.6311,0.63945,0.65017,0.65249,0.66092,0.67164,0.68236,0.69308,0.73792,-1.4438,0.75731,0.76803,0.78737,0.80017,0.81956,0.841,0.87988,0.90528,0.9355,0.95887,-1.4438,0.98031,1.0018,1.0321,1.0553,1.0857,1.1089,1.1304,1.1608,1.184,1.2145,-1.4438,1.2375,1.259,1.2896,1.3126,1.334,1.3462,1.3662,1.3784,1.3984,1.4105,-1.4448,1.4212,1.432,1.4333,1.4427,1.444,1.444,1.4344,1.4333,1.4333,1.4237,-1.4545,1.4226,1.4129,1.4119,1.3925,1.3905,1.3905,1.3807,1.37,1.3691,1.3691,-1.4545,1.3691,1.3691,1.379,1.3798,1.3898,1.4005,1.4112,1.432,1.4535,1.4749,-1.4545,1.4964,1.528,1.5602,1.5923,1.6245,1.667,1.6995,1.7421,1.7746,1.8067,-1.4545,1.8389,1.8711,1.8928,1.9247,1.9463,1.9678,1.9892,2.0001,-1.8394,-1.4545,-1.4545,-1.4545,-1.4545,-1.4545,-1.4545,-1.4545,-1.4545,-1.4545,-1.4532,-1.8179,-1.4438,-1.4425,-1.4331,-1.4317,-1.421,-1.4103,-1.3996,-1.3888,-1.3781,-1.3674,-1.7965,-1.3551,-1.3353,-1.3229,-1.3031,-1.2907,-1.2692,-1.2478,-1.2281,-1.2156,-1.1941,-1.7752,-1.1727,-1.1513,-1.1298,-1.1084,-1.0849,-1.0548,-1.0333,-1.0119,-0.98837,-0.95831,-1.7643,-0.93687,-0.91542,-0.89398,-0.87253,-0.85109,-0.82964,-0.8082,-0.78676,-0.76531,-0.74625,-1.7428,-0.73312,-0.71411,-0.70338,-0.69266,-0.68194,-0.67122,-0.66049,-0.64977,-0.63905,-0.63097,5.0,5.0
-1.8659,-1.7857,-1.6423,-0.73125,-0.71545,-0.69321,-0.67975,-0.66629,-0.6417,-0.62824,-0.61478,-0.60132,-0.58786,-1.6323,-0.57552,-0.57207,-0.55861,-0.55327,-0.54281,-0.54215,-0.53814,-0.53102,-0.53102,-0.53102,-1.6207,-0.5288,-0.5199,-0.5199,-0.5199,-0.5199,-0.5199,-0.5199,-0.5199,-0.5199,-0.53102,-1.6019,-0.53102,-0.53102,-0.53102,-0.54137,-0.5437,-0.55327,-0.5595,-0.56439,-0.57529,-0.58875,-1.5884,-0.60221,-0.61567,-0.62913,-0.64259,-0.65605,-0.6595,-0.64604,-0.64226,-0.62224,-0.51667,-1.5638,-0.50321,-0.48186,-0.45494,-0.43914,-0.41222,-0.3853,-0.35838,-0.34226,-0.31567,-0.28875,-1.5504,-0.26183,-0.23491,-0.20799,-0.18107,-0.15416,-0.12724,-0.10032,-0.073398,-0.046479,-0.01956,-1.5369,0.007359,0.034278,0.061197,0.084446,0.10391,0.13083,0.15775,0.17355,0.19624,0.2097,-1.5235,0.22316,0.23662,0.25008,0.25875,0.26587,0.26988,0.26988,0.26988,0.26988,0.2622,-1.51,0.25875,0.24641,0.23651,0.23061,0.20892,0.19257,0.17911,0.16153,0.13461,0.11648,-1.7722,-1.4966,0.091899,0.064979,0.03806,0.011141,-0.006434,-0.031017,-0.047369,-0.06906,-0.08252,-0.095979,-1.4831,-0.10944,-0.12635,-0.1417,-0.1417,-0.13124,-0.1289,-0.11945,-0.11311,-0.09965,-0.08619,-1.4696,-0.072731,-0.063832,-0.056935,-0.043476,-0.030016,-0.016557,-0.003097,0.010363,0.023822,0.037282,-1.4562,0.050741,0.064201,0.085669,0.11259,0.21582,0.23317,0.26009,0.27844,0.3028,0.32761,-1.4427,0.34552,0.36565,0.38823,0.41515,0.4394,0.45786,0.48478,0.5117,0.5275,0.55442,-1.4293,0.57578,0.59713,0.62405,0.63985,0.66298,0.68256,0.70948,0.72561,0.74107,0.76365,-1.4158,0.77711,0.79057,0.80381,0.80637,0.81493,0.81493,0.81493,0.81415,0.80381,0.80381,-1.4023,0.79602,0.78256,0.7691,0.75564,0.74218,0.72038,0.69346,0.67956,0.66187,0.64152,-1.3987,0.62806,0.60347,0.59001,0.57177,0.55197,0.53851,0.52505,0.51159,0.49813,0.48467,-1.3865,0.47121,0.44663,0.43317,0.41971,0.40625,0.40336,0.40336,0.40336,0.40981,0.41448,-1.7587,-1.3731,0.41448,0.42794,0.43673,0.44374,0.4572,0.4701,0.47299,0.48122,0.48879,0.49235,-1.3653,0.50347,0.50692,0.52038,0.53384,0.53684,0.56076,0.57021,0.57655,0.59869,0.6146,-1.3573,0.64363,0.71938,0.73974,0.75742,0.77133,0.80103,0.83629,0.86321,0.89013,0.91705,-1.3542,0.94397,0.97656,1.0089,1.0358,1.0628,1.0936,1.1277,1.1546,1.1816,1.2106,-1.3653,1.2465,1.2734,1.2912,1.3158,1.332,1.3539,1.3673,1.3808,1.3942,1.4077,-1.3731,1.4156,1.4235,1.437,1.4393,1.449,1.4551,1.4601,1.4601,1.4712,1.4712,-1.3813,1.4712,1.4712,1.4823,1.4823,1.4823,1.4823,1.4919,1.4943,1.5077,1.5212,-1.3764,1.5346,1.5481,1.5727,1.5898,1.6107,1.6325,1.6594,1.6845,1.7022,1.7291,-1.3764,1.756,1.7829,1.8074,1.8256,1.8525,1.87,1.8841,1.908,1.9215,1.935,-1.3653,1.9484,1.9619,1.9753,1.9888,2.0023,2.0157,2.0181,2.0233,-1.7453,-1.3653,-1.3653,-1.3653,-1.3542,-1.3542,-1.3542,-1.3468,-1.343,-1.3319,-1.3287,-1.7318,-1.3208,-1.3208,-1.3106,-1.3097,-1.3059,-1.2986,-1.2986,-1.2986,-1.2874,-1.2874,-1.7184,-1.2808,-1.2763,-1.2761,-1.2652,-1.2652,-1.258,-1.2541,-1.2422,-1.2318,-1.2264,-1.6997,-1.2129,-1.1994,-1.186,-1.1725,-1.1591,-1.1456,-1.1321,-1.1187,-1.1052,-1.0918,-1.6803,-1.0783,-1.0648,-1.0489,-1.0268,-1.0133,-0.99988,-0.9753,-0.96184,-0.94838,-0.92725,-1.6669,-0.91034,-0.89565,-0.8723,-0.85294,-0.83425,-0.82079,-0.79621,-0.78275,-0.76284,-0.74471,5.0,5.0
1.8091,1.7239,1.4614,-0.5589,-0.58444,-0.60182,-0.62665,-0.65219,-0.67774,-0.70328,-0.73521,-0.76323,-0.78877,1.4394,-0.81964,-0.84873,-0.87888,-0.90868,-0.93422,-0.96331,-0.99417,-1.0197,-1.0477,-1.0797,1.4139,-1.1052,-1.1308,-1.1563,-1.1811,-1.1985,-1.2241,-1.2496,-1.267,-1.284,-1.301,1.3883,-1.3181,-1.3283,-1.3369,-1.3514,-1.3628,-1.3713,-1.3798,-1.3883,-1.3968,-1.4053,1.3628,-1.4138,-1.4192,-1.422,-1.4305,-1.4369,-1.4387,-1.4458,-1.4458,-1.4465,-1.4546,1.3337,-1.4546,-1.4632,-1.4717,-1.4802,-1.4812,-1.4883,-1.4901,-1.4965,-1.499,-1.499,1.3028,-1.499,-1.499,-1.499,-1.4947,-1.4901,-1.4901,-1.4869,-1.4812,-1.4788,-1.4702,1.2773,-1.4617,-1.4518,-1.4358,-1.4266,-1.4096,-1.3926,-1.3755,-1.3667,-1.3503,-1.3333,1.2517,-1.3163,-1.2993,-1.2822,-1.2652,-1.2482,-1.2311,-1.2141,-1.1971,-1.1801,-1.163,1.2262,-1.146,-1.1258,-1.1031,-1.0861,-1.069,-1.052,-1.035,-1.0179,-1.0009,-0.98389,1.6959,1.2007,-0.96686,-0.94983,-0.9328,-0.92358,-0.90762,-0.89059,-0.87356,-0.85653,-0.8395,-0.82248,1.1737,-0.80545,-0.78842,-0.77139,-0.75862,-0.7462,-0.72918,-0.71534,-0.70399,-0.68696,-0.67206,1.1407,-0.66177,-0.64616,-0.63659,-0.62027,-0.61175,-0.60324,-0.58621,-0.57734,-0.56883,-0.55286,1.1145,-0.54293,-0.52768,-0.51704,-0.50852,-0.50001,-0.48617,-0.47411,-0.47021,-0.46595,-0.45744,1.0808,-0.44892,-0.4436,-0.44076,-0.43225,-0.42586,-0.42409,-0.417,-0.41593,-0.40813,-0.40777,1.0552,-0.39926,-0.39074,-0.38223,-0.38152,-0.37407,-0.36556,-0.35704,-0.34853,-0.34001,-0.3315,1.0297,-0.31767,-0.3056,-0.29248,-0.27971,-0.26729,-0.25026,-0.23323,-0.21621,-0.19918,-0.18428,1.0041,-0.17399,-0.15696,-0.13994,-0.12362,-0.11475,-0.09772,-0.089206,-0.072533,-0.055505,-0.045927,0.97859,-0.030318,-0.02003,-0.005131,0.005867,0.020057,0.031764,0.040278,0.053403,0.070431,0.083557,0.95305,0.095619,0.11265,0.13251,0.15557,0.1726,0.18963,0.20807,0.23255,0.24958,0.26661,1.6469,0.92751,0.28364,0.29215,0.30882,0.31805,0.32656,0.33507,0.34359,0.34572,0.35175,0.36026,0.90197,0.36878,0.37729,0.39042,0.40319,0.4117,0.42376,0.44079,0.45498,0.46598,0.48301,0.88281,0.50003,0.51706,0.53409,0.55183,0.57701,0.59404,0.61958,0.64513,0.67067,0.68876,0.85975,0.71288,0.73843,0.76397,0.78951,0.81505,0.84059,0.86614,0.89168,0.91722,0.94276,0.83421,0.9683,0.99065,1.0105,1.0361,1.0616,1.0854,1.1038,1.1283,1.146,1.1712,0.81399,1.1882,1.2138,1.2312,1.2716,1.2993,1.3177,1.3415,1.3607,1.3777,1.3947,0.79199,1.4224,1.4465,1.4589,1.4717,1.4848,1.4933,1.5018,1.5132,1.5277,1.5363,0.77106,1.5465,1.5622,1.5707,1.5799,1.5966,1.6051,1.6136,1.6303,1.6395,1.648,0.75404,1.6565,1.665,1.6735,1.6821,1.6906,1.6991,1.7076,1.7161,1.7246,1.7292,0.74091,1.7328,1.7413,1.7498,1.7583,1.7647,1.7665,1.7736,1.7715,1.6257,0.7324,0.72069,0.7065,0.70047,0.69834,0.68983,0.67564,0.63519,0.60823,0.56602,1.6015,0.53196,0.51493,0.46527,0.4376,0.38971,0.367,0.33649,0.31521,0.29818,0.2698,1.5625,0.24639,0.22936,0.21233,0.18253,0.15167,0.13464,0.12081,0.098102,0.056951,0.033537,1.5327,-0.009033,-0.047346,-0.06331,-0.074662,-0.11581,-0.12433,-0.13284,-0.14135,-0.18109,-0.18641,1.5072,-0.20769,-0.21975,-0.22188,-0.25807,-0.28077,-0.28929,-0.2978,-0.30631,-0.31908,-0.33221,1.4816,-0.34427,-0.3613,-0.37833,-0.39784,-0.42125,-0.44005,-0.46418,-0.48227,-0.50781,-0.53335,1.0,1.0
-2.1973,-2.0082,-1.7276,-0.76457,-0.76399,-0.75283,-0.75107,-0.74109,-0.73815,-0.72934,-0.72934,-0.72464,-0.7176,-1.7029,-0.7176,-0.71114,-0.70585,-0.70585,-0.69763,-0.69411,-0.68472,-0.68237,-0.6718,-0.67062,-1.6782,-0.67062,-0.65888,-0.65771,-0.64714,-0.64479,-0.63539,-0.63187,-0.62365,-0.62365,-0.62365,-1.6536,-0.62365,-0.62365,-0.62365,-0.61601,-0.6119,-0.6119,-0.60251,-0.60016,-0.58959,-0.58842,-1.6289,-0.57667,-0.56493,-0.56376,-0.55142,-0.53909,-0.5297,-0.52618,-0.51384,-0.50151,-0.48918,-1.6131,-0.47685,-0.46452,-0.45219,-0.43986,-0.41931,-0.40345,-0.39112,-0.37879,-0.35589,-0.34239,-1.6007,-0.33005,-0.30598,-0.29365,-0.28132,-0.26899,-0.25666,-0.24785,-0.24374,-0.23141,-0.22436,-1.5884,-0.21849,-0.21262,-0.20557,-0.20087,-0.20087,-0.19207,-0.18913,-0.18913,-0.18913,-0.17797,-1.5761,-0.17739,-0.17739,-0.17739,-0.17562,-0.16564,-0.16271,-0.15038,-0.14216,-0.13746,-0.13041,-1.5637,-0.12454,-0.11867,-0.11162,-0.10692,-0.098703,-0.09518,-0.085785,-0.083437,-0.072867,-0.060536,-1.9824,-1.5749,-0.059949,-0.047618,-0.035287,-0.022956,-0.010625,0.001706,0.014036,0.026367,0.043396,0.062773,-1.5866,0.075104,0.093894,0.11151,0.12384,0.13617,0.15731,0.17258,0.18491,0.20781,0.22131,-1.5855,0.23364,0.24656,0.27005,0.28238,0.29471,0.30704,0.31937,0.32759,0.33229,0.34462,-1.5749,0.35108,0.35754,0.36987,0.37457,0.38279,0.39512,0.39806,0.39806,0.40863,0.4098,-1.5725,0.42154,0.42154,0.42154,0.42154,0.42154,0.42154,0.42154,0.42154,0.42154,0.42154,-1.5631,0.42154,0.428,0.43329,0.43329,0.43329,0.43329,0.44268,0.44503,0.4556,0.45678,-1.5596,0.46852,0.48085,0.49318,0.50551,0.51784,0.53017,0.54603,0.56658,0.57891,0.59124,-1.5473,0.60357,0.6159,0.62823,0.64056,0.6529,0.66523,0.67756,0.68989,0.70222,0.71455,-1.535,0.71514,0.72688,0.72806,0.73862,0.73862,0.73862,0.74215,0.75037,0.75037,0.75037,-1.5226,0.75624,0.76211,0.76211,0.76975,0.78208,0.79441,0.79734,0.79734,0.79734,0.79734,-1.9472,-1.5103,0.79734,0.79734,0.79852,0.80909,0.80909,0.81202,0.82083,0.82494,0.83727,0.8496,-1.4915,0.85606,0.86252,0.8819,0.89893,0.91126,0.9324,0.94766,0.96998,0.98407,1.0076,-1.4739,1.0322,1.0451,1.0686,1.0827,1.105,1.1203,1.1414,1.1538,1.1708,1.1902,-1.4616,1.2025,1.2148,1.2272,1.2395,1.2518,1.2642,1.2671,1.2771,1.2894,1.3017,-1.4492,1.3023,1.3147,1.3258,1.3276,1.3376,1.3405,1.3493,1.3493,1.3493,1.3546,-1.4281,1.361,1.361,1.361,1.3687,1.3728,1.3728,1.3822,1.3845,1.3845,1.3957,-1.4128,1.3963,1.408,1.4092,1.4198,1.4221,1.4315,1.435,1.4432,1.4479,1.455,-1.4005,1.4609,1.4667,1.4667,1.4667,1.4667,1.4667,1.4573,1.455,1.455,1.455,-1.3776,1.4667,1.4791,1.4914,1.5055,1.5302,1.5548,1.583,1.6159,1.6452,1.6822,-1.3641,1.7192,1.7562,1.7932,1.8302,1.8672,1.8954,1.9294,1.9564,-1.9202,-1.3518,-1.3277,-1.3154,-1.3013,-1.2789,-1.2666,-1.2543,-1.2378,-1.2179,-1.2056,-1.8832,-1.1932,-1.1809,-1.1686,-1.1562,-1.1439,-1.1316,-1.1192,-1.1169,-1.1063,-1.094,-1.8497,-1.0817,-1.0811,-1.0687,-1.0564,-1.0441,-1.0347,-1.0347,-1.0306,-1.0229,-1.0229,-1.8209,-1.0229,-1.0229,-1.0229,-1.0153,-1.0112,-1.0112,-1.0018,-0.99945,-0.98888,-0.9877,-1.7886,-0.97596,-0.96363,-0.95247,-0.95071,-0.93838,-0.92605,-0.91372,-0.90139,-0.88906,-0.87673,-1.7587,-0.86439,-0.85206,-0.84678,-0.83915,-0.82681,-0.81448,-0.80215,-0.78982,-0.78806,-0.7769,3.0,5.0
-2.1912,-1.9051,-1.6442,-0.85665,-0.87382,-0.88404,-0.90406,-0.91838,-0.93103,-0.95146,-0.96293,-0.97315,-0.98337,-1.6352,-0.99359,-1.0038,-1.014,-1.0242,-1.0345,-1.0593,-1.0827,-1.0929,-1.093,-1.0865,-1.6352,-1.0763,-1.0661,-1.0559,-1.0456,-1.0335,-1.013,-1.0011,-0.98608,-0.96564,-0.94521,-1.6352,-0.91713,-0.89043,-0.86972,-0.83907,-0.76754,-0.69435,-0.66369,-0.6427,-0.61629,-0.58563,-1.6392,-0.55498,-0.52432,-0.49881,-0.47692,-0.44626,-0.41561,-0.38927,-0.36821,-0.33755,-0.3069,-1.6491,-0.27972,-0.25928,-0.22884,-0.19818,-0.16753,-0.13688,-0.1154,-0.08947,-0.058816,-0.028163,-1.6491,-0.00585,0.014586,0.035995,0.066649,0.089796,0.10641,0.11677,0.1372,0.15096,0.16118,-1.6491,0.1714,0.18162,0.19184,0.20205,0.21227,0.2138,0.21881,0.2277,0.2277,0.23556,-1.6491,0.23743,0.2277,0.2277,0.2277,0.22437,0.21415,0.19406,0.17362,0.15319,0.13275,-1.6491,0.11232,0.086529,0.055875,0.025221,-0.005433,-0.040605,-0.080643,-0.1113,-0.14195,-0.1726,-1.7824,-1.6491,-0.20326,-0.23391,-0.28417,-0.33123,-0.34144,-0.35166,-0.35618,-0.35416,-0.34395,-0.34228,-1.6491,-0.33255,-0.31329,-0.30307,-0.28514,-0.2647,-0.24427,-0.22383,-0.19652,-0.16586,-0.13521,-1.6491,-0.10455,-0.0739,-0.043246,-0.012592,0.071445,0.13213,0.16278,0.19344,0.21603,0.24084,-1.6491,0.27149,0.30215,0.32557,0.34955,0.38021,0.41086,0.43512,0.45827,0.48892,0.51033,-1.6402,0.53077,0.55308,0.58373,0.60598,0.62641,0.64685,0.66728,0.68772,0.70816,0.72838,-1.6352,0.7386,0.74882,0.75904,0.76926,0.77947,0.78378,0.78378,0.78378,0.78378,0.78378,-1.6336,0.78378,0.78378,0.78378,0.78378,0.78434,0.79456,0.79769,0.79769,0.79769,0.78775,-1.6234,0.78378,0.78378,0.78378,0.77468,0.76446,0.75424,0.74402,0.73381,0.72359,0.71337,-1.6132,0.70315,0.69293,0.67896,0.6586,0.64838,0.63156,0.61404,0.60382,0.58415,0.56948,-1.603,0.55718,0.53674,0.52493,0.50977,0.49059,0.48037,0.47015,0.45994,0.45014,0.45014,-1.7546,-1.5928,0.44318,0.43623,0.43623,0.44603,0.45014,0.45257,0.46279,0.473,0.4885,0.50734,-1.5825,0.51756,0.53591,0.55635,0.57602,0.58624,0.60375,0.66033,0.78295,0.80408,0.83098,-1.5651,0.85885,0.87929,0.89973,0.92579,0.9545,0.97494,0.99537,1.0158,1.0362,1.0567,-1.5482,1.0771,1.0976,1.118,1.1384,1.1589,1.1824,1.2131,1.2341,1.2545,1.2749,-1.538,1.2954,1.3158,1.3362,1.3567,1.3771,1.3896,1.3998,1.4094,1.4094,1.4165,-1.5177,1.4233,1.4233,1.4233,1.4233,1.4233,1.4233,1.4233,1.4178,1.4094,1.4094,-1.5036,1.401,1.3955,1.3945,1.3843,1.3816,1.3777,1.3677,1.3677,1.3677,1.3677,-1.4907,1.3677,1.3772,1.3874,1.3998,1.4202,1.432,1.4472,1.4663,1.4765,1.5024,-1.4703,1.5289,1.5499,1.5805,1.6041,1.6279,1.6586,1.6892,1.7199,1.748,1.7685,-1.4498,1.7979,1.8232,1.842,1.8522,1.8706,1.8866,1.8968,1.907,-1.7341,-1.4294,-1.409,-1.3885,-1.3681,-1.3477,-1.3283,-1.3181,-1.3003,-1.2798,-1.2592,-1.7137,-1.2285,-1.2046,-1.1842,-1.1637,-1.1337,-1.1031,-1.0746,-1.0542,-1.025,-0.99435,-1.699,-0.96509,-0.94465,-0.92422,-0.89954,-0.86944,-0.84901,-0.82857,-0.80813,-0.7877,-0.7772,-1.6867,-0.76073,-0.74286,-0.73265,-0.72243,-0.71221,-0.70373,-0.70373,-0.69546,-0.68983,-0.68983,-1.6663,-0.68983,-0.68983,-0.68983,-0.6899,-0.70012,-0.70373,-0.70665,-0.71687,-0.71763,-0.7234,-1.6544,-0.73362,-0.74384,-0.75405,-0.76427,-0.77449,-0.78471,-0.79493,-0.80925,-0.82926,-0.83948,5.0,5.0
-0.82187,-0.78468,-0.77228,-1.9748,-1.9432,-1.8998,-1.8676,-1.8484,-1.8043,-1.7603,-1.7163,-1.6723,-1.6283,-0.77228,-1.5843,-1.5279,-1.5037,-1.4523,-1.3959,-1.3379,-1.2719,-1.2059,-1.1523,-1.0862,-0.77228,-1.0574,-0.9914,-0.93778,-0.8758,-0.83055,-0.77538,-0.73137,-0.69976,-0.68054,-0.63653,-0.77228,-0.59252,-0.54851,-0.5045,-0.46049,-0.42702,-0.39262,-0.36317,-0.34644,-0.30243,-0.27082,-0.77228,-0.2454,-0.211,-0.1766,-0.14437,-0.13259,-0.10593,-0.076181,-0.054176,-0.019774,-0.003658,-0.77228,0.014938,0.046241,0.068246,0.070725,0.087461,0.10947,0.13147,0.14108,0.16308,0.1699,-0.77724,0.1823,0.19191,0.20151,0.20709,0.21949,0.23034,0.23995,0.24955,0.25916,0.28117,-0.78468,0.29077,0.31278,0.33106,0.34439,0.35586,0.36361,0.37322,0.39522,0.41722,0.43923,-0.79645,0.44884,0.47084,0.49223,0.50246,0.52446,0.54646,0.57033,0.60287,0.62488,0.65928,-0.80606,0.67818,0.70329,0.72529,0.7473,0.7693,0.79131,0.81331,0.83532,0.85732,0.86693,-0.78468,-0.80947,0.88894,0.90133,0.92055,0.94255,0.96332,0.97417,0.99617,1.011,1.0402,1.0622,-0.80947,1.0842,1.1062,1.1282,1.1493,1.1598,1.1694,1.1914,1.2134,1.2354,1.2574,-0.82187,1.2794,1.3015,1.3111,1.3331,1.3625,1.3895,1.4115,1.4335,1.4555,1.4651,-0.82187,1.484,1.4964,1.5063,1.5159,1.5336,1.5475,1.5584,1.5667,1.5708,1.5832,-0.82187,1.5832,1.5832,1.5956,1.5956,1.608,1.6188,1.6284,1.6452,1.66,1.682,-0.81722,1.6947,1.6947,1.691,1.67,1.6594,1.6374,1.6328,1.6204,1.6086,1.5956,-0.80947,1.577,1.5674,1.5454,1.5234,1.5138,1.4917,1.4697,1.4477,1.4171,1.3913,-0.80947,1.3569,1.3346,1.3104,1.2909,1.2689,1.2345,1.2125,1.1821,1.1561,1.0799,-0.79707,0.91373,0.89172,0.86972,0.84772,0.82571,0.80371,0.7941,0.77209,0.74761,0.67942,-0.79119,0.64719,0.62209,0.58769,0.56568,0.53314,0.50927,0.47487,0.44047,0.41846,0.38747,-0.78468,-0.78468,0.36206,0.33664,0.30565,0.28365,0.26164,0.22724,0.21763,0.19563,0.1823,0.16401,-0.78437,0.15441,0.13271,0.12279,0.10079,0.095519,0.081573,0.070725,0.070725,0.058328,0.058328,-0.77228,0.058328,0.067936,0.070725,0.070725,0.083122,0.083122,0.09118,0.095519,0.095519,0.095519,-0.77228,0.083122,0.083122,0.086841,0.095519,0.095519,0.10792,0.12031,0.12031,0.13209,0.13271,-0.75988,0.13271,0.14511,0.14511,0.14511,0.15751,0.15751,0.15751,0.15751,0.1699,0.1699,-0.75988,0.1668,0.15751,0.15751,0.15751,0.14511,0.14511,0.14511,0.13271,0.13271,0.13271,-0.75988,0.13271,0.13271,0.13271,0.13271,0.13271,0.13271,0.13271,0.13271,0.13271,0.13271,-0.74749,0.13271,0.13271,0.13271,0.13271,0.13271,0.13271,0.13271,0.13271,0.13271,0.13271,-0.74749,0.13271,0.13271,0.14511,0.14511,0.14511,0.14511,0.14511,0.14511,0.14511,0.14511,-0.73509,0.14511,0.14511,0.14511,0.16463,0.1699,0.1699,0.1699,0.1699,-0.78468,-0.73509,-0.72269,-0.72269,-0.72269,-0.72269,-0.72269,-0.71463,-0.71029,-0.70781,-0.6979,-0.78468,-0.6979,-0.6979,-0.69418,-0.6855,-0.6855,-0.6855,-0.68054,-0.6731,-0.6731,-0.66411,-0.78468,-0.66071,-0.70719,-0.81381,-0.90648,-0.97807,-1.0187,-1.0735,-1.1061,-1.1715,-1.2245,-0.77941,-1.2558,-1.2824,-1.4045,-1.4792,-1.5378,-1.654,-1.676,-1.7315,-1.7696,-1.7916,-0.77228,-1.8136,-1.8976,-1.9469,-1.9912,-2.0008,-2.0662,-2.1347,-2.228,-2.2922,-2.2602,-0.77228,-2.2289,-2.2038,-2.1818,-2.1598,-2.1378,-2.1158,-2.1013,-2.0718,-2.038,-2.0064,4.0,4.0
-2.0378,-1.9912,-1.8625,-0.34479,-0.33441,-0.32688,-0.32181,-0.31363,-0.31169,-0.30325,-0.30325,-0.2965,-0.29286,-1.8471,-0.29286,-0.29286,-0.29286,-0.29286,-0.29883,-0.30325,-0.30896,-0.31363,-0.31363,-0.31376,-1.8316,-0.32402,-0.32402,-0.33441,-0.3444,-0.34947,-0.35518,-0.36998,-0.37595,-0.38634,-0.39556,-1.8266,-0.41101,-0.42646,-0.44191,-0.45736,-0.47618,-0.49864,-0.52136,-0.53772,-0.56862,-0.60744,-1.8111,-0.64081,-0.67171,-0.70261,-0.72611,-0.74156,-0.75701,-0.76207,-0.77752,-0.79297,-0.80842,-1.7957,-0.82387,-0.83296,-0.83296,-0.83296,-0.82257,-0.81673,-0.80128,-0.78583,-0.77038,-0.76025,-1.7802,-0.73948,-0.71897,-0.69819,-0.67236,-0.65691,-0.62653,-0.60523,-0.56473,-0.53383,-0.5237,-1.7648,-0.48371,-0.3618,-0.33752,-0.30662,-0.27572,-0.25132,-0.2347,-0.20678,-0.18328,-0.15238,-1.7493,-0.12928,-0.11136,-0.087989,-0.070332,-0.053973,-0.041639,-0.019179,0.010033,0.032234,0.061706,-1.7339,0.083647,0.10416,0.12883,0.14428,0.15376,0.1544,0.16985,0.17453,0.17998,0.18504,-1.9757,-1.7184,0.1953,0.1953,0.1953,0.1953,0.19063,0.18492,0.17453,0.16505,0.1496,0.13415,-1.7133,0.1187,0.094293,0.077415,0.053267,0.046516,0.031066,0.005229,-0.01022,-0.02567,-0.04904,-1.7054,-0.053973,-0.053973,-0.053973,-0.046573,-0.043587,-0.036446,-0.031383,-0.022814,-0.01087,0.00458,-1.7032,0.02003,0.03548,0.05093,0.072482,0.17609,0.20699,0.23789,0.26879,0.29969,0.33059,-1.695,0.36148,0.39238,0.40303,0.42302,0.45392,0.48482,0.52533,0.55701,0.57856,0.6044,-1.6846,0.62894,0.6353,0.65075,0.6662,0.68165,0.6971,0.71255,0.728,0.74345,0.7589,-1.6776,0.77435,0.78733,0.78733,0.79992,0.81537,0.82044,0.82888,0.82888,0.82888,0.82888,-1.6726,0.82888,0.82888,0.82264,0.81849,0.81849,0.8081,0.80239,0.78694,0.77149,0.75617,-1.6639,0.75617,0.74591,0.73046,0.71501,0.69956,0.68411,0.66866,0.65321,0.63776,0.62231,-1.6535,0.61725,0.59284,0.57597,0.56052,0.53156,0.49651,0.49962,0.5069,0.50975,0.51728,-1.9603,-1.647,0.52767,0.53533,0.54039,0.54844,0.5609,0.56921,0.58142,0.58999,0.60193,0.61738,-1.6431,0.63153,0.63789,0.65231,0.65841,0.67386,0.68931,0.69437,0.70982,0.79798,0.81343,-1.6369,0.82888,0.84432,0.8699,0.89041,0.91145,0.93728,0.96234,0.96818,0.99298,1.0135,-1.6223,1.0444,1.0649,1.0958,1.1163,1.1387,1.1645,1.1716,1.1954,1.2189,1.2367,-1.6164,1.2599,1.2804,1.3038,1.3215,1.3451,1.3605,1.369,1.3794,1.3861,1.4001,-1.6016,1.4001,1.4105,1.4105,1.4105,1.4045,1.4001,1.4001,1.3897,1.3843,1.3794,-1.5958,1.3794,1.3691,1.369,1.369,1.369,1.369,1.3586,1.3586,1.3586,1.3678,-1.5804,1.369,1.3779,1.3934,1.4088,1.4243,1.4313,1.4448,1.4602,1.4785,1.5015,-1.5649,1.5274,1.5505,1.571,1.6019,1.6286,1.6358,1.6634,1.6943,1.7252,1.7561,-1.5495,1.787,1.8179,1.8488,1.8797,1.8906,1.9311,1.962,1.9929,-1.9547,-1.5288,-1.5082,-1.5031,-1.4877,-1.4619,-1.4464,-1.431,-1.406,-1.3897,-1.365,-1.9398,-1.3523,-1.3344,-1.3139,-1.2916,-1.2658,-1.2419,-1.2214,-1.1987,-1.1804,-1.1574,-1.9243,-1.1497,-1.1188,-1.0983,-1.0674,-1.0365,-1.0056,-0.98512,-0.95422,-0.93526,-0.91319,-1.9089,-0.90436,-0.88255,-0.85269,-0.83114,-0.80024,-0.77518,-0.74935,-0.72831,-0.70806,-0.68729,-1.8934,-0.67716,-0.65665,-0.63587,-0.61562,-0.59459,-0.56875,-0.54369,-0.51708,-0.50163,-0.47982,-1.878,-0.47073,-0.45528,-0.43983,-0.42438,-0.40893,-0.39348,-0.38634,-0.37297,-0.35752,-0.35245,5.0,5.0
0.52859,0.46248,0.48452,-0.088454,0.028344,0.16498,0.28398,0.42281,0.55614,0.67845,0.81728,0.9473,1.0729,0.48452,1.2007,1.3043,1.3969,1.4894,1.582,1.658,1.7098,1.7561,1.8023,1.8486,0.47129,1.8729,1.896,1.9169,1.9169,1.9169,1.9114,1.8817,1.8354,1.7451,1.6227,0.46248,1.5533,1.4718,1.366,1.2646,1.1567,1.041,0.90763,0.78753,0.652,0.51317,0.44705,0.39637,0.28067,0.16498,0.049279,-0.066417,-0.1766,-0.27577,-0.38375,-0.47631,-0.68787,0.44044,-0.91485,-0.99639,-1.0757,-1.1308,-1.1925,-1.2454,-1.2917,-1.338,-1.3644,-1.3876,0.42281,-1.3887,-1.3887,-1.3887,-1.3854,-1.3578,-1.317,-1.2873,-1.241,-1.1947,-1.1385,0.4184,-1.0801,-1.0217,-0.96554,-0.90494,-0.85095,-0.78814,-0.73635,-0.67134,-0.60192,-0.53251,0.39857,-0.46309,-0.37163,-0.30001,-0.20746,-0.11049,-0.000305,0.092252,0.18481,0.28618,0.39196,0.39637,0.48452,0.58919,0.70489,0.80626,0.91424,1.0134,1.106,1.1985,1.2911,1.3627,0.46248,0.39637,1.4321,1.5004,1.5467,1.593,1.6349,1.6635,1.7032,1.7263,1.7495,1.7627,0.39637,1.7737,1.7847,1.7847,1.7847,1.6613,1.5588,1.4365,1.3352,1.1434,1.0189,0.39637,0.92526,0.80957,0.69167,0.55614,0.44044,0.32475,0.20244,0.071317,-0.044379,-0.16008,0.39637,-0.27577,-0.39147,-0.66583,-0.85866,-0.9435,-1.003,-1.0669,-1.1176,-1.1837,-1.2322,0.39637,-1.2564,-1.3027,-1.3468,-1.3699,-1.3887,-1.3942,-1.4107,-1.4107,-1.4019,-1.3787,0.39637,-1.3556,-1.3325,-1.2961,-1.2498,-1.2035,-1.1573,-1.111,-1.046,-0.97656,-0.90714,0.39637,-0.83772,-0.76831,-0.69889,-0.62616,-0.53361,-0.44105,-0.34849,-0.24822,-0.13253,-0.016833,0.39637,0.098863,0.21456,0.34348,0.46799,0.59911,0.72142,0.83711,0.97154,1.0905,1.2062,0.39637,1.3219,1.4365,1.5291,1.6183,1.6878,1.7517,1.7979,1.8288,1.82,1.7968,0.38645,1.7737,1.7263,1.6701,1.6095,1.5401,1.4707,1.3836,1.2162,1.0905,0.99578,0.46248,0.36331,0.88119,0.76549,0.6498,0.5341,0.42281,0.32475,0.18922,0.034955,-0.057602,-0.15016,0.34017,-0.24272,-0.34739,-0.44987,-0.54242,-0.63498,-0.71101,-0.97435,-1.0735,-1.1198,-1.187,0.31703,-1.2124,-1.2575,-1.2807,-1.3005,-1.3049,-1.3225,-1.3225,-1.3225,-1.3225,-1.3225,0.29389,-1.3225,-1.3347,-1.3314,-1.3082,-1.2851,-1.2619,-1.2212,-1.1749,-1.1286,-1.0614,0.27075,-0.96995,-0.89943,-0.80687,-0.71431,-0.62176,-0.5292,-0.43664,-0.3518,-0.27357,-0.18101,0.23109,-0.099472,-0.030055,0.039363,0.10878,0.16277,0.20905,0.25533,0.30161,0.32805,0.35119,0.20244,0.37433,0.37323,0.35229,0.35229,0.35229,0.35229,0.35229,0.35229,0.35229,0.35229,0.1793,0.35229,0.34017,0.33026,0.33026,0.33026,0.31373,0.30822,0.28949,0.28618,0.28618,0.13633,0.28618,0.28618,0.28618,0.28949,0.31263,0.33026,0.33687,0.36001,0.37433,0.38425,0.090048,0.39637,0.40849,0.4184,0.4184,0.4184,0.4184,0.40077,0.39637,0.46248,0.04377,-0.002508,-0.05099,-0.1171,-0.16779,-0.2317,-0.28459,-0.34629,-0.40138,-0.46088,0.46799,-0.51818,-0.57548,-0.62176,-0.66804,-0.72974,-0.78263,-0.82891,-0.89392,-0.9435,-0.98978,0.48452,-1.0361,-1.1044,-1.1484,-1.1749,-1.2212,-1.2675,-1.3071,-1.3303,-1.3534,-1.3765,0.48452,-1.3997,-1.4107,-1.4239,-1.4327,-1.4327,-1.4162,-1.4107,-1.4107,-1.3909,-1.3677,0.48452,-1.3446,-1.3435,-1.3203,-1.2972,-1.2697,-1.2289,-1.1991,-1.1529,-1.1066,-1.0603,0.48452,-1.003,-0.92146,-0.84213,-0.75839,-0.66583,-0.57327,-0.48072,-0.38816,-0.2956,-0.18211,2.0,2.0
0.031931,0.053649,0.097085,0.61831,0.66674,0.73103,0.78532,0.83375,0.88381,0.95646,1.0225,1.0709,1.131,0.097085,1.1895,1.2379,1.2864,1.3348,1.3832,1.4268,1.4584,1.5068,1.5428,1.5819,0.10534,1.613,1.6571,1.6838,1.7291,1.7533,1.7694,1.78,1.7911,1.7754,1.7512,0.1188,1.727,1.7,1.6312,1.5764,1.5038,1.4197,1.3367,1.2477,1.1697,1.0971,0.1188,1.0244,0.95179,0.87914,0.81616,0.75557,0.69758,0.632,0.55935,0.4867,0.41406,0.13455,0.34141,0.26876,0.19612,0.12347,0.050826,-0.003904,-0.072749,-0.1454,-0.21804,-0.29069,0.14052,-0.36333,-0.43598,-0.50863,-0.58127,-0.63524,-0.68367,-0.75187,-0.78053,-0.82897,-0.8774,0.14052,-0.92583,-0.97426,-1.0227,-1.0711,-1.1198,-1.1897,-1.2381,-1.2789,-1.3133,-1.349,0.14204,-1.3732,-1.3974,-1.4216,-1.4459,-1.4701,-1.4943,-1.51,-1.521,-1.5452,-1.5535,0.16224,-1.535,-1.5318,-1.5066,-1.4624,-1.4314,-1.3922,-1.3563,-1.3078,-1.2594,-1.211,0.053649,0.16224,-1.1626,-1.1116,-1.039,-0.96633,-0.88369,-0.79932,-0.71169,-0.61483,-0.53795,-0.44282,0.16224,-0.34922,-0.27082,-0.18221,-0.10956,-0.036915,0.051477,0.1301,0.20274,0.27539,0.35205,0.16224,0.4424,0.51504,0.5992,0.68206,0.7547,0.82735,0.89999,0.97036,1.0188,1.0745,0.16224,1.1374,1.1858,1.2342,1.2827,1.3311,1.3801,1.4497,1.4981,1.5546,1.6167,0.14573,1.6651,1.698,1.7403,1.7682,1.8141,1.8383,1.8688,1.9085,1.9327,1.9569,0.14052,1.9811,1.9865,2.0078,2.0083,2.0037,1.9795,1.9553,1.931,1.8923,1.8609,0.11902,1.8171,1.7687,1.7203,1.6665,1.6017,1.543,1.4703,1.3977,1.325,1.2321,0.11652,1.158,1.0854,1.0127,0.94006,0.86742,0.80834,0.74384,0.6712,0.59855,0.5259,0.092307,0.45326,0.37377,0.27691,0.19188,0.1049,0.008041,-0.069491,-0.14225,-0.2365,-0.30915,0.068091,-0.38179,-0.44434,-0.50537,-0.59311,-0.67238,-0.74503,-0.81767,-0.89032,-0.9571,-1.0139,0.061142,0.043876,-1.0757,-1.1241,-1.1725,-1.221,-1.2486,-1.2744,-1.3187,-1.3429,-1.3671,-1.3913,0.01966,-1.4156,-1.4398,-1.464,-1.4882,-1.51,-1.5149,-1.5318,-1.5219,-1.4977,-1.4734,-0.019323,-1.4492,-1.4051,-1.3784,-1.3331,-1.3033,-1.2549,-1.2064,-1.158,-1.1252,-1.0828,-0.050488,-1.0138,-0.96427,-0.91193,-0.83928,-0.76663,-0.69399,-0.62134,-0.5487,-0.47605,-0.4034,-0.094467,-0.35248,-0.2845,-0.23607,-0.18764,-0.15137,-0.11249,-0.064062,-0.015631,0.0328,0.081231,-0.12118,0.12423,0.14845,0.17266,0.19688,0.22109,0.22739,0.22739,0.22739,0.22739,0.22739,-0.16961,0.2187,0.20567,0.19199,0.16778,0.14356,0.14052,0.1188,0.1188,0.11185,0.097085,-0.21804,0.097085,0.097085,0.097085,0.097085,0.097085,0.097085,0.097085,0.097085,0.086877,0.075367,-0.27451,0.075367,0.075367,0.075367,0.074389,0.053649,0.053649,0.053649,0.053649,0.053649,0.053649,-0.33662,0.072109,0.075367,0.075367,0.075367,0.075367,0.075367,0.075367,0.075367,0.075367,-0.38505,-0.43348,-0.49994,-0.55206,-0.57878,-0.62721,-0.67564,-0.72407,-0.76121,-0.79921,0.075367,-0.84764,-0.89607,-0.92322,-0.96915,-0.99793,-1.0393,-1.0635,-1.0998,-1.1337,-1.1579,0.075367,-1.2016,-1.2284,-1.274,-1.2982,-1.3224,-1.3466,-1.3708,-1.395,-1.3836,-1.3594,0.09285,-1.3352,-1.311,-1.2807,-1.2323,-1.1838,-1.1218,-1.0492,-0.97654,-0.90389,-0.83309,0.097085,-0.78032,-0.71451,-0.65674,-0.59593,-0.5475,-0.48224,-0.42892,-0.35866,-0.28341,-0.19165,0.097085,-0.11141,-0.014545,0.082316,0.16408,0.25432,0.33109,0.40374,0.47302,0.52145,0.56988,0.0,2.0
-2.2318,-2.1697,-2.021,-0.82525,-0.81712,-0.80635,-0.79555,-0.78475,-0.77395,-0.76569,-0.75756,-0.74944,-0.74131,-2.0021,-0.72239,-0.71426,-0.69836,-0.68721,-0.66828,-0.64936,-0.64123,-0.6223,-0.60338,-0.59037,-1.9831,-0.57633,-0.5574,-0.53848,-0.53035,-0.51142,-0.5033,-0.48437,-0.47157,-0.46078,-0.44919,-1.9642,-0.43918,-0.42838,-0.41401,-0.39598,-0.38696,-0.36804,-0.34911,-0.33019,-0.31126,-0.29879,-1.9453,-0.28799,-0.28799,-0.28799,-0.28799,-0.28799,-0.28799,-0.28799,-0.27719,-0.27719,-0.27719,-1.9264,-0.26774,-0.26639,-0.25559,-0.25416,-0.24479,-0.23791,-0.22978,-0.22165,-0.21239,-0.2054,-1.9074,-0.19727,-0.1908,-0.18102,-0.18,-0.17557,-0.1692,-0.15932,-0.1584,-0.1584,-0.15653,-1.8885,-0.1476,-0.1476,-0.14295,-0.1368,-0.1267,-0.11858,-0.11045,-0.091523,-0.082803,-0.075271,-1.8696,-0.072004,-0.061205,-0.061205,-0.050405,-0.039606,-0.028807,-0.018386,-0.010259,0.003591,0.016793,-1.8507,0.035718,0.043845,0.06277,0.081696,0.10062,0.10875,0.12767,0.14398,0.15473,0.16285,-2.1563,-1.8317,0.17098,0.17638,0.18718,0.19536,0.19798,0.20878,0.21957,0.22786,0.23599,0.24412,-1.8128,0.25224,0.26277,0.2685,0.27662,0.29555,0.31447,0.32757,0.33837,0.33885,0.35778,-1.7831,0.35996,0.37076,0.37136,0.38156,0.38761,0.39574,0.40386,0.41396,0.42012,0.42476,-1.7642,0.43556,0.43556,0.44636,0.44636,0.44636,0.44636,0.44636,0.44636,0.44636,0.44636,-1.7344,0.44636,0.44636,0.43556,0.43556,0.43556,0.43556,0.43556,0.43556,0.43556,0.43556,-1.7155,0.43556,0.43556,0.43556,0.43556,0.43556,0.43556,0.43556,0.44636,0.45716,0.46685,-1.6966,0.47498,0.4831,0.49123,0.51015,0.51828,0.52641,0.53453,0.54355,0.56159,0.56971,-1.6669,0.58675,0.59676,0.60489,0.61915,0.62994,0.64007,0.6482,0.65632,0.66234,0.67257,-1.6479,0.67314,0.67803,0.68394,0.68394,0.69161,0.69474,0.69706,0.70554,0.71634,0.72144,-1.629,0.72957,0.73794,0.74874,0.75954,0.77033,0.781,0.79992,0.80805,0.81618,0.82433,-2.1427,-1.5993,0.83243,0.84056,0.84868,0.86753,0.87573,0.87833,0.87833,0.87833,0.87833,0.87833,-1.5768,0.87833,0.87833,0.87833,0.87833,0.87833,0.88913,0.88913,0.89498,0.89992,0.90044,-1.5506,0.91072,0.91072,0.91402,0.92152,0.92152,0.91072,0.91072,0.91072,0.91072,0.90454,-1.5227,0.89992,0.90076,0.91072,0.91701,0.92152,0.93232,0.94139,0.94952,0.95765,0.96577,-1.4957,0.97552,0.98632,1.001,1.0091,1.0187,1.0361,1.0443,1.0619,1.0713,1.0794,-1.4723,1.0876,1.0957,1.1051,1.1159,1.1267,1.1375,1.1375,1.1483,1.1526,1.1591,-1.4425,1.1688,1.177,1.1851,1.204,1.2229,1.2419,1.25,1.2689,1.2878,1.3068,-1.4145,1.3257,1.3446,1.3635,1.3825,1.4122,1.4439,1.4716,1.5088,1.5359,1.5737,-1.3939,1.6116,1.6494,1.6873,1.7229,1.7522,1.7824,1.8121,1.8418,1.8607,1.8797,-1.3642,1.8986,1.9175,1.9364,1.9554,1.9743,1.9932,2.0014,2.0203,-2.1237,-1.3452,-1.3171,-1.2966,-1.2777,-1.2575,-1.229,-1.2101,-1.1912,-1.1722,-1.1533,-2.1048,-1.1452,-1.1411,-1.1411,-1.1316,-1.1303,-1.1303,-1.1288,-1.1195,-1.1126,-1.1087,-2.0859,-1.1071,-1.0979,-1.0909,-1.0871,-1.0854,-1.0763,-1.0691,-1.0655,-1.0547,-1.0547,-2.067,-1.0439,-1.0439,-1.0331,-1.0331,-1.0257,-1.0223,-1.0203,-1.0115,-1.0007,-0.98994,-2.0483,-0.97914,-0.96885,-0.96072,-0.9526,-0.94447,-0.93594,-0.92514,-0.91434,-0.90117,-0.89274,-2.0399,-0.88194,-0.87679,-0.87115,-0.86054,-0.85241,-0.84955,-0.84696,-0.83875,-0.83875,-0.82795,3.0,5.0
0.92592,0.92592,1.0049,-0.56134,-0.51317,-0.44736,-0.3905,-0.33759,-0.29416,-0.24573,-0.17558,-0.13175,-0.061596,1.0049,-0.01382,0.052383,0.12253,0.14386,0.21019,0.29284,0.37682,0.44183,0.52949,0.6207,1.0049,0.73112,0.8451,0.88353,1.015,1.1202,1.2253,1.336,1.45,1.5408,1.6516,1.0049,1.7156,1.748,1.8151,1.8589,1.8999,1.9203,1.9262,1.9262,1.9262,1.8999,1.0049,1.6314,1.5236,1.4297,1.3208,1.2607,1.122,0.94513,0.83352,0.70849,0.577,1.0049,0.46526,0.41933,0.28995,0.18268,0.051198,-0.080286,-0.19229,-0.30627,-0.42025,-0.46921,1.0049,-0.54291,-0.63057,-0.71823,-1.0324,-1.1025,-1.1273,-1.1639,-1.2077,-1.2326,-1.2589,1.0049,-1.2589,-1.2777,-1.2852,-1.2852,-1.2852,-1.2852,-1.2852,-1.2667,-1.2492,-1.2317,1.0049,-1.1878,-1.144,-1.1273,-1.109,-1.0652,-0.99501,-0.95119,-0.90736,-0.863,-0.79338,0.97856,-0.74034,-0.70572,-0.66189,-0.58266,-0.52133,-0.43367,-0.34602,-0.25849,-0.19703,-0.12701,0.92592,0.97856,-0.10069,-0.01303,0.074626,0.16228,0.27626,0.39879,0.53028,0.66176,0.79325,0.8988,0.97856,1.0128,1.1351,1.2407,1.3547,1.4769,1.5827,1.6345,1.758,1.8456,1.9166,0.95224,1.9604,2.0042,2.0315,2.0052,1.8535,1.6301,1.5424,1.505,1.3545,1.1478,0.92592,1.0352,0.85103,0.72691,0.68901,0.56187,0.43762,0.32522,0.22006,0.12201,0.034351,0.90064,-0.053305,-0.21072,-0.49185,-0.5795,-0.66716,-0.73047,-0.78509,-0.82484,-0.88827,-0.95842,0.88314,-1.0023,-1.022,-1.0636,-1.0811,-1.101,-1.1273,-1.1273,-1.1511,-1.1536,-1.1536,0.83931,-1.1536,-1.1387,-1.1212,-1.0774,-1.0599,-1.0365,-0.97224,-0.92842,-0.8788,-0.81444,0.79548,-0.74429,-0.67979,-0.63347,-0.54581,-0.43183,-0.32114,-0.20387,-0.084498,0.046986,0.17847,0.76798,0.30995,0.37313,0.49395,0.62544,0.75692,0.8884,1.0199,1.1514,1.2829,1.3997,0.73415,1.534,1.651,1.7514,1.8391,1.9267,1.9834,2.0494,2.0711,2.0841,2.0841,0.92592,0.71533,2.071,1.8692,1.738,1.6369,1.4313,1.2556,1.1376,1.0757,0.98804,0.90038,0.67282,0.81273,0.72507,0.63741,0.57608,0.48843,0.42709,0.36576,0.29929,0.24309,0.18176,0.62899,0.094105,0.032772,-0.025139,-0.068967,-0.13912,-0.41985,-0.46368,-0.49553,-0.52501,-0.56884,0.58516,-0.61267,-0.6565,-0.70033,-0.74415,-0.78798,-0.81141,-0.82299,-0.83773,-0.83773,-0.86406,0.54133,-0.86406,-0.86406,-0.86406,-0.86406,-0.86406,-0.83773,-0.83773,-0.83773,-0.81141,-0.81141,0.47842,-0.79167,-0.78509,-0.75876,-0.75876,-0.74797,-0.73047,-0.68664,-0.64281,-0.59898,-0.55515,0.45368,-0.52186,-0.49382,-0.44999,-0.40617,-0.36234,-0.33759,-0.30101,-0.25718,-0.2323,-0.19584,0.40985,-0.15202,-0.12701,-0.10069,-0.074363,-0.093053,-0.10069,-0.10069,-0.10069,-0.10069,-0.10069,0.36602,-0.08226,-0.074363,-0.074363,-0.074363,-0.074363,-0.073705,-0.04804,-0.04804,-0.04804,-0.04804,0.29758,-0.038827,-0.021717,-0.021717,-0.021717,-0.021717,-0.021717,-0.004344,-0.021717,0.95224,0.23625,0.15557,0.087261,-0.000395,-0.04804,-0.096738,-0.16886,-0.24573,-0.33338,-0.39472,0.95224,-0.48237,-0.57003,-0.65768,-0.69269,-0.8043,-0.89433,-0.95566,-1.0433,-1.131,-1.2186,0.95224,-1.3063,-1.3676,-1.3966,-1.464,-1.5106,-1.5544,-1.5982,-1.6157,-1.6537,-1.677,0.97856,-1.6801,-1.6801,-1.6801,-1.6801,-1.6537,-1.6537,-1.6274,-1.6011,-1.5782,-1.5607,0.97856,-1.5432,-1.4994,-1.4555,-1.4117,-1.3679,-1.2977,-1.2276,-1.1838,-1.1526,-1.0961,0.97856,-1.0299,-0.98212,-0.93355,-0.86814,-0.82431,-0.78048,-0.75876,-0.70585,-0.649,-0.60517,2.0,2.0
1.689,1.7196,1.4127,-0.94701,-0.97776,-1.0033,-1.029,-1.0598,-1.0905,-1.1213,-1.1466,-1.1726,-1.1978,1.3922,-1.2183,-1.2444,-1.2695,-1.29,-1.3104,-1.3368,-1.3616,-1.3821,-1.4026,-1.4231,1.3692,-1.4436,-1.458,-1.4744,-1.4887,-1.4989,-1.5091,-1.5258,-1.5398,-1.5566,-1.5771,1.3097,-1.591,-1.6079,-1.6217,-1.6319,-1.6422,-1.6524,-1.6627,-1.6729,-1.6761,-1.6832,1.2769,-1.6863,-1.6935,-1.6893,-1.6863,-1.679,-1.6687,-1.6585,-1.6482,-1.638,-1.6277,1.2184,-1.6175,-1.6072,-1.5892,-1.5766,-1.5585,-1.538,-1.5254,-1.5072,-1.4867,-1.4743,1.1979,-1.4559,-1.4354,-1.4149,-1.4027,-1.3841,-1.3636,-1.3431,-1.3226,-1.2935,-1.2714,1.1731,-1.2509,-1.2304,-1.2099,-1.1894,-1.1689,-1.1395,-1.1177,-1.0972,-1.0767,-1.0471,1.1059,-1.0255,-1.005,-0.98454,-0.96404,-0.93416,-0.91285,-0.89235,-0.88139,-0.86156,-0.84106,1.0825,-0.82056,-0.80006,-0.77957,-0.75907,-0.73857,-0.72802,-0.70778,-0.68728,-0.67688,-0.65648,1.7093,1.0333,-0.64618,-0.62574,-0.61549,-0.60509,-0.5848,-0.57455,-0.5643,-0.55369,-0.5336,-0.52336,1.0005,-0.51311,-0.50286,-0.49261,-0.48236,-0.47211,-0.46186,-0.45243,-0.45157,-0.44132,-0.43107,0.95258,-0.42082,-0.41057,-0.40032,-0.39007,-0.37983,-0.36958,-0.35933,-0.34908,-0.3374,-0.31839,0.93091,-0.30814,-0.29789,-0.28764,-0.27571,-0.25695,-0.2467,-0.23461,-0.216,-0.20382,-0.18531,0.90139,-0.17302,-0.15461,-0.14222,-0.12392,-0.11143,-0.093225,-0.082977,-0.072728,-0.060033,-0.042034,0.87707,-0.031786,-0.021537,-0.008637,0.009157,0.022159,0.039852,0.052956,0.070546,0.080795,0.091043,0.8298,0.10129,0.11154,0.12179,0.13204,0.13902,0.14234,0.15259,0.16283,0.17308,0.17981,0.80517,0.18338,0.19363,0.20021,0.20393,0.21418,0.2206,0.22448,0.2308,0.23478,0.241,0.75679,0.24508,0.25532,0.26139,0.26562,0.27587,0.28612,0.29637,0.30662,0.31687,0.32712,0.72752,0.33736,0.34761,0.35786,0.36811,0.37836,0.38861,0.39885,0.4091,0.41935,0.4296,1.6991,0.70702,0.43985,0.4501,0.46035,0.47059,0.48084,0.49109,0.50134,0.51159,0.52184,0.53208,0.68178,0.54794,0.56278,0.57303,0.58328,0.59934,0.61983,0.64033,0.65486,0.66511,0.67536,0.63544,0.69173,0.70605,0.7163,0.73282,0.747,0.76999,0.79431,0.80833,0.82511,0.84561,0.61494,0.85948,0.8764,0.89017,0.9072,0.93453,0.95839,0.97195,0.98919,1.0026,1.02,0.58924,1.0333,1.0508,1.064,1.0743,1.0992,1.1226,1.1356,1.1534,1.1663,1.1842,0.54335,1.197,1.215,1.2277,1.2536,1.2686,1.2788,1.2891,1.3073,1.3198,1.33,0.52286,1.3403,1.367,1.3812,1.3914,1.4017,1.4119,1.4222,1.4324,1.4427,1.4529,0.4967,1.4718,1.4836,1.4939,1.5041,1.5144,1.5157,1.5247,1.5349,1.5452,1.5554,0.45127,1.5657,1.5759,1.5861,1.5964,1.6066,1.6169,1.6271,1.6374,1.6476,1.6579,0.43276,1.6681,1.6784,1.6886,1.6989,1.7091,1.7194,1.7296,1.7399,1.6874,0.42047,0.40207,0.39182,0.38157,0.37132,0.3519,0.30065,0.25181,0.21815,0.20791,1.6072,0.19001,0.15682,0.14922,0.14652,0.13627,0.11761,0.076614,0.044339,0.022261,-0.028981,1.5957,-0.077164,-0.12127,-0.15987,-0.17975,-0.22401,-0.26199,-0.27224,-0.28249,-0.30661,-0.35785,1.5445,-0.40909,-0.44585,-0.4561,-0.46635,-0.4766,-0.48685,-0.50097,-0.51754,-0.52779,-0.54207,1.4928,-0.55849,-0.57286,-0.58918,-0.59943,-0.61396,-0.63012,-0.64476,-0.66082,-0.67555,-0.69605,1.4332,-0.71655,-0.7324,-0.74734,-0.77258,-0.79853,-0.81903,-0.84442,-0.87022,-0.89572,-0.92141,1.0,1.0
-2.1197,-2.0862,-1.9803,-0.7566,-0.74369,-0.74106,-0.72815,-0.72059,-0.71262,-0.69971,-0.6868,-0.67389,-0.66097,-1.9674,-0.63778,-0.62486,-0.61195,-0.59904,-0.58613,-0.57322,-0.56628,-0.55769,-0.54478,-0.53186,-1.9545,-0.51895,-0.50604,-0.50342,-0.49051,-0.4776,-0.47369,-0.4634,-0.45944,-0.45311,-0.44391,-1.9416,-0.43099,-0.42225,-0.41546,-0.41196,-0.41196,-0.40759,-0.40167,-0.40167,-0.39139,-0.38681,-1.9287,-0.3811,-0.37127,-0.36052,-0.35574,-0.34283,-0.33995,-0.32729,-0.31438,-0.30147,-0.28856,-1.9158,-0.27565,-0.26274,-0.24983,-0.23692,-0.22678,-0.22138,-0.20847,-0.20585,-0.19294,-0.18563,-1.9028,-0.1774,-0.16506,-0.16187,-0.15477,-0.14634,-0.14371,-0.1342,-0.1342,-0.12555,-0.12391,-1.8865,-0.12031,-0.11362,-0.10477,-0.10215,-0.089239,-0.082758,-0.073705,-0.071081,-0.05817,-0.051895,-1.8667,-0.042636,-0.040013,-0.03132,-0.03132,-0.021855,-0.021032,-0.016608,-0.003698,-0.000457,0.009831,-1.8538,0.01446,0.027371,0.030406,0.042906,0.055816,0.068727,0.081638,0.094549,0.10746,0.12037,-2.0786,-1.8306,0.12299,0.13591,0.14882,0.16173,0.16435,0.17726,0.18472,0.1928,0.2053,0.20833,-1.8141,0.21558,0.22386,0.23616,0.2394,0.24645,0.24645,0.25673,0.26018,0.26702,0.26702,-1.7882,0.26805,0.27731,0.28358,0.2876,0.29788,0.30174,0.30817,0.31728,0.3199,0.32875,-1.7713,0.33543,0.33904,0.34068,0.34932,0.34932,0.35884,0.35961,0.36409,0.3699,0.3699,-1.7469,0.38019,0.38487,0.39778,0.40076,0.41331,0.42134,0.42885,0.44176,0.44438,0.45729,-1.7249,0.46249,0.46254,0.47277,0.47807,0.48306,0.49361,0.50364,0.50914,0.51392,0.52421,-1.7055,0.5273,0.5345,0.5345,0.54479,0.54808,0.55508,0.56361,0.56624,0.57915,0.59206,-1.6797,0.60497,0.60651,0.61022,0.6168,0.6168,0.62709,0.631,0.63738,0.63738,0.64766,-1.6539,0.64766,0.64766,0.64766,0.64766,0.64766,0.65461,0.65795,0.65985,0.66824,0.67539,-1.6321,0.67853,0.68881,0.68881,0.69617,0.6991,0.70939,0.70939,0.71695,0.71968,0.72997,-2.0707,-1.6125,0.73511,0.74802,0.75064,0.76355,0.77112,0.77909,0.78171,0.79169,0.79725,0.80198,-1.5867,0.81227,0.8154,0.82255,0.83094,0.83356,0.84647,0.85342,0.85342,0.8637,0.8637,-1.5609,0.86988,0.87399,0.87399,0.87775,0.88428,0.88428,0.89457,0.89457,0.90115,0.90485,-1.5393,0.9064,0.91931,0.92543,0.93484,0.94775,0.96067,0.97358,0.99611,1.0097,1.018,-1.5195,1.0252,1.0283,1.0386,1.0434,1.0489,1.0489,1.0592,1.0642,1.0771,1.09,-1.4937,1.1029,1.1158,1.1365,1.1519,1.1648,1.1831,1.2009,1.2245,1.2473,1.2658,-1.4782,1.2917,1.3175,1.3433,1.3691,1.3865,1.4105,1.4329,1.4518,1.469,1.4932,-1.4524,1.5154,1.5346,1.5604,1.5759,1.6017,1.6211,1.634,1.647,1.6639,1.6831,-1.4336,1.696,1.7089,1.7218,1.7347,1.7476,1.7605,1.7734,1.7864,1.7993,1.8122,-1.411,1.8251,1.838,1.8509,1.8638,1.8767,1.8896,1.9025,1.9155,-2.0578,-1.3955,-1.3743,-1.3541,-1.3382,-1.3253,-1.3075,-1.2892,-1.2763,-1.2634,-1.2505,-2.0449,-1.2375,-1.2246,-1.2117,-1.1988,-1.1859,-1.173,-1.163,-1.1575,-1.1527,-1.1424,-2.032,-1.1393,-1.1321,-1.1238,-1.1115,-1.1082,-1.1012,-1.0927,-1.0798,-1.0669,-1.054,-2.019,-1.0411,-1.0292,-1.0255,-1.0126,-1.0086,-0.99707,-0.98416,-0.97125,-0.96749,-0.95572,-2.0061,-0.9428,-0.92989,-0.91698,-0.90577,-0.90145,-0.88854,-0.87563,-0.873,-0.86009,-0.85433,-1.9932,-0.84456,-0.83376,-0.82902,-0.81611,-0.81318,-0.80058,-0.78767,-0.78232,-0.77213,-0.76174,3.0,5.0
0.71224,0.78733,0.86674,0.61954,0.69463,0.76972,0.84481,0.91989,0.99343,1.0435,1.0935,1.1436,1.1937,0.86674,1.2437,1.2938,1.3216,1.363,1.4025,1.4276,1.4526,1.4776,1.5027,1.5277,0.86674,1.5527,1.5771,1.5521,1.5271,1.502,1.4693,1.4192,1.3692,1.3191,1.2539,0.86674,1.1788,1.1003,1.0002,0.92267,0.8309,0.73078,0.62572,0.50058,0.39954,0.29942,0.86674,0.1993,0.0927,-0.031827,-0.13194,-0.21228,-0.30127,-0.39336,-0.46844,-0.54353,-0.61862,0.86674,-0.67825,-0.73789,-0.80927,-0.85933,-0.88652,-0.92854,-0.96748,-0.99251,-1.0175,-1.0426,0.86674,-1.0491,-1.0617,-1.0732,-1.0481,-1.0231,-0.99807,-0.97304,-0.95635,-0.95388,-0.92885,0.86674,-0.90382,-0.8788,-0.85377,-0.82874,-0.80371,-0.77868,-0.75365,-0.71719,-0.66713,-0.61707,0.86674,-0.54229,-0.46721,-0.4051,-0.34083,-0.24195,-0.16686,-0.091773,-0.016686,0.067053,0.16439,0.86674,0.23947,0.31456,0.38965,0.46474,0.53982,0.61491,0.69,0.76508,0.84017,0.91526,0.8241,0.87292,0.99034,1.0654,1.1405,1.2023,1.2524,1.3024,1.3525,1.4025,1.4378,1.4628,0.89764,1.4878,1.5129,1.5379,1.5465,1.557,1.5774,1.5774,1.5537,1.5286,1.5036,0.89764,1.4786,1.4532,1.4032,1.3726,1.334,1.2839,1.2338,1.1838,1.1337,1.0685,0.89764,0.98416,0.88745,0.81236,0.71472,0.6146,0.51448,0.40942,0.28428,0.15913,0.052221,0.89764,-0.060255,-0.17891,-0.27964,-0.40479,-0.51016,-0.61027,-0.71039,-0.81051,-0.91062,-1.0107,0.88992,-1.0954,-1.1705,-1.2456,-1.3207,-1.3729,-1.4399,-1.5039,-1.554,-1.604,-1.6297,0.86489,-1.6732,-1.7106,-1.7357,-1.7607,-1.7857,-1.8107,-1.8216,-1.8216,-1.8191,-1.7941,0.83986,-1.769,-1.744,-1.719,-1.6899,-1.6399,-1.5898,-1.5397,-1.4897,-1.4341,-1.359,0.81483,-1.3086,-1.2397,-1.1646,-1.0966,-1.0453,-0.97026,-0.91557,-0.85099,-0.7759,-0.70081,0.7898,-0.62572,-0.57258,-0.50645,-0.42117,-0.32538,-0.25029,-0.1752,-0.10012,-0.025029,0.055929,0.83584,0.7555,0.15604,0.23113,0.30622,0.39459,0.48729,0.56238,0.63747,0.71255,0.78764,0.85377,0.70545,0.90382,0.95388,1.0039,1.054,1.1041,1.1495,1.1745,1.2233,1.2555,1.2805,0.65539,1.3055,1.3306,1.3556,1.3806,1.4056,1.4152,1.3902,1.3652,1.3401,1.3151,0.60533,1.2808,1.2341,1.2091,1.1615,1.1115,1.0506,0.98046,0.9304,0.85624,0.78115,0.55527,0.70606,0.63098,0.55589,0.4808,0.40572,0.33063,0.25554,0.18046,0.10537,0.051603,0.50521,-0.013905,-0.079413,-0.12947,-0.17953,-0.22959,-0.26265,-0.2988,-0.34361,-0.36864,-0.39367,0.45021,-0.41869,-0.44372,-0.46875,-0.49285,-0.49285,-0.51294,-0.52375,-0.52375,-0.52375,-0.52375,0.37513,-0.52375,-0.52375,-0.52375,-0.52375,-0.52375,-0.52375,-0.52375,-0.52375,-0.52375,-0.52375,0.30004,-0.54847,-0.55465,-0.55465,-0.55465,-0.55465,-0.55465,-0.57505,-0.58555,-0.58555,-0.58834,0.22495,-0.61336,-0.61645,-0.63252,-0.64735,-0.65168,-0.67671,-0.67825,-0.69587,0.83584,0.14986,0.074778,-0.000309,-0.075396,-0.17026,-0.25647,-0.33959,-0.43971,-0.53982,-0.63994,0.83584,-0.7246,-0.80927,-0.90939,-1.0095,-1.0868,-1.1788,-1.2678,-1.3429,-1.418,-1.4931,0.83584,-1.5496,-1.5997,-1.6497,-1.6989,-1.7239,-1.7489,-1.7598,-1.7514,-1.7264,-1.7014,0.83584,-1.6763,-1.6513,-1.6164,-1.5663,-1.5163,-1.4662,-1.3988,-1.3352,-1.2796,-1.2045,0.83584,-1.1294,-1.0543,-0.97922,-0.90413,-0.82781,-0.72769,-0.64797,-0.57289,-0.48915,-0.38903,0.84481,-0.28891,-0.21074,-0.11958,-0.019467,0.076323,0.15141,0.24998,0.3501,0.43847,0.51943,0.0,0.0
-2.0465,-1.991,-1.684,-0.75484,-0.73841,-0.72198,-0.70555,-0.68912,-0.68402,-0.66759,-0.65286,-0.64607,-0.64097,-1.6511,-0.6302,-0.61944,-0.61434,-0.60754,-0.60414,-0.59621,-0.58488,-0.58488,-0.57355,-0.57355,-1.6182,-0.56222,-0.56222,-0.56222,-0.55825,-0.55089,-0.55089,-0.54296,-0.53956,-0.53956,-0.53956,-1.5854,-0.53389,-0.52823,-0.52369,-0.5169,-0.5135,-0.50557,-0.50557,-0.4982,-0.4931,-0.4829,-1.5559,-0.47157,-0.47157,-0.46138,-0.45628,-0.44891,-0.44608,-0.43758,-0.42625,-0.41945,-0.40359,-1.5395,-0.40359,-0.39283,-0.39226,-0.39226,-0.39226,-0.38376,-0.38093,-0.37356,-0.3696,-0.36337,-1.5208,-0.35827,-0.35827,-0.35827,-0.34694,-0.34694,-0.3441,-0.33561,-0.32428,-0.32428,-0.31294,-1.4953,-0.31294,-0.30218,-0.30161,-0.30161,-0.30161,-0.29312,-0.29028,-0.29028,-0.29028,-0.28405,-1.4789,-0.27895,-0.27895,-0.26876,-0.26366,-0.25629,-0.24496,-0.23703,-0.2206,-0.20417,-0.18774,-1.4624,-0.17131,-0.15488,-0.13845,-0.12202,-0.10559,-0.089165,-0.072735,-0.056306,-0.039876,-0.023447,-1.9582,-1.446,-0.007018,0.009412,0.025841,0.042271,0.0587,0.07513,0.091559,0.10799,0.12442,0.14085,-1.446,0.15161,0.16238,0.1788,0.19523,0.20033,0.21676,0.23093,0.23829,0.25472,0.27115,-1.446,0.28758,0.29268,0.30911,0.32157,0.33064,0.34423,0.35216,0.35726,0.37369,0.37879,-1.446,0.38955,0.40032,0.41222,0.41222,0.42355,0.42355,0.43488,0.43488,0.43601,0.44621,-1.4369,0.44621,0.44621,0.45641,0.45754,0.45754,0.46037,0.46887,0.46887,0.46887,0.4802,-1.4347,0.4802,0.4802,0.49153,0.49153,0.49493,0.50286,0.50513,0.51419,0.51532,0.52552,-1.4347,0.52552,0.53685,0.53685,0.54818,0.55725,0.56235,0.57084,0.57254,0.58218,0.59351,-1.4347,0.59917,0.60484,0.60937,0.61617,0.6275,0.636,0.64109,0.65016,0.65129,0.66149,-1.4279,0.66149,0.66149,0.67169,0.67282,0.67282,0.67565,0.68415,0.68415,0.69095,0.69548,-1.4233,0.70115,0.70681,0.71134,0.71814,0.72947,0.73797,0.74307,0.7595,0.7646,0.7748,-1.9253,-1.4233,0.78613,0.80256,0.81899,0.83145,0.84051,0.85694,0.87337,0.8881,0.8949,0.9,-1.4233,0.91076,0.92153,0.92663,0.93343,0.94476,0.94476,0.94702,0.95609,0.95609,0.95609,-1.4233,0.95609,0.96119,0.96742,0.97138,0.97875,0.99008,0.99801,1.0014,1.0082,1.0127,-1.4233,1.0184,1.0241,1.0354,1.045,1.0501,1.0666,1.0717,1.0881,1.0932,1.1034,-1.4233,1.1147,1.1198,1.126,1.1374,1.1464,1.1515,1.16,1.1714,1.1782,1.1833,-1.4233,1.1997,1.2161,1.2326,1.2394,1.2541,1.2705,1.2847,1.292,1.3085,1.3249,-1.4233,1.3413,1.3578,1.3742,1.3906,1.407,1.4235,1.4399,1.4563,1.4728,1.4892,-1.4233,1.5056,1.5221,1.5385,1.5549,1.5713,1.5878,1.6042,1.628,1.6484,1.6648,-1.4233,1.6926,1.709,1.7356,1.7572,1.781,1.8002,1.8251,1.8416,1.858,1.8744,-1.4233,1.8909,1.9073,1.9237,1.9305,1.9453,1.9617,1.9781,1.9872,-1.8924,-1.412,-1.412,-1.4018,-1.4007,-1.3916,-1.3865,-1.378,-1.3667,-1.3667,-1.3554,-1.8596,-1.3497,-1.344,-1.3282,-1.3117,-1.2987,-1.2902,-1.276,-1.2687,-1.2636,-1.2472,-1.8267,-1.2421,-1.2256,-1.2194,-1.2081,-1.199,-1.1826,-1.1741,-1.161,-1.1446,-1.1395,-1.7939,-1.1231,-1.1067,-1.1016,-1.0851,-1.0721,-1.0636,-1.0494,-1.0421,-1.0268,-1.0205,-1.761,-1.0041,-0.99278,-0.98259,-0.97012,-0.96106,-0.94746,-0.93953,-0.9248,-0.918,-0.90157,-1.7168,-0.88514,-0.86871,-0.86361,-0.84718,-0.83075,-0.81433,-0.7979,-0.78883,-0.77637,-0.75994,3.0,5.0
-2.1256,-2.0681,-1.8036,-0.81092,-0.80518,-0.80323,-0.7937,-0.7937,-0.78595,-0.78222,-0.77826,-0.76867,-0.75908,-1.7727,-0.74949,-0.74777,-0.74777,-0.74369,-0.73629,-0.736,-0.72641,-0.71683,-0.70724,-0.69765,-1.7346,-0.68806,-0.67847,-0.66889,-0.6593,-0.64351,-0.62864,-0.61905,-0.60947,-0.59988,-0.58208,-1.7058,-0.56922,-0.55963,-0.54752,-0.52898,-0.51939,-0.5098,-0.49378,-0.47914,-0.46956,-0.45922,-1.6691,-0.44005,-0.42931,-0.41318,-0.39865,-0.38907,-0.37948,-0.36989,-0.3603,-0.35071,-0.34113,-1.6368,-0.33154,-0.32195,-0.31236,-0.31145,-0.30467,-0.29996,-0.29996,-0.29887,-0.28928,-0.28848,-1.608,-0.28848,-0.28848,-0.28538,-0.277,-0.277,-0.2681,-0.25851,-0.25403,-0.25082,-0.24123,-1.5793,-0.23164,-0.22206,-0.21247,-0.20288,-0.19329,-0.18227,-0.16309,-0.15305,-0.13623,-0.12239,-1.5505,-0.10936,-0.091733,-0.082145,-0.063314,-0.044139,-0.030418,-0.017271,0.00024,0.009828,0.019415,-1.5217,0.029003,0.038591,0.048178,0.057766,0.067354,0.076941,0.086529,0.090433,0.094222,0.10192,-2.0414,-1.493,0.10192,0.10192,0.10961,0.1134,0.1134,0.1134,0.11351,0.1231,0.12488,0.12488,-1.4703,0.1289,0.13636,0.13659,0.14618,0.15577,0.16535,0.17081,0.17529,0.19412,0.2037,-1.4512,0.21329,0.22288,0.23247,0.24206,0.25164,0.26123,0.27897,0.29189,0.30148,0.31106,-1.4343,0.32065,0.33024,0.33983,0.34941,0.359,0.36601,0.3667,0.37628,0.38587,0.39546,-1.4243,0.40505,0.41463,0.42342,0.42342,0.43191,0.4415,0.45109,0.46068,0.47026,0.47985,-1.4051,0.48944,0.49903,0.50862,0.51528,0.51631,0.5259,0.53548,0.54507,0.55466,0.56425,-1.3941,0.57383,0.58342,0.59301,0.6026,0.61219,0.62177,0.63136,0.64095,0.65054,0.66719,-1.3845,0.68119,0.69078,0.70037,0.70996,0.71954,0.72913,0.73872,0.74831,0.75789,0.76748,-1.3749,0.78626,0.79814,0.80773,0.81732,0.8269,0.83649,0.84608,0.85567,0.86525,0.87484,-1.3703,0.88443,0.89402,0.9036,0.90567,0.9113,0.91715,0.91715,0.91715,0.92668,0.92864,-2.0164,-1.3793,0.92864,0.92864,0.92864,0.92864,0.92864,0.92864,0.92278,0.91715,0.91715,0.91715,-1.3793,0.91715,0.91715,0.91715,0.91715,0.91715,0.91715,0.91715,0.91715,0.92324,0.92864,-1.3793,0.92864,0.92904,0.93862,0.94012,0.94632,0.9516,0.95401,0.96308,0.96308,0.97129,-1.3793,0.97456,0.97898,0.98857,0.99753,0.99753,1.0059,1.0154,1.0205,1.0231,1.0327,-1.3748,1.0423,1.0519,1.0615,1.0711,1.0779,1.0788,1.0884,1.0979,1.1075,1.1171,-1.3678,1.1267,1.1363,1.1459,1.1555,1.1651,1.1746,1.1842,1.1938,1.2034,1.213,-1.3671,1.2226,1.2372,1.2532,1.2628,1.2724,1.282,1.2986,1.3178,1.3337,1.3446,-1.3575,1.3638,1.383,1.4093,1.4328,1.452,1.4726,1.5014,1.521,1.5474,1.5762,-1.3563,1.6049,1.6337,1.6625,1.682,1.7085,1.7373,1.766,1.7948,1.8236,1.843,-1.3498,1.8696,1.8928,1.912,1.9311,1.9503,1.9695,1.9811,1.9907,-1.9876,-1.3448,-1.3421,-1.3326,-1.323,-1.3134,-1.3104,-1.3057,-1.2989,-1.298,-1.2884,-1.9589,-1.2874,-1.2874,-1.2826,-1.276,-1.276,-1.276,-1.276,-1.276,-1.271,-1.2645,-1.9301,-1.2645,-1.2645,-1.2556,-1.253,-1.2479,-1.2383,-1.2288,-1.2192,-1.2096,-1.2,-1.9013,-1.1904,-1.1808,-1.1712,-1.1616,-1.143,-1.131,-1.1161,-1.1003,-1.0893,-1.0701,-1.8726,-1.0601,-1.0432,-1.024,-1.0049,-0.98729,-0.9777,-0.95881,-0.93964,-0.92597,-0.91277,-1.8379,-0.89532,-0.88573,-0.87614,-0.86655,-0.85697,-0.84738,-0.83963,-0.83963,-0.8301,-0.82051,3.0,5.0
-1.734,-1.6739,-1.5835,-0.67901,-0.66896,-0.65891,-0.64886,-0.63881,-0.62876,-0.61871,-0.60866,-0.60401,-0.59856,-1.5734,-0.59401,-0.58846,-0.58402,-0.58402,-0.58402,-0.58402,-0.58402,-0.58402,-0.58991,-0.59401,-1.5634,-0.59401,-0.60006,-0.61011,-0.61401,-0.62021,-0.63026,-0.64031,-0.65036,-0.66041,-0.67046,-1.5533,-0.68051,-0.69056,-0.72041,-0.74066,-0.75071,-0.75401,-0.75401,-0.75401,-0.75401,-0.75401,-1.5433,-0.75401,-0.75401,-0.75401,-0.74686,-0.74401,-0.73676,-0.69751,-0.66931,-0.65661,-0.64656,-1.5325,-0.62901,-0.60891,-0.58881,-0.57637,-0.55862,-0.53852,-0.51842,-0.49832,-0.47822,-0.45812,-1.5132,-0.43802,-0.41792,-0.39782,-0.37772,-0.35762,-0.33752,-0.32572,-0.30732,-0.28722,-0.27557,-1.5031,-0.25702,-0.23693,-0.21683,-0.20538,-0.18663,-0.17528,-0.15643,-0.14518,-0.12623,-0.11508,-1.4931,-0.096029,-0.07593,-0.06493,-0.04573,-0.034831,-0.015531,-0.004732,0.014668,0.025367,0.035417,-1.483,0.045467,0.055517,0.065566,0.075616,0.075966,0.085716,0.085966,0.095815,0.095965,0.095965,-1.6639,-1.472,0.095965,0.10592,0.095965,0.095965,0.095965,0.095715,0.085966,0.085616,0.075566,0.065516,-1.4529,0.055467,0.045417,0.035367,0.022068,-0.036831,-0.07478,-0.084829,-0.094879,-0.10493,-0.11403,-1.4429,-0.11403,-0.11403,-0.11293,-0.10288,-0.094029,-0.092779,-0.082729,-0.07268,-0.05423,0.007418,-1.4328,0.018968,0.039067,0.059167,0.079266,0.10107,0.12946,0.15136,0.17966,0.20166,0.22986,-1.4216,0.25196,0.28006,0.30016,0.32026,0.34256,0.37046,0.39056,0.41066,0.43076,0.45086,-1.4027,0.47095,0.49105,0.51115,0.53125,0.55135,0.5687,0.58155,0.60165,0.62175,0.64185,-1.3927,0.66195,0.68205,0.70215,0.7191,0.73235,0.7492,0.76255,0.7793,0.78935,0.7994,-1.3826,0.80945,0.81949,0.82954,0.83959,0.84594,0.84969,0.85594,0.85979,0.86594,0.86594,-1.3726,0.86594,0.86189,0.85594,0.85179,0.84594,0.84169,0.83164,0.82594,0.82154,0.8115,-1.3625,0.80145,0.7914,0.78135,0.76665,0.75125,0.7412,0.73115,0.7211,0.71105,0.701,-1.6538,-1.3525,0.68095,0.6609,0.65595,0.6611,0.66595,0.66595,0.67125,0.67595,0.68135,0.68595,-1.3424,0.69145,0.7015,0.70595,0.7116,0.72165,0.7317,0.77655,0.81764,0.83774,0.85784,-1.3324,0.87794,0.90409,0.92814,0.95439,0.97834,1.0047,1.0348,1.065,1.0951,1.1253,-1.3223,1.1489,1.1756,1.1991,1.2192,1.2393,1.2594,1.2795,1.2928,1.3097,1.3229,-1.3123,1.3399,1.353,1.3701,1.3831,1.3931,1.4032,1.4132,1.4159,1.4233,1.4334,-1.304,1.4359,1.4435,1.4459,1.4536,1.4559,1.4637,1.4659,1.4659,1.4738,1.4759,-1.304,1.4759,1.4759,1.484,1.4859,1.4859,1.4859,1.4859,1.4859,1.4859,1.4944,-1.304,1.4959,1.4959,1.5045,1.5146,1.5246,1.5347,1.5447,1.5548,1.5648,1.5749,-1.304,1.5939,1.614,1.625,1.6442,1.6551,1.6744,1.6945,1.7146,1.7347,1.7454,-1.3059,1.7649,1.785,1.8051,1.8252,1.8453,1.8654,1.8855,1.8958,-1.6438,-1.314,-1.314,-1.314,-1.314,-1.3162,-1.324,-1.324,-1.324,-1.3264,-1.334,-1.6337,-1.334,-1.3314,-1.324,-1.3213,-1.314,-1.3112,-1.304,-1.3011,-1.2911,-1.281,-1.6237,-1.274,-1.2709,-1.2609,-1.2508,-1.2376,-1.2207,-1.2107,-1.1973,-1.1806,-1.1671,-1.6136,-1.1505,-1.1369,-1.1168,-1.1004,-1.0866,-1.0703,-1.0564,-1.0402,-1.0262,-1.0061,-1.6036,-0.99,-0.9759,-0.9558,-0.93985,-0.92561,-0.90551,-0.88971,-0.87531,-0.85521,-0.83511,-1.5935,-0.81951,-0.80491,-0.78941,-0.77471,-0.75931,-0.74451,-0.72921,-0.71431,-0.69911,-0.68906,5.0,5.0
-1.8881,-1.8365,-1.739,-0.77843,-0.78541,-0.78833,-0.78833,-0.79151,-0.79824,-0.79824,-0.79824,-0.78833,-0.78833,-1.7271,-0.78833,-0.78833,-0.77882,-0.77843,-0.77843,-0.77273,-0.76852,-0.76852,-0.76852,-0.76852,-1.7151,-0.76852,-0.76852,-0.76852,-0.76852,-0.76852,-0.76233,-0.75039,-0.74836,-0.73642,-0.72889,-1.7032,-0.72889,-0.72042,-0.70907,-0.70645,-0.69451,-0.68257,-0.67063,-0.65869,-0.64675,-0.63481,-1.6999,-0.62287,-0.61093,-0.6089,-0.59696,-0.58502,-0.57309,-0.56115,-0.5393,-0.52736,-0.51002,-1.6892,-0.49357,-0.47217,-0.4582,-0.44156,-0.43591,-0.41629,-0.40212,-0.38028,-0.36834,-0.3505,-1.6773,-0.33455,-0.32256,-0.30077,-0.28883,-0.28303,-0.26668,-0.25271,-0.22883,-0.20932,-0.19738,-1.6653,-0.18544,-0.16359,-0.15165,-0.13971,-0.12777,-0.1245,-0.1138,-0.10186,-0.089926,-0.077987,-1.6534,-0.074965,-0.065057,-0.065057,-0.059954,-0.055149,-0.055149,-0.053861,-0.045241,-0.045241,-0.045241,-1.6503,-0.035829,-0.035333,-0.031766,-0.025425,-0.025425,-0.025425,-0.015517,-0.015517,-0.015517,-0.007641,-1.8246,-1.6394,-0.005609,-0.003578,0.004299,0.010392,0.022331,0.024114,0.026393,0.034022,0.034022,0.042394,-1.6275,0.04393,0.04393,0.048488,0.053838,0.053838,0.063746,0.06652,0.078459,0.083562,0.083562,-1.6155,0.09347,0.096492,0.10338,0.10338,0.11249,0.11329,0.11656,0.12319,0.13053,0.1331,-1.6036,0.1445,0.15292,0.15847,0.16283,0.17244,0.18437,0.19631,0.21405,0.2301,0.24204,-1.5917,0.25398,0.26993,0.28172,0.2898,0.31184,0.33349,0.34543,0.36366,0.37921,0.3916,-1.5797,0.413,0.42494,0.44342,0.45873,0.48057,0.48979,0.4993,0.51639,0.53715,0.56008,-1.5678,0.57499,0.59387,0.61284,0.62766,0.6495,0.66144,0.66813,0.68269,0.69726,0.7092,-1.5506,0.72114,0.73308,0.74501,0.74739,0.7573,0.7573,0.7573,0.76508,0.76721,0.76721,-1.5413,0.76721,0.76721,0.76721,0.76721,0.76503,0.7573,0.7573,0.7573,0.74739,0.74739,-1.532,0.74739,0.74739,0.74739,0.74739,0.74739,0.74739,0.74739,0.75616,0.7573,0.76022,-1.8127,-1.52,0.76721,0.77419,0.77712,0.77712,0.78029,0.78702,0.78702,0.78702,0.78702,0.79044,-1.5046,0.79693,0.79693,0.80644,0.81838,0.83032,0.84226,0.8542,0.85638,0.86817,0.8762,-1.4862,0.88214,0.8861,0.89611,0.91018,0.9299,0.94184,0.95377,0.97562,0.98756,1.0039,-1.4667,1.0213,1.0248,1.0353,1.0473,1.0592,1.0711,1.0831,1.095,1.107,1.1189,-1.4525,1.1308,1.1428,1.1448,1.1536,1.1536,1.1536,1.1628,1.1748,1.1867,1.1986,-1.4289,1.2106,1.2131,1.2246,1.2365,1.2484,1.2681,1.2822,1.296,1.3199,1.3437,-1.4088,1.3676,1.3915,1.4112,1.4194,1.4433,1.4672,1.4911,1.515,1.5388,1.5691,-1.391,1.5965,1.6204,1.6468,1.678,1.6886,1.706,1.72,1.7438,1.7629,1.7817,-1.3672,1.8056,1.8195,1.8434,1.8622,1.8741,1.8952,1.898,1.9099,1.9219,1.9338,-1.3433,1.9363,1.9478,1.9597,1.9717,1.9836,1.9955,2.0057,2.0057,-1.8007,-1.3135,-1.3054,-1.2816,-1.2577,-1.2338,-1.2099,-1.186,-1.1622,-1.1466,-1.1248,-1.7888,-1.1128,-1.1054,-1.0923,-1.077,-1.0651,-1.0531,-1.0459,-1.0459,-1.0371,-1.036,-1.7768,-1.036,-1.031,-1.0261,-1.0171,-1.015,-1.0063,-1.0011,-0.98912,-0.97718,-0.96668,-1.7692,-0.96321,-0.95127,-0.93933,-0.92739,-0.91377,-0.89361,-0.88167,-0.86195,-0.84788,-0.83594,-1.7629,-0.824,-0.81806,-0.81003,-0.808,-0.79824,-0.79403,-0.78209,-0.77015,-0.76812,-0.75861,-1.7509,-0.75861,-0.75861,-0.75861,-0.75861,-0.75861,-0.76332,-0.76852,-0.76852,-0.77843,-0.77843,3.0,5.0
-0.85651,-0.88314,-0.90242,-0.85651,-0.81656,-0.78794,-0.76131,-0.73468,-0.70805,-0.68142,-0.65478,-0.62815,-0.61423,-0.91114,-0.60091,-0.57887,-0.55897,-0.54566,-0.53234,-0.51903,-0.50571,-0.4924,-0.47908,-0.46577,-0.91773,-0.45245,-0.43914,-0.42582,-0.41251,-0.39919,-0.38587,-0.37256,-0.35924,-0.34593,-0.33261,-0.91773,-0.3193,-0.30598,-0.30552,-0.29466,-0.28134,-0.26803,-0.25471,-0.24139,-0.22808,-0.21476,-0.92048,-0.20145,-0.17788,-0.15951,-0.13992,-0.11329,-0.08666,-0.060029,-0.033399,0.004864,0.035168,-0.93303,0.069452,0.10373,0.13404,0.1723,0.19893,0.23857,0.2675,0.30316,0.33607,0.36775,-0.93303,0.40463,0.43126,0.45789,0.49692,0.52646,0.55309,0.57972,0.60635,0.63298,0.65962,-0.94512,0.68625,0.71288,0.73951,0.76614,0.79277,0.81557,0.83073,0.85736,0.88399,0.91062,-0.94834,0.92807,0.94857,0.97,0.98653,1.0119,1.0253,1.0511,1.0672,1.0891,1.1091,-0.94834,1.127,1.1511,1.165,1.1916,1.2183,1.2349,1.2562,1.2769,1.2942,1.3188,-0.88712,-0.95446,1.3321,1.3588,1.3741,1.3874,1.408,1.4293,1.446,1.4712,1.4846,1.4979,-0.96364,1.5219,1.5398,1.5531,1.5664,1.5798,1.5931,1.6064,1.6076,1.6177,1.6229,-0.96364,1.6229,1.6229,1.6229,1.6228,1.6094,1.6076,1.5981,1.5848,1.577,1.5735,-0.96364,1.5602,1.5469,1.5335,1.5202,1.5069,1.4867,1.465,1.4487,1.423,1.4097,-0.96364,1.3842,1.3575,1.3309,1.3043,1.2776,1.251,1.2241,1.1841,1.1558,1.1292,-0.97512,1.0949,1.0606,1.0303,0.99204,0.96541,0.92577,0.89684,0.86118,0.82828,0.80165,-0.97895,0.77195,0.73308,0.70645,0.67982,0.65319,0.62656,0.59993,0.57773,0.56197,0.53534,-0.98645,0.50871,0.49386,0.48055,0.45942,0.43861,0.42529,0.41198,0.39866,0.37219,0.35673,-0.99425,0.34341,0.3301,0.31678,0.30347,0.29015,0.27684,0.26352,0.2502,0.23689,0.22357,-0.99777,0.21485,0.21225,0.19893,0.18562,0.18424,0.17429,0.16098,0.15363,0.15363,0.15164,-0.88712,-1.0111,0.13832,0.13832,0.14965,0.15363,0.15363,0.15363,0.157,0.16893,0.16893,0.16893,-1.0244,0.16893,0.16893,0.17567,0.18424,0.18424,0.18424,0.18424,0.19633,0.19954,0.19954,-1.0891,0.20567,0.21485,0.21485,0.21485,0.21485,0.22633,0.23015,0.23015,0.23566,0.24546,-1.1123,0.24546,0.24546,0.24546,0.25633,0.26076,0.26076,0.26076,0.26076,0.26076,0.26076,-1.1256,0.26076,0.27102,0.27607,0.27607,0.27607,0.27607,0.27607,0.27607,0.2877,0.29138,-1.1389,0.29138,0.29138,0.29138,0.29138,0.29138,0.29138,0.29138,0.29138,0.29138,0.29138,-1.1816,0.29138,0.29138,0.29138,0.29138,0.29138,0.29138,0.29138,0.29138,0.29138,0.29138,-1.2603,0.29138,0.29138,0.29138,0.29138,0.29138,0.29138,0.28954,0.27622,0.27607,0.27607,-1.2869,0.27607,0.27607,0.27607,0.27607,0.27607,0.27607,0.27607,0.26551,0.26076,0.26076,-1.3135,0.26076,0.26076,0.26076,0.26076,0.26076,0.26076,0.25281,0.24546,-0.89446,-1.3401,-1.3668,-1.4182,-1.466,-1.4969,-1.5414,-1.6071,-1.6337,-1.672,-1.7505,-0.90242,-1.8054,-1.8547,-1.9346,-2.0078,-2.0344,-2.1,-2.1666,-2.2151,-2.2269,-2.2187,-0.90242,-2.2156,-2.2023,-2.189,-2.1756,-2.1623,-2.1406,-2.114,-2.0918,-2.076,-2.0494,-0.90242,-2.0228,-1.9843,-1.9542,-1.9197,-1.8856,-1.8552,-1.8152,-1.7753,-1.7353,-1.6954,-0.90242,-1.6554,-1.6155,-1.5755,-1.5356,-1.4944,-1.4412,-1.4004,-1.3605,-1.3206,-1.2806,-0.90242,-1.2407,-1.2007,-1.1608,-1.1208,-1.0809,-1.0409,-1.001,-0.96104,-0.92507,-0.89645,4.0,4.0
-0.042553,-0.042553,-0.042553,1.3457,1.3833,1.4067,1.4237,1.4237,1.4319,1.4507,1.4549,1.4527,1.4339,-0.042553,1.4065,1.3689,1.3463,1.3249,1.2874,1.2408,1.1844,1.128,1.0687,0.99348,-0.042553,0.9183,0.84311,0.76793,0.68604,0.57326,0.47024,0.37626,0.26614,0.15336,0.040585,-0.042553,-0.082329,-0.2139,-0.32894,-0.44171,-0.55449,-0.66726,-0.78004,-0.87589,-0.96987,-1.0638,-0.042553,-1.1469,-1.2221,-1.2973,-1.3626,-1.4002,-1.4491,-1.5055,-1.5265,-1.5506,-1.5882,-0.042553,-1.6024,-1.6024,-1.6205,-1.6279,-1.6091,-1.5903,-1.5715,-1.5527,-1.5278,-1.4902,-0.042553,-1.4402,-1.3838,-1.3274,-1.2645,-1.1893,-1.1142,-1.039,-0.96378,-0.88174,-0.78776,-0.042553,-0.69378,-0.59894,-0.48617,-0.38065,-0.28667,-0.17904,-0.066263,0.046513,0.15929,0.27206,-0.042553,0.38484,0.49598,0.58995,0.69197,0.80474,0.88866,0.96587,1.0599,1.137,1.1934,-0.042553,1.2646,1.3349,1.3725,1.4189,1.4753,1.5013,1.5229,1.5605,1.5889,1.6077,-0.042553,-0.042553,1.6109,1.6109,1.6109,1.6013,1.5825,1.5637,1.5413,1.5037,1.4561,1.3997,-0.042553,1.3433,1.283,1.2078,1.1326,1.0574,0.96548,0.8715,0.77752,0.67278,0.56001,-0.034598,0.44723,0.3297,0.19813,0.077709,-0.035066,-0.14784,-0.26062,-0.37339,-0.48617,-0.59894,-0.015802,-0.69378,-0.78222,-0.8574,-0.93259,-1.0078,-1.083,-1.1522,-1.2086,-1.265,-1.3214,-0.011357,-1.359,-1.3966,-1.4342,-1.4718,-1.5091,-1.5279,-1.5467,-1.5655,-1.5712,-1.5712,-0.013307,-1.5712,-1.5641,-1.5453,-1.5265,-1.5066,-1.469,-1.4239,-1.3675,-1.3112,-1.2533,-0.032103,-1.1781,-1.1029,-1.0277,-0.93828,-0.84617,-0.77099,-0.68754,-0.59356,-0.49958,-0.4056,-0.050898,-0.31162,-0.21764,-0.12366,-0.029685,0.061643,0.13683,0.22106,0.31504,0.39357,0.46876,-0.069694,0.54394,0.61912,0.69431,0.78532,0.87244,0.92883,0.99504,1.0702,1.1454,1.2168,-0.08849,1.2732,1.3295,1.3859,1.4423,1.4945,1.5321,1.5591,1.5779,1.6137,1.6467,-0.042553,-0.10729,1.6655,1.6733,1.6733,1.6733,1.6733,1.6733,1.6619,1.6431,1.6243,1.6055,-0.12608,1.5867,1.5679,1.5491,1.5303,1.5057,1.4681,1.4305,1.393,1.3368,1.2866,-0.15361,1.249,1.1988,1.1424,1.0861,1.0297,0.97328,0.90395,0.82876,0.75358,0.68534,-0.1912,0.62895,0.57256,0.51524,0.44006,0.3722,0.31582,0.27315,0.23424,0.17785,0.12918,-0.21367,0.091591,0.068116,0.047604,0.010013,-0.019468,-0.038264,-0.071566,-0.10705,-0.12585,-0.14464,-0.23792,-0.16344,-0.18224,-0.20103,-0.21983,-0.23862,-0.25742,-0.26093,-0.26093,-0.26093,-0.26093,-0.29431,-0.26093,-0.26093,-0.26093,-0.26093,-0.26093,-0.26093,-0.26093,-0.26093,-0.26093,-0.26093,-0.34157,-0.26093,-0.27738,-0.29213,-0.29213,-0.29213,-0.29213,-0.29213,-0.29657,-0.31537,-0.32332,-0.37916,-0.32332,-0.32332,-0.32332,-0.32332,-0.33455,-0.35335,-0.35452,-0.35452,-0.35452,-0.35452,-0.4478,-0.35452,-0.35452,-0.35452,-0.35452,-0.36653,-0.38532,-0.38571,-0.39172,-0.042553,-0.51986,-0.57625,-0.63263,-0.68902,-0.76132,-0.8365,-0.91169,-0.98687,-1.0621,-1.1209,-0.042553,-1.1812,-1.2564,-1.3213,-1.3777,-1.4174,-1.4593,-1.5157,-1.5507,-1.5695,-1.6053,-0.042553,-1.6336,-1.6336,-1.6114,-1.5738,-1.5362,-1.4986,-1.4611,-1.412,-1.3556,-1.2814,-0.042553,-1.2062,-1.131,-1.044,-0.94998,-0.856,-0.76202,-0.66804,-0.57406,-0.48008,-0.3861,-0.042553,-0.28589,-0.17311,-0.07297,0.021243,0.13402,0.24016,0.33414,0.44115,0.5533,0.64728,-0.042553,0.74126,0.83524,0.9158,0.99099,1.0662,1.1339,1.1903,1.2329,1.2705,1.3081,0.0,0.0
-2.0876,-1.9733,-1.6988,-0.76599,-0.75559,-0.7452,-0.73481,-0.72441,-0.71402,-0.70363,-0.69323,-0.68284,-0.67245,-1.6676,-0.66205,-0.65166,-0.65051,-0.64371,-0.63331,-0.62484,-0.62484,-0.62484,-0.6174,-0.61201,-1.6457,-0.60945,-0.59918,-0.59918,-0.59918,-0.59918,-0.59918,-0.59841,-0.58802,-0.58635,-0.58006,-1.6249,-0.57352,-0.57211,-0.56171,-0.56069,-0.55376,-0.54337,-0.53297,-0.52258,-0.52219,-0.51462,-1.5998,-0.50423,-0.49384,-0.48344,-0.47305,-0.46266,-0.45226,-0.44187,-0.43148,-0.42108,-0.41069,-1.5724,-0.4003,-0.3899,-0.38105,-0.38105,-0.37156,-0.36116,-0.35539,-0.35539,-0.35539,-0.35539,-1.562,-0.34769,-0.34256,-0.34256,-0.34256,-0.34256,-0.34256,-0.34256,-0.33909,-0.32973,-0.32973,-1.5418,-0.32973,-0.32973,-0.32562,-0.3169,-0.3169,-0.30727,-0.30406,-0.29932,-0.28892,-0.27853,-1.521,-0.26814,-0.25774,-0.24735,-0.23696,-0.22656,-0.21617,-0.20578,-0.19538,-0.1814,-0.16177,-1.5052,-0.15137,-0.13187,-0.11776,-0.10736,-0.095173,-0.074386,-0.063351,-0.052958,-0.037689,-0.01934,-1.9305,-1.4948,-0.008947,0.001446,0.01184,0.022233,0.032626,0.043019,0.053413,0.063806,0.074199,0.080871,-1.4844,0.082154,0.092548,0.10294,0.11333,0.11936,0.12129,0.13168,0.14208,0.14503,0.14503,-1.474,0.14503,0.14503,0.14503,0.14503,0.15067,0.15786,0.15863,0.16902,0.17069,0.17698,-1.4636,0.18737,0.19776,0.20816,0.21855,0.22894,0.23934,0.24973,0.26012,0.28052,0.29374,-1.4532,0.30927,0.32736,0.33801,0.35879,0.37137,0.38754,0.40499,0.41538,0.42577,0.44502,-1.446,0.45939,0.46978,0.48018,0.49057,0.50096,0.51136,0.52175,0.53214,0.54254,0.55293,-1.446,0.56332,0.56846,0.57128,0.58167,0.59207,0.59412,0.60002,0.61041,0.61978,0.61978,-1.446,0.62876,0.63261,0.63261,0.63428,0.64467,0.64544,0.65263,0.66302,0.67111,0.67111,-1.4373,0.68137,0.69176,0.70216,0.71255,0.72294,0.73334,0.74373,0.75412,0.76811,0.78774,-1.4332,0.79813,0.80853,0.81892,0.83355,0.85254,0.86293,0.87333,0.89103,0.90694,0.91734,-1.9042,-1.4332,0.92773,0.94852,0.96135,0.97174,0.98521,1.0054,1.0158,1.0261,1.0365,1.0469,-1.4318,1.0573,1.0677,1.0689,1.0757,1.0861,1.0945,1.0945,1.1044,1.1074,1.1124,-1.4214,1.1202,1.1203,1.1307,1.133,1.1387,1.1459,1.1459,1.1459,1.1459,1.1459,-1.411,1.1459,1.1459,1.1459,1.1552,1.1587,1.1587,1.1607,1.1711,1.1715,1.1791,-1.4075,1.1844,1.187,1.1974,1.2078,1.21,1.2158,1.2262,1.2366,1.247,1.2574,-1.4031,1.2678,1.2742,1.2757,1.2861,1.2965,1.2998,1.3045,1.3127,1.3127,1.3228,-1.3927,1.3255,1.3308,1.3383,1.3387,1.3491,1.3512,1.3571,1.3675,1.3778,1.3882,-1.3823,1.3986,1.409,1.4194,1.4298,1.4402,1.4506,1.461,1.4761,1.4946,1.505,-1.3719,1.5257,1.5464,1.5726,1.6009,1.6216,1.6424,1.6717,1.7029,1.734,1.7652,-1.3615,1.7964,1.8276,1.8654,1.907,1.9486,1.9902,2.0415,2.0861,-1.8731,-1.3511,-1.3407,-1.3303,-1.3199,-1.3095,-1.2991,-1.2921,-1.2912,-1.2808,-1.2704,-1.8419,-1.26,-1.2496,-1.2392,-1.2288,-1.2184,-1.208,-1.1976,-1.1872,-1.1768,-1.1563,-1.8107,-1.1432,-1.1328,-1.1224,-1.112,-1.1017,-1.0996,-1.0937,-1.0868,-1.0868,-1.0868,-1.7795,-1.0868,-1.0868,-1.0868,-1.0851,-1.0747,-1.0739,-1.0739,-1.0692,-1.0588,-1.0484,-1.7483,-1.038,-1.0276,-1.0172,-1.0068,-0.99644,-0.98604,-0.96718,-0.95242,-0.94203,-0.93048,-1.7209,-0.9097,-0.89802,-0.88095,-0.8644,-0.85401,-0.84362,-0.82347,-0.81,-0.7996,-0.78677,3.0,5.0
0.85077,0.81781,0.70902,-1.4527,-1.4527,-1.4527,-1.4527,-1.4527,-1.4297,-1.4173,-1.3992,-1.3663,-1.3333,0.70902,-1.3004,-1.2674,-1.2344,-1.2015,-1.1685,-1.1356,-1.1026,-1.0696,-1.0105,-0.96829,0.70335,-0.91407,-0.86694,-0.81768,-0.76558,-0.72129,-0.65537,-0.59583,-0.55898,-0.49306,-0.42714,0.67358,-0.39312,-0.33075,-0.26484,-0.22337,-0.16844,-0.12202,-0.07205,-0.006134,0.059782,0.11613,0.67358,0.15617,0.22209,0.28801,0.35392,0.41984,0.45563,0.51623,0.58215,0.64806,0.69378,0.67358,0.74446,0.79513,0.84085,0.89649,0.93724,1.0032,1.0662,1.0996,1.1655,1.2006,0.64239,1.2619,1.3019,1.3583,1.4033,1.4362,1.4692,1.5021,1.5351,1.568,1.601,0.63814,1.634,1.6669,1.6999,1.7328,1.7658,1.7988,1.8076,1.8292,1.8431,1.8264,0.63814,1.7934,1.7722,1.763,1.73,1.6928,1.6286,1.5957,1.5305,1.4646,1.3987,0.63814,1.3327,1.2668,1.2009,1.135,1.0542,0.96772,0.89188,0.80045,0.73453,0.66862,0.78486,0.61688,0.6027,0.50383,0.43543,0.34152,0.26816,0.20224,0.11577,0.034975,-0.046534,-0.1323,0.6027,-0.20884,-0.29957,-0.36548,-0.43459,-0.53275,-0.59867,-0.69577,-0.76594,-0.83185,-0.89777,0.6027,-0.96369,-1.0296,-1.0955,-1.1614,-1.216,-1.2578,-1.3174,-1.3503,-1.3847,-1.4506,0.58888,-1.4846,-1.5176,-1.5505,-1.5591,-1.581,-1.614,-1.6299,-1.6299,-1.642,-1.6654,0.56726,-1.6583,-1.6299,-1.6278,-1.5948,-1.5945,-1.5644,-1.5314,-1.4985,-1.4882,-1.468,0.56726,-1.435,-1.4021,-1.3563,-1.2904,-1.2323,-1.1994,-1.1636,-1.098,-1.065,-1.0013,0.56726,-0.96369,-0.90486,-0.83894,-0.79393,-0.74255,-0.67663,-0.61072,-0.5448,-0.47889,-0.41297,0.56336,-0.34705,-0.2822,-0.24924,-0.18474,-0.11883,-0.052913,0.013003,0.078919,0.14483,0.21075,0.53182,0.27667,0.34258,0.4085,0.47441,0.54033,0.60625,0.67216,0.73808,0.77422,0.83447,0.53182,0.90039,0.9663,1.0124,1.0627,1.1286,1.1821,1.225,1.2909,1.3519,1.3873,0.77989,0.53182,1.4532,1.4862,1.5191,1.5801,1.6205,1.6535,1.6864,1.7194,1.7523,1.7853,0.50241,1.8076,1.7995,1.7665,1.7335,1.7006,1.6676,1.6347,1.6017,1.5425,1.5004,0.49639,1.4674,1.4157,1.3497,1.2838,1.2179,1.152,1.0861,1.0163,0.91881,0.8529,0.49639,0.78698,0.69165,0.59278,0.51836,0.43047,0.35109,0.26816,0.18382,0.10585,0.016547,0.47441,-0.049369,-0.11529,-0.1812,-0.24712,-0.31303,-0.37895,-0.44486,-0.48562,-0.54126,-0.60717,0.46095,-0.65537,-0.70357,-0.75672,-0.78968,-0.82264,-0.8556,-0.88856,-0.92151,-0.95447,-0.92577,0.46095,-0.92116,-0.89529,-0.88572,-0.86481,-0.85028,-0.83433,-0.81484,-0.80386,-0.7794,-0.7794,0.44642,-0.77586,-0.74397,-0.74397,-0.74397,-0.74397,-0.74397,-0.71987,-0.70853,-0.70853,-0.70853,0.42551,-0.70853,-0.70853,-0.70853,-0.70853,-0.70853,-0.70676,-0.6738,-0.67309,-0.67309,-0.67309,0.42551,-0.64828,-0.63765,-0.63765,-0.62029,-0.60221,-0.60221,-0.59229,-0.56677,0.77989,0.42551,0.42551,0.42551,0.42551,0.3929,0.39007,0.39007,0.39007,0.39007,0.39007,0.75686,0.39007,0.37483,0.34187,0.30892,0.27596,0.243,0.21004,0.17708,0.14413,0.11117,0.74446,0.07821,0.045252,0.012294,-0.041573,-0.08906,-0.12202,-0.15498,-0.19892,-0.25633,-0.28929,0.74446,-0.32579,-0.39064,-0.4236,-0.4881,-0.52496,-0.55791,-0.61497,-0.65927,-0.71136,-0.76062,0.72886,-0.80776,-0.86198,-0.89493,-0.93463,-0.99629,-1.0292,-1.0622,-1.0952,-1.1281,-1.1611,0.70902,-1.194,-1.227,-1.26,-1.2929,-1.3259,-1.3588,-1.3819,-1.3893,-1.4173,-1.4198,0.0,0.0
-0.087747,-0.087747,-0.11406,0.28068,0.34147,0.40226,0.46305,0.52384,0.58463,0.64542,0.70621,0.767,0.82779,-0.11406,0.88858,0.94398,0.98385,1.0446,1.0878,1.1399,1.1749,1.2316,1.2696,1.3187,-0.11406,1.3491,1.3795,1.4099,1.4403,1.4707,1.5011,1.5315,1.5619,1.5923,1.5965,-0.11406,1.5925,1.5621,1.5439,1.5277,1.4973,1.4425,1.4081,1.3473,1.2762,1.1994,-0.11406,1.1202,1.029,0.96385,0.84661,0.75542,0.66424,0.55647,0.45555,0.36437,0.27318,-0.11406,0.18199,0.090809,-0.000377,-0.091563,-0.18275,-0.27393,-0.36512,-0.45631,-0.54749,-0.63868,-0.11406,-0.72986,-0.79592,-0.88592,-0.97013,-1.0309,-1.1068,-1.1788,-1.2163,-1.2741,-1.3297,-0.11406,-1.3601,-1.4038,-1.4472,-1.4562,-1.4817,-1.5088,-1.5162,-1.5351,-1.5351,-1.5155,-0.11406,-1.5088,-1.4811,-1.4507,-1.4203,-1.3899,-1.3417,-1.3028,-1.2724,-1.2157,-1.1775,-0.11406,-1.1167,-1.0559,-0.99513,-0.93434,-0.87355,-0.80684,-0.72565,-0.65078,-0.57775,-0.51696,-0.087747,-0.11143,-0.42986,-0.36499,-0.28196,-0.20893,-0.13406,-0.052878,0.038308,0.10318,0.18805,0.25923,-0.087747,0.33594,0.41529,0.48384,0.57095,0.63621,0.71884,0.77964,0.85714,0.92753,0.98832,-0.087747,1.0491,1.1166,1.197,1.2578,1.3186,1.3564,1.4139,1.4746,1.5265,1.5569,-0.087747,1.6044,1.644,1.6744,1.7048,1.7352,1.7544,1.7697,1.8,1.807,1.7795,-0.087747,1.7491,1.7187,1.6883,1.6404,1.5796,1.5189,1.4283,1.3446,1.2607,1.1548,-0.06472,1.0636,0.94859,0.85332,0.73174,0.6199,0.51489,0.39331,0.29371,0.17647,0.081203,-0.06143,-0.032483,-0.13564,-0.24117,-0.35249,-0.44986,-0.56736,-0.65855,-0.75986,-0.86723,-0.95842,-0.066299,-1.0496,-1.1407,-1.2014,-1.2622,-1.323,-1.3838,-1.4446,-1.4808,-1.5375,-1.5679,-0.096694,-1.5983,-1.6141,-1.6141,-1.5913,-1.5604,-1.5042,-1.4738,-1.4307,-1.3699,-1.3091,-0.12709,-1.2483,-1.1875,-1.1199,-1.0396,-0.96381,-0.87263,-0.78144,-0.71657,-0.62539,-0.5342,-0.087747,-0.15748,-0.44302,-0.35183,-0.26064,-0.16946,-0.081431,-0.013403,0.077782,0.16897,0.24068,0.32502,-0.18788,0.38989,0.47568,0.53647,0.59726,0.65805,0.71884,0.80543,0.84043,0.90122,0.96201,-0.21828,1.0228,1.0836,1.1444,1.1789,1.2396,1.2906,1.3349,1.3777,1.4081,1.4646,-0.2517,1.4952,1.5256,1.556,1.5864,1.6168,1.6471,1.6512,1.6754,1.6652,1.6348,-0.30538,1.6044,1.5515,1.517,1.4562,1.387,1.3083,1.231,1.1398,1.0486,0.9599,-0.34696,0.89253,0.80135,0.71016,0.61897,0.55068,0.46292,0.37647,0.31568,0.242,0.16778,-0.39249,0.10699,0.046203,-0.014588,-0.068404,-0.10985,-0.15551,-0.18591,-0.2163,-0.2467,-0.27709,-0.44223,-0.28907,-0.25867,-0.22828,-0.21933,-0.21933,-0.21933,-0.21933,-0.21933,-0.21933,-0.21933,-0.47959,-0.21933,-0.22078,-0.24564,-0.25525,-0.27196,-0.27196,-0.2938,-0.29828,-0.29828,-0.29828,-0.53749,-0.29828,-0.29828,-0.29828,-0.29828,-0.32459,-0.32459,-0.33459,-0.36499,-0.087747,-0.59302,-0.63276,-0.69355,-0.75434,-0.81513,-0.87592,-0.93671,-0.99,-1.0204,-1.0508,-0.10814,-1.1009,-1.1379,-1.1683,-1.1987,-1.2291,-1.2595,-1.272,-1.2939,-1.3243,-1.3547,-0.11406,-1.3851,-1.4036,-1.4196,-1.4299,-1.4541,-1.4582,-1.4825,-1.4825,-1.4683,-1.4379,-0.11406,-1.4075,-1.4034,-1.373,-1.3426,-1.3122,-1.2654,-1.2251,-1.1947,-1.1357,-1.0813,-0.11406,-1.0404,-0.9796,-0.91881,-0.83526,-0.77092,-0.71012,-0.64933,-0.58854,-0.52775,-0.46696,-0.11406,-0.40617,-0.34538,-0.28459,-0.21288,-0.13669,-0.075904,0.008044,0.071993,0.13278,0.20265,0.0,0.0
1.0541,1.0541,1.094,0.81507,0.70471,0.59434,0.47093,0.33376,0.2234,-0.08061,-0.47158,-0.55435,-0.65635,1.094,-0.75974,-0.84252,-0.90298,-0.96823,-1.051,-1.1084,-1.1636,-1.2178,-1.2454,-1.2893,1.094,-1.3405,-1.3681,-1.3956,-1.4232,-1.4508,-1.456,-1.4662,-1.4938,-1.4959,-1.4959,1.0939,-1.4959,-1.4959,-1.4795,-1.4519,-1.4243,-1.3967,-1.3692,-1.3416,-1.314,-1.2761,1.0663,-1.2209,-1.1658,-1.1106,-1.0543,-0.97151,-0.88874,-0.80596,-0.72319,-0.64041,-0.55764,0.93062,-0.47486,-0.36948,-0.26947,-0.18669,-0.10392,-0.007696,0.10148,0.18425,0.26703,0.3498,0.72901,0.43258,0.51535,0.59813,0.6809,0.76368,0.84645,0.92923,1.012,1.0812,1.1364,0.67383,1.1916,1.2468,1.302,1.3571,1.3926,1.4127,1.4127,1.4355,1.4526,1.4526,0.60012,1.3231,1.2261,1.1625,0.94178,0.80472,0.72194,0.63917,0.55639,0.47361,0.39084,0.52362,0.28515,0.18545,0.10267,-0.006102,-0.10272,-0.20044,-0.55913,-0.74948,-0.83226,-0.91504,1.0541,0.46844,-0.97789,-1.0331,-1.0883,-1.1434,-1.1879,-1.2155,-1.243,-1.2706,-1.2982,-1.3258,0.39164,-1.3365,-1.3365,-1.3365,-1.3365,-1.3365,-1.3365,-1.3134,-1.2966,-1.2966,-1.2704,0.30886,-1.2289,-1.1754,-1.1478,-1.1032,-1.048,-0.99283,-0.91753,-0.83475,-0.75198,-0.6692,0.22609,-0.57547,-0.4651,-0.38103,-0.28421,-0.17384,-0.063477,0.029757,0.11741,0.22778,0.31793,0.14331,0.40867,0.51904,0.60609,0.68887,0.77165,0.85442,0.9372,1.02,1.1027,1.1683,0.060536,1.2285,1.3112,1.3737,1.4289,1.484,1.5158,1.5434,1.571,1.5986,1.6119,-0.022239,1.6119,1.6119,1.5946,1.567,1.5394,1.5118,1.4761,1.4209,1.2952,1.191,-0.10501,1.1358,1.054,0.98561,0.92205,0.7565,0.66068,0.60032,0.51754,0.41425,0.31215,-0.18779,0.22937,0.1466,0.063823,-0.018952,-0.10173,-0.1845,-0.26728,-0.35005,-0.43283,-0.55784,-0.26728,-0.86135,-0.97928,-1.0345,-1.0896,-1.1448,-1.2,-1.2552,-1.2836,-1.3112,-1.3388,1.0541,-0.32246,-1.3664,-1.394,-1.4215,-1.4491,-1.4767,-1.4959,-1.4959,-1.4959,-1.4959,-1.4959,-0.39627,-1.4959,-1.4812,-1.4536,-1.426,-1.3984,-1.3708,-1.3433,-1.3157,-1.2881,-1.2605,-0.47905,-1.2329,-1.1936,-1.1385,-1.1103,-1.0827,-1.0526,-0.99741,-0.94223,-0.88705,-0.83186,-0.56182,-0.77668,-0.72149,-0.66631,-0.61113,-0.55594,-0.50076,-0.44558,-0.39039,-0.33521,-0.28003,-0.62288,-0.22484,-0.16966,-0.11448,-0.059294,-0.00411,0.051073,0.10626,0.14959,0.17718,0.23196,-0.67807,0.27221,0.2998,0.32739,0.35498,0.38257,0.41016,0.43776,0.45648,0.45648,0.43228,-0.73325,0.41664,0.41664,0.41664,0.4016,0.37679,0.37679,0.35867,0.33695,0.33695,0.33695,-0.76363,0.32799,0.30039,0.29711,0.28505,0.25746,0.25726,0.25726,0.25438,0.22678,0.21742,-0.79122,0.21742,0.21742,0.21742,0.21742,0.21742,0.21742,0.21742,0.21742,0.21742,0.21742,-0.81881,0.21742,0.21742,0.21742,0.21742,0.21742,0.196,0.17758,0.17758,1.0541,-0.8464,-0.874,-0.8982,-0.8982,-0.8982,-0.89173,-0.86413,-0.85836,-0.8488,-0.8212,1.0726,-0.76871,-0.72618,-0.69819,-0.643,-0.57208,-0.49279,-0.43761,-0.3636,-0.28082,-0.19805,1.094,-0.09336,0.017007,0.12737,0.23774,0.34811,0.45847,0.56884,0.67921,0.79316,0.93112,1.094,1.0502,1.1605,1.2709,1.3592,1.442,1.5248,1.6076,1.6903,1.7725,1.8277,1.094,1.8669,1.8982,1.9534,1.9896,2.0104,2.0104,2.0104,2.0104,2.0104,2.0104,1.094,1.9974,1.9705,1.9705,1.7941,1.5209,1.4381,1.298,1.1462,1.0358,0.92544,2.0,2.0
-0.087922,-0.087922,-0.13493,-0.68722,-0.65044,-0.62106,-0.58863,-0.55185,-0.51507,-0.47829,-0.44151,-0.40449,-0.35619,-0.14668,-0.31941,-0.27423,-0.23081,-0.18557,-0.13704,-0.088803,-0.033633,0.009787,0.064957,0.12013,-0.14668,0.1753,0.23047,0.29657,0.35256,0.40843,0.47465,0.53205,0.59674,0.66366,0.72923,-0.15843,0.79751,0.8646,0.93816,0.99997,1.0652,1.1353,1.199,1.266,1.3325,1.3943,-0.16912,1.455,1.518,1.5771,1.6229,1.6756,1.72,1.7685,1.8053,1.842,1.8788,-0.17576,1.9068,1.9369,1.9553,1.9737,1.9921,2.0037,2.0054,2.0155,2.0037,2.0037,-0.19368,1.9638,1.9454,1.9021,1.8487,1.812,1.7282,1.6914,1.5841,1.5365,1.487,-0.20079,1.4379,1.3828,1.3297,1.2842,1.229,1.1635,1.1069,1.04,0.97812,0.90456,-0.21918,0.831,0.76919,0.69563,0.62207,0.54851,0.47494,0.40244,0.33957,0.26601,0.19245,-0.24621,0.11889,0.045333,-0.028227,-0.10179,-0.17535,-0.24891,-0.32247,-0.39245,-0.45784,-0.58099,-0.099673,-0.26771,-0.72247,-0.77764,-0.83128,-0.87623,-0.91659,-0.95337,-0.98557,-1.004,-1.0341,-1.0515,-0.2861,-1.0591,-1.0658,-1.075,-1.075,-1.0643,-1.0577,-1.0393,-1.0209,-1.0005,-0.97235,-0.31624,-0.93869,-0.91207,-0.87688,-0.8284,-0.79156,-0.75478,-0.7099,-0.66947,-0.63269,-0.58416,-0.33463,-0.53622,-0.4928,-0.43857,-0.39421,-0.35079,-0.29562,-0.24045,-0.18528,-0.12458,-0.063186,-0.35302,-0.000965,0.058905,0.11408,0.181,0.23617,0.30309,0.36989,0.4317,0.49351,0.55902,-0.38316,0.62594,0.69069,0.7525,0.81496,0.87612,0.93705,0.99222,1.0474,1.1026,1.1577,-0.40155,1.2129,1.2916,1.3699,1.4137,1.4787,1.5325,1.564,1.6008,1.6326,1.651,-0.43169,1.663,1.663,1.655,1.6337,1.6064,1.5719,1.5351,1.4924,1.4473,1.3778,-0.45972,1.3339,1.26,1.1695,1.1144,1.0068,0.93205,0.81267,0.6921,0.61854,0.48288,-0.4965,0.34098,0.24022,0.090691,-0.034455,-0.21189,-0.47041,-0.68675,-0.79814,-0.88216,-0.96695,-0.099673,-0.52212,-1.0515,-1.1228,-1.1634,-1.1948,-1.2132,-1.2316,-1.2395,-1.2449,-1.251,-1.2395,-0.55831,-1.2377,-1.2194,-1.201,-1.1826,-1.1476,-1.1223,-1.0858,-1.0478,-1.0005,-0.9492,-0.59415,-0.89403,-0.83886,-0.78369,-0.71677,-0.64914,-0.58293,-0.51377,-0.44021,-0.36665,-0.29309,-0.62012,-0.21953,-0.13422,-0.06066,0.024651,0.098212,0.18352,0.25708,0.33064,0.4042,0.47777,-0.65443,0.55133,0.6327,0.7102,0.78376,0.85732,0.93088,0.99269,1.0545,1.1208,1.206,-0.68193,1.2811,1.3605,1.4341,1.4854,1.5221,1.5337,1.5321,1.5137,1.4654,1.4201,-0.71871,1.3339,1.2306,1.1023,0.96519,0.86836,0.71349,0.56637,0.46208,0.29657,0.13675,-0.75549,0.036637,-0.11048,-0.24162,-0.35196,-0.42705,-0.64021,-0.7314,-0.76965,-0.81142,-0.82823,-0.79227,-0.83645,-0.83998,-0.83998,-0.83534,-0.82823,-0.81031,-0.79192,-0.76583,-0.7408,-0.71324,-0.82905,-0.6831,-0.66471,-0.63457,-0.61671,-0.60954,-0.59321,-0.59321,-0.58963,-0.10273,-0.86583,-0.90455,-0.95114,-0.98792,-1.0247,-1.0615,-1.0983,-1.135,-1.1587,-1.1851,-0.11142,-1.2072,-1.2352,-1.2557,-1.2741,-1.2808,-1.2983,-1.3058,-1.3124,-1.3218,-1.3257,-0.11142,-1.3335,-1.3335,-1.3335,-1.3335,-1.3218,-1.3218,-1.3184,-1.31,-1.2983,-1.2867,-0.12265,-1.2865,-1.2748,-1.2668,-1.2513,-1.2417,-1.2278,-1.2167,-1.2043,-1.1917,-1.1808,-0.12317,-1.1667,-1.1483,-1.1299,-1.1115,-1.0931,-1.063,-1.0446,-1.0262,-1.0078,-0.97764,-0.13493,-0.95925,-0.92911,-0.91072,-0.88058,-0.85044,-0.83205,-0.80191,-0.77406,-0.74162,-0.71225,2.0,2.0
2.0368,1.8829,1.352,-0.18458,-0.19557,-0.20657,-0.21756,-0.22855,-0.23496,-0.24046,-0.24595,-0.25145,-0.25695,1.3076,-0.26244,-0.26794,-0.27343,-0.28992,-0.3174,-0.33801,-0.34901,-0.36549,-0.39298,-0.41633,1.2746,-0.42733,-0.44198,-0.47496,-0.50656,-0.52305,-0.53954,-0.58351,-0.62748,-0.65129,-0.67328,1.2472,-0.69526,-0.71725,-0.75984,-0.80931,-0.84412,-0.8716,-0.89908,-0.92656,-0.96778,-1.0227,1.2252,-1.0663,-1.0937,-1.1267,-1.1707,-1.2091,-1.2311,-1.2531,-1.2751,-1.298,-1.331,1.194,-1.364,-1.3749,-1.3859,-1.402,-1.4185,-1.4395,-1.4615,-1.4753,-1.4862,-1.4972,1.1501,-1.5082,-1.5224,-1.5389,-1.5499,-1.5554,-1.5655,-1.582,-1.5948,-1.6003,-1.6058,1.1134,-1.6113,-1.6177,-1.6287,-1.6392,-1.6447,-1.6502,-1.6502,-1.6502,-1.6553,-1.6607,1.0914,-1.6617,-1.6617,-1.6617,-1.6617,-1.658,-1.6525,-1.6502,-1.6502,-1.6475,-1.642,1.0708,-1.6388,-1.6388,-1.6351,-1.6241,-1.6145,-1.609,-1.6035,-1.598,-1.5916,-1.5751,1.729,1.0543,-1.5586,-1.5476,-1.5366,-1.5256,-1.5146,-1.5037,-1.4927,-1.4652,-1.4322,-1.3956,1.0369,-1.3571,-1.3314,-1.315,-1.2957,-1.2737,-1.2449,-1.2064,-1.1734,-1.1514,-1.1308,1.0149,-1.1143,-1.0933,-1.0493,-1.0067,-0.97923,-0.95175,-0.90228,-0.85282,-0.82351,-0.79602,0.99388,-0.76854,-0.74106,-0.69297,-0.63801,-0.60503,-0.58305,-0.55786,-0.53038,-0.4974,-0.45893,0.98289,-0.42962,-0.41313,-0.39481,-0.37282,-0.34809,-0.31511,-0.2858,-0.27481,-0.26336,-0.24687,0.9719,-0.23038,-0.2029,-0.17542,-0.16305,-0.15206,-0.13649,-0.12,-0.10763,-0.096643,-0.089314,0.9609,-0.083818,-0.07191,-0.055422,-0.044429,-0.038933,-0.033437,-0.027941,-0.022445,-0.016949,-0.012827,0.94991,-0.012827,-0.011911,-0.006414,-0.001376,-0.001376,-0.001376,0.00412,0.009616,0.010074,0.010074,0.93388,0.010074,0.010074,0.010074,0.010074,0.013738,0.019234,0.021524,0.021524,0.024272,0.029768,0.91739,0.032974,0.032974,0.036639,0.047631,0.057249,0.062745,0.069157,0.08015,0.0916,0.10809,1.6607,0.90548,0.12458,0.13557,0.14656,0.16259,0.17908,0.18641,0.1919,0.20977,0.23175,0.25374,0.89449,0.27572,0.29129,0.30228,0.32152,0.349,0.36961,0.3806,0.39526,0.41725,0.43648,0.88762,0.44747,0.45938,0.47587,0.4919,0.50289,0.51389,0.51938,0.52488,0.53037,0.53587,0.88213,0.54137,0.54686,0.55236,0.55785,0.55969,0.55969,0.56289,0.56839,0.57388,0.57938,0.87663,0.58488,0.59037,0.59587,0.60137,0.60824,0.61923,0.63114,0.64762,0.66457,0.68656,0.87113,0.70854,0.72503,0.74152,0.77312,0.8061,0.84823,0.8922,0.94029,0.98976,1.0246,0.85281,1.052,1.0956,1.1505,1.2027,1.2522,1.2925,1.32,1.353,1.3969,1.4409,0.82533,1.4849,1.5252,1.5472,1.5705,1.609,1.6475,1.6859,1.7244,1.7528,1.7803,0.80884,1.7986,1.8151,1.8233,1.8288,1.838,1.849,1.8568,1.8623,1.8678,1.8733,0.80335,1.8742,1.8687,1.8632,1.8577,1.8522,1.8467,1.8412,1.8357,1.6003,0.79785,0.79236,0.7832,0.76671,0.75159,0.7406,0.72869,0.7122,0.69617,0.68518,1.5627,0.67419,0.6632,0.6522,0.6261,0.59862,0.57114,0.54366,0.52442,0.50793,0.49511,1.5298,0.48411,0.4635,0.43602,0.41404,0.39755,0.38335,0.37236,0.35587,0.32839,0.30503,1.4968,0.29404,0.2803,0.25282,0.22625,0.20977,0.19328,0.18229,0.17129,0.14519,0.11771,1.4638,0.10397,0.092974,0.077859,0.061371,0.041219,0.019234,0.003662,-0.007331,-0.021071,-0.037559,1.4125,-0.056338,-0.078322,-0.09481,-0.10031,-0.10718,-0.11817,-0.13008,-0.14657,-0.1626,-0.17359,1.0,1.0
0.25097,0.32524,0.46538,1.5528,1.5676,1.5969,1.6266,1.6159,1.601,1.5862,1.5713,1.5332,1.4886,0.46538,1.4547,1.425,1.3953,1.3656,1.3359,1.3062,1.2367,1.1327,1.0569,1.0123,0.46538,0.93097,0.79726,0.68439,0.61011,0.53154,0.44241,0.33642,0.17301,0.021848,-0.067287,0.46538,-0.15489,-0.22917,-0.30651,-0.45507,-0.60363,-0.67944,-0.75372,-0.81437,-0.87379,-0.98406,0.46538,-1.1029,-1.1628,-1.2074,-1.2411,-1.2708,-1.3303,-1.4046,-1.4428,-1.4576,-1.4725,0.45696,-1.4873,-1.5022,-1.517,-1.5319,-1.5467,-1.5509,-1.536,-1.5212,-1.5063,-1.4879,0.4421,-1.4582,-1.4285,-1.3988,-1.364,-1.2898,-1.217,-1.1724,-1.1279,-1.0833,-1.0387,0.42724,-0.92525,-0.8064,-0.73902,-0.67959,-0.62017,-0.56075,-0.43516,-0.2866,-0.18858,-0.1143,0.41239,-0.040026,0.034254,0.14988,0.29844,0.40289,0.46232,0.52817,0.60245,0.69327,0.81212,0.39095,0.90799,0.95256,0.99713,1.0417,1.0945,1.1837,1.2655,1.2952,1.3249,1.3546,0.39952,0.36124,1.3843,1.4437,1.5031,1.5208,1.5356,1.5505,1.5653,1.5802,1.595,1.6099,0.33152,1.6247,1.6191,1.6042,1.5894,1.5745,1.5597,1.5448,1.5149,1.4704,1.439,0.30181,1.4241,1.3866,1.3123,1.2475,1.203,1.1584,1.1138,1.0576,0.95363,0.85561,0.2721,0.79619,0.73033,0.58178,0.43398,0.3597,0.28542,0.21115,0.13687,-0.01644,-0.17985,0.24239,-0.26976,-0.34403,-0.41831,-0.49259,-0.5877,-0.69169,-0.7672,-0.82662,-0.86889,-0.8986,0.20119,-0.95129,-1.0256,-1.0796,-1.1093,-1.1449,-1.1894,-1.2242,-1.2391,-1.2579,-1.2876,0.12691,-1.3173,-1.347,-1.3725,-1.3725,-1.3737,-1.3885,-1.4031,-1.4031,-1.4031,-1.4031,0.058452,-1.4031,-1.3898,-1.3749,-1.3601,-1.3452,-1.3189,-1.2891,-1.27,-1.2551,-1.2113,0.013884,-1.1519,-1.1012,-1.0567,-0.98085,-0.87685,-0.80043,-0.75586,-0.70532,-0.6459,-0.56121,-0.030683,-0.4275,-0.31448,-0.25505,-0.19563,-0.13621,-0.062999,0.08556,0.22585,0.28527,0.34469,0.41806,-0.075251,0.40412,0.46354,0.58055,0.6994,0.76433,0.82376,0.88318,0.9426,1.0137,1.0879,-0.12411,1.1301,1.1598,1.2091,1.2685,1.3102,1.3399,1.3616,1.3765,1.3913,1.4062,-0.2281,1.4211,1.4359,1.4456,1.4456,1.4413,1.4264,1.4082,1.3785,1.3512,1.3364,-0.33163,1.32,1.2903,1.2593,1.1999,1.1405,1.0956,1.051,1.0201,0.99039,0.88441,-0.39105,0.76556,0.70568,0.66111,0.5513,0.4176,0.33367,0.27424,0.21482,0.1554,0.071623,-0.45048,-0.032368,-0.10757,-0.15213,-0.20298,-0.2624,-0.31111,-0.34082,-0.37053,-0.40024,-0.42643,-0.56626,-0.44129,-0.45614,-0.471,-0.48585,-0.50071,-0.5148,-0.5148,-0.5148,-0.5148,-0.5148,-0.68511,-0.5148,-0.5148,-0.5148,-0.5148,-0.5148,-0.5148,-0.5148,-0.5148,-0.5148,-0.5148,-0.75127,-0.5148,-0.5148,-0.5148,-0.5148,-0.5148,-0.5148,-0.5148,-0.5148,-0.5148,-0.5148,-0.81069,-0.5148,-0.5148,-0.5148,-0.5148,-0.51756,-0.53241,-0.54543,-0.54543,0.43291,-0.87012,-0.92954,-0.97763,-1.0222,-1.098,-1.1871,-1.2383,-1.268,-1.3063,-1.3509,0.43475,-1.3801,-1.395,-1.4098,-1.4247,-1.4337,-1.4337,-1.4288,-1.414,-1.3991,-1.3843,0.43475,-1.3663,-1.3366,-1.3026,-1.2432,-1.185,-1.1404,-1.0959,-1.0513,-1.0067,-0.94792,0.44685,-0.88849,-0.76245,-0.62875,-0.55707,-0.49765,-0.41525,-0.32612,-0.19471,-0.046152,0.054163,0.4617,0.12844,0.20272,0.277,0.39033,0.53889,0.65299,0.72727,0.79558,0.855,0.93464,0.46538,1.0535,1.1558,1.2152,1.2714,1.316,1.3652,1.4394,1.5082,1.5231,1.5379,0.0,0.0
-0.556,-0.56493,-0.62443,-1.6988,-1.6809,-1.663,-1.6452,-1.6273,-1.6025,-1.5757,-1.5489,-1.5285,-1.509,-0.62686,-1.4822,-1.4554,-1.4286,-1.4018,-1.375,-1.3477,-1.312,-1.281,-1.2542,-1.2274,-0.63579,-1.1965,-1.1608,-1.1333,-1.103,-1.0673,-1.0393,-1.0096,-0.97383,-0.94523,-0.91608,-0.63812,-0.88036,-0.85117,-0.82438,-0.79759,-0.76485,-0.73033,-0.70354,-0.67675,-0.64996,-0.62317,-0.63812,-0.59638,-0.56962,-0.55176,-0.52969,-0.5029,-0.4845,-0.46664,-0.44878,-0.43092,-0.41306,-0.63812,-0.3952,-0.37734,-0.36194,-0.35301,-0.34408,-0.33327,-0.31541,-0.30361,-0.29468,-0.28575,-0.64414,-0.27682,-0.26789,-0.25896,-0.25003,-0.2411,-0.23217,-0.22324,-0.21431,-0.20538,-0.19645,-0.6518,-0.18752,-0.17068,-0.15282,-0.13496,-0.1171,-0.099242,-0.081382,-0.063523,-0.043678,-0.016888,-0.6518,0.003743,0.023006,0.049796,0.076585,0.1042,0.13992,0.17064,0.19743,0.22422,0.25542,-0.6518,0.29114,0.31828,0.3489,0.38462,0.41233,0.44237,0.47809,0.51381,0.54686,0.57365,-0.56969,-0.6518,0.60728,0.643,0.67872,0.70818,0.73648,0.7722,0.80792,0.84271,0.8695,0.90139,-0.6518,0.93677,0.96356,0.99487,1.0306,1.0576,1.0844,1.1112,1.138,1.1648,1.1916,-0.6518,1.2184,1.2451,1.2719,1.2987,1.3255,1.3523,1.3727,1.3922,1.419,1.44,-0.6518,1.4579,1.4757,1.4936,1.5114,1.5293,1.5425,1.5515,1.5692,1.583,1.5919,-0.6518,1.6009,1.6098,1.6187,1.62,1.6229,1.6318,1.6337,1.6337,1.6337,1.6273,-0.6518,1.62,1.62,1.6141,1.6052,1.5963,1.5874,1.5784,1.5695,1.5558,1.538,-0.6518,1.529,1.516,1.4981,1.4802,1.4624,1.4445,1.4267,1.4088,1.3909,1.3659,-0.66026,1.3415,1.3237,1.2992,1.2724,1.2457,1.2189,1.1921,1.1653,1.1385,1.1117,-0.66549,1.0849,1.0581,1.0313,1.0045,0.97776,0.95097,0.92418,0.89739,0.8706,0.84381,-0.66549,0.8201,0.80224,0.77713,0.75034,0.72355,0.70343,0.68557,0.66771,0.64985,0.63199,-0.56969,-0.66549,0.61413,0.59627,0.57841,0.56055,0.54269,0.525,0.51607,0.50714,0.49821,0.48928,-0.66549,0.48035,0.47142,0.46249,0.45356,0.44463,0.4357,0.42937,0.42937,0.4226,0.41568,-0.66549,0.41568,0.40949,0.402,0.402,0.402,0.402,0.402,0.402,0.402,0.402,-0.67278,0.402,0.402,0.402,0.402,0.402,0.402,0.402,0.402,0.402,0.402,-0.68171,0.402,0.402,0.402,0.402,0.402,0.402,0.402,0.402,0.402,0.402,-0.69064,0.402,0.402,0.402,0.40655,0.41548,0.41568,0.41568,0.41568,0.41568,0.41568,-0.69286,0.41568,0.42325,0.42937,0.42937,0.42937,0.42937,0.42937,0.43577,0.44306,0.44306,-0.69481,0.44306,0.44306,0.44306,0.44829,0.45674,0.45674,0.45674,0.45674,0.45674,0.45674,-0.70374,0.45674,0.45674,0.45674,0.45674,0.45674,0.45674,0.45674,0.45674,0.45674,0.45674,-0.7188,0.45674,0.45674,0.45674,0.45082,0.44306,0.44306,0.44306,0.44306,-0.57804,-0.73529,-0.74422,-0.76978,-0.80628,-0.85093,-0.87574,-0.88467,-0.8936,-0.90253,-0.91146,-0.58697,-0.92894,-0.96199,-1.0156,-1.0452,-1.0688,-1.0867,-1.1267,-1.1634,-1.1813,-1.206,-0.5959,-1.2328,-1.2596,-1.2801,-1.3024,-1.347,-1.3804,-1.4099,-1.4634,-1.4968,-1.5149,-0.60483,-1.5417,-1.5775,-1.6221,-1.6408,-1.6704,-1.715,-1.7354,-1.7533,-1.7712,-1.8115,-0.61376,-1.8507,-1.8775,-1.8904,-1.8929,-1.875,-1.8698,-1.8683,-1.8593,-1.8504,-1.8415,-0.62269,-1.8325,-1.8236,-1.8143,-1.7964,-1.7831,-1.7742,-1.7565,-1.7427,-1.7337,-1.7166,4.0,4.0
-0.087138,-0.005763,0.23755,0.97357,1.0875,1.1684,1.2172,1.266,1.3149,1.3723,1.4374,1.485,1.5175,0.25383,1.5412,1.5575,1.5828,1.6153,1.6387,1.6549,1.6712,1.6875,1.6847,1.6684,0.2701,1.6521,1.6358,1.6097,1.5771,1.5446,1.512,1.4795,1.4469,1.3833,1.3019,0.28638,1.2416,1.1928,1.1439,1.0951,0.98118,0.83471,0.74329,0.67819,0.60192,0.52054,0.30152,0.37115,0.19213,0.08209,0.000715,-0.09232,-0.18997,-0.34673,-0.52575,-0.64486,-0.74251,0.30152,-0.82802,-0.90939,-1.04,-1.1865,-1.2706,-1.3357,-1.3882,-1.437,-1.5114,-1.5928,0.30152,-1.6223,-1.6386,-1.668,-1.7006,-1.7198,-1.7361,-1.7389,-1.7389,-1.7389,-1.7389,0.30152,-1.7252,-1.7089,-1.6926,-1.6763,-1.6178,-1.5527,-1.5161,-1.4836,-1.451,-1.4185,0.30152,-1.313,-1.1991,-1.1294,-1.0643,-0.98429,-0.90291,-0.7613,-0.61482,-0.52924,-0.44786,0.30152,-0.36649,-0.28511,-0.11046,0.068568,0.15334,0.23472,0.31609,0.39747,0.54297,0.68945,0.074965,0.2999,0.77115,0.85244,0.91754,0.98337,1.0973,1.2096,1.2584,1.3067,1.3392,1.3725,0.28363,1.4213,1.4684,1.4847,1.502,1.5345,1.5647,1.5647,1.5633,1.547,1.5292,0.26735,1.4966,1.4658,1.4495,1.4314,1.3988,1.3622,1.2971,1.2342,1.1854,1.1272,0.25108,1.0132,0.90685,0.84175,0.77398,0.69261,0.59706,0.43431,0.28654,0.20517,0.12379,0.23674,0.042415,-0.052239,-0.19871,-0.33126,-0.41264,-0.49037,-0.55547,-0.63579,-0.76599,-0.88032,0.23674,-0.94542,-1.0188,-1.1164,-1.2012,-1.25,-1.29,-1.3062,-1.3317,-1.3806,-1.4198,0.23464,-1.4361,-1.4524,-1.4687,-1.4849,-1.5012,-1.5122,-1.5122,-1.5068,-1.4905,-1.4742,0.21836,-1.458,-1.4417,-1.4254,-1.3973,-1.3485,-1.2997,-1.2508,-1.1895,-1.1082,-1.0332,0.20209,-0.9681,-0.88332,-0.76939,-0.67563,-0.61053,-0.51102,-0.36454,-0.25329,-0.18819,-0.12309,0.18581,-0.057988,0.036585,0.16679,0.25933,0.30816,0.36468,0.42978,0.51059,0.60824,0.68184,0.09124,0.16954,0.73066,0.78767,0.85277,0.90119,0.93374,0.95778,0.97406,0.999,1.0315,1.0553,0.15326,1.0715,1.0878,1.1041,1.1204,1.1366,1.1436,1.1436,1.1436,1.1436,1.1532,0.13699,1.1695,1.176,1.176,1.176,1.176,1.1659,1.1496,1.1436,1.1436,1.1332,0.12071,1.1169,1.1006,1.0843,1.0573,1.0247,1.0031,0.98685,0.97058,0.9543,0.91552,0.10444,0.86669,0.82928,0.79673,0.76418,0.73163,0.66386,0.58249,0.52492,0.47609,0.39107,0.088163,0.29342,0.23245,0.18363,0.14719,0.11464,0.056989,-0.008111,-0.047786,-0.080336,-0.10001,0.066058,-0.11629,-0.13256,-0.14884,-0.16511,-0.18139,-0.19766,-0.21394,-0.21669,-0.21669,-0.21669,0.017233,-0.21669,-0.21669,-0.21669,-0.20268,-0.18641,-0.1843,-0.1843,-0.1843,-0.1843,-0.1843,-0.028515,-0.1843,-0.1843,-0.1843,-0.1843,-0.1843,-0.1843,-0.1843,-0.1843,-0.1843,-0.1843,-0.061065,-0.1843,-0.1843,-0.1843,-0.16867,-0.1524,-0.1677,-0.18398,-0.20025,0.10751,-0.093615,-0.12617,-0.17232,-0.26997,-0.35693,-0.40576,-0.45458,-0.50341,-0.57166,-0.70186,0.12379,-0.81182,-0.86065,-0.91368,-0.97878,-1.0526,-1.1503,-1.2298,-1.2623,-1.2949,-1.3274,0.14055,-1.3648,-1.4137,-1.4525,-1.4687,-1.485,-1.5013,-1.5176,-1.5338,-1.5391,-1.5228,0.1731,-1.5122,-1.5122,-1.5006,-1.468,-1.4414,-1.4252,-1.4027,-1.3702,-1.3187,-1.2373,0.205,-1.1689,-1.1201,-1.0646,-0.99951,-0.9004,-0.75393,-0.63531,-0.55393,-0.46543,-0.36778,0.22128,-0.23369,-0.054669,0.08711,0.18476,0.32047,0.49949,0.63188,0.71325,0.79463,0.876,0.0,0.0
0.7511,0.71876,0.61937,-0.47043,-0.56744,-0.66444,-0.76144,-0.84887,-0.91354,-0.97821,-1.0321,-1.0644,-1.0968,0.60739,-1.1171,-1.1171,-1.1459,-1.1519,-1.1195,-1.1171,-1.1028,-1.0704,-1.0381,-1.0058,0.60739,-0.97342,-0.94108,-0.89198,-0.82731,-0.76264,-0.69797,-0.63091,-0.5339,-0.4369,-0.3399,0.60739,-0.24289,-0.14589,-0.048884,0.04812,0.16668,0.29003,0.38703,0.50679,0.62895,0.72595,0.60739,0.84691,0.96786,1.0649,1.1619,1.2493,1.314,1.405,1.4912,1.5559,1.6205,0.60739,1.6732,1.7056,1.7379,1.7571,1.7571,1.7571,1.7571,1.7571,0.41817,-0.34948,0.60739,-0.44648,-0.54348,-0.64049,-0.73629,-0.80096,-0.8836,-0.97821,-1.0429,-1.0884,-1.1243,0.60739,-1.189,-1.2333,-1.2656,-1.298,-1.3303,-1.3566,-1.3566,-1.3566,-1.3495,-1.3171,0.60739,-1.3087,-1.3004,-1.268,-1.2105,-1.1554,-1.1231,-1.0644,-0.99976,-0.93509,-0.87042,0.60739,-0.79378,-0.69677,-0.62851,-0.55067,-0.45367,-0.3866,-0.30756,-0.21056,-0.11355,-0.000981,0.68643,0.58344,0.12836,0.22536,0.32237,0.42057,0.54991,0.66128,0.76068,0.89002,1.0002,1.1008,0.5511,1.2301,1.3188,1.3882,1.4852,1.5607,1.6313,1.7283,1.7798,1.8193,1.884,0.51877,1.9247,1.9571,1.9894,2.0217,2.0541,2.0864,2.0924,2.0924,2.0924,2.0924,0.48643,2.0804,2.0481,1.7571,1.5259,1.4289,1.272,1.1391,1.0421,0.94511,0.83253,0.44452,0.7032,0.60619,0.50919,0.41218,0.31518,0.21818,0.094825,-0.35786,-0.58061,-0.64887,0.37985,-0.74588,-0.82252,-0.88719,-0.95186,-1.0165,-1.0752,-1.1075,-1.1626,-1.2201,-1.2525,0.34153,-1.2848,-1.3171,-1.3495,-1.3818,-1.4141,-1.4465,-1.4524,-1.4632,-1.4956,-1.5004,0.29841,-1.5004,-1.5004,-1.5004,-1.5004,-1.5004,-1.5004,-1.5004,-1.5004,-1.5004,-1.4848,0.23374,-1.4524,-1.4524,-1.4357,-1.4033,-1.371,-1.3566,-1.3542,-1.3219,-1.2896,-1.2572,0.16908,-1.2249,-1.1926,-1.1554,-1.0908,-1.0477,-1.0153,-0.983,-0.95066,-0.91114,-0.84647,0.65529,0.10441,-0.80575,-0.77342,-0.74109,-0.6836,-0.62851,-0.59618,-0.5375,-0.47283,-0.40816,-0.37103,0.039737,-0.3387,-0.30636,-0.24529,-0.19379,-0.16146,-0.12912,-0.096787,-0.064453,-0.032118,0.000217,-0.024933,0.032551,0.064886,0.097221,0.12956,0.16189,0.19422,0.22656,0.25889,0.27207,0.27566,-0.10278,0.30799,0.34033,0.37266,0.405,0.43733,0.46967,0.502,0.48883,0.46368,0.46368,-0.19978,0.46368,0.46368,0.46368,0.46368,0.46368,0.46368,0.46368,0.46368,0.46368,0.46368,-0.29678,0.46368,0.46368,0.46368,0.46368,0.46368,0.46368,0.47805,0.51039,0.51158,0.51158,-0.39379,0.51158,0.51158,0.49482,0.46248,0.43015,0.39781,0.36787,0.36787,0.34871,0.31638,-0.49079,0.28404,0.25171,0.22416,0.22416,0.20261,0.17027,0.13794,0.1056,0.073269,0.040934,-0.58779,0.0086,-0.023735,-0.05607,-0.088404,-0.12074,-0.15307,-0.18541,-0.21774,-0.25008,-0.28241,-0.6848,-0.31475,-0.34708,-0.40816,-0.45965,-0.49199,-0.52432,-0.57103,-0.6357,0.65529,-0.7818,-0.87881,-0.97581,-1.0716,-1.1363,-1.183,-1.2153,-1.2477,-1.2608,-1.2608,0.65529,-1.2608,-1.2608,-1.2513,-1.1866,-1.1219,-1.0572,-0.99258,-0.8824,-0.76025,-0.66324,0.65529,-0.54229,-0.41295,-0.28361,-0.15427,-0.024933,0.10441,0.26009,0.41099,0.54033,0.66966,0.65529,0.799,0.92834,1.0577,1.1738,1.2708,1.3679,1.4649,1.5619,1.6589,1.7247,0.65529,1.7571,1.8217,1.8696,1.9008,1.9008,1.9008,1.8984,1.866,1.7187,1.5068,0.6517,1.4098,1.3128,1.211,1.0816,0.93074,0.77505,0.64571,0.19782,-0.27642,-0.37343,2.0,0.0
1.7336,1.6675,1.5714,0.030058,0.027493,0.009541,-0.017,-0.0202,-0.036647,-0.054646,-0.054646,-0.087022,-0.1342,1.5618,-0.14382,-0.15344,-0.16796,-0.1821,-0.19173,-0.20688,-0.22038,-0.23596,-0.24904,-0.26504,1.5522,-0.28429,-0.30354,-0.32278,-0.33481,-0.35186,-0.37876,-0.39977,-0.41902,-0.43826,-0.45751,1.5426,-0.47676,-0.50492,-0.52466,-0.54391,-0.57257,-0.59216,-0.62047,-0.64049,-0.66838,-0.68882,1.53,-0.71769,-0.74656,-0.77543,-0.8043,-0.83317,-0.85957,-0.8815,-0.91037,-0.93924,-0.96811,1.5139,-0.99698,-1.0221,-1.0453,-1.0742,-1.0987,-1.1225,-1.1514,-1.1752,-1.1997,-1.2231,1.5043,-1.2424,-1.2675,-1.2903,-1.3095,-1.3353,-1.3574,-1.3767,-1.3959,-1.4152,-1.4344,1.4911,-1.4459,-1.4635,-1.4828,-1.502,-1.5126,-1.5311,-1.5413,-1.5509,-1.5605,-1.5702,1.4756,-1.5798,-1.5894,-1.599,-1.6087,-1.617,-1.6185,-1.6264,-1.6264,-1.6242,-1.617,1.462,-1.6144,-1.6048,-1.5981,-1.5949,-1.5887,-1.5851,-1.5793,-1.5753,-1.5656,-1.556,1.6578,1.447,-1.5464,-1.5368,-1.5271,-1.5175,-1.5079,-1.4983,-1.4827,-1.4696,-1.46,-1.4504,1.4329,-1.4339,-1.4217,-1.4048,-1.393,-1.3757,-1.3565,-1.3453,-1.3274,-1.3082,-1.2889,1.4137,-1.2697,-1.2504,-1.2312,-1.2119,-1.1927,-1.1734,-1.1542,-1.135,-1.1145,-1.087,1.3944,-1.0678,-1.0486,-1.0293,-1.0101,-0.99082,-0.97157,-0.95232,-0.93308,-0.91383,-0.89458,1.3802,-0.87534,-0.85609,-0.83684,-0.822,-0.80776,-0.78851,-0.76927,-0.75002,-0.73077,-0.71153,1.3653,-0.69816,-0.68245,-0.6632,-0.64395,-0.63143,-0.61487,-0.59562,-0.58374,-0.56654,-0.5473,1.3461,-0.53605,-0.51821,-0.50739,-0.49777,-0.4793,-0.46911,-0.45949,-0.44986,-0.44024,-0.43062,1.3268,-0.4217,-0.42078,-0.41116,-0.40153,-0.39191,-0.38229,-0.37266,-0.36304,-0.35342,-0.34379,1.3076,-0.33417,-0.32455,-0.31492,-0.3053,-0.29568,-0.28605,-0.27234,-0.2574,-0.24325,-0.22874,1.2883,-0.21417,-0.19493,-0.18104,-0.16584,-0.1466,-0.13335,-0.11752,-0.098269,-0.079022,-0.059776,1.6482,1.2754,-0.040529,-0.021282,0.005447,0.026623,0.045869,0.081351,0.10319,0.12243,0.15043,0.17034,1.2593,0.18958,0.20883,0.23749,0.25674,0.27598,0.29441,0.30506,0.32431,0.3421,0.35339,1.24,0.37076,0.38038,0.39,0.39963,0.40925,0.41593,0.41909,0.42534,0.42892,0.43476,1.2208,0.43876,0.44838,0.458,0.46299,0.46784,0.4724,0.47767,0.4873,0.49692,0.50654,1.1943,0.51617,0.53212,0.55136,0.57061,0.58986,0.62346,0.64717,0.66642,0.69348,0.71433,1.1729,0.73357,0.75282,0.78938,0.81014,0.83847,0.85804,0.87738,0.90595,0.92675,0.9734,1.1536,1.0013,1.0206,1.0412,1.0685,1.0877,1.113,1.1567,1.1831,1.205,1.2339,1.1344,1.2597,1.2822,1.318,1.3551,1.3782,1.403,1.4222,1.4551,1.4889,1.5082,1.1151,1.5274,1.5467,1.5659,1.5794,1.601,1.6237,1.6365,1.6461,1.6557,1.6653,1.0959,1.6823,1.694,1.7036,1.7132,1.7229,1.7158,1.7147,1.706,1.6386,1.0682,1.048,1.0287,1.0095,0.98091,0.96157,0.94199,0.91366,0.89366,0.86479,1.629,0.8371,0.81647,0.7876,0.76054,0.74129,0.71981,0.69339,0.67414,0.65202,0.62623,1.6181,0.60699,0.59125,0.57791,0.55866,0.54355,0.52958,0.5149,0.50527,0.49565,0.48603,1.6003,0.4764,0.46678,0.45716,0.45358,0.42854,0.41593,0.40925,0.39963,0.39,0.3877,1.5907,0.36511,0.3285,0.31386,0.30424,0.30299,0.27723,0.26596,0.25634,0.21904,0.20885,1.5811,0.19923,0.18871,0.16116,0.1498,0.12201,0.10406,0.092927,0.071963,0.046952,0.037328,1.0,1.0
0.069977,0.11639,0.14307,0.85568,0.92529,0.99491,1.0645,1.1341,1.2038,1.2734,1.343,1.3914,1.4378,0.14307,1.4842,1.5306,1.5727,1.5959,1.6191,1.6423,1.6655,1.6779,1.6779,1.6573,0.14307,1.6341,1.6109,1.5705,1.5241,1.4777,1.4312,1.3848,1.3384,1.2818,1.2122,0.14307,1.1425,1.0729,1.0033,0.91707,0.82425,0.73143,0.6386,0.54578,0.45296,0.35045,0.14307,0.23443,0.1184,0.00237,-0.11366,-0.24576,-0.38226,-0.49828,-0.6017,-0.69453,-0.80982,0.14307,-0.91671,-1.0095,-1.1024,-1.1952,-1.288,-1.3653,-1.4327,-1.4791,-1.5255,-1.572,0.14891,-1.5964,-1.6196,-1.6428,-1.6661,-1.6893,-1.7125,-1.7057,-1.6825,-1.6593,-1.6361,0.17212,-1.6129,-1.5897,-1.5584,-1.512,-1.4656,-1.4192,-1.3728,-1.3119,-1.2423,-1.1727,0.17961,-1.1031,-1.0335,-0.94303,-0.8502,-0.75738,-0.6472,-0.53519,-0.44237,-0.32178,-0.18309,0.17961,-0.067064,0.048964,0.16499,0.28102,0.39705,0.51307,0.61229,0.70511,0.79794,0.89076,0.14307,0.17961,0.98358,1.0532,1.1228,1.1924,1.262,1.3253,1.3717,1.4181,1.4616,1.4848,0.19185,1.508,1.5312,1.5544,1.5776,1.6008,1.6048,1.599,1.5758,1.5526,1.527,0.21506,1.4806,1.4342,1.3878,1.3413,1.2862,1.2165,1.1469,1.072,0.97919,0.90154,0.21615,0.83009,0.73727,0.63276,0.51673,0.42226,0.32122,0.20519,0.089163,-0.026865,-0.14289,0.21615,-0.25892,-0.37495,-0.49098,-0.607,-0.72303,-0.81805,-0.91087,-1.0037,-1.079,-1.1486,0.21615,-1.2182,-1.2738,-1.3202,-1.3666,-1.4024,-1.4256,-1.4488,-1.4649,-1.4649,-1.4819,0.23479,-1.4978,-1.4746,-1.4649,-1.4647,-1.4415,-1.4183,-1.3951,-1.3719,-1.3487,-1.3255,0.2527,-1.3023,-1.2759,-1.2295,-1.1961,-1.1729,-1.104,-1.0439,-0.99748,-0.9317,-0.86208,0.2527,-0.79246,-0.70695,-0.61413,-0.52131,-0.42848,-0.33566,-0.24284,-0.15002,-0.057197,0.035625,0.23753,0.12845,0.22127,0.29874,0.37037,0.46319,0.56789,0.68392,0.75646,0.83448,0.9273,0.14307,0.21615,1.0019,1.0715,1.1411,1.2107,1.2789,1.3253,1.3717,1.4181,1.4433,1.4665,0.21615,1.4897,1.5129,1.5361,1.5593,1.5683,1.5683,1.5683,1.5683,1.5683,1.5683,0.20446,1.561,1.5378,1.5146,1.4914,1.4682,1.4312,1.3852,1.362,1.3183,1.2487,0.18125,1.1992,1.146,1.0764,1.0068,0.93717,0.86755,0.78478,0.69196,0.59914,0.50631,0.15805,0.41349,0.34022,0.26439,0.17157,0.094827,0.02521,-0.044406,-0.10141,-0.14783,-0.19424,0.13484,-0.23151,-0.25472,-0.27792,-0.30113,-0.32433,-0.34754,-0.36855,-0.36855,-0.35649,-0.33329,0.11164,-0.33201,-0.33201,-0.33201,-0.33201,-0.33201,-0.33201,-0.33201,-0.33201,-0.33201,-0.33201,0.088432,-0.33201,-0.33201,-0.33201,-0.33201,-0.34991,-0.36855,-0.36855,-0.36855,-0.36855,-0.36855,0.060475,-0.36855,-0.36855,-0.36855,-0.37604,-0.39925,-0.4051,-0.4051,-0.4051,-0.4051,-0.4051,0.014064,-0.4051,-0.4051,-0.4051,-0.42538,-0.44858,-0.47179,-0.495,-0.5182,0.14307,-0.032347,-0.078758,-0.12517,-0.18273,-0.25234,-0.32196,-0.39158,-0.46119,-0.54835,-0.63697,0.14307,-0.70659,-0.79027,-0.88236,-0.95198,-1.0216,-1.0912,-1.1608,-1.2233,-1.2697,-1.3161,0.14307,-1.3626,-1.409,-1.4419,-1.4651,-1.4883,-1.5014,-1.5014,-1.4815,-1.4583,-1.4351,0.14307,-1.4119,-1.3856,-1.3392,-1.2928,-1.2463,-1.1999,-1.1535,-1.1071,-1.0413,-0.96568,0.14307,-0.87286,-0.79594,-0.72376,-0.63094,-0.53812,-0.4453,-0.35247,-0.25965,-0.16683,-0.074007,0.14307,0.018815,0.11164,0.20446,0.29728,0.3901,0.47105,0.54067,0.63203,0.71644,0.78606,0.0,0.0
-1.8731,-1.8274,-1.6249,-0.88012,-0.86759,-0.85948,-0.84424,-0.829,-0.81745,-0.80835,-0.79311,-0.78476,-0.77247,-1.602,-0.75968,-0.75207,-0.74445,-0.73683,-0.72921,-0.72159,-0.71397,-0.70635,-0.69873,-0.69332,-1.5821,-0.69332,-0.6857,-0.68349,-0.68349,-0.68251,-0.67489,-0.66727,-0.66383,-0.66383,-0.66383,-1.5669,-0.65645,-0.65399,-0.65104,-0.64416,-0.64416,-0.63802,-0.6304,-0.62278,-0.61516,-0.60754,-1.5516,-0.595,-0.58247,-0.57485,-0.56723,-0.55371,-0.54216,-0.53306,-0.51782,-0.50258,-0.49202,-1.5364,-0.48194,-0.4667,-0.45146,-0.44187,-0.43081,-0.4168,-0.40918,-0.39493,-0.38411,-0.37428,-1.5212,-0.35904,-0.35142,-0.3438,-0.33299,-0.31873,-0.31111,-0.30349,-0.29587,-0.28825,-0.28063,-1.5059,-0.27301,-0.26539,-0.25777,-0.25015,-0.24254,-0.24106,-0.2332,-0.21968,-0.21206,-0.20444,-1.4907,-0.19682,-0.18649,-0.17126,-0.15602,-0.14668,-0.13537,-0.12013,-0.10489,-0.089652,-0.074412,-1.4826,-0.059173,-0.043934,-0.028695,-0.007802,0.011615,0.026854,0.042094,0.057333,0.076996,0.097643,-1.7979,-1.4749,0.11288,0.13574,0.15319,0.16843,0.18367,0.19891,0.21415,0.22939,0.24463,0.25987,-1.4673,0.27511,0.28518,0.2928,0.30042,0.30804,0.31566,0.32328,0.32918,0.32918,0.33631,-1.4597,0.33901,0.34172,0.34884,0.34884,0.34884,0.34884,0.34884,0.34884,0.34884,0.35351,-1.4521,0.35868,0.35868,0.35868,0.35868,0.35868,0.3599,0.36752,0.36851,0.37293,0.37834,-1.4445,0.37834,0.38596,0.38817,0.39137,0.39899,0.40661,0.41423,0.42184,0.42946,0.43708,-1.4368,0.4447,0.45232,0.45994,0.4683,0.48354,0.49263,0.50419,0.5177,0.52532,0.53294,-1.4307,0.54056,0.55089,0.56563,0.57325,0.58087,0.58849,0.59611,0.60373,0.61135,0.61897,-1.4307,0.62413,0.62438,0.632,0.63962,0.64724,0.65363,0.65363,0.66026,0.66346,0.66567,-1.4238,0.67329,0.68091,0.68853,0.69615,0.70377,0.71139,0.71901,0.72663,0.73621,0.75145,-1.4209,0.75932,0.7721,0.78439,0.79275,0.80799,0.82323,0.83846,0.8537,0.86894,0.88418,-1.7751,-1.4184,0.89942,0.91466,0.9299,0.94514,0.96038,0.97562,0.99086,1.0061,1.0145,1.0267,-1.411,1.0395,1.0471,1.0548,1.0567,1.0602,1.0678,1.0754,1.0764,1.0764,1.0786,-1.411,1.0862,1.0862,1.0862,1.0862,1.0872,1.0948,1.0961,1.1002,1.1059,1.1059,-1.4054,1.1059,1.111,1.1187,1.1256,1.1256,1.1317,1.1393,1.1469,1.1546,1.1622,-1.4012,1.1698,1.1774,1.1855,1.2008,1.2101,1.2214,1.2352,1.2428,1.2573,1.2725,-1.4,1.2853,1.2932,1.3084,1.318,1.3291,1.3431,1.3507,1.3583,1.3659,1.3736,-1.3924,1.3812,1.3888,1.3964,1.404,1.4107,1.4107,1.4171,1.4247,1.4323,1.4399,-1.3914,1.4475,1.4552,1.4628,1.4704,1.478,1.4856,1.4933,1.5009,1.5085,1.5161,-1.3869,1.5237,1.5314,1.5395,1.5547,1.564,1.5754,1.5906,1.6058,1.6211,1.6363,-1.3793,1.6515,1.6668,1.682,1.7029,1.7223,1.7388,1.7617,1.7845,-1.7522,-1.3717,-1.3641,-1.3565,-1.3489,-1.3412,-1.3336,-1.3196,-1.3085,-1.3009,-1.2933,-1.7293,-1.2857,-1.2729,-1.2606,-1.253,-1.2454,-1.2316,-1.2203,-1.2127,-1.2051,-1.1974,-1.7065,-1.1898,-1.1822,-1.1746,-1.167,-1.1652,-1.1616,-1.1539,-1.1463,-1.1456,-1.1409,-1.6878,-1.1333,-1.1259,-1.1259,-1.1203,-1.1161,-1.1149,-1.1072,-1.1063,-1.1018,-1.0964,-1.6706,-1.0964,-1.0888,-1.0812,-1.0736,-1.065,-1.0497,-1.0409,-1.0333,-1.0237,-1.0084,-1.6477,-1.0006,-0.98778,-0.97549,-0.96713,-0.9519,-0.9428,-0.93125,-0.91601,-0.90077,-0.89266,3.0,5.0
2.0745,1.9561,1.6393,-0.32551,-0.33292,-0.34032,-0.34772,-0.3599,-0.37247,-0.37987,-0.39438,-0.40919,-0.424,1.6096,-0.43881,-0.45361,-0.47279,-0.49501,-0.51722,-0.53943,-0.56164,-0.58385,-0.60606,-0.62828,1.58,-0.65049,-0.67414,-0.70376,-0.72706,-0.75305,-0.78142,-0.80363,-0.82585,-0.85163,-0.88021,1.5164,-0.90242,-0.93054,-0.95678,-0.97899,-1.0012,-1.0291,-1.0556,-1.0784,-1.108,-1.1321,1.4668,-1.1543,-1.1766,-1.1988,-1.221,-1.2404,-1.2552,-1.27,-1.2848,-1.2996,-1.3145,1.4315,-1.3293,-1.3391,-1.3489,-1.3637,-1.3713,-1.3834,-1.3982,-1.413,-1.4208,-1.4327,1.4019,-1.4475,-1.4623,-1.4703,-1.4777,-1.4851,-1.4925,-1.4999,-1.5073,-1.5131,-1.5131,1.3657,-1.5196,-1.5231,-1.5217,-1.5143,-1.5069,-1.4995,-1.492,-1.4846,-1.4772,-1.4698,1.3287,-1.4624,-1.455,-1.4476,-1.4402,-1.4328,-1.4254,-1.418,-1.4106,-1.4026,-1.3878,1.2932,-1.373,-1.3582,-1.3434,-1.3286,-1.3138,-1.2962,-1.2742,-1.2594,-1.2395,-1.2173,1.9058,1.2636,-1.1951,-1.1803,-1.1606,-1.1384,-1.1162,-1.1012,-1.0817,-1.0595,-1.0373,-1.0221,1.2276,-1.0028,-0.98252,-0.96771,-0.9461,-0.92388,-0.90167,-0.87946,-0.86386,-0.84498,-0.82276,1.1944,-0.80055,-0.77834,-0.75613,-0.73392,-0.71171,-0.68949,-0.67096,-0.65501,-0.6328,-0.6166,1.1635,-0.60179,-0.58698,-0.57218,-0.55155,-0.53262,-0.51781,-0.50301,-0.4882,-0.47339,-0.45858,1.1264,-0.44378,-0.42897,-0.41416,-0.3997,-0.3923,-0.37967,-0.36755,-0.36015,-0.35274,-0.34032,1.0956,-0.33048,-0.33048,-0.32313,-0.31572,-0.30832,-0.30091,-0.30067,-0.29605,-0.28864,-0.28124,1.066,-0.27383,-0.27085,-0.26896,-0.26156,-0.26091,-0.25669,-0.25098,-0.25098,-0.24442,-0.23701,1.0318,-0.22961,-0.22221,-0.2148,-0.2074,-0.19999,-0.19259,-0.17902,-0.16784,-0.15935,-0.14454,0.9726,-0.13569,-0.12829,-0.11999,-0.10518,-0.09614,-0.085506,-0.071394,-0.06399,-0.051021,-0.039245,0.93141,-0.031344,-0.016536,-0.001728,0.010247,0.017949,0.032757,0.042397,0.052434,0.067143,0.074547,1.8816,0.89787,0.08692,0.099293,0.1067,0.1141,0.12627,0.13885,0.14625,0.14655,0.15112,0.15852,0.86353,0.16593,0.17333,0.17636,0.1782,0.18561,0.19301,0.20041,0.20782,0.21522,0.22913,0.7969,0.23997,0.24881,0.26362,0.27843,0.29701,0.31798,0.33279,0.35371,0.37592,0.39709,0.75933,0.4119,0.43853,0.46477,0.48698,0.50919,0.53712,0.56673,0.59635,0.62596,0.65006,0.72644,0.67526,0.70487,0.73449,0.76942,0.80366,0.83327,0.86289,0.89762,0.93206,0.96172,0.68718,0.99874,1.0308,1.0605,1.0901,1.1269,1.1592,1.191,1.2281,1.258,1.2922,0.62795,1.3272,1.3568,1.3933,1.426,1.4556,1.4852,1.5215,1.5544,1.584,1.6136,0.59118,1.6497,1.6828,1.711,1.7332,1.7617,1.7876,1.8098,1.832,1.8542,1.8764,0.56464,1.8986,1.9208,1.9372,1.9553,1.9767,1.9916,2.0064,2.0212,2.036,2.0508,0.54079,2.0601,2.0675,2.0745,2.0745,2.0693,2.0619,2.0545,2.0471,1.8372,0.49637,0.4682,0.44887,0.43406,0.41925,0.40444,0.38963,0.37498,0.36757,0.34009,1.8144,0.3155,0.3155,0.3155,0.3155,0.30864,0.28643,0.26422,0.25125,0.24384,0.23644,1.7875,0.21512,0.19733,0.18252,0.16772,0.15967,0.14804,0.12985,0.10024,0.090299,0.07887,1.76,0.065553,0.058149,0.031664,0.013527,0.004831,-0.009977,-0.037108,-0.059469,-0.073183,-0.080587,1.7378,-0.093954,-0.10533,-0.11631,-0.15333,-0.1673,-0.18762,-0.22186,-0.22926,-0.23666,-0.24407,1.6806,-0.25247,-0.27468,-0.28079,-0.28362,-0.29073,-0.29073,-0.2959,-0.3033,-0.3107,-0.31811,1.0,1.0
2.308,2.23,2.1187,-0.30712,-0.32662,-0.33809,-0.34784,-0.353,-0.35587,-0.36447,-0.36447,-0.37364,-0.38339,2.109,-0.38741,-0.39142,-0.40117,-0.41092,-0.42067,-0.43042,-0.44017,-0.44992,-0.45967,-0.46942,2.0992,-0.47917,-0.48892,-0.50669,-0.51988,-0.52963,-0.53938,-0.54913,-0.55888,-0.56863,-0.58583,2.0895,-0.5996,-0.60935,-0.6191,-0.62942,-0.64892,-0.65982,-0.66956,-0.67931,-0.6925,-0.71028,2.0797,-0.72003,-0.73953,-0.751,-0.76706,-0.78656,-0.80605,-0.82555,-0.84505,-0.86455,-0.88405,2.07,-0.90355,-0.92305,-0.94255,-0.96204,-0.98154,-1.001,-1.0205,-1.04,-1.0561,-1.0676,2.0534,-1.0871,-1.1066,-1.118,-1.1341,-1.149,-1.1588,-1.1685,-1.1782,-1.188,-1.1903,2.039,-1.196,-1.2058,-1.2132,-1.2138,-1.2236,-1.2247,-1.2316,-1.2362,-1.2362,-1.2379,2.0293,-1.2476,-1.2476,-1.2476,-1.2539,-1.2637,-1.2706,-1.2717,-1.2815,-1.2821,-1.2821,2.0195,-1.2763,-1.2706,-1.2683,-1.2591,-1.2591,-1.2505,-1.2476,-1.2425,-1.2362,-1.2345,2.2082,2.0098,-1.2247,-1.2247,-1.2167,-1.2132,-1.2086,-1.1989,-1.1903,-1.1903,-1.1811,-1.1714,1.9903,-1.1674,-1.1633,-1.1536,-1.1438,-1.1341,-1.1243,-1.1146,-1.1048,-1.0951,-1.0853,1.9226,-1.0756,-1.0658,-1.0561,-1.04,-1.0251,-1.0154,-1.0056,-0.99588,-0.97695,-0.96491,1.8572,-0.95516,-0.94541,-0.93337,-0.91444,-0.90469,-0.89495,-0.87143,-0.85251,-0.83932,-0.82154,1.7987,-0.81179,-0.80204,-0.78426,-0.77107,-0.76132,-0.74871,-0.73035,-0.7206,-0.71086,-0.69365,1.7517,-0.67989,-0.67014,-0.65809,-0.63917,-0.62942,-0.61107,-0.59845,-0.5887,-0.57551,-0.55773,1.7288,-0.54798,-0.53824,-0.52849,-0.51874,-0.50899,-0.49924,-0.48949,-0.47974,-0.46999,-0.46024,1.68,-0.45049,-0.44074,-0.43329,-0.43271,-0.42296,-0.41321,-0.41035,-0.40519,-0.39888,-0.39716,1.6588,-0.38741,-0.37766,-0.37594,-0.36963,-0.35988,-0.353,-0.35185,-0.3421,-0.33235,-0.3226,1.6393,-0.31285,-0.3031,-0.29336,-0.28361,-0.27386,-0.26411,-0.25436,-0.24977,-0.24633,-0.23658,2.1985,1.6026,-0.22683,-0.20733,-0.20389,-0.19758,-0.18783,-0.17808,-0.16719,-0.14769,-0.13737,-0.12762,1.5619,-0.11787,-0.10812,-0.098369,-0.088046,-0.068548,-0.057652,-0.047902,-0.032991,-0.016934,-0.005464,1.5326,0.014035,0.023784,0.033533,0.049591,0.06909,0.085721,0.09547,0.10522,0.11497,0.13963,1.5005,0.15741,0.17117,0.18838,0.19927,0.22852,0.24056,0.25031,0.26522,0.28128,0.29447,1.4225,0.32372,0.33347,0.34322,0.35297,0.3673,0.38394,0.39368,0.40343,0.41318,0.43039,1.3961,0.43842,0.44243,0.45218,0.46193,0.47168,0.48143,0.4843,0.48946,0.49921,0.50896,1.3698,0.51871,0.52845,0.5382,0.54795,0.56229,0.58466,0.61276,0.63226,0.67928,0.70566,1.3302,0.7309,0.77219,0.8261,0.86739,0.94538,0.98897,1.028,1.0979,1.1748,1.2241,1.2918,1.3216,1.3703,1.4191,1.5057,1.5854,1.637,1.7012,1.8085,1.8698,1.9656,1.2723,2.0385,2.0912,2.1566,2.2415,2.2805,2.3109,2.3263,2.3154,2.1887,1.2528,1.1748,1.145,1.1191,1.0899,1.0549,1.0096,0.99011,0.96144,0.91728,2.179,0.88574,0.86624,0.84674,0.82495,0.76645,0.74237,0.70222,0.65864,0.6334,0.63168,2.1692,0.62193,0.62193,0.56573,0.53534,0.521,0.4929,0.44874,0.43899,0.42924,0.38967,2.1595,0.36386,0.33806,0.29849,0.28874,0.27899,0.26924,0.23196,0.20386,0.18035,0.13848,2.1497,0.12873,0.11898,0.1012,0.088015,0.059914,0.014035,-0.021522,-0.031271,-0.04102,-0.080591,2.1325,-0.1064,-0.11213,-0.11443,-0.12418,-0.13393,-0.14367,-0.18095,-0.20389,-0.23142,-0.29737,1.0,1.0
-0.87245,-0.87245,-0.83252,-1.4514,-1.3916,-1.3384,-1.272,-1.2054,-1.1524,-1.0924,-1.0329,-0.97945,-0.93294,-0.83252,-0.86646,-0.81994,-0.77343,-0.72691,-0.6804,-0.65335,-0.60733,-0.5669,-0.53426,-0.50043,-0.85208,-0.47717,-0.45391,-0.41069,-0.39332,-0.38414,-0.36088,-0.32185,-0.2944,-0.27114,-0.25358,-0.85248,-0.24459,-0.22134,-0.21365,-0.19478,-0.17153,-0.14827,-0.12501,-0.11383,-0.09846,-0.093868,-0.85248,-0.073905,-0.068614,-0.053941,-0.042063,-0.018805,-0.014014,0.007746,0.036094,0.074225,0.097482,-0.87145,0.12074,0.144,0.18722,0.21048,0.24192,0.27695,0.31498,0.34343,0.38805,0.43457,-0.90519,0.48108,0.5276,0.55954,0.60066,0.64718,0.69369,0.73242,0.76676,0.81327,0.85979,-0.91237,0.9063,0.95282,0.99933,1.0458,1.0782,1.1189,1.1654,1.2119,1.2585,1.305,-0.91237,1.3375,1.378,1.4246,1.4672,1.4976,1.5337,1.5569,1.5802,1.6034,1.6267,-0.9523,1.6499,1.6732,1.6829,1.6998,1.7228,1.7263,1.7496,1.7627,1.7761,1.7827,-0.85927,-0.9523,1.7627,1.7395,1.7162,1.7028,1.6897,1.6664,1.6432,1.6399,1.6166,1.5934,-0.96158,1.5831,1.5668,1.5435,1.5203,1.497,1.4643,1.4305,1.4073,1.384,1.3608,-0.97226,1.3315,1.2943,1.271,1.2319,1.2046,1.1813,1.158,1.1348,1.1115,1.0883,-0.97226,1.046,1.0218,0.99854,0.97528,0.95202,0.91329,0.88554,0.85809,0.7991,0.76716,-0.99143,0.73262,0.70936,0.66754,0.64289,0.61963,0.58789,0.55315,0.52989,0.50663,0.48338,-0.99223,0.46012,0.43686,0.4136,0.39035,0.38526,0.36529,0.3605,0.34533,0.33395,0.32537,-0.99223,0.3074,0.3041,0.28085,0.25759,0.23433,0.21107,0.20558,0.20558,0.20998,0.22555,-0.99223,0.22555,0.23982,0.24551,0.24641,0.26548,0.26548,0.26548,0.27955,0.28544,0.28544,-0.97985,0.28544,0.29273,0.3054,0.3054,0.32257,0.32537,0.32537,0.32537,0.33575,0.34533,-0.97226,0.34533,0.36529,0.36529,0.36529,0.37547,0.38526,0.38526,0.38526,0.38526,0.38526,-0.8424,-0.97226,0.38526,0.39853,0.40522,0.40522,0.40522,0.40522,0.40522,0.40522,0.40522,0.40522,-0.96997,0.40522,0.40522,0.40522,0.40522,0.40522,0.40522,0.40522,0.40522,0.40522,0.40522,-0.9523,0.40522,0.40522,0.38526,0.36759,0.32537,0.32537,0.32537,0.32537,0.32537,0.32537,-0.9523,0.32537,0.33764,0.34533,0.34533,0.34533,0.33984,0.32537,0.32537,0.32537,0.32537,-0.9523,0.32537,0.32537,0.31678,0.3054,0.3054,0.3054,0.3054,0.3054,0.3054,0.3054,-0.9523,0.3054,0.3054,0.3054,0.3054,0.3054,0.3054,0.3054,0.3054,0.3054,0.3054,-0.9523,0.3054,0.3054,0.29083,0.28544,0.28544,0.28544,0.27765,0.26548,0.26548,0.26548,-0.9523,0.24551,0.24551,0.24551,0.24551,0.24551,0.24551,0.24471,0.22555,0.22555,0.23623,-0.94691,0.24551,0.24551,0.24551,0.24551,0.2527,0.26548,0.26548,0.26548,0.28544,0.28544,-0.93234,0.28544,0.29572,0.3054,0.3054,0.3054,0.3054,0.3054,0.3054,-0.85248,-0.93234,-0.91706,-0.91237,-0.91237,-0.91237,-0.90389,-0.89241,-0.89241,-0.89241,-0.87245,-0.83601,-0.87245,-0.87245,-0.86087,-0.85248,-0.85248,-0.85248,-0.85248,-0.93333,-1.0635,-1.1454,-0.83252,-1.2617,-1.398,-1.4959,-1.5507,-1.6335,-1.7234,-1.7686,-1.8728,-1.9281,-1.9981,-0.83252,-2.0213,-2.0446,-2.1381,-2.151,-2.1868,-2.2574,-2.313,-2.3497,-2.3671,-2.4496,-0.83252,-2.4536,-2.4622,-2.4284,-2.3958,-2.3553,-2.3088,-2.2623,-2.2158,-2.1693,-2.1091,-0.83252,-2.0563,-1.9898,-1.9397,-1.8699,-1.8103,-1.7503,-1.6973,-1.6308,-1.5644,-1.5112,4.0,4.0
-2.2262,-2.1307,-1.841,-0.65141,-0.64608,-0.6393,-0.6393,-0.63009,-0.62718,-0.62718,-0.62621,-0.61507,-0.61507,-1.8061,-0.61507,-0.61507,-0.61507,-0.61507,-0.61507,-0.61507,-0.61458,-0.60296,-0.60296,-0.59084,-1.7712,-0.59084,-0.58793,-0.57873,-0.57873,-0.57194,-0.56661,-0.56128,-0.5545,-0.55062,-0.54239,-1.7363,-0.53996,-0.53027,-0.53027,-0.52397,-0.51816,-0.51816,-0.51816,-0.51816,-0.50944,-0.50605,-1.7014,-0.50605,-0.50605,-0.50605,-0.50605,-0.50605,-0.49636,-0.49393,-0.49393,-0.49393,-0.48715,-1.6665,-0.48182,-0.48182,-0.48182,-0.48182,-0.48182,-0.48182,-0.47407,-0.46874,-0.45129,-0.43385,-1.6321,-0.4164,-0.40914,-0.39702,-0.3883,-0.38297,-0.3728,-0.3602,-0.34857,-0.33742,-0.32434,-1.6089,-0.31465,-0.30932,-0.29188,-0.288,-0.28122,-0.27589,-0.26377,-0.26377,-0.25166,-0.24245,-1.574,-0.23712,-0.22743,-0.21532,-0.20902,-0.2032,-0.19836,-0.19109,-0.19109,-0.18237,-0.17898,-1.5391,-0.17898,-0.16686,-0.16105,-0.15475,-0.13827,-0.13052,-0.11841,-0.11017,-0.10484,-0.094181,-2.0958,-1.5139,-0.082067,-0.076737,-0.069954,-0.05784,-0.048634,-0.043304,-0.033613,-0.021499,-0.0152,0.002244,-1.4814,0.014842,0.025017,0.039069,0.047791,0.053121,0.063297,0.07541,0.081225,0.087524,0.087524,-1.4466,0.087524,0.099638,0.099638,0.10109,0.11175,0.12387,0.1292,0.13598,0.14809,0.1573,-1.4238,0.16263,0.18007,0.1854,0.19655,0.20818,0.22077,0.23095,0.24839,0.25712,0.26923,-1.3889,0.2765,0.28183,0.29346,0.3046,0.30993,0.31768,0.3298,0.3298,0.34336,0.35402,-1.3661,0.35402,0.36614,0.3768,0.37825,0.37825,0.39037,0.39037,0.39134,0.40248,0.41411,-1.3433,0.42671,0.43688,0.43882,0.44754,0.45093,0.45093,0.45142,0.46886,0.47516,0.48728,-1.3191,0.49697,0.5115,0.51974,0.53573,0.54251,0.55996,0.56529,0.58273,0.58806,0.5963,-1.3017,0.60841,0.61616,0.62149,0.63264,0.63264,0.64475,0.65493,0.66026,0.66898,0.68109,-1.2842,0.68109,0.69321,0.69902,0.70532,0.70532,0.71501,0.71744,0.72567,0.731,0.74166,-2.0731,-1.2668,0.75378,0.75911,0.77655,0.78188,0.79932,0.81434,0.8221,0.83954,0.85069,0.86231,-1.2493,0.86764,0.88509,0.89042,0.89914,0.91319,0.92337,0.93548,0.9413,0.9476,0.95971,-1.2319,0.9694,0.97182,0.98006,0.98394,0.99072,1.0082,1.0082,1.0082,1.0043,0.99605,-1.2145,0.99605,0.99605,0.99605,0.99605,0.98442,0.98394,0.99411,0.99605,1.0048,1.0082,-1.2086,1.0154,1.0203,1.0203,1.0203,1.0246,1.0324,1.0324,1.0324,1.0445,1.0445,-1.2086,1.0566,1.0566,1.0566,1.0687,1.0687,1.0712,1.0808,1.0818,1.0993,1.1167,-1.1985,1.1341,1.1516,1.1811,1.2073,1.2422,1.2771,1.312,1.3527,1.3939,1.4452,-1.1965,1.4879,1.5378,1.5819,1.6303,1.6827,1.735,1.782,1.8275,1.8799,1.9322,-1.1878,1.9845,2.0291,2.0771,2.1294,2.1701,2.2098,2.252,2.2869,2.313,2.3445,-1.1825,2.3722,2.4017,2.425,2.4487,2.4662,2.4836,2.5011,2.5185,-2.0382,-1.1723,-1.1602,-1.1602,-1.1602,-1.1481,-1.1481,-1.1452,-1.136,-1.1345,-1.1238,-2.0033,-1.1117,-1.1064,-1.0996,-1.0875,-1.0875,-1.0875,-1.0875,-1.0875,-1.0875,-1.0875,-1.9762,-1.0827,-1.0754,-1.0754,-1.0754,-1.0633,-1.056,-1.0507,-1.039,-1.0279,-1.0148,-1.9456,-1.0051,-0.9998,-0.98236,-0.97703,-0.95958,-0.94214,-0.93002,-0.91936,-0.90192,-0.88448,-1.9107,-0.86703,-0.84959,-0.83215,-0.8147,-0.79726,-0.77982,-0.77255,-0.75704,-0.74832,-0.73427,-1.8759,-0.72409,-0.71149,-0.69986,-0.68872,-0.68339,-0.67564,-0.66352,-0.66352,-0.66207,-0.65141,3.0,5.0
-0.71477,-0.71477,-0.73475,-1.0995,-1.1205,-1.1699,-1.2425,-1.2635,-1.2948,-1.3707,-1.4265,-1.4476,-1.4686,-0.73475,-1.5516,-1.6568,-1.6916,-1.7126,-1.7337,-1.8376,-1.9338,-1.9366,-1.9538,-1.9587,-0.73475,-1.9678,-1.9467,-1.9257,-1.9047,-1.8836,-1.8626,-1.8416,-1.8205,-1.7995,-1.7785,-0.73475,-1.7574,-1.7364,-1.7154,-1.6943,-1.6533,-1.6323,-1.6085,-1.5702,-1.5443,-1.5022,-0.73475,-1.4672,-1.4381,-1.396,-1.354,-1.3231,-1.2898,-1.2477,-1.2057,-1.1636,-1.138,-0.73475,-1.0995,-1.0574,-1.0153,-0.97391,-0.95118,-0.90911,-0.87084,-0.84496,-0.8029,-0.76778,-0.73475,-0.73875,-0.70573,-0.6746,-0.64368,-0.61045,-0.58163,-0.5463,-0.50424,-0.47856,-0.44009,-0.73475,-0.41651,-0.37594,-0.33447,-0.31344,-0.28971,-0.25139,-0.22556,-0.18934,-0.16831,-0.14727,-0.73475,-0.12624,-0.10521,-0.073085,-0.043159,-0.022125,-0.001092,0.019941,0.040974,0.062007,0.08304,-0.73475,0.10407,0.14454,0.14614,0.16717,0.18821,0.20924,0.23027,0.2513,0.27234,0.29337,-0.71477,-0.73475,0.3144,0.33544,0.35647,0.36436,0.37855,0.39959,0.40433,0.42167,0.42432,0.44375,-0.73475,0.4448,0.46428,0.46428,0.46793,0.48427,0.49001,0.50425,0.50425,0.51314,0.52424,-0.73475,0.52424,0.53628,0.54422,0.55836,0.57939,0.58419,0.60147,0.62251,0.62416,0.64414,-0.73475,0.64564,0.66412,0.66772,0.68875,0.70409,0.71084,0.73187,0.7529,0.77394,0.79497,-0.73475,0.816,0.83703,0.85807,0.8791,0.90013,0.92117,0.96049,0.98322,1.0043,1.0253,-0.73475,1.0488,1.0873,1.1084,1.135,1.1704,1.1914,1.2213,1.2535,1.2854,1.3155,-0.73475,1.3366,1.3717,1.3986,1.4358,1.4607,1.5,1.5227,1.5638,1.5862,1.6258,-0.73475,1.6468,1.6724,1.7089,1.7299,1.751,1.772,1.793,1.814,1.8351,1.8561,-0.73475,1.8632,1.8782,1.8992,1.9203,1.9413,1.9623,1.9628,1.9431,1.9407,1.9231,-0.73475,1.9186,1.8976,1.8831,1.8755,1.8545,1.8432,1.8324,1.8114,1.7774,1.7493,-0.71477,-0.73475,1.7283,1.6912,1.6491,1.6252,1.585,1.5429,1.5009,1.4588,1.4167,1.3747,-0.73475,1.3326,1.2905,1.2485,1.2064,1.1643,1.1223,1.0684,1.0181,0.97607,0.93401,-0.73475,0.89194,0.84987,0.80781,0.76574,0.72368,0.68286,0.65953,0.61746,0.57539,0.53877,-0.73475,0.51774,0.48916,0.45569,0.43466,0.41362,0.39259,0.38435,0.38435,0.38435,0.38435,-0.71907,0.38435,0.36631,0.36436,0.36436,0.36436,0.36436,0.36107,0.34438,0.34438,0.33794,-0.71477,0.3244,0.3244,0.3244,0.31375,0.30441,0.29167,0.28443,0.28443,0.26854,0.26444,-0.71477,0.26444,0.24541,0.24446,0.24446,0.24446,0.24446,0.24016,0.22448,0.21808,0.20449,-0.71477,0.196,0.18451,0.17392,0.15288,0.13185,0.11082,0.10457,0.088735,0.084589,0.066653,-0.69488,0.064605,0.064605,0.064605,0.066753,0.084589,0.088835,0.10457,0.11092,0.13195,0.15298,-0.69479,0.16452,0.17507,0.18451,0.19715,0.20449,0.21923,0.22448,0.24131,-0.71477,-0.69479,-0.69479,-0.69479,-0.69479,-0.69479,-0.69479,-0.69479,-0.69479,-0.69479,-0.69479,-0.72001,-0.6823,-0.6748,-0.6748,-0.6748,-0.6748,-0.6748,-0.6748,-0.6748,-0.6748,-0.6748,-0.73475,-0.6718,-0.65482,-0.65482,-0.65482,-0.65482,-0.64657,-0.63483,-0.63483,-0.62344,-0.61485,-0.73475,-0.61485,-0.60031,-0.59487,-0.57823,-0.57488,-0.57488,-0.57488,-0.5549,-0.5549,-0.55195,-0.73475,-0.53491,-0.53491,-0.53491,-0.52777,-0.51493,-0.51493,-0.51493,-0.51493,-0.51493,-0.51493,-0.73475,-0.52942,-0.62814,-0.70458,-0.78531,-0.88813,-0.91436,-0.91541,-0.94383,-1.0374,-1.0624,4.0,4.0
0.87478,0.87478,0.89583,-0.13545,-0.023065,0.005138,0.12815,0.26864,0.40544,0.52856,0.66905,0.80954,0.95002,0.89583,1.0726,1.2061,1.3184,1.4308,1.459,1.5604,1.6628,1.75,1.8231,1.8793,0.89583,1.9355,1.9692,1.9692,1.9692,1.9692,1.9508,1.7455,1.6612,1.5769,1.4295,0.89583,1.3104,1.2536,1.1555,1.0596,0.94718,0.83006,0.68957,0.54909,0.42965,0.28916,0.89583,0.16762,0.075012,0.027026,-0.085362,-0.1927,-0.30119,-0.42253,-0.78232,-0.86661,-0.9509,0.89583,-0.99836,-1.023,-1.0792,-1.109,-1.1495,-1.1862,-1.2143,-1.2424,-1.2509,-1.272,0.89583,-1.272,-1.272,-1.272,-1.2592,-1.2509,-1.2241,-1.1831,-1.1468,-1.0918,-1.0356,0.89583,-0.97942,-0.93522,-0.89607,-0.83188,-0.72749,-0.6432,-0.5387,-0.42632,-0.31393,-0.20154,0.89583,-0.068104,0.044284,0.075012,0.21234,0.35283,0.49331,0.61275,0.75324,0.89372,1.0342,0.88814,1.161,1.2941,1.3799,1.435,1.5474,1.6388,1.7234,1.8005,1.8568,1.899,0.87478,0.87478,1.9271,1.9552,1.9692,1.9692,1.962,1.8061,1.6739,1.5896,1.491,1.4,0.87404,1.3083,1.2536,1.1677,1.0554,0.94297,0.80954,0.68957,0.54909,0.40923,0.28916,0.85373,0.16341,0.050282,-0.082416,-0.17997,-0.28615,-0.46957,-0.6854,-0.76969,-0.84598,-0.91723,0.8389,-0.93733,-0.99352,-1.0346,-1.0837,-1.1118,-1.1246,-1.1457,-1.1374,-1.1246,-1.1036,0.8108,-1.0952,-1.0671,-1.0179,-0.98131,-0.92512,-0.86892,-0.81273,-0.75654,-0.6793,-0.61437,0.7827,-0.57743,-0.52997,-0.44568,-0.36139,-0.2771,-0.1928,-0.12451,-0.045269,0.039023,0.10721,0.7546,0.18656,0.27085,0.30652,0.39734,0.48163,0.58223,0.67126,0.75555,0.83984,0.92413,0.72745,1.0084,1.0927,1.177,1.2613,1.3456,1.4088,1.4931,1.5774,1.6379,1.6941,0.71946,1.7503,1.8037,1.8219,1.8558,1.888,1.9061,1.9231,1.9302,1.9482,1.9482,0.69136,0.053966,0.03355,-0.022644,-0.075576,-0.11399,-0.17018,-0.22301,-0.26152,-0.31772,-0.35286,0.87478,0.66221,-0.38801,-0.42316,-0.45831,-0.5145,-0.55302,-0.60584,-0.6513,-0.69718,-0.74959,-0.78853,0.61412,-0.82683,-0.87598,-0.89313,-0.91112,-0.96027,-0.98836,-1.0165,-1.0446,-1.0727,-1.1008,0.58602,-1.1246,-1.1359,-1.1457,-1.1667,-1.1781,-1.1878,-1.1878,-1.1878,-1.1878,-1.1878,0.55677,-1.1878,-1.1692,-1.1667,-1.1667,-1.148,-1.1246,-1.1129,-1.0848,-1.0567,-1.0286,0.50057,-1.0005,-0.95132,-0.92322,-0.91417,-0.86198,-0.81789,-0.77064,-0.6934,-0.6372,-0.56175,0.44438,-0.49851,-0.42653,-0.35097,-0.29309,-0.26173,-0.16439,-0.09799,-0.038744,0.008926,0.059543,0.38818,0.08764,0.11574,0.12279,0.13815,0.13815,0.1592,0.17204,0.18024,0.18024,0.18024,0.33199,0.18024,0.18024,0.18024,0.18024,0.1592,0.1592,0.1592,0.1592,0.1592,0.17951,0.30652,0.18024,0.18024,0.18024,0.18024,0.18024,0.18024,0.18024,0.18024,0.15962,0.1592,0.26169,0.1592,0.1592,0.1592,0.1592,0.1592,0.15236,0.13815,0.13815,0.87478,0.19708,0.12826,0.072066,0.007348,-0.061369,-0.11914,-0.1948,-0.251,-0.32487,-0.34234,0.87478,-0.41432,-0.47578,-0.54081,-0.60921,-0.68645,-0.74265,-0.81483,-0.87808,-0.96237,-1.0306,0.87478,-1.1036,-1.1219,-1.1943,-1.2553,-1.3115,-1.3514,-1.4006,-1.4287,-1.4568,-1.4824,0.88204,-1.4919,-1.52,-1.5245,-1.5341,-1.5456,-1.5456,-1.5456,-1.5288,-1.5245,-1.5147,0.89583,-1.4866,-1.4824,-1.4725,-1.4275,-1.3953,-1.3572,-1.3181,-1.2659,-1.1996,-1.1324,0.89583,-1.052,-0.95753,-0.91417,-0.83799,-0.73591,-0.65162,-0.54291,-0.44094,-0.33918,-0.24784,2.0,2.0
-0.62706,-0.60452,-0.61579,-1.7172,-1.7022,-1.6872,-1.6609,-1.6459,-1.6309,-1.6046,-1.5831,-1.5633,-1.5456,-0.61579,-1.522,-1.507,-1.4807,-1.4657,-1.4405,-1.4244,-1.403,-1.3831,-1.3655,-1.3354,-0.61579,-1.3155,-1.2866,-1.2566,-1.2266,-1.2078,-1.1778,-1.1478,-1.1177,-1.094,-1.0689,-0.61579,-1.0389,-1.0089,-0.97885,-0.96008,-0.93006,-0.91003,-0.88374,-0.8625,-0.84245,-0.82743,-0.61579,-0.81242,-0.7974,-0.78239,-0.76737,-0.76227,-0.74861,-0.7336,-0.71858,-0.70357,-0.68855,-0.61579,-0.67354,-0.65852,-0.64351,-0.6285,-0.61348,-0.59847,-0.59325,-0.5797,-0.57072,-0.56094,-0.61579,-0.5572,-0.54818,-0.53844,-0.53469,-0.52565,-0.51593,-0.51218,-0.50311,-0.49342,-0.49184,-0.61579,-0.48593,-0.47091,-0.45804,-0.45215,-0.43714,-0.42423,-0.41838,-0.40336,-0.39961,-0.3846,-0.61579,-0.36958,-0.35457,-0.33956,-0.32454,-0.29826,-0.28324,-0.26823,-0.24195,-0.22693,-0.20242,-0.60452,-0.18366,-0.15935,-0.13487,-0.10679,-0.086081,-0.056052,-0.026023,0.004006,0.024627,0.052797,-0.60452,-0.60452,0.082826,0.11286,0.13162,0.16165,0.19168,0.2217,0.25173,0.28176,0.31179,0.33627,-0.60452,0.36058,0.39061,0.41512,0.4394,0.46943,0.49946,0.52949,0.54825,0.57828,0.60831,-0.60452,0.63834,0.66293,0.68713,0.71716,0.74178,0.76595,0.79598,0.82063,0.84477,0.87319,-0.60452,0.89356,0.92359,0.94235,0.97238,0.99334,1.0196,1.0399,1.0609,1.0887,1.1135,-0.60452,1.1375,1.166,1.1863,1.2163,1.2351,1.2599,1.2839,1.3026,1.3275,1.3425,-0.60452,1.3688,1.389,1.4101,1.4364,1.4514,1.4753,1.4927,1.5128,1.534,1.549,-0.60452,1.564,1.579,1.594,1.6141,1.6353,1.6503,1.6654,1.6804,1.6954,1.7104,-0.60452,1.7254,1.7404,1.7555,1.7618,1.7742,1.7892,1.7869,1.7831,1.7681,1.7531,-0.60452,1.7494,1.7344,1.7193,1.7054,1.7006,1.6942,1.6818,1.6668,1.6603,1.648,-0.60452,1.6378,1.6207,1.603,1.588,1.573,1.558,1.5382,1.5082,1.4904,1.4707,-0.60452,-0.60452,1.4491,1.4228,1.3984,1.3618,1.343,1.3177,1.3026,1.2651,1.2455,1.2238,-0.60452,1.1975,1.1825,1.1508,1.1187,1.0991,1.0774,1.0608,1.0248,1.0015,0.98351,-0.60452,0.95948,0.92269,0.90393,0.8739,0.85209,0.8237,0.77699,0.75378,0.72443,0.70499,-0.60452,0.66679,0.63366,0.60803,0.58487,0.55422,0.51791,0.49478,0.47602,0.44166,0.41278,-0.60452,0.39777,0.37844,0.35647,0.33019,0.31089,0.28889,0.24007,0.22506,0.21804,0.19551,-0.60452,0.19128,0.17627,0.16215,0.17297,0.17297,0.17339,0.18424,0.18424,0.19551,0.19551,-0.60452,0.20339,0.20677,0.20677,0.20677,0.20677,0.20677,0.20677,0.19551,0.19551,0.19551,-0.60452,0.19522,0.18424,0.19201,0.19551,0.19551,0.19551,0.19551,0.19551,0.19551,0.19551,-0.61168,0.19945,0.20677,0.20677,0.20677,0.20677,0.20677,0.21066,0.21804,0.21804,0.21804,-0.61579,0.21804,0.21804,0.21804,0.22562,0.22931,0.22931,0.22931,0.24058,-0.60824,-0.61579,-0.61579,-0.61579,-0.60452,-0.60452,-0.60452,-0.60452,-0.60452,-0.60452,-0.60452,-0.61579,-0.60452,-0.60452,-0.60452,-0.60452,-0.60452,-0.60452,-0.60452,-0.60452,-0.60452,-0.60452,-0.61579,-0.60452,-0.60452,-0.60452,-0.60452,-0.63157,-0.69284,-0.73788,-0.81484,-0.87056,-0.8962,-0.61579,-0.92735,-0.99006,-1.0625,-1.0839,-1.1071,-1.1327,-1.2169,-1.2716,-1.3333,-1.3776,-0.61579,-1.4609,-1.4939,-1.5878,-1.6432,-1.7379,-1.7568,-1.7987,-1.8319,-1.8861,-1.8711,-0.61579,-1.8561,-1.8524,-1.8374,-1.8223,-1.8073,-1.7923,-1.7773,-1.7623,-1.7473,-1.7323,4.0,4.0
2.0989,1.9553,1.6351,0.18785,0.1748,0.16455,0.16455,0.16175,0.15523,0.081581,-0.029353,-0.056388,-0.069439,1.6156,-0.08249,-0.097406,-0.11698,-0.13656,-0.15614,-0.17571,-0.19529,-0.21487,-0.23444,-0.25402,1.596,-0.2736,-0.29317,-0.31275,-0.33233,-0.35703,-0.38313,-0.40923,-0.43394,-0.45351,-0.47589,1.5731,-0.50199,-0.52809,-0.55419,-0.5803,-0.6064,-0.6325,-0.6586,-0.68471,-0.71081,-0.73691,1.547,-0.76767,-0.8003,-0.82687,-0.85297,-0.87907,-0.90518,-0.93128,-0.95738,-0.98348,-1.0045,1.5209,-1.024,-1.0501,-1.0748,-1.0944,-1.114,-1.1336,-1.149,-1.162,-1.1806,-1.1998,1.4948,-1.2128,-1.2259,-1.2389,-1.252,-1.265,-1.2781,-1.2911,-1.2981,-1.3056,-1.3186,1.4748,-1.3293,-1.3359,-1.3424,-1.3489,-1.3554,-1.362,-1.362,-1.3634,-1.3699,-1.3736,1.4543,-1.3736,-1.3736,-1.3736,-1.3792,-1.3853,-1.3853,-1.3871,-1.3937,-1.3969,-1.3969,1.4282,-1.4016,-1.4081,-1.4086,-1.4086,-1.4086,-1.4109,-1.4174,-1.4202,-1.4202,-1.4202,1.8384,1.4021,-1.4202,-1.4137,-1.4086,-1.4086,-1.4058,-1.3993,-1.3969,-1.3969,-1.3913,-1.3853,1.376,-1.3853,-1.3834,-1.3769,-1.3704,-1.3638,-1.3573,-1.3508,-1.3443,-1.3368,-1.3237,1.3499,-1.313,-1.3065,-1.2962,-1.2832,-1.2701,-1.2571,-1.244,-1.231,-1.2179,-1.2049,1.3238,-1.1918,-1.1788,-1.1657,-1.1471,-1.128,-1.1149,-1.1019,-1.0888,-1.0725,-1.0529,1.2977,-1.038,-1.025,-1.0059,-0.98721,-0.97416,-0.95878,-0.9392,-0.92336,-0.9103,-0.89213,1.2716,-0.87255,-0.85297,-0.83479,-0.82174,-0.80589,-0.78632,-0.76674,-0.74716,-0.73318,-0.71966,1.252,-0.70009,-0.68238,-0.66932,-0.65301,-0.63343,-0.61852,-0.60547,-0.58636,-0.56771,-0.55466,1.231,-0.53928,-0.5197,-0.50385,-0.4908,-0.47263,-0.45305,-0.44,-0.42695,-0.4139,-0.40084,1.2049,-0.38779,-0.37474,-0.36169,-0.34864,-0.33559,-0.32254,-0.31135,-0.30483,-0.29504,-0.28199,1.1788,-0.2736,-0.26707,-0.26054,-0.25402,-0.24749,-0.2433,-0.2433,-0.23957,-0.23304,-0.22652,1.8188,1.1527,-0.21999,-0.12211,-0.022828,0.081581,0.14684,0.15989,0.17294,0.18599,0.19345,0.20044,1.1266,0.21349,0.22468,0.2312,0.24099,0.25404,0.26243,0.26896,0.28154,0.29366,0.30019,1.1005,0.30671,0.31324,0.31976,0.32629,0.33282,0.33934,0.34587,0.35099,0.35099,0.35379,1.0744,0.36032,0.36265,0.36265,0.36824,0.3743,0.3743,0.3743,0.3743,0.37756,0.38409,1.0483,0.38595,0.38595,0.37989,0.38735,0.47871,0.58638,0.72342,0.79333,0.81291,0.83249,1.0222,0.85206,0.87164,0.89262,0.91872,0.94202,0.9616,0.98118,1.0008,1.0259,1.052,0.99796,1.0781,1.1024,1.1219,1.1448,1.1709,1.1923,1.2119,1.2375,1.2636,1.2897,0.97838,1.3135,1.3331,1.3564,1.3825,1.4086,1.4347,1.4543,1.4753,1.5014,1.5275,0.9588,1.5536,1.5755,1.595,1.6146,1.6342,1.6538,1.6752,1.7013,1.7242,1.7437,0.93923,1.7633,1.7829,1.7964,1.8095,1.8225,1.8356,1.8486,1.8617,1.7992,0.91499,0.88889,0.86884,0.8502,0.83715,0.82177,0.80219,0.78634,0.77329,0.76024,1.7796,0.74719,0.73414,0.72109,0.70803,0.69498,0.68193,0.6563,0.62367,0.61341,0.60689,1.7475,0.60036,0.5957,0.5957,0.59244,0.58591,0.58405,0.58405,0.57799,0.56774,0.53511,1.7083,0.5118,0.50528,0.50248,0.50248,0.4871,0.46752,0.461,0.45307,0.44002,0.42697,1.6803,0.41392,0.39667,0.3771,0.36871,0.36171,0.34866,0.33188,0.30578,0.28947,0.28294,1.6547,0.27175,0.2587,0.24565,0.23353,0.22701,0.22048,0.21396,0.2037,0.19065,0.18785,1.0,1.0
-0.39528,-0.45121,-0.52925,-1.7551,-1.7394,-1.7193,-1.708,-1.6857,-1.6633,-1.6409,-1.6185,-1.5938,-1.5604,-0.53173,-1.538,-1.5157,-1.4863,-1.4575,-1.4326,-1.3994,-1.377,-1.3453,-1.3118,-1.2782,-0.54265,-1.2473,-1.2245,-1.1909,-1.1574,-1.1238,-1.0902,-1.0567,-1.0231,-0.98956,-0.96558,-0.54265,-0.93584,-0.90744,-0.88212,-0.8493,-0.82693,-0.80455,-0.78218,-0.75981,-0.73744,-0.71506,-0.55189,-0.69269,-0.68016,-0.66134,-0.64439,-0.63321,-0.62202,-0.61084,-0.59965,-0.58846,-0.57728,-0.55604,-0.56944,-0.5683,-0.55711,-0.54593,-0.53474,-0.52925,-0.52925,-0.52798,-0.51679,-0.51585,-0.55604,-0.50781,-0.49663,-0.48544,-0.47426,-0.46307,-0.45188,-0.43252,-0.41611,-0.40493,-0.3922,-0.55604,-0.36983,-0.35797,-0.33848,-0.31611,-0.29373,-0.27136,-0.24899,-0.22662,-0.20424,-0.17564,-0.55604,-0.1461,-0.12373,-0.10136,-0.0682,-0.043215,-0.020843,0.005683,0.037299,0.059672,0.092963,-0.55604,0.12652,0.15358,0.18024,0.2138,0.24736,0.26987,0.30108,0.33464,0.3682,0.39955,-0.46227,-0.55604,0.42192,0.45548,0.48904,0.5226,0.5516,0.57632,0.60988,0.64344,0.66788,0.69716,-0.55604,0.72603,0.75088,0.78444,0.818,0.84231,0.87172,0.90528,0.93622,0.959,0.99256,-0.55604,1.0167,1.0463,1.0749,1.1,1.1336,1.1671,1.1912,1.2208,1.2493,1.2746,-0.5533,1.3074,1.3298,1.3618,1.388,1.4103,1.4327,1.4551,1.4775,1.4998,1.5146,-0.54265,1.5312,1.5504,1.5616,1.5728,1.5939,1.6085,1.6197,1.6309,1.6421,1.6533,-0.54265,1.6645,1.6757,1.6868,1.698,1.7092,1.7204,1.7316,1.7268,1.7156,1.7045,-0.53313,1.6946,1.6946,1.674,1.6597,1.6485,1.6337,1.6128,1.6016,1.5799,1.5576,-0.52925,1.5352,1.5128,1.4904,1.4681,1.4457,1.4233,1.401,1.3786,1.3562,1.3338,-0.52416,1.3115,1.2891,1.2667,1.2443,1.222,1.1996,1.1772,1.1635,1.1459,1.1235,-0.51297,1.1011,1.0788,1.0564,1.034,1.0051,0.97588,0.95136,0.9178,0.89536,0.86408,-0.46903,-0.50246,0.83052,0.79696,0.76568,0.74324,0.70968,0.68517,0.66279,0.64042,0.61805,0.59568,-0.50246,0.5733,0.55093,0.52856,0.51094,0.49976,0.48857,0.47738,0.4662,0.45501,0.44871,-0.49281,0.44871,0.44871,0.44871,0.44871,0.44871,0.44369,0.43532,0.43532,0.43532,0.43532,-0.48906,0.43532,0.43016,0.42192,0.42192,0.42192,0.41221,0.40852,0.40852,0.40852,0.40765,-0.48383,0.39647,0.39513,0.39513,0.39513,0.39513,0.39513,0.39513,0.39513,0.39513,0.39513,-0.47566,0.39513,0.39513,0.39513,0.39513,0.39513,0.39513,0.39513,0.39513,0.39513,0.38488,-0.47486,0.38173,0.38173,0.37811,0.36833,0.36833,0.36833,0.36016,0.35494,0.35494,0.3534,-0.46367,0.34221,0.34154,0.34154,0.33544,0.32814,0.32814,0.32814,0.32814,0.3197,0.31475,-0.46227,0.31475,0.31475,0.31475,0.30396,0.30135,0.30135,0.30135,0.30135,0.30135,0.30135,-0.46227,0.30135,0.30135,0.30135,0.30135,0.30135,0.3124,0.31475,0.32138,-0.48022,-0.45691,-0.44887,-0.44793,-0.43674,-0.52469,-0.57145,-0.58833,-0.6028,-0.62839,-0.68432,-0.4914,-0.71011,-0.75599,-0.79504,-0.81741,-0.8434,-0.89933,-0.92472,-0.95507,-0.98286,-1.0159,-0.50259,-1.0718,-1.1277,-1.1527,-1.1832,-1.2227,-1.2637,-1.2958,-1.3182,-1.3719,-1.4031,-0.51378,-1.4255,-1.4479,-1.4751,-1.531,-1.5552,-1.5775,-1.6246,-1.6917,-1.7501,-1.7613,-0.51585,-1.7832,-1.8311,-1.8807,-1.9091,-1.911,-1.9222,-1.9225,-1.8966,-1.8759,-1.8647,-0.52275,-1.8555,-1.8555,-1.8445,-1.8334,-1.8222,-1.811,-1.7998,-1.7886,-1.7774,-1.7662,4.0,4.0
0.29391,0.31996,0.31996,-1.9464,-1.9214,-1.8857,-1.8228,-1.7599,-1.6764,-1.5821,-1.4824,-1.3566,-1.2147,0.31996,-1.0789,-1.0564,-0.89917,-0.73023,-0.55857,-0.40129,-0.24402,-0.08674,0.08317,0.25386,0.31996,0.41114,0.56841,0.72569,0.86935,0.91911,1.0168,1.1426,1.2593,1.3536,1.448,0.31996,1.5169,1.6059,1.679,1.7578,1.7787,1.8312,1.8626,1.8941,1.9255,1.935,0.29639,1.9337,1.9023,1.8708,1.8394,1.8308,1.8025,1.7634,1.7005,1.6376,1.5746,0.29391,1.5085,1.4228,1.3458,1.2514,1.1571,1.1409,1.0369,0.92607,0.81126,0.65959,0.29391,0.53357,0.40775,0.28193,0.17753,0.05712,-0.043432,-0.12288,-0.17388,-0.29064,-0.41471,0.29391,-0.51624,-0.64206,-0.7499,-0.86765,-0.96742,-1.0851,-1.1795,-1.2549,-1.3421,-1.3993,0.29391,-1.4176,-1.4659,-1.5173,-1.5549,-1.5603,-1.5817,-1.5817,-1.5817,-1.5817,-1.576,0.29391,-1.5445,-1.5131,-1.4598,-1.3968,-1.3273,-1.2329,-1.1211,-0.99529,-0.84121,-0.67631,0.31996,0.26786,-0.50061,-0.43548,-0.3163,-0.16222,-0.027802,0.11547,0.22188,0.34106,0.43666,0.5406,0.26786,0.65145,0.74581,0.86596,0.88244,0.96626,1.0451,1.1181,1.1543,1.1857,1.2172,0.26786,1.2317,1.2317,1.23,1.2057,1.2057,1.1877,1.1563,1.1222,1.0673,1.0089,0.26786,0.93343,0.87052,0.77792,0.6926,0.61524,0.54073,0.45256,0.43634,0.34197,0.23217,0.26786,0.10635,-0.019466,-0.15089,-0.29716,-0.42298,-0.52698,-0.62017,-0.66993,-0.69389,-0.7568,0.26298,-0.81971,-0.90867,-0.97914,-1.0735,-1.1679,-1.2622,-1.3535,-1.4249,-1.5053,-1.5683,0.24181,-1.5817,-1.6118,-1.6433,-1.6747,-1.6859,-1.7116,-1.717,-1.738,-1.7221,-1.6906,0.24181,-1.6592,-1.6277,-1.5848,-1.5219,-1.459,-1.3944,-1.3071,-1.2318,-1.1909,-1.1212,0.24181,-1.0008,-0.89839,-0.78598,-0.67279,-0.54697,-0.41757,-0.26928,-0.12907,0.008407,0.13423,0.24181,0.26786,0.30772,0.41817,0.53331,0.63308,0.74783,0.82168,0.91605,1.0104,1.0787,0.31996,0.24181,1.1666,1.2057,1.2403,1.3032,1.3401,1.3955,1.4141,1.4324,1.4638,1.4922,0.25308,1.5007,1.5183,1.5183,1.5429,1.5443,1.5349,1.5183,1.498,1.4665,1.4611,0.26786,1.4297,1.3982,1.3668,1.3353,1.3039,1.261,1.2149,1.1834,1.1244,1.0754,0.26786,1.063,1.0138,0.95089,0.88544,0.79902,0.72276,0.62839,0.53403,0.43966,0.3453,0.26786,0.29391,0.23471,0.14035,0.08102,0.039666,-0.023244,-0.086154,-0.14906,-0.21197,-0.26401,0.26102,-0.31174,-0.35297,-0.38338,-0.38983,-0.40943,-0.40943,-0.40943,-0.40943,-0.40943,-0.40943,0.24181,-0.42767,-0.43548,-0.43548,-0.43548,-0.43548,-0.43548,-0.43548,-0.43151,-0.40943,-0.40943,0.24181,-0.40943,-0.40943,-0.40448,-0.38338,-0.38338,-0.38338,-0.38286,-0.35733,-0.35733,-0.35733,0.24181,-0.35733,-0.35733,-0.35043,-0.33128,-0.33128,-0.33128,-0.33128,-0.33128,-0.318,-0.30523,0.24181,-0.30523,-0.30523,-0.30523,-0.30523,-0.28556,-0.27918,-0.27918,-0.27918,0.31996,0.24181,0.24181,0.24181,0.24181,0.24181,0.24181,0.25601,0.26786,0.26786,0.26786,0.31996,0.26786,0.26786,0.26786,0.29385,0.29391,0.29391,0.29391,0.29391,0.29391,0.29391,0.31996,0.30563,0.31996,0.29743,0.26597,0.23452,0.21576,0.19766,0.1662,0.13475,0.10329,0.31996,0.071838,0.021301,-0.041609,-0.078469,-0.14138,-0.20429,-0.2672,-0.35557,-0.40943,-0.4401,0.31996,-0.53447,-0.64987,-0.74964,-0.87546,-1.0013,-1.1271,-1.2529,-1.3527,-1.4717,-1.5661,0.31996,-1.6077,-1.6537,-1.719,-1.8056,-1.8553,-1.9053,-1.9443,-1.9497,-1.9724,-1.9583,0.0,0.0
0.22624,0.25895,0.35648,0.37768,0.45037,0.5382,0.62604,0.71387,0.8017,0.875,0.96223,1.0458,1.1161,0.36253,1.1954,1.2718,1.342,1.4111,1.4674,1.5316,1.5843,1.637,1.6897,1.7267,0.37647,1.7618,1.797,1.8242,1.8418,1.8593,1.8769,1.8745,1.8569,1.8394,1.8218,0.39282,1.8042,1.7721,1.7352,1.6867,1.6516,1.6074,1.5547,1.502,1.4493,1.3929,0.39646,1.3226,1.2609,1.1973,1.1137,1.0416,0.96829,0.8859,0.80776,0.73023,0.64724,0.40797,0.57455,0.48671,0.40373,0.32619,0.23836,0.16264,0.077831,0.005141,-0.082693,-0.16386,0.41645,-0.24322,-0.31954,-0.38981,-0.46008,-0.53034,-0.60061,-0.67088,-0.73024,-0.79627,-0.85139,0.42311,-0.91863,-0.97133,-1.024,-1.0767,-1.1294,-1.1821,-1.2197,-1.2675,-1.3027,-1.3378,0.42311,-1.3608,-1.3929,-1.4111,-1.4287,-1.4462,-1.4638,-1.4584,-1.4408,-1.4384,-1.4208,0.43825,-1.4032,-1.3772,-1.353,-1.3221,-1.2869,-1.2518,-1.2112,-1.1664,-1.1209,-1.0682,0.27167,0.43522,-1.0155,-0.96285,-0.9053,-0.8423,-0.77991,-0.70964,-0.65392,-0.58425,-0.50975,-0.42858,0.41766,-0.35831,-0.28804,-0.21778,-0.13236,-0.062097,0.014228,0.093581,0.16385,0.23412,0.31953,0.40009,0.38979,0.46006,0.53033,0.60059,0.67086,0.74113,0.8114,0.87682,0.93679,0.99736,0.37223,1.0622,1.1179,1.1706,1.2233,1.2693,1.3136,1.3548,1.3899,1.4238,1.4414,0.34981,1.465,1.4917,1.4983,1.5116,1.528,1.5104,1.4929,1.4753,1.4474,1.425,0.3171,1.3923,1.342,1.3021,1.2566,1.2118,1.147,1.0913,1.0367,0.96647,0.8962,0.29711,0.81685,0.74052,0.67026,0.58484,0.51094,0.42917,0.35042,0.26259,0.18808,0.10206,0.25713,0.017256,-0.058463,-0.1463,-0.23413,-0.32196,-0.4098,-0.48249,-0.57032,-0.65089,-0.73085,0.2117,-0.80656,-0.87683,-0.9471,-1.0216,-1.0961,-1.1579,-1.2282,-1.2845,-1.3372,-1.3899,0.16688,-1.4426,-1.4868,-1.522,-1.5571,-1.5765,-1.5971,-1.6213,-1.6292,-1.6364,-1.6237,0.27894,0.11418,-1.6062,-1.5886,-1.5662,-1.531,-1.4959,-1.4608,-1.4111,-1.3584,-1.3057,-1.253,0.061476,-1.1912,-1.1209,-1.0507,-0.98042,-0.91015,-0.83988,-0.76113,-0.6842,-0.60061,-0.52792,0.008776,-0.44009,-0.3577,-0.27956,-0.19173,-0.10389,-0.01606,0.069351,0.14446,0.2323,0.32013,-0.043925,0.39585,0.48066,0.56667,0.64118,0.72235,0.79262,0.86288,0.93315,1.0022,1.0585,-0.10329,1.1228,1.167,1.213,1.2524,1.2875,1.3226,1.3523,1.3699,1.3772,1.3644,-0.17356,1.3469,1.3269,1.2918,1.2566,1.2118,1.1591,1.1064,1.0537,1.001,0.94163,-0.23231,0.87137,0.8011,0.73083,0.66056,0.5903,0.52003,0.44976,0.3904,0.32437,0.25471,-0.29895,0.20201,0.14931,0.09661,0.043909,-0.046953,-0.12207,-0.1572,-0.18749,-0.20505,-0.22262,-0.35407,-0.22807,-0.24261,-0.24503,-0.25836,-0.25836,-0.25836,-0.25836,-0.25836,-0.2735,-0.2735,-0.42434,-0.2735,-0.2735,-0.28441,-0.28865,-0.28865,-0.28865,-0.28865,-0.28865,0.29651,-0.48855,-0.54973,-0.60909,-0.67512,-0.72963,-0.78536,-0.85018,-0.895,-0.94044,-0.99314,0.30196,-1.0307,-1.081,-1.1161,-1.1512,-1.1767,-1.2064,-1.227,-1.2597,-1.2772,-1.2948,0.3165,-1.3124,-1.3299,-1.3475,-1.3651,-1.379,-1.3851,-1.3941,-1.3941,-1.3808,-1.3784,0.31892,-1.3608,-1.3487,-1.3408,-1.313,-1.2906,-1.273,-1.2379,-1.2027,-1.1676,-1.1325,0.33225,-1.0852,-1.0325,-0.97981,-0.92711,-0.87441,-0.81262,-0.75386,-0.68723,-0.61696,-0.5467,0.33891,-0.47643,-0.39768,-0.32075,-0.23716,-0.14933,-0.061491,0.020891,0.099033,0.18687,0.2747,0.0,0.0
1.8871,1.831,1.6675,-0.7485,-0.76869,-0.78888,-0.80947,-0.83847,-0.85866,-0.88193,-0.90824,-0.92844,-0.94863,1.6197,-0.97549,-0.99821,-1.0184,-1.0386,-1.0577,-1.0698,-1.09,-1.1102,-1.1257,-1.1414,1.6033,-1.1551,-1.1725,-1.1845,-1.1946,-1.2055,-1.224,-1.2341,-1.2442,-1.2543,-1.2644,1.5627,-1.2745,-1.2846,-1.2947,-1.3048,-1.3143,-1.3157,-1.3258,-1.3327,-1.3368,-1.3469,1.5391,-1.357,-1.3603,-1.368,-1.3781,-1.3878,-1.3891,-1.397,-1.4001,-1.4062,-1.4062,1.4844,-1.4062,-1.4129,-1.4154,-1.4154,-1.4154,-1.4154,-1.4154,-1.4154,-1.4154,-1.4108,1.4496,-1.4062,-1.3998,-1.3897,-1.3878,-1.3787,-1.3686,-1.3585,-1.3485,-1.3384,-1.3283,1.4395,-1.3129,-1.2989,-1.2817,-1.2695,-1.2505,-1.2395,-1.2208,-1.2083,-1.1914,-1.1771,1.4016,-1.162,-1.146,-1.1326,-1.1148,-1.0946,-1.0836,-1.0634,-1.0453,-1.0322,-1.0159,1.3825,-1.001,-0.98655,-0.96983,-0.95716,-0.93865,-0.92777,-0.91666,-0.89838,-0.88548,-0.86899,1.8209,1.3724,-0.85429,-0.83959,-0.8231,-0.8102,-0.79192,-0.78081,-0.76152,-0.75142,-0.74132,-0.72775,1.3255,-0.71193,-0.70184,-0.69174,-0.68164,-0.67155,-0.66145,-0.65135,-0.64126,-0.63116,-0.62107,1.3154,-0.61097,-0.60087,-0.59078,-0.58068,-0.57058,-0.56911,-0.57831,-0.57587,-0.55991,-0.5569,1.3053,-0.5468,-0.54151,-0.53581,-0.53232,-0.52482,-0.51472,-0.50472,-0.50373,-0.49363,-0.48354,1.2796,-0.47344,-0.46334,-0.45325,-0.44315,-0.43306,-0.42296,-0.41286,-0.40277,-0.39267,-0.38257,1.2391,-0.37248,-0.36238,-0.34704,-0.33299,-0.32289,-0.3128,-0.3027,-0.28341,-0.27331,-0.26554,1.229,-0.26232,-0.25222,-0.24212,-0.23203,-0.22193,-0.21184,-0.20174,-0.19194,-0.19075,-0.18065,1.1957,-0.17055,-0.16046,-0.15514,-0.14946,-0.13937,-0.12927,-0.12755,-0.11828,-0.10915,-0.10729,1.1452,-0.097189,-0.087093,-0.08155,-0.0761,-0.072351,-0.065107,-0.05501,-0.053952,-0.045489,-0.05232,1.1251,-0.042223,-0.032127,-0.022031,-0.011935,-0.001839,0.008258,0.018354,0.02845,0.038546,0.050046,1.8108,1.115,0.067938,0.078034,0.088131,0.098227,0.1201,0.13682,0.1546,0.16621,0.18551,0.19677,1.0958,0.2149,0.23093,0.25735,0.27754,0.29208,0.30873,0.32892,0.34077,0.37851,0.3987,1.0801,0.41889,0.43908,0.45928,0.48853,0.51806,0.53825,0.55844,0.57864,0.59883,0.61125,1.0296,0.64841,0.67111,0.698,0.71819,0.73318,0.74938,0.78355,0.80816,0.82835,0.84854,0.99918,0.86874,0.89348,0.92752,0.94771,0.9679,0.9881,1.0015,1.0269,1.0658,1.0873,0.94118,1.1075,1.1277,1.1478,1.1796,1.2158,1.236,1.2562,1.2838,1.3058,1.3444,0.90222,1.3738,1.394,1.4142,1.4344,1.4636,1.4931,1.507,1.5243,1.5364,1.5555,0.86959,1.5757,1.5943,1.6044,1.6145,1.6246,1.645,1.6632,1.6733,1.6834,1.6935,0.85949,1.7128,1.7229,1.733,1.7431,1.7532,1.7633,1.7733,1.7834,1.7935,1.8036,0.81986,1.8045,1.8146,1.8247,1.8319,1.8319,1.8272,1.8171,1.807,1.8007,0.8025,0.7557,0.69952,0.68942,0.67932,0.65497,0.60449,0.55401,0.50978,0.4837,1.7906,0.47156,0.46146,0.40279,0.35847,0.34838,0.33828,0.32819,0.29245,0.262,0.2519,1.759,0.21053,0.16876,0.15639,0.12872,0.112,0.071618,0.027231,-0.018351,-0.041349,-0.051446,1.7336,-0.061542,-0.10558,-0.12773,-0.13783,-0.15583,-0.20632,-0.24171,-0.25647,-0.2711,-0.30705,1.7235,-0.33545,-0.34739,-0.35748,-0.37678,-0.39212,-0.42721,-0.44386,-0.45396,-0.4854,-0.51095,1.7134,-0.52105,-0.52312,-0.55881,-0.58813,-0.60582,-0.65432,-0.66773,-0.68792,-0.70811,-0.72831,1.0,1.0
-2.1269,-1.9088,-1.6384,-0.61603,-0.61716,-0.62739,-0.6308,-0.63875,-0.64443,-0.65011,-0.65806,-0.66147,-0.67169,-1.6134,-0.68419,-0.69668,-0.70918,-0.72167,-0.73417,-0.74666,-0.76598,-0.78302,-0.8046,-0.81937,-1.5884,-0.84322,-0.86821,-0.89093,-0.90684,-0.94092,-0.96818,-0.96818,-0.96023,-0.95682,-0.9466,-1.5668,-0.9341,-0.9216,-0.90911,-0.89661,-0.88412,-0.87162,-0.85913,-0.83868,-0.82277,-0.80006,-1.5498,-0.78642,-0.77279,-0.75007,-0.71031,-0.6342,-0.61603,-0.59104,-0.56605,-0.55014,-0.52742,-1.5248,-0.50243,-0.47744,-0.45245,-0.42746,-0.40247,-0.37747,-0.35248,-0.32749,-0.29341,-0.26615,-1.5066,-0.24116,-0.21617,-0.19117,-0.16618,-0.14574,-0.12756,-0.10257,-0.085529,-0.073033,-0.050314,-1.4941,-0.036682,-0.024186,-0.013963,-0.010555,0.001941,0.014437,0.020116,0.020116,0.029204,0.031476,-1.4816,0.020116,0.020116,0.017844,0.008757,0.004213,-0.008283,-0.013963,-0.021915,-0.03441,-0.036682,-1.4691,-0.048042,-0.060538,-0.070761,-0.074169,-0.086665,-0.099161,-0.11166,-0.12415,-0.13665,-0.14914,-1.8838,-1.4566,-0.173,-0.18549,-0.20481,-0.24457,-0.2616,-0.28092,-0.2866,-0.2866,-0.2866,-0.27637,-1.4442,-0.27524,-0.26388,-0.2616,-0.25252,-0.24797,-0.23548,-0.22298,-0.21844,-0.20935,-0.18663,-1.4339,-0.173,-0.15255,-0.066217,-0.044634,-0.027594,-0.002603,0.022388,0.04738,0.072371,0.097363,-1.4339,0.12235,0.1587,0.1837,0.2121,0.24504,0.27571,0.3132,0.34273,0.37681,0.4143,-1.4339,0.45179,0.48927,0.52676,0.56425,0.60173,0.63354,0.66535,0.70284,0.73123,0.75623,-1.4339,0.78122,0.80621,0.82893,0.84483,0.86528,0.87778,0.89709,0.90617,0.91526,0.92776,-1.4339,0.92889,0.92889,0.92889,0.92549,0.91753,0.91185,0.89936,0.87891,0.86301,0.84029,-1.4419,0.8153,0.78803,0.74032,0.70284,0.66989,0.63922,0.60855,0.57561,0.53812,0.51086,-1.4453,0.48586,0.44951,0.42679,0.41089,0.39044,0.38363,0.37681,0.37227,0.37227,0.38249,-1.4453,0.38363,0.39612,0.41089,0.43588,0.45633,0.46883,0.48814,0.50518,0.52676,0.55175,-1.8554,-1.4453,0.57674,0.58924,0.60173,0.61423,0.64944,0.7017,0.72669,0.75168,0.77667,0.80167,-1.4464,0.82666,0.85165,0.87891,0.91299,0.93798,0.96865,0.99932,1.0323,1.0607,1.0857,-1.4566,1.1106,1.1368,1.1697,1.1856,1.2106,1.2299,1.2492,1.2663,1.2697,1.2799,-1.4566,1.2924,1.2935,1.3038,1.3072,1.3151,1.3151,1.3151,1.3231,1.3265,1.3265,-1.4521,1.3265,1.3151,1.3151,1.3151,1.3106,1.3038,1.2969,1.2845,1.281,1.2708,-1.4453,1.2583,1.2572,1.247,1.2504,1.2629,1.2697,1.2765,1.289,1.3015,1.314,-1.4453,1.3265,1.339,1.3515,1.364,1.3765,1.389,1.4015,1.414,1.4264,1.4492,-1.4373,1.4628,1.4867,1.5014,1.5264,1.5514,1.5707,1.59,1.6071,1.6196,1.6321,-1.4339,1.6446,1.6571,1.6695,1.682,1.6945,1.707,1.7195,1.732,1.7445,1.757,-1.4237,1.7468,1.7468,1.7468,1.7502,1.7582,1.7638,1.7763,1.7809,-1.8224,-1.4226,-1.4112,-1.4112,-1.4078,-1.3998,-1.3942,-1.3885,-1.3805,-1.368,-1.3555,-1.7974,-1.343,-1.3306,-1.3158,-1.2942,-1.2772,-1.2579,-1.2385,-1.2135,-1.1886,-1.1636,-1.7656,-1.1386,-1.1136,-1.0886,-1.0602,-1.0272,-1.0023,-0.97727,-0.95228,-0.92728,-0.90229,-1.7361,-0.8773,-0.85345,-0.83868,-0.81709,-0.80006,-0.78074,-0.76825,-0.7478,-0.7319,-0.7194,-1.702,-0.69555,-0.68305,-0.67055,-0.65806,-0.64556,-0.63307,-0.62739,-0.62739,-0.6183,-0.61603,-1.6748,-0.61603,-0.60467,-0.60467,-0.60467,-0.60467,-0.60467,-0.60467,-0.60467,-0.60467,-0.60467,5.0,5.0
-1.7822,-1.7672,-1.5874,-0.812,-0.79702,-0.78204,-0.76707,-0.75209,-0.73712,-0.72214,-0.70716,-0.69487,-0.68739,-1.565,-0.6799,-0.66716,-0.65497,-0.64748,-0.64,-0.63251,-0.62791,-0.62748,-0.61999,-0.61251,-1.5428,-0.60502,-0.59805,-0.59805,-0.59251,-0.5881,-0.58748,-0.57999,-0.57815,-0.57815,-0.57743,-1.5278,-0.56994,-0.5682,-0.56492,-0.55825,-0.55825,-0.5524,-0.54492,-0.53835,-0.53835,-0.5324,-1.5075,-0.52491,-0.51845,-0.51845,-0.5124,-0.50491,-0.49743,-0.48994,-0.48245,-0.47496,-0.46747,-1.4879,-0.45999,-0.4525,-0.44501,-0.43752,-0.43003,-0.42255,-0.41506,-0.40757,-0.40008,-0.39259,-1.4729,-0.38511,-0.37762,-0.37013,-0.36264,-0.35515,-0.34767,-0.34018,-0.33269,-0.3252,-0.31771,-1.458,-0.31022,-0.30948,-0.3052,-0.29771,-0.29022,-0.28274,-0.27525,-0.26776,-0.26027,-0.24584,-1.4484,-0.23534,-0.22786,-0.22037,-0.20584,-0.19544,-0.18795,-0.18047,-0.16584,-0.15086,-0.1381,-1.4409,-0.13061,-0.11589,-0.10091,-0.088247,-0.080759,-0.065932,-0.050956,-0.03598,-0.021004,-0.006028,-1.7523,-1.4334,0.008948,0.023924,0.0389,0.053876,0.068852,0.083828,0.098655,0.10614,0.11881,0.13107,-1.4259,0.13881,0.15378,0.16348,0.17097,0.17846,0.18595,0.18806,0.19097,0.19801,0.19801,-1.4184,0.20349,0.20796,0.20796,0.20796,0.20796,0.20796,0.20796,0.20796,0.21364,0.21792,-1.411,0.21866,0.22615,0.23364,0.23782,0.23866,0.24615,0.25951,0.27108,0.27951,0.29449,-1.4041,0.30349,0.31449,0.32946,0.34444,0.35335,0.36444,0.37942,0.39439,0.4032,0.41439,-1.4041,0.42937,0.44435,0.45305,0.46435,0.47932,0.4943,0.50291,0.5104,0.51933,0.5343,-1.3984,0.54281,0.5503,0.55779,0.56527,0.57276,0.58435,0.59769,0.60518,0.61267,0.62015,-1.3941,0.62764,0.63513,0.64262,0.65011,0.65759,0.66508,0.67257,0.68006,0.68755,0.69503,-1.3941,0.70252,0.71001,0.71954,0.73451,0.74242,0.75451,0.76735,0.77484,0.78949,0.80447,-1.3941,0.81944,0.83442,0.8494,0.86437,0.87935,0.89432,0.9093,0.92918,0.9492,0.96418,-1.7347,-1.3941,0.97915,0.99413,1.0091,1.0241,1.0391,1.054,1.069,1.0838,1.0913,1.104,-1.3941,1.1162,1.1237,1.1312,1.1387,1.1462,1.1533,1.1533,1.1587,1.1632,1.1632,-1.3933,1.1632,1.1632,1.1632,1.1632,1.1632,1.1688,1.1732,1.1732,1.1732,1.1732,-1.3858,1.1764,1.1831,1.1831,1.1889,1.1931,1.194,1.2015,1.2089,1.2164,1.2239,-1.3842,1.2314,1.2329,1.2364,1.2439,1.2514,1.265,1.2763,1.2838,1.2913,1.2988,-1.3842,1.3063,1.3138,1.3213,1.3288,1.3362,1.3437,1.3512,1.3587,1.3662,1.3737,-1.3842,1.3812,1.3887,1.3921,1.3937,1.4012,1.4021,1.4062,1.412,1.412,1.4187,-1.3842,1.422,1.422,1.422,1.4288,1.4362,1.4419,1.4419,1.4488,1.4562,1.4637,-1.3842,1.4712,1.4857,1.4961,1.5057,1.5207,1.5357,1.5553,1.5777,1.6002,1.6155,-1.3807,1.6399,1.6676,1.69,1.7125,1.7398,1.7697,1.7997,1.837,-1.7122,-1.3742,-1.3742,-1.3682,-1.3607,-1.3532,-1.3457,-1.3382,-1.3308,-1.3233,-1.3158,-1.6898,-1.3083,-1.3046,-1.3033,-1.2958,-1.2883,-1.2808,-1.2733,-1.2658,-1.2648,-1.2608,-1.6673,-1.2533,-1.2458,-1.2449,-1.2408,-1.2333,-1.2258,-1.225,-1.2208,-1.2133,-1.2058,-1.6449,-1.1983,-1.1908,-1.1834,-1.1759,-1.1752,-1.1708,-1.1634,-1.1559,-1.1484,-1.1364,-1.6226,-1.1235,-1.116,-1.1015,-1.091,-1.0815,-1.0665,-1.0515,-1.0365,-1.0194,-0.99691,-1.6076,-0.98166,-0.96668,-0.94942,-0.92695,-0.9118,-0.89198,-0.8719,-0.85692,-0.84195,-0.82697,3.0,5.0
-0.46577,-0.48432,-0.5224,-1.4356,-1.4078,-1.38,-1.3521,-1.326,-1.3075,-1.2828,-1.255,-1.2272,-1.1994,-0.52531,-1.1723,-1.1537,-1.1301,-1.1022,-1.0744,-1.0512,-1.0327,-1.0141,-0.99556,-0.97702,-0.53458,-0.95847,-0.93992,-0.92137,-0.90283,-0.88428,-0.86573,-0.84719,-0.82864,-0.81009,-0.79855,-0.53656,-0.78716,-0.76861,-0.75658,-0.7473,-0.73803,-0.72876,-0.71948,-0.71021,-0.70094,-0.6923,-0.53897,-0.6923,-0.68727,-0.678,-0.66873,-0.65945,-0.65018,-0.64091,-0.63163,-0.62236,-0.61309,-0.54824,-0.60381,-0.59454,-0.57734,-0.55879,-0.54024,-0.52913,-0.51731,-0.49876,-0.47328,-0.44751,-0.55752,-0.42896,-0.41041,-0.39031,-0.36249,-0.33467,-0.30685,-0.27903,-0.25121,-0.22339,-0.19557,-0.56679,-0.16775,-0.13986,-0.10276,-0.065669,-0.028575,0.008519,0.045613,0.082707,0.1198,0.15689,-0.57606,0.19399,0.23108,0.26818,0.30527,0.34236,0.37946,0.41655,0.45364,0.48876,0.51658,-0.58534,0.55077,0.58786,0.62496,0.65617,0.68399,0.71182,0.74502,0.78161,0.80943,0.83237,-0.49409,-0.59461,0.85092,0.87874,0.90656,0.93438,0.95342,0.97197,0.99051,1.0173,1.0418,1.0603,-0.60388,1.0789,1.0974,1.116,1.1345,1.153,1.1716,1.1833,1.1945,1.2131,1.2253,-0.61316,1.236,1.2546,1.2673,1.2775,1.296,1.3093,1.3186,1.3278,1.3419,1.3605,-0.62243,1.3698,1.3791,1.3884,1.3976,1.4069,1.4162,1.4254,1.4347,1.444,1.4533,-0.6317,1.4625,1.4718,1.4739,1.4739,1.4739,1.4806,1.488,1.488,1.488,1.4867,-0.64098,1.4774,1.4739,1.473,1.4637,1.4545,1.4456,1.4456,1.4361,1.4175,1.4081,-0.65025,1.3988,1.3896,1.3716,1.3569,1.3476,1.3302,1.3116,1.2931,1.2669,1.2418,-0.65952,1.2233,1.1976,1.172,1.1535,1.1283,1.1005,1.0726,1.0448,1.0183,0.99972,-0.6688,0.97551,0.94769,0.91987,0.89721,0.87838,0.85056,0.82741,0.80887,0.79032,0.77177,-0.67807,0.75323,0.73468,0.71613,0.69759,0.67904,0.66368,0.6544,0.63756,0.6217,0.61243,-0.49409,-0.69655,0.60315,0.59388,0.58461,0.57533,0.56606,0.55679,0.5536,0.5524,0.54312,0.53385,-0.71078,0.52528,0.52528,0.52019,0.51113,0.51113,0.50652,0.49725,0.49697,0.49286,0.48359,-0.72005,0.48281,0.4792,0.46993,0.46865,0.46554,0.45626,0.45449,0.45449,0.45449,0.45449,-0.72932,0.45237,0.4431,0.44034,0.44034,0.44034,0.44034,0.44034,0.44034,0.44034,0.44034,-0.74624,0.44034,0.44034,0.44034,0.44034,0.44034,0.44034,0.44034,0.44034,0.44034,0.44034,-0.77406,0.44034,0.44034,0.44034,0.44034,0.44034,0.44034,0.44288,0.45216,0.45449,0.45449,-0.79367,0.45449,0.45449,0.45605,0.46533,0.46865,0.46865,0.46865,0.46865,0.46865,0.46865,-0.81222,0.47361,0.48281,0.48281,0.48281,0.48281,0.49166,0.49697,0.49697,0.49697,0.49697,-0.83076,0.49697,0.50483,0.51113,0.51113,0.51113,0.51113,0.51113,0.51113,0.51113,0.51113,-0.87246,0.51113,0.51113,0.51113,0.51113,0.51014,0.50086,0.50235,0.51113,-0.50287,-0.91033,-0.92888,-0.97631,-1.0296,-1.076,-1.1291,-1.1829,-1.2292,-1.2569,-1.2808,-0.50825,-1.3365,-1.3692,-1.3886,-1.4164,-1.439,-1.4575,-1.4761,-1.4946,-1.5132,-1.5774,-0.50825,-1.6211,-1.6396,-1.6841,-1.7192,-1.7377,-1.7807,-1.8271,-1.8734,-1.8816,-1.8843,-0.50825,-1.8936,-1.8957,-1.9025,-1.9303,-1.9249,-1.9081,-1.8988,-1.8896,-1.8803,-1.871,-0.51164,-1.8561,-1.8383,-1.829,-1.8146,-1.7961,-1.7775,-1.759,-1.7404,-1.7219,-1.6991,-0.52092,-1.6713,-1.6521,-1.6335,-1.615,-1.5884,-1.5605,-1.5327,-1.5049,-1.4798,-1.4612,4.0,4.0
-1.7657,-1.6247,-1.5009,-0.60577,-0.5957,-0.59482,-0.58651,-0.57644,-0.57294,-0.56725,-0.562,-0.55806,-0.55105,-1.4908,-0.55105,-0.54974,-0.54011,-0.54011,-0.54011,-0.54011,-0.54799,-0.55105,-0.55718,-0.56725,-1.4807,-0.57732,-0.58738,-0.59745,-0.60927,-0.62853,-0.63859,-0.65873,-0.67886,-0.69068,-0.70819,-1.4707,-0.72832,-0.74846,-0.76378,-0.77778,-0.79485,-0.81368,-0.85745,-0.85832,-0.87846,-0.87933,-1.4606,-0.87933,-0.87933,-0.87933,-0.8732,-0.86839,-0.86401,-0.85394,-0.84125,-0.82287,-0.81192,-1.4505,-0.79179,-0.77166,-0.75152,-0.67317,-0.62721,-0.60358,-0.57775,-0.54755,-0.52129,-0.49809,-1.4405,-0.46789,-0.43769,-0.40793,-0.38779,-0.35803,-0.32783,-0.29762,-0.27443,-0.24816,-0.22322,-1.4304,-0.20308,-0.18295,-0.16281,-0.14268,-0.12254,-0.10241,-0.082275,-0.062141,-0.042006,-0.029313,-1.4203,-0.01268,0.007454,0.022774,0.032841,0.042908,0.055164,0.072672,0.073109,0.083177,0.093244,-1.4103,0.094557,0.094557,0.10156,0.1055,0.10025,0.094557,0.094557,0.091931,0.081864,0.072672,-1.6033,-1.4002,0.072672,0.062605,0.052537,0.04247,0.032403,0.01577,0.001326,-0.013556,-0.029751,-0.042882,-1.3901,-0.063016,-0.08315,-0.10328,-0.12342,-0.13392,-0.15274,-0.17288,-0.19301,-0.20702,-0.21709,-1.3801,-0.23153,-0.24816,-0.25561,-0.25736,-0.26655,-0.26655,-0.26655,-0.25736,-0.25561,-0.24816,-1.37,-0.2381,-0.22234,-0.20702,-0.19301,-0.17288,-0.15056,-0.12167,-0.1011,-0.070895,-0.050323,-1.3608,0.057352,0.10725,0.13745,0.16765,0.19785,0.22806,0.25826,0.28846,0.31866,0.34886,-1.3608,0.37906,0.40926,0.43947,0.46967,0.49987,0.52351,0.54933,0.57472,0.59879,0.62593,-1.3507,0.64606,0.6662,0.68589,0.69596,0.71566,0.72704,0.74498,0.75811,0.76818,0.77825,-1.3407,0.78394,0.78744,0.79488,0.79663,0.80582,0.80582,0.80582,0.80582,0.79751,0.79488,-1.3306,0.79488,0.78919,0.77912,0.76906,0.75899,0.74455,0.71697,0.70646,0.68633,0.6662,-1.328,0.64606,0.62593,0.60579,0.58566,0.56552,0.54539,0.52526,0.50512,0.48674,0.4758,-1.5849,-1.3214,0.45566,0.44559,0.42634,0.41452,0.41189,0.41189,0.41758,0.42765,0.44165,0.46179,-1.317,0.48192,0.50468,0.54408,0.56421,0.59398,0.61542,0.65919,0.75155,0.81326,0.84347,-1.3122,0.87367,0.90387,0.9367,0.97521,1.0054,1.0356,1.0658,1.0868,1.1153,1.1455,-1.3061,1.1691,1.1893,1.2094,1.2295,1.2497,1.2698,1.2886,1.2987,1.3087,1.3284,-1.303,1.3398,1.3499,1.353,1.3591,1.3639,1.3639,1.3639,1.3639,1.3639,1.3639,-1.2951,1.3639,1.3538,1.353,1.3446,1.342,1.342,1.3363,1.3311,1.3271,1.3293,-1.2951,1.3551,1.3639,1.3652,1.3954,1.4064,1.4164,1.4344,1.4545,1.4746,1.4948,-1.2947,1.5193,1.546,1.5687,1.5989,1.6291,1.6593,1.6996,1.7307,1.7692,1.8095,-1.2846,1.8432,1.8791,1.9193,1.9596,1.9999,2.0401,2.0804,2.1202,2.1504,2.1903,-1.2842,2.2218,2.252,2.2822,2.3124,2.3373,2.3575,2.3776,2.3951,-1.5722,-1.2755,-1.2733,-1.2663,-1.2623,-1.2571,-1.2514,-1.2479,-1.2378,-1.2295,-1.2286,-1.5621,-1.2186,-1.2085,-1.2076,-1.1993,-1.1892,-1.1792,-1.1691,-1.159,-1.149,-1.1389,-1.5521,-1.1288,-1.1188,-1.1087,-1.0986,-1.0886,-1.0697,-1.0575,-1.0474,-1.0312,-1.0163,-1.542,-1.0063,-0.9927,-0.97519,-0.96337,-0.94411,-0.93404,-0.91391,-0.89378,-0.88196,-0.86445,-1.5319,-0.85088,-0.83512,-0.8198,-0.8058,-0.78873,-0.77866,-0.76728,-0.74758,-0.73752,-0.72745,-1.5188,-0.70863,-0.69637,-0.6863,-0.67624,-0.66092,-0.64516,-0.63509,-0.62503,-0.61671,-0.61583,5.0,5.0
0.59468,0.66973,0.70286,0.35129,0.43986,0.5149,0.60343,0.68302,0.76551,0.85115,0.92759,1.0176,1.0943,0.70286,1.1694,1.2444,1.3151,1.3765,1.4515,1.5133,1.563,1.6153,1.6669,1.6981,0.70286,1.7431,1.775,1.7948,1.8098,1.8207,1.8207,1.8207,1.8075,1.732,1.6552,0.71769,1.5939,1.492,1.432,1.3719,1.3019,1.2268,1.1518,1.0758,0.98573,0.88274,0.72089,0.78759,0.69064,0.58558,0.48051,0.37545,0.27038,0.16532,0.060253,-0.044811,-0.14911,0.72089,-0.23917,-0.34198,-0.61255,-0.85188,-0.93824,-1.0133,-1.0883,-1.1634,-1.2288,-1.2888,0.72089,-1.3489,-1.4083,-1.4533,-1.4858,-1.5158,-1.5458,-1.5723,-1.5873,-1.6023,-1.5924,0.72363,-1.5774,-1.5624,-1.5439,-1.5135,-1.4685,-1.4111,-1.351,-1.291,-1.2276,-1.1526,0.73864,-1.0775,-0.99017,-0.90011,-0.81006,-0.72,-0.62995,-0.53989,-0.43762,-0.34175,-0.24552,0.73891,-0.14361,-0.05342,0.051644,0.14458,0.24374,0.34272,0.42972,0.50481,0.59486,0.68492,0.68483,0.73891,0.76596,0.841,0.91605,0.9911,1.0661,1.1412,1.2073,1.2673,1.3245,1.3695,0.73891,1.4146,1.4477,1.4777,1.502,1.5142,1.5142,1.2776,1.1786,1.1099,1.0348,0.73891,0.95977,0.88472,0.79499,0.70493,0.60622,0.50679,0.41412,0.30906,0.20399,0.098926,0.73626,-0.014703,-0.12369,-0.21627,-0.32133,-0.41188,-0.50194,-0.592,-0.6766,-0.78815,-1.0883,0.72125,-1.1433,-1.1884,-1.225,-1.255,-1.285,-1.3151,-1.3307,-1.3457,-1.3608,-1.3705,0.70624,-1.3682,-1.3532,-1.3382,-1.3232,-1.3082,-1.2828,-1.24,-1.2099,-1.1658,-1.1096,0.69123,-1.0577,-1.0076,-0.94546,-0.87041,-0.80943,-0.73835,-0.6633,-0.58825,-0.51321,-0.43816,0.67622,-0.36312,-0.28807,-0.20509,-0.11995,-0.043008,0.047047,0.1371,0.2163,0.29918,0.38442,0.66121,0.45946,0.53451,0.60956,0.6846,0.75965,0.83469,0.90803,0.96806,1.0281,1.0881,0.64363,1.1482,1.2036,1.2486,1.2936,1.3387,1.3837,1.4211,1.4557,1.4977,1.5127,0.68483,0.61361,1.5412,1.5607,1.5757,1.5863,1.5863,1.5863,1.5729,1.5683,1.5609,1.5415,0.59815,1.5115,1.4814,1.4514,1.4111,1.3661,1.321,1.2747,1.2147,1.1414,1.0766,0.56007,1.0021,0.91628,0.84006,0.75,0.65995,0.56989,0.47984,0.38978,0.29323,0.11312,0.52356,-0.27612,-0.47526,-0.55828,-0.62932,-0.69034,-0.76539,-0.84044,-0.90552,-0.96556,-1.0256,0.48804,-1.0847,-1.1298,-1.1748,-1.2099,-1.24,-1.2661,-1.2812,-1.2962,-1.2984,-1.2984,0.44301,-1.2984,-1.2946,-1.2796,-1.2646,-1.2369,-1.2069,-1.1702,-1.1288,-1.0982,-1.0531,0.39798,-0.99549,-0.94505,-0.90002,-0.85143,-0.7914,-0.73136,-0.67132,-0.6208,-0.56928,-0.50924,0.35296,-0.4492,-0.38917,-0.34157,-0.29654,-0.25152,-0.20649,-0.16182,-0.1318,-0.089433,-0.053736,0.29648,-0.030027,-0.011728,0.01802,0.033029,0.035779,0.045019,0.053808,0.057008,0.071837,0.071837,0.23644,0.071837,0.071837,0.071837,0.071837,0.071837,0.071837,0.071837,0.080897,0.68483,0.17641,0.11398,0.038934,-0.021734,-0.093129,-0.16818,-0.24322,-0.31597,-0.37601,-0.45033,0.68483,-0.52538,-0.59218,-0.65744,-0.73028,-0.79032,-0.85035,-0.92157,-0.9803,-1.0305,-1.0884,0.68483,-1.1334,-1.1925,-1.2415,-1.2785,-1.3085,-1.3385,-1.3685,-1.3845,-1.3995,-1.4145,0.68483,-1.4246,-1.4246,-1.4246,-1.4246,-1.4028,-1.3806,-1.3608,-1.3307,-1.3007,-1.2569,0.68483,-1.2118,-1.159,-1.099,-1.0389,-0.9789,-0.91886,-0.8481,-0.77305,-0.69332,-0.60493,0.69371,-0.52988,-0.44118,-0.35113,-0.26107,-0.17102,-0.08096,0.009096,0.099151,0.18921,0.27173,2.0,2.0
-0.44697,-0.53108,-0.63865,-1.3911,-1.355,-1.319,-1.2829,-1.2469,-1.2108,-1.1748,-1.1387,-1.1027,-1.0666,-0.65067,-1.0306,-0.99455,-0.9585,-0.92246,-0.88641,-0.85036,-0.81431,-0.77827,-0.74394,-0.7199,-0.66269,-0.68443,-0.65754,-0.62664,-0.59517,-0.56885,-0.5328,-0.50877,-0.48474,-0.4607,-0.44182,-0.6747,-0.42694,-0.40349,-0.39147,-0.36915,-0.35313,-0.34112,-0.3291,-0.31709,-0.30507,-0.29305,-0.69759,-0.28104,-0.26902,-0.25701,-0.24499,-0.23297,-0.22096,-0.2181,-0.21123,-0.19922,-0.1872,-0.71304,-0.17518,-0.16317,-0.16088,-0.15344,-0.14142,-0.12941,-0.11797,-0.11797,-0.10767,-0.10366,-0.72505,-0.097939,-0.085923,-0.073907,-0.061891,-0.049875,-0.037859,-0.019549,0.000477,0.01421,0.038242,-0.73707,0.05083,0.072,0.089166,0.10576,0.12979,0.15382,0.17785,0.19216,0.21161,0.23565,-0.7508,0.25968,0.28371,0.30774,0.33177,0.3558,0.37984,0.40387,0.4279,0.45193,0.46509,-0.77483,0.48569,0.50972,0.53375,0.5595,0.59555,0.62015,0.64419,0.66822,0.69683,0.73059,-0.55683,-0.78742,0.75462,0.77865,0.81241,0.84102,0.86505,0.88908,0.91368,0.94973,0.97548,0.99951,-0.80859,1.0235,1.051,1.0859,1.1099,1.134,1.158,1.182,1.2061,1.2318,1.2679,-0.81889,1.281,1.3022,1.3262,1.3503,1.3743,1.3983,1.4103,1.4321,1.4487,1.4658,-0.82347,1.487,1.499,1.511,1.5334,1.5494,1.5614,1.5734,1.5854,1.5974,1.5986,-0.83777,1.6072,1.6192,1.6312,1.6432,1.6552,1.6444,1.6415,1.6346,1.6272,1.6249,-0.86181,1.6129,1.6129,1.6032,1.5912,1.5791,1.5671,1.5551,1.5431,1.5208,1.5048,-0.87382,1.487,1.463,1.4401,1.4281,1.4052,1.3812,1.3571,1.3331,1.3091,1.285,-0.87611,1.2496,1.2227,1.1986,1.1746,1.1506,1.1265,1.1025,1.0785,1.047,1.0161,-0.88355,0.99207,0.96804,0.94401,0.91998,0.89595,0.87192,0.84788,0.825,0.81298,0.79009,-0.89556,0.76606,0.74203,0.722,0.70827,0.68424,0.66021,0.63617,0.61901,0.60242,0.57838,-0.56885,-0.90758,0.55435,0.53032,0.51602,0.49656,0.47253,0.45136,0.43877,0.41474,0.40101,0.38098,-0.91902,0.36267,0.35065,0.33864,0.32662,0.31461,0.31117,0.30488,0.30087,0.31117,0.31117,-0.91902,0.31117,0.31117,0.31117,0.3066,0.29687,0.29687,0.29687,0.29687,0.29687,0.29687,-0.93962,0.29687,0.29687,0.29687,0.29687,0.29687,0.29687,0.29687,0.29687,0.29687,0.29687,-0.97167,0.29687,0.29687,0.29687,0.29859,0.3106,0.31117,0.31117,0.31117,0.31117,0.31346,-0.99627,0.32548,0.32548,0.32548,0.32548,0.32548,0.32548,0.32548,0.32548,0.32548,0.32548,-1.0049,0.32548,0.32548,0.32548,0.32548,0.31461,0.31117,0.31117,0.31117,0.31117,0.31117,-1.0049,0.29973,0.29687,0.29,0.28256,0.28256,0.28256,0.27055,0.26826,0.26082,0.25396,-1.0049,0.25109,0.23965,0.23965,0.22935,0.22535,0.22535,0.22191,0.21104,0.21104,0.21104,-1.0049,0.21104,0.21104,0.21505,0.22535,0.22535,0.22535,0.22535,0.22535,-0.57571,-1.0049,-1.0111,-1.0232,-1.0335,-1.0335,-1.0678,-1.1221,-1.1548,-1.1668,-1.1902,-0.57857,-1.2623,-1.3224,-1.3533,-1.3773,-1.4014,-1.4254,-1.4517,-1.5238,-1.5547,-1.5788,-0.59059,-1.6314,-1.6983,-1.7269,-1.799,-1.8277,-1.886,-1.9266,-1.9427,-1.965,-1.977,-0.60261,-1.989,-2.0376,-2.0634,-2.0817,-2.1115,-2.0634,-2.0514,-2.0394,-2.0199,-2.001,-0.61462,-1.9861,-1.9627,-1.9507,-1.9284,-1.9043,-1.8803,-1.8563,-1.8322,-1.8082,-1.7842,-0.62664,-1.7516,-1.7155,-1.6795,-1.6434,-1.6074,-1.5713,-1.5353,-1.4992,-1.4632,-1.4271,4.0,4.0
-2.5606,-2.4223,-2.1864,-0.52359,-0.51252,-0.50167,-0.49624,-0.49037,-0.4793,-0.4793,-0.4793,-0.4793,-0.4793,-2.1534,-0.48927,-0.49037,-0.50012,-0.50554,-0.51252,-0.52359,-0.53289,-0.53466,-0.53466,-0.54573,-2.1204,-0.55458,-0.56001,-0.56787,-0.48738,-0.4793,-0.46546,-0.44897,-0.43502,-0.42705,-0.41055,-2.0874,-0.39406,-0.37756,-0.36107,-0.34457,-0.32808,-0.30992,-0.28401,-0.26752,-0.25102,-0.22346,-2.0545,-0.20696,-0.19047,-0.17397,-0.15748,-0.14098,-0.12448,-0.10799,-0.091494,-0.074998,-0.058503,-2.0215,-0.042007,-0.025512,-0.009017,-0.00326,0.007811,0.018328,0.034824,0.041023,0.052094,0.062169,-1.9885,0.067593,0.074236,0.078443,0.085306,0.085306,0.094717,0.096377,0.096377,0.10745,0.10745,-1.9444,0.11852,0.11852,0.11852,0.11852,0.1214,0.12959,0.12959,0.12959,0.14066,0.14066,-1.9114,0.14066,0.14066,0.14066,0.14066,0.14066,0.14066,0.13911,0.12959,0.12826,0.11852,-1.8784,0.11741,0.10745,0.10745,0.10745,0.10745,0.10136,0.095934,0.085306,0.074236,0.06859,-2.4058,-1.8543,0.052094,0.046669,0.041023,0.003936,-0.046657,-0.047543,-0.047543,-0.036472,-0.036472,-0.031933,-1.8267,-0.025401,-0.025401,-0.015659,-0.014331,-0.014331,-0.010456,-0.00326,0.007811,0.016889,0.029953,-1.8016,0.10966,0.14066,0.1493,0.16579,0.18229,0.19878,0.21528,0.23177,0.24827,0.26244,-1.7827,0.27019,0.28668,0.30318,0.31967,0.33617,0.35267,0.36916,0.38566,0.40215,0.41865,-1.7662,0.4285,0.44057,0.45706,0.47356,0.49005,0.50655,0.52305,0.53954,0.55604,0.57253,-1.7386,0.58349,0.59445,0.61095,0.62744,0.64394,0.66043,0.67693,0.68313,0.68778,0.6942,-1.7221,0.70527,0.70527,0.71634,0.71634,0.72741,0.72741,0.73118,0.73848,0.74203,0.74955,-1.6945,0.75287,0.76062,0.76372,0.77169,0.77169,0.78,0.78277,0.79085,0.79384,0.8017,-1.6701,0.80491,0.80491,0.8069,0.81598,0.81598,0.81598,0.81598,0.81598,0.81598,0.81598,-1.6482,0.80491,0.80491,0.80402,0.79384,0.79251,0.76561,0.74911,0.72675,0.70483,0.67748,-2.3893,-1.6229,0.66099,0.62279,0.57286,0.57242,0.57242,0.57242,0.57242,0.57718,0.58349,0.59456,-1.6043,0.60453,0.60995,0.6167,0.62777,0.6373,0.65379,0.67029,0.70494,0.78077,0.78963,-1.5713,0.81376,0.82705,0.83568,0.84111,0.8576,0.8741,0.8906,0.90454,0.91252,0.92669,-1.5494,0.93444,0.94883,0.95636,0.97285,0.98935,1.0058,1.0223,1.0388,1.0553,1.0718,-1.5237,1.0817,1.0927,1.0992,1.1046,1.1211,1.137,1.143,1.1484,1.1592,1.1702,-1.5072,1.1702,1.1812,1.1813,1.1921,1.1924,1.2029,1.2035,1.2035,1.2145,1.2145,-1.4907,1.2145,1.2244,1.2256,1.2256,1.2256,1.2256,1.2294,1.2367,1.2367,1.2367,-1.4742,1.2477,1.2477,1.2508,1.2673,1.2838,1.3003,1.3168,1.3333,1.3609,1.3852,-1.4577,1.4072,1.4325,1.4621,1.4876,1.5152,1.5389,1.5593,1.5827,1.6033,1.6198,-1.4412,1.6352,1.6417,1.6582,1.6747,1.6912,1.7077,1.7132,1.7296,-2.3622,-1.4314,-1.4193,-1.4028,-1.3863,-1.3698,-1.3539,-1.3539,-1.3539,-1.3539,-1.3539,-2.3453,-1.3594,-1.365,-1.3597,-1.3539,-1.3539,-1.3539,-1.3428,-1.3325,-1.3271,-1.3207,-2.3184,-1.3052,-1.2985,-1.2833,-1.2764,-1.2613,-1.2543,-1.2394,-1.2229,-1.2064,-1.1899,-2.2854,-1.1701,-1.1459,-1.1263,-1.0933,-1.0714,-1.0467,-1.0165,-0.99155,-0.96398,-0.94749,-2.2524,-0.91992,-0.90342,-0.88494,-0.85936,-0.83003,-0.80423,-0.77511,-0.74212,-0.7202,-0.69397,-2.2194,-0.6664,-0.6499,-0.63341,-0.61691,-0.60042,-0.58392,-0.56743,-0.55093,-0.53466,-0.52901,5.0,5.0
0.70022,0.72589,0.72775,1.4297,1.3533,1.1862,1.1092,1.0322,0.93009,0.85067,0.75225,0.64957,0.54689,0.72066,0.44421,0.32755,0.21131,0.098378,-0.029974,-0.15179,-0.25915,-0.40725,-0.70759,-0.81027,0.70022,-0.91295,-0.99272,-1.0697,-1.1467,-1.2238,-1.2853,-1.3366,-1.388,-1.4294,-1.4551,0.70022,-1.4807,-1.5021,-1.5021,-1.5021,-1.5021,-1.4776,-1.452,-1.4056,-1.3542,-1.3029,0.69871,-1.2364,-1.1594,-1.0824,-1.0054,-0.92066,-0.81798,-0.7153,-0.61262,-0.50966,-0.38131,0.67304,-0.27704,-0.15213,-0.02378,0.086059,0.2054,0.33375,0.4621,0.57937,0.69128,0.81226,0.67269,0.91494,1.0176,1.1203,1.223,1.3257,1.4046,1.4816,1.5586,1.6356,1.6963,0.67269,1.7477,1.7864,1.8121,1.8378,1.8634,1.884,1.884,1.884,1.884,1.8587,0.67269,1.716,1.6482,1.5968,1.5277,1.3868,1.2635,1.1743,1.0716,0.9689,0.86622,0.67269,0.75872,0.63333,0.53065,0.42796,0.30037,0.19507,0.071194,-0.037819,-0.15798,-0.27071,0.75156,0.67269,-0.38716,-0.61076,-0.85404,-0.95672,-1.0531,-1.1301,-1.2071,-1.2841,-1.3611,-1.4136,0.67269,-1.4649,-1.5162,-1.5486,-1.5743,-1.5999,-1.6122,-1.6122,-1.6122,-1.6122,-1.6062,0.65852,-1.5805,-1.5549,-1.5292,-1.5035,-1.4536,-1.4246,-1.3785,-1.3085,-1.2483,-1.182,0.63285,-1.118,-1.0555,-0.97847,-0.90146,-0.81881,-0.71991,-0.64097,-0.53829,-0.43561,-0.35681,0.60718,-0.25777,-0.15509,-0.05241,0.050272,0.15295,0.25564,0.35832,0.45198,0.53615,0.63353,0.5815,0.71055,0.78756,0.86457,0.94158,1.0186,1.0956,1.1528,1.2041,1.2716,1.3343,0.54909,1.3857,1.4265,1.4608,1.5054,1.531,1.5567,1.5811,1.5811,1.5811,1.5811,0.50264,1.5598,1.5341,1.5085,1.4828,1.4432,1.3919,1.3405,1.2809,1.2103,1.1544,0.47394,1.0774,1.0004,0.92334,0.82162,0.6504,0.53367,0.41186,0.30078,0.1981,0.081861,0.41792,-0.046491,-0.165,-0.27567,-0.40402,-0.5281,-0.63079,-0.73347,-0.83615,-0.91447,-1.194,0.75528,0.26389,-1.2956,-1.3469,-1.3814,-1.407,-1.4327,-1.447,-1.447,-1.447,-1.4412,-1.4156,0.18482,-1.3899,-1.3642,-1.3385,-1.3129,-1.2872,-1.2412,-1.1899,-1.1551,-1.1147,-1.0634,0.13093,-1.0121,-0.96072,-0.91667,-0.88013,-0.80669,-0.75535,-0.70401,-0.65267,-0.60133,-0.54999,0.058324,-0.49865,-0.42921,-0.36844,-0.3171,-0.27828,-0.24194,-0.19941,-0.16679,-0.12054,-0.094872,-0.018687,-0.069202,-0.043532,-0.017861,0.007809,0.03348,0.039536,0.057292,0.067064,0.053025,0.027354,-0.095698,0.001684,-0.015521,-0.022128,-0.04305,-0.04594,-0.070578,-0.070578,-0.095423,-0.12109,-0.12564,-0.17271,-0.12564,-0.14305,-0.15316,-0.15316,-0.165,-0.18069,-0.18069,-0.18069,-0.18069,-0.18324,-0.26355,-0.20822,-0.20822,-0.20822,-0.23086,-0.23575,-0.25468,-0.26328,-0.27849,-0.29081,-0.3023,-0.35426,-0.31834,-0.32611,-0.34586,-0.34586,-0.34807,-0.37339,-0.37339,-0.39755,-0.40092,-0.40092,-0.43127,-0.4195,-0.42845,-0.42845,-0.42845,-0.42845,-0.43774,-0.45598,-0.45598,0.75528,-0.50828,-0.59169,-0.68983,-0.76416,-0.81633,-0.89334,-0.97035,-1.0246,-1.0759,-1.1273,0.75528,-1.1614,-1.1717,-1.1852,-1.1993,-1.1895,-1.1638,-1.1381,-1.1083,-1.0569,-1.0051,0.75528,-0.92809,-0.85108,-0.77407,-0.67648,-0.59252,-0.49865,-0.39597,-0.29328,-0.1906,-0.087922,0.75528,0.02233,0.14497,0.25151,0.37786,0.48068,0.60903,0.71344,0.81612,0.93903,1.049,0.75528,1.1352,1.2268,1.3167,1.3937,1.4617,1.5202,1.5865,1.6157,1.6654,1.691,0.74447,1.7167,1.7424,1.7463,1.7463,1.7283,1.7188,1.7045,1.6788,1.6001,1.4811,2.0,2.0
-0.087415,-0.13894,-0.13894,1.5936,1.6197,1.6458,1.6718,1.6902,1.6902,1.6818,1.6557,1.6297,1.5942,-0.13894,1.5421,1.4899,1.4274,1.3492,1.2709,1.1927,1.1028,1.0104,0.9199,0.81556,-0.13894,0.71122,0.60688,0.50255,0.39821,0.29387,0.17504,0.059431,-0.044907,-0.14925,-0.2378,-0.13894,-0.33216,-0.42007,-0.51507,-0.60234,-0.6806,-0.75885,-0.8371,-0.91536,-0.97493,-1.0271,-0.13894,-1.0986,-1.1572,-1.2094,-1.2615,-1.2931,-1.3401,-1.3923,-1.4229,-1.449,-1.475,-0.13894,-1.5011,-1.5272,-1.5533,-1.5794,-1.5816,-1.5816,-1.5816,-1.5568,-1.5308,-1.5301,-0.13894,-1.5044,-1.4525,-1.4258,-1.3736,-1.3201,-1.2435,-1.1894,-1.1134,-1.0587,-0.98041,-0.13894,-0.90215,-0.8239,-0.74565,-0.66739,-0.58914,-0.51089,-0.43263,-0.35438,-0.27613,-0.19787,-0.13894,-0.11962,-0.041365,0.036889,0.11514,0.1934,0.2636,0.32414,0.40239,0.47163,0.53314,-0.13282,0.61139,0.67966,0.74214,0.80976,0.87288,0.93986,0.99203,1.0323,1.0706,1.1228,-0.13894,-0.11318,1.1621,1.2014,1.24,1.2661,1.2922,1.3182,1.3443,1.3704,1.381,1.3968,-0.11318,1.4068,1.3904,1.381,1.364,1.3379,1.3118,1.2677,1.2155,1.1634,1.1112,-0.12026,1.059,0.9872,0.90895,0.83069,0.73183,0.64843,0.54892,0.44458,0.34024,0.25812,-0.13894,0.15733,0.05299,-0.028162,-0.12992,-0.21043,-0.31284,-0.41717,-0.49672,-0.60009,-0.67899,-0.14667,-0.783,-0.86126,-0.93951,-1.0178,-1.0947,-1.1485,-1.2248,-1.277,-1.3292,-1.3813,-0.17275,-1.4303,-1.4599,-1.5082,-1.5385,-1.5861,-1.6122,-1.6332,-1.6386,-1.6589,-1.6589,-0.19884,-1.6525,-1.6264,-1.6074,-1.6,-1.5739,-1.5398,-1.496,-1.4612,-1.418,-1.3826,-0.22492,-1.3305,-1.2683,-1.2004,-1.1482,-1.0851,-1.0181,-0.95432,-0.87607,-0.79782,-0.71956,-0.25101,-0.64131,-0.54985,-0.45904,-0.38079,-0.30253,-0.20979,-0.12026,-0.042009,0.036245,0.1145,-0.28643,0.19275,0.27101,0.34926,0.42751,0.50577,0.58402,0.64424,0.71476,0.77434,0.84551,-0.13894,-0.3386,0.90444,0.95661,1.0088,1.0407,1.0874,1.1186,1.1659,1.1965,1.2226,1.2487,-0.38079,1.2973,1.3266,1.3527,1.3788,1.4049,1.431,1.457,1.4831,1.5092,1.5353,-0.42748,1.5614,1.5875,1.6136,1.6396,1.6657,1.6918,1.7179,1.744,1.7675,1.7646,-0.49511,1.7385,1.7089,1.6606,1.6303,1.5781,1.5211,1.4429,1.3646,1.2864,1.202,-0.54728,1.1041,1.0191,0.91474,0.81781,0.73183,0.63554,0.54892,0.45327,0.37502,0.29677,-0.61072,0.22818,0.16602,0.098075,0.035279,-0.032026,-0.084195,-0.12477,-0.15086,-0.18918,-0.22879,-0.67738,-0.25487,-0.28096,-0.29351,-0.29351,-0.27935,-0.26775,-0.26775,-0.25262,-0.24199,-0.24199,-0.74146,-0.22589,-0.21623,-0.21623,-0.21623,-0.21623,-0.23394,-0.24199,-0.24199,-0.24199,-0.24199,-0.80748,-0.24199,-0.26163,-0.26775,-0.26775,-0.26775,-0.28868,-0.29351,-0.29351,-0.29351,-0.29351,-0.8722,-0.29351,-0.29351,-0.29351,-0.29351,-0.31735,-0.34343,-0.51636,-0.59977,-0.13894,-0.93758,-0.98975,-1.0284,-1.0683,-1.1063,-1.1469,-1.1843,-1.2103,-1.2364,-1.2467,-0.13894,-1.2628,-1.2889,-1.2983,-1.2983,-1.2983,-1.2805,-1.2545,-1.2284,-1.2023,-1.1762,-0.13894,-1.1501,-1.1044,-1.0522,-1.0001,-0.92727,-0.84902,-0.77076,-0.69251,-0.61426,-0.536,-0.13894,-0.45775,-0.35663,-0.27548,-0.17372,-0.093212,0.009194,0.11353,0.19307,0.29645,0.40078,-0.13894,0.47936,0.55793,0.66098,0.71412,0.79237,0.86902,0.92312,0.99912,1.0513,1.1035,-0.13894,1.1556,1.2078,1.26,1.3121,1.3643,1.4116,1.4429,1.4896,1.5215,1.5675,0.0,0.0
-2.0078,-1.9258,-1.7915,-0.54011,-0.52426,-0.51401,-0.50376,-0.4935,-0.48325,-0.473,-0.47289,-0.4637,-0.46169,-1.771,-0.46169,-0.45536,-0.45048,-0.45491,-0.46169,-0.46421,-0.47289,-0.47351,-0.48376,-0.49401,-1.7505,-0.50426,-0.52252,-0.53597,-0.54622,-0.55647,-0.57092,-0.58817,-0.60072,-0.61988,-0.63052,-1.7401,-0.65103,-0.66184,-0.68083,-0.69354,-0.73113,-0.77062,-0.79152,-0.79779,-0.79779,-0.79572,-1.7207,-0.78659,-0.78642,-0.77617,-0.77538,-0.76687,-0.74906,-0.73516,-0.71925,-0.69875,-0.67825,-1.7002,-0.66055,-0.64845,-0.62167,-0.52941,-0.49832,-0.47681,-0.44802,-0.41727,-0.38651,-0.36119,-1.6797,-0.33621,-0.30545,-0.27728,-0.25515,-0.22507,-0.20457,-0.18407,-0.15454,-0.13186,-0.11136,-1.6654,-0.084691,-0.059147,-0.038645,-0.018142,0.00236,0.021462,0.032161,0.052663,0.073166,0.084873,-1.6499,0.095124,0.10538,0.11563,0.12588,0.13613,0.14638,0.1545,0.15568,0.16571,0.16571,-1.6294,0.16571,0.16571,0.16571,0.15904,0.1545,0.14974,0.1433,0.14044,0.13019,0.11994,-1.9088,-1.6089,0.10969,0.099438,0.089187,0.078935,0.068684,0.058433,0.048182,0.037931,0.013339,-0.027385,-1.5908,-0.037636,-0.047159,-0.047159,-0.067214,-0.078641,-0.088892,-0.091973,-0.098191,-0.10318,-0.10318,-1.5791,-0.10318,-0.10077,-0.090517,-0.080266,-0.070014,-0.059763,-0.049512,-0.031362,0.016924,0.054456,-1.5586,0.08,0.10666,0.1303,0.16106,0.19058,0.21136,0.24211,0.27287,0.30362,0.33437,-1.5381,0.35841,0.38468,0.41543,0.44618,0.47403,0.49649,0.52724,0.55794,0.57844,0.6083,-1.5274,0.63905,0.66236,0.68286,0.70336,0.72846,0.75193,0.76487,0.78537,0.80587,0.82637,-1.5172,0.84688,0.85825,0.8685,0.88598,0.9002,0.91046,0.91634,0.91975,0.92754,0.92905,-1.499,0.93874,0.93874,0.93874,0.92984,0.92754,0.92054,0.91634,0.91124,0.90099,0.89074,-1.4855,0.88049,0.86895,0.84878,0.83853,0.82828,0.80934,0.78884,0.76834,0.74784,0.73221,-1.4692,0.71804,0.69753,0.67703,0.65653,0.63569,0.58444,0.56141,0.54937,0.53912,0.52887,-1.8902,-1.4538,0.51861,0.51301,0.50932,0.49906,0.49061,0.49061,0.49061,0.49061,0.49979,0.50181,-1.4435,0.50909,0.51934,0.52959,0.53985,0.5501,0.56035,0.57217,0.59205,0.6023,0.62247,-1.4333,0.64297,0.66348,0.67692,0.69328,0.71893,0.7791,0.85886,0.88962,0.92037,0.95112,-1.423,0.98188,1.0126,1.0434,1.0664,1.0937,1.1244,1.1552,1.182,1.2055,1.2342,-1.4127,1.2558,1.2864,1.3069,1.3274,1.3564,1.3796,1.4001,1.4206,1.4364,1.4504,-1.4025,1.4681,1.4802,1.4998,1.5101,1.5203,1.5306,1.5325,1.5399,1.5501,1.5549,-1.3922,1.5549,1.5585,1.5661,1.5661,1.5655,1.5552,1.5549,1.5549,1.5469,1.5437,-1.4012,1.5437,1.5385,1.5325,1.5292,1.519,1.5101,1.5097,1.4994,1.4989,1.4901,-1.3942,1.4877,1.4946,1.5049,1.5151,1.5254,1.5356,1.5501,1.5785,1.5888,1.599,-1.3916,1.6093,1.6281,1.641,1.6512,1.6615,1.6717,1.682,1.6922,-1.8771,-1.3916,-1.3858,-1.3804,-1.3765,-1.3692,-1.3692,-1.3682,-1.358,-1.358,-1.358,-1.8669,-1.3496,-1.3468,-1.3403,-1.3356,-1.331,-1.3207,-1.3105,-1.2985,-1.2788,-1.2685,-1.8511,-1.2583,-1.248,-1.2296,-1.2163,-1.1998,-1.1846,-1.17,-1.1529,-1.1402,-1.1197,-1.8352,-1.0997,-1.0895,-1.0694,-1.0489,-1.0284,-1.0079,-0.9934,-0.97805,-0.95755,-0.93705,-1.8213,-0.91655,-0.89604,-0.87588,-0.86563,-0.84574,-0.82524,-0.80474,-0.78423,-0.76956,-0.75443,-1.8035,-0.73393,-0.71343,-0.69293,-0.67242,-0.65192,-0.63142,-0.61092,-0.59041,-0.56991,-0.55596,5.0,5.0
-2.1781,-2.0986,-1.8323,-0.72954,-0.71949,-0.71747,-0.71747,-0.70539,-0.69332,-0.69332,-0.68125,-0.68125,-0.66918,-1.7941,-0.66918,-0.66918,-0.66918,-0.66918,-0.66918,-0.66918,-0.6623,-0.65711,-0.65711,-0.65328,-1.7559,-0.64504,-0.63297,-0.62089,-0.62089,-0.60882,-0.59902,-0.59675,-0.58495,-0.57792,-0.57089,-1.7176,-0.56054,-0.54847,-0.53772,-0.53639,-0.52432,-0.51663,-0.5096,-0.50018,-0.49553,-0.48811,-1.6915,-0.47604,-0.46397,-0.45533,-0.4483,-0.43982,-0.42775,-0.41514,-0.40361,-0.39154,-0.38197,-1.6533,-0.37947,-0.36791,-0.36739,-0.36592,-0.35532,-0.35185,-0.34325,-0.33779,-0.33118,-0.32373,-1.6272,-0.31911,-0.31911,-0.31911,-0.31911,-0.30064,-0.29361,-0.28289,-0.27954,-0.27082,-0.25875,-1.5999,-0.24668,-0.23935,-0.23232,-0.22254,-0.21047,-0.19915,-0.19212,-0.18509,-0.17425,-0.17102,-1.5749,-0.16218,-0.16218,-0.15011,-0.15011,-0.13804,-0.13804,-0.13804,-0.12684,-0.12597,-0.12485,-1.5496,-0.11389,-0.11389,-0.10375,-0.10182,-0.089751,-0.089751,-0.089751,-0.080668,-0.07768,-0.07768,-2.0675,-1.5226,-0.065609,-0.065609,-0.065609,-0.053537,-0.053537,-0.041466,-0.041466,-0.034494,-0.029394,-0.029394,-1.4993,-0.017323,-0.017323,-0.011408,-0.005251,-0.005251,0.00682,0.00682,0.018891,0.030782,0.030963,-1.4802,0.043034,0.051877,0.058908,0.067177,0.072972,0.080003,0.09132,0.10339,0.11317,0.1202,-1.4611,0.12753,0.12753,0.13961,0.14833,0.15536,0.16375,0.17582,0.18853,0.19996,0.21466,-1.442,0.22411,0.24079,0.2599,0.26693,0.28603,0.30514,0.32424,0.34334,0.35037,0.36948,-1.4229,0.38103,0.39311,0.40264,0.40967,0.42878,0.43581,0.44284,0.46194,0.46553,0.47601,-1.4055,0.48304,0.48968,0.48968,0.50175,0.50175,0.51382,0.52523,0.53226,0.53929,0.55839,-1.3968,0.56543,0.57418,0.59156,0.59859,0.61039,0.62473,0.63453,0.65086,0.65868,0.67075,-1.3777,0.68282,0.68282,0.69489,0.70512,0.71215,0.71919,0.73111,0.74318,0.75235,0.75938,-1.3585,0.76732,0.77939,0.78048,0.79146,0.79454,0.80353,0.80353,0.80356,0.81561,0.81561,-2.0484,-1.3394,0.82466,0.82768,0.82768,0.83975,0.83975,0.83975,0.84271,0.85182,0.85182,0.85182,-1.3203,0.86389,0.86389,0.86389,0.87596,0.87596,0.87596,0.87596,0.87596,0.88803,0.88803,-1.3012,0.89286,0.90011,0.90693,0.91218,0.91218,0.91595,0.92425,0.93632,0.94839,0.94839,-1.2821,0.96046,0.96046,0.97253,0.98427,0.99131,0.99668,1.0054,1.0087,1.0194,1.0265,-1.263,1.0335,1.045,1.057,1.0667,1.0812,1.0928,1.0998,1.1069,1.126,1.1451,-1.2439,1.1642,1.1833,1.2024,1.2215,1.2406,1.2597,1.2788,1.2979,1.317,1.3361,-1.2248,1.3636,1.3898,1.4175,1.4487,1.4799,1.499,1.5302,1.5493,1.5684,1.5875,-1.2057,1.6129,1.6391,1.6689,1.7001,1.7295,1.7504,1.7816,1.8007,1.8198,1.8481,-1.1866,1.87,1.9004,1.9203,1.9406,1.9706,1.9897,2.0088,2.0279,2.047,2.0661,-1.1762,2.0731,2.0923,2.1114,2.1305,2.1496,2.1687,2.1878,2.2069,-2.0172,-1.1762,-1.1762,-1.1641,-1.1641,-1.1641,-1.152,-1.152,-1.152,-1.1404,-1.14,-1.9871,-1.14,-1.1314,-1.1279,-1.1279,-1.1224,-1.1158,-1.1158,-1.1158,-1.1158,-1.1158,-1.9609,-1.1044,-1.1038,-1.1038,-1.1038,-1.0917,-1.0917,-1.0863,-1.0675,-1.0602,-1.0531,-1.9348,-1.0434,-1.0391,-1.0313,-1.0193,-1.0072,-0.99888,-0.98304,-0.97275,-0.96572,-0.95868,-1.8966,-0.94682,-0.93475,-0.92552,-0.91061,-0.89938,-0.88647,-0.87325,-0.85414,-0.84711,-0.83818,-1.8705,-0.82611,-0.82602,-0.81404,-0.80197,-0.79285,-0.78582,-0.76672,-0.75969,-0.75265,-0.74161,3.0,5.0
0.50805,0.46669,0.40875,0.87444,0.95716,1.0399,1.1102,1.1791,1.2466,1.3018,1.3569,1.4078,1.4492,0.39496,1.4905,1.5249,1.5509,1.5647,1.5686,1.5686,1.5686,1.5686,1.5544,1.5268,0.39235,1.4992,1.4617,1.4159,1.3608,1.3056,1.2505,1.1936,1.1246,1.0457,0.96295,0.39235,0.88022,0.7975,0.70744,0.61093,0.51442,0.40778,0.29748,0.18718,0.076881,-0.033419,0.39216,-0.14565,-0.26974,-0.3836,-0.4939,-0.6042,-0.70149,-0.798,-0.89249,-0.97521,-1.0476,0.37837,-1.1166,-1.1855,-1.2413,-1.2889,-1.3281,-1.3557,-1.3937,-1.4252,-1.439,-1.4528,0.37307,-1.4666,-1.4781,-1.4781,-1.4781,-1.4731,-1.4593,-1.4455,-1.4239,-1.3964,-1.3688,0.37307,-1.3306,-1.2841,-1.229,-1.1872,-1.1301,-1.0611,-0.99218,-0.91254,-0.82982,-0.74709,0.37307,-0.65087,-0.55436,-0.45784,-0.36133,-0.26482,-0.16831,-0.071793,0.02472,0.12123,0.21774,0.37307,0.31426,0.39988,0.4826,0.56533,0.64805,0.73078,0.8108,0.87974,0.95967,1.0369,0.44191,0.37307,1.1058,1.161,1.2161,1.2713,1.3264,1.3705,1.4119,1.4531,1.4807,1.5083,0.37278,1.533,1.5467,1.5605,1.5686,1.5684,1.5547,1.5409,1.5241,1.4965,1.4689,0.35899,1.4356,1.3939,1.3388,1.2836,1.2254,1.1565,1.0761,0.99341,0.9103,0.81379,0.35379,0.71728,0.62076,0.52425,0.42774,0.32525,0.21495,0.10465,0.003122,-0.09339,-0.1899,0.3507,-0.29799,-0.40221,-0.49872,-0.59524,-0.69175,-0.78826,-0.88477,-0.96962,-1.0585,-1.1537,0.33692,-1.2226,-1.3005,-1.3763,-1.4315,-1.4866,-1.5418,-1.5961,-1.6375,-1.6698,-1.6974,0.32313,-1.7249,-1.7407,-1.7544,-1.7674,-1.7674,-1.7674,-1.7637,-1.7499,-1.7242,-1.6966,0.30934,-1.669,-1.6414,-1.5954,-1.544,-1.5026,-1.4371,-1.3682,-1.2993,-1.2303,-1.152,0.29555,-1.0655,-0.96895,-0.88458,-0.7952,-0.69869,-0.60218,-0.50567,-0.40915,-0.31264,-0.21613,0.28177,-0.12636,-0.042386,0.054127,0.14109,0.22787,0.32438,0.40855,0.49128,0.574,0.65673,0.43092,0.2593,0.72981,0.8029,0.88562,0.95591,1.0248,1.0923,1.1475,1.2026,1.2578,1.3129,0.23173,1.3556,1.3969,1.4383,1.4796,1.5112,1.5344,1.5482,1.5746,1.5951,1.6056,0.20415,1.5918,1.578,1.5598,1.5322,1.5046,1.4698,1.4284,1.3871,1.3457,1.2998,0.17658,1.2447,1.1767,1.1151,1.0581,0.98917,0.92023,0.85592,0.80077,0.7327,0.67119,0.149,0.61411,0.54517,0.47624,0.4073,0.33836,0.28244,0.21977,0.15286,0.097707,0.042557,0.12094,-0.007773,-0.049135,-0.090498,-0.12424,-0.15182,-0.17939,-0.19656,-0.21526,-0.24284,-0.2572,0.07958,-0.27099,-0.28256,-0.28256,-0.29307,-0.30184,-0.30184,-0.30184,-0.30184,-0.29953,-0.28574,0.038218,-0.28256,-0.27745,-0.26366,-0.26328,-0.25537,-0.24399,-0.24399,-0.23329,-0.22471,-0.22471,-0.003145,-0.21121,-0.20543,-0.20292,-0.18913,-0.18614,-0.18084,-0.16705,-0.16686,-0.16686,-0.16686,-0.044507,-0.16686,-0.16686,-0.16686,-0.16686,-0.16686,-0.16686,-0.16686,-0.16686,0.43092,-0.09744,-0.15259,-0.20832,-0.27726,-0.34619,-0.41513,-0.48407,-0.56467,-0.64123,-0.71084,0.43092,-0.79356,-0.86732,-0.93973,-1.0225,-1.0817,-1.1431,-1.2112,-1.2664,-1.3125,-1.3538,0.42533,-1.3952,-1.4247,-1.4523,-1.479,-1.4928,-1.5066,-1.5204,-1.5341,-1.536,-1.5295,0.41164,-1.5148,-1.4872,-1.4596,-1.4283,-1.3869,-1.3335,-1.2783,-1.2221,-1.1532,-1.0749,0.41164,-0.99218,-0.90946,-0.81458,-0.71807,-0.62156,-0.52505,-0.42853,-0.33202,-0.23551,-0.139,0.41164,-0.042482,0.05403,0.15054,0.24706,0.34357,0.44008,0.52425,0.61382,0.70899,0.79171,0.0,0.0
-2.0111,-1.9401,-1.7308,-0.8069,-0.82148,-0.83606,-0.85065,-0.86523,-0.87981,-0.89439,-0.90897,-0.92355,-0.93813,-1.7129,-0.95863,-0.99586,-0.99586,-0.98458,-0.98068,-0.9733,-0.9628,-0.94822,-0.93364,-0.92817,-1.6895,-0.91576,-0.90118,-0.8866,-0.87202,-0.86872,-0.80972,-0.7606,-0.74768,-0.74272,-0.72814,-1.6749,-0.72484,-0.71026,-0.69568,-0.68109,-0.66431,-0.64065,-0.62607,-0.61149,-0.59691,-0.58233,-1.6491,-0.56775,-0.55317,-0.53859,-0.52401,-0.50943,-0.49485,-0.48027,-0.46569,-0.43983,-0.42525,-1.6345,-0.41067,-0.39609,-0.38151,-0.35844,-0.34106,-0.32268,-0.30062,-0.27564,-0.26018,-0.23988,-1.6122,-0.21974,-0.20516,-0.19058,-0.16836,-0.15014,-0.13852,-0.13226,-0.11768,-0.1031,-0.088515,-1.594,-0.082114,-0.070635,-0.059552,-0.052755,-0.048271,-0.03699,-0.03699,-0.03699,-0.036257,-0.02571,-1.5795,-0.02571,-0.02571,-0.03699,-0.03699,-0.03699,-0.038259,-0.048271,-0.05614,-0.07072,-0.0853,-1.5586,-0.099881,-0.11446,-0.12904,-0.14362,-0.1582,-0.17363,-0.2062,-0.19918,-0.19492,-0.18364,-1.9256,-1.539,-0.178,-0.17236,-0.16108,-0.12701,-0.063275,-0.048694,-0.022833,-0.008253,0.006328,0.032189,-1.5244,0.046769,0.069444,0.087211,0.1052,0.12765,0.14223,0.15884,0.18267,0.19726,0.21184,-1.505,0.23036,0.25228,0.26686,0.29272,0.3073,0.33105,0.34774,0.36232,0.3769,0.40257,-1.484,0.41734,0.43192,0.4465,0.46108,0.47566,0.49856,0.51611,0.53069,0.54527,0.55985,-1.4694,0.57443,0.58901,0.60359,0.61729,0.62147,0.63605,0.63986,0.65393,0.66242,0.67181,-1.4548,0.67511,0.68498,0.68498,0.69626,0.69626,0.69626,0.69626,0.69431,0.68498,0.68498,-1.4403,0.68498,0.68498,0.67782,0.6737,0.67122,0.66242,0.65334,0.65004,0.63986,0.63216,-1.4257,0.61758,0.61428,0.60601,0.5964,0.58182,0.57217,0.56394,0.54936,0.53478,0.5202,-1.4111,0.465,0.44591,0.41492,0.39168,0.3804,0.3804,0.3804,0.3804,0.39439,0.40897,-1.402,0.42355,0.43813,0.45733,0.47857,0.49315,0.51901,0.54013,0.64804,0.67556,0.69014,-1.911,-1.402,0.70472,0.7193,0.73388,0.74846,0.76304,0.77762,0.7922,0.80678,0.82136,0.83594,-1.402,0.85814,0.87639,0.89097,0.91178,0.93141,0.94754,0.97185,0.98643,1.0123,1.0269,-1.402,1.0482,1.0673,1.0932,1.1131,1.1336,1.1489,1.1741,1.1959,1.2145,1.2291,-1.402,1.2437,1.2582,1.2716,1.2761,1.2907,1.2941,1.3054,1.3054,1.3152,1.3167,-1.402,1.3167,1.3251,1.328,1.328,1.328,1.328,1.3303,1.3393,1.3393,1.3393,-1.402,1.3393,1.3317,1.328,1.328,1.328,1.328,1.328,1.3232,1.3167,1.3166,-1.402,1.3054,1.3054,1.2954,1.2941,1.2888,1.2915,1.306,1.3206,1.3352,1.3498,-1.402,1.3669,1.3902,1.4139,1.4318,1.4565,1.4711,1.4967,1.5116,1.5261,1.5407,-1.402,1.5666,1.5812,1.5957,1.6216,1.6362,1.6577,1.6766,1.6934,1.7171,1.7316,-1.402,1.7462,1.7608,1.7754,1.79,1.8045,1.8191,1.8337,1.8455,-1.8851,-1.3941,-1.3907,-1.3794,-1.3729,-1.3681,-1.3568,-1.3517,-1.3456,-1.3343,-1.3305,-1.8653,-1.323,-1.3126,-1.2981,-1.2892,-1.2802,-1.2656,-1.251,-1.2364,-1.2219,-1.2073,-1.8362,-1.1927,-1.1781,-1.1523,-1.1329,-1.1037,-1.0745,-1.0488,-1.0275,-0.99834,-0.98046,-1.8075,-0.95666,-0.94208,-0.91621,-0.89766,-0.87577,-0.86119,-0.83533,-0.82075,-0.80617,-0.79159,-1.7891,-0.77701,-0.76243,-0.74785,-0.7364,-0.72997,-0.72512,-0.72512,-0.72512,-0.72512,-0.72512,-1.76,-0.72512,-0.72512,-0.72512,-0.7364,-0.74198,-0.74768,-0.75986,-0.77024,-0.77774,-0.79232,5.0,5.0
2.4323,2.2094,1.7991,-0.31689,-0.32915,-0.34774,-0.36632,-0.37934,-0.39084,-0.40942,-0.428,-0.44178,-0.45252,1.7465,-0.4711,-0.48968,-0.50827,-0.52685,-0.54543,-0.56401,-0.58259,-0.60117,-0.61975,-0.63833,1.7187,-0.65691,-0.67549,-0.69407,-0.71266,-0.73124,-0.74982,-0.7684,-0.78698,-0.80556,-0.82414,1.6908,-0.84272,-0.8613,-0.87988,-0.89847,-0.91705,-0.93563,-0.95421,-0.97279,-0.99137,-1.01,1.6629,-1.0285,-1.0471,-1.0657,-1.0843,-1.1029,-1.1214,-1.14,-1.158,-1.1673,-1.1831,1.6341,-1.2017,-1.2203,-1.2389,-1.2517,-1.2634,-1.282,-1.2922,-1.3065,-1.3234,-1.3327,1.5784,-1.3496,-1.3639,-1.3732,-1.3825,-1.3918,-1.3976,-1.3977,-1.407,-1.4163,-1.4229,1.5414,-1.4229,-1.4316,-1.4302,-1.4229,-1.4229,-1.415,-1.4057,-1.3976,-1.3976,-1.3905,1.5135,-1.3812,-1.3723,-1.3723,-1.366,-1.3567,-1.3474,-1.3381,-1.3288,-1.3218,-1.3218,1.4856,-1.3136,-1.3043,-1.2935,-1.2749,-1.2638,-1.2545,-1.2452,-1.2359,-1.2266,-1.2173,2.0933,1.4224,-1.208,-1.1894,-1.1768,-1.1675,-1.1582,-1.1404,-1.127,-1.1159,-1.0973,-1.0865,1.3738,-1.0728,-1.0542,-1.0356,-1.024,-1.0111,-0.99251,-0.97393,-0.9616,-0.9494,-0.93082,1.3388,-0.91224,-0.89916,-0.88772,-0.86914,-0.85865,-0.84462,-0.82604,-0.80746,-0.79621,-0.78293,1.311,-0.76435,-0.74577,-0.73376,-0.72125,-0.70267,-0.68409,-0.67132,-0.65957,-0.64099,-0.63081,1.2507,-0.61646,-0.59959,-0.5903,-0.58101,-0.56742,-0.54979,-0.5405,-0.52432,-0.50928,-0.4998,1.2047,-0.48122,-0.46876,-0.45669,-0.43811,-0.42825,-0.41896,-0.40765,-0.38907,-0.37845,-0.36916,1.1754,-0.35861,-0.34003,-0.32865,-0.31936,-0.31007,-0.30078,-0.29149,-0.2822,-0.27291,-0.26362,1.1382,-0.25433,-0.24503,-0.23574,-0.22645,-0.21716,-0.20787,-0.19858,-0.19681,-0.19264,-0.18417,1.0864,-0.18417,-0.18417,-0.18076,-0.17153,-0.17153,-0.16553,-0.15889,-0.15889,-0.1503,-0.14625,1.0386,-0.14436,-0.13507,-0.12578,-0.11649,-0.10719,-0.097904,-0.088614,-0.071865,-0.044373,-0.025792,2.0454,1.0021,-0.013531,-0.001271,0.01731,0.035891,0.048911,0.060413,0.078994,0.097575,0.11616,0.13474,0.97423,0.15332,0.18669,0.21576,0.23434,0.25292,0.2715,0.29008,0.30866,0.31802,0.33319,0.92664,0.34924,0.35853,0.37629,0.38975,0.39904,0.40833,0.42533,0.43955,0.44783,0.44783,0.88057,0.45478,0.46047,0.46073,0.47002,0.47931,0.4886,0.49789,0.50718,0.51647,0.52576,0.85269,0.53505,0.55237,0.5803,0.61481,0.63339,0.65197,0.67055,0.6897,0.71757,0.75846,0.82482,0.7986,0.82647,0.85434,0.88796,0.92272,0.95059,1.0118,1.0569,1.0864,1.1236,0.77369,1.1532,1.1853,1.2242,1.2799,1.322,1.3592,1.3962,1.4241,1.458,1.5006,0.72098,1.5564,1.5948,1.6266,1.6526,1.6711,1.7213,1.7589,1.7774,1.796,1.8146,0.7024,1.8446,1.8897,1.9083,1.9269,1.9424,1.9517,1.97,1.9942,2.0175,2.0268,0.65861,2.0361,2.0454,2.0562,2.0747,2.0859,2.0952,2.1044,2.1137,2.0175,0.63238,0.62309,0.6138,0.61215,0.58637,0.53631,0.53631,0.51565,0.48424,0.44764,1.9896,0.43835,0.42906,0.41977,0.41048,0.38375,0.36662,0.35733,0.34804,0.32282,0.30418,1.9462,0.29362,0.27504,0.24205,0.20874,0.18188,0.17259,0.15686,0.14137,0.13208,0.10472,1.8959,0.076845,0.053651,0.04436,0.018511,0.000499,-0.011951,-0.039823,-0.052653,-0.061943,-0.071233,1.8681,-0.080524,-0.10334,-0.12439,-0.13393,-0.18038,-0.19681,-0.19947,-0.20876,-0.20945,-0.2147,1.8402,-0.22399,-0.23328,-0.24257,-0.24737,-0.24851,-0.2578,-0.27417,-0.28902,-0.29831,-0.3076,1.0,1.0
-2.0665,-1.9774,-1.7219,-0.81554,-0.81243,-0.80095,-0.79986,-0.7876,-0.7876,-0.78418,-0.77518,-0.77518,-0.76851,-1.6949,-0.76277,-0.76277,-0.76277,-0.76277,-0.76277,-0.75035,-0.74849,-0.73793,-0.7339,-0.72552,-1.6673,-0.71931,-0.70581,-0.6923,-0.68827,-0.67771,-0.66421,-0.66313,-0.64962,-0.6386,-0.63503,-1.6285,-0.62153,-0.60803,-0.59453,-0.58102,-0.56752,-0.55402,-0.54051,-0.52701,-0.52592,-0.51444,-1.5987,-0.51134,-0.50202,-0.49675,-0.48324,-0.47719,-0.46865,-0.45515,-0.45236,-0.44056,-0.43948,-1.5621,-0.42752,-0.42489,-0.41511,-0.4103,-0.40269,-0.39571,-0.39028,-0.38112,-0.37786,-0.36653,-1.5301,-0.36544,-0.35194,-0.33844,-0.32819,-0.32385,-0.31578,-0.30926,-0.30336,-0.29467,-0.28117,-1.4956,-0.27853,-0.26658,-0.25308,-0.24128,-0.23849,-0.22498,-0.21148,-0.19798,-0.19161,-0.18339,-1.4686,-0.16989,-0.15638,-0.14288,-0.14179,-0.12829,-0.11479,-0.10129,-0.087782,-0.074279,-0.060777,-1.4416,-0.055034,-0.046187,-0.032685,-0.019182,-0.005679,0.007824,0.021327,0.034829,0.044297,0.049419,-1.9504,-1.4146,0.056713,0.064008,0.06913,0.078597,0.081546,0.093186,0.094273,0.10638,0.10638,0.10995,-1.3876,0.1188,0.1188,0.12562,0.13121,0.14021,0.14363,0.1548,0.16831,0.16939,0.18289,-1.3721,0.19329,0.19748,0.21099,0.21813,0.22558,0.23054,0.24016,0.25367,0.25538,0.26779,-1.3462,0.26934,0.28021,0.28393,0.29262,0.29852,0.30504,0.31311,0.31746,0.3277,0.32987,-1.3327,0.34229,0.34338,0.35471,0.35471,0.35471,0.36014,0.36712,0.36712,0.36712,0.3769,-1.3192,0.37954,0.39149,0.39196,0.39366,0.40437,0.40825,0.42175,0.4292,0.43634,0.44162,-1.3057,0.45093,0.46444,0.46645,0.47902,0.49129,0.49361,0.50712,0.52062,0.52854,0.53521,-1.2922,0.54871,0.56221,0.58565,0.60164,0.61514,0.62864,0.64401,0.66806,0.68157,0.70019,-1.2843,0.72099,0.74179,0.76041,0.77391,0.78742,0.80092,0.81442,0.82792,0.84143,0.85136,-1.2776,0.85602,0.86378,0.87061,0.87619,0.87619,0.88628,0.88861,0.88861,0.88861,0.89063,-1.9234,-1.2718,0.90103,0.90103,0.90103,0.90739,0.91344,0.91344,0.91344,0.91344,0.92524,0.92586,-1.2718,0.92586,0.9285,0.93827,0.94309,0.95069,0.95069,0.95876,0.96311,0.96311,0.97444,-1.2718,0.97552,0.98794,0.99011,1.0004,1.0047,1.0128,1.0193,1.0252,1.0339,1.0376,-1.2718,1.0485,1.05,1.0624,1.0624,1.0652,1.0749,1.0749,1.0749,1.0749,1.0831,-1.2718,1.0873,1.0873,1.0873,1.0997,1.0997,1.102,1.1121,1.1121,1.1121,1.1188,-1.2711,1.1245,1.1245,1.1345,1.1369,1.149,1.1625,1.176,1.1896,1.2031,1.2217,-1.2594,1.2425,1.256,1.2779,1.2954,1.3195,1.3465,1.3735,1.4019,1.4399,1.4669,-1.2594,1.4986,1.5333,1.5603,1.5873,1.6143,1.6414,1.6684,1.6954,1.7224,1.7494,-1.2594,1.7733,1.791,1.818,1.8386,1.8596,1.8866,1.9136,1.9299,1.9552,1.9698,-1.2543,1.9952,2.0114,2.0346,2.0481,2.0616,2.0751,2.0887,2.093,-1.8964,-1.247,-1.247,-1.247,-1.247,-1.247,-1.247,-1.247,-1.247,-1.2445,-1.2346,-1.8694,-1.2346,-1.2346,-1.2346,-1.2267,-1.2222,-1.2222,-1.2222,-1.2222,-1.2222,-1.2202,-1.8424,-1.2098,-1.2098,-1.2045,-1.1973,-1.1973,-1.1888,-1.1753,-1.1725,-1.1607,-1.1596,-1.8154,-1.1477,-1.145,-1.1315,-1.1228,-1.1169,-1.1034,-1.0899,-1.0764,-1.0629,-1.0494,-1.7884,-1.0483,-1.0235,-1.0213,-1.0078,-0.99433,-0.98083,-0.96733,-0.95382,-0.94032,-0.92682,-1.7516,-0.91332,-0.89981,-0.88693,-0.88522,-0.87172,-0.85822,-0.84968,-0.84363,-0.83013,-0.82485,3.0,5.0
-0.68542,-0.6975,-0.71309,-1.9001,-1.8947,-1.8866,-1.8841,-1.872,-1.8599,-1.8478,-1.8358,-1.8237,-1.8116,-0.71242,-1.7995,-1.7875,-1.7754,-1.7615,-1.7377,-1.7256,-1.7025,-1.6783,-1.6542,-1.63,-0.71242,-1.6059,-1.5777,-1.544,-1.5199,-1.4957,-1.4598,-1.4235,-1.3963,-1.3645,-1.3283,-0.70385,-1.2921,-1.2558,-1.2196,-1.1834,-1.1471,-1.0998,-1.0612,-1.0249,-0.9818,-0.93895,-0.69892,-0.89866,-0.85298,-0.81553,-0.76721,-0.73077,-0.68407,-0.6448,-0.60094,-0.55883,-0.52259,-0.69892,-0.48298,-0.43662,-0.40038,-0.36415,-0.32791,-0.29167,-0.25544,-0.22615,-0.19646,-0.16434,-0.69892,-0.14018,-0.11602,-0.091862,-0.067704,-0.054073,-0.032884,-0.016419,-0.00434,0.007739,0.019818,-0.69892,0.031897,0.043976,0.056056,0.068135,0.080214,0.092293,0.10437,0.11645,0.12853,0.14061,-0.69743,0.15269,0.16477,0.17685,0.17833,0.18751,0.19959,0.21167,0.22867,0.24932,0.2614,-0.68542,0.27348,0.28556,0.29764,0.31964,0.33529,0.35446,0.37295,0.38928,0.4106,0.4241,-0.70958,-0.68542,0.44825,0.47241,0.49657,0.52073,0.54489,0.56904,0.5982,0.63086,0.65717,0.69267,-0.68542,0.71683,0.75239,0.78863,0.81629,0.84761,0.88384,0.92008,0.95632,0.99255,1.0288,-0.67611,1.065,1.0905,1.124,1.1602,1.1965,1.2327,1.269,1.3052,1.3406,1.3648,-0.67193,1.4004,1.4366,1.4642,1.4884,1.5126,1.5367,1.5609,1.5835,1.5957,1.6199,-0.67193,1.6332,1.6453,1.6653,1.6829,1.695,1.7034,1.7057,1.7178,1.7298,1.7304,-0.66687,1.7405,1.7526,1.7574,1.7633,1.7664,1.7574,1.7574,1.7572,1.7451,1.7439,-0.65843,1.7344,1.7224,1.7103,1.6982,1.6861,1.6717,1.6485,1.6364,1.6127,1.5885,-0.65843,1.5644,1.5402,1.5161,1.4919,1.4678,1.4436,1.4192,1.3829,1.3467,1.32,-0.65843,1.2877,1.2515,1.2205,1.1925,1.1563,1.12,1.0838,1.0592,1.0248,0.98857,-0.65843,0.95976,0.92959,0.89336,0.86029,0.83438,0.79848,0.77432,0.73916,0.71251,0.68019,-0.71242,-0.64696,0.6507,0.62121,0.58888,0.56473,0.53949,0.50325,0.47876,0.4546,0.43044,0.40628,-0.64493,0.3882,0.37612,0.3608,0.33846,0.32638,0.3143,0.30223,0.29015,0.2863,0.27948,-0.64493,0.26741,0.25533,0.24325,0.23232,0.23232,0.22051,0.22921,0.24129,0.24581,0.24581,-0.63771,0.24581,0.24581,0.24581,0.24581,0.24581,0.24581,0.24581,0.24581,0.24581,0.24581,-0.63144,0.24581,0.24581,0.24581,0.24581,0.25769,0.25931,0.25931,0.25931,0.25931,0.2641,-0.63144,0.2728,0.2728,0.2728,0.2728,0.28401,0.2863,0.2863,0.2863,0.29183,0.2998,-0.63144,0.3025,0.31329,0.31329,0.31329,0.32382,0.32679,0.32679,0.33306,0.34028,0.34028,-0.62989,0.34028,0.34028,0.34028,0.34028,0.34028,0.34028,0.34028,0.34028,0.34028,0.34028,-0.61794,0.33893,0.32686,0.32679,0.32679,0.32679,0.31903,0.31329,0.31329,0.30978,0.2998,-0.61794,0.2998,0.2998,0.2998,0.28988,0.2863,0.2863,0.28063,0.2728,-0.71242,-0.60715,-0.60445,-0.60445,-0.60445,-0.60445,-0.60073,-0.59095,-0.59095,-0.59095,-0.59095,-0.71883,-0.59095,-0.59095,-0.59095,-0.59095,-0.59095,-0.59095,-0.58933,-0.57745,-0.57745,-0.57745,-0.72591,-0.57745,-0.58548,-0.59095,-0.64291,-0.73347,-0.75527,-0.76829,-0.79245,-0.85143,-0.88125,-0.72591,-0.94927,-0.99705,-1.0153,-1.05,-1.11,-1.1409,-1.2123,-1.2365,-1.2606,-1.2848,-0.72591,-1.3413,-1.3871,-1.4323,-1.5048,-1.5651,-1.5782,-1.6024,-1.6615,-1.7219,-1.747,-0.72517,-1.759,-1.7951,-1.8372,-1.8493,-1.8596,-1.8609,-1.9093,-1.9136,-1.9136,-1.9054,4.0,4.0
-1.8674,-1.8006,-1.5955,-0.9405,-0.96275,-0.98499,-1.0056,-1.0204,-1.0538,-1.081,-1.0954,-1.1028,-1.1152,-1.5807,-1.1279,-1.1354,-1.1362,-1.1325,-1.1251,-1.1176,-1.1102,-1.1028,-1.0954,-1.081,-1.5592,-1.0661,-1.0501,-1.0278,-1.0056,-0.98335,-0.9611,-0.93886,-0.88036,-0.80868,-0.77161,-1.5407,-0.74071,-0.70776,-0.67109,-0.64143,-0.61177,-0.58005,-0.54298,-0.5125,-0.48284,-0.45318,-1.5267,-0.42352,-0.3885,-0.35637,-0.33412,-0.30488,-0.27522,-0.24679,-0.22455,-0.2023,-0.18006,-1.5193,-0.15781,-0.14298,-0.12815,-0.11332,-0.098493,-0.083663,-0.072128,-0.064713,-0.057298,-0.049883,-1.5065,-0.044528,-0.044528,-0.037937,-0.03423,-0.03423,-0.03423,-0.039585,-0.044528,-0.044528,-0.051531,-1.4942,-0.058946,-0.066361,-0.073776,-0.081191,-0.09149,-0.10632,-0.11373,-0.12568,-0.14051,-0.15534,-1.4867,-0.16399,-0.1747,-0.18912,-0.19654,-0.20889,-0.2299,-0.26698,-0.28428,-0.29169,-0.29169,-1.4793,-0.29169,-0.29169,-0.28922,-0.28181,-0.27439,-0.26698,-0.25956,-0.25215,-0.23897,-0.22702,-1.7656,-1.476,-0.2196,-0.20477,-0.19448,-0.18541,-0.17058,-0.12486,-0.086134,-0.064301,-0.049471,-0.024755,-1.4773,0.002845,0.02509,0.053926,0.079879,0.10295,0.13261,0.16227,0.19193,0.22159,0.25125,-1.4847,0.28091,0.31057,0.34023,0.36989,0.39955,0.42921,0.45145,0.47823,0.50789,0.53755,-1.4921,0.56103,0.58327,0.60552,0.62776,0.64506,0.66195,0.6842,0.69985,0.71098,0.71921,-1.4966,0.73404,0.74352,0.75093,0.75835,0.76576,0.76906,0.7703,0.77771,0.77936,0.77936,-1.4966,0.77936,0.77194,0.76906,0.76741,0.76,0.75258,0.74517,0.73775,0.73034,0.72292,-1.504,0.71345,0.69862,0.69038,0.67926,0.66525,0.65783,0.64506,0.63023,0.6154,0.60057,-1.5115,0.56927,0.53096,0.52354,0.49882,0.47782,0.4704,0.46299,0.45557,0.44816,0.44074,-1.5172,0.43333,0.42921,0.42921,0.42921,0.42921,0.42921,0.42921,0.4358,0.44321,0.45063,-1.5172,0.45804,0.46546,0.47534,0.49017,0.505,0.51983,0.53466,0.54949,0.56432,0.57915,-1.7491,-1.5172,0.59398,0.6533,0.68997,0.71221,0.73446,0.7567,0.77895,0.80119,0.82344,0.84568,-1.5139,0.86793,0.89017,0.91242,0.93466,0.95691,0.97915,0.99604,1.0133,1.0356,1.0508,-1.5065,1.0657,1.0817,1.104,1.1204,1.1353,1.1501,1.1649,1.1798,1.1929,1.2004,-1.4991,1.214,1.2288,1.2432,1.2506,1.258,1.2655,1.2729,1.2803,1.2877,1.2951,-1.4966,1.3025,1.3099,1.3149,1.3149,1.3219,1.3252,1.3252,1.3252,1.331,1.3355,-1.4946,1.3355,1.3355,1.3355,1.3355,1.3355,1.3355,1.3322,1.3252,1.3252,1.3252,-1.4872,1.3252,1.3252,1.3252,1.3215,1.3149,1.3149,1.3202,1.3277,1.3351,1.3425,-1.4797,1.3499,1.3573,1.3647,1.3721,1.3796,1.387,1.4018,1.4166,1.4315,1.4463,-1.4723,1.4611,1.476,1.4912,1.5134,1.5357,1.5579,1.5802,1.6024,1.6247,1.6477,-1.4641,1.6774,1.7017,1.7264,1.7561,1.7857,1.8195,1.8554,1.885,-1.7269,-1.4493,-1.4398,-1.4324,-1.4249,-1.4105,-1.3998,-1.3912,-1.3763,-1.3615,-1.3496,-1.7047,-1.3421,-1.3273,-1.3125,-1.296,-1.2738,-1.2577,-1.2429,-1.2276,-1.2054,-1.1831,-1.6824,-1.1609,-1.1386,-1.1164,-1.0942,-1.0719,-1.0497,-1.0274,-1.0027,-0.97305,-0.95039,-1.6602,-0.92815,-0.9059,-0.88366,-0.86718,-0.84947,-0.82722,-0.81239,-0.79303,-0.77243,-0.7576,-1.6379,-0.74895,-0.74154,-0.73412,-0.72671,-0.72423,-0.72423,-0.72423,-0.73083,-0.73824,-0.74566,-1.6157,-0.75307,-0.76584,-0.78314,-0.80539,-0.82063,-0.83958,-0.86182,-0.88407,-0.90055,-0.91826,5.0,5.0
0.74491,0.62638,0.52266,1.671,1.5762,1.4813,1.3865,1.2709,1.1524,1.0338,0.91531,0.69898,0.058881,0.52266,-0.24042,-0.33525,-0.43008,-0.52491,-0.61974,-0.71457,-0.80051,-0.87163,-0.94275,-1.0079,0.52266,-1.0554,-1.1028,-1.1502,-1.1976,-1.2317,-1.2554,-1.2791,-1.2924,-1.2924,-1.2924,0.52266,-1.2924,-1.2924,-1.2747,-1.2509,-1.2272,-1.1887,-1.1413,-1.0939,-1.0465,-0.99906,0.52266,-0.92942,-0.86719,-0.81977,-0.7531,-0.67605,-0.58122,-0.50269,-0.4286,-0.33377,-0.23894,0.52266,-0.14411,-0.049284,0.045546,0.14038,0.21446,0.29299,0.38782,0.48265,0.57748,0.67231,0.51377,0.76714,0.86049,0.93161,1.0027,1.0739,1.1672,1.2531,1.3243,1.3761,1.4235,0.49006,1.4709,1.5184,1.5658,1.6132,1.6473,1.671,1.671,1.6814,1.7051,1.4591,0.46635,1.2413,1.1702,1.099,1.0235,0.92864,0.84863,0.77603,0.6812,0.58637,0.49154,0.44264,0.39671,0.15075,-0.34711,-0.5175,-0.60641,-0.67753,-0.74865,-0.81977,-0.89089,-0.96202,0.5597,0.41894,-1.0331,-1.0806,-1.128,-1.1754,-1.2228,-1.2702,-1.3176,-1.3473,-1.371,-1.3947,0.39523,-1.4184,-1.4406,-1.4406,-1.4406,-1.4406,-1.4406,-1.4317,-1.408,-1.3843,-1.3606,0.37152,-1.3369,-1.3132,-1.2865,-1.2391,-1.1917,-1.1443,-1.0969,-1.0391,-0.96794,-0.91757,0.34781,-0.86274,-0.79162,-0.7205,-0.65382,-0.60641,-0.54417,-0.47305,-0.40193,-0.33081,-0.25969,0.31077,-0.16634,-0.080399,-0.009277,0.061845,0.13889,0.23372,0.31225,0.38338,0.4545,0.52562,0.26336,0.59674,0.66786,0.73899,0.81011,0.88123,0.94494,0.99236,1.0576,1.1242,1.1716,0.19223,1.2191,1.2665,1.3139,1.3494,1.3732,1.3969,1.4295,1.4769,1.505,1.5228,0.13148,1.5228,1.5391,1.5599,1.5599,1.5599,1.5599,1.5361,1.5228,1.5228,1.5021,0.08407,1.4784,1.4547,1.4132,1.3702,1.3465,1.308,1.2605,1.2131,1.1657,1.1183,0.015912,1.0487,0.97754,0.90642,0.8353,0.76417,0.69305,0.62193,0.55081,0.47969,0.40856,0.5597,-0.05521,0.33744,0.26632,0.039619,-0.38711,-0.50269,-0.57381,-0.64493,-0.71605,-0.78273,-0.83014,-0.12633,-0.87756,-0.92497,-0.97239,-1.0198,-1.0672,-1.1146,-1.1532,-1.1769,-1.2006,-1.2243,-0.21523,-1.248,-1.2717,-1.2954,-1.3191,-1.3295,-1.3295,-1.3295,-1.3295,-1.3295,-1.3087,-0.30562,-1.285,-1.2613,-1.2376,-1.2139,-1.1902,-1.1665,-1.1413,-1.0939,-1.0583,-1.0346,-0.37674,-0.98869,-0.94127,-0.89386,-0.84644,-0.79903,-0.75161,-0.7042,-0.65382,-0.5827,-0.52491,-0.46268,-0.4775,-0.40638,-0.34563,-0.29821,-0.2508,-0.20338,-0.15597,-0.10855,-0.061137,-0.013723,-0.55603,0.033692,0.079625,0.10333,0.13889,0.18631,0.2115,0.21742,0.19372,0.18927,0.18927,-0.62715,0.18927,0.18927,0.18631,0.1626,0.15223,0.15223,0.12852,0.11519,0.11519,0.11519,-0.69827,0.10778,0.08407,0.078143,0.078143,0.078143,0.078143,0.078143,0.078143,0.089997,0.1137,-0.76939,0.11519,0.11519,0.11519,0.11519,0.11519,0.11519,0.11519,0.11222,0.53895,-0.84052,-0.91164,-0.98276,-1.0346,-1.082,-1.1294,-1.1769,-1.2213,-1.245,-1.2687,0.52266,-1.2924,-1.2924,-1.2924,-1.2924,-1.2924,-1.285,-1.2613,-1.2198,-1.1724,-1.125,0.52266,-1.0628,-0.99165,-0.92053,-0.83755,-0.74272,-0.64789,-0.54417,-0.42564,-0.3071,-0.18856,0.52266,-0.070028,0.048509,0.17001,0.31225,0.44116,0.5597,0.67824,0.79677,0.91531,1.0338,0.52266,1.145,1.2398,1.3524,1.4621,1.5332,1.6191,1.7125,1.7836,1.8429,1.8903,0.52266,1.9377,1.9762,1.9999,2.0236,2.0414,2.0414,2.0414,2.0384,2.0147,1.8843,2.0,2.0
2.0122,1.9359,1.6989,-0.21184,-0.22093,-0.2348,-0.24867,-0.26254,-0.27761,-0.29841,-0.31372,-0.33046,-0.35127,1.6504,-0.37207,-0.39288,-0.4156,-0.44334,-0.46486,-0.48925,-0.51699,-0.54473,-0.57247,-0.60021,1.6219,-0.62796,-0.6557,-0.68774,-0.72074,-0.74848,-0.77622,-0.80731,-0.84199,-0.87667,-0.90632,1.5942,-0.93645,-0.97113,-1.0058,-1.0405,-1.0752,-1.1098,-1.1388,-1.1696,-1.2038,-1.2316,1.5607,-1.2593,-1.2849,-1.3057,-1.333,-1.3569,-1.3777,-1.3985,-1.4138,-1.4277,-1.4415,1.5052,-1.4554,-1.4693,-1.4812,-1.4882,-1.4951,-1.502,-1.509,-1.5159,-1.5176,-1.5202,1.4727,-1.5271,-1.5202,-1.5133,-1.5063,-1.4994,-1.4984,-1.4951,-1.4889,-1.4889,-1.4839,1.4449,-1.4793,-1.4793,-1.4726,-1.4657,-1.4587,-1.4518,-1.4449,-1.4379,-1.431,-1.4241,1.4167,-1.4171,-1.4102,-1.4033,-1.3899,-1.376,-1.3621,-1.3483,-1.3399,-1.3272,-1.3066,1.3821,-1.2928,-1.2789,-1.265,-1.2512,-1.2373,-1.2198,-1.2,-1.1861,-1.1722,-1.1584,1.8984,1.3522,-1.1445,-1.1306,-1.1125,-1.0933,-1.0795,-1.0656,-1.0484,-1.0283,-1.0144,-0.99552,1.3223,-0.97471,-0.95391,-0.9331,-0.9123,-0.89293,-0.87906,-0.85945,-0.83864,-0.81831,-0.80444,1.2876,-0.78579,-0.76714,-0.75327,-0.7394,-0.72553,-0.71166,-0.69779,-0.68392,-0.67004,-0.65617,1.2594,-0.6423,-0.62843,-0.61648,-0.60954,-0.59639,-0.58252,-0.5696,-0.56267,-0.55573,-0.54617,1.2278,-0.5323,-0.52536,-0.51843,-0.51149,-0.50456,-0.5036,-0.50025,-0.49332,-0.48638,-0.48447,1.1931,-0.48208,-0.47514,-0.4749,-0.47084,-0.46534,-0.46534,-0.4596,-0.45266,-0.44621,-0.44621,1.1585,-0.44142,-0.43449,-0.42755,-0.42062,-0.41368,-0.40675,-0.39981,-0.39288,-0.38307,-0.36944,1.1293,-0.36251,-0.35103,-0.33716,-0.32329,-0.31563,-0.30511,-0.29124,-0.27737,-0.2635,-0.24963,1.0958,-0.23576,-0.22189,-0.20802,-0.19247,-0.17167,-0.15684,-0.14297,-0.12838,-0.10758,-0.086772,1.0544,-0.068358,-0.054488,-0.033921,-0.013116,0.00769,0.028495,0.049301,0.070106,0.090434,0.1043,1.8828,1.0197,0.12296,0.14376,0.16457,0.17892,0.19279,0.20666,0.22053,0.2344,0.24827,0.2619,0.98507,0.26884,0.27577,0.28271,0.28964,0.29658,0.30351,0.30949,0.30949,0.31475,0.31906,0.94848,0.31906,0.32599,0.33293,0.33986,0.3468,0.35373,0.36401,0.37789,0.39176,0.40563,0.90687,0.4195,0.43337,0.45393,0.47474,0.49554,0.51635,0.53716,0.56107,0.58881,0.61655,0.87148,0.64429,0.67203,0.69977,0.73397,0.76865,0.80332,0.838,0.87267,0.90735,0.94203,0.8368,0.9767,1.0114,1.0461,1.0807,1.1154,1.1501,1.1848,1.2194,1.2541,1.2888,0.80213,1.3235,1.3581,1.3928,1.4258,1.4536,1.4813,1.509,1.5368,1.5645,1.5872,0.76745,1.608,1.6288,1.6497,1.6705,1.6898,1.7037,1.7233,1.741,1.7549,1.7687,0.73277,1.7778,1.7869,1.8008,1.8147,1.8247,1.8328,1.8467,1.8551,1.862,1.8689,0.70073,1.8759,1.8828,1.8898,1.8967,1.9036,1.9106,1.9175,1.9244,1.862,0.67299,0.64525,0.6089,0.57398,0.56011,0.52831,0.50367,0.49052,0.48359,0.44652,1.8293,0.40276,0.36808,0.36019,0.35732,0.35014,0.31547,0.30375,0.29682,0.2894,0.27553,1.8013,0.24731,0.21694,0.19614,0.18824,0.17748,0.16481,0.15787,0.13994,0.12487,0.11794,1.7797,0.111,0.099521,0.083738,0.062932,0.054562,0.047627,0.040692,0.033757,0.016299,0.000755,1.752,-0.006181,-0.020051,-0.038226,-0.055683,-0.062619,-0.081511,-0.092272,-0.092272,-0.092272,-0.11236,1.7293,-0.13293,-0.13986,-0.1401,-0.14417,-0.15254,-0.16641,-0.17454,-0.18147,-0.18889,-0.20276,1.0,1.0
-0.62827,-0.60862,-0.60737,-2.363,-2.3827,-2.2736,-2.2242,-2.1849,-2.1603,-2.1272,-2.088,-2.0487,-2.0094,-0.60737,-1.9701,-1.9308,-1.8915,-1.8522,-1.8129,-1.7757,-1.7552,-1.7159,-1.6766,-1.6373,-0.60737,-1.5813,-1.5379,-1.4986,-1.4722,-1.4409,-1.4016,-1.3623,-1.323,-1.2837,-1.2498,-0.60737,-1.226,-1.1867,-1.1474,-1.1081,-1.0689,-1.0296,-0.99027,-0.95097,-0.91168,-0.88618,-0.60737,-0.85399,-0.8147,-0.78544,-0.75702,-0.71772,-0.67843,-0.64415,-0.62075,-0.58145,-0.54341,-0.60737,-0.52377,-0.48448,-0.46357,-0.42679,-0.40338,-0.3691,-0.34319,-0.32354,-0.3039,-0.28425,-0.60737,-0.27296,-0.26586,-0.25206,-0.24746,-0.22782,-0.21026,-0.20943,-0.18978,-0.18936,-0.17139,-0.60737,-0.15174,-0.13209,-0.12666,-0.1137,-0.058942,-0.022158,-0.012961,0.006685,0.026331,0.045978,-0.60737,0.065624,0.085271,0.099901,0.061862,0.081509,0.11997,0.1417,0.16135,0.18099,0.21444,-0.60737,0.24119,0.26083,0.28048,0.30013,0.3273,0.36032,0.37997,0.39961,0.41926,0.43891,-0.60737,-0.60737,0.45855,0.4782,0.49785,0.51749,0.53714,0.55678,0.57643,0.6082,0.63662,0.65627,-0.5919,0.67592,0.69556,0.71521,0.73486,0.75785,0.79505,0.8147,0.83434,0.85399,0.89161,-0.58647,0.91418,0.93383,0.96769,0.99402,1.0137,1.0438,1.0739,1.0935,1.1198,1.1591,-0.58647,1.1942,1.2139,1.2352,1.2741,1.2937,1.3134,1.333,1.369,1.3932,1.3991,-0.58647,1.4116,1.4313,1.4509,1.4618,1.4693,1.4889,1.5036,1.5073,1.527,1.5466,-0.58647,1.5663,1.5859,1.6056,1.6252,1.6449,1.6645,1.6842,1.6917,1.7025,1.7222,-0.58647,1.7335,1.7406,1.7602,1.7753,1.7719,1.7523,1.7326,1.713,1.6933,1.6737,-0.58647,1.6541,1.6344,1.6148,1.5822,1.5546,1.5349,1.5061,1.4747,1.4484,1.4145,-0.58647,1.3907,1.3514,1.3121,1.2733,1.2536,1.2151,1.1759,1.1366,1.0973,1.058,-0.5919,1.0187,0.97939,0.9401,0.90958,0.88241,0.84312,0.80884,0.78544,0.74865,0.72775,-0.60737,-0.60737,0.68846,0.66881,0.64916,0.62952,0.60987,0.59023,0.57058,0.55093,0.54215,0.53254,-0.60737,0.52125,0.52125,0.52125,0.51666,0.50035,0.50035,0.49952,0.47987,0.47945,0.46148,-0.60737,0.44183,0.43765,0.43765,0.42469,0.41675,0.41675,0.41675,0.40881,0.39585,0.39585,-0.60779,0.39585,0.39585,0.39585,0.39543,0.37579,0.37495,0.37495,0.35865,0.35405,0.35405,-0.62743,0.35405,0.34276,0.33315,0.33315,0.32563,0.31225,0.31225,0.31225,0.31225,0.31225,-0.64708,0.31225,0.31225,0.33064,0.33315,0.33315,0.33315,0.33315,0.34527,0.35405,0.35405,-0.64917,0.35405,0.35405,0.35405,0.35865,0.37495,0.37495,0.37495,0.37495,0.37495,0.37495,-0.66547,0.37495,0.37495,0.37495,0.37495,0.37495,0.37495,0.37495,0.37495,0.37495,0.37495,-0.67007,0.37495,0.37495,0.37495,0.37495,0.37495,0.37495,0.37495,0.37495,0.37495,0.37495,-0.67007,0.37495,0.37495,0.37495,0.37495,0.37495,0.36868,0.34903,0.32939,-0.60737,-0.67007,-0.68136,-0.69097,-0.69097,-0.69097,-0.69097,-0.69097,-0.69097,-0.69097,-0.69097,-0.60737,-0.69097,-0.69097,-0.69097,-0.69097,-0.69097,-0.69097,-0.70435,-0.71187,-0.71187,-0.71187,-0.60737,-0.71187,-0.71187,-0.71187,-0.71187,-0.71187,-0.71187,-0.71187,-0.71187,-0.71187,-0.71187,-0.60737,-0.71187,-0.69641,-0.69097,-0.72985,-0.75367,-0.76412,-0.82055,-0.93467,-1.0388,-1.0726,-0.60737,-1.0964,-1.1445,-1.2361,-1.2578,-1.3757,-1.4183,-1.44,-1.5249,-1.578,-1.6725,-0.60737,-1.7778,-1.8309,-1.8606,-1.9262,-1.9943,-2.039,-2.1373,-2.2205,-2.2401,-2.2648,4.0,4.0
-2.1158,-1.8234,-1.6428,-0.84845,-0.84152,-0.83141,-0.82767,-0.81437,-0.79997,-0.79734,-0.78612,-0.7803,-0.77227,-1.6274,-0.77227,-0.77227,-0.77227,-0.77227,-0.77379,-0.78612,-0.78612,-0.77982,-0.77227,-0.77227,-1.6119,-0.77227,-0.75959,-0.758,-0.74456,-0.74456,-0.73937,-0.73071,-0.72233,-0.71686,-0.7053,-1.5896,-0.70301,-0.68916,-0.68667,-0.67122,-0.65578,-0.64033,-0.63375,-0.61284,-0.594,-0.57856,-1.5672,-0.56311,-0.55065,-0.54608,-0.53063,-0.51519,-0.49974,-0.49524,-0.48271,-0.46754,-0.46567,-1.5517,-0.45369,-0.44863,-0.43984,-0.4316,-0.42599,-0.41456,-0.39911,-0.38443,-0.38208,-0.36663,-1.5363,-0.35119,-0.33575,-0.3203,-0.30486,-0.28941,-0.27397,-0.25977,-0.25693,-0.24592,-0.24592,-1.5209,-0.2383,-0.23207,-0.23207,-0.21967,-0.21808,-0.20437,-0.20104,-0.1856,-0.17666,-0.16856,-1.5054,-0.16281,-0.15152,-0.14896,-0.14834,-0.13511,-0.13511,-0.12971,-0.12126,-0.12126,-0.11108,-1.49,-0.10741,-0.094042,-0.079706,-0.077005,-0.061561,-0.052004,-0.044524,-0.02908,-0.024301,-0.012043,-1.8047,-1.4745,-0.01045,-0.008857,0.003401,0.00818,0.017252,0.025217,0.040661,0.044955,0.057698,0.073142,-1.4591,0.086508,0.090179,0.10562,0.12107,0.13651,0.15196,0.15576,0.16899,0.18444,0.19732,-1.4436,0.20147,0.21692,0.22502,0.23395,0.23887,0.25099,0.25272,0.26657,0.26962,0.28043,-1.4282,0.28666,0.3021,0.30813,0.31914,0.33458,0.33618,0.35162,0.36706,0.37738,0.3841,-1.4127,0.39123,0.40114,0.40509,0.41818,0.41894,0.42136,0.43279,0.4384,0.44664,0.44664,-1.3973,0.45703,0.47247,0.47434,0.48951,0.50204,0.50655,0.5159,0.52358,0.52975,0.52975,-1.3956,0.54221,0.54381,0.55745,0.55745,0.56244,0.5713,0.5713,0.58107,0.58515,0.58515,-1.3817,0.58515,0.58515,0.58903,0.599,0.599,0.599,0.599,0.599,0.599,0.599,-1.3787,0.60177,0.61285,0.61285,0.61285,0.622,0.62671,0.62671,0.64056,0.64222,0.65766,-1.3632,0.66826,0.6747,0.68211,0.69174,0.70718,0.72262,0.72422,0.73752,0.74125,0.7567,-1.7786,-1.354,0.76522,0.77374,0.77907,0.77907,0.79237,0.79292,0.79555,0.80677,0.80677,0.80677,-1.354,0.81577,0.82062,0.82062,0.82062,0.82215,0.83447,0.83918,0.84832,0.85622,0.86218,-1.3446,0.87326,0.87603,0.89029,0.90373,0.90733,0.91758,0.92437,0.93143,0.9414,0.94528,-1.3402,0.95844,0.96003,0.97299,0.97707,0.98684,0.99411,1.0096,1.025,1.0404,1.0422,-1.3276,1.0575,1.0729,1.0884,1.0976,1.1054,1.1208,1.1253,1.1379,1.1531,1.1549,-1.326,1.1669,1.172,1.1808,1.189,1.1946,1.206,1.2215,1.2369,1.2524,1.2678,-1.3125,1.2888,1.3125,1.3367,1.3676,1.3985,1.4294,1.4464,1.4773,1.5082,1.5391,-1.3089,1.57,1.6009,1.6317,1.6626,1.6935,1.7244,1.7553,1.7862,1.8171,1.8561,-1.2935,1.8927,1.9236,1.9545,1.9847,2.0024,2.0333,2.0642,2.0881,2.1035,2.1291,-1.278,2.1483,2.1637,2.1791,2.1946,2.21,2.2255,2.2409,2.2564,-1.7632,-1.2709,-1.261,-1.2456,-1.2301,-1.2147,-1.1992,-1.1878,-1.1822,-1.1667,-1.1513,-1.7477,-1.1462,-1.1343,-1.1324,-1.1185,-1.1185,-1.114,-1.1047,-1.1047,-1.1047,-1.0938,-1.7227,-1.0908,-1.0906,-1.077,-1.0736,-1.0631,-1.0631,-1.055,-1.0493,-1.0493,-1.0493,-1.703,-1.0493,-1.047,-1.0354,-1.0354,-1.0284,-1.0216,-1.0113,-1.0077,-0.9943,-0.99271,-1.6876,-0.97726,-0.96618,-0.96023,-0.94478,-0.93848,-0.93848,-0.92615,-0.92463,-0.92463,-0.92137,-1.6716,-0.91078,-0.91078,-0.90274,-0.89693,-0.89693,-0.88411,-0.86922,-0.86708,-0.85537,-0.85537,3.0,5.0
-0.60506,-0.67626,-0.74105,-1.2435,-1.2007,-1.1601,-1.1304,-1.0877,-1.045,-1.0159,-0.97461,-0.94383,-0.90428,-0.7466,-0.87175,-0.84327,-0.81479,-0.7863,-0.75782,-0.73519,-0.71597,-0.68748,-0.66225,-0.64563,-0.76084,-0.61866,-0.60377,-0.57529,-0.56082,-0.54658,-0.53234,-0.5181,-0.50386,-0.48962,-0.47537,-0.77508,-0.46113,-0.44689,-0.43885,-0.43352,-0.41928,-0.40504,-0.3908,-0.37655,-0.36231,-0.34807,-0.78933,-0.33383,-0.33308,-0.32046,-0.31797,-0.30709,-0.30286,-0.29371,-0.28774,-0.28774,-0.28121,-0.80149,-0.27263,-0.26784,-0.2536,-0.23935,-0.2273,-0.22598,-0.21174,-0.1975,-0.18326,-0.16902,-0.80391,-0.15478,-0.14053,-0.12629,-0.10257,-0.082701,-0.068459,-0.047343,-0.024867,-0.010625,0.007884,-0.83171,0.032967,0.04974,0.07656,0.091595,0.12008,0.13439,0.16193,0.19041,0.20734,0.23227,-0.83171,0.26075,0.28923,0.30963,0.33109,0.35957,0.38806,0.41193,0.42991,0.45839,0.48688,-0.83171,0.51536,0.54384,0.57232,0.60081,0.62929,0.65777,0.68625,0.71474,0.74322,0.7717,-0.68061,-0.83171,0.80018,0.82867,0.85715,0.88563,0.91819,0.95771,0.98619,1.0147,1.0438,1.0865,-0.83171,1.1152,1.1437,1.1844,1.2158,1.2443,1.2728,1.2925,1.3146,1.3431,1.3716,-0.83171,1.4001,1.4285,1.4535,1.4704,1.4989,1.5274,1.5558,1.5843,1.6128,1.6413,-0.83171,1.6581,1.6831,1.7017,1.725,1.7452,1.7595,1.7737,1.788,1.7975,1.8013,-0.83171,1.8156,1.8298,1.8441,1.8583,1.8725,1.873,1.8859,1.8881,1.8769,1.8627,-0.83171,1.8484,1.8342,1.8123,1.7906,1.7764,1.7621,1.7479,1.7303,1.7043,1.6884,-0.83934,1.6607,1.6465,1.6181,1.5896,1.5611,1.5326,1.5042,1.4757,1.4383,1.4036,-0.84682,1.3679,1.3315,1.303,1.27,1.231,1.1997,1.1589,1.1293,1.0868,1.0583,-0.84682,1.0299,0.98864,0.95778,0.91831,0.88571,0.84797,0.81363,0.78515,0.75002,0.71307,-0.84682,0.67968,0.641,0.60934,0.56892,0.54044,0.51196,0.48348,0.45499,0.42651,0.39803,-0.69311,-0.85097,0.36955,0.34106,0.32217,0.29921,0.27858,0.26434,0.2501,0.23586,0.22162,0.20738,-0.86193,0.19578,0.19578,0.19578,0.19578,0.19578,0.19578,0.19578,0.19578,0.19578,0.19578,-0.85951,0.19578,0.18758,0.18067,0.18067,0.18067,0.17595,0.16556,0.16556,0.16556,0.16431,-0.84682,0.15045,0.15045,0.15045,0.15045,0.15045,0.15045,0.15045,0.15045,0.15045,0.15045,-0.84682,0.15045,0.15045,0.14539,0.13534,0.13534,0.13534,0.13375,0.12023,0.12023,0.12023,-0.84682,0.10701,0.10512,0.10512,0.094503,0.090008,0.090008,0.082,0.074898,0.074898,0.074898,-0.84682,0.074898,0.074898,0.074898,0.074898,0.074898,0.074898,0.074898,0.074898,0.074898,0.074898,-0.84682,0.074898,0.074898,0.074898,0.074898,0.067418,0.059788,0.059788,0.054915,0.044678,0.044678,-0.84682,0.042411,0.029568,0.029568,0.029568,0.015666,0.014457,0.014457,0.014457,0.014457,0.014457,-0.84682,0.014457,0.014457,0.021408,0.035649,0.049891,0.064132,0.078373,0.092614,-0.69572,-0.84682,-0.84682,-0.84682,-0.84682,-0.84682,-0.84682,-0.84146,-0.83171,-0.8716,-1.0007,-0.70648,-1.0168,-1.0443,-1.0585,-1.0728,-1.1411,-1.1743,-1.191,-1.2599,-1.3051,-1.3611,-0.71083,-1.4074,-1.4359,-1.4972,-1.5684,-1.6114,-1.6747,-1.7236,-1.7881,-1.822,-1.907,-0.71986,-1.9782,-2.0494,-2.1206,-2.1069,-2.0897,-2.0755,-2.0612,-2.047,-2.0327,-2.0116,-0.72594,-1.9831,-1.9546,-1.9261,-1.8977,-1.8692,-1.8407,-1.8114,-1.7686,-1.7401,-1.6983,-0.73323,-1.6556,-1.6245,-1.5853,-1.5425,-1.4998,-1.4571,-1.4144,-1.3716,-1.3289,-1.2862,4.0,4.0
0.37947,0.37947,0.37947,-0.72941,-0.59413,-0.43667,-0.30804,-0.24772,-0.097351,0.06011,0.21757,0.36705,0.49302,0.37947,0.64117,0.78088,0.91617,1.0226,1.1007,1.2267,1.3526,1.4786,1.5921,1.6866,0.37947,1.7722,1.8352,1.8982,1.9319,1.9337,1.9652,1.9763,1.8259,1.4422,1.299,0.37947,1.1912,1.0874,0.97117,0.87669,0.76004,0.63451,0.5906,0.45266,0.31648,0.15991,0.37947,-0.35239,-0.57151,-0.68329,-0.80127,-0.88466,-0.9645,-1.0612,-1.1557,-1.2466,-1.3096,0.37947,-1.3504,-1.3819,-1.4134,-1.4391,-1.4391,-1.4613,-1.4613,-1.4613,-1.4613,-1.4613,0.39544,-1.4568,-1.4391,-1.416,-1.3743,-1.3504,-1.3149,-1.2519,-1.1858,-1.1038,-1.0191,0.40165,-0.92458,-0.81192,-0.70812,-0.58216,-0.5449,-0.41893,-0.29296,-0.15945,-0.001987,0.1333,0.40165,0.29076,0.44822,0.60568,0.76314,0.80972,0.96718,1.1246,1.2701,1.4174,1.5442,0.40165,1.6702,1.774,1.8858,1.9541,1.986,2.0605,2.1013,2.1479,2.1759,2.163,0.37947,0.40165,1.821,1.7265,1.6321,1.5096,1.3837,1.2555,1.1096,0.98359,0.88956,0.45709,0.40165,0.22866,0.10269,-0.022391,-0.12707,-0.17497,-0.25481,-0.33377,-0.40606,-0.48812,-0.55111,0.40165,-0.63627,-0.71744,-0.80659,-0.8403,-0.90861,-0.95119,-0.99377,-1.0253,-1.0399,-1.0399,0.40165,-1.0399,-1.0399,-1.0301,-1.0177,-0.98934,-0.95784,-0.92635,-0.89486,-0.86337,-0.80127,0.40165,-0.73829,-0.6753,-0.59812,-0.57018,-0.4757,-0.36127,-0.2353,-0.10933,0.020191,0.16479,0.40165,0.31294,0.43891,0.5835,0.71302,0.85407,0.98936,1.1468,1.3043,1.4316,1.5575,0.40165,1.6791,1.7873,1.868,1.9523,2.0153,2.0783,2.1413,2.1821,2.2202,2.2202,0.40165,2.2202,1.9474,1.8272,1.7474,1.6605,1.5992,1.5584,1.4733,1.3934,1.3251,0.40165,1.2754,1.2085,0.52495,0.47439,0.42382,0.39278,0.33245,0.28898,0.24729,0.19362,0.40165,0.14439,0.10358,0.040594,-0.000213,-0.041907,-0.061867,-0.11554,-0.14703,-0.17852,-0.21001,0.37947,0.40165,-0.24151,-0.273,-0.30449,-0.33022,-0.3453,-0.37679,-0.40828,-0.41893,-0.44111,-0.4584,0.40165,-0.46328,-0.46328,-0.46417,-0.48546,-0.48546,-0.48546,-0.50143,-0.50764,-0.50764,-0.50764,0.39189,-0.50764,-0.50764,-0.50764,-0.50764,-0.50764,-0.50764,-0.48723,-0.46328,-0.44643,-0.43711,0.3604,-0.40562,-0.37413,-0.34264,-0.31114,-0.30183,-0.27034,-0.23884,-0.20735,-0.17586,-0.14437,0.33511,-0.11288,-0.076504,-0.027713,-0.018399,0.013094,0.044586,0.098256,0.12975,0.16124,0.19273,0.31959,0.22423,0.25572,0.26858,0.27435,0.30584,0.29076,0.27923,0.26858,0.23842,0.22423,0.2881,0.20205,0.20205,0.17987,0.17987,0.17987,0.17987,0.1639,0.15769,0.15769,0.15769,0.2566,0.15769,0.13951,0.13551,0.13551,0.13551,0.13551,0.13551,0.13551,0.13551,0.11334,0.22511,0.11334,0.11334,0.11334,0.11334,0.11334,0.11334,0.11334,0.11334,0.11334,0.11334,0.19362,0.11334,0.11334,0.11334,0.11334,0.11334,0.11334,0.11334,0.11334,0.37947,0.14439,0.10358,0.040594,-0.019729,-0.04102,-0.104,-0.16699,-0.22997,-0.29296,-0.35594,0.37947,-0.41893,-0.50409,-0.5857,-0.68018,-0.72941,-0.80038,-0.8749,-0.96938,-1.0337,-1.0967,0.37947,-1.1818,-1.2448,-1.33,-1.3726,-1.4116,-1.4746,-1.5376,-1.5974,-1.6289,-1.6604,0.37947,-1.6831,-1.7012,-1.7274,-1.742,-1.7514,-1.7718,-1.7922,-1.7939,-1.7939,-1.7939,0.37947,-1.7939,-1.7935,-1.7718,-1.7718,-1.7656,-1.7341,-1.7247,-1.6933,-1.6618,-1.6303,0.37947,-1.581,-1.5181,-1.4551,-1.4364,-1.3735,-1.2905,-1.196,-1.0851,-0.98135,-0.85538,2.0,2.0
0.07724,0.04551,0.07724,-0.79535,-0.68064,-0.56594,-0.4195,-0.29464,-0.15836,-0.02049,0.10278,0.25366,0.36281,0.085331,0.41517,0.55383,0.67631,0.82275,0.93745,1.0522,1.1916,1.282,1.3963,1.4984,0.10897,1.5749,1.6258,1.6955,1.7023,1.7406,1.7788,1.7907,1.7578,1.7272,1.7131,0.10897,1.6955,1.6412,1.5965,1.5284,1.4753,1.3988,1.3223,1.2459,1.1602,1.0612,0.081365,0.98473,0.87955,0.86003,0.74533,0.63062,0.51591,0.40121,0.2865,0.1718,0.057091,0.07724,-0.057614,-0.17232,-0.28195,-0.33526,-0.38952,-0.50422,-0.58783,-0.7019,-0.81661,-0.91243,0.07724,-1.0143,-1.0973,-1.2053,-1.2818,-1.3189,-1.3713,-1.4468,-1.4925,-1.555,-1.5932,0.07724,-1.6314,-1.6679,-1.6679,-1.6679,-1.6679,-1.6679,-1.6654,-1.6272,-1.5889,-1.5507,0.07724,-1.5125,-1.4709,-1.4043,-1.3497,-1.2732,-1.2554,-1.152,-1.0649,-0.95019,-0.83549,0.07724,-0.69064,-0.57434,-0.44822,-0.29528,-0.16677,-0.021124,0.07724,0.12611,0.26032,0.37503,0.04551,0.10897,0.52147,0.63617,0.75088,0.8851,1.012,1.1267,1.2341,1.3244,1.3782,1.4318,0.10897,1.5083,1.5848,1.6466,1.706,1.7548,1.7613,1.7907,1.7907,1.7688,1.759,0.10897,1.7558,1.7272,1.711,1.6728,1.6346,1.5963,1.5476,1.4881,1.4264,1.3799,0.10897,1.2735,1.2195,1.184,1.1075,1.0003,0.9173,0.8026,0.70646,0.60492,0.49021,0.10897,0.37551,0.27365,0.23589,0.15831,0.043606,-0.0711,-0.17216,-0.26878,-0.35683,-0.46503,0.10897,-0.54944,-0.6497,-0.74712,-0.86182,-0.9448,-1.0333,-1.0638,-1.1403,-1.2167,-1.2902,0.10897,-1.3284,-1.3667,-1.4049,-1.4431,-1.4814,-1.5196,-1.541,-1.5643,-1.5727,-1.6045,0.10897,-1.6156,-1.6362,-1.6362,-1.6056,-1.6045,-1.5926,-1.5543,-1.5161,-1.4779,-1.4079,0.10897,-1.357,-1.2805,-1.204,-1.1271,-1.0194,-0.92941,-0.87467,-0.76869,-0.64875,-0.52627,0.10897,-0.37333,-0.24118,-0.099181,0.022029,0.1664,0.28111,0.39581,0.51052,0.53003,0.63538,0.04551,0.10897,0.72771,0.84242,0.95713,1.0718,1.1865,1.3012,1.4159,1.5307,1.6092,1.6747,0.10897,1.6955,1.7195,1.7272,1.7272,1.7155,1.6955,1.6707,1.6325,1.626,1.6003,0.12674,1.5813,1.543,1.4731,1.428,1.3515,1.2552,1.1669,1.0587,0.98219,0.8916,0.1407,0.7769,0.74358,0.67441,0.56811,0.47673,0.38344,0.27905,0.19877,0.1223,0.061534,0.1407,0.001087,-0.046667,-0.084903,-0.11314,-0.12964,-0.16788,-0.1766,-0.21262,-0.24006,-0.24006,0.1407,-0.26386,-0.27179,-0.27179,-0.27179,-0.27179,-0.27179,-0.30289,-0.30353,-0.30353,-0.30353,0.1407,-0.32891,-0.33526,-0.33526,-0.33526,-0.33526,-0.30908,-0.30353,-0.30353,-0.30353,-0.30353,0.1407,-0.30353,-0.30353,-0.30353,-0.30353,-0.30353,-0.30353,-0.30099,-0.27179,-0.27179,-0.27179,0.1407,-0.27179,-0.27179,-0.27179,-0.27179,-0.24895,-0.24006,-0.24006,-0.24006,-0.24006,-0.24006,0.1407,-0.20992,-0.20833,-0.20833,-0.20833,-0.20833,-0.23927,-0.24006,-0.21563,0.04551,0.1407,0.1407,0.1407,0.16656,0.17243,0.17243,0.18608,0.20416,0.20416,0.20559,0.046303,0.23589,0.23589,0.23589,0.23589,0.23589,0.23589,0.22066,0.18243,0.14419,0.13769,0.07724,0.099451,0.061216,0.000452,-0.046985,-0.12076,-0.18692,-0.24197,-0.31844,-0.42474,-0.49391,0.07724,-0.51612,-0.6102,-0.70079,-0.80788,-0.92259,-1.0373,-1.152,-1.2418,-1.3497,-1.4203,0.07724,-1.4712,-1.5093,-1.535,-1.5732,-1.6115,-1.6497,-1.6679,-1.6414,-1.6349,-1.5967,0.07724,-1.5585,-1.5202,-1.482,-1.41,-1.3335,-1.242,-1.1488,-1.0443,-0.93813,-0.91005,0.0,0.0
-0.52355,-0.52355,-0.56551,-1.6984,-1.6816,-1.6648,-1.648,-1.6312,-1.6145,-1.5893,-1.5669,-1.5501,-1.5277,-0.56551,-1.5026,-1.4774,-1.4522,-1.427,-1.4019,-1.3767,-1.3431,-1.3124,-1.2872,-1.262,-0.57111,-1.2368,-1.2033,-1.1725,-1.1473,-1.1166,-1.083,-1.0578,-1.0298,-0.99628,-0.96831,-0.58789,-0.94313,-0.90957,-0.876,-0.84243,-0.81446,-0.78929,-0.76411,-0.73894,-0.71376,-0.68859,-0.59348,-0.66341,-0.63824,-0.61306,-0.58789,-0.56831,-0.55153,-0.52635,-0.50397,-0.48719,-0.47041,-0.59348,-0.45362,-0.43684,-0.42286,-0.41446,-0.40048,-0.38369,-0.3753,-0.36691,-0.35852,-0.34453,-0.60188,-0.32775,-0.31936,-0.31097,-0.30258,-0.29418,-0.28579,-0.2774,-0.26901,-0.26062,-0.25223,-0.61027,-0.24383,-0.22705,-0.21307,-0.20467,-0.19069,-0.1739,-0.15712,-0.14034,-0.12355,-0.10118,-0.61866,-0.076002,-0.059219,-0.039639,-0.014464,0.010711,0.035886,0.06106,0.089032,0.1226,0.15057,-0.62705,0.17575,0.20092,0.22889,0.26246,0.29603,0.32959,0.35477,0.38274,0.4163,0.44428,-0.52635,-0.63544,0.46945,0.50302,0.53379,0.55896,0.58973,0.6233,0.65686,0.68763,0.71281,0.73798,-0.63544,0.76316,0.79672,0.82749,0.85267,0.88344,0.917,0.94218,0.96735,0.99253,1.0177,-0.63824,1.0429,1.0681,1.0932,1.1184,1.1436,1.1688,1.1939,1.2191,1.2443,1.2639,-0.64663,1.2806,1.3058,1.3282,1.345,1.3618,1.3785,1.3953,1.4121,1.4289,1.4457,-0.65502,1.4625,1.4708,1.482,1.4988,1.51,1.5184,1.5268,1.5352,1.5436,1.5464,-0.66341,1.5464,1.5548,1.5604,1.5604,1.5604,1.5604,1.5604,1.5576,1.5492,1.5464,-0.66341,1.5464,1.538,1.5296,1.5212,1.5128,1.5044,1.496,1.4876,1.4792,1.4653,-0.66621,1.4485,1.4401,1.4289,1.4121,1.3953,1.3785,1.3618,1.345,1.3282,1.3114,-0.6746,1.2946,1.2695,1.2443,1.2191,1.1995,1.1827,1.1576,1.1324,1.1072,1.082,-0.68299,1.0569,1.0317,1.0065,0.98134,0.95616,0.93099,0.90581,0.87784,0.84428,0.8219,-0.53474,-0.69139,0.80512,0.77994,0.75477,0.72959,0.70442,0.67924,0.66246,0.64568,0.62889,0.61211,-0.69139,0.59533,0.57854,0.56176,0.54498,0.53379,0.5254,0.517,0.50582,0.48903,0.47784,-0.69418,0.46945,0.46106,0.45267,0.44428,0.44148,0.44148,0.43309,0.4247,0.4163,0.41351,-0.70258,0.41351,0.41351,0.41071,0.40232,0.39952,0.39952,0.39952,0.39952,0.39952,0.39952,-0.71097,0.39952,0.39952,0.39952,0.39952,0.39952,0.39952,0.39952,0.39952,0.39952,0.40512,-0.71936,0.41351,0.41351,0.41351,0.41351,0.4191,0.42749,0.42749,0.43029,0.43868,0.44148,-0.71936,0.44148,0.44148,0.44428,0.45267,0.45547,0.45547,0.46386,0.46945,0.46945,0.47505,-0.72216,0.48344,0.48344,0.48623,0.49463,0.49742,0.49742,0.50582,0.51421,0.5226,0.5254,-0.73055,0.5254,0.53379,0.53938,0.53938,0.54498,0.55337,0.55337,0.55616,0.56456,0.56735,-0.73894,0.56735,0.56735,0.56735,0.56735,0.56735,0.56735,0.57575,0.58134,-0.53754,-0.74733,-0.74733,-0.75013,-0.75852,-0.78369,-0.81726,-0.82565,-0.83404,-0.84243,-0.88439,-0.53754,-0.94313,-0.95992,-0.9767,-0.99348,-1.0103,-1.0271,-1.0942,-1.1473,-1.1725,-1.1977,-0.53754,-1.2229,-1.2396,-1.2676,-1.318,-1.3515,-1.3767,-1.4019,-1.4354,-1.4858,-1.5194,-0.54034,-1.5445,-1.5613,-1.5809,-1.6061,-1.648,-1.6984,-1.7152,-1.7403,-1.7823,-1.8187,-0.54873,-1.8522,-1.8522,-1.8522,-1.8522,-1.8466,-1.8382,-1.8298,-1.8215,-1.8131,-1.8103,-0.55712,-1.8103,-1.8019,-1.7935,-1.7851,-1.7711,-1.7543,-1.7459,-1.7347,-1.718,-1.7068,4.0,4.0
-0.17097,-0.20811,-0.25518,-1.8384,-1.8136,-1.7888,-1.7641,-1.7393,-1.7146,-1.6898,-1.6651,-1.6403,-1.6155,-0.25661,-1.5908,-1.566,-1.5413,-1.5156,-1.4784,-1.4501,-1.421,-1.3839,-1.359,-1.3264,-0.26899,-1.2927,-1.2679,-1.2319,-1.2016,-1.1744,-1.1373,-1.1104,-1.0799,-1.0441,-1.0193,-0.27202,-0.9853,-0.95296,-0.92787,-0.89073,-0.86184,-0.83709,-0.81233,-0.77586,-0.74597,-0.72121,-0.27202,-0.69645,-0.67169,-0.64694,-0.62218,-0.59742,-0.57266,-0.54268,-0.5063,-0.48154,-0.45679,-0.27202,-0.43203,-0.40727,-0.38251,-0.35775,-0.33299,-0.30824,-0.28348,-0.25872,-0.23396,-0.2092,-0.27202,-0.19455,-0.17653,-0.15295,-0.14057,-0.1191,-0.098969,-0.086759,-0.086759,-0.078674,-0.066295,-0.28036,-0.053916,-0.041537,-0.036231,-0.033621,-0.021242,-0.019389,-0.019389,-0.017789,-0.00541,-0.002547,-0.28887,0.002506,0.014885,0.027264,0.031138,0.03518,0.047559,0.059939,0.079813,0.10154,0.11392,-0.28887,0.1263,0.14516,0.1679,0.18028,0.19266,0.21051,0.23426,0.24664,0.26794,0.28824,-0.22941,-0.28887,0.30062,0.32537,0.35013,0.37144,0.38382,0.40757,0.43232,0.45708,0.48184,0.49624,-0.29619,0.51451,0.53927,0.56403,0.58879,0.61355,0.63788,0.65026,0.67098,0.69574,0.7205,-0.30571,0.73347,0.75317,0.77793,0.80269,0.82745,0.84589,0.86012,0.88488,0.90964,0.93439,-0.30571,0.95915,0.98391,1.0087,1.0334,1.0582,1.0829,1.1077,1.1325,1.1572,1.182,-0.30571,1.2,1.2147,1.2394,1.2642,1.2889,1.3124,1.3248,1.3464,1.3711,1.3956,-0.31203,1.408,1.4285,1.4496,1.462,1.4744,1.4867,1.4991,1.5115,1.5239,1.5363,-0.32255,1.5486,1.561,1.5734,1.5858,1.5975,1.5975,1.6061,1.6143,1.6143,1.6264,-0.32255,1.6312,1.6312,1.6312,1.6312,1.6312,1.6291,1.6167,1.6043,1.5919,1.5795,-0.32255,1.5672,1.5548,1.5424,1.53,1.5176,1.5053,1.4929,1.4805,1.4567,1.4389,-0.32786,1.424,1.3992,1.3745,1.3557,1.3418,1.3171,1.2923,1.2526,1.1923,1.1675,-0.23834,-0.33939,1.1343,1.1011,1.0764,1.0397,1.0026,0.96842,0.94366,0.90804,0.8709,0.83376,-0.33939,0.79662,0.72993,0.67182,0.63561,0.61085,0.57725,0.54011,0.50298,0.47813,0.45338,-0.33939,0.42525,0.38811,0.36226,0.3375,0.3151,0.30272,0.26979,0.24428,0.2319,0.21952,-0.33939,0.20714,0.19476,0.18272,0.18272,0.19097,0.19956,0.19956,0.19956,0.19956,0.19956,-0.33939,0.19956,0.19956,0.20579,0.2164,0.2164,0.2164,0.2164,0.21716,0.22954,0.23325,-0.3516,0.23746,0.24984,0.25009,0.25009,0.25329,0.26567,0.26693,0.27358,0.28377,0.28377,-0.36398,0.28377,0.28377,0.28495,0.29733,0.30062,0.30062,0.30062,0.30062,0.3087,0.31746,-0.37308,0.31746,0.329,0.3343,0.3343,0.3343,0.34483,0.35114,0.35114,0.35114,0.36066,-0.37308,0.36799,0.36857,0.38095,0.38483,0.38483,0.38483,0.38483,0.39232,0.40167,0.40167,-0.38428,0.40167,0.40167,0.40369,0.41607,0.41851,0.41851,0.41851,0.41851,-0.23834,-0.38992,-0.38992,-0.38992,-0.40011,-0.4354,-0.49224,-0.50462,-0.55371,-0.62032,-0.69359,-0.23834,-0.71835,-0.74311,-0.76786,-0.79262,-0.86387,-0.90951,-0.93427,-0.95902,-1.0156,-1.0591,-0.24525,-1.0838,-1.1086,-1.1909,-1.2746,-1.3351,-1.3723,-1.4008,-1.4297,-1.4668,-1.528,-0.25518,-1.6051,-1.6762,-1.7009,-1.7808,-1.8347,-1.8657,-1.9276,-1.9595,-1.9787,-1.9921,-0.25518,-2.0169,-2.0687,-2.1124,-2.1243,-2.0748,-2.0493,-2.0369,-2.0246,-2.0122,-1.9998,-0.25518,-1.9874,-1.975,-1.9627,-1.9503,-1.9379,-1.9255,-1.9131,-1.8958,-1.8715,-1.8592,4.0,4.0
-2.2598,-1.9922,-1.557,-0.73255,-0.72444,-0.71634,-0.70823,-0.70012,-0.69201,-0.6839,-0.67849,-0.67849,-0.67309,-1.5408,-0.66498,-0.66498,-0.66227,-0.65416,-0.64605,-0.63794,-0.63794,-0.63794,-0.63794,-0.63794,-1.5219,-0.63794,-0.62984,-0.62443,-0.62443,-0.62443,-0.62443,-0.62443,-0.62173,-0.61362,-0.61091,-1.4975,-0.61091,-0.6028,-0.5974,-0.5974,-0.59199,-0.58388,-0.58388,-0.58118,-0.57307,-0.56496,-1.484,-0.55685,-0.55685,-0.55415,-0.54604,-0.53793,-0.52982,-0.52982,-0.52712,-0.51901,-0.5109,-1.4759,-0.50279,-0.49468,-0.48657,-0.47846,-0.47035,-0.46224,-0.45413,-0.44602,-0.43791,-0.4244,-1.4678,-0.40818,-0.40007,-0.38926,-0.37304,-0.35682,-0.3406,-0.32438,-0.30546,-0.28113,-0.26221,-1.4597,-0.24599,-0.22977,-0.21355,-0.19734,-0.18112,-0.1649,-0.14868,-0.13246,-0.11624,-0.10002,-1.4516,-0.083804,-0.067585,-0.054069,-0.04596,-0.032444,-0.016226,-0.008116,-7e-06,0.008103,0.021618,-1.4435,0.037837,0.045946,0.054056,0.062165,0.070275,0.078384,0.086493,0.094603,0.10271,0.11082,-1.803,-1.4354,0.11893,0.12704,0.13515,0.14326,0.15137,0.15948,0.16759,0.1757,0.18381,0.19192,-1.4354,0.20002,0.20002,0.20273,0.21084,0.21354,0.21354,0.22165,0.22706,0.22706,0.22706,-1.4354,0.22706,0.23517,0.24057,0.24057,0.24057,0.24057,0.24868,0.25409,0.25409,0.25949,-1.4354,0.2676,0.27571,0.28112,0.28112,0.28652,0.29463,0.30274,0.31085,0.31896,0.32707,-1.4354,0.33518,0.34329,0.3541,0.37032,0.38113,0.38924,0.39735,0.40546,0.41357,0.42168,-1.4354,0.42979,0.4379,0.44601,0.45412,0.46223,0.47034,0.47845,0.48656,0.49467,0.50277,-1.4354,0.51088,0.5271,0.54062,0.54873,0.56224,0.57846,0.59468,0.6109,0.62712,0.63793,-1.4354,0.64604,0.66226,0.67848,0.6947,0.70551,0.71362,0.72984,0.74606,0.76228,0.77849,-1.4354,0.79471,0.81093,0.82445,0.83256,0.84607,0.86229,0.87851,0.89203,0.90013,0.91365,-1.43,0.92987,0.93798,0.94609,0.9542,0.96771,0.98393,0.99204,1.0002,1.0083,1.0164,-1.7706,-1.4219,1.0245,1.0326,1.038,1.038,1.0434,1.0515,1.0596,1.0677,1.0758,1.0785,-1.4219,1.0785,1.0867,1.0948,1.1029,1.1056,1.1056,1.1056,1.1056,1.1056,1.1056,-1.4219,1.1056,1.1056,1.1056,1.1056,1.1056,1.1056,1.1137,1.1191,1.1191,1.1191,-1.4219,1.1191,1.1191,1.1218,1.1299,1.1326,1.1326,1.1407,1.1461,1.1461,1.1461,-1.4219,1.1461,1.1461,1.1488,1.1569,1.1596,1.1596,1.1596,1.1596,1.1596,1.1596,-1.4219,1.1596,1.1677,1.1732,1.1732,1.1786,1.1867,1.1948,1.2029,1.211,1.2191,-1.4219,1.2272,1.2353,1.2434,1.2515,1.2597,1.2678,1.284,1.3002,1.3164,1.3326,-1.4219,1.3489,1.3651,1.3813,1.3975,1.4137,1.4299,1.4543,1.4759,1.4921,1.5137,-1.4219,1.5381,1.5543,1.5705,1.5867,1.5975,1.6057,1.6219,1.6354,1.6435,1.6516,-1.4219,1.6597,1.6678,1.6759,1.684,1.6867,1.6867,1.6867,1.684,-1.7381,-1.4219,-1.4219,-1.4219,-1.4219,-1.4219,-1.4219,-1.4219,-1.4219,-1.4219,-1.4219,-1.7057,-1.4219,-1.4219,-1.4219,-1.4219,-1.4219,-1.4219,-1.4137,-1.4056,-1.3975,-1.3894,-1.6732,-1.3813,-1.3732,-1.3651,-1.357,-1.3489,-1.3408,-1.3245,-1.3083,-1.2921,-1.2759,-1.6408,-1.2597,-1.2434,-1.2245,-1.2002,-1.1813,-1.1651,-1.1407,-1.1164,-1.0921,-1.0731,-1.6084,-1.0569,-1.0326,-1.011,-0.99476,-0.97313,-0.9488,-0.93259,-0.91366,-0.88934,-0.87041,-1.5813,-0.8542,-0.83798,-0.82176,-0.80554,-0.78932,-0.7731,-0.76499,-0.75688,-0.74877,-0.74066,3.0,5.0
0.58282,0.5591,0.58282,0.29809,0.38072,0.47889,0.55785,0.63597,0.73498,0.81678,0.91211,0.98881,1.0655,0.58282,1.1422,1.2189,1.2956,1.3543,1.4253,1.4803,1.555,1.6063,1.654,1.6849,0.58282,1.7289,1.7545,1.78,1.8056,1.8167,1.833,1.8586,1.8441,1.8186,1.793,0.58282,1.7674,1.7419,1.7109,1.6597,1.6086,1.5574,1.4935,1.4315,1.3638,1.2871,0.58282,1.2104,1.1557,1.0808,1.0041,0.92735,0.85065,0.77395,0.69725,0.62055,0.54385,0.58282,0.46715,0.39045,0.29524,0.21332,0.11443,0.035894,-0.064238,-0.14491,-0.24137,-0.31807,0.58282,-0.39477,-0.47147,-0.54817,-0.62487,-0.70157,-0.77827,-0.85497,-0.93167,-1.0084,-1.0828,0.58282,-1.138,-1.2088,-1.2599,-1.311,-1.3622,-1.4133,-1.4644,-1.4985,-1.543,-1.5734,0.5922,-1.599,-1.6245,-1.6501,-1.6757,-1.6951,-1.7031,-1.7188,-1.7071,-1.6815,-1.656,0.60655,-1.6304,-1.6048,-1.5584,-1.53,-1.4798,-1.4287,-1.3731,-1.3027,-1.2434,-1.1667,0.5591,0.60655,-1.1019,-1.037,-0.96032,-0.88362,-0.80692,-0.73022,-0.65352,-0.55309,-0.47639,-0.39969,0.60655,-0.31647,-0.22256,-0.14586,-0.05712,0.031267,0.12369,0.2084,0.30449,0.38553,0.46223,0.60655,0.56265,0.63935,0.71606,0.79276,0.86946,0.93578,0.99913,1.0618,1.1129,1.164,0.60655,1.2152,1.2449,1.2937,1.3198,1.3453,1.3709,1.3965,1.4133,1.4133,1.4009,0.60655,1.3753,1.3498,1.3242,1.2789,1.2493,1.2003,1.1492,1.0947,1.0232,0.97208,0.60655,0.91205,0.83535,0.75865,0.69636,0.62897,0.53418,0.45184,0.37514,0.29844,0.19801,0.63028,0.12131,0.044614,-0.039324,-0.13252,-0.20922,-0.28592,-0.37721,-0.46305,-0.53975,-0.61645,0.63028,-0.69315,-0.76985,-0.84655,-0.92325,-0.99437,-1.0529,-1.1296,-1.1952,-1.2593,-1.3212,0.62625,-1.3724,-1.4235,-1.4746,-1.5036,-1.5529,-1.5806,-1.6278,-1.6534,-1.6789,-1.6951,0.60068,-1.7063,-1.7188,-1.7337,-1.7425,-1.7239,-1.6983,-1.6728,-1.6468,-1.5979,-1.5682,0.5591,0.57511,-1.5171,-1.466,-1.4148,-1.3523,-1.2756,-1.1989,-1.1221,-1.0454,-0.96875,-0.86957,0.54954,-0.79103,-0.68876,-0.58649,-0.49033,-0.40568,-0.30342,-0.20115,-0.098881,0.003386,0.10565,0.52398,0.20792,0.31019,0.41246,0.51472,0.61699,0.71926,0.81524,0.90007,0.99237,1.0691,0.49841,1.1458,1.207,1.2754,1.333,1.3631,1.4115,1.438,1.4608,1.4561,1.4306,0.45778,1.405,1.3794,1.3419,1.2907,1.2396,1.1885,1.118,1.0625,0.98833,0.93536,0.40664,0.86163,0.80569,0.73563,0.67601,0.60964,0.54634,0.48364,0.43251,0.38137,0.31072,0.35551,0.27673,0.22797,0.17684,0.12885,0.098298,0.053986,0.028419,0.002852,-0.022714,-0.048281,0.32496,-0.073848,-0.08156,-0.10125,-0.10529,-0.10529,-0.12902,-0.12902,-0.12902,-0.12902,-0.12902,0.27697,-0.12902,-0.12902,-0.12902,-0.12902,-0.12902,-0.12902,-0.12902,-0.15257,-0.15274,-0.15624,0.22584,-0.17647,-0.17647,-0.18549,-0.2002,-0.2002,-0.2002,-0.2002,-0.18199,0.5591,0.1747,0.12357,0.066384,-0.002427,-0.053561,-0.10469,-0.16923,-0.23069,-0.28182,-0.33296,0.5591,-0.38409,-0.45783,-0.51009,-0.56122,-0.61235,-0.66972,-0.73835,-0.78948,-0.84062,-0.89175,0.5591,-0.94288,-0.99402,-1.0261,-1.0726,-1.1237,-1.1502,-1.1785,-1.2251,-1.2506,-1.2762,0.5591,-1.3018,-1.3273,-1.3391,-1.3235,-1.3154,-1.2961,-1.2706,-1.245,-1.1957,-1.1672,0.5591,-1.1161,-1.065,-1.0138,-0.95244,-0.88784,-0.8367,-0.76979,-0.71071,-0.64012,-0.56342,0.57565,-0.48671,-0.41126,-0.35704,-0.28034,-0.20364,-0.12694,-0.039799,0.05019,0.12689,0.20359,0.0,0.0
1.7661,1.5917,1.4148,-0.15989,-0.16958,-0.22287,-0.25679,-0.25921,-0.2689,-0.27859,-0.28828,-0.30282,-0.31978,1.3954,-0.32947,-0.33916,-0.35612,-0.3755,-0.39246,-0.40215,-0.42153,-0.44091,-0.46029,-0.48209,1.376,-0.51116,-0.53054,-0.54993,-0.57415,-0.60322,-0.63229,-0.66137,-0.68317,-0.7074,-0.73647,1.3567,-0.76554,-0.79461,-0.83095,-0.86486,-0.89394,-0.92301,-0.95208,-0.98115,-1.0151,-1.0514,1.3373,-1.0805,-1.1095,-1.1386,-1.1677,-1.1968,-1.2258,-1.2549,-1.2767,-1.3009,-1.3276,1.3179,-1.347,-1.376,-1.3978,-1.4172,-1.4366,-1.456,-1.4754,-1.4947,-1.5141,-1.5311,1.3082,-1.5408,-1.5602,-1.5723,-1.5868,-1.6038,-1.6135,-1.6231,-1.6328,-1.6377,-1.6401,1.2913,-1.6498,-1.6595,-1.6619,-1.6667,-1.6764,-1.6861,-1.6861,-1.6861,-1.6861,-1.6861,1.2719,-1.6861,-1.6861,-1.6789,-1.674,-1.6716,-1.6619,-1.6522,-1.6425,-1.6328,-1.6231,1.2525,-1.6135,-1.6038,-1.5941,-1.5844,-1.5723,-1.5529,-1.5432,-1.5262,-1.5069,-1.4875,1.5408,1.2331,-1.4681,-1.4487,-1.4293,-1.41,-1.3906,-1.3712,-1.3518,-1.3324,-1.313,-1.2937,1.2137,-1.2743,-1.2549,-1.2283,-1.204,-1.1822,-1.1532,-1.1338,-1.1071,-1.0829,-1.0611,1.1944,-1.032,-1.003,-0.97388,-0.94966,-0.92785,-0.89878,-0.86971,-0.84791,-0.82368,-0.79703,1.175,-0.77765,-0.74858,-0.72678,-0.70255,-0.6759,-0.65652,-0.62745,-0.60565,-0.58142,-0.55477,1.1556,-0.53539,-0.51601,-0.49663,-0.47725,-0.45787,-0.43849,-0.4191,-0.40699,-0.39246,-0.3755,1.1362,-0.36581,-0.35612,-0.33916,-0.32462,-0.31493,-0.30524,-0.29555,-0.28586,-0.27617,-0.2689,1.1168,-0.2689,-0.25921,-0.24952,-0.23983,-0.23256,-0.23256,-0.22287,-0.22045,-0.21561,-0.20834,1.0974,-0.20834,-0.19865,-0.19623,-0.19138,-0.18169,-0.172,-0.172,-0.16473,-0.15504,-0.14535,1.0732,-0.13566,-0.12597,-0.11628,-0.10659,-0.094476,-0.075095,-0.065404,-0.048446,-0.029065,-0.009684,1.0466,0.009697,0.029077,0.048458,0.067839,0.08722,0.1066,0.12598,0.14536,0.16474,0.18412,1.5262,1.0272,0.20351,0.22289,0.24227,0.26165,0.28103,0.30041,0.31979,0.3319,0.34644,0.36582,1.0078,0.3852,0.39489,0.40458,0.41427,0.42396,0.43365,0.44334,0.44577,0.45061,0.45788,0.98843,0.45788,0.46757,0.46999,0.47484,0.4821,0.4821,0.4918,0.50149,0.51118,0.52087,0.96905,0.53056,0.54025,0.54994,0.55963,0.56932,0.57901,0.59839,0.6105,0.62504,0.64442,0.94967,0.6638,0.68318,0.70256,0.72194,0.74375,0.77282,0.7922,0.81158,0.83581,0.86488,0.93029,0.89395,0.91333,0.93998,0.96905,0.9957,1.0151,1.0441,1.0732,1.0974,1.1193,0.91091,1.1483,1.1677,1.1944,1.2234,1.2501,1.2695,1.2985,1.3203,1.3446,1.3712,0.89153,1.3906,1.4197,1.4415,1.4608,1.4826,1.5117,1.5311,1.5505,1.5699,1.5917,0.87214,1.6207,1.6401,1.6522,1.6668,1.6837,1.6934,1.7031,1.7128,1.7225,1.7322,0.85276,1.7419,1.7322,1.7297,1.7249,1.7176,1.7176,1.7079,1.7055,1.5069,0.83338,0.814,0.80189,0.78735,0.76797,0.74859,0.7389,0.72194,0.70256,0.6856,1.4875,0.67591,0.65653,0.64442,0.63473,0.62262,0.60324,0.59354,0.58385,0.57416,0.56447,1.4778,0.55478,0.54509,0.5354,0.52571,0.51844,0.51844,0.50875,0.49906,0.46999,0.43365,1.4608,0.43365,0.42396,0.42154,0.40216,0.36582,0.33675,0.32706,0.29556,0.27134,0.25438,1.4415,0.21562,0.20593,0.18897,0.17443,0.15748,0.11871,0.10902,0.092065,0.07753,0.060571,1.4245,0.02181,0.012119,-0.012107,-0.031488,-0.046023,-0.075095,-0.084785,-0.10901,-0.13808,-0.15989,1.0,1.0
0.2387,0.21514,0.2387,-0.95108,-0.91815,-0.89006,-0.84052,-0.80548,-0.76289,-0.7209,-0.66683,-0.61276,-0.55869,0.25336,-0.50462,-0.45055,-0.39648,-0.34241,-0.28834,-0.21159,-0.15664,-0.096501,-0.024938,0.042148,0.26226,0.10676,0.1808,0.23846,0.31609,0.37699,0.4581,0.52542,0.59675,0.67785,0.7354,0.26226,0.8165,0.89001,0.95515,1.0217,1.0758,1.1513,1.2075,1.2615,1.3156,1.3697,0.26226,1.4238,1.4778,1.5319,1.5838,1.6165,1.6614,1.6885,1.7155,1.7425,1.7696,0.26226,1.7966,1.8236,1.8507,1.851,1.8239,1.7969,1.7696,1.7193,1.6922,1.6652,0.26226,1.6382,1.5935,1.5605,1.5089,1.4593,1.4243,1.3703,1.3013,1.2386,1.1845,0.26226,1.1069,1.0476,0.97518,0.90891,0.82781,0.76585,0.68916,0.60806,0.52695,0.44585,0.26226,0.36474,0.28364,0.20253,0.12143,0.040323,-0.040782,-0.12189,-0.20299,-0.2841,-0.34453,0.26226,-0.42216,-0.47623,-0.53784,-0.60793,-0.662,-0.71607,-0.79158,-0.84777,-0.89701,-0.93235,0.22209,0.26226,-0.98641,-1.0252,-1.071,-1.1029,-1.1535,-1.1805,-1.2075,-1.2346,-1.2616,-1.2886,0.28582,-1.3157,-1.3398,-1.3462,-1.3732,-1.3869,-1.3701,-1.3431,-1.3161,-1.289,-1.262,0.28582,-1.235,-1.2079,-1.1809,-1.1539,-1.1268,-1.0998,-1.0649,-1.0222,-0.98029,-0.94454,0.28582,-0.89571,-0.84164,-0.79275,-0.75706,-0.70299,-0.64892,-0.59485,-0.54078,-0.46315,-0.40908,0.29854,-0.35501,-0.28804,-0.22331,-0.14939,-0.091613,-0.013983,0.046801,0.11772,0.18545,0.26656,0.30938,0.32705,0.40521,0.48631,0.56741,0.63756,0.70606,0.78717,0.86827,0.94808,1.0069,0.30938,1.088,1.1691,1.235,1.3078,1.3667,1.4444,1.4984,1.5525,1.6066,1.6606,0.30938,1.7147,1.7459,1.7965,1.8235,1.8505,1.8776,1.9046,1.9316,1.9586,1.955,0.33294,1.9279,1.9009,1.8739,1.8468,1.8198,1.7683,1.7186,1.6837,1.6297,1.5756,0.33294,1.5215,1.4457,1.3898,1.3306,1.2581,1.192,1.1109,1.0298,0.94867,0.86757,0.2387,0.33294,0.78646,0.70536,0.57289,0.44891,0.34801,0.26314,0.15848,0.070715,-0.037425,-0.13196,0.33294,-0.23014,-0.33828,-0.42286,-0.531,-0.63172,-0.72372,-0.81749,-0.91644,-1.0033,-1.0831,0.33294,-1.1419,-1.2148,-1.2689,-1.323,-1.3956,-1.4326,-1.4852,-1.5392,-1.5844,-1.6114,0.35337,-1.6384,-1.6655,-1.6925,-1.6669,-1.6398,-1.6128,-1.5858,-1.5587,-1.5317,-1.4811,0.3565,-1.4505,-1.3965,-1.3424,-1.2883,-1.2343,-1.1802,-1.1026,-1.0485,-0.98665,-0.90555,0.3565,-0.83917,-0.7669,-0.68579,-0.60469,-0.52865,-0.46604,-0.39695,-0.34288,-0.28881,-0.23474,0.3565,-0.18067,-0.1266,-0.072529,-0.03124,0.012051,0.046389,0.096631,0.12402,0.15105,0.17809,0.3565,0.19158,0.2086,0.21514,0.21514,0.21514,0.21514,0.21514,0.21514,0.21514,0.21514,0.3565,0.19158,0.19158,0.18345,0.16802,0.16802,0.14946,0.14446,0.14446,0.14446,0.14446,0.3565,0.14446,0.1603,0.16802,0.19081,0.19429,0.21514,0.2248,0.2387,0.2387,0.3777,0.38006,0.37546,0.3565,0.34495,0.19776,0.046919,0.004688,-0.024231,-0.078301,0.2387,-0.12354,-0.16288,-0.21695,-0.25176,-0.30153,-0.3556,-0.40967,-0.46374,-0.51781,-0.57188,0.2387,-0.62595,-0.68002,-0.73409,-0.78816,-0.84223,-0.8963,-0.93305,-0.98088,-1.0342,-1.0655,0.2387,-1.1119,-1.1389,-1.1805,-1.2165,-1.222,-1.247,-1.2741,-1.2927,-1.3046,-1.3163,0.2387,-1.3351,-1.3398,-1.3398,-1.3455,-1.3542,-1.3398,-1.3398,-1.3202,-1.2932,-1.2661,0.2387,-1.2391,-1.2121,-1.185,-1.158,-1.131,-1.1039,-1.0769,-1.0498,-1.0228,-0.99578,0.0,2.0
1.6989,1.6379,1.5122,-0.26713,-0.2741,-0.29007,-0.30604,-0.31302,-0.32899,-0.34631,-0.36993,-0.3949,-0.41987,1.4962,-0.44708,-0.47903,-0.49657,-0.52492,-0.56586,-0.5978,-0.63784,-0.67068,-0.70262,-0.74356,1.4803,-0.75751,-0.78945,-0.82634,-0.86233,-0.89428,-0.91835,-0.94916,-0.97211,-0.98426,-1.009,1.4643,-1.0319,-1.0549,-1.0778,-1.1008,-1.1251,-1.1557,-1.1714,-1.1926,-1.216,-1.2474,1.4483,-1.2704,-1.2933,-1.3248,-1.3482,-1.3622,-1.3941,-1.4171,-1.4407,-1.4656,-1.4859,1.438,-1.5066,-1.5226,-1.5385,-1.5455,-1.5615,-1.5684,-1.5763,-1.5853,-1.5984,-1.6053,1.4254,-1.6123,-1.6213,-1.6303,-1.6303,-1.6294,-1.6134,-1.6065,-1.5943,-1.5835,-1.5675,1.4094,-1.5606,-1.5446,-1.5286,-1.5217,-1.5057,-1.5043,-1.4917,-1.4758,-1.4598,-1.4503,1.3507,-1.4368,-1.4209,-1.4144,-1.4069,-1.391,-1.375,-1.368,-1.352,-1.3361,-1.3201,1.2965,-1.3154,-1.3062,-1.2902,-1.2742,-1.2582,-1.2513,-1.2353,-1.2193,-1.2124,-1.2054,1.622,1.2805,-1.1894,-1.1734,-1.1624,-1.1505,-1.1345,-1.1185,-1.1026,-1.0956,-1.0796,-1.0637,1.2546,-1.0477,-1.0364,-1.0247,-1.0088,-0.9928,-0.98583,-0.96986,-0.95389,-0.93792,-0.91295,1.177,-0.89698,-0.88101,-0.87403,-0.85806,-0.84209,-0.82612,-0.81015,-0.79418,-0.7782,-0.76223,1.1696,-0.74851,-0.74829,-0.73232,-0.71634,-0.70037,-0.6844,-0.66843,-0.65853,-0.65448,-0.63851,1.1176,-0.62254,-0.60657,-0.5996,-0.59262,-0.57665,-0.56068,-0.54471,-0.53256,-0.52177,-0.50579,1.0792,-0.49657,-0.49185,-0.48487,-0.4779,-0.46958,-0.46058,-0.45158,-0.44101,-0.43359,-0.41807,1.0407,-0.41109,-0.39512,-0.38815,-0.37218,-0.3652,-0.35823,-0.34226,-0.32629,-0.31032,-0.29435,1.0247,-0.27837,-0.2714,-0.26263,-0.24846,-0.23248,-0.21651,-0.20054,-0.18457,-0.1686,-0.13441,0.99977,-0.055677,-0.039706,-0.032733,-0.016761,-0.00169,0.006183,0.022154,0.038126,0.055896,0.096612,0.9667,0.10403,0.12001,0.12698,0.14295,0.15127,0.1659,0.18187,0.19784,0.21381,0.22978,1.6089,0.93184,0.24575,0.26172,0.27769,0.29366,0.30964,0.32561,0.34158,0.35755,0.37352,0.38049,0.92486,0.39647,0.41244,0.42841,0.43921,0.4482,0.4572,0.4653,0.4662,0.4752,0.48622,0.90889,0.50219,0.51816,0.53413,0.54718,0.54808,0.56405,0.58002,0.59599,0.61196,0.63671,0.89292,0.6619,0.68687,0.71454,0.73748,0.76178,0.79237,0.81172,0.82769,0.84366,0.85963,0.87695,0.8756,0.89157,0.90754,0.93094,0.94848,0.96445,0.98178,1.0054,1.0277,1.0463,0.86098,1.0646,1.0873,1.1032,1.1282,1.1532,1.1703,1.1941,1.2162,1.2441,1.26,0.84501,1.276,1.292,1.3079,1.3239,1.3399,1.3559,1.3718,1.3878,1.4038,1.4197,0.82904,1.4447,1.4607,1.4767,1.4926,1.5086,1.5246,1.5369,1.5475,1.5635,1.5705,0.81801,1.5864,1.5999,1.5999,1.6074,1.6233,1.6303,1.6463,1.6622,1.6692,1.6852,0.79709,1.6899,1.6899,1.6899,1.6989,1.6989,1.7079,1.7079,1.7018,1.599,0.78112,0.76515,0.74918,0.73321,0.71724,0.70914,0.69429,0.67832,0.66235,0.64638,1.5831,0.63041,0.61444,0.61016,0.60049,0.58452,0.56855,0.55258,0.5456,0.52963,0.52019,1.5671,0.52019,0.49387,0.43786,0.41221,0.37982,0.3661,0.34788,0.34023,0.31234,0.29996,1.5511,0.28624,0.27679,0.24485,0.21673,0.19581,0.15915,0.15127,0.12698,0.11528,0.10628,1.5369,0.097286,0.06332,0.046449,0.031377,0.025304,0.009557,-0.025084,-0.064675,-0.097067,-0.16343,1.5282,-0.17265,-0.18637,-0.19334,-0.20032,-0.20864,-0.21764,-0.22124,-0.23563,-0.24418,-0.25363,1.0,1.0
-0.31501,-0.33474,-0.39523,-1.7904,-1.7707,-1.751,-1.7293,-1.6997,-1.6733,-1.6536,-1.6293,-1.5997,-1.5759,-0.4051,-1.5562,-1.5294,-1.4998,-1.4702,-1.4406,-1.411,-1.3814,-1.3518,-1.3222,-1.2926,-0.40722,-1.263,-1.2334,-1.2038,-1.1742,-1.1446,-1.115,-1.0854,-1.0558,-1.0262,-0.99656,-0.40722,-0.96696,-0.93892,-0.91919,-0.8966,-0.867,-0.8374,-0.8078,-0.78364,-0.7639,-0.74417,-0.41626,-0.72443,-0.7047,-0.68497,-0.66523,-0.6455,-0.62577,-0.60603,-0.5863,-0.56988,-0.56002,-0.42612,-0.55015,-0.54028,-0.52452,-0.50478,-0.49224,-0.48237,-0.47251,-0.46264,-0.45277,-0.44291,-0.43599,-0.43304,-0.42566,-0.42566,-0.42188,-0.41201,-0.40722,-0.40722,-0.40086,-0.39099,-0.38878,-0.44411,-0.38878,-0.37983,-0.36997,-0.3601,-0.35023,-0.34037,-0.3305,-0.32063,-0.31076,-0.3009,-0.44411,-0.2855,-0.26576,-0.25285,-0.24299,-0.22501,-0.20527,-0.18554,-0.1658,-0.14607,-0.12422,-0.44715,-0.094616,-0.068427,-0.048693,-0.024257,0.005344,0.034944,0.064545,0.10143,0.1409,0.17179,-0.35189,-0.45702,0.20139,0.24086,0.28032,0.31979,0.35668,0.38628,0.41975,0.45922,0.49869,0.53815,-0.46255,0.57117,0.60077,0.63811,0.67758,0.70801,0.73807,0.77754,0.81526,0.84486,0.87446,-0.46255,0.90406,0.93799,0.97746,1.0113,1.0409,1.0774,1.1169,1.1481,1.1777,1.2073,-0.46255,1.2379,1.2773,1.3146,1.3442,1.3703,1.39,1.4146,1.4442,1.4677,1.4874,-0.46255,1.5071,1.5269,1.5379,1.5478,1.5577,1.5675,1.5774,1.5873,1.5971,1.607,-0.46255,1.6169,1.6215,1.6215,1.6215,1.6215,1.6215,1.6215,1.6215,1.6209,1.6111,-0.46255,1.6012,1.5913,1.5815,1.5716,1.5617,1.5519,1.542,1.5321,1.5223,1.5124,-0.47076,1.4942,1.4745,1.4548,1.436,1.4262,1.414,1.3943,1.3709,1.3413,1.3166,-0.48062,1.2969,1.271,1.2414,1.2192,1.1995,1.171,1.1414,1.1118,1.0807,1.0413,-0.48099,1.0046,0.97497,0.94131,0.90184,0.86773,0.83812,0.80188,0.76242,0.73088,0.70128,-0.35189,-0.48099,0.67168,0.64208,0.61248,0.58481,0.56508,0.54535,0.52561,0.50588,0.48615,0.47222,-0.48099,0.46235,0.45249,0.44262,0.43275,0.42289,0.41302,0.40315,0.39329,0.38342,0.37355,-0.48099,0.36369,0.35382,0.34893,0.34893,0.3552,0.36507,0.36737,0.36737,0.37623,0.38582,-0.48099,0.38582,0.38738,0.39725,0.40426,0.40426,0.40841,0.41828,0.4227,0.4227,0.42943,-0.48099,0.4393,0.44917,0.45903,0.45959,0.46033,0.47019,0.48006,0.48993,0.49647,0.49647,-0.48099,0.50108,0.51095,0.52082,0.53068,0.54055,0.55042,0.5518,0.5518,0.56158,0.57144,-0.4762,0.58131,0.58869,0.58869,0.59247,0.60233,0.6122,0.62207,0.62557,0.62557,0.63323,-0.46633,0.64309,0.64402,0.64438,0.65425,0.66246,0.66246,0.66541,0.67528,0.6809,0.6809,-0.47472,0.6809,0.6809,0.68772,0.69759,0.69934,0.69934,0.69934,0.69934,0.69934,0.69934,-0.49445,0.69934,0.70276,0.71262,0.71779,0.71779,0.71779,0.71779,0.71779,-0.35447,-0.50681,-0.51668,-0.51788,-0.51797,-0.52784,-0.5377,-0.54757,-0.55476,-0.55476,-0.57459,-0.36434,-0.62392,-0.67326,-0.72259,-0.75228,-0.77202,-0.83094,-0.90001,-0.93256,-0.96437,-1.0334,-0.37033,-1.0988,-1.1482,-1.1912,-1.2208,-1.2504,-1.28,-1.3211,-1.3704,-1.4057,-1.4353,-0.37033,-1.4649,-1.4945,-1.5529,-1.608,-1.6278,-1.6498,-1.6794,-1.7054,-1.7251,-1.7693,-0.3755,-1.8384,-1.8766,-1.8963,-1.9384,-1.9878,-2.0459,-2.1028,-2.0436,-1.9903,-1.9706,-0.38537,-1.9536,-1.9438,-1.9299,-1.9101,-1.8957,-1.8859,-1.8694,-1.8496,-1.8299,-1.8102,4.0,4.0
2.0445,2.0015,1.6301,-0.67218,-0.68765,-0.70912,-0.72837,-0.74006,-0.76153,-0.783,-0.7953,-0.81395,-0.82876,1.5639,-0.84489,-0.86636,-0.88495,-0.89569,-0.90678,-0.92825,-0.93988,-0.95919,-0.97335,-0.99014,1.5083,-1.0068,-1.0211,-1.0403,-1.052,-1.0735,-1.0845,-1.0952,-1.1139,-1.1287,-1.1394,1.4775,-1.1501,-1.1609,-1.1716,-1.1823,-1.1931,-1.2038,-1.2145,-1.2253,-1.236,-1.2468,1.4306,-1.2575,-1.2682,-1.2779,-1.2779,-1.2884,-1.2992,-1.3019,-1.3086,-1.3139,-1.3181,1.3866,-1.3259,-1.3259,-1.3263,-1.3371,-1.3378,-1.3378,-1.3304,-1.3259,-1.3209,-1.3139,1.3651,-1.3115,-1.3019,-1.3019,-1.2912,-1.2899,-1.2899,-1.283,-1.2779,-1.2736,-1.2659,1.3359,-1.2641,-1.2539,-1.2539,-1.2439,-1.2419,-1.2344,-1.2299,-1.2249,-1.2142,-1.2035,1.2809,-1.1939,-1.1939,-1.1832,-1.1725,-1.1618,-1.151,-1.1403,-1.1296,-1.1188,-1.1081,1.2168,-1.0974,-1.0866,-1.0759,-1.0652,-1.0544,-1.0437,-1.033,-1.0184,-0.99949,-0.98876,1.987,1.1953,-0.97803,-0.96729,-0.95656,-0.94582,-0.92813,-0.91236,-0.90162,-0.88771,-0.86816,-0.85677,1.1738,-0.8353,-0.82396,-0.80435,-0.7905,-0.77341,-0.75703,-0.74246,-0.72357,-0.71152,-0.69011,1.1193,-0.67937,-0.6591,-0.64591,-0.63518,-0.61868,-0.60171,-0.59098,-0.57826,-0.55751,-0.54678,1.0829,-0.52585,-0.51332,-0.50258,-0.49185,-0.47595,-0.45838,-0.44765,-0.43691,-0.4263,-0.4263,1.0384,-0.4167,-0.40597,-0.39523,-0.39032,-0.38576,-0.37502,-0.36429,-0.35433,-0.35433,-0.34408,0.992,-0.33335,-0.33035,-0.32387,-0.31835,-0.31439,-0.30366,-0.29293,-0.28237,-0.28237,-0.27272,0.97377,-0.26198,-0.25125,-0.24051,-0.22978,-0.21904,-0.20831,-0.19841,-0.19841,-0.1881,-0.17736,0.96105,-0.17442,-0.16135,-0.15044,-0.14642,-0.13568,-0.12495,-0.11421,-0.10348,-0.092745,-0.08201,0.93814,-0.071275,-0.060541,-0.045128,-0.027077,-0.016342,-0.005608,0.005127,0.026236,0.029475,0.037331,0.89521,0.048066,0.0588,0.069535,0.08027,0.091004,0.10174,0.11247,0.12321,0.13394,0.14468,1.9763,0.87266,0.15541,0.16141,0.16489,0.1734,0.17436,0.1851,0.19583,0.19739,0.20531,0.20939,0.85119,0.21478,0.22552,0.23625,0.24699,0.25772,0.26846,0.27919,0.28993,0.30066,0.31139,0.79901,0.32213,0.3364,0.35559,0.36633,0.37706,0.40879,0.42252,0.43325,0.45071,0.47763,0.76669,0.50564,0.52417,0.53994,0.58204,0.60351,0.62498,0.66372,0.69191,0.71338,0.7397,0.7508,0.7755,0.8161,0.84939,0.89233,0.91416,0.94492,0.96909,1.0109,1.0535,1.0815,0.71763,1.1149,1.1741,1.2059,1.2273,1.2787,1.3149,1.3471,1.3917,1.4306,1.4557,0.67451,1.4903,1.531,1.5525,1.5739,1.6141,1.6409,1.6623,1.6894,1.7173,1.7357,0.65826,1.7482,1.7692,1.7799,1.7906,1.8101,1.8241,1.8348,1.8456,1.8563,1.867,0.60459,1.8778,1.8885,1.8992,1.91,1.9207,1.9314,1.9422,1.9529,1.9668,1.9864,0.55092,1.9977,2.0192,2.0306,2.0413,2.052,2.0628,2.0735,2.0842,1.9377,0.53562,0.52489,0.4717,0.414,0.3893,0.386,0.37526,0.36297,0.33077,0.32933,1.8954,0.32033,0.28639,0.23697,0.20417,0.19343,0.1827,0.17196,0.16051,0.10684,0.053163,1.8499,0.033073,0.022338,-0.006028,-0.048966,-0.08183,-0.092565,-0.1033,-0.11403,-0.11445,-0.14162,1.7887,-0.15823,-0.16897,-0.1797,-0.20249,-0.24819,-0.30186,-0.35457,-0.36531,-0.36633,-0.37478,1.7427,-0.38552,-0.39625,-0.40699,-0.41772,-0.42846,-0.44009,-0.46156,-0.47266,-0.48339,-0.49413,1.7267,-0.51146,-0.52759,-0.5424,-0.56105,-0.57179,-0.58282,-0.60429,-0.61598,-0.63524,-0.6567,1.0,1.0
2.0672,1.9832,1.8518,-0.15921,-0.17984,-0.20048,-0.22492,-0.2508,-0.27777,-0.30112,-0.33062,-0.35253,-0.38348,1.8311,-0.41081,-0.43633,-0.46728,-0.49824,-0.52919,-0.56014,-0.59109,-0.62205,-0.653,-0.68395,1.8105,-0.7149,-0.74586,-0.78586,-0.81681,-0.84776,-0.87872,-0.90388,-0.93157,-0.96252,-0.99293,1.7899,-1.0154,-1.0433,-1.0639,-1.0845,-1.1052,-1.1258,-1.1464,-1.1671,-1.1848,-1.1993,1.7692,-1.2145,-1.2315,-1.2442,-1.2545,-1.2634,-1.2661,-1.2764,-1.2815,-1.288,-1.2983,1.7486,-1.3086,-1.3099,-1.3202,-1.3305,-1.3408,-1.3511,-1.3615,-1.3806,-1.3911,-1.4015,1.728,-1.4118,-1.4221,-1.4324,-1.4427,-1.4357,-1.4344,-1.4263,-1.4228,-1.4172,-1.4112,1.7073,-1.4009,-1.3906,-1.3893,-1.381,-1.381,-1.3765,-1.372,-1.3649,-1.3629,-1.3533,1.6867,-1.3448,-1.3417,-1.3314,-1.3267,-1.3198,-1.3177,-1.3082,-1.2996,-1.2967,-1.2905,1.6661,-1.2851,-1.2748,-1.2644,-1.2543,-1.2529,-1.2425,-1.2322,-1.2272,-1.2206,-1.2103,1.9651,1.6454,-1.2,-1.191,-1.1884,-1.1781,-1.1678,-1.1575,-1.1471,-1.1368,-1.1265,-1.1162,1.6248,-1.1059,-1.0907,-1.0762,-1.0659,-1.0556,-1.0443,-1.0259,-1.0156,-1.0005,-0.98587,1.6132,-0.96831,-0.95619,-0.93682,-0.92451,-0.90713,-0.89229,-0.87166,-0.85808,-0.83944,-0.82785,1.5926,-0.80722,-0.78966,-0.775,-0.75997,-0.74278,-0.73029,-0.71092,-0.69897,-0.68124,-0.66676,1.5719,-0.65155,-0.63454,-0.62187,-0.6025,-0.59073,-0.57281,-0.56249,-0.54693,-0.53281,-0.52249,1.5558,-0.50312,-0.49281,-0.48249,-0.47217,-0.46185,-0.4452,-0.43217,-0.42185,-0.41153,-0.40122,1.5397,-0.3909,-0.38058,-0.37026,-0.35995,-0.35832,-0.34836,-0.33805,-0.32773,-0.32212,-0.31614,1.512,-0.30583,-0.29551,-0.29424,-0.28392,-0.27686,-0.27234,-0.26781,-0.26076,-0.25876,-0.24971,1.4894,-0.2479,-0.24066,-0.24066,-0.23505,-0.23161,-0.22347,-0.2222,-0.21351,-0.21062,-0.2003,1.4682,-0.18998,-0.18636,-0.1784,-0.16808,-0.15776,-0.14473,-0.12808,-0.11776,-0.10744,-0.089341,1.9548,1.43,-0.077756,-0.067439,-0.054587,-0.030151,-0.009336,0.007317,0.027952,0.039718,0.059085,0.076462,1.3701,0.10687,0.12208,0.13656,0.1543,0.17493,0.18651,0.20932,0.23683,0.25276,0.26905,1.3305,0.28245,0.30127,0.31286,0.33548,0.35992,0.37024,0.38635,0.39992,0.41024,0.4211,1.2901,0.44174,0.45929,0.46527,0.47088,0.4812,0.49966,0.51088,0.5212,0.53152,0.54183,1.266,0.55215,0.56247,0.57278,0.5831,0.59342,0.60374,0.61405,0.61912,0.62564,0.63596,1.2373,0.63722,0.64754,0.65786,0.66818,0.67849,0.68881,0.70673,0.7185,0.73099,0.75958,1.1781,0.7766,0.80158,0.83669,0.86023,0.90693,0.9377,0.9605,1.0018,1.0496,1.0805,1.1211,1.1332,1.1696,1.2005,1.2394,1.2986,1.3341,1.3927,1.4367,1.4677,1.5258,1.0872,1.5567,1.5877,1.6317,1.6768,1.7008,1.7459,1.7692,1.7931,1.8286,1.8493,1.0418,1.8699,1.8972,1.9122,1.9227,1.9419,1.9522,1.9626,1.9624,1.9394,1.001,0.97679,0.93227,0.90837,0.88774,0.85624,0.81027,0.77388,0.74185,0.72899,1.9251,0.71868,0.66962,0.64627,0.64247,0.61695,0.59469,0.56916,0.55595,0.55251,0.52156,1.9148,0.50147,0.49169,0.47106,0.45785,0.45622,0.43631,0.4135,0.39286,0.38816,0.37784,1.8956,0.37476,0.34924,0.34689,0.33657,0.32951,0.32046,0.29983,0.29331,0.26833,0.26453,1.884,0.22634,0.17565,0.17131,0.16099,0.15068,0.13221,0.12099,0.10904,0.088409,0.067774,1.8657,0.052569,0.035554,0.014919,-0.005715,-0.02635,-0.046985,-0.06762,-0.088255,-0.10889,-0.12952,1.0,1.0
-0.75762,-0.77767,-0.81726,-2.0908,-2.0298,-1.9638,-1.8777,-1.8117,-1.7457,-1.6797,-1.6137,-1.5477,-1.4817,-0.83781,-1.4157,-1.3497,-1.2837,-1.2377,-1.1717,-1.1099,-1.0659,-1.0138,-0.95789,-0.91389,-0.84462,-0.86988,-0.80989,-0.76183,-0.71783,-0.69387,-0.64987,-0.61158,-0.58191,-0.54753,-0.51395,-0.8779,-0.48348,-0.44599,-0.41942,-0.39742,-0.35537,-0.33337,-0.30616,-0.26932,-0.24732,-0.22532,-0.89254,-0.19029,-0.16127,-0.12233,-0.097217,-0.074413,-0.033166,-0.011164,0.010837,0.032839,0.054841,-0.93654,0.076843,0.098844,0.12085,0.14285,0.16485,0.18685,0.20885,0.23085,0.25286,0.26478,-0.95809,0.27681,0.29881,0.30488,0.32277,0.32493,0.34497,0.34868,0.37068,0.38507,0.39464,-0.95809,0.41664,0.42516,0.4406,0.4626,0.46526,0.48656,0.50856,0.53056,0.55256,0.57456,-0.98836,0.59656,0.60559,0.63546,0.66257,0.68457,0.70657,0.73128,0.77062,0.79263,0.8232,-0.99819,0.85668,0.87868,0.90068,0.92268,0.96303,0.98673,1.0087,1.0307,1.0527,1.0747,-0.77767,-0.99819,1.0967,1.1187,1.1407,1.1627,1.1847,1.2068,1.2288,1.2508,1.2728,1.2948,-1.0192,1.3168,1.3388,1.3608,1.3828,1.3874,1.4067,1.4287,1.4507,1.4676,1.4747,-1.0383,1.4967,1.5187,1.5407,1.5627,1.5847,1.6067,1.6072,1.5799,1.5231,1.5011,-1.0383,1.4877,1.4772,1.4552,1.4332,1.4275,1.4092,1.3872,1.3652,1.3432,1.3212,-1.0451,1.2992,1.2772,1.2552,1.2193,1.1912,1.1692,1.1472,1.1252,1.1032,1.0756,-1.0583,1.0391,1.0171,0.9951,0.9731,0.9511,0.9291,0.9071,0.86505,0.84615,0.84109,-1.0583,0.81909,0.79709,0.77508,0.75308,0.73108,0.70908,0.68708,0.64503,0.62563,0.62107,-1.071,0.59907,0.57707,0.55507,0.53307,0.51106,0.50535,0.48711,0.46511,0.4431,0.4211,-1.093,0.3991,0.38507,0.37514,0.36502,0.35119,0.32919,0.30718,0.28518,0.28644,0.30488,-1.0984,0.30488,0.30488,0.29546,0.28483,0.28483,0.28483,0.28483,0.28483,0.26478,0.26478,-0.77767,-1.0984,0.26478,0.26478,0.26478,0.26478,0.26478,0.26478,0.24805,0.24474,0.24474,0.24474,-1.0984,0.24474,0.24474,0.24474,0.24474,0.23241,0.22469,0.22469,0.22469,0.22469,0.22469,-1.0984,0.22068,0.20464,0.20464,0.19477,0.1846,0.1846,0.20033,0.20464,0.20464,0.2062,-1.1028,0.2282,0.24474,0.24474,0.25411,0.27611,0.28483,0.30007,0.32207,0.34407,0.34603,-1.1185,0.36803,0.39003,0.41203,0.42516,0.43599,0.45799,0.46526,0.48195,0.50395,0.5059,-1.1185,0.5254,0.52986,0.54544,0.54544,0.55577,0.56549,0.56549,0.56549,0.58363,0.58554,-1.1287,0.58754,0.60559,0.60559,0.60559,0.61541,0.62563,0.63937,0.64568,0.66332,0.66573,-1.1385,0.68728,0.70582,0.70582,0.71319,0.72587,0.73715,0.74592,0.74592,0.74592,0.74592,-1.1385,0.74692,0.76596,0.76596,0.76596,0.77478,0.78601,0.78601,0.78601,0.78601,0.78601,-1.1385,0.80606,0.80606,0.80606,0.81242,0.81779,0.80606,0.80606,0.80606,-0.77767,-1.1385,-1.1385,-1.1385,-1.1385,-1.1385,-1.1463,-1.1586,-1.1469,-1.1385,-1.1385,-0.77767,-1.1385,-1.1385,-1.1385,-1.1352,-1.1185,-1.1185,-1.1185,-1.1073,-1.0984,-1.0984,-0.78939,-1.0814,-1.0784,-1.0775,-1.0583,-1.0535,-1.0383,-1.0557,-1.1317,-1.1912,-1.2132,-0.79771,-1.2187,-1.3112,-1.3394,-1.3614,-1.4006,-1.5106,-1.5878,-1.6098,-1.6318,-1.7101,-0.79771,-1.772,-1.798,-1.84,-1.8621,-1.9031,-2.0063,-2.0283,-2.0503,-2.1188,-2.1745,-0.79771,-2.1965,-2.2185,-2.3183,-2.4229,-2.4283,-2.3509,-2.3069,-2.2537,-2.1988,-2.1417,4.0,4.0
0.95254,0.81818,0.84926,1.9751,1.9508,1.906,1.8612,1.8164,1.7118,1.6027,1.5355,1.447,1.2903,0.87258,1.1611,1.0716,0.9689,0.85693,0.69404,0.51489,0.39832,0.2887,0.19912,0.084598,0.91736,-0.094553,-0.23321,-0.32279,-0.45439,-0.61115,-0.71422,-0.80379,-0.87159,-0.94531,-1.0573,0.95735,-1.1478,-1.1926,-1.2374,-1.2821,-1.3568,-1.4464,-1.4795,-1.5019,-1.5243,-1.5509,0.97974,-1.5957,-1.6243,-1.6243,-1.6363,-1.6586,-1.6652,-1.6652,-1.6455,-1.6243,-1.6243,0.99344,-1.6141,-1.5693,-1.5335,-1.5111,-1.4758,-1.431,-1.403,-1.3806,-1.2963,-1.211,0.99344,-1.1662,-1.1154,-1.0482,-0.96116,-0.8492,-0.76483,-0.69765,-0.63047,-0.56329,-0.38823,1.006,-0.22135,-0.13177,-0.042198,0.047377,0.16947,0.32623,0.43881,0.52839,0.59935,0.66684,1.0284,0.8012,0.91961,0.9644,1.0171,1.0842,1.1279,1.1503,1.157,1.157,1.157,1.0343,1.156,1.1336,1.1161,1.1161,1.0986,1.0538,1.009,0.9642,0.90284,0.83566,0.70713,1.0343,0.80938,0.7831,0.71592,0.65457,0.60978,0.49699,0.29545,0.1619,0.072327,-0.017248,1.0343,-0.10682,-0.28188,-0.44958,-0.53916,-0.64898,-0.80574,-0.91996,-0.98714,-1.0543,-1.1215,1.0325,-1.2255,-1.3375,-1.3826,-1.4273,-1.4721,-1.5246,-1.5918,-1.6358,-1.6582,-1.6806,1.0101,-1.703,-1.7254,-1.747,-1.747,-1.7423,-1.7199,-1.6975,-1.6751,-1.6278,-1.5606,0.99344,-1.5261,-1.5037,-1.4813,-1.4537,-1.3642,-1.2858,-1.241,-1.1962,-1.1515,-1.0665,0.99344,-0.95452,-0.89439,-0.8496,-0.74132,-0.63732,-0.59253,-0.54775,-0.50296,-0.43731,-0.34774,0.98383,-0.28679,-0.242,-0.17902,-0.11183,-0.066739,-0.018373,0.048809,0.12346,0.21303,0.27991,0.96144,0.32469,0.36948,0.41427,0.47818,0.54475,0.58953,0.62982,0.65222,0.69976,0.78934,0.93904,0.8421,0.8645,0.90305,0.94784,1.0127,1.0783,1.1231,1.1679,1.2127,1.2482,0.91665,1.2706,1.2929,1.3153,1.3377,1.3601,1.3825,1.4025,1.4025,1.4025,1.4025,0.70713,0.89425,1.3922,1.3698,1.3616,1.3616,1.3256,1.2808,1.2579,1.2321,1.1873,1.1425,0.87186,1.0977,1.0641,1.0417,0.97422,0.88464,0.8329,0.78689,0.67492,0.57154,0.50436,0.84947,0.44535,0.40057,0.31958,0.20761,0.12755,0.060364,-0.026655,-0.1149,-0.18208,-0.25448,0.82707,-0.34406,-0.42453,-0.49171,-0.54591,-0.59069,-0.66923,-0.7588,-0.7861,-0.813,-0.88018,0.80468,-0.93509,-0.95748,-0.97988,-1.0023,-1.0247,-1.0471,-1.0517,-1.0517,-1.03,-1.0044,0.76899,-0.95963,-0.9219,-0.8995,-0.85523,-0.78805,-0.73569,-0.6909,-0.60869,-0.51952,-0.47474,0.70181,-0.42995,-0.38516,-0.32442,-0.23485,-0.18086,-0.15846,-0.12032,-0.075533,-0.030746,0.012917,0.64516,0.035311,0.062715,0.1075,0.14339,0.16579,0.18818,0.21058,0.2163,0.2163,0.2163,0.60037,0.21426,0.19186,0.1754,0.1754,0.1754,0.1754,0.1754,0.1754,0.1754,0.1754,0.55558,0.1754,0.1754,0.1754,0.1754,0.1754,0.1754,0.1754,0.1754,0.7149,0.5108,0.4111,0.29913,0.23154,0.16436,0.097175,0.029994,-0.037188,-0.13873,-0.27309,0.73729,-0.37678,-0.46635,-0.59438,-0.72659,-0.79377,-0.85635,-0.90114,-0.97139,-1.0834,-1.1458,0.75969,-1.1682,-1.1906,-1.213,-1.2153,-1.2153,-1.2153,-1.2097,-1.1874,-1.1461,-1.079,0.78208,-1.0251,-0.98029,-0.88396,-0.77199,-0.68109,-0.59407,-0.52689,-0.42105,-0.21951,-0.059275,0.80447,0.052694,0.16466,0.27663,0.4791,0.70304,0.83904,0.96992,1.0819,1.2233,1.4249,0.82687,1.5589,1.6261,1.6933,1.7605,1.8086,1.8539,1.9211,1.9751,1.9751,1.9751,2.0,0.0
1.0407,1.0726,1.1058,1.3662,1.4249,1.4728,1.5053,1.5468,1.587,1.603,1.6329,1.6566,1.67,1.104,1.67,1.67,1.67,1.6688,1.6529,1.523,1.3645,1.2369,1.1093,1.012,1.088,0.92787,0.83217,0.75101,0.66248,0.56982,0.49007,0.39708,0.29389,0.18398,0.088282,1.0721,-0.007418,-0.10312,-0.19925,-0.3109,-0.52888,-0.74144,-0.82119,-0.88585,-0.94965,-1.0135,1.0624,-1.0773,-1.1273,-1.1751,-1.2207,-1.2526,-1.2845,-1.3164,-1.3473,-1.3633,-1.3792,1.0619,-1.3952,-1.4111,-1.4114,-1.4114,-1.4073,-1.3914,-1.3754,-1.3509,-1.3162,-1.2683,1.0459,-1.2205,-1.1654,-1.1016,-1.0378,-0.96224,-0.87652,-0.78082,-0.68512,-0.58943,-0.48906,1.0192,-0.37741,-0.28063,-0.17581,-0.067528,0.028171,0.12387,0.21957,0.31527,0.41097,0.49441,0.99232,0.58067,0.67561,0.75535,0.82415,0.88794,0.95174,1.0155,1.0793,1.1392,1.1871,0.97637,1.2349,1.2744,1.3089,1.3568,1.379,1.402,1.4313,1.4313,1.4313,1.4313,1.0841,0.86928,1.4313,1.3994,1.3165,1.2182,1.1544,1.032,0.93113,0.85453,0.79073,0.71358,0.79539,0.62624,0.53238,0.45263,0.36084,0.25885,0.14774,0.052042,-0.054399,-0.16605,-0.2777,0.74754,-0.37416,-0.4793,-0.58726,-0.68295,-0.91754,-1.0751,-1.1365,-1.1843,-1.2322,-1.28,0.69969,-1.3257,-1.3417,-1.3576,-1.3736,-1.3895,-1.3897,-1.3897,-1.3855,-1.3696,-1.3536,0.63796,-1.329,-1.3,-1.2841,-1.2419,-1.2014,-1.1679,-1.12,-1.0603,-1.0026,-0.9541,0.56602,-0.87435,-0.80513,-0.73655,-0.65681,-0.56208,-0.47561,-0.39238,-0.29669,-0.20099,-0.10529,0.48627,-0.009588,0.086111,0.16944,0.25581,0.35064,0.43039,0.51014,0.59521,0.6909,0.77109,0.40652,0.85084,0.93059,1.0103,1.0901,1.1698,1.2469,1.3107,1.3745,1.4383,1.5007,0.32677,1.5485,1.5964,1.6383,1.6702,1.7021,1.7237,1.7351,1.7351,1.7351,1.7261,0.24702,1.7102,1.6942,1.6648,1.6329,1.5991,1.5512,1.4912,1.4274,1.3636,1.2998,1.0841,0.16727,1.2252,1.1454,1.0657,0.98592,0.89663,0.80093,0.70523,0.62352,0.53553,0.43983,0.087522,0.34413,0.24843,0.15968,0.078733,-0.016966,-0.10127,-0.29386,-0.69261,-0.77453,-0.84419,0.007773,-0.90799,-0.97179,-1.0356,-1.0906,-1.1384,-1.1863,-1.2209,-1.2528,-1.283,-1.2989,-0.07751,-1.3149,-1.3308,-1.3463,-1.3463,-1.3463,-1.3415,-1.3255,-1.3246,-1.306,-1.2777,-0.17321,-1.2617,-1.232,-1.2001,-1.1659,-1.118,-1.0702,-1.0224,-0.97352,-0.90972,-0.8571,-0.25318,-0.80383,-0.74003,-0.67623,-0.6223,-0.57033,-0.50653,-0.45705,-0.4092,-0.35853,-0.29473,-0.33293,-0.25697,-0.2178,-0.17147,-0.13957,-0.095956,-0.054074,-0.022391,-0.006441,0.019925,0.047159,-0.41267,0.063109,0.10879,0.13841,0.15436,0.17031,0.1727,0.1727,0.17063,0.15469,0.151,-0.49242,0.14449,0.1293,0.1293,0.11834,0.10759,0.10759,0.092188,0.085894,0.081988,0.066038,-0.57217,0.064194,0.064194,0.06159,0.04564,0.042493,0.042493,0.042493,0.042493,1.0841,-0.64324,-0.70704,-0.77084,-0.83464,-0.89844,-0.96061,-1.0085,-1.0563,-1.1042,-1.152,1.0841,-1.1999,-1.2372,-1.2691,-1.301,-1.3329,-1.3556,-1.3715,-1.3875,-1.3897,-1.3897,1.0841,-1.3897,-1.3897,-1.3774,-1.3614,-1.3455,-1.3295,-1.2914,-1.2489,-1.217,-1.1541,1.0841,-1.1,-1.0442,-0.96441,-0.89887,-0.82661,-0.74686,-0.66711,-0.57445,-0.47875,-0.38446,1.0841,-0.30471,-0.21336,-0.11766,-0.021957,0.073742,0.16944,0.26514,0.36084,0.45654,0.54323,1.0975,0.62624,0.72194,0.80418,0.88393,0.96368,1.0434,1.111,1.1748,1.2386,1.3024,2.0,2.0
-2.0591,-2.0189,-1.9013,-0.68629,-0.67623,-0.66618,-0.65613,-0.64608,-0.64305,-0.63678,-0.62673,-0.62143,-0.61743,-1.8837,-0.61062,-0.61062,-0.60889,-0.59981,-0.59981,-0.59981,-0.59981,-0.59105,-0.589,-0.589,-1.8719,-0.58251,-0.57819,-0.57819,-0.57397,-0.56738,-0.56468,-0.55657,-0.55538,-0.54576,-0.54576,-1.8518,-0.53603,-0.52598,-0.52414,-0.51668,-0.50663,-0.50252,-0.49733,-0.49171,-0.48804,-0.47798,-1.8319,-0.47009,-0.46869,-0.45928,-0.45928,-0.44934,-0.44847,-0.44004,-0.43766,-0.43074,-0.42685,-1.8219,-0.42145,-0.41604,-0.41215,-0.40523,-0.40286,-0.39442,-0.39356,-0.38361,-0.38361,-0.37421,-1.8023,-0.3728,-0.36491,-0.36199,-0.35562,-0.34556,-0.34038,-0.34038,-0.33702,-0.32957,-0.32773,-1.7822,-0.31876,-0.31843,-0.30838,-0.30795,-0.29908,-0.29714,-0.28979,-0.27973,-0.26968,-0.25963,-1.7621,-0.24957,-0.23952,-0.22947,-0.21941,-0.20936,-0.19931,-0.18925,-0.1792,-0.16007,-0.14829,-1.742,-0.13823,-0.12818,-0.11207,-0.097263,-0.08721,-0.077157,-0.067104,-0.054781,-0.036188,-0.026135,-2.0066,-1.7284,-0.016082,-0.006029,0.013321,0.024887,0.034941,0.05202,0.065857,0.081423,0.096773,0.10683,-1.7126,0.12012,0.14023,0.1586,0.16963,0.18952,0.19957,0.21914,0.23049,0.24854,0.26865,-1.6925,0.28227,0.29805,0.31816,0.33405,0.34756,0.36767,0.38583,0.39707,0.41674,0.4268,-1.6724,0.44658,0.45771,0.47598,0.48863,0.49868,0.50873,0.51879,0.52884,0.53889,0.54895,-1.6523,0.559,0.56905,0.5791,0.58916,0.59921,0.60008,0.60851,0.61089,0.6178,0.6217,-1.6321,0.6271,0.63251,0.6364,0.64332,0.64569,0.65412,0.65499,0.66493,0.66493,0.66493,-1.612,0.67358,0.67574,0.68288,0.68655,0.69218,0.69736,0.70147,0.70817,0.71077,0.72082,-1.5907,0.72979,0.73012,0.74017,0.7406,0.74947,0.75952,0.76222,0.76882,0.77303,0.77811,-1.561,0.78817,0.79465,0.79746,0.80546,0.80546,0.806,0.81606,0.81627,0.82535,0.82708,-1.5409,0.83465,0.83789,0.84394,0.8487,0.8487,0.85248,0.85951,0.85951,0.86102,0.87032,-1.9965,-1.5208,0.87032,0.87032,0.87032,0.87032,0.8781,0.88113,0.88113,0.88113,0.88113,0.88113,-1.5007,0.88437,0.89194,0.89194,0.89194,0.89216,0.90221,0.90275,0.90275,0.91075,0.91356,-1.4806,0.92005,0.92437,0.92934,0.9394,0.94945,0.9595,0.96761,0.9688,0.97885,0.9889,-1.4605,0.99896,1.009,1.0191,1.0291,1.0392,1.0492,1.0593,1.0693,1.0757,1.0786,-1.4404,1.0887,1.0973,1.0973,1.0973,1.1073,1.1081,1.1081,1.1081,1.1081,1.1081,-1.4203,1.1081,1.1081,1.1081,1.1081,1.1081,1.1081,1.109,1.1189,1.1189,1.1189,-1.4002,1.1276,1.1298,1.1369,1.1406,1.1462,1.1562,1.1663,1.1763,1.1864,1.1983,-1.3801,1.2184,1.2385,1.2586,1.2883,1.3096,1.3378,1.3754,1.409,1.445,1.4852,-1.36,1.5254,1.562,1.595,1.6352,1.6754,1.7156,1.7559,1.7961,1.8272,1.8657,-1.3428,1.9059,1.9461,1.9803,2.0104,2.0451,2.0816,2.1087,2.1311,-1.9865,-1.3306,-1.3119,-1.3018,-1.2917,-1.2817,-1.2716,-1.2616,-1.2515,-1.2415,-1.2314,-1.9694,-1.2214,-1.216,-1.216,-1.2128,-1.2052,-1.2035,-1.1943,-1.1942,-1.1842,-1.1835,-1.9556,-1.1749,-1.1648,-1.1619,-1.1555,-1.1455,-1.1354,-1.1254,-1.1153,-1.1027,-1.0844,-1.9455,-1.0744,-1.0643,-1.0543,-1.0442,-1.0253,-1.0133,-1.0032,-0.98658,-0.97231,-0.96226,-1.9307,-0.95221,-0.93859,-0.92129,-0.91124,-0.89989,-0.88032,-0.87027,-0.85038,-0.83935,-0.8293,-1.9146,-0.81168,-0.79839,-0.78228,-0.76747,-0.75742,-0.74358,-0.7265,-0.71645,-0.70639,-0.69634,3.0,5.0
0.4838,0.4838,0.52654,-1.0834,-1.0636,-1.0438,-1.024,-1.0042,-0.98433,-0.96452,-0.9447,-0.90882,-0.86919,0.52486,-0.82955,-0.78992,-0.75029,-0.69913,-0.64512,-0.60548,-0.54668,-0.48723,-0.43477,-0.39423,0.5097,-0.33478,-0.27533,-0.21588,-0.15643,-0.096978,-0.037528,0.021923,0.081373,0.14082,0.20027,0.5097,0.25973,0.31918,0.37863,0.41878,0.47162,0.53107,0.59052,0.64997,0.69466,0.74297,0.49131,0.80242,0.86187,0.905,0.95487,1.0102,1.0498,1.0894,1.1291,1.1687,1.2083,0.47149,1.248,1.2876,1.32,1.341,1.3806,1.4053,1.434,1.4709,1.4907,1.527,0.45168,1.5562,1.5761,1.5959,1.6157,1.6355,1.6553,1.6751,1.695,1.7013,1.7087,0.43173,1.7272,1.7272,1.7272,1.7272,1.7272,1.7272,1.7106,1.6488,1.563,1.5233,0.3921,1.4837,1.3959,1.2949,1.2354,1.176,1.0621,0.94593,0.86666,0.7874,0.70813,0.35246,0.62886,0.54662,0.44753,0.34845,0.25998,0.17618,0.077099,-0.021985,-0.10889,-0.19425,0.4838,0.3206,-0.29333,-0.65004,-0.77334,-0.82373,-0.92126,-1.0005,-1.0645,-1.124,-1.1834,-1.2429,0.29742,-1.2855,-1.3251,-1.3741,-1.4533,-1.459,-1.459,-1.4528,-1.433,-1.4132,-1.3795,0.23797,-1.3399,-1.2986,-1.2391,-1.1951,-1.1461,-1.0867,-1.0272,-0.96775,-0.9083,-0.84406,0.17851,-0.76479,-0.68553,-0.59382,-0.48839,-0.36949,-0.25059,-0.13169,-0.012789,0.10611,0.22501,0.11906,0.34391,0.46282,0.57835,0.67743,0.75942,0.83869,0.91796,0.99722,1.0765,1.1558,0.059614,1.2285,1.288,1.3475,1.4069,1.4664,1.5239,1.5635,1.6031,1.6332,1.6565,0.000163,1.6961,1.7185,1.7383,1.7531,1.7531,1.7531,1.7531,1.7531,1.7526,1.7328,-0.076255,1.7272,1.719,1.6889,1.57,1.4669,1.3969,1.3428,1.2239,1.1744,1.0897,-0.17728,0.98634,0.92689,0.86744,0.80799,0.74181,0.66319,0.60374,0.52991,0.45893,0.39728,-0.29618,0.31801,0.23874,0.15948,0.083964,0.024513,-0.069908,-0.15759,-0.23686,-0.31613,-0.3954,0.49144,-0.41508,-0.47466,-0.54707,-0.60729,-0.68656,-0.88188,-1.0439,-1.101,-1.1407,-1.1964,-1.2458,-0.53399,-1.2855,-1.3251,-1.3471,-1.3785,-1.4127,-1.4325,-1.4523,-1.4721,-1.4849,-1.4858,-0.65289,-1.5057,-1.5108,-1.5023,-1.4849,-1.4849,-1.4687,-1.4489,-1.4291,-1.4093,-1.3895,-0.77179,-1.3697,-1.3443,-1.3046,-1.265,-1.2254,-1.1857,-1.1461,-1.1065,-1.0521,-1.0013,-0.89069,-0.95908,-0.89963,-0.84018,-0.78072,-0.72542,-0.68579,-0.62828,-0.56883,-0.51508,-0.47544,-1.0096,-0.43581,-0.39617,-0.35654,-0.31691,-0.27727,-0.25253,-0.23272,-0.21018,-0.17055,-0.14736,-1.1145,-0.12755,-0.112,-0.112,-0.093999,-0.074183,-0.054366,-0.034549,-0.03429,-0.03429,-0.041673,-1.2215,-0.060194,-0.060194,-0.060194,-0.069131,-0.086099,-0.086099,-0.086099,-0.09659,-0.112,-0.112,-1.3331,-0.112,-0.12405,-0.13791,-0.13791,-0.13791,-0.13791,-0.13791,-0.13791,-0.13791,-0.13791,-1.3728,-0.13791,-0.13791,-0.13791,-0.17132,-0.16847,-0.14697,-0.18661,-0.20798,0.5097,-1.4279,-1.4779,-1.5142,-1.534,-1.5538,-1.5516,-1.5269,-1.4873,-1.4476,-1.3829,0.5097,-1.3036,-1.2239,-1.1249,-1.0258,-0.91064,-0.7758,-0.67672,-0.54629,-0.41716,-0.29476,0.5097,-0.15604,-0.017322,0.1214,0.26516,0.4237,0.56345,0.71487,0.86679,1.006,1.1646,0.5097,1.3089,1.4476,1.5842,1.7031,1.822,1.7078,1.3003,0.66616,0.44857,0.3013,0.5097,0.16258,0.023866,-0.11485,-0.25357,-0.38555,-0.50445,-0.62336,-0.72788,-0.86012,-1.0253,0.5097,-1.0847,-1.1282,-1.1679,-1.1887,-1.1293,-1.1398,-0.55549,-0.06667,-1.0575,-1.0964,2.0,2.0
-2.2783,-2.1238,-1.7399,-0.74205,-0.72479,-0.71513,-0.69931,-0.6806,-0.67094,-0.66128,-0.65163,-0.64197,-0.63231,-1.7012,-0.62265,-0.61299,-0.60516,-0.60516,-0.59923,-0.58995,-0.58995,-0.58546,-0.5758,-0.56614,-1.672,-0.55953,-0.55953,-0.55953,-0.55953,-0.55953,-0.55953,-0.55953,-0.55953,-0.55527,-0.54561,-1.643,-0.54432,-0.54432,-0.54432,-0.53739,-0.52911,-0.52911,-0.52363,-0.51397,-0.50431,-0.49868,-1.6141,-0.49868,-0.49055,-0.48089,-0.47123,-0.46157,-0.45191,-0.44225,-0.43259,-0.42294,-0.40392,-1.5851,-0.38841,-0.37875,-0.36909,-0.35943,-0.34977,-0.34011,-0.33046,-0.3208,-0.31114,-0.30148,-1.5561,-0.29182,-0.28574,-0.28574,-0.27806,-0.27053,-0.27053,-0.26429,-0.25532,-0.25532,-0.25532,-1.5271,-0.25532,-0.24642,-0.24011,-0.24011,-0.23265,-0.22299,-0.21334,-0.20368,-0.19402,-0.18436,-1.5047,-0.1747,-0.16504,-0.15538,-0.14261,-0.12329,-0.10397,-0.086328,-0.076669,-0.061231,-0.041913,-1.4864,-0.022596,-0.003279,0.016038,0.026914,0.039463,0.05878,0.0711,0.082204,0.10152,0.11529,-2.0226,-1.4767,0.12495,0.1346,0.14426,0.15392,0.17179,0.18845,0.19811,0.20777,0.21743,0.22708,-1.462,0.23142,0.23142,0.24085,0.25051,0.26017,0.26983,0.27705,0.27705,0.27705,0.27705,-1.4426,0.27705,0.28215,0.2918,0.29226,0.29226,0.29226,0.30002,0.30968,0.31934,0.32268,-1.4325,0.32344,0.3331,0.33789,0.33789,0.34687,0.35653,0.36618,0.36831,0.37029,0.37995,-1.4229,0.38352,0.38406,0.39371,0.40337,0.41303,0.41394,0.41714,0.4268,0.43646,0.44437,-1.4132,0.44437,0.45022,0.45988,0.46954,0.47479,0.47479,0.4833,0.49296,0.50262,0.50521,-1.4036,0.50673,0.51639,0.52605,0.5357,0.54536,0.55084,0.55084,0.55913,0.56879,0.57845,-1.3939,0.58126,0.58255,0.59221,0.59647,0.59647,0.60598,0.61564,0.62529,0.63495,0.64461,-1.3842,0.65427,0.66393,0.67359,0.68325,0.6929,0.70256,0.71222,0.72561,0.74492,0.75641,-1.3809,0.76835,0.78767,0.80059,0.81025,0.81991,0.83451,0.85383,0.87315,0.88897,0.89863,-1.9936,-1.3817,0.91589,0.93315,0.94281,0.95863,0.97734,0.987,0.99666,1.0063,1.016,1.0256,-1.3913,1.0353,1.045,1.0528,1.0528,1.0587,1.0684,1.078,1.0877,1.0974,1.107,-1.3961,1.1136,1.1136,1.1136,1.1136,1.1136,1.1193,1.1288,1.1288,1.1288,1.1288,-1.3961,1.1288,1.1288,1.1288,1.1358,1.144,1.144,1.144,1.144,1.144,1.1481,-1.3961,1.1577,1.1593,1.1593,1.1593,1.1593,1.1593,1.1593,1.1645,1.1742,1.1745,-1.3961,1.1745,1.1745,1.1745,1.1745,1.1745,1.1809,1.1906,1.2003,1.2099,1.2196,-1.3961,1.2292,1.2389,1.2485,1.2582,1.27,1.2893,1.3086,1.3279,1.3473,1.3666,-1.3961,1.3859,1.4052,1.4245,1.4438,1.4632,1.4844,1.5134,1.5363,1.5556,1.575,-1.3941,1.5943,1.6136,1.6329,1.6491,1.6588,1.6684,1.6781,1.6877,1.6974,1.7071,-1.3845,1.7167,1.7264,1.736,1.7373,1.7373,1.7373,1.7443,1.7525,-1.9565,-1.3809,-1.3809,-1.3809,-1.3763,-1.3666,-1.3657,-1.3625,-1.3528,-1.3505,-1.3487,-1.9178,-1.3391,-1.3353,-1.335,-1.3253,-1.32,-1.32,-1.3115,-1.3048,-1.3048,-1.2978,-1.8792,-1.2896,-1.2896,-1.284,-1.2744,-1.2744,-1.2702,-1.2606,-1.2509,-1.2413,-1.2316,-1.8406,-1.2219,-1.2123,-1.2026,-1.193,-1.1833,-1.1736,-1.164,-1.1543,-1.1447,-1.135,-1.8031,-1.1254,-1.1091,-1.0908,-1.0812,-1.0663,-1.047,-1.0277,-1.0084,-0.98907,-0.96192,-1.7742,-0.93522,-0.91591,-0.89659,-0.87727,-0.85796,-0.83864,-0.81932,-0.8,-0.78069,-0.76137,3.0,5.0
0.3991,0.38096,0.37213,1.9161,1.9343,1.9524,1.9561,1.938,1.9198,1.894,1.8577,1.8045,1.7419,0.38285,1.6694,1.5793,1.4887,1.398,1.2894,1.1714,1.0445,0.91752,0.78099,0.63663,0.3991,0.50967,0.37267,0.22879,0.10183,-0.025125,-0.15208,-0.27904,-0.39501,-0.50383,-0.61265,0.3991,-0.72147,-0.83818,-1.0014,-1.093,-1.1474,-1.2019,-1.2439,-1.2766,-1.2947,-1.3128,0.3991,-1.3269,-1.3269,-1.3136,-1.2954,-1.2773,-1.2453,-1.2041,-1.1497,-1.0953,-1.0354,0.3991,-0.96285,-0.8903,-0.81182,-0.72113,-0.64569,-0.56033,-0.45151,-0.3584,-0.26084,-0.15202,0.3991,-0.059376,0.038657,0.14748,0.2563,0.36512,0.47394,0.58276,0.69158,0.8004,0.89163,0.3991,0.98231,1.073,1.1637,1.2451,1.3177,1.3902,1.4531,1.5075,1.5619,1.6061,0.3991,1.6424,1.6787,1.7043,1.7224,1.7406,1.7476,1.7453,1.7271,1.709,1.677,0.3991,1.5682,1.4956,1.438,1.3654,1.2929,1.2166,1.1259,1.0352,0.94455,0.85387,0.37213,0.3991,0.7497,0.64088,0.53206,0.42324,0.31442,0.2056,0.096776,-0.012045,-0.12087,-0.39359,0.3958,-0.6291,-0.71979,-0.81047,-0.89461,-0.96716,-1.0239,-1.0783,-1.1327,-1.1871,-1.234,0.37766,-1.2703,-1.2898,-1.3079,-1.3261,-1.3442,-1.3455,-1.3273,-1.3092,-1.2911,-1.2729,0.37213,-1.2366,-1.2003,-1.1635,-1.1091,-1.0448,-0.97228,-0.89974,-0.82719,-0.75464,-0.6821,0.36836,-0.59876,-0.50808,-0.41739,-0.31545,-0.20906,-0.11837,-0.015956,0.089966,0.18065,0.28354,0.35022,0.38899,0.47967,0.57036,0.66104,0.75172,0.84241,0.93309,1.0238,1.1145,1.2004,0.34516,1.2729,1.3455,1.4127,1.4671,1.5216,1.576,1.6304,1.6698,1.6998,1.718,0.34091,1.7361,1.7542,1.7724,1.7586,1.7476,1.7476,1.7147,1.6479,1.5391,1.4641,0.32278,1.3673,1.2403,1.1656,1.0845,0.99377,0.92096,0.83937,0.74889,0.67634,0.59429,0.20978,0.50361,0.41292,0.32224,0.2327,0.16015,0.077156,-0.01191,-0.084458,-0.16793,-0.25652,0.37213,0.093,-0.32907,-0.40162,-0.4921,-0.6916,-0.79618,-0.85059,-0.905,-0.94707,-0.98334,-1.0196,0.056726,-1.0431,-1.0652,-1.1015,-1.1112,-1.1156,-1.1338,-1.1381,-1.1381,-1.1381,-1.1381,0.006429,-1.1381,-1.1381,-1.1234,-1.1053,-1.0872,-1.0842,-1.0779,-1.0597,-1.0416,-1.0235,-0.047982,-1.0053,-0.98719,-0.96177,-0.92549,-0.90581,-0.87992,-0.84364,-0.82443,-0.79806,-0.76179,-0.10239,-0.72552,-0.68924,-0.65297,-0.6167,-0.58042,-0.54415,-0.50787,-0.4716,-0.43533,-0.39905,-0.1568,-0.36278,-0.32779,-0.30965,-0.28093,-0.24641,-0.22827,-0.22119,-0.21897,-0.20083,-0.18269,-0.21688,-0.16725,-0.16725,-0.16725,-0.16725,-0.16725,-0.16725,-0.16725,-0.16725,-0.16725,-0.16725,-0.28942,-0.16725,-0.16725,-0.16725,-0.16725,-0.16725,-0.1622,-0.14406,-0.14028,-0.14028,-0.14028,-0.36197,-0.12545,-0.11331,-0.11331,-0.11331,-0.10684,-0.088705,-0.086345,-0.086345,-0.086345,-0.086345,-0.43452,-0.086345,-0.086345,-0.086345,-0.086345,-0.086345,-0.10354,-0.12168,-0.13981,0.37213,-0.50707,-0.59505,-0.68574,-0.77642,-0.85119,-0.93082,-1.0215,-1.1122,-1.1953,-1.2679,0.37213,-1.3404,-1.4049,-1.4593,-1.5138,-1.5597,-1.5959,-1.6322,-1.6506,-1.6506,-1.6506,0.37213,-1.6506,-1.6493,-1.6131,-1.5768,-1.5394,-1.485,-1.4306,-1.3747,-1.3021,-1.2187,0.37213,-1.128,-1.0373,-0.93534,-0.82901,-0.73833,-0.63584,-0.52406,-0.3971,-0.28241,-0.17015,0.37213,-0.043195,0.07102,0.18375,0.31071,0.43767,0.56462,0.69158,0.81854,0.94064,1.0495,0.37213,1.1583,1.2671,1.3759,1.4701,1.5608,1.6515,1.7271,1.7933,1.8478,1.8866,2.0,2.0
0.79718,0.75746,0.73759,1.6264,1.6823,1.7233,1.7574,1.7855,1.8183,1.83,1.83,1.83,1.8192,0.73759,1.8101,1.7377,1.5893,1.492,1.3605,1.1964,1.0782,0.99162,0.89301,0.80771,0.74534,0.7078,0.60527,0.5219,0.42006,0.23808,0.13678,0.052867,-0.047137,-0.13234,-0.23488,0.75746,-0.40445,-0.73276,-0.80903,-0.87055,-0.93207,-0.98589,-1.0353,-1.0878,-1.1288,-1.1698,0.74842,-1.1999,-1.232,-1.2608,-1.2684,-1.2819,-1.2883,-1.2735,-1.2684,-1.2523,-1.2486,0.72791,-1.2138,-1.1908,-1.1703,-1.1305,-1.0895,-1.0485,-1.0061,-0.94657,-0.90287,-0.84135,0.71773,-0.77983,-0.71369,-0.63693,-0.5695,-0.48747,-0.40544,-0.32341,-0.23289,-0.13949,-0.047683,0.70676,0.044425,0.13753,0.24006,0.33023,0.42527,0.51415,0.59618,0.69315,0.76451,0.84227,0.68625,0.92429,1.0063,1.0702,1.1505,1.2131,1.2945,1.356,1.4175,1.4768,1.5207,0.66575,1.5753,1.5999,1.6409,1.6765,1.691,1.6977,1.7182,1.7227,1.7108,1.6551,0.75617,0.65815,1.5321,1.409,1.3084,1.2383,1.1142,1.0027,0.90691,0.81883,0.72171,0.61917,0.64459,0.51663,0.4141,0.31156,0.19071,0.086631,-0.015904,-0.11844,-0.21993,-0.30365,-0.40618,0.62409,-0.50574,-0.63489,-0.928,-1.01,-1.0865,-1.148,-1.2095,-1.2636,-1.3127,-1.3567,0.60358,-1.3866,-1.4175,-1.438,-1.4472,-1.4592,-1.4544,-1.4472,-1.4332,-1.4273,-1.3968,0.58307,-1.3717,-1.3512,-1.3135,-1.2725,-1.2315,-1.1905,-1.1297,-1.0682,-1.0066,-0.94513,0.48188,-0.88112,-0.7991,-0.71707,-0.63946,-0.57287,-0.49084,-0.40882,-0.32679,-0.24476,-0.16273,0.35883,-0.071765,0.021187,0.10322,0.19612,0.28713,0.38133,0.47105,0.56654,0.65497,0.737,0.30551,0.81903,0.90106,0.98308,1.0651,1.1471,1.2105,1.2913,1.3535,1.415,1.4752,0.26449,1.5182,1.5744,1.5982,1.6353,1.6558,1.6711,1.6301,1.519,1.4709,1.4094,0.22348,1.3394,1.2301,1.1158,0.98184,0.85239,0.77037,0.67602,0.57349,0.47095,0.36842,0.73759,0.12437,0.26588,0.1478,0.024762,-0.09828,-0.20384,-0.3245,-0.71031,-0.80982,-0.91171,-0.99374,0.062003,-1.0758,-1.1578,-1.237,-1.302,-1.3799,-1.4415,-1.4976,-1.5386,-1.573,-1.5935,0.020194,-1.6061,-1.6061,-1.6061,-1.6061,-1.5955,-1.575,-1.5545,-1.534,-1.5135,-1.4793,-0.041327,-1.4382,-1.3972,-1.3562,-1.2989,-1.2373,-1.1758,-1.1143,-1.0528,-0.97169,-0.89001,-0.1091,-0.8275,-0.74711,-0.6833,-0.60127,-0.52282,-0.45708,-0.37992,-0.31288,-0.23701,-0.16869,-0.22395,-0.094109,-0.032588,0.037672,0.11032,0.16181,0.2135,0.27502,0.32457,0.36559,0.4066,-0.28548,0.44762,0.48863,0.52964,0.55482,0.57533,0.59583,0.61634,0.6,0.5795,0.55899,-0.347,0.53898,0.53784,0.51912,0.51912,0.51604,0.49926,0.49489,0.47939,0.47373,0.45323,-0.40852,0.43967,0.43207,0.41981,0.41092,0.39041,0.38009,0.36926,0.36022,0.36022,0.36022,-0.47004,0.36022,0.36022,0.36022,0.36022,0.36022,0.37686,0.38009,0.38009,0.73759,-0.53156,-0.59308,-0.66185,-0.73599,-0.79751,-0.85903,-0.92055,-0.98207,-1.0436,-1.1051,0.73759,-1.1666,-1.2151,-1.2561,-1.2828,-1.3183,-1.3437,-1.3642,-1.3677,-1.3677,-1.3677,0.73759,-1.3677,-1.3677,-1.3476,-1.3271,-1.3066,-1.2838,-1.2428,-1.2018,-1.1566,-1.0951,0.73759,-1.0336,-0.96593,-0.88391,-0.80188,-0.71985,-0.62913,-0.53593,-0.44392,-0.34139,-0.23885,0.73759,-0.14823,-0.053641,0.048894,0.15143,0.25397,0.34136,0.43917,0.54171,0.64425,0.72905,0.73759,0.82945,0.93199,1.0149,1.1168,1.1999,1.2989,1.3628,1.4418,1.5034,1.5649,2.0,0.0
-2.3495,-1.9885,-1.6978,-1.1167,-1.1061,-1.105,-1.0921,-1.0792,-1.0664,-1.0535,-1.0406,-1.0277,-1.0148,-1.6849,-1.0019,-0.98899,-0.95066,-0.83444,-0.80865,-0.78287,-0.75708,-0.73129,-0.69597,-0.66559,-1.672,-0.6398,-0.60818,-0.57409,-0.54831,-0.5204,-0.4826,-0.45681,-0.43103,-0.39394,-0.36532,-1.6591,-0.33953,-0.31375,-0.29432,-0.2763,-0.2544,-0.24151,-0.22861,-0.21572,-0.20283,-0.18993,-1.6462,-0.17704,-0.16414,-0.15125,-0.13836,-0.12546,-0.11699,-0.11381,-0.10091,-0.088019,-0.075125,-1.643,-0.074595,-0.074595,-0.064704,-0.060465,-0.060465,-0.060465,-0.055519,-0.050044,-0.060465,-0.060465,-1.6346,-0.060465,-0.060465,-0.072122,-0.074595,-0.074595,-0.082543,-0.095437,-0.10286,-0.10709,-0.11699,-1.6289,-0.11875,-0.13165,-0.14454,-0.15743,-0.15938,-0.16909,-0.18198,-0.20212,-0.2219,-0.2348,-1.6289,-0.24769,-0.26058,-0.27454,-0.30032,-0.31339,-0.32629,-0.34943,-0.36621,-0.41019,-0.44198,-1.6289,-0.44728,-0.45611,-0.45611,-0.45611,-0.45575,-0.44286,-0.44198,-0.4312,-0.42785,-0.41955,-1.9189,-1.6289,-0.41372,-0.40789,-0.395,-0.3821,-0.36921,-0.35543,-0.32964,-0.3164,-0.2922,-0.27648,-1.6266,-0.25475,-0.22897,-0.20954,-0.15054,-0.052693,-0.026906,-0.001118,0.024846,0.063527,0.090374,-1.6148,0.12676,0.15608,0.18999,0.22178,0.24757,0.27777,0.31328,0.33906,0.36485,0.39064,-1.6148,0.41643,0.44221,0.468,0.49379,0.51958,0.54536,0.56621,0.58281,0.6086,0.63315,-1.6021,0.64604,0.67183,0.68596,0.69885,0.71175,0.72464,0.73753,0.74495,0.74919,0.76208,-1.5892,0.77321,0.77374,0.78664,0.78734,0.78734,0.78734,0.78734,0.78734,0.78734,0.78734,-1.5763,0.78734,0.78734,0.78628,0.77339,0.77321,0.76173,0.75908,0.75007,0.74495,0.73842,-1.5634,0.73082,0.72676,0.71387,0.70097,0.68843,0.68843,0.67642,0.66353,0.65063,0.63774,-1.5427,0.62485,0.61195,0.59447,0.57203,0.55914,0.54625,0.53335,0.50792,0.49344,0.47047,-1.5169,0.44469,0.42649,0.4136,0.39558,0.37368,0.36344,0.36203,0.34931,0.34931,0.34931,-1.8907,-1.4911,0.34931,0.34931,0.34931,0.34931,0.34931,0.35372,0.36662,0.37951,0.39241,0.4053,-1.4654,0.43056,0.44522,0.468,0.49379,0.51216,0.53123,0.56691,0.64074,0.7499,0.77692,-1.4396,0.8156,0.84139,0.86718,0.89296,0.91875,0.95249,0.98446,1.0102,1.036,1.0648,-1.4122,1.1017,1.1275,1.1533,1.1791,1.2049,1.2307,1.2565,1.2822,1.302,1.3149,-1.3739,1.3278,1.3407,1.3525,1.3525,1.3653,1.3667,1.3667,1.3667,1.3667,1.3667,-1.3481,1.3667,1.3626,1.3525,1.3525,1.3522,1.3393,1.3384,1.3384,1.3384,1.3384,-1.3103,1.3384,1.3442,1.3525,1.3559,1.3688,1.3817,1.3946,1.42,1.4345,1.4575,-1.2824,1.4833,1.509,1.5412,1.5747,1.6005,1.629,1.6662,1.692,1.7178,1.7436,-1.2566,1.7588,1.7717,1.7927,1.8116,1.8188,1.8188,1.822,1.833,1.8337,1.8466,-1.2225,1.8471,1.8582,1.8711,1.8927,1.911,1.9301,1.9559,1.978,-1.8557,-1.1909,-1.1593,-1.1252,-1.0994,-1.0736,-1.0478,-1.022,-0.99623,-0.97044,-0.94466,-1.825,-0.9277,-0.90721,-0.88778,-0.87489,-0.862,-0.8491,-0.83762,-0.83744,-0.82455,-0.82349,-1.7992,-0.83409,-0.83762,-0.83762,-0.84451,-0.8574,-0.8703,-0.88319,-0.89608,-0.90898,-0.92187,-1.7734,-0.93477,-0.94766,-0.96055,-0.96479,-0.97221,-0.9851,-0.998,-1.0109,-1.0238,-1.0367,-1.7476,-1.0496,-1.0625,-1.0754,-1.0883,-1.092,-1.0999,-1.1128,-1.1202,-1.1245,-1.1374,-1.7218,-1.1485,-1.1485,-1.1485,-1.1485,-1.1485,-1.1388,-1.1344,-1.1344,-1.1283,-1.1202,5.0,5.0
2.098,1.9788,1.6576,-0.79623,-0.81644,-0.84263,-0.86173,-0.88904,-0.90738,-0.92572,-0.9523,-0.97212,-0.99046,1.6265,-1.0088,-1.0331,-1.0552,-1.0735,-1.0919,-1.1064,-1.1188,-1.1372,-1.1534,-1.1641,1.5838,-1.1815,-1.1911,-1.2094,-1.2187,-1.2363,-1.2468,-1.256,-1.2651,-1.2743,-1.2835,1.5337,-1.2926,-1.3018,-1.311,-1.3201,-1.3293,-1.3385,-1.3494,-1.3665,-1.3757,-1.3849,1.4989,-1.394,-1.4032,-1.4043,-1.4118,-1.414,-1.4204,-1.4296,-1.4388,-1.4479,-1.4529,1.4714,-1.4566,-1.4626,-1.4626,-1.4626,-1.4612,-1.4529,-1.4529,-1.4529,-1.444,-1.4348,1.4408,-1.4335,-1.4262,-1.4171,-1.4079,-1.3987,-1.3896,-1.3804,-1.3712,-1.362,-1.3529,1.3775,-1.3415,-1.3248,-1.3156,-1.306,-1.2876,-1.2693,-1.2595,-1.2423,-1.224,-1.2057,1.3499,-1.1873,-1.169,-1.1558,-1.142,-1.1237,-1.1054,-1.087,-1.0687,-1.0485,-1.0223,1.2871,-1.0039,-0.9856,-0.96726,-0.94892,-0.93058,-0.91224,-0.8939,-0.86902,-0.8475,-0.82916,1.9543,1.2477,-0.81082,-0.79248,-0.77789,-0.76235,-0.74009,-0.72886,-0.71052,-0.69218,-0.67384,-0.6555,1.2111,-0.64616,-0.62856,-0.61022,-0.59188,-0.5803,-0.56493,-0.54659,-0.53334,-0.51964,-0.50131,1.1601,-0.48637,-0.47436,-0.45831,-0.44914,-0.4388,-0.42107,-0.4119,-0.40273,-0.39356,-0.38439,1.1183,-0.37522,-0.36605,-0.35689,-0.35358,-0.34828,-0.33911,-0.33412,-0.3305,-0.32133,-0.31466,1.0876,-0.31272,-0.30493,-0.30411,-0.29521,-0.29521,-0.28633,-0.28548,-0.27772,-0.26855,-0.25938,1.0437,-0.25021,-0.24104,-0.23187,-0.2227,-0.21738,-0.21409,-0.20492,-0.19792,-0.19632,-0.18715,1.0034,-0.17798,-0.16881,-0.16873,-0.1602,-0.15103,-0.14186,-0.13269,-0.12352,-0.10861,-0.095454,0.98026,-0.086285,-0.077116,-0.067946,-0.058777,-0.049608,-0.040439,-0.030005,-0.012372,-0.003203,0.005967,0.94675,0.015136,0.024305,0.033474,0.049721,0.061541,0.07071,0.07988,0.089049,0.098218,0.10739,0.90143,0.11656,0.12573,0.13489,0.14555,0.16296,0.17213,0.1813,0.19047,0.19964,0.20881,1.9118,0.87125,0.21798,0.22715,0.23632,0.24548,0.25465,0.26382,0.26905,0.27243,0.27878,0.27878,0.83669,0.28048,0.28965,0.29882,0.30799,0.31716,0.32633,0.3355,0.35218,0.36357,0.37913,0.80763,0.39747,0.41581,0.42943,0.44276,0.46109,0.48247,0.5075,0.52584,0.54554,0.57224,0.77195,0.59082,0.61833,0.64584,0.67335,0.69312,0.71863,0.74614,0.77365,0.80116,0.82373,0.744,0.84644,0.87395,0.90146,0.92897,0.95433,0.97425,1.0018,1.0293,1.0568,1.0843,0.70732,1.1033,1.1296,1.1571,1.1778,1.2024,1.2413,1.2717,1.29,1.3124,1.3364,0.6797,1.3548,1.3755,1.4012,1.4195,1.4378,1.4565,1.5024,1.522,1.5404,1.5663,0.62672,1.5868,1.6051,1.6294,1.6515,1.6699,1.6925,1.7163,1.7346,1.753,1.7713,0.59549,1.7896,1.808,1.826,1.8351,1.8443,1.8619,1.8724,1.8815,1.8907,1.8999,0.57536,1.909,1.9182,1.9274,1.9366,1.9424,1.9424,1.9424,1.9424,1.881,0.52297,0.49004,0.4717,0.45336,0.41673,0.38178,0.37261,0.36344,0.34493,0.30619,1.8604,0.29581,0.27812,0.26886,0.25052,0.20606,0.1928,0.17605,0.13662,0.11665,0.095664,1.8357,0.073507,0.055169,0.024135,-0.010694,-0.038371,-0.074002,-0.089155,-0.12296,-0.14305,-0.18036,1.7907,-0.23538,-0.27254,-0.30922,-0.36151,-0.37303,-0.37972,-0.38276,-0.38833,-0.3975,-0.41112,1.7515,-0.42557,-0.43474,-0.44668,-0.46502,-0.48336,-0.5006,-0.51031,-0.52864,-0.54698,-0.56532,1.7052,-0.58366,-0.602,-0.62034,-0.63867,-0.6628,-0.68508,-0.70809,-0.73148,-0.74982,-0.77115,1.0,1.0
-2.1565,-1.9631,-1.6133,-0.78829,-0.80667,-0.83085,-0.86181,-0.8908,-0.91497,-0.93915,-0.96333,-0.98681,-1.0029,-1.5816,-1.019,-1.0352,-1.0513,-1.0736,-1.0924,-1.1005,-1.1014,-1.1014,-1.1013,-1.0932,-1.5534,-1.0851,-1.0771,-1.069,-1.0553,-1.0392,-1.0231,-1.007,-0.99086,-0.97475,-0.95103,-1.5296,-0.93092,-0.91428,-0.8901,-0.86592,-0.8312,-0.75061,-0.7062,-0.67396,-0.64173,-0.60949,-1.5135,-0.57726,-0.54502,-0.51279,-0.48055,-0.44832,-0.41608,-0.38385,-0.3497,-0.30941,-0.27555,-1.4924,-0.24331,-0.21108,-0.17884,-0.15049,-0.12597,-0.093733,-0.066368,-0.043525,-0.027407,-0.005434,-1.4696,0.016423,0.032541,0.048658,0.061471,0.06953,0.077589,0.085647,0.092952,0.092952,0.092952,-1.4535,0.092952,0.092952,0.092952,0.090227,0.082169,0.07411,0.066051,0.057992,0.049934,0.037179,-1.4374,0.022221,0.014162,0.000422,-0.015696,-0.031813,-0.047931,-0.064049,-0.080166,-0.096284,-0.12063,-1.4237,-0.15171,-0.16783,-0.18394,-0.20163,-0.2258,-0.25607,-0.28065,-0.28871,-0.29677,-0.30483,-1.8602,-1.4156,-0.31288,-0.31288,-0.31288,-0.31288,-0.31288,-0.30738,-0.29932,-0.29126,-0.2832,-0.27218,-1.4075,-0.25607,-0.23995,-0.21989,-0.19571,-0.17154,-0.14736,-0.11344,-0.032857,0.012249,0.042107,-1.3995,0.066283,0.097359,0.12959,0.16183,0.19406,0.22195,0.24694,0.27917,0.31141,0.34364,-1.3914,0.37588,0.40811,0.43757,0.46174,0.49322,0.52169,0.5461,0.57833,0.60581,0.62999,-1.3834,0.65417,0.6726,0.68872,0.70484,0.72096,0.73388,0.74194,0.75,0.75806,0.76548,-1.3797,0.76548,0.76548,0.76548,0.76548,0.75934,0.75128,0.74322,0.73516,0.7271,0.71898,-1.3805,0.70287,0.69133,0.68223,0.66611,0.64999,0.63387,0.61776,0.60164,0.58552,0.5694,-1.3885,0.54575,0.52557,0.5076,0.45925,0.43084,0.41182,0.37959,0.3593,0.34561,0.33756,-1.3913,0.3295,0.32144,0.31338,0.31326,0.31326,0.31413,0.32219,0.32486,0.32671,0.33477,-1.393,0.34283,0.35373,0.36985,0.38597,0.40208,0.41849,0.44267,0.46684,0.49995,0.58054,-1.8279,-1.4011,0.62634,0.65857,0.69081,0.72983,0.76687,0.79911,0.83134,0.86358,0.89651,0.9368,-1.4092,0.97188,1.0041,1.0363,1.0686,1.0982,1.1223,1.1537,1.1823,1.2063,1.2225,-1.4144,1.2432,1.2663,1.2824,1.2929,1.303,1.3192,1.3287,1.3367,1.3448,1.3528,-1.4144,1.3609,1.3684,1.3684,1.3735,1.38,1.38,1.38,1.38,1.38,1.38,-1.4144,1.38,1.38,1.38,1.38,1.3791,1.371,1.3684,1.3665,1.3585,1.3568,-1.4144,1.3539,1.3459,1.3378,1.3337,1.3333,1.3252,1.3172,1.3105,1.3105,1.3046,-1.4142,1.2989,1.2989,1.292,1.2873,1.2873,1.2873,1.283,1.2757,1.2757,1.3073,-1.4062,1.347,1.355,1.3631,1.3712,1.3792,1.3873,1.3991,1.415,1.4231,1.4358,-1.4028,1.4519,1.468,1.4898,1.5119,1.528,1.5508,1.575,1.5991,1.6233,1.6475,-1.4016,1.6722,1.7045,1.7367,1.7689,1.8012,1.8395,1.8772,1.9095,-1.7957,-1.3936,-1.3855,-1.3775,-1.3694,-1.3613,-1.3533,-1.3452,-1.3294,-1.3175,-1.3094,-1.7635,-1.3014,-1.2882,-1.2737,-1.2656,-1.2514,-1.2379,-1.2298,-1.2147,-1.1985,-1.1824,-1.7312,-1.1663,-1.1502,-1.133,-1.1088,-1.0902,-1.0721,-1.0479,-1.0237,-0.99956,-0.97538,-1.699,-0.95121,-0.92703,-0.90286,-0.87868,-0.8545,-0.83178,-0.81566,-0.79357,-0.77183,-0.75571,-1.6668,-0.73959,-0.72348,-0.70736,-0.69124,-0.67953,-0.67147,-0.66341,-0.65535,-0.64915,-0.64915,-1.6375,-0.64915,-0.65199,-0.66005,-0.66811,-0.67617,-0.68452,-0.70063,-0.72156,-0.74574,-0.76991,5.0,5.0
-1.9062,-1.7513,-1.6282,-1.1443,-1.1392,-1.1392,-1.1392,-1.1392,-1.1392,-1.1392,-1.1392,-1.1255,-1.0918,-1.6145,-1.0782,-1.0645,-1.0508,-1.0371,-1.0235,-1.0015,-0.98602,-0.96695,-0.94858,-0.93243,-1.6008,-0.90508,-0.88737,-0.86047,-0.83312,-0.81587,-0.78852,-0.76117,-0.73382,-0.70203,-0.66902,-1.5872,-0.64167,-0.60923,-0.57688,-0.54953,-0.51643,-0.48474,-0.45739,-0.42363,-0.3926,-0.36525,-1.5735,-0.3379,-0.31055,-0.2832,-0.25585,-0.22971,-0.21124,-0.19227,-0.17859,-0.16492,-0.15124,-1.5598,-0.13757,-0.12389,-0.11022,-0.10664,-0.099724,-0.08938,-0.07954,-0.072122,-0.069448,-0.069448,-1.5461,-0.061374,-0.06092,-0.069448,-0.069448,-0.089632,-0.10704,-0.12929,-0.18334,-0.22931,-0.26115,-1.5325,-0.31519,-0.32887,-0.34194,-0.34613,-0.35203,-0.36212,-0.36212,-0.37055,-0.37221,-0.37771,-1.5188,-0.38231,-0.38231,-0.38231,-0.38231,-0.38231,-0.38231,-0.37221,-0.37221,-0.36475,-0.36116,-1.5051,-0.35203,-0.3439,-0.33184,-0.32665,-0.31297,-0.2993,-0.28562,-0.27195,-0.1847,-0.16386,-1.7376,-1.4924,-0.14009,-0.11274,-0.085393,-0.047951,-0.016363,0.016841,0.054283,0.086527,0.12755,0.16661,-1.4879,0.19951,0.2314,0.26884,0.3024,0.33363,0.3577,0.37824,0.40524,0.41891,0.44011,-1.4742,0.45736,0.48012,0.4938,0.50914,0.53124,0.54491,0.5485,0.56217,0.56636,0.56934,-1.4622,0.57645,0.57645,0.57645,0.57645,0.57645,0.57645,0.57645,0.57509,0.56636,0.55783,-1.4569,0.54416,0.53048,0.51681,0.50313,0.48946,0.46594,0.45202,0.43143,0.41134,0.32016,-1.4432,0.29892,0.28272,0.2644,0.24528,0.22989,0.20784,0.19416,0.18049,0.16681,0.15314,-1.4319,0.14955,0.13588,0.1324,0.1324,0.1324,0.1324,0.1324,0.14032,0.1439,0.15258,-1.426,0.16116,0.17483,0.18851,0.21142,0.22868,0.24972,0.26339,0.29054,0.38753,0.44662,-1.4123,0.48764,0.52867,0.58988,0.6309,0.6802,0.72304,0.76407,0.80509,0.84612,0.89315,-1.3986,0.93826,0.9762,1.0102,1.0511,1.0822,1.1159,1.1424,1.1605,1.1799,1.2036,-1.7239,-1.385,1.2123,1.2209,1.2324,1.2324,1.2417,1.2425,1.2425,1.2326,1.229,1.2224,-1.3713,1.2118,1.194,1.1743,1.1494,1.122,1.103,1.0774,1.0555,1.0149,0.98776,-1.3576,0.96803,0.94068,0.92342,0.88936,0.85883,0.84137,0.82139,0.80772,0.7896,0.77027,-1.3439,0.7566,0.74292,0.73793,0.7401,0.75377,0.76745,0.79121,0.81771,0.84874,0.88305,-1.3303,0.92362,0.96273,1.0187,1.0538,1.0871,1.189,1.2694,1.2967,1.3241,1.3514,-1.3166,1.3763,1.396,1.4137,1.4274,1.4343,1.4444,1.4444,1.4518,1.4545,1.4545,-1.3029,1.4545,1.456,1.4646,1.4646,1.4646,1.4646,1.474,1.4747,1.4811,1.4948,-1.2892,1.5085,1.5221,1.5358,1.5495,1.5632,1.5768,1.5905,1.6042,1.6179,1.6315,-1.2756,1.6452,1.6589,1.6726,1.6862,1.6999,1.7136,1.7273,1.7409,1.7546,1.7683,-1.2619,1.782,1.7956,1.8093,1.8178,1.8266,1.8402,1.8539,1.8676,-1.7102,-1.2482,-1.2345,-1.2209,-1.2045,-1.1834,-1.1697,-1.1527,-1.1323,-1.1186,-1.101,-1.6966,-1.0812,-1.0675,-1.0538,-1.0319,-1.0164,-1.0027,-0.98905,-0.97537,-0.9617,-0.94802,-1.6829,-0.93435,-0.92728,-0.91709,-0.90342,-0.88974,-0.88616,-0.87682,-0.8689,-0.86673,-0.86174,-1.6692,-0.85664,-0.85664,-0.85664,-0.85664,-0.85664,-0.86295,-0.86673,-0.87011,-0.89075,-0.90755,-1.6555,-0.91719,-0.92481,-0.97886,-0.99253,-1.031,-1.0502,-1.0638,-1.0775,-1.0912,-1.0989,-1.6419,-1.1084,-1.119,-1.1257,-1.1293,-1.1392,-1.1392,-1.14,-1.1493,-1.1493,-1.1493,5.0,5.0
-2.1309,-2.0949,-1.8381,-0.79446,-0.79112,-0.78212,-0.77311,-0.77181,-0.76643,-0.75743,-0.74916,-0.74916,-0.74174,-1.8111,-0.73274,-0.72651,-0.72605,-0.71705,-0.71518,-0.71037,-0.70385,-0.70368,-0.69468,-0.69253,-1.7841,-0.688,-0.67899,-0.66999,-0.66099,-0.65198,-0.64298,-0.63205,-0.61404,-0.60464,-0.58935,-1.7571,-0.57134,-0.55498,-0.54597,-0.52865,-0.51064,-0.49263,-0.47462,-0.45661,-0.43861,-0.4206,-1.7316,-0.40259,-0.38458,-0.36657,-0.35632,-0.34188,-0.32699,-0.31719,-0.29919,-0.28865,-0.27965,-1.7135,-0.27065,-0.26164,-0.25264,-0.24363,-0.23463,-0.22563,-0.21662,-0.20762,-0.20552,-0.20094,-1.6955,-0.1942,-0.1942,-0.18525,-0.18287,-0.17857,-0.17155,-0.17155,-0.16288,-0.16022,-0.1562,-1.6775,-0.14719,-0.13819,-0.12919,-0.12624,-0.1225,-0.1135,-0.1045,-0.095493,-0.086489,-0.080939,-1.663,-0.079807,-0.070803,-0.061799,-0.052795,-0.04062,-0.023461,-0.014457,-0.005453,0.003551,0.015443,-1.654,0.032884,0.041888,0.050892,0.059896,0.071505,0.08923,0.098234,0.10724,0.11624,0.12525,-2.0655,-1.645,0.13425,0.14325,0.15226,0.1569,0.15894,0.16794,0.16823,0.17463,0.17955,0.17955,-1.636,0.17955,0.17955,0.17955,0.17955,0.17955,0.17955,0.17955,0.18539,0.19088,0.19088,-1.627,0.19088,0.19875,0.20775,0.21353,0.21444,0.22344,0.23244,0.24671,0.26178,0.27078,-1.618,0.27979,0.29609,0.30912,0.31812,0.32747,0.34547,0.35646,0.37016,0.38817,0.40612,-1.6099,0.41513,0.43087,0.44446,0.45556,0.47357,0.4828,0.49826,0.51213,0.52114,0.53014,-1.6099,0.53914,0.55432,0.56848,0.57748,0.58649,0.59549,0.60449,0.6135,0.6225,0.63151,-1.6023,0.63258,0.63258,0.63587,0.64391,0.64391,0.65155,0.65523,0.65823,0.66724,0.67624,-1.5986,0.67788,0.68292,0.69193,0.70054,0.70054,0.70761,0.71662,0.72562,0.73463,0.74363,-1.5986,0.75263,0.76164,0.77064,0.77965,0.78865,0.80417,0.81798,0.82699,0.83599,0.85355,-1.598,0.86533,0.87433,0.88333,0.89234,0.90134,0.91629,0.92705,0.92835,0.93736,0.94636,-2.0385,-1.589,0.9497,0.95304,0.96103,0.96103,0.96103,0.96103,0.96103,0.96103,0.96103,0.96103,-1.58,0.96103,0.96103,0.96103,0.96103,0.96816,0.97235,0.97235,0.97235,0.97235,0.97921,-1.5759,0.98368,0.98368,0.98368,0.99257,1.0016,1.0063,1.0083,1.0173,1.0263,1.029,-1.5733,1.0329,1.042,1.051,1.06,1.069,1.078,1.087,1.096,1.105,1.114,-1.5639,1.123,1.132,1.141,1.15,1.159,1.168,1.177,1.186,1.195,1.1989,-1.5459,1.2017,1.2107,1.2197,1.2215,1.2264,1.2328,1.2331,1.2421,1.2442,1.2488,-1.5349,1.2578,1.2668,1.2758,1.2781,1.2825,1.2895,1.2895,1.2981,1.3071,1.3161,-1.5259,1.3252,1.3342,1.3432,1.3461,1.3498,1.3603,1.3783,1.3882,1.3972,1.4096,-1.5146,1.4276,1.4457,1.4637,1.4817,1.4997,1.5177,1.5357,1.5612,1.583,1.6039,-1.4965,1.6304,1.6484,1.6736,1.6957,1.7137,1.7317,1.7498,1.7678,-2.0115,-1.4785,-1.4605,-1.4425,-1.4245,-1.4065,-1.3797,-1.3592,-1.3412,-1.3231,-1.3051,-1.9845,-1.2871,-1.2691,-1.2511,-1.2331,-1.2151,-1.2053,-1.1904,-1.176,-1.167,-1.158,-1.9575,-1.149,-1.1456,-1.1423,-1.1333,-1.1243,-1.1229,-1.1229,-1.1199,-1.1116,-1.1116,-1.9241,-1.1116,-1.1065,-1.0975,-1.0889,-1.0889,-1.0819,-1.0728,-1.0638,-1.0547,-1.0367,-1.8922,-1.0255,-1.0165,-1.0053,-0.98734,-0.97816,-0.96265,-0.94883,-0.93796,-0.91995,-0.91049,-1.8651,-0.89526,-0.88116,-0.87216,-0.86315,-0.84588,-0.83382,-0.82481,-0.81581,-0.80681,-0.7978,3.0,5.0
-1.671,-1.71,-1.6157,-0.8517,-0.86145,-0.86145,-0.86145,-0.86145,-0.8517,-0.8517,-0.84562,-0.84194,-0.83065,-1.6033,-0.81829,-0.80593,-0.79356,-0.7812,-0.76884,-0.75648,-0.74411,-0.73465,-0.73465,-0.72653,-1.5909,-0.72392,-0.71514,-0.70895,-0.70539,-0.69398,-0.68162,-0.66925,-0.65689,-0.64453,-0.63712,-1.5739,-0.622,-0.60703,-0.5823,-0.56321,-0.5426,-0.51897,-0.5029,-0.47818,-0.46238,-0.44204,-1.5564,-0.43765,-0.41829,-0.40317,-0.38106,-0.36869,-0.34865,-0.33422,-0.32185,-0.30949,-0.29713,-1.5343,-0.28598,-0.28215,-0.26979,-0.26648,-0.26457,-0.25672,-0.25672,-0.25672,-0.25672,-0.25672,-1.522,-0.26453,-0.26713,-0.27623,-0.28211,-0.29447,-0.29708,-0.30549,-0.30549,-0.31466,-0.31524,-1.5043,-0.31524,-0.308,-0.30549,-0.30278,-0.29574,-0.28781,-0.2852,-0.27623,-0.27023,-0.26648,-1.4875,-0.26501,-0.25672,-0.25672,-0.24743,-0.23721,-0.23721,-0.22985,-0.22724,-0.21771,-0.21227,-1.4759,-0.19991,-0.18845,-0.18494,-0.17257,-0.16021,-0.14626,-0.12573,-0.10656,-0.091251,-0.076621,-1.7048,-1.4725,-0.056772,-0.036923,-0.022634,-0.019683,-0.001761,0.014796,0.036912,0.052908,0.077634,0.10236,-1.4541,0.12709,0.15181,0.16961,0.17244,0.19434,0.2117,0.22882,0.24118,0.25354,0.2659,-1.438,0.27827,0.28088,0.29324,0.29924,0.29924,0.30107,0.30899,0.30899,0.31865,0.31874,-1.4257,0.31874,0.31874,0.31874,0.31874,0.32455,0.3285,0.31874,0.31874,0.31874,0.31874,-1.4133,0.30899,0.30899,0.30182,0.29924,0.29924,0.29924,0.29924,0.28948,0.2928,0.29924,-1.401,0.29924,0.29924,0.30324,0.30899,0.30899,0.30899,0.31367,0.31874,0.31874,0.31874,-1.3886,0.31874,0.32672,0.3285,0.3285,0.3285,0.3285,0.33825,0.34237,0.34801,0.34801,-1.3665,0.35776,0.36256,0.36751,0.36751,0.36751,0.373,0.38536,0.38797,0.39677,0.40294,-1.3541,0.40653,0.41628,0.42052,0.42604,0.4355,0.43811,0.44554,0.45308,0.46544,0.4748,-1.3417,0.48041,0.49277,0.49538,0.50775,0.51382,0.52272,0.53333,0.53769,0.54308,0.55266,-1.6924,-1.3389,0.56503,0.57739,0.58975,0.60211,0.61448,0.62684,0.63086,0.64062,0.64062,0.64062,-1.317,0.64964,0.65037,0.64588,0.64771,0.65037,0.65037,0.65554,0.66012,0.67051,0.68287,-1.3047,0.69524,0.7076,0.72128,0.73815,0.74469,0.75705,0.77917,0.79614,0.82086,0.84559,-1.2923,0.87032,0.89504,0.91977,0.95425,0.98234,1.0135,1.021,1.0546,1.0876,1.119,-1.2799,1.1468,1.1813,1.2108,1.2405,1.2752,1.3095,1.3234,1.3474,1.3748,1.4084,-1.2676,1.4331,1.4665,1.4923,1.517,1.5485,1.5762,1.601,1.616,1.6309,1.6556,-1.2552,1.6804,1.7051,1.7298,1.7448,1.7659,1.7783,1.7995,1.8127,1.8294,1.8403,-1.2428,1.8498,1.8646,1.8843,1.8967,1.9188,1.9311,1.9435,1.9559,1.9682,1.9769,-1.2321,1.9832,1.9956,2.0079,2.0203,2.0327,2.045,2.0574,2.0697,2.0744,2.0847,-1.2279,2.0971,2.1037,2.1121,2.1232,2.1232,2.1232,2.1322,2.1329,-1.6801,-1.2155,-1.2126,-1.2005,-1.1931,-1.1856,-1.1736,-1.1706,-1.1638,-1.1638,-1.1638,-1.6677,-1.1638,-1.1638,-1.1638,-1.1541,-1.1541,-1.1541,-1.1445,-1.1443,-1.1443,-1.1367,-1.6554,-1.1341,-1.1248,-1.1191,-1.1067,-1.0944,-1.082,-1.0696,-1.0573,-1.0449,-1.0326,-1.643,-1.0131,-1.0078,-0.99547,-0.9831,-0.96299,-0.94862,-0.93304,-0.91414,-0.90178,-0.88942,-1.6404,-0.87706,-0.8712,-0.86208,-0.84972,-0.84194,-0.84194,-0.84189,-0.83219,-0.83219,-0.83219,-1.628,-0.83219,-0.83219,-0.83219,-0.83219,-0.83219,-0.83621,-0.84194,-0.84194,-0.84404,-0.8517,3.0,5.0
0.11078,0.079395,0.085763,1.6574,1.6888,1.7202,1.7484,1.7484,1.7484,1.7452,1.7295,1.702,1.6515,0.088038,1.5573,1.49,1.4209,1.3424,1.1889,1.0638,0.96962,0.87546,0.78129,0.68713,0.088038,0.59297,0.48766,0.3819,0.28774,0.18084,0.076665,-0.017497,-0.12599,-0.22857,-0.32273,0.088038,-0.41689,-0.51106,-0.62159,-0.857,-0.97732,-1.0367,-1.0838,-1.1308,-1.1779,-1.225,0.088038,-1.2448,-1.2605,-1.2762,-1.2766,-1.2766,-1.2755,-1.2598,-1.2441,-1.2257,-1.1943,0.088038,-1.1629,-1.1272,-1.0801,-1.033,-0.98596,-0.93888,-0.86269,-0.79172,-0.72849,-0.65003,0.088038,-0.57156,-0.49104,-0.39688,-0.30271,-0.20855,-0.11439,-0.020227,0.079167,0.18902,0.28501,0.088038,0.38599,0.49585,0.59024,0.69282,0.80131,0.89547,0.98963,1.0808,1.1593,1.2378,0.078485,1.3162,1.3947,1.46,1.5228,1.5855,1.6188,1.6579,1.7036,1.7193,1.735,0.062791,1.7507,1.7664,1.7602,1.7445,1.7288,1.7006,1.631,1.4898,1.3908,1.2967,0.065293,0.047097,1.2025,1.1084,0.96234,0.77561,0.60298,0.43034,0.2609,0.10396,-0.064806,-0.22789,0.031404,-0.36913,-0.52379,-0.75078,-1.0804,-1.1697,-1.2482,-1.3258,-1.3885,-1.4418,-1.4888,0.01571,-1.5359,-1.5719,-1.5992,-1.6149,-1.6305,-1.6406,-1.6406,-1.6262,-1.6105,-1.5946,1.6e-05,-1.5632,-1.523,-1.4777,-1.4463,-1.394,-1.3312,-1.2685,-1.2057,-1.1429,-1.0801,-0.015678,-1.0037,-0.91864,-0.82448,-0.74555,-0.6589,-0.56473,-0.47057,-0.36663,-0.2595,-0.16534,-0.037058,-0.059802,0.045733,0.1399,0.24702,0.35688,0.46674,0.56204,0.6562,0.75036,0.84452,-0.068445,0.93869,1.0308,1.1093,1.1984,1.2853,1.3481,1.4231,1.4964,1.5592,1.6081,-0.099833,1.6551,1.7022,1.7493,1.788,1.818,1.8337,1.8494,1.8621,1.8621,1.8505,-0.12394,1.8121,1.7179,1.6501,1.5812,1.5028,1.3356,1.2016,1.1068,0.99691,0.88706,-0.13986,0.77493,0.64938,0.53474,0.41715,0.27591,0.12215,-0.029325,-0.17057,-0.31181,-0.45306,0.065293,-0.17125,-0.5943,-0.71985,-0.9059,-1.1238,-1.1866,-1.2493,-1.3089,-1.356,-1.4031,-1.4406,-0.20264,-1.4563,-1.4854,-1.5041,-1.5041,-1.5041,-1.4961,-1.4804,-1.4647,-1.4395,-1.4081,-0.23585,-1.3767,-1.3342,-1.2871,-1.24,-1.1929,-1.1402,-1.0774,-1.0146,-0.95185,-0.88907,-0.28293,-0.8263,-0.76352,-0.70075,-0.63797,-0.56473,-0.48968,-0.4269,-0.36413,-0.29635,-0.21788,-0.31955,-0.15306,-0.09028,-0.027505,0.03527,0.098045,0.15968,0.20676,0.25385,0.30093,0.34801,-0.35435,0.38372,0.41511,0.44649,0.47788,0.50335,0.51905,0.53474,0.53542,0.51973,0.50404,-0.40143,0.48834,0.4747,0.4747,0.46401,0.45195,0.45195,0.43967,0.42921,0.42921,0.42921,-0.44851,0.42921,0.42921,0.41374,0.40646,0.40646,0.40646,0.39645,0.38372,0.38372,0.38372,-0.49559,0.37917,0.36348,0.36097,0.35483,0.33914,0.33823,0.3305,0.3148,0.29911,0.28341,-0.54267,0.26999,0.26999,0.25908,0.24338,0.22769,0.19949,0.17356,0.15786,0.065293,-0.58975,-0.63683,-0.68391,-0.74624,-0.80082,-0.8479,-0.89499,-0.94207,-0.98642,-1.0178,0.065293,-1.0492,-1.0806,-1.112,-1.1434,-1.1747,-1.2061,-1.223,-1.2387,-1.2539,-1.2539,0.065293,-1.2539,-1.2518,-1.2362,-1.2205,-1.2011,-1.1697,-1.1384,-1.1017,-1.0547,-0.9937,0.065293,-0.93775,-0.89066,-0.81265,-0.73418,-0.65571,-0.57724,-0.49877,-0.41735,-0.32319,-0.22902,0.065293,-0.13486,-0.040697,0.053466,0.15377,0.26363,0.3587,0.46059,0.57045,0.68031,0.78084,0.070069,0.875,0.96916,1.0633,1.1575,1.2517,1.3333,1.4118,1.4902,1.5546,1.6103,2.0,2.0
-2.538,-2.3918,-2.0062,-0.68974,-0.68309,-0.67645,-0.6565,-0.64985,-0.6432,-0.63655,-0.63655,-0.63655,-0.62326,-1.9663,-0.62326,-0.61661,-0.60996,-0.60331,-0.59666,-0.58337,-0.57007,-0.56342,-0.55677,-0.54348,-1.9264,-0.53018,-0.52353,-0.51688,-0.51023,-0.50358,-0.50358,-0.49029,-0.49029,-0.47699,-0.46369,-1.8865,-0.4504,-0.44375,-0.4371,-0.4238,-0.4238,-0.4238,-0.4105,-0.4105,-0.4105,-0.39721,-1.8466,-0.38391,-0.38391,-0.37061,-0.37061,-0.37061,-0.35732,-0.35732,-0.35732,-0.35732,-0.35732,-1.8067,-0.34402,-0.34402,-0.34402,-0.32407,-0.31743,-0.30413,-0.29083,-0.27089,-0.26424,-0.24429,-1.7668,-0.22435,-0.2177,-0.21105,-0.19775,-0.18445,-0.17781,-0.17116,-0.15786,-0.14456,-0.13792,-1.7336,-0.13127,-0.11797,-0.11797,-0.10467,-0.091375,-0.091375,-0.078078,-0.078078,-0.064781,-0.064781,-1.7003,-0.051484,-0.044836,-0.038187,-0.038187,-0.02489,-0.02489,-0.011593,-0.011593,-0.011593,0.001704,-1.6604,0.001704,0.015001,0.015001,0.021649,0.028298,0.028298,0.041595,0.048244,0.068189,0.074838,-2.3519,-1.6205,0.081486,0.094783,0.10808,0.10808,0.10808,0.12138,0.13467,0.13467,0.14797,0.14797,-1.5939,0.16127,0.16127,0.17457,0.17457,0.18786,0.19451,0.20116,0.21446,0.21446,0.22775,-1.5673,0.24105,0.24105,0.25435,0.25435,0.26765,0.26765,0.26765,0.28094,0.28094,0.28094,-1.5275,0.28094,0.29424,0.29424,0.29424,0.29424,0.30089,0.30754,0.30754,0.32083,0.32083,-1.5009,0.33413,0.33413,0.34743,0.34743,0.34743,0.34743,0.36072,0.36072,0.36072,0.37402,-1.4676,0.38732,0.38732,0.38732,0.40062,0.40062,0.40062,0.40062,0.41391,0.41391,0.42721,-1.4477,0.42721,0.44051,0.44051,0.44051,0.44051,0.4538,0.4538,0.46045,0.4671,0.4804,-1.4211,0.4804,0.49369,0.49369,0.50034,0.50699,0.50699,0.50699,0.50699,0.50699,0.50699,-1.3945,0.50699,0.50699,0.52029,0.52694,0.53359,0.54688,0.56018,0.56683,0.57348,0.58013,-1.3745,0.58677,0.60007,0.61337,0.62002,0.63996,0.64661,0.66656,0.67321,0.67985,0.69315,-2.312,-1.3546,0.70645,0.70645,0.71974,0.71974,0.73304,0.73969,0.74634,0.76628,0.77293,0.79288,-1.3413,0.79953,0.81947,0.83942,0.84607,0.85272,0.87266,0.87931,0.89261,0.9059,0.92585,-1.328,0.94579,0.95244,0.97239,0.97904,0.99898,1.0056,1.0123,1.0322,1.0389,1.0522,-1.328,1.0655,1.0721,1.0788,1.0921,1.0921,1.0987,1.1054,1.1187,1.1187,1.1253,-1.3147,1.132,1.132,1.132,1.1386,1.1453,1.1453,1.1453,1.1453,1.1453,1.1453,-1.3147,1.1453,1.1519,1.1585,1.1585,1.1585,1.1718,1.1718,1.1718,1.1851,1.2051,-1.3014,1.225,1.245,1.2649,1.2849,1.3048,1.3248,1.3447,1.3713,1.3979,1.4311,-1.2948,1.4644,1.491,1.5309,1.5708,1.5974,1.6372,1.6638,1.6971,1.7303,1.7503,-1.2748,1.7835,1.8035,1.8234,1.8566,1.8766,1.8965,1.9165,1.9364,1.9564,1.9763,-1.2682,1.9963,2.0162,2.0362,2.0561,2.076,2.0827,2.1026,2.1226,-2.2721,-1.2615,-1.2482,-1.2349,-1.2283,-1.2216,-1.215,-1.2083,-1.195,-1.195,-1.1817,-2.2256,-1.1817,-1.1684,-1.1684,-1.1684,-1.1684,-1.1684,-1.1684,-1.1618,-1.1551,-1.1551,-2.179,-1.1551,-1.1684,-1.1684,-1.1684,-1.1684,-1.1684,-1.1684,-1.1618,-1.1551,-1.1418,-2.1391,-1.1285,-1.1219,-1.102,-1.0887,-1.0754,-1.0554,-1.0355,-1.0288,-1.0089,-0.98893,-2.0859,-0.96898,-0.94904,-0.92909,-0.90914,-0.8892,-0.8759,-0.8626,-0.84266,-0.82271,-0.81607,-2.046,-0.79612,-0.78282,-0.76953,-0.75623,-0.75623,-0.74293,-0.72963,-0.72299,-0.71634,-0.70304,3.0,5.0
-1.9933,-1.9142,-1.6502,-0.64773,-0.66135,-0.66405,-0.67767,-0.69129,-0.70491,-0.72945,-0.74307,-0.76466,-0.78122,-1.6173,-0.80576,-0.82454,-0.84392,-0.85754,-0.87116,-0.87973,-0.88748,-0.91155,-0.91248,-0.90754,-1.6006,-0.90156,-0.90156,-0.90156,-0.89673,-0.89064,-0.89064,-0.88862,-0.87973,-0.8723,-0.86881,-1.5737,-0.85598,-0.84697,-0.83966,-0.82604,-0.81242,-0.8033,-0.75287,-0.72688,-0.71427,-0.70065,-1.5515,-0.68703,-0.67341,-0.65979,-0.64617,-0.63255,-0.61893,-0.60531,-0.5917,-0.5712,-0.55354,-1.5379,-0.529,-0.51132,-0.49084,-0.46775,-0.45143,-0.42419,-0.40361,-0.38999,-0.36546,-0.34799,-1.5243,-0.3273,-0.31368,-0.28914,-0.27552,-0.25546,-0.23737,-0.21283,-0.19921,-0.17926,-0.16105,-1.5107,-0.14662,-0.1229,-0.10928,-0.095658,-0.081329,-0.057501,-0.043882,-0.030262,-0.005725,0.007894,-1.507,0.027519,0.046051,0.059671,0.07329,0.08691,0.10053,0.11415,0.12468,0.13047,0.1356,-1.5129,0.14652,0.14652,0.14652,0.14652,0.14652,0.14365,0.1356,0.12733,0.11371,0.10009,-1.8952,-1.5233,0.081014,0.061936,0.048316,0.023779,0.00481,-0.014377,-0.071012,-0.085287,-0.10939,-0.13436,-1.5239,-0.13734,-0.13734,-0.1322,-0.12642,-0.12642,-0.12642,-0.1214,-0.1155,-0.1155,-0.1155,-1.5239,-0.11059,-0.10458,-0.10458,-0.083158,-0.034274,-0.020655,-0.007035,0.006584,0.020204,0.033824,-1.5239,0.047443,0.062946,0.0856,0.099219,0.12283,0.13738,0.151,0.17179,0.18915,0.21369,-1.5239,0.23168,0.25185,0.27524,0.30248,0.32546,0.34604,0.37328,0.40052,0.42775,0.44814,-1.5239,0.47132,0.49855,0.52175,0.54212,0.56935,0.58568,0.61292,0.64015,0.65806,0.68372,-1.5191,0.70713,0.72728,0.75452,0.77084,0.79436,0.80798,0.83072,0.84614,0.85976,0.87968,-1.5129,0.89792,0.91154,0.92516,0.93878,0.9435,0.9551,0.96533,0.96533,0.97412,0.96533,-1.5129,0.96533,0.96533,0.95665,0.94303,0.92941,0.91579,0.90217,0.87728,0.8531,0.83948,-1.5129,0.8174,0.79041,0.77679,0.76317,0.7412,0.72501,0.71139,0.70331,0.69507,0.68148,-1.8679,-1.5129,0.68148,0.68148,0.67334,0.6814,0.68148,0.68148,0.68148,0.68148,0.6924,0.6924,-1.5129,0.70031,0.70331,0.70571,0.71933,0.72515,0.73566,0.74065,0.77788,0.80927,0.82289,-1.5029,0.83869,0.86104,0.88225,0.90949,0.92581,0.94827,0.97685,0.99735,1.0129,1.0355,-1.502,1.0565,1.0737,1.0982,1.1164,1.1364,1.15,1.1745,1.1926,1.2127,1.2361,-1.4975,1.2508,1.2644,1.2851,1.3026,1.3162,1.3298,1.3435,1.3571,1.3598,1.3734,-1.4911,1.3802,1.3897,1.402,1.406,1.413,1.413,1.4239,1.4239,1.4305,1.4348,-1.4812,1.4359,1.4457,1.4457,1.4549,1.4566,1.4566,1.4566,1.4566,1.4566,1.4566,-1.4785,1.4566,1.4566,1.4457,1.4457,1.4457,1.4546,1.4573,1.4709,1.4845,1.4981,-1.4693,1.5123,1.5363,1.5559,1.5831,1.6103,1.6407,1.6757,1.703,1.7305,1.7684,-1.4621,1.7956,1.8144,1.8392,1.8635,1.8827,1.9016,1.9153,1.9289,-1.8407,-1.4584,-1.4474,-1.4431,-1.4295,-1.4159,-1.4023,-1.3886,-1.375,-1.3518,-1.3355,-1.8025,-1.3123,-1.2919,-1.2742,-1.2496,-1.232,-1.2048,-1.1869,-1.1612,-1.134,-1.1068,-1.7753,-1.0888,-1.0632,-1.036,-1.0152,-0.9924,-0.96611,-0.94883,-0.9216,-0.90342,-0.87888,-1.7401,-0.86526,-0.85164,-0.83802,-0.81348,-0.79986,-0.78625,-0.77263,-0.75963,-0.7563,-0.74268,-1.7099,-0.72906,-0.72636,-0.71596,-0.71004,-0.69642,-0.69372,-0.68321,-0.6774,-0.67229,-0.66138,-1.6827,-0.65837,-0.65046,-0.65046,-0.63954,-0.63954,-0.63954,-0.63954,-0.63954,-0.63954,-0.63954,5.0,5.0
-2.1401,-2.0442,-1.7297,-0.86752,-0.85865,-0.84121,-0.82991,-0.81776,-0.80103,-0.7923,-0.78358,-0.77486,-0.76614,-1.6991,-0.75742,-0.74869,-0.74455,-0.74269,-0.73397,-0.72524,-0.72167,-0.71924,-0.71052,-0.70179,-1.6642,-0.69879,-0.69579,-0.68707,-0.67834,-0.66962,-0.6609,-0.65218,-0.64345,-0.63473,-0.62601,-1.6294,-0.61729,-0.60857,-0.59241,-0.57968,-0.57096,-0.56224,-0.55351,-0.5395,-0.52463,-0.51591,-1.6022,-0.50719,-0.49846,-0.4866,-0.46958,-0.46086,-0.4457,-0.43198,-0.42225,-0.40481,-0.38736,-1.576,-0.37421,-0.36391,-0.34647,-0.32902,-0.31644,-0.30557,-0.28813,-0.27884,-0.26468,-0.24995,-1.5521,-0.24123,-0.23251,-0.21778,-0.20362,-0.1949,-0.18618,-0.17746,-0.16874,-0.16001,-0.15129,-1.5347,-0.14257,-0.13385,-0.12512,-0.1164,-0.1154,-0.1104,-0.10167,-0.092952,-0.08423,-0.075507,-1.5173,-0.069645,-0.069502,-0.06078,-0.052058,-0.043335,-0.034613,-0.025891,-0.010448,0.002993,0.013002,-1.4998,0.030446,0.040598,0.053896,0.069482,0.078204,0.094791,0.11224,0.12968,0.14712,0.16457,-1.9963,-1.4824,0.17629,0.18802,0.20518,0.2139,0.22262,0.23134,0.23921,0.23921,0.24607,0.25479,-1.4649,0.26066,0.25193,0.25065,0.25065,0.25065,0.25065,0.25065,0.25065,0.25065,0.25065,-1.4475,0.25065,0.25065,0.25065,0.25108,0.2598,0.26209,0.2658,0.27453,0.28325,0.29197,-1.4362,0.30069,0.30941,0.31814,0.32686,0.33558,0.3443,0.35303,0.36175,0.37047,0.37919,-1.4275,0.38792,0.40536,0.4168,0.42552,0.43482,0.45226,0.46313,0.47185,0.48057,0.48929,-1.4187,0.49802,0.50674,0.51546,0.52418,0.5329,0.54163,0.55035,0.55907,0.56779,0.57652,-1.41,0.58524,0.59396,0.60268,0.6114,0.6167,0.61741,0.62613,0.63485,0.64358,0.6523,-1.408,0.66102,0.66974,0.68304,0.69863,0.70735,0.72394,0.74138,0.75639,0.76512,0.78227,-1.404,0.79972,0.81716,0.83461,0.85205,0.86321,0.8755,0.89295,0.91039,0.92097,0.93384,-1.3966,0.95129,0.96873,0.97874,0.99218,1.0096,1.0271,1.0365,1.0505,1.0654,1.0741,-1.9668,-1.3966,1.0828,1.0916,1.1003,1.1086,1.1086,1.115,1.12,1.12,1.12,1.12,-1.3966,1.12,1.12,1.12,1.12,1.12,1.1222,1.1309,1.1315,1.1315,1.1315,-1.3966,1.1315,1.1315,1.1254,1.1233,1.1315,1.1315,1.1315,1.1315,1.1315,1.1315,-1.3947,1.1315,1.1315,1.1315,1.1315,1.1315,1.1315,1.1315,1.1315,1.1315,1.1315,-1.386,1.1315,1.1315,1.1315,1.1315,1.1349,1.1429,1.1429,1.1496,1.1543,1.1543,-1.3851,1.1543,1.1616,1.1703,1.1772,1.1772,1.1851,1.1886,1.1911,1.1998,1.2085,-1.3851,1.2115,1.2145,1.2232,1.232,1.2344,1.238,1.2458,1.2458,1.2458,1.25,-1.3851,1.2573,1.2573,1.2647,1.2687,1.2707,1.2794,1.2802,1.2854,1.2942,1.3029,-1.3851,1.3116,1.3203,1.3291,1.3382,1.3557,1.3731,1.3943,1.4204,1.4466,1.4728,-1.3851,1.5032,1.5381,1.573,1.6155,1.6591,1.7027,1.7463,1.7981,-1.9319,-1.3794,-1.3737,-1.3734,-1.3647,-1.3623,-1.3587,-1.35,-1.3412,-1.3394,-1.3352,-1.897,-1.3265,-1.3178,-1.3091,-1.3051,-1.3031,-1.2943,-1.2856,-1.2822,-1.2796,-1.2709,-1.8621,-1.2707,-1.2649,-1.2593,-1.2589,-1.2502,-1.2479,-1.2479,-1.2469,-1.2381,-1.2364,-1.8272,-1.2364,-1.2349,-1.2261,-1.225,-1.2201,-1.2114,-1.2027,-1.194,-1.1852,-1.1765,-1.7924,-1.1678,-1.1503,-1.1389,-1.1269,-1.1095,-1.092,-1.0811,-1.0686,-1.0511,-1.0337,-1.7575,-1.0162,-1.0032,-0.99277,-0.97533,-0.95788,-0.94044,-0.92528,-0.91656,-0.89954,-0.8821,3.0,5.0
-0.53786,-0.58508,-0.61637,-1.6919,-1.6603,-1.6286,-1.597,-1.5531,-1.518,-1.4864,-1.4547,-1.4231,-1.3915,-0.61637,-1.3598,-1.3282,-1.2965,-1.2649,-1.2333,-1.2152,-1.1857,-1.1541,-1.1224,-1.1048,-0.61637,-1.0748,-1.0432,-1.0116,-0.97993,-0.96289,-0.93235,-0.90072,-0.86908,-0.83744,-0.8058,-0.61637,-0.78947,-0.75823,-0.74213,-0.71065,-0.6948,-0.67878,-0.64746,-0.63164,-0.61582,-0.59933,-0.61637,-0.56848,-0.55266,-0.53684,-0.51988,-0.4895,-0.47368,-0.45936,-0.45775,-0.44193,-0.42611,-0.61637,-0.41029,-0.39655,-0.39435,-0.37853,-0.36271,-0.34945,-0.34678,-0.33096,-0.31804,-0.31502,-0.61637,-0.2992,-0.28338,-0.26756,-0.25175,-0.23593,-0.22011,-0.20429,-0.18847,-0.17673,-0.17253,-0.61637,-0.15671,-0.14089,-0.12508,-0.10926,-0.093438,-0.077619,-0.0618,-0.045981,-0.024902,0.001359,-0.61637,0.017177,0.032996,0.048815,0.070483,0.096155,0.11197,0.12779,0.14993,0.17513,0.19095,-0.61637,0.21344,0.23829,0.25411,0.27695,0.30145,0.31727,0.34047,0.36461,0.38043,0.39624,-0.60067,-0.61637,0.41991,0.44358,0.4594,0.48343,0.50674,0.52256,0.54694,0.5699,0.59451,0.61724,-0.61637,0.64209,0.66458,0.68966,0.71192,0.73724,0.76887,0.80051,0.83215,0.86379,0.88534,-0.61637,0.91136,0.943,0.97464,1.0063,1.0379,1.0696,1.1012,1.1328,1.1645,1.1961,-0.61637,1.2164,1.2437,1.2637,1.2913,1.311,1.3388,1.3584,1.3742,1.39,1.4058,-0.61637,1.4217,1.4375,1.4405,1.4534,1.4692,1.4719,1.4852,1.501,1.5168,1.519,-0.61637,1.5327,1.5486,1.5644,1.5661,1.5803,1.5961,1.5975,1.6121,1.6132,1.628,-0.61943,1.6289,1.6139,1.6132,1.6132,1.5978,1.582,1.5818,1.5661,1.5501,1.5187,-0.63207,1.5029,1.4866,1.4556,1.439,1.4074,1.3767,1.3598,1.3294,1.3122,1.282,-0.63207,1.2662,1.2487,1.2189,1.2011,1.1715,1.1536,1.1242,1.106,1.0769,1.0584,-0.62865,1.0268,0.99799,0.97919,0.95066,0.93162,0.89998,0.8718,0.8524,0.82446,0.80483,-0.60067,-0.61637,0.77319,0.74155,0.71408,0.69398,0.66234,0.63522,0.6194,0.60358,0.58289,0.55624,-0.61637,0.54042,0.5246,0.50878,0.49296,0.47715,0.46133,0.45132,0.43946,0.41387,0.40421,-0.61637,0.39793,0.38851,0.382,0.37281,0.36606,0.35711,0.35012,0.34851,0.35711,0.36445,-0.61637,0.37281,0.37281,0.3805,0.38851,0.38851,0.39656,0.41238,0.41991,0.42831,0.43562,-0.61236,0.43562,0.44437,0.45132,0.45132,0.45132,0.45132,0.46066,0.46702,0.46702,0.46702,-0.60479,0.46702,0.46702,0.47707,0.48272,0.48272,0.48272,0.48272,0.48272,0.48272,0.48272,-0.61637,0.48272,0.49383,0.49842,0.49842,0.49842,0.49842,0.49842,0.49842,0.49842,0.49842,-0.61637,0.49842,0.49842,0.49842,0.49842,0.49842,0.49842,0.49842,0.49842,0.49842,0.49842,-0.62084,0.49842,0.49842,0.49842,0.49842,0.49842,0.49842,0.51247,0.51412,0.51412,0.51412,-0.63207,0.51412,0.51412,0.52888,0.52982,0.52982,0.52982,0.52982,0.52982,-0.60067,-0.63207,-0.63207,-0.62712,-0.61637,-0.61637,-0.61107,-0.60067,-0.59513,-0.58497,-0.64844,-0.60067,-0.78712,-0.84219,-0.85801,-0.90503,-0.96815,-0.99045,-1.0155,-1.0582,-1.1373,-1.2164,-0.60067,-1.2954,-1.3745,-1.4463,-1.4874,-1.5032,-1.519,-1.5659,-1.6055,-1.6136,-1.6294,-0.60067,-1.6699,-1.7081,-1.7663,-1.8183,-1.8341,-1.8852,-1.9285,-1.9443,-2.0061,-2.0545,-0.60161,-2.108,-2.1489,-2.1647,-2.1415,-2.1138,-2.098,-2.072,-2.0506,-2.0348,-2.0085,-0.61637,-1.9875,-1.9609,-1.9293,-1.9086,-1.8817,-1.8501,-1.8185,-1.7868,-1.7552,-1.7235,4.0,4.0
-2.3238,-2.2424,-2.0025,-0.59172,-0.5811,-0.57593,-0.56993,-0.55904,-0.55904,-0.54815,-0.54815,-0.54815,-0.55659,-1.9703,-0.55904,-0.56694,-0.56993,-0.57729,-0.58246,-0.59172,-0.6037,-0.61977,-0.62495,-0.64102,-1.9382,-0.65708,-0.67315,-0.68922,-0.72245,-0.72245,-0.71836,-0.71155,-0.71155,-0.70284,-0.70066,-1.9061,-0.70066,-0.67996,-0.63856,-0.63339,-0.61732,-0.60125,-0.58518,-0.58001,-0.56394,-0.54787,-1.8739,-0.53181,-0.51574,-0.49967,-0.4836,-0.46753,-0.45146,-0.4245,-0.40843,-0.38147,-0.3654,-1.8309,-0.34661,-0.32237,-0.29541,-0.27199,-0.25075,-0.22542,-0.19846,-0.18239,-0.15543,-0.13936,-1.7987,-0.1124,-0.096328,-0.06991,-0.048667,-0.026335,-0.006182,0.016695,0.032763,0.048832,0.0649,-1.7666,0.080968,0.094585,0.10221,0.11828,0.13435,0.15042,0.15995,0.16076,0.17084,0.17084,-1.7345,0.17084,0.16022,0.15995,0.14987,0.1447,0.13816,0.12727,0.11828,0.11637,0.10793,-1.7026,0.10276,0.094585,0.083692,0.076338,0.061904,0.055096,0.039027,0.029223,0.015606,-0.03614,-2.2263,-1.6865,-0.047033,-0.047033,-0.047033,-0.057927,-0.057927,-0.057927,-0.057927,-0.057927,-0.057927,-0.054931,-1.6705,-0.047033,-0.044582,-0.03614,-0.025246,-0.018165,-0.003458,0.003078,0.008252,0.018329,0.029223,-1.6435,0.03467,0.050738,0.14306,0.15913,0.1752,0.19127,0.20734,0.2234,0.24274,0.26643,-1.6274,0.28523,0.30946,0.32553,0.3416,0.35767,0.37374,0.38981,0.40587,0.42249,0.4489,-1.6114,0.46497,0.48104,0.49711,0.50228,0.51835,0.53442,0.55049,0.56656,0.58263,0.59869,-1.5953,0.61476,0.63083,0.63927,0.65017,0.65725,0.66242,0.67195,0.68285,0.68285,0.69374,-1.5792,0.69919,0.70464,0.70954,0.71553,0.71989,0.72642,0.73024,0.73732,0.73732,0.73732,-1.5632,0.73732,0.73732,0.73732,0.73732,0.72642,0.72642,0.72533,0.71553,0.71498,0.69892,-1.5471,0.69374,0.68857,0.68285,0.67195,0.67195,0.65698,0.65017,0.64663,0.63056,0.61449,-1.531,0.60659,0.58344,0.5336,0.53034,0.53034,0.53034,0.53687,0.54205,0.55811,0.57418,-2.2056,-1.515,0.5848,0.59543,0.61149,0.61749,0.6676,0.73596,0.74821,0.7572,0.76237,0.77,-1.4989,0.78362,0.79968,0.81575,0.83182,0.84789,0.86396,0.88002,0.89609,0.91216,0.92823,-1.4828,0.9443,0.94947,0.96554,0.98161,0.99768,1.0029,1.0189,1.0314,1.0402,1.0562,-1.4668,1.0723,1.0884,1.1044,1.1205,1.1366,1.1526,1.1687,1.1848,1.2008,1.206,-1.4507,1.2166,1.2273,1.2433,1.2493,1.2602,1.2697,1.282,1.282,1.2929,1.3013,-1.4346,1.3038,1.3117,1.3147,1.322,1.3256,1.3256,1.3365,1.3365,1.3474,1.3474,-1.4186,1.3474,1.3474,1.3577,1.3583,1.3583,1.3583,1.3583,1.3583,1.3583,1.3583,-1.4025,1.3583,1.3583,1.3659,1.3692,1.3692,1.3705,1.3866,1.4027,1.4187,1.4457,-1.3979,1.4618,1.4778,1.5048,1.5209,1.5369,1.553,1.5691,1.5851,1.6012,1.6173,-1.3979,1.6333,1.6494,1.6655,1.6815,1.6976,1.7137,1.7297,1.7458,-2.1833,-1.387,-1.387,-1.387,-1.387,-1.387,-1.387,-1.387,-1.387,-1.387,-1.3761,-2.1563,-1.3761,-1.3627,-1.3467,-1.3325,-1.3254,-1.3107,-1.3042,-1.2889,-1.2829,-1.2669,-2.131,-1.2508,-1.2347,-1.2078,-1.1917,-1.1647,-1.1487,-1.1326,-1.1165,-1.1005,-1.0844,-2.0989,-1.0683,-1.0444,-1.0253,-1.0092,-0.98226,-0.96619,-0.95013,-0.93406,-0.91799,-0.8962,-2.0667,-0.87496,-0.85372,-0.83193,-0.81586,-0.79979,-0.78372,-0.76766,-0.75159,-0.73552,-0.71945,-2.0346,-0.71155,-0.69821,-0.68214,-0.66798,-0.6609,-0.64619,-0.63965,-0.62359,-0.61351,-0.60234,5.0,5.0
0.40385,0.38609,0.38609,1.0786,1.1437,1.222,1.2855,1.361,1.4216,1.4821,1.5427,1.6033,1.6464,0.38609,1.7046,1.745,1.7854,1.8162,1.8484,1.8744,1.8946,1.9148,1.935,1.9423,0.38609,1.931,1.9196,1.8994,1.8792,1.8413,1.8178,1.7774,1.737,1.6966,1.6431,0.38609,1.598,1.5399,1.4968,1.4362,1.3756,1.315,1.242,1.1761,1.1155,1.0371,0.38609,0.97651,0.90904,0.83756,0.7652,0.68441,0.62026,0.54191,0.47754,0.39674,0.31595,0.38609,0.23515,0.15436,0.073563,-0.007232,-0.088027,-0.16882,-0.24962,-0.31998,-0.39345,-0.47425,0.38609,-0.53728,-0.61564,-0.68112,-0.75459,-0.81518,-0.87578,-0.92173,-0.97921,-1.0203,-1.0607,0.38609,-1.1011,-1.1415,-1.1819,-1.2223,-1.2462,-1.2664,-1.2866,-1.3068,-1.327,-1.3472,0.38609,-1.3541,-1.3541,-1.3364,-1.3335,-1.3133,-1.2931,-1.2729,-1.24,-1.2147,-1.177,0.38609,-1.1543,-1.1139,-1.0735,-1.0332,-0.99275,-0.95236,-0.89509,-0.85225,-0.79165,-0.7375,0.38609,0.37277,-0.68822,-0.62762,-0.56703,-0.50643,-0.42808,-0.36748,-0.30688,-0.23808,-0.16793,-0.10734,0.35257,-0.031204,0.031833,0.10996,0.17567,0.24891,0.30951,0.38254,0.44846,0.50906,0.57165,0.2609,0.64801,0.7086,0.7692,0.8298,0.89039,0.93434,0.9925,1.0367,1.091,1.1314,0.2205,1.1718,1.2122,1.2526,1.2753,1.3126,1.3328,1.353,1.3732,1.3934,1.4136,0.18011,1.3982,1.378,1.3578,1.3303,1.2997,1.2673,1.2415,1.2042,1.1461,1.1015,0.13194,1.0475,0.99804,0.93745,0.87685,0.81626,0.7379,0.67375,0.59895,0.52992,0.44913,0.081554,0.36833,0.28754,0.20674,0.12595,0.045151,-0.035644,-0.11644,-0.19723,-0.27803,-0.35882,0.028504,-0.43962,-0.52041,-0.60121,-0.682,-0.7628,-0.84359,-0.92439,-0.98743,-1.0642,-1.1313,-0.032092,-1.2032,-1.2638,-1.3244,-1.385,-1.4447,-1.4851,-1.5255,-1.5659,-1.6063,-1.6467,-0.092689,-1.6715,-1.6917,-1.7119,-1.7321,-1.7448,-1.7548,-1.7625,-1.7625,-1.7452,-1.727,0.38609,-0.1555,-1.7181,-1.6846,-1.6644,-1.6325,-1.5921,-1.5517,-1.5113,-1.4671,-1.4127,-1.3637,-0.23164,-1.3031,-1.2425,-1.1659,-1.1035,-1.0398,-0.95902,-0.88621,-0.81518,-0.73439,-0.65359,-0.29223,-0.5728,-0.48956,-0.39345,-0.31266,-0.23186,-0.13886,-0.052513,0.045373,0.12861,0.22539,-0.36238,0.30618,0.39608,0.48553,0.58031,0.66488,0.74567,0.82647,0.90726,0.98806,1.058,-0.43118,1.1319,1.1969,1.2398,1.2975,1.3379,1.3705,1.3907,1.4109,1.4311,1.4162,-0.49178,1.3938,1.3534,1.313,1.2631,1.2025,1.1419,1.0813,1.0029,0.93834,0.85754,-0.55238,0.77675,0.69595,0.61516,0.53436,0.45357,0.37277,0.29775,0.2043,0.10553,0.018738,-0.61297,-0.051181,-0.12931,-0.17237,-0.22276,-0.24296,-0.26316,-0.27093,-0.27093,-0.27093,-0.25317,-0.67357,-0.25317,-0.25317,-0.24385,-0.23541,-0.23541,-0.23541,-0.23674,-0.25317,-0.25317,-0.25317,-0.72773,-0.26427,-0.27093,-0.27093,-0.28868,-0.28868,-0.28868,-0.28868,-0.29912,0.38609,-0.777,-0.82628,-0.86668,-0.90708,-0.94747,-0.98787,-1.0225,-1.0509,-1.0807,-1.1009,0.38609,-1.121,-1.1412,-1.1614,-1.1816,-1.2018,-1.2121,-1.2245,-1.2298,-1.2298,-1.2298,0.38609,-1.2254,-1.2121,-1.2027,-1.1825,-1.1623,-1.1255,-1.1028,-1.0625,-1.0221,-0.98166,0.38609,-0.94126,-0.88732,-0.84271,-0.78389,-0.7264,-0.68045,-0.61985,-0.55926,-0.49866,-0.43807,0.38609,-0.35971,-0.29912,-0.23852,-0.1706,-0.099569,-0.038973,0.036273,0.099977,0.17833,0.24314,0.38609,0.32394,0.39563,0.46777,0.54857,0.62936,0.6924,0.77319,0.85399,0.92635,0.99782,0.0,0.0
0.53257,0.45599,0.45599,1.6622,1.7377,1.7845,1.8313,1.8781,1.9249,1.9718,2.0186,2.0271,2.0642,0.45599,2.0824,2.0758,2.029,1.9439,1.8971,1.8278,1.7342,1.6393,1.5086,1.3967,0.45599,1.2563,1.1158,0.93712,0.78262,0.61796,0.44642,0.29746,0.12008,-0.020355,-0.16079,0.45599,-0.30122,-0.44166,-0.58209,-0.69984,-0.79346,-0.88708,-0.97075,-1.036,-1.1027,-1.1495,0.4177,-1.1963,-1.2431,-1.2899,-1.3367,-1.3835,-1.4203,-1.4203,-1.3932,-1.3464,-1.2996,0.4177,-1.2528,-1.206,-1.1591,-1.1506,-1.1038,-1.057,-1.0102,-0.96338,-0.91656,-0.86975,0.4177,-0.82294,-0.77613,-0.69103,-0.64422,-0.57864,-0.5123,-0.42969,-0.3421,-0.28074,-0.18711,0.4177,-0.12508,-0.039979,0.006832,0.072502,0.13875,0.18556,0.23237,0.29383,0.36428,0.41109,0.4177,0.45791,0.50472,0.55153,0.59834,0.68114,0.73025,0.77706,0.82388,0.87069,0.9175,0.4177,0.96431,0.99207,1.0196,1.0665,1.075,1.1218,1.1452,1.1771,1.2239,1.2707,0.45599,0.4177,1.3175,1.3644,1.4112,1.3686,1.3218,1.2749,1.2281,1.1813,1.1238,1.0302,0.4177,0.93655,0.84293,0.74279,0.61739,0.50022,0.35978,0.25764,0.12802,0.034402,-0.05922,0.4177,-0.18922,-0.28476,-0.37838,-0.472,-0.56562,-0.65925,-0.75287,-0.84649,-0.91216,-0.99545,0.4177,-1.0508,-1.1292,-1.1997,-1.2934,-1.387,-1.4806,-1.5547,-1.6296,-1.6866,-1.7334,0.4177,-1.7802,-1.827,-1.8739,-1.9207,-1.9675,-2.0143,-2.0611,-2.1079,-2.0643,-2.033,0.39616,-2.009,-1.9622,-1.9154,-1.8686,-1.8218,-1.775,-1.6914,-1.643,-1.5807,-1.4871,0.37941,-1.3935,-1.3382,-1.2445,-1.1509,-1.0573,-0.96366,-0.87004,-0.77642,-0.6828,-0.58917,0.34083,-0.49268,-0.36364,-0.27001,-0.17639,-0.08277,0.003673,0.066184,0.13559,0.21514,0.2675,0.29402,0.31431,0.36112,0.40793,0.45475,0.50156,0.54837,0.57086,0.6037,0.65051,0.68574,0.24721,0.70584,0.75265,0.79946,0.84628,0.89309,0.9399,0.98671,1.0335,1.0803,1.1271,0.45599,0.2004,1.174,1.2208,1.2676,1.3144,1.3612,1.408,1.4548,1.5016,1.5281,1.557,0.15358,1.6038,1.6123,1.643,1.6184,1.5716,1.5248,1.478,1.4312,1.3844,1.3376,0.10677,1.2907,1.2439,1.1971,1.1503,1.0618,0.9801,0.89232,0.78089,0.68727,0.58589,0.059962,0.46173,0.39291,0.31278,0.2227,0.16383,0.090786,0.014874,-0.078749,-0.13408,-0.21133,0.01315,-0.28303,-0.34325,-0.38642,-0.39858,-0.44539,-0.463,-0.50072,-0.50129,-0.48483,-0.463,-0.033661,-0.463,-0.42471,-0.42471,-0.42471,-0.39542,-0.38642,-0.38642,-0.38642,-0.36134,-0.34813,-0.080472,-0.34813,-0.34813,-0.34813,-0.34813,-0.34813,-0.38642,-0.38642,-0.38642,-0.38642,-0.42471,-0.13619,-0.42471,-0.42471,-0.42471,-0.46272,-0.463,-0.463,-0.463,-0.4968,-0.50129,-0.50129,-0.21239,-0.50129,-0.50129,-0.53939,-0.53959,-0.53959,-0.53959,-0.53959,-0.57788,-0.57788,-0.59903,-0.28514,-0.61617,-0.61617,-0.65446,-0.65446,-0.67992,-0.69275,-0.69696,-0.73104,0.45599,-0.37876,-0.47238,-0.5528,-0.62134,-0.71496,-0.76981,-0.82562,-0.90173,-0.94854,-0.99535,0.45599,-1.0805,-1.1273,-1.1741,-1.2209,-1.2677,-1.3145,-1.3613,-1.3559,-1.3091,-1.3005,0.45599,-1.2537,-1.2069,-1.1601,-1.1133,-1.0665,-1.002,-0.93456,-0.88775,-0.80265,-0.74234,0.45599,-0.64872,-0.55509,-0.46147,-0.36785,-0.27423,-0.1806,-0.086982,0.001567,0.061972,0.15559,0.45599,0.24922,0.30455,0.39817,0.49179,0.58542,0.67904,0.77266,0.85259,0.92161,0.98451,0.45599,1.0323,1.1164,1.1632,1.2366,1.2951,1.342,1.4026,1.4739,1.5515,1.6058,0.0,0.0
0.33144,0.33144,0.25186,1.9975,1.9821,1.9508,1.9051,1.8594,1.7439,1.5963,1.4474,1.3561,1.2452,0.24219,1.131,1.0168,0.90266,0.78849,0.6596,0.5304,0.41534,0.27834,0.15814,0.043976,0.23594,-0.070193,-0.18436,-0.27964,-0.5027,-0.78451,-0.85301,-0.92151,-0.9619,-0.99187,-1.0373,0.21311,-1.0602,-1.0668,-1.0668,-1.0668,-1.0668,-1.0486,-1.0145,-0.97321,-0.95037,-0.90723,0.21244,-0.86157,-0.80943,-0.74093,-0.67242,-0.60392,-0.53542,-0.46528,-0.37395,-0.30017,-0.22103,0.19719,-0.12969,-0.03836,0.052976,0.15703,0.2654,0.35673,0.46979,0.56915,0.66837,0.78157,0.18269,0.87291,0.98113,1.0853,1.1767,1.268,1.3404,1.4209,1.5071,1.5756,1.6441,0.18269,1.6985,1.7442,1.7895,1.8124,1.8352,1.858,1.8809,1.9037,1.9082,1.8741,0.18269,1.8145,1.7917,1.6466,1.5406,1.4394,1.2567,1.1639,1.0725,0.97257,0.8567,0.18269,0.71969,0.60032,0.48615,0.36819,0.23118,0.11389,-0.000278,-0.16733,-0.487,-0.58875,0.33144,0.18269,-0.68009,-0.77142,-0.86171,-0.93022,-0.99872,-1.0572,-1.1028,-1.1485,-1.1751,-1.198,0.18269,-1.2208,-1.2436,-1.2454,-1.2311,-1.2083,-1.1855,-1.1626,-1.1235,-1.0685,-0.99998,0.18269,-0.93148,-0.86298,-0.79448,-0.72144,-0.6301,-0.53877,-0.4339,-0.32635,-0.23501,-0.12114,0.2021,-0.022592,0.077446,0.19161,0.30578,0.41995,0.53412,0.64829,0.76246,0.85684,0.96105,0.21244,1.0693,1.1606,1.2519,1.3433,1.4346,1.5248,1.5933,1.6618,1.7202,1.7659,0.20686,1.8115,1.8572,1.8907,1.9082,1.9082,1.9294,1.938,1.9306,1.9069,1.8384,0.18403,1.8026,1.7042,1.5164,1.4708,1.3329,1.2076,1.0978,0.91516,0.79407,0.6799,0.010729,0.56573,0.45156,0.33739,0.23892,0.13881,0.024638,-0.089531,-0.39924,-0.63427,-0.72166,-0.084473,-0.79016,-0.83881,-0.89742,-0.95989,-1.0056,-1.0512,-1.0819,-1.1047,-1.1275,-1.1504,-0.1378,-1.1732,-1.196,-1.2156,-1.2156,-1.2348,-1.2454,-1.2454,-1.2454,-1.2454,-1.2454,0.33144,-0.20556,-1.2379,-1.2156,-1.2156,-1.2156,-1.2156,-1.213,-1.1902,-1.1859,-1.1742,-1.1561,-0.25123,-1.1561,-1.1355,-1.1263,-1.1196,-1.0967,-1.0739,-1.0511,-1.0282,-1.0054,-0.98258,-0.31356,-0.95974,-0.93691,-0.91408,-0.89124,-0.86841,-0.84557,-0.82274,-0.79991,-0.77707,-0.75424,-0.38206,-0.73141,-0.70857,-0.68574,-0.6629,-0.64007,-0.61724,-0.5944,-0.57157,-0.54874,-0.5259,-0.44773,-0.50307,-0.48023,-0.44297,-0.40482,-0.38198,-0.35915,-0.33631,-0.31348,-0.28797,-0.2423,-0.4934,-0.21523,-0.19239,-0.16956,-0.14673,-0.12389,-0.10106,-0.078226,-0.055392,-0.032558,-0.009724,-0.55781,0.013109,0.033935,0.033935,0.05186,0.074694,0.093437,0.093437,0.11344,0.12319,0.11701,-0.63814,0.094181,0.071347,0.063686,0.05543,0.033935,0.033935,0.01668,0.004184,0.004184,0.004184,-0.72456,-0.015154,-0.025567,-0.025567,-0.025567,-0.025567,-0.025567,-0.025567,-0.025567,-0.025567,-0.025567,-0.79306,-0.025567,-0.025567,-0.025567,-0.044235,-0.055318,-0.060152,-0.082986,-0.10582,0.32936,-0.86157,-0.93007,-0.99857,-1.0671,-1.1356,-1.1881,-1.2337,-1.2794,-1.3251,-1.3708,0.30653,-1.4053,-1.4281,-1.4509,-1.4738,-1.4834,-1.4834,-1.4834,-1.4834,-1.468,-1.4368,0.30169,-1.3911,-1.3455,-1.2998,-1.2436,-1.1751,-1.1066,-1.0187,-0.92732,-0.83598,-0.74465,0.30169,-0.65331,-0.54732,-0.43315,-0.31898,-0.20482,-0.090647,0.023522,0.13769,0.25186,0.36603,0.29753,0.4802,0.59437,0.70854,0.8227,0.93687,1.051,1.1652,1.2794,1.3775,1.4688,0.27469,1.5602,1.6515,1.7247,1.7819,1.8276,1.8733,1.9189,1.9513,1.9741,1.997,2.0,2.0
2.016,1.9324,1.5927,-0.66128,-0.67985,-0.69842,-0.71699,-0.73556,-0.75414,-0.77271,-0.79128,-0.80985,-0.82843,1.5422,-0.847,-0.86557,-0.88414,-0.90283,-0.93069,-0.94528,-0.95843,-0.977,-0.99557,-1.0217,1.4858,-1.0448,-1.0633,-1.0819,-1.1005,-1.1191,-1.1376,-1.1562,-1.1748,-1.1934,-1.2119,1.4488,-1.2305,-1.2491,-1.2676,-1.2862,-1.3048,-1.3234,-1.3419,-1.3546,-1.367,-1.3856,1.421,-1.4042,-1.4227,-1.4372,-1.4478,-1.4664,-1.4771,-1.4864,-1.4957,-1.505,-1.5231,1.3865,-1.5356,-1.5449,-1.5537,-1.5537,-1.5607,-1.57,-1.5778,-1.5778,-1.5858,-1.5847,1.3339,-1.5778,-1.5778,-1.5689,-1.5596,-1.5503,-1.5416,-1.5416,-1.5345,-1.5252,-1.516,1.265,-1.5067,-1.4893,-1.476,-1.4642,-1.4456,-1.4271,-1.4085,-1.3899,-1.3714,-1.3528,1.2372,-1.327,-1.3036,-1.2833,-1.2555,-1.2276,-1.1997,-1.1719,-1.144,-1.1162,-1.0883,1.1789,-1.0605,-1.0326,-1.0047,-0.97688,-0.94902,-0.92117,-0.89331,-0.86545,-0.84314,-0.82179,1.8944,1.1284,-0.79393,-0.77536,-0.75679,-0.73822,-0.71965,-0.70107,-0.6825,-0.66393,-0.64536,-0.62679,1.0933,-0.60821,-0.58964,-0.57107,-0.5525,-0.53393,-0.51535,-0.50064,-0.49027,-0.4717,-0.45312,1.0654,-0.43938,-0.43009,-0.4208,-0.40296,-0.39017,-0.38089,-0.3716,-0.36231,-0.35303,-0.34374,1.029,-0.33566,-0.33566,-0.32794,-0.31866,-0.31154,-0.31154,-0.30286,-0.29357,-0.28429,-0.27536,0.9803,-0.27536,-0.27536,-0.27126,-0.2633,-0.2633,-0.25546,-0.25124,-0.24895,-0.23967,-0.23038,0.93363,-0.22712,-0.22387,-0.21458,-0.2053,-0.19601,-0.18672,-0.17744,-0.16815,-0.15887,-0.14958,0.90553,-0.14029,-0.13101,-0.1128,-0.10038,-0.09109,-0.081804,-0.072518,-0.056116,-0.041886,-0.0326,0.86839,-0.023314,-0.014028,-0.004742,0.004544,0.01383,0.023116,0.032402,0.041688,0.050974,0.06026,0.82449,0.069546,0.078833,0.088119,0.097405,0.09849,0.10392,0.1132,0.12249,0.13177,0.13467,0.78602,0.13829,0.14757,0.15686,0.16615,0.17543,0.18291,0.18291,0.19123,0.19497,0.19774,1.8759,0.75937,0.20703,0.20703,0.21354,0.21909,0.22005,0.22934,0.23115,0.23585,0.24514,0.25442,0.74079,0.26371,0.273,0.28228,0.29157,0.30085,0.31014,0.31943,0.32871,0.338,0.35488,0.69907,0.36863,0.37997,0.39854,0.41711,0.43568,0.45425,0.47283,0.4914,0.51672,0.54458,0.66747,0.57244,0.6003,0.62816,0.65601,0.68604,0.72319,0.75165,0.77951,0.8105,0.84728,0.64239,0.87514,0.90987,0.94292,0.97077,0.99863,1.0265,1.0543,1.0822,1.1101,1.1379,0.59596,1.1658,1.1936,1.221,1.2396,1.2652,1.293,1.3209,1.3487,1.3766,1.4044,0.58426,1.4323,1.4602,1.4791,1.4977,1.5196,1.5469,1.5654,1.584,1.6026,1.6212,0.54543,1.6397,1.6664,1.6889,1.7075,1.7261,1.7447,1.7632,1.7783,1.7883,1.8069,0.50225,1.8182,1.832,1.8488,1.8581,1.8674,1.8767,1.886,1.8953,1.9046,1.9138,0.48332,1.9231,1.9324,1.9417,1.9363,1.9316,1.9298,1.9205,1.9112,1.8515,0.45546,0.40698,0.35126,0.30218,0.29289,0.28361,0.27432,0.26504,0.25575,0.24646,1.7772,0.21306,0.17965,0.17037,0.16108,0.15179,0.12562,0.083536,0.064964,0.030473,0.008886,1.7403,-0.007636,-0.04478,-0.055152,-0.064438,-0.073724,-0.084819,-0.12196,-0.13776,-0.16441,-0.20457,1.6983,-0.21386,-0.22314,-0.25366,-0.28996,-0.29924,-0.30853,-0.31154,-0.32203,-0.34845,-0.35773,1.6484,-0.35978,-0.36424,-0.38197,-0.43769,-0.4524,-0.46169,-0.47097,-0.48026,-0.48955,-0.50522,1.6206,-0.52018,-0.52946,-0.53875,-0.55539,-0.56938,-0.58048,-0.59905,-0.61762,-0.63619,-0.65199,1.0,1.0
-0.88833,-0.90758,-0.91673,-1.4948,-1.4467,-1.3987,-1.3507,-1.3169,-1.2738,-1.2303,-1.197,-1.1631,-1.1202,-0.92683,-1.0765,-1.0434,-1.0092,-0.98522,-0.94195,-0.91793,-0.89391,-0.85146,-0.82663,-0.80261,-0.94551,-0.76512,-0.73533,-0.70756,-0.66804,-0.64403,-0.62001,-0.57674,-0.55273,-0.5418,-0.52394,-0.96952,-0.49993,-0.47591,-0.4519,-0.42788,-0.40386,-0.38779,-0.37508,-0.35106,-0.33003,-0.32228,-0.99354,-0.29827,-0.29153,-0.27228,-0.26472,-0.2407,-0.21669,-0.19267,-0.16865,-0.15677,-0.13987,-1.0038,-0.11586,-0.091841,-0.067824,-0.043808,-0.019791,0.004225,0.028242,0.052258,0.076275,0.10029,-1.0038,0.13586,0.16758,0.19159,0.21561,0.25098,0.28289,0.30691,0.33733,0.37419,0.39821,-1.0038,0.42223,0.45245,0.48951,0.51353,0.53754,0.56758,0.60483,0.62885,0.65286,0.67688,-1.0038,0.7009,0.74027,0.76818,0.79783,0.83546,0.85948,0.90275,0.92677,0.96099,0.99405,-1.0038,1.0181,1.0421,1.0661,1.0901,1.1141,1.1331,1.1429,1.1669,1.1909,1.2101,-0.90758,-0.98555,1.2197,1.2437,1.2678,1.2918,1.3158,1.3398,1.3638,1.3878,1.4119,1.4359,-0.98459,1.4411,1.4647,1.4887,1.4989,1.5175,1.5374,1.5462,1.5703,1.5943,1.6183,-0.98459,1.6423,1.6529,1.6711,1.6951,1.7191,1.7431,1.7672,1.7719,1.7877,1.8007,-0.97126,1.8069,1.8295,1.8454,1.8454,1.8278,1.823,1.8069,1.7942,1.7702,1.7462,-0.96534,1.7222,1.6982,1.6569,1.6282,1.5876,1.5513,1.5033,1.4578,1.4265,1.3785,-0.96173,1.3304,1.3016,1.2536,1.2175,1.1768,1.1309,1.1,1.0519,1.0204,0.97711,-0.94609,0.94635,0.90982,0.88581,0.84076,0.79273,0.756,0.73199,0.70797,0.68395,0.67106,-0.94609,0.65517,0.63116,0.6133,0.60238,0.59405,0.5748,0.56883,0.55555,0.54005,0.51603,-0.94609,0.49201,0.468,0.44398,0.41915,0.3767,0.35268,0.32866,0.30465,0.28063,0.25661,-0.94267,0.2326,0.22827,0.22307,0.20902,0.20902,0.20902,0.20902,0.20902,0.20902,0.20902,-0.90758,-0.92683,0.20902,0.20902,0.20902,0.20902,0.20902,0.20902,0.20902,0.20902,0.18976,0.18976,-0.92683,0.18976,0.18976,0.18976,0.18976,0.18976,0.18976,0.18976,0.18976,0.18976,0.18976,-0.92683,0.19361,0.20902,0.20902,0.20902,0.20902,0.21744,0.22827,0.22827,0.22827,0.22827,-0.92361,0.22827,0.24603,0.24752,0.24752,0.24752,0.24752,0.24752,0.24752,0.24752,0.24752,-0.90758,0.24752,0.24752,0.24752,0.24752,0.24752,0.2326,0.20902,0.20902,0.21152,0.22827,-0.90758,0.22827,0.21147,0.20902,0.20902,0.20902,0.20902,0.20902,0.20902,0.20902,0.20902,-0.90758,0.20902,0.20902,0.20902,0.22523,0.22827,0.22827,0.22827,0.22827,0.24752,0.24752,-0.88833,0.25859,0.26677,0.26677,0.26677,0.26677,0.28241,0.28602,0.28602,0.28602,0.28602,-0.88833,0.28602,0.28602,0.28602,0.28602,0.26677,0.26677,0.26677,0.26677,0.26677,0.26677,-0.88833,0.26677,0.26677,0.26716,0.28602,0.28602,0.3007,0.30527,0.30527,-0.90758,-0.871,-0.86908,-0.86908,-0.86908,-0.85195,-0.84983,-0.84983,-0.84983,-0.84983,-0.83058,-0.90758,-0.83058,-0.83058,-0.83058,-0.84983,-0.84983,-0.84983,-0.91605,-0.95643,-1.0492,-1.0732,-0.90758,-1.0972,-1.2175,-1.2415,-1.2541,-1.3511,-1.3973,-1.4851,-1.5412,-1.5974,-1.6021,-0.90758,-1.6512,-1.7162,-1.7319,-1.7406,-1.8306,-1.881,-1.9674,-2.0638,-2.1113,-2.2101,-0.90758,-2.2359,-2.1965,-2.1782,-2.1677,-2.1437,-2.1197,-2.0957,-2.0614,-2.0284,-1.9851,-0.90758,-1.9558,-1.9179,-1.879,-1.831,-1.783,-1.7349,-1.6869,-1.6389,-1.5908,-1.5428,4.0,4.0
-2.1094,-2.0277,-1.7979,-0.94487,-0.96302,-0.9879,-1.0223,-1.0314,-1.0544,-1.0774,-1.0926,-1.0926,-1.0926,-1.7745,-1.0926,-1.0926,-1.0926,-1.084,-1.075,-1.0628,-1.0447,-1.0265,-1.0084,-0.99021,-1.7497,-0.97206,-0.95391,-0.92826,-0.85821,-0.7654,-0.72911,-0.70115,-0.67393,-0.64671,-0.6194,-1.7316,-0.5831,-0.55322,-0.526,-0.49878,-0.47156,-0.44433,-0.41711,-0.38989,-0.36267,-0.34352,-1.7134,-0.32005,-0.2954,-0.27725,-0.25911,-0.24096,-0.22281,-0.20531,-0.19624,-0.18717,-0.17809,-1.6953,-0.16902,-0.15994,-0.15087,-0.14685,-0.14455,-0.13547,-0.13503,-0.13503,-0.13503,-0.13503,-1.6805,-0.13503,-0.13503,-0.13899,-0.14685,-0.14685,-0.15439,-0.15867,-0.16071,-0.16979,-0.17886,-1.6708,-0.18793,-0.19701,-0.20608,-0.21516,-0.22423,-0.237,-0.2542,-0.26327,-0.27962,-0.31585,-1.6527,-0.36143,-0.3705,-0.40387,-0.41877,-0.41877,-0.41877,-0.41877,-0.41259,-0.40352,-0.39444,-1.6414,-0.38537,-0.3763,-0.36297,-0.34482,-0.32667,-0.30069,-0.27855,-0.24406,-0.1624,-0.13269,-1.984,-1.6323,-0.10547,-0.075089,-0.039208,-0.011987,0.021974,0.054278,0.082741,0.11904,0.14776,0.1798,-1.6233,0.21403,0.24125,0.27687,0.30752,0.33474,0.36196,0.38918,0.4164,0.44362,0.46987,-1.6142,0.48802,0.50616,0.52431,0.54246,0.56061,0.57063,0.5797,0.58877,0.59785,0.60692,-1.6206,0.61599,0.62161,0.62232,0.63139,0.63343,0.63772,0.64525,0.64525,0.64525,0.64525,-1.6296,0.64289,0.63382,0.63343,0.62749,0.61842,0.60934,0.60027,0.5912,0.58212,0.57305,-1.6387,0.56398,0.54731,0.53401,0.52283,0.50469,0.48654,0.47407,0.46207,0.44339,0.39802,-1.6478,0.37216,0.3465,0.31322,0.30415,0.3024,0.3024,0.30424,0.31331,0.32238,0.33687,-1.6398,0.35235,0.36143,0.37949,0.40387,0.4276,0.44649,0.47371,0.56451,0.63456,0.66178,-1.6307,0.689,0.71622,0.74344,0.77066,0.79788,0.8251,0.85233,0.87955,0.90629,0.92444,-1.6216,0.94259,0.96479,0.98941,0.99848,1.0152,1.0285,1.0375,1.0466,1.0557,1.0647,-1.9604,-1.6125,1.0738,1.0829,1.092,1.101,1.1101,1.1182,1.1182,1.1255,1.13,1.1318,-1.6035,1.1409,1.1418,1.1472,1.1536,1.1536,1.1626,1.1654,1.169,1.1773,1.1773,-1.5878,1.1773,1.1816,1.1891,1.1891,1.1891,1.1891,1.1891,1.1891,1.1978,1.2009,-1.5696,1.2009,1.2009,1.2009,1.1941,1.1891,1.1891,1.1891,1.1891,1.1891,1.1891,-1.5515,1.1891,1.1891,1.1891,1.1891,1.1889,1.1798,1.1773,1.1773,1.1773,1.1773,-1.5333,1.1699,1.1654,1.1654,1.1654,1.1572,1.1536,1.1536,1.1536,1.1446,1.1418,-1.5152,1.1418,1.141,1.1319,1.13,1.13,1.1284,1.1193,1.1182,1.1234,1.1324,-1.497,1.1415,1.1506,1.1597,1.1687,1.1778,1.1869,1.2028,1.221,1.2391,1.2572,-1.4789,1.2754,1.2985,1.3257,1.3529,1.3801,1.4074,1.4346,1.4621,1.4984,1.5347,-1.4607,1.571,1.6083,1.6537,1.6991,1.7444,1.7898,1.8352,1.8806,-1.9414,-1.4343,-1.4126,-1.3945,-1.3763,-1.3582,-1.3337,-1.3101,-1.2919,-1.2738,-1.2484,-1.9142,-1.2257,-1.2075,-1.1894,-1.1712,-1.1531,-1.1349,-1.1168,-1.0986,-1.0805,-1.0623,-1.8941,-1.0442,-1.026,-1.0079,-0.98974,-0.97017,-0.94295,-0.92347,-0.90532,-0.88718,-0.86903,-1.8715,-0.84231,-0.82091,-0.80276,-0.78462,-0.76647,-0.75497,-0.742,-0.725,-0.71593,-0.70685,-1.8443,-0.70251,-0.70251,-0.70251,-0.70251,-0.70251,-0.70532,-0.71439,-0.72346,-0.73254,-0.74525,-1.8171,-0.76251,-0.77158,-0.78787,-0.80601,-0.82416,-0.84231,-0.86046,-0.8786,-0.89929,-0.92651,5.0,5.0
1.6683,1.547,1.4317,-1.1001,-1.1212,-1.1423,-1.1635,-1.1846,-1.2032,-1.2168,-1.238,-1.2591,-1.2757,1.4156,-1.2913,-1.3125,-1.3336,-1.3547,-1.3688,-1.387,-1.4,-1.4192,-1.4312,-1.4418,1.3824,-1.4524,-1.4529,-1.4625,-1.464,-1.4745,-1.4826,-1.4856,-1.4962,-1.5027,-1.5073,1.3532,-1.5178,-1.5284,-1.539,-1.5495,-1.5531,-1.5606,-1.5712,-1.5817,-1.5923,-1.5933,1.3039,-1.6034,-1.6135,-1.6145,-1.625,-1.6316,-1.621,-1.6135,-1.6099,-1.5994,-1.5888,1.248,-1.5732,-1.5576,-1.547,-1.5299,-1.5088,-1.4876,-1.4745,-1.4554,-1.4343,-1.4131,1.2274,-1.392,-1.3703,-1.3396,-1.3185,-1.2974,-1.2737,-1.245,-1.2203,-1.1927,-1.1715,1.2083,-1.1454,-1.1192,-1.098,-1.0704,-1.0457,-1.0246,-1.0034,-0.97371,-0.95106,-0.92992,1.1418,-0.90878,-0.88764,-0.86751,-0.85543,-0.83429,-0.81567,-0.80208,-0.78446,-0.76986,-0.75325,1.1156,-0.73765,-0.72205,-0.71148,-0.70091,-0.69034,-0.67977,-0.6692,-0.65863,-0.64806,-0.63749,1.5364,1.0945,-0.63698,-0.62641,-0.61685,-0.61534,-0.60477,-0.5942,-0.58363,-0.57306,-0.56651,-0.56198,1.0834,-0.55645,-0.55091,-0.54638,-0.53984,-0.52927,-0.5187,-0.50813,-0.49756,-0.48699,-0.47642,1.0583,-0.46585,-0.45477,-0.43464,-0.42407,-0.41149,-0.39286,-0.38229,-0.3682,-0.35109,-0.33599,1.0009,-0.31988,-0.30377,-0.28867,-0.27156,-0.25747,-0.2469,-0.22827,-0.21569,-0.19606,-0.18448,0.9737,-0.17391,-0.16334,-0.15277,-0.1422,-0.13163,-0.12106,-0.11351,-0.10999,-0.099418,-0.093378,0.9284,-0.088344,-0.077774,-0.073244,-0.066701,-0.063178,-0.055628,-0.053111,-0.044554,-0.033984,-0.023414,0.8982,-0.012844,-0.002777,-0.001771,0.0088,0.01937,0.027423,0.030443,0.041013,0.051583,0.062153,0.85592,0.072723,0.083293,0.093863,0.10443,0.115,0.12557,0.13614,0.14671,0.15728,0.16785,0.81867,0.17842,0.18899,0.19956,0.21013,0.2207,0.23127,0.24486,0.26248,0.27305,0.28362,0.77337,0.29922,0.31483,0.33144,0.34604,0.35661,0.36718,0.3858,0.39838,0.40895,0.42909,1.5259,0.73713,0.44016,0.45174,0.48143,0.49351,0.51264,0.52573,0.54385,0.55794,0.57505,0.59015,0.70089,0.60626,0.61683,0.63344,0.65458,0.66867,0.68679,0.70793,0.72052,0.74015,0.75172,0.68579,0.77236,0.79401,0.82471,0.84585,0.86498,0.87806,0.89618,0.91028,0.92739,0.94249,0.66867,0.9586,0.96917,0.98578,1.0004,1.018,1.0391,1.0603,1.0729,1.0834,1.1036,0.6123,1.1146,1.1252,1.1368,1.1564,1.167,1.1801,1.1982,1.2088,1.2193,1.2299,0.57606,1.2405,1.251,1.2616,1.2722,1.2827,1.2933,1.3039,1.3145,1.325,1.3356,0.56297,1.3462,1.3567,1.3673,1.3779,1.3884,1.4015,1.4197,1.4302,1.4408,1.4514,0.54385,1.4619,1.4725,1.4831,1.4871,1.5012,1.5148,1.5254,1.5359,1.5465,1.5571,0.52271,1.5676,1.5782,1.5888,1.5978,1.5998,1.6079,1.6109,1.6215,1.6321,1.6426,0.50157,1.6532,1.6638,1.6743,1.6849,1.6955,1.7061,1.7086,1.6915,1.5153,0.49049,0.46935,0.44922,0.43261,0.38379,0.35711,0.33446,0.2957,0.28513,0.27456,1.5047,0.24386,0.19101,0.16232,0.12557,0.10091,0.06014,0.039503,-0.005294,-0.040024,-0.052608,1.4941,-0.063178,-0.10445,-0.12962,-0.187,-0.20613,-0.21921,-0.23733,-0.262,-0.30277,-0.3375,1.4836,-0.37021,-0.40293,-0.43766,-0.47843,-0.50309,-0.51366,-0.54839,-0.59067,-0.63296,-0.66567,1.469,-0.67725,-0.72809,-0.73966,-0.75929,-0.76986,-0.78295,-0.80107,-0.81516,-0.83228,-0.84738,1.4478,-0.86852,-0.88966,-0.9108,-0.93194,-0.95308,-0.98177,-1.0054,-1.0266,-1.0568,-1.0789,1.0,1.0
-2.2921,-2.0787,-1.818,-0.95752,-0.93897,-0.92041,-0.89944,-0.8716,-0.85203,-0.83347,-0.81351,-0.78568,-0.76508,-1.8091,-0.74271,-0.71526,-0.6967,-0.67192,-0.64408,-0.61624,-0.59705,-0.57328,-0.54544,-0.51761,-1.8091,-0.4974,-0.47465,-0.44757,-0.42901,-0.40385,-0.37919,-0.36063,-0.34207,-0.32352,-0.30496,-1.8091,-0.2864,-0.26784,-0.24929,-0.23073,-0.21217,-0.19361,-0.17505,-0.1565,-0.13794,-0.12536,-1.8091,-0.11354,-0.094978,-0.07642,-0.06282,-0.053541,-0.044262,-0.027611,-0.012994,-0.004223,-0.004223,-1.8091,0.002132,0.011411,0.02069,0.021198,0.021198,0.021198,0.021198,0.021198,0.016876,0.007598,-1.8091,-0.001681,-0.01096,-0.023544,-0.042101,-0.060659,-0.073497,-0.085063,-0.10362,-0.12218,-0.14074,-1.8039,-0.15802,-0.1673,-0.1837,-0.20226,-0.22056,-0.22984,-0.23912,-0.25373,-0.28157,-0.28386,-1.7964,-0.28386,-0.28386,-0.28386,-0.27636,-0.26708,-0.2578,-0.24852,-0.23924,-0.22997,-0.22069,-1.7964,-0.20251,-0.18942,-0.18014,-0.17086,-0.1537,-0.13959,-0.12523,-0.069556,-0.041338,-0.022781,-1.9823,-1.7964,-0.004223,0.014334,0.032892,0.049035,0.058313,0.075854,0.094412,0.11297,0.13153,0.15008,-1.7922,0.16864,0.1872,0.20576,0.22431,0.24287,0.26143,0.27999,0.30376,0.33159,0.35943,-1.7837,0.37964,0.40239,0.42947,0.44802,0.46658,0.48832,0.51615,0.53496,0.55352,0.57208,-1.7837,0.59064,0.60919,0.62318,0.6336,0.65216,0.66372,0.67656,0.69499,0.70427,0.71355,-1.7771,0.72283,0.73211,0.74139,0.75066,0.75994,0.76922,0.7785,0.78778,0.79655,0.79655,-1.7678,0.79655,0.79947,0.80875,0.80926,0.80926,0.80735,0.79808,0.79655,0.79223,0.78295,-1.7586,0.77367,0.76439,0.75511,0.74583,0.73656,0.72728,0.71571,0.69715,0.67859,0.66474,-1.7493,0.65419,0.63563,0.62419,0.61123,0.59292,0.58365,0.56827,0.54971,0.53115,0.52111,-1.74,0.51183,0.5042,0.5042,0.4967,0.49149,0.49149,0.49149,0.49798,0.5042,0.5042,-1.7286,0.5131,0.52238,0.53166,0.54094,0.55022,0.5595,0.56877,0.57805,0.58733,0.59661,-1.9544,-1.71,0.60589,0.61517,0.62445,0.63373,0.643,0.70186,0.73783,0.74711,0.75638,0.77291,-1.6994,0.78765,0.79731,0.81587,0.8282,0.84027,0.85883,0.86875,0.88324,0.90179,0.92035,-1.6856,0.93128,0.94476,0.96331,0.98187,0.99382,1.0063,1.0248,1.0434,1.0619,1.0805,-1.667,1.0991,1.1176,1.1316,1.142,1.1606,1.1791,1.1941,1.2034,1.2127,1.222,-1.6485,1.2313,1.2405,1.2498,1.2541,1.2557,1.2649,1.2668,1.2708,1.2796,1.2796,-1.6299,1.2859,1.2923,1.2923,1.2923,1.2923,1.2923,1.2923,1.2923,1.2879,1.2796,-1.6078,1.2796,1.2796,1.2763,1.267,1.2668,1.2668,1.2646,1.2553,1.2541,1.2541,-1.5801,1.2529,1.2436,1.2414,1.2451,1.2541,1.2541,1.2602,1.2722,1.2907,1.3008,-1.5615,1.3151,1.3337,1.3523,1.3708,1.3894,1.4079,1.4265,1.4515,1.4763,1.4949,-1.543,1.5134,1.532,1.5485,1.5578,1.5671,1.5764,1.5856,1.5949,-1.9266,-1.5219,-1.494,-1.4662,-1.4433,-1.4232,-1.3954,-1.3602,-1.327,-1.2992,-1.2714,-1.907,-1.2435,-1.2157,-1.1878,-1.16,-1.1375,-1.117,-1.0892,-1.0691,-1.0506,-1.0329,-1.8836,-1.0236,-1.0076,-0.99235,-0.98307,-0.97379,-0.97024,-0.96795,-0.95867,-0.95752,-0.96223,-1.8586,-0.97024,-0.97024,-0.97735,-0.98663,-0.99617,-1.0147,-1.0333,-1.0492,-1.0584,-1.0762,-1.8493,-1.0948,-1.1134,-1.1319,-1.1505,-1.165,-1.1749,-1.1934,-1.2055,-1.2148,-1.2241,-1.8328,-1.2156,-1.2117,-1.2077,-1.1891,-1.1784,-1.1647,-1.1472,-1.1379,-1.1217,-1.0689,5.0,5.0
-2.2312,-2.1711,-1.9858,-0.547,-0.547,-0.547,-0.547,-0.547,-0.547,-0.547,-0.547,-0.5574,-0.5574,-1.9592,-0.5574,-0.56779,-0.56779,-0.56779,-0.56779,-0.57819,-0.57819,-0.57819,-0.58859,-0.58859,-1.9326,-0.59482,-0.59898,-0.60938,-0.60938,-0.61977,-0.63017,-0.64057,-0.65096,-0.65969,-0.6782,-1.9074,-0.71334,-0.74453,-0.74453,-0.73413,-0.73413,-0.72373,-0.7229,-0.71334,-0.71334,-0.70294,-1.8794,-0.69255,-0.69255,-0.68215,-0.67175,-0.66136,-0.6416,-0.5574,-0.54014,-0.52163,-0.50313,-1.86,-0.48463,-0.45572,-0.43722,-0.40832,-0.38981,-0.37131,-0.3528,-0.3343,-0.31579,-0.28689,-1.8415,-0.26839,-0.24988,-0.23138,-0.21287,-0.19437,-0.17586,-0.15736,-0.13885,-0.12035,-0.10184,-1.823,-0.083339,-0.064834,-0.056726,-0.038221,-0.030112,-0.016805,-0.006409,0.004611,0.014383,0.031225,-1.8045,0.049729,0.068234,0.076759,0.094848,0.10296,0.11107,0.11917,0.12874,0.13914,0.14953,-1.786,0.15993,0.17012,0.17032,0.18072,0.19112,0.20151,0.21066,0.2223,0.2327,0.24538,-2.1526,-1.7675,0.25349,0.26389,0.26971,0.27428,0.28468,0.28468,0.28468,0.29508,0.29508,0.29508,-1.7529,0.29508,0.28905,0.28468,0.27428,0.26472,0.25661,0.2485,0.2327,0.23228,0.2223,-1.7409,0.20567,0.19112,0.1724,0.12874,0.11834,0.11315,0.10795,0.10795,0.10795,0.10795,-1.7224,0.10795,0.10795,0.10795,0.10795,0.10795,0.10795,0.11834,0.11834,0.11834,0.12874,-1.7039,0.13082,0.13914,0.19444,0.2223,0.2327,0.24413,0.26264,0.27761,0.28925,0.29736,-1.6854,0.30547,0.32398,0.34248,0.36099,0.37949,0.40735,0.4269,0.44062,0.45351,0.47202,-1.6669,0.49052,0.51942,0.53793,0.55643,0.57494,0.59344,0.61195,0.63045,0.64896,0.66746,-1.6484,0.68596,0.70447,0.71258,0.73108,0.74959,0.76809,0.7866,0.8051,0.81488,0.83172,-1.6298,0.83983,0.84793,0.86644,0.87455,0.88266,0.89077,0.89804,0.90698,0.90844,0.91884,-1.6113,0.92091,0.92923,0.93713,0.93963,0.93963,0.95002,0.95002,0.93963,0.93963,0.93963,-2.1341,-1.5928,0.92923,0.92112,0.91884,0.9049,0.88765,0.86893,0.84939,0.83567,0.82278,0.80427,-1.5743,0.79408,0.77766,0.75915,0.73483,0.69012,0.68285,0.68472,0.69012,0.70052,0.70904,-1.5558,0.71715,0.72526,0.73337,0.7421,0.75998,0.76809,0.78369,0.79471,0.80448,0.82132,-1.5373,0.83567,0.92071,0.94919,0.9993,1.0178,1.0363,1.0444,1.0629,1.0814,1.1103,-1.5188,1.1268,1.1369,1.1554,1.1683,1.1821,1.2006,1.2191,1.2307,1.2457,1.2642,-1.5003,1.2827,1.2931,1.3035,1.3139,1.3243,1.3336,1.3417,1.3451,1.3555,1.3557,-1.4818,1.3659,1.3719,1.3763,1.3867,1.3867,1.3971,1.3971,1.3998,1.4074,1.4074,-1.4633,1.4074,1.4035,1.3971,1.3971,1.4045,1.4126,1.4312,1.4497,1.4682,1.4867,-1.4448,1.5093,1.5359,1.563,1.5919,1.6208,1.6497,1.669,1.6971,1.7156,1.7341,-1.4263,1.7526,1.7711,1.7896,1.8081,1.8266,1.8451,1.8636,1.8821,-2.1155,-1.4078,-1.3893,-1.3708,-1.3579,-1.3442,-1.3257,-1.3255,-1.3267,-1.3163,-1.3163,-2.097,-1.3059,-1.3059,-1.2955,-1.292,-1.2839,-1.2654,-1.2573,-1.234,-1.2099,-1.1911,-2.0785,-1.1624,-1.1439,-1.115,-1.0965,-1.078,-1.0491,-1.0306,-1.0017,-0.97282,-0.95432,-2.06,-0.92542,-0.90691,-0.88841,-0.8699,-0.8514,-0.83289,-0.81439,-0.79588,-0.77738,-0.75887,-2.039,-0.74453,-0.73226,-0.72373,-0.70564,-0.69754,-0.67903,-0.67092,-0.65242,-0.64431,-0.63017,-2.0126,-0.61769,-0.60938,-0.59898,-0.58859,-0.57819,-0.57715,-0.56779,-0.56093,-0.5574,-0.547,5.0,5.0
-2.2989,-2.0555,-1.7198,-0.80949,-0.82055,-0.83161,-0.84268,-0.85374,-0.8648,-0.87586,-0.91529,-0.93507,-0.94613,-1.6866,-0.95719,-0.97252,-0.99167,-1.0027,-1.0134,-1.0134,-1.0134,-1.0134,-1.0134,-1.0072,-1.6626,-0.99612,-0.98506,-0.974,-0.96294,-0.95187,-0.94081,-0.92023,-0.89811,-0.87599,-0.85386,-1.6404,-0.80146,-0.72309,-0.70097,-0.67841,-0.64523,-0.62224,-0.60011,-0.57039,-0.54351,-0.51638,-1.6183,-0.4869,-0.46477,-0.44265,-0.42052,-0.3984,-0.37628,-0.36243,-0.34439,-0.32795,-0.31689,-1.5962,-0.30274,-0.2824,-0.27085,-0.24872,-0.23686,-0.21683,-0.20237,-0.18495,-0.16789,-0.15306,-1.578,-0.13341,-0.12117,-0.099045,-0.087859,-0.076797,-0.065735,-0.054673,-0.043611,-0.036999,-0.033847,-1.567,-0.022785,-0.011723,-0.000661,8.1e-05,0.009104,0.012441,0.018868,0.024801,0.024801,0.024801,-1.5559,0.023565,0.012503,0.012441,0.002738,-0.008324,-0.012279,-0.018088,-0.02915,-0.036999,-0.038914,-1.5448,-0.049358,-0.049358,-0.059741,-0.061718,-0.069505,-0.074078,-0.10522,-0.15213,-0.16319,-0.17425,-1.9976,-1.5338,-0.18532,-0.19638,-0.20744,-0.21004,-0.21721,-0.2224,-0.2224,-0.2224,-0.2224,-0.2224,-1.5325,-0.2224,-0.21195,-0.21004,-0.20219,-0.19113,-0.18006,-0.12945,-0.031684,-0.00956,0.012565,-1.5325,0.034689,0.066639,0.091297,0.11342,0.13555,0.15767,0.17979,0.20192,0.22478,0.25797,-1.5325,0.28065,0.30277,0.3249,0.34702,0.36915,0.38725,0.40103,0.42316,0.44528,0.46741,-1.5325,0.47964,0.4993,0.52142,0.54354,0.56567,0.58779,0.60782,0.61968,0.6418,0.65336,-1.5325,0.66442,0.67549,0.67987,0.68525,0.69223,0.69223,0.69223,0.69242,0.70348,0.70459,-1.5325,0.70459,0.70459,0.69854,0.69223,0.69223,0.69223,0.69137,0.68031,0.67987,0.67054,-1.5325,0.66751,0.66078,0.64971,0.63865,0.62759,0.61653,0.60547,0.5944,0.58334,0.57228,-1.5325,0.56122,0.55016,0.53909,0.52803,0.51697,0.50591,0.49485,0.49448,0.48508,0.48212,-1.5325,0.47532,0.46976,0.46976,0.46976,0.46976,0.46945,0.45838,0.46747,0.46976,0.46976,-1.956,-1.522,0.46976,0.47464,0.4857,0.49676,0.50782,0.51889,0.52995,0.55047,0.56443,0.62351,-1.5202,0.67308,0.6884,0.71053,0.73265,0.75477,0.7769,0.79902,0.82115,0.85081,0.87775,-1.5202,0.89988,0.92565,0.95649,0.97966,1.0128,1.0352,1.0669,1.0918,1.1209,1.1541,-1.5136,1.1829,1.2081,1.2395,1.2617,1.2838,1.3059,1.3191,1.3378,1.3536,1.3647,-1.5025,1.3757,1.3868,1.3979,1.4089,1.42,1.4215,1.4297,1.4338,1.4338,1.4338,-1.4955,1.4338,1.4338,1.4338,1.4338,1.4236,1.4215,1.4215,1.4215,1.4215,1.4215,-1.4927,1.4215,1.4215,1.4215,1.4215,1.4215,1.4215,1.4215,1.4215,1.4215,1.4246,-1.4817,1.4338,1.4344,1.4454,1.4565,1.4676,1.4864,1.5021,1.5182,1.5404,1.5625,-1.4706,1.5859,1.619,1.6412,1.673,1.6978,1.7271,1.7544,1.7811,1.811,1.8332,-1.4596,1.8553,1.8774,1.8892,1.9002,1.9113,1.9223,1.9282,1.9243,-1.9189,-1.4386,-1.4251,-1.4067,-1.3846,-1.3625,-1.3403,-1.3182,-1.2961,-1.274,-1.2518,-1.8857,-1.2297,-1.1996,-1.1731,-1.1456,-1.1165,-1.0916,-1.0599,-1.0376,-1.0044,-0.98117,-1.8525,-0.95039,-0.92456,-0.90244,-0.88031,-0.86165,-0.84842,-0.8263,-0.80417,-0.79268,-0.77229,-1.8194,-0.7582,-0.74713,-0.73607,-0.72501,-0.71679,-0.71525,-0.70443,-0.70443,-0.69442,-0.69207,-1.7862,-0.69207,-0.69207,-0.69207,-0.69207,-0.69207,-0.69207,-0.69207,-0.70276,-0.71382,-0.71679,-1.753,-0.72359,-0.73465,-0.74151,-0.74441,-0.75548,-0.76654,-0.7776,-0.78866,-0.79973,-0.80331,5.0,5.0
-0.90876,-0.84169,-1.228,-0.49297,-0.47902,-0.46614,-0.46453,-0.45273,-0.45004,-0.4361,-0.42215,-0.41249,-0.40766,-1.2736,-0.39371,-0.37976,-0.37225,-0.36528,-0.35133,-0.34543,-0.33684,-0.32289,-0.3186,-0.30841,-1.3305,-0.29446,-0.28051,-0.26656,-0.25261,-0.21291,-0.18447,-0.16999,-0.14316,-0.1276,-0.099707,-1.3653,-0.074491,-0.057323,-0.029424,-0.001526,0.026372,0.054271,0.082169,0.11007,0.13797,0.16586,-1.4158,0.22595,0.27531,0.29409,0.3177,0.34559,0.37349,0.40139,0.42929,0.45719,0.48508,-1.4533,0.51298,0.54088,0.56878,0.59668,0.62458,0.65247,0.67715,0.69486,0.72276,0.75066,-1.5188,0.77855,0.80645,0.82791,0.84884,0.87673,0.90463,0.93253,0.96043,0.98833,1.0162,-1.5982,1.0441,1.072,1.0999,1.1278,1.1428,1.1702,1.1976,1.2126,1.2389,1.2528,-1.6389,1.2695,1.2941,1.3081,1.322,1.336,1.3553,1.3773,1.3912,1.4052,1.4191,-1.6668,1.4331,1.447,1.461,1.4749,1.4889,1.5028,1.5055,1.5173,1.5313,1.5323,-0.84277,-1.7269,1.586,1.5999,1.615,1.6413,1.6552,1.6718,1.6965,1.7105,1.7244,1.7384,-1.7967,1.7523,1.7545,1.7469,1.74,1.726,1.7121,1.6981,1.6751,1.6568,1.6327,-1.8192,1.6155,1.5903,1.5624,1.5222,1.4932,1.4653,1.424,1.395,1.3532,1.3135,-1.8825,1.2829,1.2442,1.2126,1.1707,1.1289,1.087,1.0452,1.0098,0.97491,0.88049,-1.9008,0.80538,0.77748,0.74958,0.72168,0.69379,0.67662,0.6514,0.6117,0.59453,0.58058,-1.9281,0.55322,0.53927,0.52532,0.51137,0.49742,0.48348,0.46953,0.45558,0.44592,0.44109,-1.9689,0.43251,0.42661,0.41266,0.39871,0.38476,0.37886,0.37027,0.35632,0.34237,0.32843,-1.9861,0.32521,0.31394,0.29999,0.28604,0.27209,0.27156,0.25707,0.23024,0.2163,0.20235,-2.037,0.1884,0.17445,0.1605,0.14655,0.1326,0.11865,0.1106,0.1106,0.10363,0.097191,-2.0596,0.097191,0.088607,0.083778,0.083778,0.083778,0.083778,0.083778,0.083778,0.083778,0.083778,-0.86959,-2.1159,0.083778,0.083778,0.083778,0.082169,0.070366,0.070366,0.070366,0.070366,0.070366,0.070366,-2.1191,0.070366,0.070366,0.070366,0.070366,0.070366,0.070366,0.070366,0.079486,0.083778,0.083778,-2.1331,0.083778,0.083778,0.071975,0.070366,0.070366,0.070366,0.070366,0.070366,0.071975,0.083778,-2.1642,0.083778,0.083778,0.083778,0.083778,0.083778,0.083778,0.083778,0.083778,0.083778,0.09129,-2.2098,0.097191,0.097191,0.097191,0.097191,0.097191,0.10792,0.1106,0.1106,0.1106,0.1106,-2.2151,0.1106,0.11114,0.12402,0.12402,0.12402,0.12402,0.12402,0.12402,0.12402,0.12402,-2.2527,0.12402,0.12402,0.12402,0.12402,0.12402,0.12402,0.12402,0.12402,0.11436,0.1106,-2.2967,0.1106,0.1106,0.1106,0.1106,0.1106,0.12402,0.12402,0.12402,0.12402,0.12402,-2.2688,0.12133,0.1106,0.1106,0.1106,0.1106,0.1106,0.1106,0.1106,0.1106,0.1106,-2.2291,0.1106,0.1106,0.1106,0.1106,0.10041,0.097191,0.10846,0.1106,-0.9844,-2.2071,-2.1878,-2.1647,-2.1272,-2.0955,-2.0676,-2.0397,-2.0118,-1.9839,-1.9431,-1.0322,-1.8745,-1.846,-1.8042,-1.7623,-1.7205,-1.6813,-1.6502,-1.6084,-1.5665,-1.5295,-1.0493,-1.4962,-1.4544,-1.4125,-1.3777,-1.3423,-1.3004,-1.2671,-1.2301,-1.1979,-1.1598,-1.0735,-1.1287,-1.1008,-1.0611,-1.0316,-0.99084,-0.96241,-0.93451,-0.90661,-0.87871,-0.85081,-1.1046,-0.82292,-0.79502,-0.76712,-0.73922,-0.71132,-0.68879,-0.66894,-0.64748,-0.62656,-0.60617,-1.1743,-0.59222,-0.57827,-0.56432,-0.55037,-0.53642,-0.5332,-0.52194,-0.51979,-0.50745,-0.50638,4.0,4.0
-1.9458,-1.7915,-1.5858,-0.96944,-0.9598,-0.95016,-0.94051,-0.9395,-0.93321,-0.92356,-0.91392,-0.90428,-0.90356,-1.5761,-0.89697,-0.88733,-0.87768,-0.86804,-0.8584,-0.84875,-0.83911,-0.82947,-0.81982,-0.81018,-1.5665,-0.80054,-0.79089,-0.78125,-0.77161,-0.76196,-0.75232,-0.73753,-0.72105,-0.71093,-0.69164,-1.5568,-0.67236,-0.65307,-0.63379,-0.61372,-0.58479,-0.56395,-0.53891,-0.51339,-0.49411,-0.47482,-1.5504,-0.44715,-0.42427,-0.40498,-0.38707,-0.37743,-0.36779,-0.35179,-0.33652,-0.32688,-0.31723,-1.5504,-0.30759,-0.29795,-0.29262,-0.29262,-0.29262,-0.29262,-0.28567,-0.28064,-0.27836,-0.26872,-1.5504,-0.26866,-0.26141,-0.25668,-0.2541,-0.2447,-0.2447,-0.23715,-0.23272,-0.22984,-0.22074,-1.5422,-0.22074,-0.21289,-0.20325,-0.19361,-0.1848,-0.1848,-0.17666,-0.16701,-0.15737,-0.14886,-1.5385,-0.14886,-0.14042,-0.13078,-0.12491,-0.12347,-0.11383,-0.10418,-0.094539,-0.084896,-0.076989,-1.5385,-0.076989,-0.067945,-0.058302,-0.053031,-0.050994,-0.041351,-0.031708,-0.022064,-0.012421,-0.002778,-1.7395,-1.5373,0.006866,0.016509,0.033459,0.047775,0.060053,0.07934,0.098627,0.11791,0.14247,0.16847,-1.5276,0.18835,0.21728,0.2383,0.25759,0.27688,0.29616,0.31545,0.33474,0.35402,0.37331,-1.5265,0.3914,0.40104,0.41069,0.4265,0.44195,0.4516,0.46124,0.47088,0.48053,0.49017,-1.5265,0.49981,0.50946,0.5191,0.52874,0.53839,0.54593,0.54593,0.55534,0.56498,0.56989,-1.5226,0.57229,0.58187,0.58187,0.58187,0.5869,0.59385,0.59385,0.59385,0.60152,0.60583,-1.5145,0.60583,0.60583,0.60583,0.60583,0.61146,0.61781,0.61781,0.61781,0.61781,0.61781,-1.5145,0.61781,0.61781,0.61781,0.62637,0.62979,0.63368,0.64177,0.64177,0.65063,0.65375,-1.5057,0.65794,0.66758,0.67722,0.6777,0.68453,0.69418,0.70166,0.70166,0.71113,0.72077,-1.5025,0.73041,0.74006,0.74958,0.74958,0.74958,0.75467,0.76156,0.76198,0.77162,0.77354,-1.4984,0.77893,0.78552,0.78624,0.79588,0.80552,0.81517,0.82481,0.83445,0.8441,0.85374,-1.7152,-1.4887,0.86338,0.87668,0.89465,0.90429,0.91393,0.92358,0.93322,0.94286,0.95251,0.97108,-1.4791,0.98377,0.99767,1.015,1.0247,1.0436,1.0559,1.0656,1.0752,1.0849,1.0945,-1.4786,1.1042,1.1138,1.1235,1.1331,1.1427,1.1524,1.162,1.1717,1.1813,1.191,-1.4718,1.2006,1.2048,1.2079,1.2168,1.2168,1.2168,1.2168,1.2202,1.2287,1.2287,-1.4666,1.2287,1.2227,1.2168,1.2168,1.2168,1.2168,1.2168,1.2168,1.2151,1.2055,-1.4645,1.2048,1.2048,1.2048,1.2048,1.2048,1.2048,1.2048,1.2048,1.2048,1.2048,-1.4548,1.2144,1.2168,1.2217,1.2313,1.241,1.2506,1.2603,1.2699,1.2795,1.2892,-1.4546,1.2988,1.3163,1.3301,1.3429,1.3614,1.371,1.3888,1.4023,1.4119,1.4216,-1.4475,1.4312,1.4408,1.4505,1.4564,1.4549,1.4453,1.4444,1.4572,1.4765,1.4958,-1.4379,1.5151,1.5434,1.5723,1.6056,1.6442,1.6828,1.7307,2.0102,-1.6889,-1.4282,-1.4187,-1.4187,-1.4113,-1.4067,-1.404,-1.3943,-1.3847,-1.3827,-1.3774,-1.6696,-1.3678,-1.3581,-1.3485,-1.3309,-1.3172,-1.3076,-1.297,-1.2777,-1.2584,-1.2391,-1.6503,-1.2198,-1.2005,-1.1812,-1.162,-1.1427,-1.1273,-1.1161,-1.0968,-1.0864,-1.0832,-1.6311,-1.0791,-1.0713,-1.0713,-1.0621,-1.0593,-1.0593,-1.0593,-1.0593,-1.0593,-1.0593,-1.617,-1.0593,-1.0593,-1.0593,-1.0593,-1.0519,-1.0473,-1.0473,-1.0469,-1.0372,-1.0353,-1.6045,-1.0299,-1.0234,-1.0226,-1.013,-1.0114,-1.0057,-0.99604,-0.98639,-0.97675,-0.97543,3.0,5.0
0.73834,0.79586,0.88215,1.2345,1.2705,1.3065,1.3425,1.3786,1.4146,1.4286,1.4579,1.4939,1.5299,0.88215,1.5659,1.5732,1.6092,1.6453,1.6813,1.7173,1.7533,1.7893,1.8254,1.8614,0.88128,1.8974,1.9334,1.9463,1.9447,1.7125,1.1913,1.0707,0.99331,0.92126,0.84922,0.84526,0.77717,0.70512,0.63308,0.56103,0.513,0.44066,0.14011,-0.27362,-0.32136,-0.38895,0.80924,-0.45093,-0.50428,-0.55174,-0.61961,-0.6813,-0.71733,-0.75335,-0.78937,-0.8254,-0.86142,0.68262,-0.89744,-0.93347,-0.96949,-1.0055,-1.0415,-1.0488,-1.0848,-1.1208,-1.1569,-1.1929,0.58878,-1.2174,-1.2362,-1.2722,-1.2749,-1.2749,-1.294,-1.2774,-1.2701,-1.2462,-1.2268,0.42549,-1.1908,-1.126,-1.09,-1.0343,-0.9623,-0.89025,-0.81821,-0.74616,-0.67411,-0.57331,0.31742,-0.48832,-0.40045,-0.30094,-0.22163,-0.12679,-0.034253,0.046063,0.14687,0.23243,0.31972,0.11761,0.41981,0.52134,0.59339,0.6865,0.76624,0.84512,0.93909,1.0111,1.1118,1.184,0.81039,-0.015198,1.256,1.3281,1.4,1.4434,1.5008,1.5368,1.5728,1.6089,1.6449,1.6587,-0.15059,1.6875,1.6476,1.5284,1.4474,1.3691,1.297,1.2094,1.1242,1.0234,0.94276,-0.25866,0.83469,0.72662,0.53227,0.4242,0.31613,0.20806,0.09999,-0.00808,-0.099756,-0.19546,-0.36673,-0.36105,-0.4597,-0.54843,-0.63255,-0.72416,-1.0067,-1.0618,-1.1221,-1.1626,-1.1986,-0.4748,-1.2347,-1.2707,-1.3037,-1.314,-1.3325,-1.3573,-1.3645,-1.39,-1.39,-1.39,-0.57388,-1.39,-1.3791,-1.3612,-1.3358,-1.2959,-1.235,-1.199,-1.1373,-1.094,-1.0334,-0.66218,-0.99739,-0.93541,-0.89212,-0.8318,-0.77679,-0.70475,-0.6327,-0.56065,-0.48861,-0.41656,-0.74674,-0.34451,-0.27247,-0.20042,-0.12837,-0.056327,0.01572,0.087766,0.15981,0.23186,0.30391,-0.81878,0.37595,0.448,0.51415,0.56333,0.63538,0.70742,0.75071,0.82276,0.8948,0.93888,-0.89083,1.0677,1.1397,1.2117,1.3121,1.3558,1.4279,1.4787,1.5147,1.5577,1.6012,0.82463,-0.96288,1.6227,1.63,1.6514,1.6299,1.6081,1.6005,1.536,1.5,1.464,1.3986,-1.0349,1.3344,1.2529,1.1312,1.05,0.88632,0.79371,0.6535,0.53335,0.40831,0.25969,-1.0759,0.15162,-0.013976,-0.11327,-0.20135,-0.33272,-0.78959,-0.8707,-0.96244,-1.0345,-1.1065,-1.1215,-1.1786,-1.2506,-1.2988,-1.3636,-1.4092,-1.4644,-1.5004,-1.5364,-1.5625,-1.5797,-1.1767,-1.6158,-1.6201,-1.6201,-1.6201,-1.6201,-1.5881,-1.552,-1.516,-1.455,-1.4117,-1.2127,-1.3396,-1.2676,-1.1956,-1.1235,-1.0515,-0.97941,-0.90737,-0.83532,-0.76327,-0.70985,-1.22,-0.64794,-0.5759,-0.5155,-0.46056,-0.38852,-0.31647,-0.24442,-0.19158,-0.15555,-0.11953,-1.256,-0.083506,-0.047483,-0.038207,-0.043456,-0.066968,-0.066968,-0.066968,-0.066968,-0.066968,-0.066968,-1.2749,-0.066968,-0.066968,-0.066968,-0.066968,-0.039358,-0.038207,-0.038207,-0.038207,-0.038207,-0.009446,-1.2749,-0.009446,-0.009446,-0.009446,-0.002759,0.005366,-0.009446,0.019027,-0.008583,0.82491,-1.2749,-1.2749,-1.2749,-1.2503,-1.243,-1.207,-1.1533,-1.1062,-1.0702,-1.0234,0.85339,-0.96935,-0.90809,-0.8648,-0.80376,-0.74947,-0.70295,-0.63414,-0.56209,-0.50859,-0.44676,0.85339,-0.37471,-0.31424,-0.25938,-0.21343,-0.14405,-0.083865,-0.028716,0.016942,0.081726,0.11775,0.87546,0.17319,0.21856,0.28334,0.31936,0.37509,0.42017,0.4562,0.49222,0.52824,0.56427,0.88215,0.60029,0.63631,0.65206,0.6796,0.71562,0.75164,0.78767,0.82369,0.83095,0.86698,0.88215,0.903,0.93902,0.97505,1.0111,1.0471,1.0547,1.0904,1.1264,1.1624,1.1984,2.0,2.0
1.8244,1.7437,1.499,-0.53098,-0.54632,-0.57099,-0.57699,-0.59233,-0.617,-0.63234,-0.65466,-0.67599,-0.69703,1.441,-0.71867,-0.7277,-0.752,-0.76771,-0.79239,-0.81601,-0.8324,-0.85707,-0.88002,-0.88775,1.3991,-0.91242,-0.93469,-0.95243,-0.97711,-0.99244,-1.0107,-1.0325,-1.0478,-1.0609,-1.0691,1.3323,-1.0845,-1.1091,-1.1245,-1.1398,-1.1552,-1.1705,-1.1823,-1.2012,-1.2165,-1.2318,1.3202,-1.2472,-1.2625,-1.3152,-1.3305,-1.3365,-1.3519,-1.3672,-1.3825,-1.3979,-1.4132,1.3049,-1.4286,-1.4441,-1.4686,-1.4811,-1.4899,-1.5052,-1.5184,-1.5266,-1.5371,-1.5479,1.2802,-1.5558,-1.5651,-1.5753,-1.5906,-1.6059,-1.6118,-1.6179,-1.6211,-1.6211,-1.6157,1.2563,-1.6118,-1.6037,-1.5977,-1.5917,-1.5838,-1.5745,-1.5644,-1.5558,-1.5464,-1.537,1.2402,-1.5278,-1.5157,-1.5004,-1.485,-1.4697,-1.4463,-1.4297,-1.4157,-1.401,-1.3837,1.2156,-1.359,-1.3437,-1.3156,-1.2943,-1.2636,-1.2476,-1.2303,-1.1996,-1.1783,-1.1476,1.7284,1.2002,-1.1169,-1.0956,-1.0649,-1.0382,-1.0142,-1.0009,-0.97022,-0.94886,-0.91821,-0.89017,1.1803,-0.8662,-0.84082,-0.81615,-0.80877,-0.78548,-0.7608,-0.74546,-0.72079,-0.70485,-0.68078,1.1602,-0.66544,-0.65937,-0.63477,-0.61943,-0.60409,-0.59401,-0.58276,-0.56742,-0.55666,-0.54732,1.1521,-0.54732,-0.53798,-0.52864,-0.52209,-0.51931,-0.51931,-0.51931,-0.50997,-0.50997,-0.50063,1.1389,-0.49876,-0.49129,-0.48677,-0.48196,-0.48196,-0.47262,-0.47262,-0.46611,-0.46011,-0.45394,1.1229,-0.43877,-0.42343,-0.41659,-0.40726,-0.3961,-0.38858,-0.37924,-0.3781,-0.36991,-0.36057,1.0989,-0.35123,-0.34476,-0.33876,-0.32343,-0.31743,-0.31388,-0.30543,-0.29009,-0.28409,-0.26876,1.0835,-0.25342,-0.24742,-0.23208,-0.2205,-0.21075,-0.18899,-0.17073,-0.1554,-0.14006,-0.12472,1.0682,-0.10939,-0.084711,-0.071101,-0.055647,-0.0387,-0.022312,0.001312,0.016649,0.041324,0.063034,1.0435,0.081335,0.10571,0.12704,0.14838,0.1707,0.19105,0.21239,0.23538,0.25506,0.26606,1.7131,1.0282,0.2884,0.30973,0.34008,0.35542,0.38009,0.40442,0.42575,0.44247,0.45078,0.47545,1.0128,0.49079,0.51376,0.5308,0.54614,0.56148,0.58253,0.59215,0.60121,0.61349,0.62882,1.0068,0.64416,0.6595,0.67483,0.69017,0.69617,0.71151,0.71751,0.73284,0.74127,0.75061,0.9915,0.75995,0.76618,0.77218,0.77862,0.78796,0.7973,0.7973,0.80218,0.81597,0.82351,0.97616,0.83465,0.84485,0.86019,0.86619,0.88152,0.89686,0.90935,0.9182,0.93353,0.94887,0.96082,0.96421,0.98438,1.0042,1.0196,1.039,1.0596,1.0749,1.0937,1.1149,1.1364,0.94427,1.1549,1.1703,1.1949,1.2196,1.2431,1.2596,1.2857,1.309,1.3337,1.3498,0.92081,1.3737,1.3983,1.4138,1.4383,1.463,1.4784,1.4991,1.5184,1.5337,1.5538,0.90547,1.5737,1.5891,1.6044,1.6197,1.6418,1.6597,1.6751,1.6904,1.7058,1.7124,0.89014,1.7217,1.7238,1.7311,1.7358,1.7418,1.7497,1.7457,1.7397,1.703,0.8748,0.8688,0.85346,0.83813,0.82279,0.80745,0.79212,0.77678,0.76144,0.75061,1.6917,0.7401,0.72477,0.70943,0.70343,0.69458,0.69458,0.63968,0.62693,0.56082,0.51803,1.6844,0.48215,0.45935,0.42062,0.40066,0.34461,0.30462,0.29862,0.29129,0.24927,0.19969,1.6704,0.19059,0.14366,0.12462,0.088549,0.052015,0.011187,-0.035151,-0.056838,-0.062837,-0.071101,1.6592,-0.095379,-0.12752,-0.16205,-0.18315,-0.21938,-0.22984,-0.26957,-0.31005,-0.32826,-0.38858,1.5679,-0.39628,-0.41162,-0.42696,-0.43527,-0.44461,-0.45429,-0.46963,-0.48497,-0.50031,-0.51564,1.0,1.0
-1.7796,-1.7046,-1.6031,-0.80967,-0.80967,-0.80305,-0.79924,-0.78861,-0.77617,-0.76373,-0.74506,-0.73667,-0.72642,-1.5907,-0.70355,-0.69111,-0.67868,-0.66624,-0.66366,-0.66222,-0.65323,-0.65323,-0.65323,-0.65323,-1.5782,-0.65323,-0.65018,-0.6428,-0.6428,-0.6428,-0.64215,-0.63237,-0.63237,-0.63237,-0.63237,-1.571,-0.63237,-0.63237,-0.63237,-0.63237,-0.62408,-0.62194,-0.60963,-0.60108,-0.59519,-0.58275,-1.5638,-0.57031,-0.55936,-0.55587,-0.54893,-0.54142,-0.52898,-0.51655,-0.50411,-0.49167,-0.47923,-1.5514,-0.45767,-0.44393,-0.43149,-0.41433,-0.39619,-0.37501,-0.371,-0.34844,-0.33168,-0.31314,-1.5389,-0.29236,-0.27784,-0.25497,-0.24253,-0.22415,-0.20723,-0.19479,-0.17346,-0.16991,-0.15192,-1.5265,-0.13461,-0.12217,-0.10973,-0.094142,-0.07443,-0.061992,-0.049555,-0.037117,-0.027444,-0.022672,-1.514,-0.010235,-0.006584,-0.006584,-0.006584,-0.006584,-0.006584,-0.006584,-0.006584,-0.006584,-0.010574,-1.5016,-0.017014,-0.025019,-0.037456,-0.039464,-0.051901,-0.058733,-0.058733,-0.068354,-0.069163,-0.069163,-1.6922,-1.4892,-0.069163,-0.069163,-0.078393,-0.079592,-0.079592,-0.079592,-0.072761,-0.069163,-0.069163,-0.066738,-1.4767,-0.058733,-0.058733,-0.058733,-0.048303,-0.046269,-0.033832,-0.027444,-0.019387,-0.006949,0.005488,-1.4643,0.017926,0.030363,0.042801,0.055238,0.057246,0.069683,0.082121,0.094558,0.107,0.11943,-1.4519,0.13187,0.14431,0.15675,0.16918,0.17119,0.18363,0.19607,0.215,0.23137,0.24389,-1.4394,0.26667,0.28321,0.30198,0.31442,0.32685,0.33929,0.35173,0.35846,0.37389,0.38904,-1.4185,0.40278,0.42435,0.43678,0.44922,0.46166,0.4741,0.48653,0.49897,0.51141,0.5149,-1.4145,0.52533,0.52786,0.5403,0.55274,0.56517,0.57761,0.58791,0.59206,0.60449,0.60877,-1.4021,0.60877,0.6192,0.6192,0.6192,0.62697,0.62963,0.62963,0.62963,0.635,0.64006,-1.3897,0.64006,0.64006,0.64006,0.64006,0.64006,0.64006,0.64006,0.64006,0.64006,0.63346,-1.3712,0.62963,0.62963,0.62963,0.62963,0.62963,0.62963,0.62963,0.62963,0.62963,0.62963,-1.6797,-1.3544,0.63745,0.64006,0.64006,0.64006,0.64548,0.65792,0.66092,0.67338,0.69523,0.70767,-1.3419,0.72011,0.7235,0.74561,0.76785,0.78493,0.80315,0.82425,0.83869,0.86133,0.87376,-1.3295,0.8862,0.89864,0.91108,0.91308,0.92552,0.93796,0.95827,0.97326,0.9857,0.99814,-1.3171,1.0106,1.023,1.026,1.0364,1.0364,1.0364,1.0364,1.0455,1.0468,1.0468,-1.3046,1.0515,1.0572,1.0572,1.0677,1.07,1.0824,1.0948,1.1073,1.1197,1.1322,-1.2922,1.1446,1.1511,1.159,1.1715,1.1839,1.1964,1.2143,1.2392,1.2545,1.2796,-1.2894,1.3138,1.3438,1.374,1.408,1.414,1.4514,1.4887,1.526,1.5633,1.6006,-1.2777,1.6403,1.6857,1.723,1.7603,1.7665,1.8036,1.8409,1.8783,1.9156,1.9529,-1.2653,1.9902,2.0275,2.0648,2.0945,2.129,2.1547,2.1796,2.1941,2.2085,2.2242,-1.2582,2.2366,2.249,2.2615,2.2671,2.2759,2.2775,2.2775,2.2731,-1.6673,-1.2509,-1.2477,-1.2468,-1.2373,-1.2373,-1.2304,-1.2269,-1.2264,-1.2164,-1.2164,-1.6649,-1.2099,-1.206,-1.206,-1.206,-1.2019,-1.1956,-1.1956,-1.1854,-1.1851,-1.1814,-1.6529,-1.1747,-1.167,-1.1643,-1.1539,-1.1505,-1.1381,-1.133,-1.1236,-1.1112,-1.1017,-1.6404,-1.0968,-1.0843,-1.0719,-1.0594,-1.047,-1.0346,-1.0287,-1.0115,-0.99725,-0.98481,-1.628,-0.97238,-0.95376,-0.93707,-0.93483,-0.92263,-0.91019,-0.90354,-0.89574,-0.89311,-0.8813,-1.6156,-0.87225,-0.86685,-0.85442,-0.84198,-0.82954,-0.8201,-0.8201,-0.81309,-0.80967,-0.80967,3.0,5.0
1.9024,1.8141,1.6859,-0.29117,-0.30437,-0.31757,-0.33077,-0.33457,-0.34777,-0.36097,-0.38357,-0.39677,-0.41133,1.6727,-0.43256,-0.45473,-0.46835,-0.48155,-0.49315,-0.50396,-0.52115,-0.53796,-0.55694,-0.58137,1.6514,-0.60776,-0.62477,-0.65117,-0.66991,-0.67578,-0.70218,-0.72829,-0.74558,-0.77198,-0.79838,1.6369,-0.83088,-0.86057,-0.89129,-0.92276,-0.95348,-0.96616,-0.99331,-1.0284,-1.0548,-1.0811,1.6174,-1.1075,-1.133,-1.1509,-1.1773,-1.1883,-1.202,-1.219,-1.2403,-1.2535,-1.2761,1.6018,-1.2893,-1.3025,-1.3157,-1.3289,-1.3515,-1.3574,-1.3668,-1.3723,-1.3855,-1.3987,1.5928,-1.4044,-1.4157,-1.4289,-1.442,-1.442,-1.4497,-1.4608,-1.4608,-1.4702,-1.4702,1.5664,-1.4702,-1.4702,-1.4702,-1.4796,-1.4796,-1.4796,-1.4796,-1.4731,-1.4693,-1.4561,1.5494,-1.4429,-1.4326,-1.4326,-1.4221,-1.4138,-1.4051,-1.3919,-1.3856,-1.3749,-1.3617,1.523,-1.3485,-1.3447,-1.3315,-1.3277,-1.3145,-1.3013,-1.2881,-1.2749,-1.2617,-1.2485,1.8009,1.506,-1.2447,-1.2353,-1.2277,-1.2125,-1.1919,-1.1787,-1.1615,-1.1429,-1.1297,-1.1165,1.4843,-1.1033,-1.0901,-1.085,-1.0731,-1.0599,-1.0467,-1.0335,-1.0286,-1.0165,-1.0033,1.4626,-0.99012,-0.97692,-0.97227,-0.95695,-0.93732,-0.92412,-0.90594,-0.88833,-0.87513,-0.85493,1.4391,-0.83934,-0.82614,-0.82196,-0.79974,-0.78654,-0.77334,-0.76014,-0.74694,-0.73374,-0.72054,1.4192,-0.70547,-0.68475,-0.68095,-0.66385,-0.64515,-0.62256,-0.60936,-0.58677,-0.57357,-0.56037,1.3951,-0.54952,-0.54337,-0.53956,-0.52636,-0.51316,-0.50255,-0.49616,-0.49235,-0.48376,-0.47535,1.3852,-0.47436,-0.47436,-0.46497,-0.46013,-0.45557,-0.44618,-0.43932,-0.43552,-0.42232,-0.40912,1.3588,-0.40531,-0.39212,-0.38042,-0.37511,-0.36191,-0.35224,-0.34491,-0.33171,-0.31297,-0.29592,1.3324,-0.28272,-0.26196,-0.24692,-0.22795,-0.21113,-0.19394,-0.18314,-0.16933,-0.14894,-0.13532,1.306,-0.10892,-0.090555,-0.074913,-0.054762,-0.040905,-0.018969,-0.00577,0.007429,0.020628,0.043222,1.7877,1.281,0.056421,0.078122,0.092214,0.10541,0.12801,0.14121,0.1544,0.177,0.1902,0.21279,1.2626,0.22599,0.24816,0.26178,0.28217,0.29758,0.30537,0.32379,0.33717,0.35037,0.36357,1.2362,0.37677,0.38997,0.40317,0.41637,0.42957,0.44277,0.44657,0.45977,0.47297,0.48387,1.2098,0.48387,0.49378,0.50266,0.51078,0.51459,0.52779,0.53159,0.54479,0.55799,0.57119,1.1834,0.58439,0.60698,0.62018,0.64198,0.65898,0.68538,0.69177,0.70999,0.73639,0.76279,1.1603,0.78919,0.81558,0.84198,0.86838,0.89478,0.9139,0.93818,0.96458,0.98168,1.008,1.1494,1.0344,1.0608,1.0872,1.1136,1.1439,1.1758,1.2022,1.2345,1.2737,1.3043,1.123,1.3359,1.3741,1.4075,1.4439,1.4703,1.4867,1.5157,1.5489,1.5753,1.6017,1.0966,1.6281,1.6451,1.6648,1.678,1.6912,1.7044,1.7176,1.7308,1.744,1.7572,1.0702,1.7704,1.7742,1.7874,1.8006,1.8138,1.8179,1.8308,1.8367,1.7745,1.0438,1.0174,1.0004,0.97397,0.94758,0.93997,0.91357,0.88717,0.85664,0.82498,1.7707,0.79858,0.76603,0.74578,0.71939,0.69299,0.6478,0.61501,0.54883,0.53103,0.51304,1.7575,0.49984,0.48664,0.47447,0.46963,0.45644,0.44324,0.43004,0.41811,0.41303,0.40871,1.7443,0.39932,0.39932,0.38729,0.32416,0.32416,0.29715,0.23116,0.20274,0.15891,0.14571,1.7217,0.098696,0.076008,0.059145,0.022836,-0.005394,-0.046213,-0.059412,-0.079234,-0.10798,-0.1084,1.7085,-0.14697,-0.19117,-0.20193,-0.20817,-0.22071,-0.22518,-0.23838,-0.25157,-0.26477,-0.27797,1.0,1.0
-0.71624,-0.71624,-0.73325,-0.96284,-0.98503,-1.0072,-1.0294,-1.0516,-1.1261,-1.198,-1.2202,-1.2744,-1.3326,-0.73023,-1.3548,-1.3843,-1.4203,-1.4758,-1.5182,-1.5515,-1.5848,-1.6297,-1.6852,-1.7076,-0.71913,-1.7349,-1.7682,-1.8221,-1.8644,-1.8866,-1.9471,-2.01,-2.0655,-2.0149,-1.9519,-0.71624,-1.9297,-1.9156,-1.9023,-1.8801,-1.8653,-1.8527,-1.8305,-1.8016,-1.7691,-1.7469,-0.71624,-1.7188,-1.6855,-1.6522,-1.6189,-1.5856,-1.5419,-1.502,-1.4687,-1.4354,-1.3984,-0.71624,-1.354,-1.3096,-1.2683,-1.235,-1.1934,-1.1514,-1.1181,-1.0773,-1.0329,-0.98852,-0.70876,-0.95093,-0.91675,-0.87236,-0.83405,-0.80059,-0.75621,-0.71718,-0.68388,-0.65059,-0.61267,-0.69923,-0.56828,-0.53372,-0.50043,-0.46714,-0.43384,-0.40055,-0.36726,-0.33397,-0.30315,-0.28096,-0.69923,-0.25111,-0.21782,-0.18453,-0.15817,-0.13495,-0.10166,-0.07458,-0.052386,-0.030193,-0.007999,-0.69247,0.014194,0.025716,0.041575,0.063769,0.076013,0.08711,0.098207,0.1093,0.1204,0.1315,-0.72143,-0.68223,0.14259,0.15369,0.16479,0.17588,0.18698,0.19808,0.20212,0.20327,0.21436,0.22546,-0.68223,0.23613,0.23613,0.24174,0.25284,0.26394,0.27503,0.28613,0.29723,0.30832,0.31942,-0.68223,0.33052,0.34506,0.36725,0.38081,0.39463,0.41683,0.43902,0.46121,0.48341,0.5056,-0.6821,0.52779,0.54999,0.57864,0.61193,0.64522,0.67278,0.69497,0.72809,0.76138,0.79467,-0.671,0.82796,0.86555,0.90993,0.94484,0.97813,1.0114,1.0447,1.078,1.1113,1.1526,-0.66522,1.1928,1.2149,1.2445,1.2777,1.311,1.3377,1.3599,1.3821,1.4043,1.4265,-0.66522,1.4487,1.4709,1.4931,1.505,1.516,1.5271,1.5479,1.5663,1.5774,1.5885,-0.66522,1.5996,1.6107,1.6218,1.6329,1.644,1.6551,1.6647,1.6647,1.6714,1.6825,-0.66063,1.6936,1.7047,1.7158,1.7269,1.738,1.7491,1.7393,1.7282,1.7171,1.706,-0.64953,1.6949,1.6838,1.6727,1.6616,1.6505,1.6311,1.6113,1.6002,1.5815,1.5593,-0.73252,-0.64821,1.5371,1.5149,1.4927,1.4706,1.4484,1.4262,1.404,1.3764,1.3431,1.3204,-0.64821,1.2935,1.2602,1.2368,1.2107,1.1774,1.1441,1.114,1.0918,1.0612,1.0279,-0.64821,0.99463,0.96134,0.92804,0.89475,0.86844,0.84518,0.81189,0.78485,0.76232,0.72903,-0.64821,0.70126,0.67907,0.65687,0.63468,0.61249,0.60028,0.58511,0.56291,0.54999,0.53889,-0.64507,0.52779,0.52524,0.52261,0.51151,0.50824,0.50632,0.49523,0.49123,0.49004,0.47894,-0.63397,0.47422,0.47422,0.47422,0.47422,0.47422,0.45254,0.44514,0.45624,0.45722,0.46143,-0.63121,0.47252,0.47422,0.47422,0.47422,0.47422,0.47422,0.47422,0.47422,0.47422,0.47422,-0.63121,0.47422,0.47422,0.47422,0.47422,0.47422,0.47422,0.46844,0.45734,0.44625,0.43515,-0.63121,0.42405,0.4232,0.41887,0.40777,0.39667,0.38919,0.38919,0.38919,0.3863,0.3752,-0.63121,0.37218,0.37218,0.37218,0.37954,0.38919,0.38919,0.40246,0.4232,-0.73325,-0.63121,-0.63121,-0.62432,-0.6142,-0.6142,-0.6142,-0.6142,-0.6142,-0.6142,-0.6142,-0.73325,-0.6142,-0.6142,-0.6142,-0.6142,-0.6142,-0.6142,-0.6142,-0.6142,-0.6142,-0.6142,-0.73325,-0.6142,-0.6142,-0.6142,-0.6142,-0.6142,-0.6142,-0.6142,-0.6142,-0.60791,-0.59719,-0.73325,-0.59719,-0.59719,-0.59719,-0.59719,-0.59719,-0.59719,-0.59719,-0.60132,-0.61241,-0.6142,-0.73325,-0.6142,-0.6142,-0.6142,-0.61956,-0.64175,-0.65608,-0.66718,-0.67827,-0.70365,-0.73325,-0.73325,-0.73325,-0.74609,-0.76777,-0.77887,-0.78996,-0.80106,-0.80127,-0.83609,-0.91377,-0.94064,4.0,4.0
0.53504,0.43814,0.41634,1.0922,1.1693,1.2382,1.338,1.4084,1.4746,1.5141,1.5758,1.6197,1.6771,0.40584,1.7116,1.7461,1.7625,1.7827,1.8172,1.8024,1.768,1.7335,1.699,1.6635,0.40584,1.5977,1.5632,1.5212,1.4522,1.3833,1.3143,1.2616,1.2087,1.1397,1.0479,0.40584,0.96948,0.90052,0.83156,0.73102,0.65988,0.56007,0.4853,0.38985,0.31071,0.21963,0.40584,0.13613,0.032687,-0.051859,-0.1419,-0.22208,-0.31648,-0.39231,-0.46127,-0.56221,-0.63149,0.40584,-0.70045,-0.76941,-0.83838,-0.90734,-0.98906,-1.0776,-1.1465,-1.2155,-1.263,-1.3211,0.40325,-1.3642,-1.3987,-1.4332,-1.4677,-1.5022,-1.5366,-1.5645,-1.5733,-1.6078,-1.6291,0.37354,-1.6138,-1.5793,-1.5448,-1.5103,-1.4758,-1.4413,-1.4069,-1.3418,-1.2728,-1.2039,0.37354,-1.1349,-1.0659,-0.98777,-0.89571,-0.81318,-0.72549,-0.6386,-0.55526,-0.46401,-0.38504,0.37354,-0.28943,-0.21482,-0.11485,-0.043703,0.056671,0.12563,0.20202,0.29586,0.36482,0.44775,0.43814,0.37354,0.53504,0.604,0.67296,0.76462,0.84319,0.91215,0.95188,1.0178,1.0854,1.1234,0.38702,1.1924,1.2535,1.288,1.3346,1.3892,1.4237,1.4582,1.4927,1.5041,1.5293,0.39017,1.5638,1.5983,1.601,1.567,1.5325,1.4919,1.4312,1.3967,1.3497,1.2955,0.35569,1.244,1.1751,1.1061,1.0372,0.96819,0.89923,0.83027,0.72909,0.62774,0.5545,0.32121,0.45752,0.37992,0.27648,0.18603,0.10189,-0.001551,-0.085452,-0.17614,-0.25568,-0.35072,0.28673,-0.4259,-0.5253,-0.62842,-0.69989,-0.79865,-0.86761,-0.94561,-1.0378,-1.1068,-1.1758,0.25225,-1.227,-1.2814,-1.3282,-1.387,-1.4295,-1.4926,-1.5307,-1.5652,-1.5997,-1.6342,0.21777,-1.6687,-1.6937,-1.7053,-1.7398,-1.7743,-1.7906,-1.8109,-1.8454,-1.8799,-1.8606,0.18329,-1.8261,-1.7916,-1.7572,-1.7227,-1.6827,-1.6214,-1.5869,-1.5404,-1.4715,-1.4025,0.14881,-1.2778,-1.1677,-1.0758,-0.97234,-0.8689,-0.76546,-0.69367,-0.59087,-0.48743,-0.38399,0.43814,0.11433,-0.28055,-0.1771,-0.073662,0.02978,0.13322,0.23667,0.34011,0.44355,0.54699,0.65043,0.076858,0.724,0.82502,0.89422,0.96318,1.0321,1.1011,1.1594,1.2067,1.2607,1.2952,0.013065,1.3296,1.3641,1.3986,1.4331,1.4676,1.502,1.5362,1.5017,1.4672,1.4328,-0.021416,1.3983,1.3527,1.297,1.2625,1.2104,1.1415,1.0725,1.0036,0.9346,0.86564,-0.065425,0.76599,0.69541,0.62645,0.55749,0.48853,0.42885,0.38291,0.32759,0.29311,0.25863,-0.12268,0.22415,0.18967,0.15519,0.14743,0.11853,0.084045,0.049564,0.015084,-0.019397,-0.046368,-0.17105,-0.036678,-0.014068,-0.014068,-0.014068,-0.014068,-0.014068,-0.014068,-0.014068,-0.014068,-0.014068,-0.22394,-0.014068,-0.014068,-0.010515,0.018233,0.018233,0.018233,0.018233,0.018233,0.018233,0.018233,-0.27667,0.018233,0.018233,0.018233,0.018233,0.018233,0.018233,0.018233,0.018233,0.012096,-0.014068,-0.34563,-0.014068,-0.014068,-0.014068,-0.014068,-0.014068,-0.014068,-0.014068,-0.014068,0.43814,-0.39198,-0.45125,-0.49325,-0.55688,-0.62584,-0.6625,-0.72807,-0.76812,-0.82933,-0.87375,0.43814,-0.93059,-0.97937,-1.0483,-1.0986,-1.1331,-1.1906,-1.2344,-1.2689,-1.3033,-1.3378,0.43814,-1.3723,-1.4068,-1.4413,-1.4676,-1.4573,-1.4228,-1.3883,-1.3538,-1.3193,-1.2849,0.43814,-1.2504,-1.1903,-1.1491,-1.0847,-1.0157,-0.94674,-0.87778,-0.80882,-0.73986,-0.6709,0.43814,-0.60194,-0.53298,-0.46401,-0.37559,-0.29379,-0.22483,-0.12986,-0.054605,0.044719,0.11562,0.43814,0.187,0.28584,0.36159,0.46503,0.55733,0.63961,0.74306,0.82881,0.91764,0.99904,0.0,0.0
-2.2318,-2.1697,-2.021,-0.82525,-0.81712,-0.80635,-0.79555,-0.78475,-0.77395,-0.76569,-0.75756,-0.74944,-0.74131,-2.0021,-0.72239,-0.71426,-0.69836,-0.68721,-0.66828,-0.64936,-0.64123,-0.6223,-0.60338,-0.59037,-1.9831,-0.57633,-0.5574,-0.53848,-0.53035,-0.51142,-0.5033,-0.48437,-0.47157,-0.46078,-0.44919,-1.9642,-0.43918,-0.42838,-0.41401,-0.39598,-0.38696,-0.36804,-0.34911,-0.33019,-0.31126,-0.29879,-1.9453,-0.28799,-0.28799,-0.28799,-0.28799,-0.28799,-0.28799,-0.28799,-0.27719,-0.27719,-0.27719,-1.9264,-0.26774,-0.26639,-0.25559,-0.25416,-0.24479,-0.23791,-0.22978,-0.22165,-0.21239,-0.2054,-1.9074,-0.19727,-0.1908,-0.18102,-0.18,-0.17557,-0.1692,-0.15932,-0.1584,-0.1584,-0.15653,-1.8885,-0.1476,-0.1476,-0.14295,-0.1368,-0.1267,-0.11858,-0.11045,-0.091523,-0.082803,-0.075271,-1.8696,-0.072004,-0.061205,-0.061205,-0.050405,-0.039606,-0.028807,-0.018386,-0.010259,0.003591,0.016793,-1.8507,0.035718,0.043845,0.06277,0.081696,0.10062,0.10875,0.12767,0.14398,0.15473,0.16285,-2.1563,-1.8317,0.17098,0.17638,0.18718,0.19536,0.19798,0.20878,0.21957,0.22786,0.23599,0.24412,-1.8128,0.25224,0.26277,0.2685,0.27662,0.29555,0.31447,0.32757,0.33837,0.33885,0.35778,-1.7831,0.35996,0.37076,0.37136,0.38156,0.38761,0.39574,0.40386,0.41396,0.42012,0.42476,-1.7642,0.43556,0.43556,0.44636,0.44636,0.44636,0.44636,0.44636,0.44636,0.44636,0.44636,-1.7344,0.44636,0.44636,0.43556,0.43556,0.43556,0.43556,0.43556,0.43556,0.43556,0.43556,-1.7155,0.43556,0.43556,0.43556,0.43556,0.43556,0.43556,0.43556,0.44636,0.45716,0.46685,-1.6966,0.47498,0.4831,0.49123,0.51015,0.51828,0.52641,0.53453,0.54355,0.56159,0.56971,-1.6669,0.58675,0.59676,0.60489,0.61915,0.62994,0.64007,0.6482,0.65632,0.66234,0.67257,-1.6479,0.67314,0.67803,0.68394,0.68394,0.69161,0.69474,0.69706,0.70554,0.71634,0.72144,-1.629,0.72957,0.73794,0.74874,0.75954,0.77033,0.781,0.79992,0.80805,0.81618,0.82433,-2.1427,-1.5993,0.83243,0.84056,0.84868,0.86753,0.87573,0.87833,0.87833,0.87833,0.87833,0.87833,-1.5768,0.87833,0.87833,0.87833,0.87833,0.87833,0.88913,0.88913,0.89498,0.89992,0.90044,-1.5506,0.91072,0.91072,0.91402,0.92152,0.92152,0.91072,0.91072,0.91072,0.91072,0.90454,-1.5227,0.89992,0.90076,0.91072,0.91701,0.92152,0.93232,0.94139,0.94952,0.95765,0.96577,-1.4957,0.97552,0.98632,1.001,1.0091,1.0187,1.0361,1.0443,1.0619,1.0713,1.0794,-1.4723,1.0876,1.0957,1.1051,1.1159,1.1267,1.1375,1.1375,1.1483,1.1526,1.1591,-1.4425,1.1688,1.177,1.1851,1.204,1.2229,1.2419,1.25,1.2689,1.2878,1.3068,-1.4145,1.3257,1.3446,1.3635,1.3825,1.4122,1.4439,1.4716,1.5088,1.5359,1.5737,-1.3939,1.6116,1.6494,1.6873,1.7229,1.7522,1.7824,1.8121,1.8418,1.8607,1.8797,-1.3642,1.8986,1.9175,1.9364,1.9554,1.9743,1.9932,2.0014,2.0203,-2.1237,-1.3452,-1.3171,-1.2966,-1.2777,-1.2575,-1.229,-1.2101,-1.1912,-1.1722,-1.1533,-2.1048,-1.1452,-1.1411,-1.1411,-1.1316,-1.1303,-1.1303,-1.1288,-1.1195,-1.1126,-1.1087,-2.0859,-1.1071,-1.0979,-1.0909,-1.0871,-1.0854,-1.0763,-1.0691,-1.0655,-1.0547,-1.0547,-2.067,-1.0439,-1.0439,-1.0331,-1.0331,-1.0257,-1.0223,-1.0203,-1.0115,-1.0007,-0.98994,-2.0483,-0.97914,-0.96885,-0.96072,-0.9526,-0.94447,-0.93594,-0.92514,-0.91434,-0.90117,-0.89274,-2.0399,-0.88194,-0.87679,-0.87115,-0.86054,-0.85241,-0.84955,-0.84696,-0.83875,-0.83875,-0.82795,3.0,5.0
0.96488,0.87417,0.84393,1.9702,1.9929,2.0097,1.9929,1.7069,1.5223,1.3782,1.2288,1.0894,0.95747,0.84393,0.85754,0.77054,0.6855,0.51346,0.34384,0.20559,-0.44501,-0.8095,-0.90942,-0.97912,0.84393,-1.0488,-1.1199,-1.2001,-1.2579,-1.3303,-1.3803,-1.4,-1.4237,-1.4697,-1.4842,0.82935,-1.5091,-1.5289,-1.5447,-1.5447,-1.5447,-1.5144,-1.4921,-1.4723,-1.4224,-1.3724,0.8137,-1.2922,-1.2422,-1.162,-1.1121,-1.0621,-1.0121,-0.96218,-0.88448,-0.83202,-0.78206,0.8137,-0.70564,-0.63594,-0.53601,-0.46126,-0.38106,-0.30086,-0.25089,-0.20093,-0.14809,-0.070766,0.8137,-0.020802,0.059398,0.13068,0.20037,0.26976,0.33976,0.40945,0.48013,0.54884,0.61853,0.8137,0.69049,0.78815,0.85784,0.95777,1.0415,1.1217,1.1971,1.2668,1.3365,1.4364,0.8137,1.5061,1.5758,1.6529,1.6726,1.6905,1.6905,1.7208,1.7208,1.741,1.6535,0.8137,1.3897,1.32,1.2503,1.1786,1.0984,1.0182,0.94129,0.84136,0.75988,0.61127,0.87417,0.8137,0.51134,0.44165,0.34172,0.27203,0.1721,0.026064,-0.088227,-0.15792,-0.25785,-0.46269,0.8137,-0.7903,-0.86974,-0.92968,-0.9999,-1.0801,-1.1388,-1.2103,-1.2602,-1.3028,-1.3299,0.8137,-1.3633,-1.3694,-1.3935,-1.4237,-1.4286,-1.454,-1.468,-1.4842,-1.4842,-1.4842,0.8137,-1.4819,-1.454,-1.4237,-1.3935,-1.3728,-1.333,-1.3031,-1.2531,-1.2334,-1.1834,0.79374,-1.1335,-1.0835,-1.0335,-0.98358,-0.93361,-0.88365,-0.83368,-0.78372,-0.73376,-0.6695,0.74378,-0.59981,-0.52339,-0.43019,-0.36299,-0.2908,-0.23283,-0.18286,-0.1329,-0.082936,-0.032971,0.69382,0.066881,0.15766,0.2365,0.33643,0.40612,0.47846,0.54551,0.6152,0.68883,0.78482,0.64385,0.92557,1.0754,1.2817,1.3962,1.4724,1.5828,1.6933,1.7432,1.8536,1.9036,0.55549,1.9536,1.9626,1.9625,1.833,1.7323,1.6614,1.5812,1.4929,1.4208,1.3104,0.45556,1.1932,1.0932,0.9933,0.89337,0.79344,0.67802,0.59358,0.51762,0.39373,0.26356,0.87417,0.35563,0.11828,0.021301,-0.066457,-0.16639,-0.39451,-0.69846,-0.78863,-0.86845,-0.93905,-0.98902,0.22547,-1.0307,-1.0587,-1.0784,-1.1284,-1.1516,-1.1818,-1.2121,-1.2121,-1.2121,-1.2121,0.098931,-1.1879,-1.1682,-1.1182,-1.0682,-1.0183,-0.9702,-0.94858,-0.90973,-0.87889,-0.82892,-0.034861,-0.77896,-0.75855,-0.70926,-0.6593,-0.60934,-0.55937,-0.50941,-0.45944,-0.43971,-0.38975,-0.16502,-0.33979,-0.28982,-0.23986,-0.18989,-0.13993,-0.089965,-0.040001,0.009963,0.059927,0.10989,-0.29028,0.15986,0.20982,0.25978,0.29969,0.32948,0.37944,0.42064,0.42064,0.40265,0.3904,-0.40993,0.36319,0.32993,0.2935,0.24353,0.2238,0.20408,0.17875,0.17875,0.14852,0.14852,-0.52528,0.14852,0.11828,0.11828,0.11828,0.11828,0.11828,0.11828,0.11828,0.11828,0.11828,-0.64925,0.11828,0.1365,0.14852,0.14852,0.17875,0.17875,0.17875,0.17875,0.17875,0.17875,-0.75537,0.17875,0.17875,0.17875,0.20899,0.20899,0.20899,0.20899,0.2077,0.87417,-0.82507,-0.92499,-0.99469,-1.0626,-1.1126,-1.1626,-1.2125,-1.2625,-1.3028,-1.3322,0.87417,-1.333,-1.3633,-1.3633,-1.3633,-1.3633,-1.3633,-1.333,-1.3272,-1.2772,-1.2575,0.87417,-1.2075,-1.1333,-1.0774,-1.0274,-0.97745,-0.92749,-0.84729,-0.77563,-0.70594,-0.60601,0.87417,-0.50608,-0.40615,-0.33586,-0.25566,-0.16684,-0.066911,0.033018,0.16318,0.29017,0.40983,0.84393,0.52344,0.62337,0.72329,0.82322,0.92315,1.0231,1.123,1.2461,1.3531,1.4508,0.84393,1.5227,1.6112,1.6612,1.7112,1.7611,1.8111,1.8611,1.9022,1.9308,1.9626,2.0,2.0
1.0069,1.0437,1.0069,1.7524,1.8,1.8168,1.8536,1.8536,1.8536,1.8536,1.8536,1.8536,1.8211,0.99888,1.7524,1.4142,1.3191,1.1135,1.0183,0.92313,0.82796,0.7328,0.63763,0.54246,0.97007,0.4473,0.35213,0.25696,0.1618,0.10344,-0.21951,-0.49185,-0.5502,-0.62917,-0.67676,0.97007,-0.72434,-0.77192,-0.84196,-0.9039,-0.95149,-0.98112,-1.0098,-1.0206,-1.0548,-1.079,0.97007,-1.0916,-1.0916,-1.0916,-1.0916,-1.0916,-1.0916,-1.0916,-1.0916,-1.0916,-1.0701,0.9558,-1.0548,-1.0179,-1.001,-0.98112,-0.94265,-0.89507,-0.84749,-0.7999,-0.7444,-0.66792,0.93325,-0.59088,-0.53253,-0.43737,-0.3422,-0.24703,-0.15187,-0.0567,0.007266,0.096818,0.20791,0.93325,0.32397,0.41913,0.5143,0.60947,0.73758,0.83661,0.93178,0.99851,1.1197,1.1805,0.93325,1.2756,1.3708,1.4573,1.5243,1.5893,1.6369,1.6845,1.732,1.7796,1.8168,0.93325,1.838,1.8536,1.8904,1.8904,1.863,1.8384,1.4244,1.3292,1.234,1.102,1.0652,0.93325,1.0069,0.91172,0.81342,0.43441,-0.073267,-0.16843,-0.2636,-0.35877,-0.42301,-0.50741,0.93325,-0.57064,-0.63939,-0.72379,-0.77137,-0.84086,-0.87068,-0.91412,-0.9617,-1.0093,-1.0201,0.93325,-1.0676,-1.0916,-1.126,-1.1368,-1.1652,-1.1951,-1.202,-1.202,-1.2274,-1.2388,0.93325,-1.2388,-1.2388,-1.2388,-1.2388,-1.2224,-1.202,-1.202,-1.1901,-1.1652,-1.1318,0.93325,-1.121,-1.0734,-1.0259,-1.0122,-0.93069,-0.8831,-0.80036,-0.74201,-0.64684,-0.55168,0.93325,-0.45651,-0.36134,-0.26618,-0.17101,-0.075844,0.019323,0.11449,0.20966,0.2877,0.36317,0.93325,0.45834,0.5409,0.61186,0.70703,0.76538,0.84168,0.88926,0.97366,1.0212,1.094,0.93325,1.1891,1.2376,1.2852,1.3328,1.3804,1.428,1.4487,1.4855,1.4971,1.5223,0.94025,1.4892,1.4784,1.3594,1.2073,1.1096,0.98019,0.90914,0.82667,0.71384,0.56271,0.9523,0.46754,0.36805,0.19511,0.034785,-0.097013,-0.20295,-0.3457,-0.90602,-1.0608,-1.1253,1.0482,0.90472,-1.2204,-1.2788,-1.3616,-1.4323,-1.4936,-1.5412,-1.5888,-1.607,-1.6438,-1.6579,0.85714,-1.6806,-1.7162,-1.7174,-1.7174,-1.7174,-1.7174,-1.7174,-1.7174,-1.7174,-1.7174,0.80956,-1.6953,-1.6806,-1.6806,-1.663,-1.6438,-1.607,-1.607,-1.5831,-1.5356,-1.5248,0.76197,-1.4772,-1.4296,-1.382,-1.3345,-1.2869,-1.2393,-1.1917,-1.1441,-1.0965,-1.0121,0.71439,-0.96456,-0.88964,-0.83257,-0.77293,-0.70059,-0.65301,-0.56861,-0.52103,-0.47345,-0.38905,0.66681,-0.34146,-0.29388,-0.2463,-0.19871,-0.15113,-0.10355,-0.055964,-0.008381,0.039203,0.08651,0.59971,0.1086,0.18195,0.19695,0.2403,0.27058,0.29866,0.3074,0.3074,0.3074,0.3074,0.53482,0.29912,0.27058,0.27058,0.27058,0.27058,0.27058,0.27058,0.27058,0.27058,0.27058,0.48724,0.23377,0.23377,0.23377,0.23377,0.23377,0.21122,0.19695,0.19695,0.19695,0.19695,0.43966,0.19695,0.19695,0.17266,0.16014,0.16014,0.16014,0.16014,0.15563,1.0437,0.3663,0.27114,0.21278,0.13888,0.059267,0.000915,-0.077501,-0.12508,-0.17267,-0.22025,1.0437,-0.29084,-0.35223,-0.40755,-0.48421,-0.56106,-0.6162,-0.66378,-0.71136,-0.75895,-0.76971,1.0437,-0.79705,-0.82807,-0.83386,-0.8496,-0.87068,-0.87068,-0.87068,-0.87068,-0.87068,-0.86396,1.0419,-0.81638,-0.76879,-0.72121,-0.67363,-0.62604,-0.54395,-0.48559,-0.39043,-0.29526,-0.20009,1.0069,-0.10493,-0.009761,0.085405,0.19079,0.31255,0.40772,0.5397,0.65134,0.76685,0.86202,1.0069,0.95718,1.0523,1.1475,1.2427,1.3378,1.433,1.5252,1.5865,1.6572,1.7048,2.0,2.0
2.0414,1.8816,1.5299,-0.11723,-0.13969,-0.15118,-0.1555,-0.17427,-0.18029,-0.22749,-0.25647,-0.2678,-0.28864,1.4749,-0.30302,-0.32548,-0.34173,-0.3607,-0.38316,-0.40562,-0.42808,-0.45054,-0.473,-0.49546,1.4334,-0.51792,-0.54037,-0.56283,-0.58529,-0.6129,-0.63992,-0.66238,-0.68484,-0.7073,-0.72976,1.4094,-0.75222,-0.77468,-0.79714,-0.8196,-0.84205,-0.86451,-0.88697,-0.90943,-0.93189,-0.95435,1.3797,-0.96711,-0.98756,-0.99879,-1.0151,-1.031,-1.0422,-1.0534,-1.0743,-1.0886,-1.111,1.365,-1.1274,-1.1463,-1.1687,-1.1815,-1.2015,-1.2127,-1.2239,-1.2352,-1.2464,-1.2673,1.3425,-1.2785,-1.2932,-1.3107,-1.3285,-1.3429,-1.3541,-1.375,-1.3863,-1.3975,-1.4087,1.3266,-1.4124,-1.4215,-1.423,-1.4342,-1.4455,-1.4567,-1.4679,-1.4792,-1.4904,-1.5016,1.3073,-1.5128,-1.5241,-1.5353,-1.5386,-1.5481,-1.5483,-1.5483,-1.5439,-1.5386,-1.5386,1.2848,-1.5296,-1.5191,-1.5168,-1.5056,-1.4944,-1.4831,-1.4719,-1.4607,-1.4476,-1.4285,1.8418,1.2721,-1.4173,-1.3997,-1.3772,-1.3548,-1.3323,-1.3126,-1.2971,-1.2746,-1.2522,-1.2386,1.2496,-1.2177,-1.2042,-1.1855,-1.1743,-1.1562,-1.1421,-1.121,-1.1002,-1.0858,-1.0681,1.2272,-1.0569,-1.0378,-1.0247,-1.0135,-1.0022,-0.991,-0.97977,-0.96854,-0.95731,-0.93638,1.2047,-0.92515,-0.91392,-0.89745,-0.88176,-0.86223,-0.84948,-0.82867,-0.81426,-0.7965,-0.77904,1.1822,-0.76434,-0.74382,-0.73107,-0.71125,-0.70002,-0.68879,-0.67756,-0.65757,-0.6454,-0.63417,1.1598,-0.6193,-0.60201,-0.58408,-0.56984,-0.54891,-0.53768,-0.52645,-0.51522,-0.49783,-0.48306,1.147,-0.47183,-0.4606,-0.44937,-0.43814,-0.42691,-0.41568,-0.40445,-0.40292,-0.39169,-0.38046,1.127,-0.36923,-0.36463,-0.35648,-0.35492,-0.35342,-0.34522,-0.34066,-0.33552,-0.3279,-0.31667,1.1118,-0.30544,-0.29421,-0.28298,-0.27175,-0.26052,-0.24068,-0.22836,-0.21517,-0.1962,-0.17995,1.0893,-0.16404,-0.12858,-0.10287,-0.078978,-0.048247,-0.025787,0.002688,0.028835,0.051294,0.074652,1.7994,1.0669,0.10349,0.11867,0.13565,0.14688,0.15811,0.16971,0.19217,0.21121,0.22738,0.24337,1.0444,0.2546,0.2563,0.27706,0.28829,0.29952,0.31075,0.32198,0.33321,0.34444,0.35567,1.0123,0.3669,0.37813,0.38242,0.39935,0.41153,0.41334,0.42123,0.4261,0.43733,0.44063,0.98981,0.45009,0.46132,0.46974,0.47408,0.48531,0.49654,0.50777,0.519,0.53023,0.54146,0.96735,0.55802,0.58048,0.60294,0.62519,0.64165,0.68002,0.70248,0.71861,0.7377,0.77894,0.94489,0.79232,0.81478,0.84578,0.87911,0.90889,0.93373,0.96793,1.0197,1.0496,1.0773,0.92243,1.1246,1.1641,1.1978,1.2315,1.2748,1.328,1.3679,1.4051,1.4667,1.4919,0.89997,1.5282,1.5647,1.5872,1.6097,1.6409,1.6643,1.6846,1.7068,1.7414,1.7638,0.87751,1.778,1.799,1.8102,1.8214,1.8327,1.8501,1.8648,1.8853,1.898,1.9179,0.86475,1.9291,1.9404,1.9588,1.9725,1.9843,2.0047,2.0159,2.0272,1.7709,0.84229,0.81539,0.78767,0.76521,0.74275,0.72029,0.69783,0.67537,0.65834,0.64015,1.7372,0.62618,0.61463,0.59402,0.58279,0.57156,0.56033,0.5491,0.53787,0.52664,0.51541,1.6851,0.50854,0.50265,0.49142,0.48019,0.46896,0.45773,0.4465,0.43527,0.42404,0.42123,1.6514,0.41128,0.39297,0.34342,0.31938,0.30815,0.28116,0.26629,0.23689,0.22583,0.19808,1.6188,0.19226,0.18103,0.15205,0.13917,0.12125,0.087604,0.076374,0.071959,0.046929,0.032982,1.5636,0.021752,0.010522,-0.014969,-0.041043,-0.052273,-0.063503,-0.06736,-0.092973,-0.097193,-0.10267,1.0,1.0
-2.1053,-2.0452,-1.9122,-0.4447,-0.4447,-0.4447,-0.4447,-0.45267,-0.45585,-0.46852,-0.48119,-0.49386,-0.51141,-1.8996,-0.53675,-0.55259,-0.57793,-0.60327,-0.60963,-0.63496,-0.6603,-0.68379,-0.70148,-0.72682,-1.8774,-0.74077,-0.75344,-0.76611,-0.77683,-0.78195,-0.79462,-0.82428,-0.82428,-0.83263,-0.83377,-1.8614,-0.82855,-0.82428,-0.82219,-0.81479,-0.80634,-0.79367,-0.77569,-0.75885,-0.73451,-0.70917,-1.8426,-0.69237,-0.67245,-0.66163,-0.63629,-0.61095,-0.58562,-0.56028,-0.44722,-0.40921,-0.37121,-1.8204,-0.34981,-0.3387,-0.30464,-0.28803,-0.26269,-0.23736,-0.21202,-0.18668,-0.16135,-0.1335,-1.8112,-0.10118,-0.093593,-0.06949,-0.049894,-0.028306,-0.012459,0.007089,0.019758,0.035083,0.054584,-1.8046,0.067252,0.077216,0.088983,0.10526,0.12068,0.14008,0.15275,0.16542,0.17809,0.1816,-1.7824,0.19394,0.20058,0.20058,0.20058,0.20058,0.20058,0.18815,0.17548,0.16281,0.15014,-1.7663,0.13131,0.11532,0.096195,0.083764,0.058427,0.03309,0.007754,-0.017583,-0.04292,-0.061946,-2.0326,-1.7476,-0.084104,-0.096772,-0.10944,-0.11262,-0.12529,-0.14436,-0.15053,-0.15053,-0.15053,-0.14104,-1.7349,-0.14104,-0.14104,-0.13136,-0.12206,-0.11551,-0.10285,-0.090177,-0.070913,-0.055351,-0.039219,-1.7223,-0.020525,0.001633,0.017812,0.036459,0.058996,0.10924,0.1761,0.21092,0.23986,0.27108,-1.7029,0.27744,0.30278,0.32812,0.35345,0.37879,0.40413,0.42946,0.4548,0.48014,0.50424,-1.6874,0.50803,0.52768,0.55235,0.56886,0.58718,0.59984,0.61251,0.62518,0.63785,0.65052,-1.6748,0.65607,0.66556,0.66954,0.67505,0.68454,0.68454,0.69175,0.69493,0.7076,0.71301,-1.6621,0.72249,0.72249,0.72249,0.72249,0.71832,0.71301,0.70247,0.6898,0.67714,0.66447,-1.6499,0.64753,0.62964,0.61697,0.6043,0.59164,0.57897,0.5663,0.56117,0.55045,0.53778,-1.6462,0.52512,0.52194,0.51373,0.50609,0.49342,0.48075,0.47577,0.46628,0.46173,0.45679,-1.6336,0.71301,0.71761,0.72249,0.73345,0.74612,0.75096,0.76197,0.77464,0.78731,0.79049,-2.0198,-1.6209,0.79841,0.80633,0.819,0.83167,0.84434,0.84752,0.86019,0.87285,0.88552,0.89819,-1.6119,0.91086,0.92353,0.93126,0.93937,0.95204,0.96969,0.98687,0.99954,1.0172,1.0344,-1.6051,1.047,1.0648,1.0736,1.085,1.0977,1.1104,1.123,1.1409,1.1579,1.18,-1.5924,1.1979,1.2149,1.2275,1.2349,1.2434,1.256,1.2687,1.2814,1.294,1.3067,-1.5797,1.3108,1.3203,1.3257,1.3298,1.3298,1.3298,1.3298,1.3298,1.3298,1.3211,-1.5671,1.3203,1.3203,1.3116,1.3108,1.3108,1.2933,1.2894,1.2767,1.2641,1.2609,-1.5544,1.2482,1.2444,1.2349,1.2349,1.226,1.2254,1.2254,1.2344,1.2471,1.2597,-1.5417,1.2724,1.2851,1.2977,1.3195,1.3326,1.3512,1.3674,1.3801,1.3987,1.4149,-1.536,1.4276,1.4402,1.4437,1.4561,1.4687,1.4814,1.4941,1.5067,1.5194,1.5321,-1.5259,1.5448,1.5481,1.5606,1.5733,1.5859,1.5955,1.6018,1.605,-1.9977,-1.5132,-1.5005,-1.4879,-1.4752,-1.4625,-1.4499,-1.4372,-1.4245,-1.4031,-1.3992,-1.9851,-1.3865,-1.373,-1.3517,-1.3319,-1.3169,-1.3042,-1.2843,-1.2694,-1.2526,-1.2345,-1.9725,-1.2133,-1.2051,-1.1871,-1.1639,-1.1386,-1.1132,-1.0879,-1.0626,-1.0372,-1.0141,-1.9659,-1.0055,-0.98019,-0.95485,-0.92951,-0.90418,-0.87884,-0.8535,-0.82817,-0.81232,-0.78698,-1.9471,-0.76165,-0.73887,-0.72995,-0.70461,-0.67928,-0.65394,-0.6286,-0.60464,-0.58742,-0.56208,-1.9343,-0.54766,-0.53039,-0.52062,-0.50966,-0.49699,-0.48432,-0.48114,-0.46847,-0.4558,-0.45262,5.0,5.0
2.3286,2.1016,1.7594,-0.19673,-0.20712,-0.22333,-0.23954,-0.25576,-0.27197,-0.28818,-0.3044,-0.32061,-0.33682,1.727,-0.35829,-0.38092,-0.39713,-0.41958,-0.4439,-0.46823,-0.48531,-0.5052,-0.52952,-0.55384,1.6946,-0.57816,-0.60248,-0.6268,-0.65112,-0.67545,-0.69977,-0.72409,-0.74841,-0.77273,-0.80469,1.6617,-0.83303,-0.85735,-0.88167,-0.90599,-0.93031,-0.95464,-0.98502,-1.0149,-1.0393,-1.0636,1.6212,-1.0879,-1.1122,-1.1365,-1.1609,-1.1852,-1.2095,-1.2338,-1.2562,-1.2724,-1.2951,1.5856,-1.3165,-1.3327,-1.349,-1.3652,-1.3814,-1.3976,-1.4089,-1.4184,-1.4346,-1.4449,1.5532,-1.453,-1.4611,-1.4692,-1.4773,-1.4854,-1.4935,-1.4973,-1.4981,-1.5062,-1.5143,1.5207,-1.5207,-1.5207,-1.527,-1.5323,-1.5323,-1.5323,-1.5323,-1.5323,-1.5323,-1.5323,1.4824,-1.5312,-1.523,-1.5207,-1.5185,-1.5104,-1.509,-1.5058,-1.4977,-1.4896,-1.4815,1.4442,-1.4734,-1.4653,-1.4572,-1.4475,-1.4313,-1.4212,-1.4105,-1.3943,-1.3852,-1.3736,1.9884,1.4118,-1.3574,-1.3411,-1.3249,-1.3087,-1.2925,-1.2707,-1.2484,-1.2322,-1.216,-1.1968,1.3724,-1.1725,-1.1557,-1.1355,-1.1116,-1.0954,-1.0742,-1.0513,-1.0351,-1.0129,-0.98858,1.3319,-0.96426,-0.94688,-0.92728,-0.90296,-0.87864,-0.85869,-0.84166,-0.81734,-0.79839,-0.78037,1.2914,-0.75605,-0.73808,-0.71907,-0.69475,-0.67778,-0.65777,-0.63369,-0.61747,-0.60126,-0.58505,1.2588,-0.56883,-0.54684,-0.52474,-0.50853,-0.49231,-0.47931,-0.4712,-0.45534,-0.43912,-0.42355,1.222,-0.41544,-0.40215,-0.38757,-0.37946,-0.37135,-0.36324,-0.35514,-0.34703,-0.34254,-0.34248,1.1822,-0.33437,-0.33088,-0.32983,-0.32172,-0.31921,-0.31717,-0.30906,-0.30096,-0.29588,-0.29588,1.1498,-0.29588,-0.29588,-0.29542,-0.28731,-0.28422,-0.28276,-0.27465,-0.26655,-0.25844,-0.25033,1.1174,-0.23523,-0.22245,-0.21435,-0.20624,-0.19813,-0.18915,-0.17294,-0.15672,-0.14051,-0.1243,1.085,-0.1145,-0.10353,-0.08732,-0.071107,-0.054893,-0.038679,-0.022466,-0.006252,0.009962,0.026175,1.9641,1.0525,0.042389,0.060877,0.085198,0.10269,0.11891,0.13512,0.15134,0.16755,0.18376,0.19998,1.0201,0.21094,0.22074,0.23695,0.25317,0.26938,0.28559,0.30181,0.31802,0.33412,0.34223,0.98768,0.355,0.3701,0.37821,0.39197,0.40609,0.4142,0.4223,0.43041,0.43852,0.44662,0.95525,0.45473,0.46284,0.47094,0.47905,0.48716,0.49526,0.49731,0.49981,0.50792,0.51603,0.93018,0.52413,0.53224,0.54035,0.54845,0.55656,0.56467,0.57826,0.59447,0.61068,0.63337,0.90585,0.65769,0.68201,0.70633,0.73065,0.75497,0.77929,0.80851,0.84094,0.87337,0.9058,0.88177,0.93822,0.97065,1.0031,1.0388,1.0794,1.112,1.1488,1.1885,1.221,1.2587,0.86555,1.2975,1.3299,1.3686,1.4064,1.4389,1.4713,1.5075,1.5476,1.572,1.601,0.84456,1.6334,1.6659,1.6983,1.7286,1.7529,1.7839,1.8132,1.8375,1.8618,1.882,0.82146,1.8988,1.9231,1.9423,1.9569,1.9651,1.9793,1.9929,2.001,1.9397,0.80525,0.78903,0.77504,0.76693,0.75206,0.73905,0.73095,0.71508,0.70307,0.6956,1.9099,0.6956,0.69041,0.6823,0.6742,0.67227,0.66965,0.66154,0.65343,0.64533,0.63728,1.8775,0.63728,0.60503,0.55353,0.53731,0.5099,0.4836,0.47549,0.44761,0.42429,0.41618,1.845,0.38533,0.36095,0.34473,0.32852,0.31231,0.29318,0.26075,0.24634,0.23579,0.21957,1.8191,0.18936,0.16382,0.1476,0.13139,0.11074,0.088172,0.080065,0.066534,0.046588,0.014161,1.7918,0.00098,-0.012843,-0.037163,-0.061484,-0.097352,-0.14453,-0.15264,-0.16075,-0.17014,-0.18635,1.0,1.0
0.5485,0.6144,0.53532,-0.04453,0.023998,0.092526,0.17357,0.25726,0.30799,0.39168,0.44242,0.5261,0.60517,0.51556,0.66052,0.74223,0.81075,0.91157,0.98076,1.0493,1.1508,1.2193,1.297,1.3807,0.51556,1.4315,1.5151,1.5659,1.6496,1.7003,1.751,1.8018,1.8334,1.8703,1.8993,0.51556,1.9322,1.9566,1.9652,1.9652,1.9533,1.9322,1.5553,1.4723,1.3353,1.1666,0.51556,0.98339,0.85952,0.70137,0.5999,0.49842,0.39695,0.29548,0.16105,0.05958,-0.50314,0.51556,-0.57167,-0.67315,-0.74167,-0.84315,-0.90641,-0.9802,-1.0408,-1.0916,-1.1423,-1.193,0.51556,-1.2306,-1.2616,-1.2635,-1.2965,-1.2965,-1.2965,-1.2965,-1.2965,-1.2965,-1.2965,0.51556,-1.2965,-1.2635,-1.2635,-1.2306,-1.199,-1.1647,-1.1304,-1.0797,-0.99602,-0.92354,0.51556,-0.85501,-0.75353,-0.65206,-0.5776,-0.48206,-0.38058,-0.27911,-0.17763,-0.076159,0.027292,0.51556,0.15974,0.26121,0.38509,0.46416,0.56563,0.66711,0.76858,0.83711,0.93859,1.0401,0.58145,0.51556,1.1415,1.2101,1.2786,1.3596,1.4104,1.4611,1.5119,1.5626,1.6357,1.6641,0.51556,1.7148,1.7655,1.7833,1.8011,1.8334,1.8664,1.8242,1.7616,1.7346,1.6931,0.51556,1.6423,1.5586,1.5079,1.3965,1.276,1.1745,1.0401,0.93859,0.80021,0.66974,0.51556,0.55509,0.37652,0.26648,0.13799,0.030587,-0.10054,-0.56772,-0.66919,-0.77067,-0.87016,0.48393,-0.94067,-1.0092,-1.0883,-1.1061,-1.1568,-1.1746,-1.2253,-1.2306,-1.2609,-1.2635,0.48261,-1.2635,-1.2635,-1.2635,-1.2635,-1.2583,-1.2306,-1.1977,-1.1977,-1.1542,-1.1318,0.48261,-1.0988,-1.0678,-1.0171,-0.96637,-0.89718,-0.82865,-0.74826,-0.65865,-0.5809,-0.48865,0.4635,-0.41353,-0.31864,-0.21717,-0.11569,-0.01422,0.1202,0.22168,0.32315,0.42462,0.5261,0.44966,0.59463,0.6961,0.79758,0.89905,0.98866,1.0691,1.1705,1.2397,1.3234,1.4071,0.44966,1.4578,1.5698,1.5922,1.6759,1.7016,1.7445,1.7952,1.813,1.8334,1.8334,0.58145,0.44966,1.8334,1.8156,1.7978,1.645,1.5316,1.4578,1.3814,1.2549,1.1204,1.019,0.42528,0.81866,0.65525,0.54982,0.38245,0.24408,0.074076,-0.086702,-0.25341,-0.65206,-0.81943,0.37455,-0.9209,-0.98943,-1.0619,-1.1126,-1.1634,-1.2141,-1.2635,-1.2827,-1.3004,-1.3294,0.32381,-1.3294,-1.3538,-1.3624,-1.3624,-1.3742,-1.3953,-1.3953,-1.3953,-1.3953,-1.3624,0.27307,-1.3624,-1.3624,-1.34,-1.3294,-1.3044,-1.2866,-1.2635,-1.2306,-1.2003,-1.1825,0.22233,-1.1318,-1.114,-1.0962,-1.0454,-0.9947,-0.94396,-0.89323,-0.84249,-0.79175,-0.74101,0.1716,-0.69028,-0.63954,-0.5888,-0.53807,-0.48733,-0.43659,-0.38585,-0.33512,-0.28438,-0.23364,0.12086,-0.1829,-0.13217,-0.08143,-0.030693,0.020044,0.054308,0.088573,0.1202,0.087255,0.087255,0.070123,0.087255,0.087255,0.087255,0.060239,0.054308,0.054308,0.054308,0.054308,0.054308,0.054308,0.019385,0.054308,0.054308,0.054308,0.054308,0.054308,0.054308,0.054308,0.054308,0.58145,-0.031352,-0.082089,-0.11042,-0.15062,-0.20135,-0.21915,-0.26988,-0.32062,-0.37136,-0.40694,0.58145,-0.43989,-0.45768,-0.47547,-0.52621,-0.57694,-0.62768,-0.64547,-0.69621,-0.714,-0.7364,0.58145,-0.78253,-0.83326,-0.85106,-0.86885,-0.90113,-0.93408,-0.95517,-0.97296,-0.99997,-1.0085,0.55575,-1.0329,-1.0329,-1.0329,-1.0468,-1.0659,-1.0659,-1.0645,-1.0329,-1.0329,-1.0329,0.5485,-1.0263,-0.99997,-0.96703,-0.94001,-0.92222,-0.90113,-0.85369,-0.80295,-0.75222,-0.70148,0.5485,-0.65074,-0.6,-0.54927,-0.49128,-0.41485,-0.36411,-0.31337,-0.22969,-0.17895,-0.11306,2.0,2.0
1.8992,1.8195,1.5452,-1.1172,-1.1325,-1.1454,-1.1633,-1.1736,-1.1835,-1.1933,-1.2031,-1.2186,-1.2314,1.5012,-1.2412,-1.251,-1.2588,-1.2621,-1.2719,-1.2817,-1.2916,-1.3014,-1.3112,-1.321,1.4619,-1.3309,-1.336,-1.3419,-1.3446,-1.353,-1.3542,-1.3617,-1.3582,-1.3484,-1.3446,1.4226,-1.3373,-1.3275,-1.3188,-1.3164,-1.3103,-1.3053,-1.2955,-1.2931,-1.2844,-1.2746,1.3747,-1.2648,-1.255,-1.2451,-1.2353,-1.2255,-1.2156,-1.2058,-1.196,-1.1862,-1.1763,1.3354,-1.1665,-1.1567,-1.1383,-1.1285,-1.1186,-1.1088,-1.099,-1.0892,-1.0793,-1.0781,1.2961,-1.0683,-1.0584,-1.0528,-1.0474,-1.0442,-1.0363,-1.0271,-1.0252,-1.0185,-1.0142,1.2528,-1.0043,-0.9945,-0.98468,-0.98343,-0.97361,-0.96378,-0.95396,-0.94413,-0.93431,-0.92448,1.2089,-0.91465,-0.90273,-0.88642,-0.8766,-0.86677,-0.85694,-0.84712,-0.82871,-0.81889,-0.80558,1.1696,-0.79065,-0.78083,-0.771,-0.76118,-0.75023,-0.73294,-0.72312,-0.71329,-0.70346,-0.69364,1.7998,1.1303,-0.68381,-0.67399,-0.66416,-0.6506,-0.63593,-0.6261,-0.61628,-0.60645,-0.59663,-0.5868,1.091,-0.58084,-0.57573,-0.5659,-0.55608,-0.54625,-0.53793,-0.53518,-0.52935,-0.52411,-0.52077,1.0517,-0.52077,-0.51218,-0.51055,-0.5036,-0.49948,-0.49502,-0.48841,-0.48644,-0.47734,-0.46752,1.0124,-0.45769,-0.45211,-0.44662,-0.4368,-0.42697,-0.41715,-0.40921,-0.40607,-0.40063,-0.395,0.97309,-0.38518,-0.37535,-0.37411,-0.36428,-0.35772,-0.35321,-0.34914,-0.34214,-0.34056,-0.33107,0.93379,-0.32339,-0.32,-0.31481,-0.30893,-0.29911,-0.29765,-0.28907,-0.28679,-0.28049,-0.27572,0.88788,-0.2659,-0.25607,-0.24625,-0.23526,-0.21801,-0.20454,-0.18489,-0.1591,-0.137,-0.11735,0.8466,-0.096414,-0.069468,-0.049816,-0.030165,-0.010513,0.009138,0.020208,0.038444,0.04827,0.058095,0.8073,0.07307,0.086328,0.088517,0.097398,0.10722,0.11705,0.12284,0.12812,0.13795,0.14001,0.768,0.14902,0.15884,0.16867,0.17849,0.18832,0.19814,0.20797,0.2178,0.22582,0.22887,1.7802,0.72569,0.23869,0.24852,0.25834,0.26817,0.26941,0.27924,0.28906,0.29889,0.30872,0.31854,0.68081,0.32837,0.34678,0.3566,0.36973,0.39393,0.41182,0.42868,0.44834,0.46799,0.49202,0.6415,0.52445,0.54878,0.57234,0.59916,0.62022,0.66669,0.69385,0.71706,0.74174,0.77954,0.6022,0.81408,0.83502,0.86325,0.8829,0.91362,0.95288,0.97618,0.99583,1.0243,1.0695,0.5629,1.0891,1.1088,1.1335,1.1566,1.199,1.2219,1.2499,1.2696,1.3011,1.3346,0.53218,1.3478,1.3653,1.3853,1.4116,1.4215,1.4354,1.4497,1.4595,1.485,1.4968,0.49476,1.5148,1.5246,1.5428,1.5614,1.5712,1.5969,1.6086,1.6264,1.6363,1.6548,0.46842,1.6731,1.6897,1.7094,1.7204,1.7381,1.748,1.7578,1.7676,1.7774,1.7873,0.44439,1.7971,1.8069,1.8201,1.8351,1.845,1.8619,1.8815,1.8916,1.9014,1.9113,0.42053,1.9211,1.9309,1.9407,1.9506,1.9604,1.9702,1.98,1.9802,1.7555,0.40775,0.38981,0.38029,0.37827,0.36844,0.35862,0.31429,0.28748,0.27765,0.22492,1.7261,0.20437,0.1488,0.11357,0.07041,0.039946,0.020294,0.000643,-0.028105,-0.08706,-0.12696,1.6966,-0.14662,-0.17352,-0.23698,-0.26401,-0.33541,-0.37724,-0.40672,-0.4362,-0.48781,-0.52085,1.667,-0.54823,-0.61924,-0.65704,-0.69175,-0.70956,-0.71707,-0.71865,-0.74388,-0.74654,-0.75637,1.6277,-0.77134,-0.7846,-0.79443,-0.81314,-0.83124,-0.84386,-0.86351,-0.88316,-0.90281,-0.9147,1.5884,-0.93353,-0.95318,-0.97284,-0.98833,-1.0036,-1.0232,-1.0429,-1.0625,-1.0822,-1.1018,1.0,1.0
-2.1292,-1.9635,-1.6983,-1.0594,-1.0779,-1.0964,-1.115,-1.1728,-1.2038,-1.2055,-1.1986,-1.1917,-1.1821,-1.6681,-1.1663,-1.1587,-1.141,-1.1224,-1.112,-1.0971,-1.0785,-1.06,-1.0415,-1.0301,-1.6379,-1.0161,-0.99757,-0.97904,-0.96051,-0.94197,-0.91175,-0.81137,-0.79629,-0.786,-0.76746,-1.6194,-0.74952,-0.74209,-0.72613,-0.71672,-0.70275,-0.69135,-0.68451,-0.66598,-0.64744,-0.62891,-1.6008,-0.61038,-0.59185,-0.56162,-0.54309,-0.52175,-0.49433,-0.47101,-0.44558,-0.42026,-0.39682,-1.5823,-0.36952,-0.34806,-0.31877,-0.2934,-0.26803,-0.23885,-0.20863,-0.18022,-0.15987,-0.14117,-1.5638,-0.11112,-0.09042,-0.062359,-0.039676,-0.013602,0.016623,0.046847,0.073506,0.098878,0.12583,-1.5452,0.14436,0.17459,0.19312,0.21165,0.23018,0.24872,0.26725,0.27941,0.2911,0.2911,-1.5267,0.2911,0.2911,0.2856,0.27876,0.26023,0.2417,0.22317,0.20464,0.17464,0.15588,-1.5082,0.1239,0.095429,0.061463,0.03498,-0.000974,-0.049731,-0.086796,-0.11217,-0.14923,-0.16975,-1.9382,-1.4896,-0.19998,-0.22535,-0.24873,-0.27609,-0.30147,-0.32772,-0.34029,-0.35198,-0.35198,-0.35198,-1.4711,-0.34204,-0.3352,-0.32836,-0.30983,-0.28907,-0.25201,-0.23085,-0.21231,-0.19378,-0.17525,-1.4526,-0.15672,-0.13818,-0.11965,-0.089427,-0.070894,-0.052362,-0.031374,-0.003605,0.014927,0.044743,-1.4457,0.063684,0.083795,0.18821,0.2362,0.25474,0.27327,0.2918,0.31033,0.32887,0.3474,-1.4277,0.36593,0.38446,0.403,0.42153,0.44006,0.45859,0.47713,0.49566,0.51419,0.53272,-1.4204,0.54833,0.55809,0.57663,0.59516,0.61369,0.63018,0.63906,0.6576,0.66525,0.68297,-1.4135,0.70033,0.70834,0.72372,0.73371,0.74055,0.74739,0.75879,0.77277,0.78218,0.79814,-1.395,0.80556,0.81726,0.83035,0.84064,0.85572,0.86402,0.87572,0.88741,0.89478,0.90162,-1.3882,0.91079,0.9153,0.92249,0.92249,0.92249,0.92249,0.92249,0.92249,0.92249,0.92173,-1.3696,0.91079,0.8991,0.88951,0.87098,0.85245,0.83392,0.81538,0.78814,0.75494,0.7364,-1.9099,-1.3628,0.71202,0.68765,0.66128,0.63591,0.59884,0.57347,0.5481,0.51103,0.48777,0.46029,-1.3458,0.43082,0.40802,0.39633,0.40802,0.41609,0.43462,0.46321,0.49507,0.53699,0.5699,-1.3374,0.60212,0.65771,0.70162,0.73488,0.85958,0.89179,0.93079,0.96101,0.97954,1.0098,-1.3306,1.0283,1.0468,1.0654,1.0839,1.1024,1.121,1.1395,1.158,1.1766,1.1951,-1.3224,1.2136,1.2322,1.2507,1.2692,1.2878,1.3063,1.3248,1.3434,1.3619,1.3687,-1.3107,1.3873,1.4058,1.4243,1.4429,1.4497,1.4603,1.472,1.472,1.4837,1.4839,-1.2984,1.4954,1.4954,1.4954,1.5071,1.5071,1.5071,1.5188,1.5188,1.5188,1.5188,-1.2798,1.5188,1.5071,1.5071,1.5071,1.5071,1.5071,1.5071,1.5071,1.5071,1.5155,-1.273,1.5223,1.5305,1.5477,1.5662,1.5922,1.6176,1.6547,1.6917,1.7288,1.7725,-1.2545,1.8164,1.8634,1.9121,1.9492,1.9863,2.0224,2.041,2.0538,-1.8757,-1.2359,-1.2174,-1.1989,-1.1803,-1.1618,-1.1433,-1.1247,-1.1062,-1.0877,-1.0691,-1.8495,-1.0506,-1.0321,-1.0135,-0.995,-0.97647,-0.95793,-0.9394,-0.93256,-0.9249,-0.91888,-1.8133,-0.91204,-0.90152,-0.88667,-0.87813,-0.86644,-0.85475,-0.85475,-0.84306,-0.83394,-0.83136,-1.7879,-0.82026,-0.81967,-0.81967,-0.81143,-0.80798,-0.80798,-0.80798,-0.80798,-0.80798,-0.81049,-1.7508,-0.81967,-0.81967,-0.81967,-0.82616,-0.833,-0.84306,-0.85837,-0.86644,-0.88375,-0.89059,-1.7255,-0.90912,-0.91596,-0.9249,-0.94133,-0.95986,-0.9667,-0.98523,-1.0038,-1.0223,-1.0408,5.0,5.0
-1.827,-1.5893,-1.3975,-0.99767,-0.98286,-0.98138,-0.96805,-0.96509,-0.94954,-0.93844,-0.93325,-0.9177,-0.90215,-1.3664,-0.89401,-0.88586,-0.87031,-0.85477,-0.84958,-0.83848,-0.82293,-0.81996,-0.80664,-0.79109,-1.3442,-0.79035,-0.7748,-0.75925,-0.72149,-0.57414,-0.5349,-0.52379,-0.51861,-0.50898,-0.50232,-1.319,-0.48677,-0.47936,-0.47048,-0.46455,-0.45419,-0.43864,-0.43494,-0.42235,-0.4068,-0.39125,-1.2983,-0.3757,-0.37496,-0.35941,-0.34386,-0.32831,-0.31647,-0.31202,-0.29647,-0.28092,-0.27204,-1.2716,-0.26463,-0.24909,-0.23354,-0.22761,-0.21725,-0.2017,-0.198,-0.18541,-0.18319,-0.16912,-1.2405,-0.15357,-0.15283,-0.13876,-0.13654,-0.12395,-0.12025,-0.10914,-0.10396,-0.094334,-0.08767,-1.2094,-0.079525,-0.07138,-0.064716,-0.064716,-0.064716,-0.57562,-0.6393,-0.60005,-0.5845,-0.56896,-1.1917,-0.55341,-0.52305,-0.5075,-0.49195,-0.4764,-0.46085,-0.4453,-0.43494,-0.42901,-0.41346,-1.162,-0.40532,-0.39717,-0.39051,-0.38088,-0.3757,-0.36459,-0.36089,-0.3483,0.08041,0.46544,-1.5723,-1.1309,0.54244,0.58983,0.65055,0.6972,0.74384,0.79419,0.85195,0.8986,0.94524,0.98523,-1.1147,1.0237,1.0622,1.0933,1.1244,1.1555,1.1866,1.2059,1.234,1.2518,1.2673,-1.0836,1.2829,1.2977,1.2977,1.2955,1.2799,0.89045,-0.23798,-0.21725,-0.19207,-0.17652,-1.0547,-0.16097,-0.14542,-0.12987,-0.11433,-0.098776,-0.083227,-0.067678,-0.052128,-0.036579,-0.006962,-1.0362,0.009328,0.024877,0.041907,0.070785,0.086334,0.10188,0.11743,0.13298,0.15445,0.17889,-1.0088,0.19444,0.20999,0.23442,0.25589,0.27144,0.2981,0.31735,0.34549,0.36326,0.39288,-0.98879,0.40917,0.42546,0.45507,0.47062,0.48617,0.50172,0.51727,0.53282,0.54837,0.57058,-0.96287,0.59428,0.60983,0.62537,0.64092,0.65647,0.67202,0.68757,0.71571,0.73348,0.74903,-0.94732,0.76458,0.79494,0.81048,0.82603,0.84158,0.85713,0.87712,0.90304,0.91859,0.93414,-0.92511,0.95709,0.98005,0.99559,1.0208,1.0415,1.0571,1.0844,1.1155,1.1333,1.1629,-1.5434,-0.90141,1.1792,1.2103,1.2399,1.2577,1.2888,1.3162,1.3362,1.3621,1.3836,1.4147,-0.87772,1.4384,1.4621,1.4843,1.5095,1.5302,1.5457,1.5731,1.5916,1.6072,1.6227,-0.85551,1.6383,1.6538,1.6679,1.6657,1.6501,1.2199,-0.030656,-0.009923,0.015252,0.030801,-0.83033,0.04635,0.12706,0.17815,0.1626,0.084853,0.042648,0.027099,0.024137,0.010809,-0.00474,-0.8096,-0.02029,-0.035839,-0.051388,-0.066937,-0.079525,-0.075823,-0.060273,-0.044724,-0.029175,-0.013626,-0.79405,0.001924,0.017473,0.033022,0.048571,0.69646,0.98301,0.99856,1.0267,1.0445,1.06,-0.76665,1.0756,1.1059,1.123,1.1696,1.2888,1.3162,1.3318,1.3525,1.3777,1.3999,-0.74814,1.4236,1.4473,1.4695,1.4947,1.5257,1.5457,1.5731,1.6042,1.622,1.6376,-0.73259,1.6679,1.6842,1.7138,1.7294,1.7449,1.7605,1.7805,1.8064,1.8219,1.8375,-0.71704,1.853,1.8686,1.893,1.9145,1.93,1.9456,1.9611,1.9767,-1.5278,-0.70149,-0.70075,-0.6852,-0.67188,-0.66892,-0.65707,-0.65263,-0.63708,-0.62153,-0.61264,-1.5086,-0.60524,-0.58969,-0.58302,-1.3916,-1.7544,-1.7122,-1.6966,-1.6811,-1.6655,-1.65,-1.4819,-1.6344,-1.6189,-1.6019,-1.573,-1.5574,-1.5419,-1.5263,-1.5108,-1.4952,-1.4797,-1.4664,-1.4641,-1.4486,-1.433,-1.4175,-1.3916,-1.3716,-1.356,-1.3405,-1.3249,-1.3094,-1.4449,-1.2938,-1.2635,-1.2479,-1.2324,-1.2139,-1.1865,-1.1709,-1.1554,-1.1398,-1.1243,-1.4205,-1.1087,-1.1013,-1.0924,-1.0769,-1.0613,-1.0458,-1.0421,-1.0295,-1.014,-0.99841,1.0,3.0
0.64756,0.29577,0.43649,0.71792,0.81431,0.89241,0.97965,1.1021,1.1647,1.2611,1.3575,1.4187,1.5151,0.43649,1.5904,1.6727,1.7648,1.8303,1.8915,1.9527,2.0139,2.0547,2.0786,2.0294,0.43649,1.4919,1.3835,1.2709,1.1035,0.98106,0.89381,0.74606,0.54343,-0.31775,-0.44017,0.43649,-0.5626,-0.68502,-0.77226,-0.84473,-0.90595,-0.96716,-1.0284,-1.0896,-1.1508,-1.212,0.43649,-1.2732,-1.2992,-1.3253,-1.3576,-1.3576,-1.3682,-1.3928,-1.3928,-1.3928,-1.3928,0.43649,-1.3928,-1.3928,-1.3928,-1.3576,-1.3576,-1.333,-1.3225,-1.2873,-1.2549,-1.1937,0.43649,-1.1677,-1.1065,-1.0453,-0.98404,-0.95801,-0.8968,-0.83559,-0.7392,-0.67799,-0.58159,0.43649,-0.52038,-0.42399,-0.35293,-0.26639,-0.17844,-0.091199,-0.012398,0.083289,0.1452,0.20642,0.44774,0.26763,0.32884,0.42523,0.48644,0.58283,0.64404,0.74043,0.80165,0.89804,0.95925,0.47167,1.0556,1.152,1.2132,1.3033,1.3708,1.4426,1.5284,1.5897,1.7212,1.7824,0.29577,0.47167,1.8085,1.8697,1.9309,1.9492,1.983,2.009,2.035,2.0899,2.0899,2.1251,0.49066,1.6748,1.5875,1.4961,1.3997,1.2329,1.1682,1.0753,1.0141,0.88256,0.78406,0.50685,0.68978,0.59339,0.48714,0.36543,0.27748,0.11988,-0.002547,-0.12497,-0.21221,-0.7406,0.50685,-0.76664,-0.82785,-0.85388,-0.87991,-0.94112,-1.0023,-1.041,-1.0762,-1.1114,-1.1416,0.50685,-1.1466,-1.1817,-1.2169,-1.2458,-1.2521,-1.2873,-1.2887,-1.3225,-1.3225,-1.3225,0.54202,-1.3225,-1.3225,-1.2873,-1.2795,-1.2521,-1.1923,-1.1466,-1.1051,-1.0762,-1.0178,0.54202,-0.9566,-0.89539,-0.83418,-0.77297,-0.69909,-0.61537,-0.55415,-0.49294,-0.39655,-0.33534,0.54202,-0.24599,-0.17774,-0.10668,-0.020137,0.067811,0.13747,0.20712,0.29507,0.35628,0.45267,0.56735,0.52092,0.61027,0.6954,0.76787,0.86426,0.92548,0.98669,1.0613,1.1443,1.2055,0.5772,1.2667,1.3399,1.4271,1.5207,1.6016,1.6537,1.7395,1.8007,1.8802,1.9583,0.33095,0.5772,1.9844,1.8542,1.5622,1.4377,1.2118,1.1154,1.0191,0.92266,0.82909,0.64826,0.5772,0.56313,0.46674,0.40553,0.30914,0.23526,0.14802,0.025596,-0.3269,-0.59496,-0.68924,0.5772,-0.71739,-0.7786,-0.83981,-0.90102,-0.96223,-1.0234,-1.0495,-1.0762,-1.1114,-1.1466,0.5772,-1.1888,-1.2169,-1.276,-1.2873,-1.3225,-1.3225,-1.3225,-1.3225,-1.3225,-1.3225,0.5772,-1.3225,-1.3105,-1.2845,-1.2233,-1.1972,-1.1466,-1.11,-1.0762,-1.0227,-0.96153,0.5772,-0.90032,-0.81307,-0.74271,-0.64632,-0.58511,-0.49928,-0.42751,-0.35997,-0.26991,-0.2087,0.5772,-0.13341,-0.051094,0.010117,0.071329,0.13254,0.19375,0.25496,0.31617,0.37739,0.4386,0.5772,0.49981,0.56102,0.56735,0.54132,0.50685,0.47167,0.46322,0.43649,0.41116,0.40131,0.5772,0.40131,0.36824,0.36613,0.36613,0.33095,0.33095,0.30844,0.2824,0.26059,0.23034,0.5772,0.20431,0.19023,0.15505,0.15505,0.15505,0.15505,0.15505,0.12762,0.33095,0.54202,0.49488,0.43367,0.37246,0.31125,0.23948,0.15365,0.092436,0.012931,-0.065166,0.35558,-0.12638,-0.18759,-0.2488,-0.31001,-0.405,-0.46761,-0.57948,-0.66673,-0.78915,-0.88836,0.36613,-0.98475,-1.046,-1.1072,-1.1466,-1.1944,-1.2556,-1.2873,-1.3225,-1.3576,-1.3928,0.40131,-1.3928,-1.3928,-1.3928,-1.3921,-1.3576,-1.3401,-1.3225,-1.288,-1.262,-1.2007,0.40131,-1.1747,-1.0804,-1.0171,-0.9559,-0.88906,-0.7983,-0.70191,-0.60552,-0.54008,-0.41766,0.40131,-0.33042,-0.24317,-0.12075,0.001674,0.088918,0.21134,0.33236,0.42101,0.52514,0.62153,2.0,2.0
-1.8839,-1.8355,-1.6612,-0.94938,-0.96295,-0.97908,-0.99521,-1.0113,-1.0345,-1.049,-1.0544,-1.0538,-1.0458,-1.645,-1.0441,-1.0399,-1.0298,-1.0136,-1.0055,-0.99163,-0.9755,-0.95796,-0.93376,-0.87308,-1.6289,-0.83416,-0.80702,-0.77553,-0.75133,-0.72048,-0.6927,-0.6662,-0.63407,-0.60987,-0.58568,-1.6128,-0.55764,-0.52704,-0.50285,-0.47865,-0.45445,-0.43346,-0.4163,-0.39211,-0.37483,-0.35869,-1.5967,-0.34512,-0.33668,-0.32054,-0.31069,-0.30262,-0.29648,-0.29648,-0.28867,-0.2806,-0.27599,-1.5805,-0.27471,-0.26665,-0.26575,-0.26575,-0.26294,-0.25551,-0.25551,-0.25551,-0.25116,-0.24527,-1.5705,-0.24527,-0.24527,-0.24527,-0.24527,-0.2468,-0.25487,-0.25551,-0.26076,-0.26882,-0.27599,-1.5625,-0.27599,-0.28278,-0.29084,-0.29891,-0.30697,-0.31504,-0.3231,-0.34704,-0.37841,-0.37841,-1.5544,-0.38609,-0.39416,-0.39889,-0.39889,-0.39889,-0.39889,-0.39889,-0.3962,-0.38814,-0.38007,-1.5463,-0.37201,-0.36394,-0.33335,-0.23656,-0.21915,-0.19726,-0.17306,-0.14746,-0.1152,-0.090235,-1.8107,-1.5383,-0.066039,-0.038899,-0.007406,0.01679,0.047643,0.075424,0.10192,0.13406,0.15825,0.18245,-1.5302,0.20665,0.23084,0.25504,0.27168,0.29319,0.31418,0.33134,0.35553,0.37282,0.38421,-1.5255,0.39484,0.41097,0.4271,0.43695,0.44502,0.45309,0.46115,0.46922,0.47728,0.48535,-1.5266,0.49341,0.50148,0.50237,0.50737,0.51543,0.52286,0.52286,0.52286,0.52721,0.5331,-1.5347,0.5331,0.52503,0.52286,0.51914,0.51261,0.51261,0.50519,0.49712,0.48906,0.4801,-1.5357,0.46397,0.45462,0.44656,0.43606,0.42018,0.41212,0.39791,0.36987,0.33671,0.32865,-1.5357,0.3129,0.30778,0.30778,0.30778,0.30778,0.30778,0.30778,0.31047,0.31854,0.3266,-1.5357,0.33467,0.34696,0.36104,0.3691,0.38511,0.44732,0.50289,0.52708,0.55128,0.57547,-1.5352,0.59967,0.62387,0.64806,0.67226,0.69645,0.72065,0.74254,0.7588,0.78299,0.80117,-1.5271,0.8173,0.83344,0.84957,0.8657,0.88183,0.89476,0.90282,0.91089,0.92587,0.93726,-1.7909,-1.5255,0.94533,0.95339,0.96146,0.96952,0.97759,0.98565,0.99372,1.0018,1.0098,1.0179,-1.5213,1.026,1.034,1.0421,1.0502,1.0582,1.0663,1.0744,1.0824,1.0905,1.0986,-1.5132,1.1066,1.1147,1.1228,1.1308,1.1374,1.1374,1.1448,1.1528,1.1578,1.1587,-1.5051,1.1668,1.1681,1.1681,1.1705,1.1783,1.1783,1.1783,1.1783,1.1783,1.1783,-1.4971,1.1706,1.1681,1.1681,1.1681,1.1681,1.161,1.1578,1.1552,1.1486,1.1648,-1.489,1.1745,1.1825,1.1886,1.1886,1.1965,1.2046,1.2126,1.2221,1.2382,1.2471,-1.4773,1.2603,1.2734,1.2823,1.2984,1.3145,1.3351,1.357,1.3732,1.3893,1.4114,-1.4626,1.4318,1.4496,1.4738,1.4904,1.5119,1.5329,1.5501,1.5743,1.5985,1.6179,-1.4546,1.6366,1.6604,1.6766,1.6927,1.7088,1.725,1.7411,1.7572,1.7734,1.7895,-1.4392,1.8043,1.8124,1.8205,1.8335,1.8468,1.8549,1.863,1.871,-1.7682,-1.4231,-1.4069,-1.3908,-1.3747,-1.3519,-1.3322,-1.3137,-1.2897,-1.2735,-1.2574,-1.7521,-1.2374,-1.2149,-1.1988,-1.1826,-1.1665,-1.1504,-1.1342,-1.1181,-1.102,-1.0859,-1.7359,-1.0697,-1.0536,-1.0375,-1.0213,-1.0093,-0.99931,-0.98318,-0.96705,-0.95655,-0.94503,-1.7146,-0.9289,-0.91277,-0.90381,-0.89075,-0.87744,-0.86873,-0.8526,-0.843,-0.83058,-0.81663,-1.6934,-0.80856,-0.80049,-0.79243,-0.78808,-0.78808,-0.78808,-0.78808,-0.78808,-0.79115,-0.79921,-1.6773,-0.80728,-0.82213,-0.83365,-0.84415,-0.86028,-0.87641,-0.89254,-0.90867,-0.9248,-0.94093,5.0,5.0
-2.0232,-1.9286,-1.691,-0.84206,-0.83553,-0.82261,-0.80943,-0.80316,-0.78692,-0.77067,-0.76747,-0.75723,-0.74802,-1.6657,-0.73178,-0.72858,-0.71807,-0.70913,-0.69288,-0.68969,-0.67892,-0.67024,-0.66587,-0.65282,-1.6455,-0.65282,-0.6444,-0.63977,-0.63801,-0.62672,-0.62672,-0.62672,-0.62672,-0.62202,-0.61367,-1.6162,-0.61367,-0.61243,-0.60061,-0.60061,-0.58978,-0.58756,-0.58339,-0.57451,-0.56394,-0.56074,-1.5999,-0.54841,-0.5413,-0.53536,-0.52231,-0.51865,-0.50241,-0.48616,-0.4701,-0.46671,-0.45046,-1.5749,-0.43421,-0.41797,-0.40172,-0.3918,-0.38227,-0.36602,-0.34978,-0.33353,-0.32654,-0.31408,-1.5544,-0.30044,-0.30044,-0.29144,-0.28739,-0.27434,-0.26879,-0.26129,-0.24935,-0.24615,-0.23519,-1.5381,-0.2267,-0.22214,-0.20909,-0.20909,-0.20086,-0.19604,-0.18298,-0.17822,-0.16993,-0.15877,-1.5219,-0.15688,-0.15238,-0.14383,-0.13293,-0.13078,-0.13078,-0.12334,-0.11773,-0.11773,-0.11773,-1.5056,-0.11055,-0.10468,-0.10416,-0.091628,-0.084711,-0.078577,-0.065526,-0.062067,-0.052475,-0.042621,-1.906,-1.4894,-0.026373,-0.023175,-0.006927,-0.000271,0.012519,0.015716,0.031965,0.038882,0.051411,0.064984,-1.4731,0.070857,0.087105,0.091086,0.10655,0.1228,0.13024,0.14225,0.15634,0.16169,0.16939,-1.4569,0.18114,0.18433,0.19549,0.20378,0.20854,0.22159,0.22159,0.22159,0.23282,0.23465,-1.4406,0.23921,0.2477,0.2477,0.24881,0.26075,0.26075,0.26075,0.2738,0.2738,0.28104,-1.4244,0.28685,0.28744,0.2999,0.2999,0.31008,0.31295,0.31648,0.33272,0.33905,0.3521,-1.4065,0.35537,0.37162,0.37821,0.39106,0.40731,0.42356,0.43981,0.45606,0.46956,0.4755,-1.3788,0.49175,0.508,0.52425,0.54049,0.55674,0.57299,0.58924,0.60549,0.62174,0.63799,-1.3626,0.65423,0.67048,0.68673,0.70298,0.71923,0.73058,0.73867,0.75492,0.76973,0.77437,-1.3463,0.79062,0.80686,0.82194,0.82631,0.84256,0.84804,0.86109,0.86109,0.86109,0.8716,-1.3301,0.87414,0.87414,0.87414,0.87414,0.88719,0.88719,0.88719,0.88719,0.90024,0.90024,-1.8735,-1.3138,0.90024,0.90997,0.91329,0.91329,0.91956,0.92635,0.92635,0.92635,0.93235,0.9394,-1.2976,0.9394,0.9394,0.9394,0.9394,0.9394,0.95245,0.95245,0.95245,0.95245,0.95447,-1.2923,0.9655,0.9655,0.9655,0.9655,0.9655,0.9655,0.9655,0.9655,0.9655,0.9655,-1.2923,0.9655,0.97855,0.97855,0.97855,0.98938,0.99258,1.0088,1.0177,1.0283,1.0445,-1.2923,1.0608,1.0699,1.0802,1.0965,1.1091,1.1159,1.1322,1.1354,1.1516,1.1679,-1.2998,1.1841,1.2004,1.2166,1.2328,1.2491,1.2781,1.2946,1.3109,1.3271,1.3434,-1.3054,1.3596,1.3759,1.3921,1.4084,1.4377,1.4539,1.4702,1.4864,1.5157,1.532,-1.2923,1.5482,1.5762,1.5938,1.61,1.6263,1.6425,1.6588,1.675,1.6913,1.7075,-1.2923,1.7251,1.7531,1.7693,1.7856,1.8018,1.8181,1.8343,1.8505,1.8668,1.883,-1.2923,1.8993,1.9155,1.9318,1.948,1.9643,1.9805,1.9968,2.013,-1.8538,-1.2923,-1.2793,-1.2755,-1.2662,-1.2662,-1.2532,-1.2532,-1.2532,-1.2532,-1.2531,-1.8215,-1.2401,-1.2401,-1.2305,-1.2271,-1.2241,-1.214,-1.214,-1.2014,-1.201,-1.195,-1.7952,-1.1879,-1.1879,-1.1749,-1.1692,-1.1618,-1.1497,-1.1465,-1.1357,-1.1271,-1.1108,-1.7696,-1.1076,-1.0965,-1.0882,-1.0835,-1.0704,-1.0656,-1.0574,-1.0574,-1.0443,-1.0397,-1.7371,-1.0313,-1.0203,-1.0171,-1.0052,-0.99762,-0.98138,-0.97818,-0.96604,-0.95873,-0.95299,-1.7176,-0.93994,-0.93609,-0.92689,-0.91664,-0.90079,-0.8972,-0.88095,-0.87468,-0.86163,-0.85831,3.0,5.0
-2.4535,-2.1817,-1.8218,-1.077,-1.077,-1.0728,-1.0646,-1.0564,-1.0481,-1.0396,-1.0232,-0.98459,-0.92879,-1.8098,-0.91233,-0.89586,-0.87939,-0.86292,-0.84178,-0.8177,-0.80123,-0.77997,-0.75526,-0.73056,-1.8011,-0.71078,-0.69345,-0.66874,-0.64404,-0.61934,-0.59464,-0.56994,-0.54523,-0.52053,-0.49583,-1.7846,-0.47113,-0.44642,-0.42172,-0.39837,-0.3819,-0.35991,-0.33668,-0.32021,-0.29809,-0.27498,-1.7728,-0.25852,-0.24782,-0.23787,-0.2214,-0.21083,-0.20075,-0.18429,-0.17384,-0.16561,-0.15737,-1.7646,-0.14914,-0.14299,-0.14299,-0.13673,-0.1307,-0.1307,-0.1307,-0.1307,-0.1307,-0.13722,-1.7564,-0.14299,-0.14299,-0.14963,-0.15786,-0.1661,-0.16757,-0.17028,-0.17851,-0.18674,-0.19498,-1.7529,-0.20321,-0.21145,-0.21968,-0.22791,-0.23615,-0.24438,-0.25262,-0.26085,-0.23074,-0.14017,-1.7529,-0.11596,-0.099488,-0.083019,-0.066551,-0.050083,-0.033615,-0.017147,-0.000679,0.015789,0.04,-1.7529,0.061015,0.077484,0.10182,0.12271,0.13918,0.16363,0.18834,0.21304,0.23774,0.25839,-2.0312,-1.748,0.27486,0.29956,0.32426,0.34884,0.36531,0.38608,0.41053,0.427,0.44347,0.45994,-1.7406,0.47641,0.49287,0.50885,0.51708,0.52999,0.54584,0.55408,0.56231,0.57128,0.58775,-1.7406,0.5993,0.60754,0.61577,0.62401,0.63224,0.64047,0.64871,0.65584,0.65584,0.66112,-1.7356,0.66812,0.66812,0.66812,0.66812,0.66812,0.66812,0.66812,0.66812,0.66812,0.66653,-1.7284,0.65829,0.65584,0.65411,0.64588,0.63765,0.62941,0.62118,0.61294,0.60471,0.59648,-1.7284,0.58824,0.58001,0.57177,0.56354,0.55531,0.54707,0.53884,0.5306,0.52237,0.48808,-1.7232,0.4592,0.4592,0.4592,0.45662,0.44839,0.44691,0.44691,0.44691,0.44691,0.44691,-1.715,0.44691,0.44691,0.44986,0.45809,0.4592,0.46227,0.47051,0.47149,0.47469,0.48292,-1.7067,0.49115,0.49939,0.50762,0.51586,0.52409,0.53232,0.54056,0.5773,0.65141,0.66358,-1.6985,0.6755,0.69197,0.70057,0.7088,0.71704,0.73326,0.7458,0.75403,0.76226,0.77455,-1.9982,-1.6903,0.79102,0.80749,0.82396,0.84043,0.85689,0.87336,0.88983,0.9063,0.92277,0.93923,-1.682,0.9557,0.97217,0.98864,1.0051,1.0169,1.0258,1.0422,1.0539,1.0621,1.0704,-1.6738,1.0835,1.0991,1.1074,1.1156,1.1238,1.1321,1.1403,1.1474,1.1474,1.1527,-1.6642,1.1609,1.1692,1.172,1.172,1.172,1.1775,1.1843,1.1843,1.1843,1.1843,-1.6477,1.1843,1.1843,1.1843,1.1843,1.1902,1.1966,1.1966,1.1966,1.1966,1.1966,-1.6368,1.1966,1.1966,1.1966,1.1966,1.1944,1.1861,1.1843,1.1843,1.1843,1.1843,-1.6271,1.1843,1.1843,1.1843,1.1869,1.1951,1.1966,1.1993,1.2075,1.2158,1.224,-1.6106,1.2322,1.2405,1.2487,1.2569,1.2652,1.2734,1.2816,1.2899,1.2981,1.3063,-1.5942,1.3146,1.3228,1.331,1.3468,1.3598,1.368,1.3763,1.3845,1.3927,1.401,-1.5777,1.4092,1.4174,1.4178,1.4216,1.4298,1.4301,1.4301,1.4301,-1.9653,-1.5612,-1.5448,-1.5266,-1.5019,-1.4831,-1.4647,-1.44,-1.4153,-1.3906,-1.3659,-1.9367,-1.3474,-1.3288,-1.3041,-1.2794,-1.2547,-1.23,-1.2053,-1.1806,-1.1559,-1.1312,-1.912,-1.1065,-1.0818,-1.0571,-1.035,-1.0185,-0.99528,-0.97328,-0.95681,-0.94035,-0.92388,-1.8873,-0.90741,-0.89094,-0.87742,-0.86919,-0.86096,-0.85579,-0.85579,-0.85579,-0.85579,-0.85579,-1.8626,-0.86317,-0.8714,-0.87964,-0.88787,-0.8961,-0.90434,-0.91257,-0.92437,-0.94084,-0.94956,-1.8382,-0.96148,-0.97795,-0.98656,-0.9986,-1.0151,-1.0235,-1.0318,-1.04,-1.0482,-1.0605,5.0,5.0
-2.3915,-2.0677,-1.6785,-0.6408,-0.64181,-0.65193,-0.65296,-0.66001,-0.67013,-0.67728,-0.67822,-0.68834,-0.69846,-1.6563,-0.70858,-0.71871,-0.72883,-0.73895,-0.74907,-0.76816,-0.78147,-0.79159,-0.80457,-0.82399,-1.626,-0.83411,-0.84424,-0.85436,-0.86448,-0.8746,-0.88472,-0.89484,-0.90496,-0.9287,-0.94475,-1.6056,-0.94749,-0.95621,-0.94609,-0.94475,-0.938,-0.93259,-0.92992,-0.9198,-0.90968,-0.89955,-1.5854,-0.88943,-0.87931,-0.86658,-0.84691,-0.83679,-0.82667,-0.81655,-0.80642,-0.7963,-0.78567,-1.5651,-0.76542,-0.75378,-0.69114,-0.62722,-0.59436,-0.55433,-0.52397,-0.48506,-0.44458,-0.40856,-1.5488,-0.37576,-0.33528,-0.29479,-0.26278,-0.23242,-0.20206,-0.17169,-0.14133,-0.11096,-0.080599,-1.5386,-0.050235,-0.01987,0.010494,0.040858,0.071223,0.10159,0.13195,0.16232,0.19043,0.21067,-1.5285,0.23092,0.25116,0.2714,0.29165,0.3097,0.31982,0.32994,0.33183,0.33803,0.34815,-1.5184,0.35614,0.35614,0.35614,0.35614,0.35614,0.35204,0.34399,0.34395,0.33383,0.3156,-1.9701,-1.5083,0.30143,0.28727,0.26903,0.25891,0.2387,0.21845,0.19821,0.18195,0.16988,0.14964,-1.4981,0.13943,0.12931,0.11919,0.11299,0.1111,0.10098,0.04101,0.019947,0.009825,0.003564,-1.488,0.003564,0.003564,0.003564,0.003564,0.003564,0.007364,0.017485,0.027606,0.037728,0.047849,-1.4797,0.057971,0.068092,0.079916,0.10016,0.11061,0.12849,0.14302,0.15681,0.18855,0.27964,-1.4797,0.30265,0.32289,0.34313,0.36699,0.39578,0.41602,0.43626,0.45651,0.47675,0.49699,-1.4797,0.51875,0.54912,0.56988,0.59012,0.61036,0.63061,0.65085,0.67109,0.69134,0.70407,-1.4797,0.71966,0.73991,0.76015,0.78039,0.80064,0.82088,0.83571,0.84583,0.85595,0.86608,-1.4797,0.8762,0.87893,0.88428,0.89109,0.89109,0.89109,0.89109,0.88376,0.87893,0.87893,-1.4797,0.87772,0.86759,0.86677,0.86677,0.86155,0.85462,0.85346,0.84334,0.83322,0.8303,-1.4797,0.82513,0.81814,0.81705,0.80693,0.80598,0.79884,0.79383,0.79076,0.78064,0.77051,-1.9297,-1.4797,0.76039,0.75735,0.75231,0.74219,0.73206,0.72194,0.70276,0.68954,0.67942,0.6693,-1.4797,0.65827,0.63802,0.62678,0.61666,0.61146,0.60857,0.5993,0.5993,0.60824,0.61146,-1.4797,0.61632,0.62644,0.63735,0.6576,0.66897,0.68593,0.70137,0.71425,0.73523,0.76559,-1.4797,0.84884,0.89249,0.91747,0.94513,0.96604,0.99641,1.018,1.045,1.0753,1.1031,-1.4797,1.1239,1.1543,1.1759,1.2028,1.2286,1.2514,1.2812,1.3015,1.3217,1.342,-1.4797,1.3622,1.3825,1.4022,1.4123,1.4225,1.4326,1.4427,1.4528,1.4629,1.4731,-1.4797,1.4832,1.4868,1.4913,1.499,1.4993,1.5095,1.5111,1.5111,1.5111,1.5111,-1.4797,1.5111,1.5111,1.5111,1.5048,1.499,1.499,1.4992,1.5093,1.5111,1.5111,-1.472,1.5154,1.5255,1.5356,1.5458,1.5642,1.5844,1.6004,1.6149,1.6451,1.6654,-1.4675,1.6856,1.7059,1.7261,1.7463,1.7665,1.7766,1.7868,1.7908,-1.8892,-1.4675,-1.4659,-1.4558,-1.4554,-1.4477,-1.4376,-1.4275,-1.4174,-1.4072,-1.3875,-1.8507,-1.3748,-1.3592,-1.3389,-1.3172,-1.2868,-1.266,-1.2382,-1.2134,-1.1897,-1.1607,-1.8203,-1.1405,-1.1107,-1.0878,-1.0622,-1.0352,-1.0136,-0.98323,-0.96232,-0.94208,-0.92183,-1.7799,-0.90159,-0.88135,-0.86111,-0.84086,-0.82062,-0.80038,-0.78342,-0.77205,-0.75181,-0.74089,-1.7394,-0.72348,-0.70849,-0.69515,-0.67609,-0.66597,-0.65585,-0.65296,-0.64776,-0.6408,-0.63968,-1.7049,-0.62956,-0.62865,-0.62865,-0.62865,-0.62865,-0.62865,-0.62865,-0.62865,-0.63576,-0.6408,5.0,5.0
0.2161,0.13693,0.13693,-0.076823,-0.009729,0.053407,0.11654,0.19551,0.25865,0.33405,0.40075,0.47101,0.54286,0.13693,0.60797,0.68496,0.7481,0.82707,0.8902,0.95334,1.0323,1.0954,1.1716,1.2376,0.15197,1.3007,1.3771,1.4428,1.514,1.5825,1.648,1.7036,1.7563,1.8343,1.8774,0.15276,1.9142,1.9544,1.9807,2.0071,2.0334,2.0528,2.0686,2.0807,2.0912,2.1003,0.15276,2.1003,2.0937,2.0674,2.0411,2.0148,1.9875,1.9463,1.9138,1.8778,1.8402,0.16761,1.8034,1.7666,1.725,1.6829,1.6407,1.6035,1.5667,1.5142,1.4772,1.4299,0.1686,1.3878,1.3351,1.2825,1.2298,1.1772,1.1245,1.0565,1.0034,0.94602,0.88229,0.17275,0.81975,0.76116,0.69347,0.63034,0.55572,0.48823,0.41876,0.35028,0.28299,0.21332,0.18443,0.14089,0.061918,-0.001218,-0.080188,-0.14491,-0.26979,-0.34876,-0.42773,-0.5067,-0.58567,0.19373,-0.66464,-0.75944,-0.82258,-0.90155,-0.96468,-1.0249,-1.091,-1.146,-1.1828,-1.2222,0.13178,0.20026,-1.2643,-1.2907,-1.317,-1.351,-1.349,-1.3227,-1.2964,-1.2701,-1.2437,-1.2174,0.20026,-1.1891,-1.1489,-1.1068,-1.0646,-1.0383,-0.99615,-0.95241,-0.91184,-0.86295,-0.82614,0.20026,-0.77349,-0.72085,-0.6682,-0.61556,-0.56291,-0.51026,-0.45762,-0.40497,-0.33649,-0.28385,0.20026,-0.2312,-0.17855,-0.12591,-0.079,-0.036448,0.016198,0.053011,0.10546,0.14247,0.17928,0.20026,0.23193,0.25825,0.30041,0.32673,0.36889,0.39521,0.4061,0.43202,0.44251,0.4536,0.19136,0.4536,0.43321,0.42193,0.3964,0.35424,0.31308,0.26043,0.20778,0.14049,0.077355,0.18087,0.002344,-0.06475,-0.14372,-0.22269,-0.30166,-0.38063,-0.4596,-0.53857,-0.61754,-0.69314,0.1686,-0.75964,-0.83861,-0.90175,-0.98072,-1.0439,-1.1228,-1.1883,-1.2649,-1.3281,-1.3938,0.15276,-1.4543,-1.5149,-1.5675,-1.6125,-1.6546,-1.6809,-1.7156,-1.7336,-1.7599,-1.7716,0.13356,-1.7453,-1.7314,-1.7085,-1.6804,-1.64,-1.6067,-1.5699,-1.5173,-1.4646,-1.412,0.1211,0.10724,-1.3593,-1.3067,-1.254,-1.1897,-1.1329,-1.0644,-1.0003,-0.93717,-0.8582,-0.77923,0.080918,-0.70027,-0.6213,-0.53124,-0.44752,-0.35272,-0.26287,-0.17341,-0.068115,0.02649,0.12664,0.054595,0.2161,0.3109,0.4057,0.50031,0.57947,0.67428,0.75325,0.83221,0.92702,1.006,0.014615,1.085,1.1594,1.2271,1.2902,1.349,1.4016,1.4606,1.5028,1.5291,1.5554,-0.022198,1.5659,1.5633,1.5528,1.5265,1.5002,1.4739,1.4317,1.3913,1.3474,1.3019,-0.05901,1.2492,1.1966,1.1439,1.0776,1.0145,0.95136,0.87239,0.80154,0.73029,0.66458,-0.11166,0.58818,0.52762,0.46191,0.40649,0.34672,0.24084,0.16939,0.11674,0.064095,0.011448,-0.14847,-0.039219,-0.053073,-0.076031,-0.10235,-0.11641,-0.13917,-0.14966,-0.16391,-0.17064,-0.17974,-0.19834,-0.17974,-0.19557,-0.19557,-0.19557,-0.17974,-0.17974,-0.16826,-0.15777,-0.14807,-0.13679,-0.23793,-0.13224,-0.13224,-0.13224,-0.13224,-0.13224,-0.13224,-0.13224,-0.13224,0.1211,-0.27474,-0.32481,-0.3642,-0.40913,-0.45366,-0.49344,-0.54312,-0.59359,-0.63258,-0.68522,0.12604,-0.73589,-0.77468,-0.82733,-0.86236,-0.90095,-0.93777,-0.97458,-1.0152,-1.0573,-1.085,0.13693,-1.1258,-1.1679,-1.1955,-1.2364,-1.2691,-1.3049,-1.3312,-1.3576,-1.3839,-1.4102,0.13693,-1.4246,-1.3983,-1.372,-1.3457,-1.3194,-1.293,-1.2667,-1.2246,-1.1982,-1.1719,0.13693,-1.1456,-1.1034,-1.0613,-1.0193,-0.9825,-0.9348,-0.89304,-0.85049,-0.80358,-0.75093,0.13693,-0.69829,-0.62981,-0.57716,-0.51482,-0.45603,-0.40339,-0.33491,-0.27811,-0.21378,-0.1453,0.0,0.0
0.16604,0.12027,0.13042,1.9114,1.9114,1.8923,1.8694,1.8465,1.8072,1.7614,1.7156,1.656,1.5873,0.13042,1.5187,1.4387,1.3472,1.2556,1.1641,1.0725,0.96212,0.85384,0.7623,0.65446,0.13042,0.54004,0.42561,0.31118,0.19676,0.082333,-0.032094,-0.14652,-0.26095,-0.36682,-0.45836,0.13042,-0.54991,-0.63548,-0.70414,-0.77279,-0.84145,-0.9101,-0.96522,-1.011,-1.0568,-1.0916,0.13042,-1.1145,-1.1374,-1.1602,-1.1831,-1.1875,-1.1933,-1.2162,-1.2231,-1.2199,-1.197,0.13042,-1.1875,-1.1869,-1.164,-1.1411,-1.1182,-1.0953,-1.0724,-1.0496,-1.0083,-0.95694,0.13042,-0.88829,-0.81963,-0.75097,-0.68232,-0.61366,-0.54456,-0.45302,-0.36148,-0.26994,-0.1784,0.13042,-0.086858,0.004683,0.096224,0.18776,0.27931,0.37085,0.46239,0.55393,0.64547,0.73674,0.13042,0.8054,0.88447,0.97601,1.047,1.1156,1.1843,1.235,1.2807,1.3265,1.3723,0.13042,1.418,1.4638,1.4968,1.5196,1.5196,1.5298,1.5527,1.5756,1.5908,1.5908,0.094799,0.13042,1.5908,1.5857,1.5628,1.54,1.5171,1.4942,1.4713,1.4484,1.4027,1.357,0.11288,1.3112,1.2654,1.2122,1.1435,1.0749,1.0062,0.93755,0.86889,0.79792,0.70638,0.089991,0.61484,0.5233,0.43176,0.34021,0.24867,0.1371,0.029973,-0.061568,-0.15311,-0.24465,0.067105,-0.33619,-0.42773,-0.51927,-0.61081,-0.69007,-0.75872,-0.82738,-0.89603,-0.96469,-1.0135,0.04422,-1.0593,-1.105,-1.1335,-1.1564,-1.1793,-1.2022,-1.2251,-1.2479,-1.2708,-1.2937,0.021335,-1.2943,-1.2848,-1.2619,-1.239,-1.2162,-1.1933,-1.1704,-1.1475,-1.1246,-1.0872,-0.00155,-1.0414,-0.99568,-0.93797,-0.86932,-0.80066,-0.73201,-0.66335,-0.5947,-0.51927,-0.42773,-0.024436,-0.35311,-0.28027,-0.18873,-0.11152,-0.041265,0.050275,0.13006,0.19872,0.28928,0.37165,-0.047321,0.4403,0.50896,0.57762,0.64627,0.69819,0.74796,0.81662,0.85696,0.88127,0.92704,-0.092735,0.96123,0.98412,1.0287,1.0565,1.0565,1.0757,1.0985,1.1214,1.1443,1.1672,0.094799,-0.13851,1.1901,1.199,1.199,1.199,1.199,1.199,1.1774,1.1634,1.1634,1.1444,-0.18428,1.1278,1.1278,1.1114,1.0885,1.0656,1.0427,1.0198,0.99694,0.97405,0.95117,-0.24999,0.90691,0.86114,0.81537,0.7696,0.72383,0.67806,0.63229,0.58305,0.51439,0.44574,-0.31144,0.37708,0.30842,0.23977,0.17111,0.10246,0.033802,-0.034854,-0.12212,-0.20778,-0.27644,-0.35721,-0.3451,-0.41375,-0.48241,-0.53762,-0.5841,-0.65276,-0.71055,-0.75632,-0.80209,-0.84786,-0.43771,-0.89363,-0.92097,-0.94955,-0.99532,-1.0252,-1.0481,-1.071,-1.0939,-1.1168,-1.1397,-0.52462,-1.1519,-1.1519,-1.1519,-1.1438,-1.1209,-1.1162,-1.1162,-1.1162,-1.1162,-1.1162,-0.59327,-1.1162,-1.1162,-1.1162,-1.1162,-1.1162,-1.1162,-1.1162,-1.1162,-1.1162,-1.1162,-0.66193,-1.1162,-1.1162,-1.1162,-1.1162,-1.1162,-1.1162,-1.1162,-1.1162,-1.1162,-1.1162,-0.73058,-1.1162,-1.1162,-1.1162,-1.1162,-1.1162,-1.1162,-1.1009,-1.0806,0.094799,-0.79924,-0.86789,-0.93655,-1.0052,-1.0642,-1.11,-1.1558,-1.2016,-1.2473,-1.2759,0.094799,-1.2988,-1.3217,-1.33,-1.33,-1.33,-1.3179,-1.2951,-1.2722,-1.2398,-1.1941,0.094799,-1.1483,-1.1025,-1.0568,-0.97698,-0.88544,-0.7939,-0.70235,-0.60912,-0.4947,-0.38027,0.094799,-0.26584,-0.15142,-0.02773,0.10958,0.22748,0.33523,0.42677,0.53514,0.64957,0.76399,0.099786,0.86417,0.95571,1.0473,1.1388,1.2303,1.3219,1.4043,1.473,1.5609,1.6394,0.12267,1.6852,1.731,1.7767,1.8225,1.8542,1.8771,1.9,1.9229,1.9457,1.9253,0.0,0.0
-0.49882,-0.53158,-0.53125,-1.3421,-1.3087,-1.2597,-1.2257,-1.1773,-1.1442,-1.1112,-1.0781,-1.045,-1.0148,-0.53125,-0.99505,-0.96554,-0.9451,-0.91624,-0.89516,-0.86207,-0.83418,-0.81213,-0.78488,-0.76218,-0.53125,-0.73558,-0.71223,-0.68628,-0.66974,-0.6532,-0.63666,-0.62012,-0.60358,-0.58704,-0.5705,-0.53125,-0.55396,-0.53742,-0.52087,-0.51504,-0.50401,-0.49882,-0.48714,-0.4826,-0.47028,-0.45374,-0.53579,-0.45017,-0.43687,-0.42033,-0.40379,-0.38725,-0.3853,-0.37038,-0.36909,-0.35352,-0.35287,-0.54747,-0.33665,-0.32044,-0.31979,-0.30325,-0.28671,-0.27179,-0.26984,-0.25557,-0.25298,-0.23935,-0.54747,-0.23611,-0.22314,-0.21925,-0.20692,-0.20238,-0.1907,-0.18551,-0.17449,-0.16865,-0.15211,-0.55298,-0.13557,-0.12584,-0.1187,-0.10216,-0.08562,-0.069079,-0.044105,-0.01978,-0.003239,0.013302,-0.56369,0.039573,0.0626,0.08952,0.1226,0.14466,0.17255,0.19396,0.2225,0.24325,0.27244,-0.56369,0.29255,0.30909,0.33926,0.35839,0.37493,0.39147,0.42293,0.44077,0.45731,0.48975,-0.54747,-0.56369,0.50661,0.53937,0.55591,0.57245,0.59029,0.62175,0.63829,0.65483,0.67397,0.70413,-0.56369,0.72067,0.74078,0.76997,0.78651,0.80305,0.82446,0.85235,0.86889,0.89127,0.91819,-0.56369,0.94122,0.9743,1.0002,1.0242,1.0573,1.0823,1.0988,1.1241,1.1481,1.1741,-0.56369,1.1974,1.224,1.2467,1.274,1.296,1.3126,1.3408,1.3619,1.3784,1.395,-0.56369,1.4115,1.4413,1.4608,1.4773,1.4939,1.5104,1.5419,1.5597,1.5763,1.5928,-0.56369,1.6093,1.6259,1.6424,1.659,1.6742,1.6726,1.658,1.6557,1.6392,1.6226,-0.56369,1.6093,1.6058,1.5892,1.5727,1.5562,1.5396,1.5231,1.5065,1.49,1.4734,-0.56369,1.4569,1.4404,1.4167,1.3911,1.3745,1.3499,1.3252,1.3087,1.2831,1.2594,-0.56369,1.2428,1.2163,1.1935,1.177,1.1605,1.1439,1.1157,1.0946,1.0781,1.0615,-0.56369,1.032,1.0122,0.99571,0.96522,0.94641,0.92987,0.89841,0.88057,0.86403,0.84749,-0.54747,-0.56369,0.81473,0.79819,0.78035,0.7317,0.69862,0.66716,0.64867,0.61786,0.59872,0.56856,-0.56369,0.55202,0.53191,0.50272,0.48618,0.46964,0.4531,0.43656,0.42002,0.39764,0.37688,-0.57407,0.37039,0.34704,0.32109,0.31947,0.32823,0.32823,0.32823,0.32823,0.32823,0.32823,-0.63342,0.32823,0.32823,0.32823,0.33893,0.34445,0.34445,0.35612,0.36066,0.36066,0.36066,-0.68304,0.37364,0.37688,0.37688,0.37688,0.37688,0.39147,0.3931,0.3931,0.40866,0.40931,-0.75018,0.40931,0.40931,0.40931,0.40931,0.40931,0.40931,0.40931,0.40931,0.40672,0.3931,-0.78618,0.3931,0.3931,0.3931,0.3931,0.3931,0.3931,0.3931,0.3931,0.3931,0.3931,-0.85072,0.3931,0.3931,0.3931,0.3931,0.3931,0.3931,0.3931,0.3931,0.40218,0.40931,-0.89645,0.40931,0.40931,0.40931,0.40931,0.40931,0.40931,0.40931,0.40931,0.40931,0.40931,-0.96748,0.40931,0.42261,0.42553,0.42553,0.42553,0.44012,0.45667,0.47321,-0.54617,-0.99829,-1.0281,-1.0612,-1.1222,-1.1455,-1.1767,-1.1948,-1.2876,-1.3557,-1.3742,-0.53125,-1.4394,-1.4559,-1.4718,-1.4728,-1.4945,-1.5691,-1.5711,-1.5876,-1.6093,-1.6648,-0.53125,-1.7345,-1.7475,-1.7514,-1.7848,-1.8493,-1.8659,-1.8824,-1.921,-1.9804,-2.0216,-0.53125,-2.0783,-2.0949,-2.1399,-2.1854,-2.162,-2.1286,-2.1121,-2.0955,-2.079,-2.0624,-0.53125,-2.0362,-2.0131,-1.9862,-1.9531,-1.9311,-1.9032,-1.8701,-1.837,-1.7916,-1.7673,-0.53125,-1.7248,-1.6885,-1.6554,-1.6223,-1.575,-1.5399,-1.5068,-1.4585,-1.4245,-1.3914,4.0,4.0
2.3587,2.1134,1.7451,-0.28814,-0.30631,-0.31948,-0.32948,-0.34766,-0.36583,-0.384,-0.40217,-0.42719,-0.45169,1.7087,-0.46986,-0.48803,-0.50989,-0.53715,-0.55572,-0.5785,-0.60523,-0.6234,-0.6471,-0.67291,1.676,-0.69109,-0.71571,-0.7406,-0.75877,-0.78432,-0.81158,-0.83883,-0.86609,-0.88914,-0.90744,1.6488,-0.9347,-0.96196,-0.98922,-1.0165,-1.0437,-1.069,-1.0872,-1.1123,-1.1367,-1.1549,1.6128,-1.1809,-1.2044,-1.2226,-1.2407,-1.2589,-1.2777,-1.305,-1.3266,-1.3448,-1.3629,1.5765,-1.3745,-1.3861,-1.4043,-1.4225,-1.4372,-1.4463,-1.4638,-1.4776,-1.4867,-1.4958,1.5402,-1.5049,-1.514,-1.5231,-1.5321,-1.5412,-1.5503,-1.5523,-1.5553,-1.5644,-1.5655,1.5038,-1.5694,-1.5785,-1.5876,-1.5918,-1.5918,-1.5918,-1.5918,-1.5901,-1.581,-1.5719,1.4675,-1.5628,-1.5537,-1.5447,-1.5356,-1.5265,-1.5174,-1.5083,-1.4988,-1.4807,-1.4679,1.4311,-1.4575,-1.4393,-1.4275,-1.4161,-1.398,-1.3798,-1.3616,-1.3434,-1.3253,-1.3071,1.9881,1.3948,-1.2889,-1.2708,-1.2526,-1.2344,-1.2162,-1.1981,-1.1781,-1.1508,-1.1304,-1.1094,1.3584,-1.0822,-1.0627,-1.0445,-1.0264,-0.99949,-0.97684,-0.95814,-0.93088,-0.90915,-0.89098,1.3221,-0.87281,-0.84818,-0.8233,-0.80512,-0.78695,-0.76549,-0.73823,-0.71927,-0.70109,-0.68279,1.2857,-0.65553,-0.63341,-0.61524,-0.59706,-0.57889,-0.56072,-0.54255,-0.52438,-0.5091,-0.50001,1.2494,-0.48303,-0.46867,-0.45959,-0.44168,-0.42825,-0.4185,-0.40033,-0.38782,-0.37873,-0.36965,1.2131,-0.36056,-0.35148,-0.34239,-0.3258,-0.31447,-0.31447,-0.30604,-0.29696,-0.28787,-0.27879,1.1767,-0.2697,-0.2618,-0.2618,-0.25561,-0.24863,-0.24863,-0.24152,-0.23546,-0.23546,-0.22743,1.1487,-0.22229,-0.22229,-0.21334,-0.20913,-0.20834,-0.19925,-0.19016,-0.18108,-0.17199,-0.16291,1.1172,-0.15382,-0.14473,-0.13565,-0.12656,-0.11747,-0.10839,-0.094825,-0.077048,-0.067962,-0.053477,1.081,-0.035304,-0.017132,-0.005281,0.006044,0.024216,0.042389,0.057401,0.066487,0.083737,0.097827,1.9609,1.0537,0.10691,0.12509,0.14326,0.16051,0.16959,0.18461,0.20278,0.22095,0.23228,0.24413,1.0265,0.2623,0.28047,0.29496,0.30404,0.32182,0.33538,0.345,0.36317,0.37581,0.3849,1.0003,0.39398,0.40307,0.41215,0.42124,0.43033,0.43941,0.4485,0.44929,0.4535,0.46246,0.98208,0.46246,0.46246,0.46351,0.4726,0.47563,0.4776,0.48669,0.48879,0.49169,0.50078,0.95785,0.50986,0.51895,0.52804,0.53712,0.54621,0.55595,0.57412,0.5923,0.61047,0.62864,0.93257,0.6534,0.67815,0.69633,0.72201,0.74926,0.77652,0.81221,0.84421,0.87173,0.90807,0.91439,0.94442,0.97958,1.0068,1.0403,1.0766,1.113,1.1493,1.1857,1.222,1.2584,0.89622,1.2907,1.318,1.3542,1.3906,1.4269,1.4632,1.4938,1.5228,1.5591,1.5887,0.87805,1.616,1.6433,1.6705,1.6978,1.725,1.7523,1.7751,1.7932,1.8114,1.835,0.85988,1.8596,1.8687,1.8841,1.9023,1.9205,1.9314,1.9405,1.9496,1.9336,0.8417,0.82735,0.81827,0.80918,0.80009,0.79101,0.78192,0.77283,0.76375,0.75466,1.9004,0.71924,0.68382,0.67473,0.66564,0.65998,0.65998,0.65155,0.62943,0.59388,0.58479,1.8659,0.5599,0.52711,0.51803,0.49656,0.47352,0.46443,0.44824,0.42098,0.37555,0.35421,1.8387,0.33209,0.30483,0.28653,0.27323,0.26256,0.2353,0.21384,0.19738,0.18829,0.15906,1.8114,0.13062,0.12153,0.10481,0.09019,0.081104,0.072017,0.053977,0.027509,0.018422,-0.01226,1.7814,-0.052423,-0.061509,-0.089558,-0.13262,-0.19622,-0.21637,-0.22862,-0.24679,-0.2568,-0.26996,1.0,1.0
-2.1085,-1.9766,-1.779,-0.82656,-0.80816,-0.79617,-0.78028,-0.75938,-0.7474,-0.73541,-0.72343,-0.71144,-0.69945,-1.755,-0.68747,-0.67548,-0.6635,-0.65151,-0.64709,-0.64036,-0.62837,-0.62145,-0.61722,-0.60523,-1.7311,-0.59325,-0.58126,-0.56928,-0.55729,-0.5453,-0.54454,-0.53415,-0.52217,-0.51018,-0.50608,-1.7071,-0.49903,-0.48704,-0.47506,-0.46307,-0.4548,-0.45192,-0.43993,-0.42794,-0.41596,-0.40397,-1.6831,-0.39199,-0.39071,-0.38083,-0.37789,-0.36968,-0.36507,-0.35853,-0.35225,-0.34738,-0.33943,-1.6592,-0.33622,-0.32424,-0.31225,-0.30097,-0.30097,-0.28911,-0.27713,-0.26514,-0.25316,-0.24117,-1.6352,-0.22918,-0.22406,-0.21803,-0.20605,-0.19406,-0.18207,-0.17009,-0.15996,-0.15894,-0.14714,-1.6112,-0.14714,-0.1358,-0.12381,-0.11182,-0.10868,-0.10067,-0.088686,-0.0767,-0.064714,-0.057408,-1.5979,-0.053562,-0.044588,-0.042409,-0.031769,-0.031256,-0.019271,-0.01895,-0.008118,-0.006131,0.003035,-1.5761,0.006688,0.014187,0.026173,0.038159,0.045146,0.049312,0.061298,0.073284,0.08527,0.096422,-1.9452,-1.5521,0.096422,0.10841,0.12039,0.12206,0.13155,0.13488,0.1427,0.1477,0.15385,0.16052,-1.5281,0.16052,0.16417,0.17334,0.17532,0.18616,0.18616,0.18616,0.19763,0.19898,0.20878,-1.5115,0.21179,0.21179,0.2191,0.22461,0.22461,0.22461,0.22859,0.23743,0.23974,0.25025,-1.493,0.25089,0.26288,0.26307,0.27403,0.27589,0.28518,0.29717,0.30153,0.30832,0.31435,-1.4747,0.31948,0.32717,0.33063,0.33999,0.33999,0.34095,0.35281,0.35281,0.36409,0.36562,-1.4579,0.37524,0.37844,0.38639,0.39838,0.40408,0.40953,0.42152,0.4335,0.44549,0.45747,-1.4379,0.46946,0.481,0.481,0.4926,0.49382,0.49382,0.49382,0.49382,0.49382,0.50042,-1.4259,0.50663,0.50663,0.51074,0.51945,0.52189,0.53227,0.53304,0.54503,0.54509,0.55618,-1.4139,0.56817,0.58015,0.59214,0.60412,0.61611,0.6281,0.64534,0.66489,0.67687,0.69162,-1.4019,0.71366,0.72565,0.73789,0.76186,0.77443,0.78641,0.7984,0.81038,0.82237,0.83436,-1.9315,-1.39,0.83993,0.84551,0.85749,0.86557,0.86865,0.88063,0.89262,0.90403,0.90403,0.91576,-1.378,0.91685,0.92691,0.9389,0.94249,0.95005,0.9553,0.9612,0.96812,0.97235,0.98434,-1.366,0.99376,0.99549,1.0066,1.0066,1.0186,1.0194,1.0298,1.0322,1.0409,1.0529,-1.354,1.0579,1.0641,1.0707,1.0752,1.0872,1.0963,1.0984,1.1104,1.122,1.122,-1.342,1.1335,1.1348,1.1446,1.1566,1.1604,1.1604,1.1669,1.1732,1.1732,1.1732,-1.3393,1.1732,1.1756,1.186,1.1853,1.1734,1.1732,1.1843,1.1962,1.2082,1.2287,-1.3309,1.245,1.257,1.269,1.2862,1.3058,1.3213,1.3453,1.3692,1.3932,1.4172,-1.3265,1.4412,1.4651,1.4891,1.5131,1.537,1.569,1.5978,1.6281,1.6586,1.6872,-1.3265,1.7232,1.7561,1.7801,1.8054,1.8409,1.8648,1.8888,1.9128,1.9367,1.9515,-1.3265,1.9635,1.9755,1.9875,1.9995,2.0115,2.0235,2.0354,2.0449,-1.91,-1.3214,-1.3137,-1.3137,-1.3137,-1.3119,-1.3009,-1.3009,-1.3009,-1.3009,-1.2904,-1.8861,-1.288,-1.288,-1.2801,-1.2752,-1.2689,-1.2624,-1.2624,-1.2586,-1.2496,-1.2475,-1.8699,-1.2368,-1.2368,-1.2368,-1.2252,-1.2239,-1.214,-1.2111,-1.2111,-1.2037,-1.1983,-1.8509,-1.1925,-1.1806,-1.1686,-1.1566,-1.1446,-1.1326,-1.1214,-1.1214,-1.1095,-1.0975,-1.827,-1.0855,-1.0735,-1.0615,-1.0495,-1.0376,-1.0256,-1.0188,-1.0144,-1.0024,-0.99045,-1.803,-0.97846,-0.96648,-0.95449,-0.94251,-0.93052,-0.90796,-0.89373,-0.88174,-0.86168,-0.84495,3.0,5.0
-1.978,-1.9059,-1.7462,-0.87575,-0.89129,-0.91814,-0.93369,-0.94923,-0.96478,-0.98032,-0.99586,-1.0114,-1.027,-1.7279,-1.0368,-1.0693,-1.0849,-1.0849,-1.0764,-1.0722,-1.0566,-1.0411,-1.0255,-1.0029,-1.7123,-0.98315,-0.96336,-0.93227,-0.91249,-0.8814,-0.7514,-0.71748,-0.68639,-0.644,-0.61998,-1.6968,-0.58182,-0.55215,-0.53095,-0.49986,-0.46877,-0.44475,-0.4179,-0.39812,-0.37551,-0.34866,-1.6812,-0.32746,-0.30627,-0.27942,-0.26387,-0.23702,-0.22148,-0.20593,-0.17909,-0.16354,-0.148,-1.6657,-0.12115,-0.1056,-0.090059,-0.06321,-0.047666,-0.032122,-0.02223,-0.012338,0.00038,0.007446,-1.6501,0.011685,0.011685,0.011685,0.011685,0.011685,0.001793,-0.002446,-0.017991,-0.033535,-0.049079,-1.6388,-0.064623,-0.080168,-0.090059,-0.099951,-0.1155,-0.13104,-0.14658,-0.16213,-0.17767,-0.19322,-1.6304,-0.20876,-0.22431,-0.22854,-0.24409,-0.25963,-0.32464,-0.33877,-0.35149,-0.36138,-0.36138,-1.6148,-0.36138,-0.36138,-0.35007,-0.34583,-0.33877,-0.32746,-0.32181,-0.30627,-0.29072,-0.27518,-1.8904,-1.5993,-0.24833,-0.22854,-0.20593,-0.17909,-0.12397,-0.058971,-0.027882,0.003206,0.034295,0.065383,-1.5936,0.096472,0.12615,0.14734,0.16854,0.19539,0.21093,0.23778,0.25333,0.26887,0.28442,-1.5795,0.29996,0.3155,0.33105,0.34659,0.36214,0.37768,0.39323,0.40877,0.42431,0.43986,-1.5781,0.4554,0.47095,0.47519,0.49073,0.4978,0.5091,0.51475,0.52041,0.53171,0.53878,-1.5936,0.54302,0.55432,0.55432,0.55432,0.55997,0.56563,0.55432,0.55432,0.55432,0.55008,-1.5894,0.54302,0.5416,0.53171,0.52182,0.50627,0.4978,0.48649,0.45964,0.45258,0.43986,-1.5823,0.41866,0.39746,0.38192,0.36638,0.35083,0.3155,0.28583,0.28018,0.23778,0.21517,-1.571,0.20387,0.1968,0.19256,0.19256,0.19256,0.19256,0.19822,0.20387,0.218,0.24061,-1.5653,0.2717,0.29572,0.33387,0.36638,0.40736,0.50769,0.54867,0.57976,0.61084,0.63769,-1.5597,0.66172,0.69139,0.70694,0.73237,0.74933,0.76487,0.78042,0.79596,0.81151,0.82705,-1.8748,-1.5456,0.8426,0.85814,0.87368,0.88923,0.90477,0.92032,0.92738,0.9401,0.95564,0.9613,-1.53,0.9726,0.97967,0.98391,0.98815,0.99521,0.99521,1.0009,1.0065,1.0065,1.0065,-1.5145,1.0065,1.0065,1.0065,1.0065,1.0065,1.0065,1.0065,1.0065,1.0065,1.0065,-1.506,1.0065,0.99521,0.99521,0.99521,0.99521,0.99521,0.98391,0.98391,0.99239,1.0079,-1.4834,1.0235,1.039,1.0546,1.0701,1.0857,1.1012,1.1167,1.1323,1.1478,1.1634,-1.4678,1.1789,1.1945,1.2213,1.2369,1.2524,1.2694,1.2948,1.3103,1.3259,1.3414,-1.4523,1.3683,1.3838,1.3994,1.4163,1.4418,1.4573,1.4728,1.4884,1.5039,1.5308,-1.4368,1.5463,1.5633,1.5887,1.6043,1.6311,1.6467,1.6735,1.6891,1.7131,1.7314,-1.4212,1.7526,1.7738,1.8007,1.8233,1.8431,1.8629,1.8855,1.901,1.9166,1.9321,-1.3986,1.9477,1.9632,1.9787,1.9943,2.0098,2.0254,2.0409,2.0565,-1.8593,-1.3788,-1.3633,-1.3477,-1.3322,-1.311,-1.2898,-1.2742,-1.2587,-1.2432,-1.2234,-1.8437,-1.2008,-1.1838,-1.1584,-1.1428,-1.1245,-1.1004,-1.0849,-1.0693,-1.0538,-1.027,-1.8282,-1.0114,-0.99586,-0.97749,-0.95347,-0.93793,-0.91814,-0.89553,-0.87999,-0.85879,-0.8376,-1.8056,-0.83336,-0.81781,-0.80227,-0.79803,-0.79096,-0.77966,-0.77401,-0.76835,-0.75705,-0.74998,-1.7858,-0.74574,-0.74574,-0.74574,-0.74574,-0.74574,-0.73585,-0.73444,-0.73444,-0.73444,-0.73444,-1.7703,-0.74292,-0.74574,-0.7514,-0.75705,-0.77118,-0.78672,-0.80227,-0.81781,-0.83336,-0.85031,5.0,5.0
0.43547,0.47048,0.46712,1.0491,1.1256,1.1929,1.2454,1.3098,1.3762,1.4287,1.4685,1.5035,1.5385,0.46131,1.5735,1.6033,1.6208,1.6383,1.6498,1.6498,1.6345,1.617,1.5995,1.5659,0.46131,1.5309,1.4959,1.444,1.3915,1.3387,1.2687,1.1892,1.1028,1.0328,0.94224,0.46131,0.83916,0.75164,0.65301,0.54521,0.42268,0.30016,0.17763,0.055104,-0.067423,-0.18995,0.46131,-0.31248,-0.42138,-0.5264,-0.63142,-0.73644,-0.83533,-0.92285,-0.99506,-1.0581,-1.1106,0.46131,-1.1631,-1.2156,-1.2681,-1.3037,-1.33,-1.3479,-1.3829,-1.4084,-1.4259,-1.4434,0.46131,-1.4609,-1.4744,-1.4569,-1.4394,-1.4219,-1.4044,-1.3869,-1.3657,-1.3307,-1.2957,0.46131,-1.2561,-1.2036,-1.1511,-1.0986,-1.0461,-0.97904,-0.90903,-0.83901,-0.769,-0.69898,0.46131,-0.62897,-0.55895,-0.48106,-0.39354,-0.30602,-0.2185,-0.13098,-0.04346,0.053618,0.15741,0.46131,0.24493,0.33245,0.42204,0.52706,0.62085,0.70546,0.77547,0.85757,0.94134,1.0114,0.48714,0.47552,1.0814,1.1514,1.2214,1.2914,1.356,1.4085,1.4464,1.4814,1.5164,1.5515,0.48714,1.5865,1.6215,1.6402,1.6498,1.6498,1.6669,1.6668,1.6493,1.6318,1.6143,0.48714,1.5955,1.5605,1.5255,1.4884,1.4358,1.372,1.302,1.232,1.1498,1.0623,0.48714,0.9748,0.8743,0.76927,0.66425,0.5454,0.42837,0.32335,0.20366,0.081133,-0.041393,0.48714,-0.14842,-0.25344,-0.35846,-0.47983,-0.58634,-0.67386,-0.77856,-0.88358,-0.98809,-1.0756,0.48714,-1.1534,-1.2235,-1.2935,-1.3635,-1.4313,-1.4838,-1.5363,-1.5858,-1.6208,-1.6436,0.48714,-1.6611,-1.6786,-1.6961,-1.7089,-1.7089,-1.7089,-1.7089,-1.7089,-1.6942,-1.6767,0.47959,-1.6592,-1.6417,-1.6169,-1.5819,-1.5305,-1.478,-1.4255,-1.373,-1.3026,-1.2151,0.46208,-1.1276,-1.0401,-0.95114,-0.84612,-0.74109,-0.63607,-0.53105,-0.42603,-0.321,-0.21598,0.44458,-0.12323,-0.03177,0.073253,0.16516,0.25268,0.3402,0.42772,0.51524,0.60276,0.69028,0.48714,0.42708,0.77134,0.84136,0.91137,0.98139,1.0514,1.1049,1.1575,1.21,1.2452,1.2802,0.40957,1.3145,1.332,1.3495,1.3671,1.3846,1.4021,1.4172,1.4172,1.4172,1.4141,0.39207,1.3966,1.3791,1.3576,1.3225,1.2875,1.2525,1.2175,1.1685,1.1103,1.0403,0.36533,0.97028,0.89374,0.80622,0.73439,0.65702,0.5695,0.49851,0.42029,0.33278,0.26263,0.33032,0.19262,0.12331,0.070799,0.008405,-0.05851,-0.093517,-0.13925,-0.18937,-0.22438,-0.25938,0.29531,-0.29439,-0.3294,-0.35201,-0.36951,-0.38701,-0.40452,-0.42202,-0.43953,-0.44295,-0.44295,0.26031,-0.44295,-0.44295,-0.44295,-0.44295,-0.42719,-0.41711,-0.41711,-0.40051,-0.38301,-0.36551,0.22355,-0.36544,-0.35633,-0.3396,-0.3396,-0.32966,-0.31377,-0.31377,-0.30298,-0.28793,-0.28793,0.17104,-0.28793,-0.28793,-0.28793,-0.28793,-0.28793,-0.28793,-0.30124,-0.31377,-0.31377,-0.31377,0.11853,-0.31377,-0.31377,-0.31377,-0.31377,-0.31377,-0.32959,-0.3471,-0.3646,0.48714,0.063436,-0.00658,-0.076595,-0.14661,-0.21663,-0.28664,-0.36092,-0.44844,-0.53596,-0.61837,0.48714,-0.68839,-0.7584,-0.83436,-0.92188,-0.99429,-1.0575,-1.11,-1.1785,-1.2409,-1.2934,0.48714,-1.3459,-1.39,-1.425,-1.46,-1.4857,-1.5032,-1.5207,-1.5382,-1.5521,-1.5346,0.48714,-1.5061,-1.4737,-1.4562,-1.4151,-1.3626,-1.3101,-1.2576,-1.1964,-1.1089,-1.0214,0.48714,-0.93383,-0.84631,-0.74445,-0.63943,-0.53441,-0.42938,-0.31751,-0.19499,-0.088479,0.016544,0.48463,0.12157,0.22659,0.33161,0.43644,0.52396,0.62085,0.72484,0.81235,0.88967,0.96156,0.0,0.0
-2.0998,-2.0576,-1.7942,-1.0522,-1.0689,-1.0671,-1.0578,-1.0571,-1.0466,-1.036,-1.0254,-1.0149,-0.9952,-1.7625,-0.98268,-0.95599,-0.93185,-0.86866,-0.8231,-0.79602,-0.75891,-0.72158,-0.6899,-0.65437,-1.7308,-0.61546,-0.58378,-0.54983,-0.50934,-0.47766,-0.44668,-0.42539,-0.39372,-0.37224,-0.34145,-1.7034,-0.31891,-0.2978,-0.28477,-0.26664,-0.25257,-0.24201,-0.22546,-0.2098,-0.19924,-0.19309,-1.6822,-0.18921,-0.17865,-0.17092,-0.16862,-0.15806,-0.14875,-0.14875,-0.14855,-0.13799,-0.13766,-1.6579,-0.13766,-0.13766,-0.13766,-0.13766,-0.13766,-0.13766,-0.13766,-0.13766,-0.14315,-0.14875,-1.6289,-0.15318,-0.16374,-0.1743,-0.18486,-0.19542,-0.20598,-0.21781,-0.23818,-0.24874,-0.2593,-1.6078,-0.28011,-0.2915,-0.31126,-0.32371,-0.34242,-0.35591,-0.36647,-0.3836,-0.39868,-0.40924,-1.5883,-0.41979,-0.43928,-0.45915,-0.45574,-0.44806,-0.44571,-0.43515,-0.42459,-0.41325,-0.39238,-1.5767,-0.38183,-0.36098,-0.33987,-0.31875,-0.28893,-0.26542,-0.16781,-0.10521,-0.07353,-0.035782,-2.0354,-1.5561,0.000912,0.037606,0.075353,0.11099,0.14979,0.18147,0.21315,0.24483,0.27517,0.2971,-1.5455,0.3285,0.34962,0.37073,0.38207,0.40188,0.41427,0.42483,0.43539,0.44595,0.45651,-1.535,0.46097,0.46654,0.47206,0.47206,0.47605,0.48314,0.48314,0.48314,0.48314,0.48314,-1.5244,0.48231,0.47206,0.47206,0.47206,0.47206,0.47206,0.47206,0.47206,0.47206,0.46488,-1.5329,0.46097,0.45485,0.44989,0.44481,0.43426,0.4237,0.41314,0.39961,0.38093,0.36846,-1.5525,0.34734,0.32622,0.30544,0.29488,0.27395,0.25284,0.23172,0.2106,0.18948,0.14517,-1.5566,0.12119,0.11063,0.10623,0.1006,0.10024,0.10623,0.10623,0.10975,0.12031,0.13086,-1.5566,0.14142,0.15198,0.16343,0.18419,0.19475,0.2157,0.23682,0.25794,0.27905,0.29189,-1.5492,0.31797,0.34241,0.36353,0.42791,0.48902,0.5207,0.54777,0.57297,0.6011,0.62524,-1.5456,0.65442,0.67751,0.70774,0.72978,0.76106,0.78218,0.8033,0.83431,0.85662,0.87774,-2.0048,-1.5392,0.89886,0.91998,0.93384,0.95113,0.96604,0.98228,0.99825,1.0134,1.0304,1.041,-1.5345,1.0516,1.0621,1.0727,1.0832,1.0938,1.1039,1.1039,1.1144,1.125,1.1261,-1.5292,1.135,1.1372,1.1372,1.1445,1.1483,1.1483,1.1483,1.1483,1.1483,1.1483,-1.5186,1.1483,1.1483,1.1483,1.1483,1.1483,1.1483,1.1478,1.1373,1.1372,1.1372,-1.508,1.1278,1.1261,1.1345,1.145,1.1556,1.1662,1.1767,1.1873,1.1978,1.2084,-1.4975,1.219,1.2295,1.2401,1.2506,1.2612,1.2733,1.2934,1.304,1.3145,1.3356,-1.4869,1.3467,1.3667,1.3789,1.3979,1.4111,1.429,1.4433,1.4539,1.4702,1.4861,-1.4764,1.5014,1.5183,1.5325,1.5505,1.5637,1.5827,1.5948,1.6159,1.6366,1.6471,-1.4636,1.6682,1.6793,1.6994,1.7115,1.7305,1.7437,1.7543,1.7649,1.7754,1.786,-1.4442,1.7965,1.8071,1.8177,1.8245,1.8277,1.8382,1.8488,1.8594,-1.9731,-1.4325,-1.4114,-1.3903,-1.3797,-1.3591,-1.338,-1.3169,-1.2957,-1.2746,-1.2535,-1.9415,-1.2324,-1.2177,-1.2012,-1.1801,-1.1638,-1.149,-1.1278,-1.11,-1.0967,-1.0756,-1.9098,-1.0545,-1.0333,-1.0128,-1.0022,-0.98107,-0.95995,-0.93883,-0.92678,-0.90768,-0.88656,-1.8781,-0.86544,-0.85128,-0.83429,-0.81908,-0.80314,-0.78687,-0.77631,-0.76575,-0.75847,-0.75572,-1.8533,-0.74738,-0.74738,-0.74738,-0.74802,-0.75858,-0.76914,-0.7797,-0.79025,-0.80081,-0.81994,-1.8258,-0.83302,-0.85109,-0.87221,-0.89332,-0.91444,-0.93556,-0.9518,-0.96671,-0.98783,-1.0155,5.0,5.0
0.31587,0.24245,0.22409,1.6313,1.6497,1.6619,1.6619,1.6619,1.6619,1.6436,1.6252,1.6069,1.5885,0.22409,1.5701,1.5151,1.4661,1.4294,1.3682,1.2948,1.2214,1.1419,1.0501,0.94606,0.22409,0.83593,0.7258,0.60955,0.48106,0.35258,0.22409,0.077249,-0.063475,-0.19196,-0.32045,0.22409,-0.44894,-0.57742,-0.69979,-0.80992,-0.92005,-1.0302,-1.122,-1.2076,-1.281,-1.3422,0.22409,-1.3973,-1.4524,-1.5013,-1.538,-1.5747,-1.6114,-1.6298,-1.642,-1.642,-1.642,0.22409,-1.642,-1.6237,-1.5992,-1.5625,-1.5135,-1.4585,-1.4034,-1.3422,-1.2688,-1.1954,0.22409,-1.122,-1.0302,-0.93229,-0.82216,-0.72426,-0.63249,-0.54071,-0.44282,-0.33269,-0.23479,0.23021,-0.14301,-0.051238,0.040538,0.13231,0.22409,0.31587,0.426,0.53001,0.62179,0.71356,0.24856,0.80534,0.87876,0.9583,1.0501,1.1296,1.203,1.2581,1.3193,1.3927,1.4417,0.25468,1.4784,1.5151,1.5518,1.5885,1.613,1.6313,1.6313,1.6313,1.6313,1.6191,0.1935,0.25468,1.6007,1.5824,1.5579,1.5212,1.4845,1.4478,1.3927,1.3376,1.2826,1.2153,0.23633,1.1419,1.0684,0.99501,0.92159,0.83593,0.74416,0.63403,0.53001,0.43824,0.33422,0.21797,0.22409,0.11396,0.009946,-0.08183,-0.18584,-0.29597,-0.38775,-0.48565,-0.59578,-0.68144,0.19962,-0.75486,-0.84663,-0.93229,-1.0057,-1.0669,-1.122,-1.177,-1.2321,-1.2872,-1.3422,0.18126,-1.3973,-1.434,-1.4707,-1.5074,-1.5319,-1.5503,-1.5686,-1.587,-1.6053,-1.6114,0.16291,-1.6114,-1.6114,-1.6053,-1.587,-1.5564,-1.5197,-1.4829,-1.4462,-1.4095,-1.3606,0.14455,-1.3055,-1.2504,-1.1893,-1.1158,-1.0424,-0.969,-0.89558,-0.82216,-0.74874,-0.67532,0.1262,-0.6019,-0.52847,-0.44894,-0.35716,-0.27762,-0.2042,-0.13078,-0.051238,0.040538,0.12008,0.10784,0.1935,0.26692,0.34034,0.41376,0.47495,0.53001,0.60343,0.67074,0.7258,0.7931,0.077249,0.86653,0.92159,0.97666,1.0317,1.0746,1.1113,1.1663,1.2153,1.252,1.2887,0.1935,0.040538,1.3254,1.3438,1.3621,1.3805,1.3988,1.4172,1.4355,1.4478,1.4478,1.4355,0.003828,1.4172,1.3988,1.3744,1.3376,1.3132,1.2948,1.2581,1.2214,1.1847,1.148,-0.039001,1.1113,1.0746,1.0317,0.97666,0.92159,0.86653,0.81146,0.75639,0.70133,0.63403,-0.094067,0.5606,0.50554,0.45047,0.39541,0.34034,0.28528,0.23021,0.18126,0.14455,0.10784,-0.14913,0.07113,0.03442,-0.002291,-0.039001,-0.063475,-0.08183,-0.10019,-0.11854,-0.1369,-0.15525,-0.2042,-0.17361,-0.19196,-0.21032,-0.22867,-0.23479,-0.23479,-0.23479,-0.24091,-0.25926,-0.26538,-0.25926,-0.26538,-0.26538,-0.26538,-0.26538,-0.27762,-0.29597,-0.29597,-0.29597,-0.29597,-0.29597,-0.32657,-0.29597,-0.31433,-0.32657,-0.32657,-0.32657,-0.32657,-0.32657,-0.33269,-0.35104,-0.35716,-0.41834,-0.35716,-0.35716,-0.36328,-0.38163,-0.38775,-0.38775,-0.38775,-0.38775,-0.38775,-0.39999,-0.49788,-0.41834,-0.41834,-0.41834,-0.41834,-0.43058,-0.44894,-0.46729,-0.47953,0.1935,-0.5713,-0.66308,-0.75486,-0.84663,-0.95065,-1.0608,-1.1526,-1.2382,-1.3116,-1.3728,0.1935,-1.4279,-1.4829,-1.538,-1.5931,-1.6237,-1.642,-1.6604,-1.6665,-1.6481,-1.6298,0.1935,-1.6114,-1.5747,-1.5319,-1.4768,-1.4218,-1.3667,-1.2933,-1.2137,-1.122,-1.0302,0.1935,-0.93841,-0.84663,-0.74874,-0.63861,-0.54071,-0.44894,-0.3388,-0.22867,-0.11854,-0.008409,0.1935,0.10172,0.1935,0.29751,0.426,0.54225,0.65238,0.74416,0.83593,0.92771,1.0195,0.20574,1.1113,1.1847,1.2581,1.3315,1.3927,1.4478,1.5028,1.5457,1.564,1.5946,0.0,0.0
0.91761,0.80919,0.62134,1.5795,1.6249,1.698,1.7573,1.8241,1.901,1.9464,1.9892,1.9728,1.9275,0.60243,1.8821,1.8102,1.7598,1.6917,1.606,1.5417,1.4496,1.3286,1.2378,1.1155,0.57091,0.99956,0.89492,0.78019,0.68942,0.59865,0.47636,0.37172,0.23556,0.10948,-0.005243,0.57091,-0.10358,-0.19435,-0.25361,-0.32799,-0.37338,-0.45028,-0.52214,-0.5814,-0.67217,-0.72638,0.57091,-0.77177,-0.84867,-0.89406,-0.96844,-1.0277,-1.1185,-1.2092,-1.2786,-1.3555,-1.4185,0.552,-1.4778,-1.5232,-1.5686,-1.6139,-1.6593,-1.7047,-1.7501,-1.7299,-1.7135,-1.6682,0.53939,-1.6228,-1.5774,-1.532,-1.4866,-1.4412,-1.3958,-1.3189,-1.2584,-1.1966,-1.1197,0.53939,-1.0491,-0.98988,-0.92054,-0.83985,-0.74908,-0.6583,-0.56753,-0.47676,-0.38598,-0.31917,0.53939,-0.23596,-0.14518,-0.054411,0.036362,0.12713,0.21791,0.30868,0.39945,0.49023,0.581,0.52805,0.65286,0.73103,0.80667,0.88105,0.92896,0.97435,1.0513,1.0966,1.142,1.1874,0.76381,0.50788,1.2328,1.2782,1.3236,1.369,1.4143,1.4597,1.5051,1.519,1.5644,1.6098,0.50788,1.6551,1.7005,1.7459,1.7686,1.8001,1.819,1.8329,1.8632,1.8342,1.7888,0.50788,1.7434,1.6904,1.6211,1.5442,1.4812,1.4219,1.3311,1.2404,1.1496,1.0349,0.50788,0.93653,0.82558,0.72346,0.6163,0.5104,0.3755,0.26582,0.1347,0.021233,-0.10106,0.50788,-0.19183,-0.31286,-0.37338,-0.46415,-0.54358,-0.61418,-0.67343,-0.7642,-0.82346,-0.89658,0.50788,-0.97349,-1.0327,-1.0958,-1.1412,-1.1865,-1.2319,-1.2975,-1.3567,-1.4311,-1.5068,0.50788,-1.5849,-1.6303,-1.7072,-1.7526,-1.798,-1.8434,-1.8863,-1.8409,-1.7955,-1.7816,0.50788,-1.7362,-1.6908,-1.6455,-1.5686,-1.5232,-1.4463,-1.387,-1.2962,-1.2155,-1.1462,0.49779,-1.087,-1.0164,-0.93945,-0.87767,-0.81715,-0.72764,-0.66335,-0.57762,-0.48684,-0.40111,0.47636,-0.33682,-0.27882,-0.23344,-0.18805,-0.14266,-0.097276,-0.05189,-0.006503,0.038883,0.08427,0.74994,0.47636,0.098138,0.14352,0.18891,0.2343,0.27968,0.32507,0.37046,0.41584,0.46123,0.50662,0.47636,0.53939,0.56587,0.61126,0.65664,0.70203,0.74742,0.76128,0.79154,0.82054,0.86592,0.47636,0.8861,0.92518,0.97057,1.016,1.0613,1.1067,1.1244,1.079,1.0336,0.98822,0.47636,0.94283,0.87727,0.82054,0.75876,0.63773,0.55831,0.48644,0.42719,0.35911,0.31372,0.4461,0.26834,0.22295,0.17756,0.13218,0.098138,0.072923,0.027537,-0.01785,-0.031718,-0.077104,0.40071,-0.12249,-0.16788,-0.21326,-0.25865,-0.30404,-0.34312,-0.36329,-0.40616,-0.38977,-0.37464,0.35533,-0.37464,-0.37464,-0.36581,-0.34312,-0.34312,-0.36203,-0.37464,-0.37464,-0.37464,-0.37464,0.2696,-0.39985,-0.40616,-0.40616,-0.40616,-0.40616,-0.40616,-0.40616,-0.40616,-0.40616,-0.40616,0.17882,-0.40616,-0.40616,-0.40616,-0.40616,-0.40616,-0.40616,-0.40616,-0.40616,-0.42885,-0.43767,0.088052,-0.43767,-0.43767,-0.43767,-0.40868,-0.40616,-0.40616,-0.40616,-0.38472,0.7285,-0.002721,-0.12501,-0.21579,-0.30656,-0.39733,-0.4881,-0.57888,-0.69108,-0.79194,-0.88271,0.69699,-0.97349,-1.0504,-1.1235,-1.2042,-1.2735,-1.3265,-1.3719,-1.4173,-1.4627,-1.508,0.69699,-1.5408,-1.5673,-1.595,-1.5496,-1.5043,-1.44,-1.3807,-1.2899,-1.1992,-1.0769,0.66547,-0.98609,-0.92684,-0.83607,-0.74529,-0.65452,-0.56375,-0.44146,-0.35068,-0.24982,-0.13762,0.66547,-0.046847,0.064098,0.16622,0.25699,0.37802,0.47005,0.56083,0.68312,0.77389,0.89618,0.63521,0.98695,1.0765,1.137,1.2278,1.287,1.3526,1.398,1.4433,1.4887,1.5341,0.0,0.0
-0.56414,-0.55325,-0.55325,-1.7133,-1.701,-1.6886,-1.6762,-1.6639,-1.6515,-1.6391,-1.6268,-1.6144,-1.5943,-0.55325,-1.5788,-1.5664,-1.5528,-1.5308,-1.5185,-1.5004,-1.4828,-1.4618,-1.4472,-1.4341,-0.54649,-1.4116,-1.3956,-1.376,-1.357,-1.3404,-1.3185,-1.2937,-1.269,-1.2473,-1.2305,-0.54236,-1.2057,-1.181,-1.1563,-1.1315,-1.1068,-1.0821,-1.0574,-1.0326,-1.0079,-0.98318,-0.54236,-0.95846,-0.92284,-0.89811,-0.87339,-0.84866,-0.82393,-0.79921,-0.77448,-0.74975,-0.73592,-0.54236,-0.71119,-0.69066,-0.67263,-0.65504,-0.63407,-0.61942,-0.6064,-0.5838,-0.57144,-0.55908,-0.54236,-0.54671,-0.53435,-0.52199,-0.50962,-0.49726,-0.4849,-0.477,-0.47106,-0.4587,-0.44634,-0.54236,-0.43397,-0.4325,-0.42254,-0.41867,-0.40631,-0.39394,-0.38158,-0.36922,-0.35685,-0.34449,-0.54236,-0.33213,-0.31976,-0.3074,-0.29504,-0.28267,-0.27031,-0.25675,-0.23469,-0.22233,-0.20435,-0.54236,-0.18671,-0.16579,-0.14107,-0.12723,-0.10251,-0.07778,-0.053053,-0.028327,-0.0036,0.021126,-0.55325,-0.54236,0.045853,0.070579,0.095306,0.12003,0.14476,0.16949,0.19421,0.21894,0.25456,0.27928,-0.54236,0.30782,0.33963,0.36436,0.39731,0.4247,0.46032,0.48679,0.52067,0.55008,0.58717,-0.54236,0.61663,0.65045,0.67698,0.7126,0.73994,0.77294,0.80323,0.83329,0.86651,0.89364,-0.54236,0.92925,0.95398,0.97871,1.0084,1.0391,1.0717,1.0994,1.1241,1.1597,1.1845,-0.54236,1.2136,1.2448,1.2695,1.2943,1.319,1.3546,1.3793,1.4041,1.4288,1.4535,-0.54236,1.4782,1.4933,1.5168,1.5398,1.5554,1.5755,1.5939,1.6111,1.6234,1.6463,-0.54236,1.6591,1.6714,1.6838,1.6962,1.7085,1.7209,1.7332,1.7347,1.7471,1.756,-0.54236,1.7609,1.7733,1.77,1.7576,1.7452,1.7329,1.7205,1.7081,1.6958,1.6834,-0.54236,1.6711,1.6587,1.6463,1.634,1.6179,1.5983,1.5793,1.5627,1.5408,1.5269,-0.54236,1.4989,1.4588,1.4419,1.4171,1.3849,1.3568,1.3321,1.3073,1.2826,1.2579,-0.55325,-0.54236,1.2332,1.2084,1.1837,1.159,1.1329,1.0769,1.0521,1.0274,1.0027,0.97794,-0.54437,0.96248,0.93938,0.91466,0.88993,0.86945,0.85137,0.82664,0.80192,0.76706,0.74228,-0.55325,0.72774,0.70666,0.68918,0.67104,0.65062,0.63542,0.62295,0.5998,0.58744,0.56604,-0.55325,0.54093,0.5211,0.50531,0.49295,0.46969,0.45733,0.44496,0.4326,0.42024,0.41621,-0.55325,0.4064,0.38353,0.38168,0.37264,0.36784,0.35548,0.35085,0.35085,0.36152,0.36174,-0.55325,0.36174,0.36174,0.36741,0.37264,0.37264,0.37264,0.37329,0.38353,0.38353,0.38353,-0.55325,0.38353,0.38353,0.38353,0.38358,0.39442,0.39442,0.39442,0.39442,0.39442,0.39442,-0.55325,0.39442,0.40531,0.40531,0.40531,0.40531,0.40531,0.41359,0.41621,0.41621,0.41621,-0.55325,0.41947,0.4271,0.4271,0.4271,0.4271,0.43772,0.43799,0.43799,0.44213,0.44888,-0.55325,0.44888,0.44888,0.44888,0.45978,0.45978,0.45978,0.45978,0.46626,-0.55325,-0.55325,-0.55325,-0.55325,-0.55325,-0.55325,-0.55325,-0.55325,-0.55325,-0.55325,-0.55325,-0.55325,-0.55325,-0.55325,-0.55325,-0.55325,-0.55325,-0.55325,-0.55935,-0.59442,-0.66196,-0.68358,-0.55325,-0.69594,-0.71855,-0.78036,-0.82568,-0.87829,-0.9187,-0.93351,-0.95726,-0.99179,-1.0715,-0.55325,-1.1186,-1.1369,-1.1571,-1.1819,-1.2497,-1.279,-1.3408,-1.3897,-1.4087,-1.4283,-0.55325,-1.4966,-1.522,-1.546,-1.5685,-1.5957,-1.6368,-1.6757,-1.7051,-1.7175,-1.7298,-0.55325,-1.752,-1.8075,-1.7841,-1.7781,-1.7657,-1.7623,-1.7519,-1.7395,-1.7297,-1.7257,4.0,4.0
2.143,2.0076,1.5867,-0.38257,-0.41108,-0.43784,-0.45922,-0.4841,-0.51261,-0.54111,-0.56962,-0.59813,-0.62826,1.5476,-0.66389,-0.69615,-0.72466,-0.75317,-0.78167,-0.81706,-0.85119,-0.8797,-0.9082,-0.93671,1.5049,-0.96522,-0.99372,-1.0222,-1.0507,-1.0792,-1.1078,-1.1363,-1.1648,-1.1933,-1.2152,1.4621,-1.2365,-1.2579,-1.2793,-1.3007,-1.3173,-1.3316,-1.3523,-1.3726,-1.3868,-1.4011,1.4194,-1.4153,-1.425,-1.4321,-1.4456,-1.4598,-1.4741,-1.4856,-1.4927,-1.4998,-1.507,1.3766,-1.5204,-1.5337,-1.5409,-1.548,-1.5551,-1.5622,-1.5694,-1.5704,-1.5711,-1.5782,1.3338,-1.5854,-1.5925,-1.5954,-1.5954,-1.6014,-1.6085,-1.6156,-1.618,-1.6109,-1.6079,1.2911,-1.6079,-1.602,-1.5949,-1.5877,-1.5806,-1.5735,-1.5664,-1.5592,-1.5521,-1.5446,1.2516,-1.5304,-1.5161,-1.5018,-1.4876,-1.4733,-1.4591,-1.4448,-1.4306,-1.4143,-1.3929,1.2159,-1.3753,-1.3611,-1.3413,-1.3201,-1.3058,-1.2897,-1.2683,-1.2469,-1.2255,-1.2042,1.9002,1.1803,-1.1828,-1.1614,-1.14,-1.1186,-1.0972,-1.0759,-1.0545,-1.0331,-1.0117,-0.99035,1.1447,-0.96897,-0.94759,-0.92621,-0.90483,-0.88345,-0.86207,-0.84069,-0.81931,-0.79793,-0.77655,1.109,-0.75517,-0.73379,-0.71241,-0.69102,-0.66964,-0.64826,-0.62688,-0.6055,-0.58412,-0.56274,1.0748,-0.54136,-0.51998,-0.4986,-0.47722,-0.45584,-0.43446,-0.41308,-0.3917,-0.37032,-0.35182,1.0463,-0.33756,-0.31868,-0.2973,-0.2823,-0.26805,-0.25379,-0.23954,-0.22529,-0.21103,-0.19678,1.0115,-0.18253,-0.16827,-0.15402,-0.13976,-0.12551,-0.11126,-0.097004,-0.082751,-0.069248,-0.062121,0.96876,-0.054994,-0.047867,-0.036489,-0.022236,-0.013984,-0.006857,0.00027,0.007396,0.014523,0.025776,0.94063,0.040029,0.048406,0.055533,0.06266,0.072037,0.086291,0.096543,0.10367,0.1108,0.1183,0.91924,0.13255,0.14468,0.15181,0.16281,0.17706,0.18569,0.19282,0.19994,0.20907,0.22332,0.86473,0.23383,0.24095,0.25358,0.26771,0.27484,0.28384,0.29809,0.30872,0.31585,0.32835,1.8789,0.81522,0.3426,0.34973,0.35861,0.37286,0.38711,0.40137,0.41037,0.4175,0.43163,0.44425,0.80097,0.45138,0.45851,0.46563,0.47276,0.47989,0.48701,0.49414,0.50127,0.50839,0.51552,0.78371,0.51765,0.51765,0.5244,0.53015,0.53015,0.53328,0.5404,0.54265,0.54265,0.54928,0.76233,0.55641,0.56353,0.57066,0.57779,0.58491,0.59204,0.59917,0.60629,0.61342,0.62342,0.75045,0.63768,0.6473,0.65443,0.66793,0.68319,0.70457,0.7232,0.73745,0.7562,0.77759,0.74333,0.80522,0.83285,0.85423,0.87823,0.90674,0.93525,0.96376,0.99839,1.0333,1.0618,0.7362,1.0903,1.1188,1.1473,1.1758,1.2103,1.2453,1.2738,1.3023,1.3308,1.3594,0.72907,1.3879,1.4222,1.4574,1.4859,1.5144,1.5429,1.5674,1.5888,1.6159,1.644,0.72195,1.6654,1.6868,1.7082,1.7257,1.7399,1.7598,1.7807,1.7878,1.797,1.8112,0.70332,1.8217,1.8288,1.836,1.8431,1.8502,1.8536,1.8465,1.8393,1.84,0.66768,0.63668,0.60817,0.59879,0.58866,0.56016,0.53715,0.5229,0.49964,0.47113,1.783,0.45513,0.44175,0.43463,0.42487,0.41062,0.39199,0.37061,0.36148,0.35361,0.33935,1.7417,0.3226,0.30122,0.28834,0.28121,0.26208,0.24195,0.23483,0.2277,0.22057,0.20932,1.7061,0.19507,0.17494,0.15456,0.14743,0.1358,0.11442,0.10104,0.093917,0.075288,0.051657,1.6634,-0.012484,-0.05962,-0.066747,-0.073874,-0.081,-0.093754,-0.10801,-0.12226,-0.13651,-0.15077,1.6223,-0.16877,-0.19015,-0.20603,-0.22041,-0.24179,-0.26317,-0.28455,-0.30956,-0.33806,-0.36119,1.0,1.0
0.6572,0.63309,0.58487,-1.5127,-1.4312,-1.3256,-1.22,-1.1144,-0.97748,-0.855,-0.81642,-0.67561,-0.53819,0.58487,-0.41812,-0.27731,-0.13651,0.004295,0.1451,0.2859,0.39199,0.47107,0.61187,0.75268,0.58487,0.89348,1.0343,1.151,1.2918,1.4085,1.5372,1.5734,1.666,1.7364,1.8068,0.58487,1.8579,1.8931,1.9283,1.935,1.935,1.8724,1.4577,1.3304,1.1664,1.0912,0.58487,0.96581,0.83948,0.69096,0.53376,0.39295,0.23527,0.11134,-0.014511,-0.60425,-0.73203,0.58487,-0.86175,-0.96735,-1.073,-1.127,-1.1675,-1.2379,-1.2899,-1.3251,-1.3603,-1.3955,0.58487,-1.4307,-1.4418,-1.4645,-1.4645,-1.4645,-1.4428,-1.4317,-1.3965,-1.3546,-1.302,0.5651,-1.262,-1.2075,-1.1694,-1.127,-1.1009,-1.0305,-0.96012,-0.8656,-0.77398,-0.66838,0.56076,-0.56278,-0.45091,-0.32746,-0.23488,-0.18859,-0.080573,0.046729,0.17692,0.31773,0.45853,0.56076,0.59934,0.74014,0.87323,0.92241,1.0362,1.1418,1.2474,1.3381,1.4345,1.5271,0.61091,0.56076,1.6216,1.692,1.7846,1.7995,1.855,1.8868,1.9051,1.5011,1.4355,1.2947,0.56076,1.1539,1.0131,0.87227,0.73146,0.59066,0.42815,0.26083,0.10025,-0.18377,-0.60184,0.53665,-0.68333,-0.77302,-0.86753,-0.90997,-0.96012,-1.0305,-1.1009,-1.1612,-1.1964,-1.2075,0.53665,-1.2234,-1.2234,-1.2234,-1.2191,-1.1993,-1.1993,-1.1858,-1.1747,-1.1511,-1.1284,0.53665,-1.1028,-1.0821,-1.071,-1.0358,-0.99484,-0.94131,-0.90225,-0.8468,-0.78556,-0.71516,0.52459,-0.64475,-0.56326,-0.5242,-0.42439,-0.29853,-0.18184,-0.041032,0.099772,0.24058,0.35727,0.51254,0.49807,0.60898,0.65913,0.77631,0.90602,1.0333,1.15,1.271,1.3767,1.4823,0.50241,1.5879,1.6935,1.775,1.8666,1.9611,2.0315,2.1019,2.1482,2.1974,2.2244,0.48843,2.2437,2.2485,2.2485,2.1983,1.9563,1.8266,1.6775,1.5724,1.4905,1.4075,0.48023,1.313,1.2219,1.1481,1.0777,1.0189,0.96822,0.86648,0.78113,0.67553,0.58294,0.60898,0.46432,0.175,0.10459,0.01201,-0.060321,-0.13072,-0.17701,-0.22909,-0.26429,-0.29949,-0.33132,0.46432,-0.34579,-0.4051,-0.45284,-0.49961,-0.55892,-0.61582,-0.64475,-0.66452,-0.66886,-0.66886,0.46432,-0.66886,-0.66886,-0.69297,-0.69297,-0.69297,-0.69297,-0.69297,-0.69297,-0.69297,-0.69297,0.46432,-0.67369,-0.66886,-0.6515,-0.64041,-0.62064,-0.59653,-0.58303,-0.54831,-0.54831,-0.52565,0.47975,-0.4808,-0.43114,-0.38822,-0.33662,-0.27153,-0.20112,-0.13072,-0.060321,-0.038139,0.019243,0.48843,0.078555,0.13787,0.17307,0.20827,0.24347,0.27867,0.31387,0.31966,0.30326,0.27144,0.48843,0.27144,0.24733,0.23479,0.22322,0.19911,0.17741,0.16632,0.15089,0.14413,0.12678,0.48843,0.12678,0.11086,0.099772,0.078555,0.078555,0.078555,0.078555,0.078555,0.057338,0.054444,0.48843,0.054444,0.054444,0.054444,0.054444,0.039014,0.030334,0.030334,0.030334,0.030334,0.030334,0.48843,0.030334,0.030334,0.030334,0.030334,0.030334,0.030334,0.030334,0.030334,0.60898,0.47879,0.46432,0.43249,0.39729,0.36209,0.32689,0.29169,0.25649,0.22129,0.19911,0.60898,0.175,0.13979,0.10459,0.069393,0.034192,-0.008242,-0.060321,-0.12494,-0.17894,-0.24163,0.60898,-0.29757,-0.35688,-0.40462,-0.47502,-0.52131,-0.59171,-0.65343,-0.7084,-0.73059,-0.80099,0.58487,-0.8955,-0.9659,-1.0392,-1.1308,-1.2012,-1.2837,-1.3661,-1.4163,-1.4587,-1.5291,0.58487,-1.5802,-1.6395,-1.6747,-1.7341,-1.7693,-1.7803,-1.8155,-1.8262,-1.8262,-1.8488,0.58487,-1.8503,-1.8503,-1.8426,-1.8262,-1.802,-1.7852,-1.7259,-1.7056,-1.6535,-1.5831,2.0,2.0
-0.17384,-0.090065,-0.006293,1.1833,1.1623,1.1414,1.1079,1.066,1.0241,0.98221,0.94033,0.88169,0.81886,-0.006293,0.75603,0.68064,0.59686,0.51309,0.42932,0.34555,0.24502,0.13612,0.010461,-0.10263,-0.006293,-0.20735,-0.333,-0.45028,-0.555,-0.67647,-0.79794,-0.90265,-0.9948,-1.0786,-1.1623,-0.006293,-1.2461,-1.3299,-1.3969,-1.4597,-1.5226,-1.5728,-1.6147,-1.6566,-1.6985,-1.7404,-0.006293,-1.7655,-1.7823,-1.7823,-1.7823,-1.7823,-1.7613,-1.732,-1.6901,-1.6482,-1.6021,-0.006293,-1.5393,-1.4765,-1.4137,-1.3299,-1.2461,-1.1623,-1.0618,-0.9571,-0.85239,-0.74767,-0.006293,-0.64296,-0.53824,-0.42515,-0.29949,-0.19059,-0.085877,0.018838,0.12355,0.22827,0.31204,-0.006293,0.40419,0.5089,0.59686,0.68064,0.76441,0.84818,0.93195,1.0157,1.0911,1.1539,-0.014671,1.2168,1.2796,1.3424,1.3927,1.4346,1.4765,1.5184,1.5602,1.5854,1.6063,-0.035614,1.6273,1.6356,1.6356,1.6356,1.6273,1.6063,1.5854,1.5644,1.5435,1.5225,-0.039802,-0.056556,1.5016,1.4807,1.4513,1.4095,1.3508,1.2922,1.2503,1.1958,1.133,1.0702,-0.077499,0.99897,0.9152,0.83142,0.74346,0.63875,0.53403,0.42932,0.32461,0.21151,0.085856,-0.098442,-0.039802,-0.16127,-0.26599,-0.38327,-0.50892,-0.61364,-0.71835,-0.82307,-0.91103,-0.99061,-0.11939,-1.0534,-1.1163,-1.1791,-1.2419,-1.2964,-1.3383,-1.3802,-1.4178,-1.4388,-1.4597,-0.14033,-1.4807,-1.5016,-1.5142,-1.5142,-1.5142,-1.51,-1.4891,-1.4681,-1.4472,-1.4262,-0.18221,-1.3969,-1.355,-1.3131,-1.2712,-1.2294,-1.1875,-1.1456,-1.0828,-1.0116,-0.92778,-0.2241,-0.86077,-0.79375,-0.70998,-0.6262,-0.54243,-0.45866,-0.37489,-0.29112,-0.19059,-0.090065,-0.26599,-0.006293,0.077478,0.16125,0.26596,0.3623,0.44607,0.52985,0.61362,0.69739,0.79373,-0.30787,0.89844,0.96127,1.0325,1.1162,1.1833,1.2503,1.3341,1.3927,1.4346,1.4765,-0.35395,1.5184,1.5602,1.6021,1.6398,1.6608,1.6817,1.7027,1.7027,1.711,1.732,-0.039802,-0.41678,1.7362,1.732,1.711,1.6901,1.6691,1.6482,1.6273,1.6063,1.5686,1.5267,-0.4796,1.4848,1.443,1.4011,1.3592,1.3089,1.2461,1.1833,1.1204,1.0576,0.98221,-0.54243,0.89844,0.83561,0.77278,0.70996,0.64713,0.5843,0.52147,0.45864,0.39581,0.35393,-0.60526,0.31204,0.27015,0.22827,0.18638,0.1445,0.11518,0.094233,0.031404,-0.014671,-0.035614,-0.67647,-0.056556,-0.073311,-0.073311,-0.073311,-0.073311,-0.073311,-0.073311,-0.073311,-0.073311,-0.073311,-0.76024,-0.073311,-0.073311,-0.073311,-0.073311,-0.073311,-0.073311,-0.073311,-0.073311,-0.073311,-0.073311,-0.84401,-0.073311,-0.073311,-0.073311,-0.073311,-0.073311,-0.077499,-0.098442,-0.10682,-0.10682,-0.10682,-0.92778,-0.10682,-0.10682,-0.10682,-0.10682,-0.10682,-0.10682,-0.10682,-0.10682,-0.10682,-0.10682,-1.0116,-0.12357,-0.14452,-0.16546,-0.1864,-0.20735,-0.22829,-0.24923,-0.27017,-0.27436,-0.27855,-1.0828,-0.29949,-0.333,-0.37489,-0.39583,-0.41678,-0.43772,-0.47542,-0.51311,-0.039802,-1.1456,-1.2294,-1.2964,-1.3383,-1.3969,-1.4555,-1.4974,-1.5268,-1.5477,-1.5686,-0.035614,-1.5896,-1.6105,-1.598,-1.577,-1.5561,-1.5226,-1.4807,-1.4388,-1.3885,-1.3257,-0.014671,-1.2629,-1.2,-1.1372,-1.0618,-0.97805,-0.89427,-0.80213,-0.69741,-0.60945,-0.52149,-0.006293,-0.41678,-0.32463,-0.24085,-0.13614,-0.039802,0.04397,0.12774,0.21151,0.29529,0.37906,-0.006293,0.46283,0.5466,0.622,0.68482,0.76441,0.8398,0.88169,0.93614,0.99897,1.0409,-0.006293,1.0827,1.1246,1.1498,1.1707,1.1916,1.2126,1.2335,1.2335,1.2252,1.2042,0.0,0.0
0.08917,0.06732,0.15928,1.7951,1.8388,1.8739,1.8886,1.8886,1.8845,1.8549,1.7686,1.703,1.5733,0.16594,1.5018,1.4179,1.2801,1.173,1.0856,0.94915,0.81735,0.72072,0.61918,0.53178,0.18265,0.4397,0.33045,0.2212,0.11195,0.002705,-0.10654,-0.57544,-0.75164,-0.83904,-0.92644,0.18265,-1.0138,-1.1012,-1.1788,-1.2444,-1.3099,-1.3702,-1.4139,-1.4554,-1.4773,-1.4991,0.18265,-1.521,-1.5233,-1.5233,-1.5068,-1.485,-1.4631,-1.4293,-1.3856,-1.3419,-1.2909,0.18265,-1.2253,-1.1555,-1.0709,-1.004,-0.91663,-0.80761,-0.71846,-0.61248,-0.52029,-0.41735,0.18265,-0.3081,-0.19885,-0.089602,0.010183,0.10553,0.21478,0.32403,0.43328,0.54253,0.65178,0.16173,0.76103,0.87028,0.97953,1.0711,1.1747,1.2693,1.3436,1.4207,1.488,1.5317,0.004107,1.5754,1.6136,1.6355,1.6549,1.6549,1.6549,1.5698,1.5219,1.46,1.3944,-0.045552,1.2681,1.1425,1.0454,0.93676,0.81478,0.70553,0.5902,0.4591,0.33104,0.22027,0.065801,-0.067402,0.08917,-0.02008,-0.12933,-0.23858,-0.34783,-0.44131,-0.54296,-0.63947,-0.71566,-0.78121,-0.089252,-0.84676,-0.95893,-1.1363,-1.1764,-1.2003,-1.2434,-1.2653,-1.2871,-1.2896,-1.2896,-0.12442,-1.2896,-1.2896,-1.2763,-1.2544,-1.2223,-1.1786,-1.1349,-1.0912,-1.0475,-1.0011,-0.16812,-0.93673,-0.89303,-0.82783,-0.76228,-0.71519,-0.6376,-0.56563,-0.48617,-0.39877,-0.31137,-0.21182,-0.21463,-0.1132,-0.019495,0.089754,0.199,0.30825,0.4175,0.52675,0.636,0.74525,-0.27305,0.87203,0.97111,1.073,1.1823,1.2801,1.3675,1.4464,1.5189,1.6009,1.6626,-0.34596,1.7063,1.75,1.7937,1.8163,1.8381,1.8418,1.8418,1.8268,1.8049,1.771,-0.39539,1.7273,1.6836,1.6325,1.5669,1.4969,1.4095,1.3221,1.2347,1.1256,1.0163,-0.45673,0.88839,0.75729,0.64185,0.51846,0.38736,0.25626,0.12516,-0.005942,-0.1305,-0.24477,-0.50043,-0.37237,-0.51141,-0.9414,-1.0507,-1.1391,-1.2072,-1.2905,-1.3617,-1.4125,-1.4562,0.065801,-0.5453,-1.4999,-1.5335,-1.5467,-1.5467,-1.541,-1.5192,-1.4948,-1.4511,-1.4074,-1.3423,-0.61085,-1.2767,-1.1929,-1.1223,-1.0414,-0.96781,-0.88999,-0.81334,-0.73856,-0.65887,-0.59332,-0.6549,-0.52777,-0.45907,-0.3733,-0.30763,-0.22023,-0.15328,-0.087733,-0.004773,0.066736,0.13229,-0.71858,0.19784,0.25205,0.31538,0.38619,0.42311,0.45022,0.49018,0.51203,0.53388,0.55573,-0.76567,0.55655,0.57606,0.57992,0.57992,0.57992,0.56648,0.55655,0.55655,0.54767,0.53318,-0.82631,0.52734,0.50981,0.50701,0.48644,0.48644,0.48644,0.48644,0.46786,0.46307,0.46307,-0.87643,0.46307,0.46307,0.46307,0.46307,0.46307,0.46307,0.46307,0.46307,0.46307,0.46307,-0.92013,0.46307,0.46307,0.46307,0.46307,0.46307,0.46307,0.46307,0.45151,0.4397,0.43117,-0.97622,0.40932,0.39297,0.38899,0.36714,0.34623,0.34623,0.32496,0.32286,0.32286,0.32286,-1.0309,0.32286,0.32286,0.33501,0.34623,0.35534,0.3696,0.3696,0.3696,0.083094,-1.0746,-1.1183,-1.162,-1.2057,-1.2461,-1.2697,-1.3132,-1.3351,-1.3569,-1.3788,0.08917,-1.3831,-1.3991,-1.4064,-1.4194,-1.4298,-1.4298,-1.4298,-1.4298,-1.4298,-1.426,0.10343,-1.4064,-1.4056,-1.3838,-1.3619,-1.3204,-1.2767,-1.2496,-1.1976,-1.1456,-1.1019,0.11254,-1.0477,-0.98218,-0.91663,-0.84512,-0.76216,-0.69369,-0.60489,-0.49564,-0.40812,-0.30051,0.12376,-0.19126,-0.082007,0.0429,0.15986,0.26911,0.38946,0.51098,0.62829,0.75285,0.8621,0.14561,0.97135,1.0806,1.1898,1.2991,1.3875,1.4749,1.5623,1.6335,1.6991,1.7514,2.0,0.0
-2.0009,-1.8904,-1.7021,-0.85983,-0.84671,-0.8336,-0.82048,-0.80737,-0.79425,-0.78114,-0.76802,-0.75491,-0.74179,-1.6655,-0.72868,-0.7229,-0.71462,-0.70151,-0.69855,-0.68745,-0.68638,-0.67421,-0.67421,-0.6715,-1.6375,-0.66204,-0.66204,-0.6565,-0.64987,-0.64244,-0.6377,-0.62838,-0.61527,-0.60215,-0.60118,-1.6113,-0.5881,-0.57684,-0.57404,-0.56466,-0.55998,-0.54686,-0.54032,-0.53281,-0.51969,-0.50658,-1.585,-0.50381,-0.49252,-0.4794,-0.46629,-0.45512,-0.45223,-0.43911,-0.43078,-0.43078,-0.42411,-1.5568,-0.4186,-0.41005,-0.40643,-0.396,-0.39426,-0.38194,-0.36992,-0.36788,-0.35476,-0.34557,-1.5204,-0.34071,-0.32759,-0.32123,-0.31353,-0.30906,-0.29947,-0.29689,-0.28542,-0.27254,-0.27136,-1.498,-0.25824,-0.2482,-0.24418,-0.23107,-0.22386,-0.21701,-0.2039,-0.19951,-0.18984,-0.18734,-1.4801,-0.17578,-0.17517,-0.17389,-0.163,-0.15983,-0.15083,-0.14578,-0.13266,-0.12648,-0.1186,-1.4539,-0.11431,-0.11431,-0.1036,-0.10214,-0.10171,-0.089968,-0.087655,-0.077796,-0.073597,-0.065624,-1.8754,-1.4343,-0.059539,-0.046424,-0.033309,-0.029109,-0.01925,-0.006135,0.00698,0.020095,0.03321,0.046325,-1.4136,0.05944,0.072555,0.08567,0.098785,0.1119,0.11695,0.12596,0.13907,0.15219,0.15347,-1.3959,0.16625,0.17781,0.18031,0.19342,0.20215,0.20748,0.21433,0.22154,0.23465,0.23867,-1.3828,0.24871,0.25084,0.25084,0.26301,0.26466,0.27518,0.27518,0.27966,0.29277,0.30589,-1.3697,0.3117,0.31995,0.33306,0.34618,0.34821,0.36023,0.37335,0.38646,0.39958,0.41269,-1.3566,0.42581,0.43342,0.43987,0.45298,0.4661,0.47921,0.49233,0.49427,0.50639,0.51862,-1.3435,0.52044,0.53356,0.54296,0.54762,0.55513,0.56168,0.57479,0.57948,0.58885,0.60196,-1.3304,0.61508,0.61602,0.62914,0.64225,0.65537,0.66848,0.6816,0.69471,0.70119,0.70877,-1.3193,0.72189,0.735,0.73771,0.74906,0.76205,0.76312,0.77422,0.77718,0.7864,0.79123,-1.3193,0.79857,0.80529,0.81074,0.81935,0.83247,0.84558,0.8587,0.85964,0.8716,0.8737,-1.852,-1.3193,0.88681,0.89594,0.90087,0.91399,0.92028,0.92804,0.94116,0.94463,0.95522,0.96833,-1.3193,0.98114,0.98239,0.99551,1.0055,1.0096,1.0227,1.0358,1.0489,1.0542,1.063,-1.3193,1.0761,1.0785,1.0901,1.0907,1.0907,1.093,1.1029,1.107,1.115,1.1211,-1.3193,1.1272,1.1351,1.1483,1.1614,1.1637,1.1754,1.1881,1.1895,1.2026,1.2124,-1.3193,1.2124,1.2124,1.2186,1.2246,1.2246,1.2246,1.2345,1.2367,1.2367,1.2489,-1.3106,1.2489,1.2489,1.2489,1.2533,1.2611,1.2611,1.2611,1.2611,1.2611,1.2611,-1.3071,1.2611,1.2611,1.2611,1.2627,1.2733,1.2768,1.2854,1.2908,1.3039,1.3098,-1.3071,1.318,1.3311,1.3543,1.3695,1.3946,1.4087,1.4349,1.4611,1.491,1.5258,-1.3071,1.5575,1.5968,1.6435,1.6877,1.727,1.7766,1.8179,1.8693,1.9096,1.9603,-1.3069,1.9996,2.039,2.0783,2.1121,2.1383,2.1645,2.1908,2.2077,-1.8351,-1.295,-1.295,-1.295,-1.2909,-1.2828,-1.2828,-1.2759,-1.2706,-1.2706,-1.2609,-1.8136,-1.2585,-1.2469,-1.2459,-1.2341,-1.2319,-1.2187,-1.2056,-1.1976,-1.1916,-1.1785,-1.7949,-1.1653,-1.1611,-1.1513,-1.1489,-1.1372,-1.1363,-1.1246,-1.1246,-1.1213,-1.1082,-1.7686,-1.1002,-1.1002,-1.0932,-1.088,-1.0791,-1.0759,-1.0759,-1.0759,-1.0637,-1.0637,-1.7499,-1.0613,-1.0515,-1.0472,-1.0394,-1.0332,-1.0272,-1.0191,-1.006,-1.0028,-0.99192,-1.7283,-0.97881,-0.97786,-0.96475,-0.95163,-0.93852,-0.9254,-0.91229,-0.89917,-0.88606,-0.87294,3.0,5.0
0.53445,0.43493,0.31411,1.5535,1.5627,1.5627,1.5627,1.5627,1.5627,1.5627,1.5446,1.5197,1.4949,0.31411,1.47,1.4451,1.4202,1.3749,1.3251,1.2754,1.2256,1.166,1.0914,1.0167,0.31411,0.93107,0.83155,0.75608,0.66923,0.56934,0.44494,0.33394,0.23286,0.10846,-0.015942,0.31411,-0.14034,-0.26474,-0.38915,-0.5096,-0.60912,-0.72563,-0.83974,-0.91439,-1.0072,-1.0941,0.31411,-1.1438,-1.2129,-1.2801,-1.3298,-1.359,-1.3839,-1.4088,-1.4337,-1.4585,-1.4834,0.31411,-1.5083,-1.5221,-1.5221,-1.5221,-1.5344,-1.5588,-1.5588,-1.5453,-1.5204,-1.4955,0.31411,-1.456,-1.4091,-1.3842,-1.3434,-1.2896,-1.215,-1.1574,-1.1024,-1.0278,-0.95313,0.31411,-0.87206,-0.77254,-0.69248,-0.61022,-0.5107,-0.41118,-0.30285,-0.17844,-0.075893,0.033635,0.31411,0.15804,0.25939,0.37012,0.49452,0.59468,0.6942,0.79372,0.89324,0.97918,1.0521,0.31411,1.1018,1.1664,1.2381,1.2878,1.3376,1.3832,1.4081,1.433,1.4579,1.4827,0.38756,0.31411,1.5076,1.526,1.526,1.5455,1.555,1.5301,1.526,1.5171,1.4922,1.4673,0.31411,1.4424,1.4176,1.3927,1.3565,1.3068,1.257,1.1947,1.1201,1.0455,0.97082,0.31411,0.89435,0.79482,0.71018,0.62948,0.50507,0.39674,0.293,0.16859,0.061453,-0.043485,0.31411,-0.16789,-0.29229,-0.41008,-0.5096,-0.62877,-0.74536,-0.84489,-0.94441,-1.0349,-1.1096,0.31411,-1.1842,-1.2589,-1.3335,-1.3849,-1.4347,-1.4844,-1.5342,-1.5714,-1.5963,-1.6211,0.31411,-1.646,-1.669,-1.669,-1.654,-1.6291,-1.6042,-1.5794,-1.5545,-1.5296,-1.5047,0.29153,-1.4798,-1.455,-1.4301,-1.4052,-1.3803,-1.3357,-1.2859,-1.2362,-1.2073,-1.1643,0.26665,-1.0896,-1.0371,-0.97709,-0.90245,-0.82781,-0.75317,-0.67853,-0.60389,-0.51658,-0.41788,0.24177,-0.34324,-0.25474,-0.15724,-0.082595,0.007102,0.10341,0.17805,0.25269,0.33174,0.43126,0.21689,0.51334,0.58798,0.66262,0.73726,0.8119,0.88654,0.94135,0.9991,1.0737,1.1274,0.38637,0.19201,1.1679,1.1928,1.2399,1.2793,1.3042,1.3291,1.3539,1.3788,1.3791,1.3791,0.16703,1.3791,1.3791,1.3791,1.3791,1.3791,1.3791,1.3758,1.3509,1.3424,1.3379,0.11727,1.313,1.2881,1.2632,1.2384,1.2135,1.1886,1.1637,1.1388,1.114,1.0891,0.067513,1.0431,1.0026,0.97771,0.93052,0.88076,0.831,0.75773,0.69475,0.64499,0.57053,0.017752,0.50875,0.45798,0.38334,0.3087,0.23626,0.1865,0.1215,0.050253,0.000492,-0.065702,-0.032008,-0.13575,-0.18551,-0.23527,-0.28503,-0.33479,-0.38456,-0.42734,-0.45222,-0.4771,-0.50198,-0.081769,-0.52686,-0.55174,-0.57662,-0.6015,-0.62638,-0.6407,-0.6407,-0.6407,-0.6407,-0.6407,-0.13401,-0.6407,-0.62776,-0.60398,-0.60398,-0.60398,-0.60627,-0.63115,-0.6407,-0.6407,-0.6407,-0.20865,-0.6407,-0.6407,-0.6407,-0.6407,-0.64658,-0.67146,-0.67743,-0.67743,-0.67743,-0.67743,-0.28329,-0.68569,-0.71057,-0.71415,-0.71415,-0.71415,-0.71415,-0.71415,-0.71415,0.36149,-0.35793,-0.43257,-0.50721,-0.58185,-0.65649,-0.73113,-0.80578,-0.88042,-0.95506,-1.0297,0.35084,-1.1043,-1.1587,-1.2,-1.2249,-1.2712,-1.3017,-1.3017,-1.3244,-1.3276,-1.3027,0.35084,-1.3017,-1.2777,-1.2281,-1.2032,-1.1651,-1.1154,-1.0656,-1.0014,-0.92935,-0.87959,0.35084,-0.81422,-0.73582,-0.6363,-0.53677,-0.43725,-0.33773,-0.23821,-0.13869,-0.039169,0.07954,0.33541,0.1966,0.29612,0.41602,0.53188,0.6314,0.73093,0.82071,0.89536,0.99276,1.0814,0.31411,1.156,1.2067,1.2564,1.3062,1.356,1.4057,1.454,1.4789,1.5038,1.5287,0.0,0.0
0.83347,0.73311,0.68722,-0.33651,-0.25443,-0.15407,-0.053703,0.046659,0.14702,0.24738,0.38084,0.48467,0.58503,0.68722,0.70916,0.82232,0.92268,1.023,1.1234,1.2155,1.2876,1.3879,1.4883,1.5563,0.68722,1.6232,1.6901,1.757,1.8239,1.874,1.9075,1.9409,1.9744,2.0035,2.0035,0.71995,2.0035,2.0035,1.9749,1.9415,1.8411,1.6113,1.3424,1.1602,1.0302,0.84974,0.72379,0.74938,0.64902,0.54865,0.44829,0.34793,0.27225,0.18377,0.083404,-0.016959,-0.10507,0.72379,-0.18112,-0.27545,-0.36576,-0.7003,-0.7354,-0.79902,-0.83887,-0.89627,-0.94234,-0.9758,0.72379,-0.99463,-1.0061,-1.0312,-1.0312,-1.0312,-1.0312,-1.0312,-1.0312,-1.0049,-0.97141,0.74408,-0.93795,-0.9045,-0.85715,-0.80103,-0.7599,-0.69299,-0.62608,-0.55917,-0.49226,-0.42536,0.76035,-0.33285,-0.25498,-0.16869,-0.068328,0.018872,0.095835,0.1962,0.29656,0.39692,0.49729,0.76035,0.59765,0.67004,0.76181,0.86217,0.96254,1.0474,1.1143,1.1812,1.2481,1.315,0.72379,0.76035,1.3819,1.4154,1.4488,1.4823,1.5157,1.5281,1.5281,1.5281,1.4931,1.4099,0.76035,1.3709,1.304,1.2371,1.0066,0.92049,0.82707,0.72671,0.56547,0.43348,0.3525,0.76035,0.2302,0.078651,-0.021712,-0.12043,-0.18734,-0.28624,-0.3866,-0.48696,-0.746,-0.92406,0.76035,-0.99097,-1.0579,-1.1248,-1.1846,-1.222,-1.288,-1.3215,-1.3549,-1.3884,-1.4219,0.76035,-1.4553,-1.4699,-1.4699,-1.4699,-1.4699,-1.4699,-1.4666,-1.4332,-1.3997,-1.3663,0.76035,-1.3328,-1.2994,-1.2447,-1.1959,-1.1475,-1.0805,-1.0136,-0.94673,-0.87982,-0.81291,0.76035,-0.746,-0.6493,-0.57563,-0.48513,-0.38477,-0.30178,-0.22061,-0.12025,-0.019884,0.080479,0.76035,0.18084,0.2812,0.34939,0.44537,0.54573,0.62324,0.70989,0.81026,0.89709,0.97442,0.76035,1.0675,1.1344,1.2024,1.3027,1.3717,1.4386,1.5055,1.5503,1.6027,1.6537,0.76035,1.6872,1.711,1.7175,1.7475,1.7472,1.7137,1.6802,1.6468,1.6133,1.5585,0.72379,0.76035,1.4916,1.4399,1.3943,1.3185,1.224,1.157,1.0901,0.99014,0.91976,0.82598,0.76035,0.72561,0.64591,0.56145,0.46109,0.36073,0.26036,0.16,0.059639,-0.040724,-0.14109,0.76035,-0.24145,-0.34181,-0.44217,-0.54254,-0.6429,-0.82553,-1.0524,-1.1193,-1.1862,-1.2531,0.76035,-1.32,-1.3553,-1.4173,-1.4588,-1.4922,-1.5257,-1.5591,-1.5926,-1.6162,-1.6162,0.76035,-1.6162,-1.6162,-1.6162,-1.6162,-1.6162,-1.6162,-1.5946,-1.5612,-1.5431,-1.5308,0.76035,-1.4882,-1.4273,-1.391,-1.324,-1.2904,-1.2268,-1.1599,-1.1169,-1.0626,-0.99572,0.76035,-0.92881,-0.87342,-0.83156,-0.76465,-0.69774,-0.63083,-0.56393,-0.49702,-0.43011,-0.3632,0.72909,-0.3164,-0.26595,-0.21293,-0.1579,-0.072898,-0.039444,-0.00599,0.027464,0.060918,0.12307,0.52672,0.16439,0.17536,0.17536,0.17536,0.17536,0.1653,0.1388,0.1388,0.1388,0.1388,0.44281,0.10772,0.10223,0.1271,0.1388,0.1388,0.1388,0.15123,0.17536,0.69966,0.32161,0.21082,0.15964,0.11357,0.056165,0.016313,-0.047305,-0.080759,-0.11421,-0.14767,0.68722,-0.18112,-0.21458,-0.24803,-0.29958,-0.3515,-0.38495,-0.42718,-0.48842,-0.52188,-0.55533,0.68722,-0.62169,-0.6588,-0.69226,-0.72571,-0.75917,-0.80999,-0.86264,-0.89609,-0.92954,-0.963,0.68722,-0.99645,-1.0299,-1.0634,-1.0968,-1.1043,-1.1272,-1.1409,-1.1575,-1.1774,-1.1774,0.68722,-1.1774,-1.1774,-1.1774,-1.1774,-1.1774,-1.1491,-1.1156,-1.0822,-1.0487,-1.0153,0.68722,-0.98183,-0.93869,-0.87178,-0.80834,-0.77452,-0.70761,-0.64071,-0.5738,-0.48239,-0.40342,2.0,2.0
2.1545,2.0502,1.7837,-0.34842,-0.36196,-0.37454,-0.38256,-0.39058,-0.40603,-0.4167,-0.42807,-0.44281,-0.45083,1.7589,-0.46615,-0.4822,-0.49503,-0.50542,-0.52949,-0.5464,-0.56245,-0.58159,-0.60566,-0.62974,1.7291,-0.65381,-0.67288,-0.6919,-0.71597,-0.74004,-0.76412,-0.78331,-0.8022,-0.82627,-0.85035,1.7007,-0.87442,-0.8985,-0.92257,-0.94732,-0.97942,-1.0115,-1.0436,-1.0783,-1.1179,-1.15,1.67,-1.1755,-1.2041,-1.2337,-1.2578,-1.2819,-1.2995,-1.3156,-1.3316,-1.3477,-1.3637,1.6138,-1.3735,-1.3858,-1.4018,-1.4179,-1.4339,-1.4438,-1.456,-1.472,-1.488,-1.496,1.5882,-1.5041,-1.5121,-1.5181,-1.5181,-1.5181,-1.5241,-1.5282,-1.5282,-1.5282,-1.5282,1.5361,-1.534,-1.5383,-1.54,-1.548,-1.5483,-1.5483,-1.5447,-1.5383,-1.5383,-1.5383,1.4862,-1.5327,-1.5247,-1.5167,-1.5087,-1.5006,-1.4926,-1.4846,-1.4766,-1.4685,-1.4605,1.4541,-1.4472,-1.4344,-1.4252,-1.4091,-1.3931,-1.377,-1.361,-1.3449,-1.3289,-1.3128,2.0118,1.422,-1.2917,-1.2707,-1.2537,-1.2296,-1.2125,-1.1915,-1.1674,-1.1434,-1.1193,-1.102,1.3899,-1.0812,-1.0571,-1.0331,-1.009,-0.97821,-0.95077,-0.9267,-0.90204,-0.86994,-0.84441,1.3523,-0.82034,-0.79626,-0.77219,-0.74812,-0.72404,-0.69997,-0.6759,-0.65182,-0.62775,-0.60999,1.3122,-0.58966,-0.56783,-0.55158,-0.52751,-0.50962,-0.48942,-0.46746,-0.45133,-0.42726,-0.40925,1.2721,-0.3932,-0.37715,-0.3611,-0.35303,-0.33907,-0.32692,-0.31889,-0.31087,-0.30284,-0.29482,1.232,-0.28679,-0.27877,-0.27074,-0.26272,-0.26038,-0.25673,-0.25032,-0.25032,-0.24272,-0.2347,1.1918,-0.23019,-0.22871,-0.22069,-0.22013,-0.2147,-0.20667,-0.20001,-0.20001,-0.19266,-0.18464,1.1517,-0.17661,-0.16859,-0.16056,-0.15254,-0.14451,-0.13649,-0.12736,-0.11131,-0.10235,-0.089274,1.1116,-0.076243,-0.067238,-0.051189,-0.042108,-0.034083,-0.023166,-0.007972,5.3e-05,0.008077,0.016102,1.0715,0.026894,0.042213,0.050238,0.058262,0.066287,0.074311,0.082336,0.09036,0.10498,0.11647,1.9957,1.0313,0.1245,0.13252,0.14055,0.14857,0.15659,0.16701,0.18271,0.19073,0.19875,0.20678,0.99849,0.2148,0.22283,0.23085,0.23888,0.24273,0.24486,0.25289,0.26091,0.26285,0.2669,0.96116,0.27291,0.27291,0.28091,0.28297,0.2869,0.29492,0.30295,0.31097,0.319,0.32702,0.92104,0.33681,0.35286,0.36891,0.38495,0.401,0.41705,0.4331,0.45677,0.48085,0.50492,0.88207,0.52899,0.55307,0.58464,0.61128,0.63877,0.66949,0.69356,0.725,0.7571,0.78591,0.84998,0.81124,0.84334,0.87543,0.90753,0.93646,0.96167,0.99376,1.0259,1.058,1.0901,0.81073,1.1212,1.1452,1.1763,1.2084,1.2405,1.2726,1.3047,1.3299,1.3588,1.3909,0.77572,1.423,1.4551,1.4872,1.5193,1.5487,1.5734,1.6055,1.631,1.6597,1.6892,0.74362,1.7133,1.7374,1.7615,1.7811,1.7995,1.8236,1.8477,1.8654,1.8814,1.8975,0.71255,1.9133,1.9213,1.9418,1.9575,1.9655,1.9733,1.9653,1.9572,1.9797,0.68848,0.65739,0.63525,0.61626,0.59309,0.57704,0.56099,0.54494,0.52889,0.51284,1.9636,0.4968,0.48751,0.47949,0.47146,0.46279,0.44674,0.43733,0.4293,0.42384,0.42332,1.9476,0.41529,0.38121,0.34108,0.30828,0.29263,0.28461,0.2702,0.24544,0.21103,0.17201,1.9022,0.16399,0.1497,0.12943,0.10316,0.071368,0.055319,0.03927,0.019121,-0.00289,-0.01894,1.8613,-0.034989,-0.05705,-0.073174,-0.081199,-0.089224,-0.10517,-0.11533,-0.13875,-0.17344,-0.18949,1.8319,-0.22894,-0.26906,-0.29429,-0.30063,-0.30063,-0.3083,-0.32196,-0.33441,-0.34088,-0.34088,1.0,1.0
-2.0475,-1.8589,-1.6146,-1.0296,-1.0357,-1.046,-1.0582,-1.0703,-1.0789,-1.0728,-1.0668,-1.0607,-1.0546,-1.6085,-1.0485,-1.0424,-1.0274,-0.9787,-0.9441,-0.92584,-0.91194,-0.89977,-0.87579,-0.8528,-1.6024,-0.83454,-0.81629,-0.79803,-0.77533,-0.75098,-0.72664,-0.70373,-0.68547,-0.66424,-0.63989,-1.5963,-0.61555,-0.5912,-0.57292,-0.55314,-0.5288,-0.50751,-0.48925,-0.47099,-0.45268,-0.42834,-1.5904,-0.40718,-0.39501,-0.3797,-0.36144,-0.34318,-0.32506,-0.31288,-0.30071,-0.28854,-0.27637,-1.5904,-0.26419,-0.25202,-0.23985,-0.22768,-0.21726,-0.21117,-0.20179,-0.18962,-0.18228,-0.17649,-1.5887,-0.17649,-0.17465,-0.16857,-0.16586,-0.16586,-0.16094,-0.15523,-0.15523,-0.15714,-0.16323,-1.5826,-0.16586,-0.16586,-0.16586,-0.16631,-0.17239,-0.17848,-0.18457,-0.19065,-0.19674,-0.19775,-1.583,-0.19828,-0.20437,-0.21875,-0.24918,-0.26154,-0.26154,-0.26669,-0.27217,-0.27217,-0.27217,-1.5891,-0.27217,-0.26847,-0.26239,-0.26154,-0.25601,-0.20732,-0.16979,-0.15153,-0.13705,-0.12487,-1.7134,-1.5904,-0.10739,-0.089898,-0.077726,-0.063241,-0.044982,-0.02287,0.001475,0.020425,0.038683,0.056942,-1.5904,0.075201,0.093459,0.11565,0.14,0.15887,0.17806,0.2024,0.22427,0.24253,0.2648,-1.5904,0.28915,0.30794,0.3262,0.34446,0.36272,0.38097,0.39923,0.41749,0.43575,0.45401,-1.5886,0.47227,0.49053,0.50878,0.52287,0.53504,0.55293,0.57002,0.58219,0.59436,0.60654,-1.5825,0.61871,0.63088,0.63726,0.6446,0.65677,0.66615,0.67224,0.67832,0.68441,0.68462,-1.5765,0.68595,0.69204,0.69525,0.69525,0.69525,0.69525,0.69525,0.69525,0.69525,0.69525,-1.5704,0.69525,0.69076,0.68467,0.68462,0.68313,0.67705,0.67096,0.66487,0.65879,0.6527,-1.5643,0.64662,0.64053,0.63444,0.62836,0.62227,0.61618,0.6101,0.60401,0.59463,0.57637,-1.5582,0.56768,0.56768,0.57241,0.57831,0.57831,0.58004,0.58612,0.61836,0.67314,0.68943,-1.5521,0.69578,0.70796,0.72013,0.7323,0.74782,0.76608,0.77945,0.79162,0.80379,0.81785,-1.6951,-1.546,0.83611,0.85094,0.86311,0.88026,0.89852,0.91677,0.93503,0.95329,0.96804,0.98021,-1.5399,0.99744,1.0157,1.034,1.0502,1.0623,1.0781,1.0964,1.1095,1.1217,1.1338,-1.5304,1.146,1.1582,1.1703,1.1825,1.1895,1.1962,1.2084,1.2184,1.2245,1.2305,-1.5183,1.2366,1.2427,1.2488,1.2549,1.261,1.2671,1.2732,1.2792,1.28,1.2808,-1.5061,1.2869,1.2906,1.2906,1.2906,1.2906,1.296,1.3012,1.3012,1.3012,1.3012,-1.4939,1.3012,1.3012,1.3012,1.3012,1.3012,1.2987,1.2926,1.2906,1.2906,1.285,-1.4818,1.281,1.2871,1.2932,1.2993,1.3054,1.3114,1.3118,1.3141,1.3263,1.3358,-1.4696,1.3419,1.348,1.3541,1.3659,1.3769,1.3829,1.3918,1.404,1.4118,1.4179,-1.4574,1.4299,1.442,1.4542,1.4635,1.4696,1.4757,1.4818,1.4879,1.4953,1.5075,-1.4452,1.5168,1.5228,1.5289,1.535,1.5411,1.5443,1.5382,1.5351,-1.6799,-1.4331,-1.4209,-1.4082,-1.39,-1.3737,-1.3616,-1.3458,-1.3276,-1.3093,-1.2916,-1.6677,-1.2795,-1.2652,-1.2469,-1.2287,-1.2104,-1.1921,-1.1739,-1.1556,-1.1374,-1.1191,-1.6556,-1.1046,-1.0924,-1.075,-1.0574,-1.0453,-1.0331,-1.0209,-1.0087,-0.99656,-0.98439,-1.6434,-0.97222,-0.96004,-0.95021,-0.94412,-0.93804,-0.93195,-0.92586,-0.91978,-0.91369,-0.91002,-1.6312,-0.91002,-0.91002,-0.91002,-0.91002,-0.91098,-0.91707,-0.92315,-0.92924,-0.93533,-0.94141,-1.6207,-0.9475,-0.95358,-0.95967,-0.96833,-0.98051,-0.98856,-0.99465,-1.0064,-1.0175,-1.0235,5.0,5.0
2.0434,1.9193,1.6059,-0.60589,-0.63109,-0.6563,-0.68151,-0.71265,-0.74181,-0.76701,-0.79222,-0.81743,-0.85228,1.5582,-0.87773,-0.90813,-0.93803,-0.97312,-0.99833,-1.0297,-1.0586,-1.0937,-1.1189,-1.1441,1.5204,-1.1693,-1.1946,-1.2198,-1.245,-1.2692,-1.2855,-1.3107,-1.3268,-1.3512,-1.3717,1.4769,-1.3918,-1.4071,-1.4323,-1.4518,-1.4728,-1.4881,-1.5094,-1.522,-1.5346,-1.5472,1.4349,-1.5598,-1.5724,-1.5845,-1.5845,-1.5786,-1.5746,-1.5746,-1.5704,-1.5648,-1.5551,1.3959,-1.5524,-1.5398,-1.5351,-1.5245,-1.5153,-1.5091,-1.4965,-1.4938,-1.4812,-1.4686,1.3494,-1.4659,-1.4533,-1.4407,-1.4281,-1.4155,-1.3992,-1.3804,-1.3678,-1.3532,-1.3327,1.3116,-1.3127,-1.2976,-1.282,-1.2625,-1.2499,-1.2274,-1.2148,-1.2022,-1.1802,-1.1671,1.2832,-1.1545,-1.1343,-1.1194,-1.1068,-1.0883,-1.0717,-1.0591,-1.0465,-1.0339,-1.0213,1.2459,-0.99882,-0.98622,-0.97362,-0.96027,-0.93852,-0.92592,-0.91332,-0.89083,-0.87822,-0.85845,1.8941,1.213,-0.84313,-0.83053,-0.81792,-0.80532,-0.79272,-0.78011,-0.76751,-0.75491,-0.7423,-0.7297,1.1801,-0.71709,-0.70474,-0.70177,-0.68917,-0.67656,-0.66396,-0.65531,-0.64864,-0.63604,-0.62343,1.1527,-0.61083,-0.59822,-0.58562,-0.57302,-0.56041,-0.55646,-0.54509,-0.53249,-0.51988,-0.51692,1.1275,-0.50456,-0.49196,-0.47935,-0.46675,-0.45415,-0.44772,-0.43883,-0.43611,-0.42795,-0.42078,1.1023,-0.41807,-0.40818,-0.40274,-0.3983,-0.38841,-0.3847,-0.3721,-0.36864,-0.35678,-0.34417,1.0771,-0.33157,-0.31897,-0.30636,-0.29376,-0.28956,-0.27967,-0.27572,-0.26979,-0.2604,-0.25768,1.0519,-0.25002,-0.24236,-0.23964,-0.23025,-0.22432,-0.22036,-0.21048,-0.21048,-0.20356,-0.20059,1.0267,-0.19071,-0.18552,-0.18082,-0.17019,-0.15759,-0.14499,-0.13238,-0.11978,-0.10718,-0.094572,1.0015,-0.072083,-0.049594,-0.03699,-0.016231,7.9e-05,0.034184,0.059391,0.075454,0.1019,0.13501,0.96661,0.15281,0.1753,0.19086,0.21607,0.23288,0.24548,0.25808,0.27069,0.29268,0.30578,1.8607,0.94115,0.31838,0.33099,0.3342,0.3562,0.3688,0.37275,0.38412,0.40093,0.41921,0.43182,0.89519,0.44195,0.45233,0.46963,0.47235,0.48495,0.49755,0.51016,0.52103,0.52548,0.53808,0.85911,0.55069,0.55341,0.56057,0.56873,0.57046,0.57416,0.58034,0.58949,0.59221,0.60481,0.83588,0.61,0.62013,0.63273,0.63965,0.65646,0.66066,0.67326,0.68587,0.69847,0.71108,0.81067,0.72368,0.73628,0.74889,0.76149,0.78002,0.79658,0.81215,0.84576,0.86405,0.89593,0.78546,0.91891,0.9419,0.9718,0.99775,1.0321,1.0635,1.0924,1.1112,1.1482,1.168,0.76025,1.2031,1.2256,1.2491,1.2706,1.303,1.3193,1.3445,1.3697,1.389,1.43,0.74493,1.4626,1.4903,1.5214,1.5605,1.5857,1.6208,1.642,1.6746,1.6969,1.7238,0.72417,1.7517,1.7797,1.7972,1.8256,1.8516,1.8642,1.8966,1.9176,1.9415,1.9541,0.71157,1.9766,1.9892,2.0018,2.0144,2.027,2.0397,2.0523,2.0515,1.8328,0.69897,0.68636,0.67376,0.66931,0.65844,0.64954,0.61099,0.58108,0.56848,0.53709,1.795,0.50373,0.46147,0.44887,0.41353,0.38412,0.37028,0.33321,0.29688,0.28428,0.24746,1.7572,0.19976,0.16739,0.15478,0.12933,0.090035,0.077431,0.02677,0.009965,-0.019691,-0.032295,1.7194,-0.042427,-0.098031,-0.12151,-0.17464,-0.22382,-0.23642,-0.24903,-0.2599,-0.26435,-0.27695,1.6816,-0.28956,-0.30216,-0.31477,-0.32737,-0.33997,-0.35258,-0.36518,-0.38693,-0.40027,-0.41288,1.6437,-0.42548,-0.43808,-0.45365,-0.47318,-0.48578,-0.49962,-0.52087,-0.54015,-0.56536,-0.58068,1.0,1.0
1.7146,1.6441,1.348,-1.1386,-1.1541,-1.1681,-1.1883,-1.2084,-1.2285,-1.2487,-1.2688,-1.2889,-1.2992,1.3208,-1.3184,-1.3386,-1.351,-1.3681,-1.3819,-1.3976,-1.4128,-1.4271,-1.4472,-1.4645,1.2841,-1.4767,-1.4969,-1.517,-1.5371,-1.5471,-1.5666,-1.578,-1.5881,-1.5982,-1.6016,1.2052,-1.6075,-1.6124,-1.6124,-1.6124,-1.6093,-1.6016,-1.5999,-1.5898,-1.5801,-1.5801,1.1841,-1.5704,-1.5603,-1.5585,-1.551,-1.5409,-1.5308,-1.5208,-1.5059,-1.4899,-1.4798,1.1539,-1.4697,-1.4577,-1.4388,-1.4282,-1.408,-1.3879,-1.3678,-1.3562,-1.3304,-1.3074,1.1237,-1.2872,-1.2671,-1.247,-1.2225,-1.1959,-1.1758,-1.1557,-1.1355,-1.1154,-1.0952,1.0742,-1.0751,-1.055,-1.0348,-1.0147,-0.99458,-0.97444,-0.95431,-0.93418,-0.91404,-0.89391,1.0418,-0.87377,-0.85364,-0.83534,-0.82414,-0.80444,-0.79437,-0.7745,-0.75437,-0.74263,-0.73257,1.0116,-0.7155,-0.70167,-0.686,-0.67076,-0.6565,-0.63986,-0.627,-0.60896,-0.5975,-0.57806,1.6299,0.96629,-0.56799,-0.55793,-0.53849,-0.52703,-0.51696,-0.50689,-0.49683,-0.48676,-0.47669,-0.46662,0.92963,-0.46033,-0.45726,-0.44719,-0.43712,-0.42803,-0.42776,-0.41769,-0.41726,-0.40832,-0.39825,0.89942,-0.39572,-0.38889,-0.38496,-0.37952,-0.36945,-0.36342,-0.36009,-0.35002,-0.33995,-0.32989,0.85835,-0.31928,-0.29915,-0.28892,-0.26964,-0.25802,-0.24014,-0.22712,-0.21064,-0.19051,-0.17538,0.81749,-0.16101,-0.14448,-0.13151,-0.11358,-0.102,-0.082677,-0.072503,-0.052368,-0.041709,-0.022867,0.78729,-0.010808,0.006634,0.020093,0.03016,0.040227,0.050294,0.060361,0.070428,0.080495,0.090562,0.74707,0.10063,0.11032,0.11032,0.12006,0.12109,0.12943,0.1395,0.14956,0.15339,0.15893,0.69458,0.16415,0.1683,0.17837,0.18843,0.19645,0.1978,0.20787,0.21793,0.21799,0.2273,0.66438,0.23737,0.24744,0.2575,0.26757,0.27764,0.2877,0.29336,0.29707,0.30714,0.3172,0.63418,0.32727,0.33734,0.34741,0.35747,0.35796,0.37572,0.38767,0.39774,0.40781,0.41788,1.5851,0.60237,0.42794,0.44269,0.45884,0.46891,0.48156,0.49981,0.51106,0.53071,0.54078,0.5607,0.54196,0.58083,0.59251,0.61033,0.62342,0.63983,0.65997,0.67515,0.68947,0.70605,0.71897,0.51128,0.74126,0.77001,0.79014,0.81022,0.82029,0.83978,0.85119,0.86928,0.88941,0.90292,0.49028,0.91891,0.93905,0.95466,0.96855,0.98556,0.99805,1.0216,1.0588,1.0692,1.0894,0.44463,1.1095,1.1296,1.1498,1.1623,1.1793,1.2118,1.2356,1.2504,1.2706,1.2873,0.38649,1.3001,1.3202,1.339,1.3497,1.3698,1.38,1.4086,1.4217,1.4396,1.4526,0.36162,1.4626,1.4727,1.4828,1.4972,1.5137,1.5237,1.5361,1.5546,1.5647,1.5748,0.32593,1.5848,1.5949,1.605,1.615,1.6251,1.6352,1.6452,1.6553,1.6654,1.6715,0.29842,1.6747,1.6798,1.6715,1.6704,1.6608,1.6608,1.6705,1.6806,1.6907,1.7008,0.26832,1.7108,1.7209,1.731,1.7361,1.7403,1.7469,1.7469,1.7469,1.5507,0.23522,0.21793,0.18192,0.14262,0.13659,0.096322,0.056054,0.015786,0.003942,-0.023675,1.5278,-0.045801,-0.058559,-0.081977,-0.10023,-0.12612,-0.15266,-0.17048,-0.19433,-0.21183,-0.25032,1.4814,-0.27837,-0.28806,-0.28806,-0.33678,-0.37807,-0.42668,-0.44644,-0.4565,-0.46657,-0.47664,1.4444,-0.4867,-0.50092,-0.51761,-0.53042,-0.54851,-0.55992,-0.58005,-0.60019,-0.61031,-0.62969,1.4088,-0.64982,-0.67787,-0.70086,-0.72099,-0.74694,-0.77203,-0.79658,-0.82306,-0.84621,-0.87641,1.3719,-0.90661,-0.9359,-0.95625,-0.98645,-1.0167,-1.038,-1.0581,-1.0782,-1.0984,-1.1185,1.0,1.0
-2.3199,-2.0418,-1.6686,-1.1831,-1.1745,-1.1595,-1.1444,-1.1294,-1.1144,-1.0992,-1.0767,-1.0403,-0.97264,-1.6592,-0.92749,-0.89743,-0.87405,-0.85016,-0.82011,-0.79358,-0.77104,-0.74278,-0.71311,-0.69056,-1.6517,-0.66545,-0.6354,-0.61009,-0.58755,-0.55807,-0.52962,-0.50708,-0.48074,-0.45069,-0.4266,-1.6442,-0.40406,-0.38152,-0.35898,-0.33643,-0.31389,-0.29135,-0.276,-0.26097,-0.24594,-0.23091,-1.6415,-0.21588,-0.20086,-0.18583,-0.1708,-0.15885,-0.15134,-0.13856,-0.12353,-0.11595,-0.10844,-1.649,-0.10092,-0.093408,-0.085894,-0.084866,-0.08371,-0.076196,-0.075361,-0.082875,-0.084866,-0.085059,-1.6519,-0.092573,-0.10009,-0.1076,-0.11512,-0.12263,-0.13689,-0.15192,-0.16694,-0.18197,-0.197,-1.6519,-0.20625,-0.21556,-0.25313,-0.28281,-0.29783,-0.31768,-0.34022,-0.34876,-0.35461,-0.35461,-1.6587,-0.35461,-0.35461,-0.35461,-0.3539,-0.34639,-0.33598,-0.32095,-0.311,-0.30349,-0.28871,-1.6648,-0.26213,-0.20201,-0.16245,-0.13991,-0.11107,-0.081976,-0.059433,-0.033744,-0.003687,0.02637,-1.8359,-1.6648,0.056427,0.07897,0.1037,0.13375,0.16381,0.19387,0.21737,0.24114,0.27119,0.29785,-1.6648,0.32039,0.34852,0.37832,0.40086,0.4234,0.44595,0.47311,0.50317,0.51961,0.53612,-1.6648,0.55866,0.57754,0.59257,0.6076,0.62263,0.63766,0.65268,0.66771,0.67786,0.68537,-1.6648,0.69289,0.7004,0.70792,0.71543,0.72295,0.72436,0.72513,0.73264,0.7372,0.7372,-1.6648,0.73207,0.72455,0.72436,0.72237,0.71485,0.70734,0.69983,0.69231,0.6848,0.67728,-1.6648,0.66656,0.65153,0.6365,0.62147,0.60644,0.59141,0.57639,0.56136,0.54633,0.51807,-1.6621,0.49058,0.47555,0.46053,0.4455,0.43047,0.41448,0.37691,0.34935,0.34184,0.33433,-1.6546,0.32681,0.32617,0.32617,0.32617,0.32989,0.33741,0.34492,0.35244,0.35995,0.37023,-1.6519,0.38526,0.39534,0.40285,0.4175,0.43252,0.44755,0.46258,0.47761,0.49264,0.5085,-1.6519,0.53104,0.5717,0.63933,0.67574,0.69828,0.71344,0.72847,0.7435,0.76277,0.78531,-1.8058,-1.6449,0.80143,0.81646,0.83149,0.84979,0.87233,0.88942,0.90444,0.91947,0.93681,0.95936,-1.6374,0.9774,0.99243,1.0075,1.0225,1.0375,1.0525,1.0676,1.0826,1.0976,1.1127,-1.6298,1.1277,1.1427,1.153,1.1605,1.168,1.1755,1.183,1.1906,1.1981,1.2056,-1.6223,1.2131,1.2206,1.2281,1.2356,1.2382,1.2382,1.2453,1.251,1.251,1.255,-1.6148,1.2626,1.2638,1.2638,1.2638,1.2669,1.2744,1.2767,1.2767,1.2767,1.2767,-1.6012,1.2767,1.2767,1.2767,1.2767,1.2767,1.2767,1.2767,1.2767,1.2712,1.2638,-1.5862,1.2638,1.2638,1.2638,1.2638,1.2638,1.2638,1.2638,1.2638,1.2674,1.275,-1.5711,1.2767,1.2771,1.2847,1.2948,1.3098,1.32,1.3276,1.3351,1.3443,1.3593,-1.5532,1.3743,1.3893,1.3983,1.4065,1.4216,1.4366,1.4516,1.4616,1.4691,1.4839,-1.5306,1.497,1.5045,1.512,1.5195,1.527,1.5336,1.5336,1.5304,-1.7801,-1.5132,-1.4982,-1.4758,-1.4533,-1.4307,-1.4082,-1.3857,-1.3631,-1.3406,-1.318,-1.7576,-1.2923,-1.2622,-1.2376,-1.215,-1.1925,-1.1699,-1.1474,-1.1248,-1.1023,-1.0798,-1.735,-1.0572,-1.0347,-1.0121,-0.98959,-0.9727,-0.95735,-0.93481,-0.91728,-0.90976,-0.89756,-1.7137,-0.88253,-0.88125,-0.88125,-0.88125,-0.88125,-0.88125,-0.88716,-0.89467,-0.90218,-0.91246,-1.6987,-0.92749,-0.94252,-0.95754,-0.97257,-0.9876,-1.0026,-1.0177,-1.0327,-1.0477,-1.0627,-1.6837,-1.0778,-1.0928,-1.1078,-1.1385,-1.176,-1.1841,-1.1895,-1.1895,-1.1895,-1.1895,5.0,5.0
1.8329,1.7162,1.5296,-0.31445,-0.32343,-0.3324,-0.34137,-0.35035,-0.35932,-0.36829,-0.38438,-0.39861,-0.4079,1.5117,-0.42584,-0.44379,-0.46173,-0.47968,-0.49763,-0.52021,-0.54589,-0.56384,-0.58179,-0.60314,1.4938,-0.63005,-0.648,-0.67152,-0.69844,-0.72535,-0.75227,-0.77486,-0.79466,-0.83055,-0.85995,1.4705,-0.88687,-0.91379,-0.94071,-0.96762,-0.99454,-1.0215,-1.0484,-1.0753,-1.1022,-1.1291,1.4455,-1.1499,-1.1706,-1.1975,-1.2244,-1.2464,-1.2644,-1.2823,-1.3002,-1.3219,-1.3485,1.4275,-1.3665,-1.3844,-1.3999,-1.4088,-1.4259,-1.4392,-1.4494,-1.4673,-1.4785,-1.4874,1.4022,-1.4964,-1.5054,-1.5144,-1.5233,-1.5323,-1.5335,-1.5379,-1.5459,-1.5459,-1.5524,1.3793,-1.5583,-1.5583,-1.567,-1.5707,-1.5725,-1.5815,-1.583,-1.583,-1.583,-1.583,1.3607,-1.583,-1.5803,-1.5713,-1.5707,-1.5707,-1.5691,-1.5601,-1.5583,-1.5546,-1.5456,1.3338,-1.5366,-1.5335,-1.5311,-1.5221,-1.5131,-1.4995,-1.4828,-1.4738,-1.458,-1.4401,1.6664,1.3069,-1.4222,-1.4132,-1.3986,-1.3785,-1.3516,-1.3324,-1.3145,-1.2965,-1.2786,-1.2606,1.28,-1.2396,-1.2127,-1.1944,-1.1712,-1.1443,-1.1174,-1.0905,-1.0635,-1.0366,-1.0097,1.253,-0.98279,-0.95308,-0.91719,-0.88965,-0.86273,-0.83581,-0.8089,-0.78198,-0.75506,-0.72814,1.2261,-0.70122,-0.68018,-0.65976,-0.63284,-0.61397,-0.59138,-0.56446,-0.53754,-0.51743,-0.49948,1.1992,-0.48154,-0.45462,-0.43327,-0.41532,-0.39738,-0.38717,-0.37386,-0.35591,-0.33797,-0.32652,1.1723,-0.31755,-0.30857,-0.2996,-0.28537,-0.26928,-0.26031,-0.25133,-0.24236,-0.23339,-0.22441,1.1454,-0.21544,-0.20647,-0.1975,-0.19688,-0.19193,-0.1845,-0.1845,-0.17738,-0.16841,-0.15944,1.1184,-0.15046,-0.14737,-0.1449,-0.13592,-0.13499,-0.13035,-0.12262,-0.12262,-0.11581,-0.10684,1.0915,-0.097865,-0.088892,-0.079919,-0.070946,-0.061973,-0.053,-0.044027,-0.034126,-0.01618,-0.004731,1.0646,0.007336,0.025282,0.043228,0.055914,0.066743,0.084689,0.10263,0.12058,0.13915,0.16606,1.6553,1.0377,0.18061,0.19236,0.21031,0.22826,0.2462,0.26415,0.28209,0.30004,0.31427,0.32356,1.0108,0.3415,0.35357,0.36254,0.37151,0.38049,0.38946,0.39843,0.40741,0.41638,0.42535,0.98384,0.43433,0.4433,0.4467,0.44887,0.45784,0.45908,0.46341,0.47146,0.47146,0.47795,0.95692,0.48693,0.4959,0.50487,0.51384,0.52282,0.53179,0.54076,0.54974,0.55933,0.57727,0.93,0.58903,0.60079,0.61874,0.63668,0.65958,0.68495,0.7029,0.72796,0.75488,0.7818,0.90309,0.80872,0.84151,0.87493,0.90185,0.93681,0.9727,1.0086,1.0445,1.0804,1.1129,0.87617,1.1398,1.1757,1.2116,1.2453,1.2722,1.3069,1.3384,1.3663,1.4022,1.4316,0.84925,1.4585,1.4854,1.5123,1.5392,1.5643,1.5822,1.6076,1.6305,1.6485,1.6664,0.82914,1.6844,1.7023,1.7202,1.7298,1.7438,1.7602,1.7691,1.7781,1.7871,1.7961,0.80779,1.805,1.8081,1.8081,1.8081,1.8081,1.8035,1.7957,1.7957,1.6373,0.78087,0.76292,0.73941,0.71465,0.69671,0.67876,0.66515,0.65525,0.6373,0.61935,1.6194,0.6045,0.59553,0.58656,0.57758,0.56861,0.55964,0.55066,0.54571,0.5451,0.53612,1.6058,0.52715,0.52096,0.52096,0.52932,0.52839,0.51941,0.51044,0.45165,0.40586,0.39689,1.5949,0.38791,0.37306,0.35759,0.34862,0.30747,0.2626,0.22269,0.21371,0.18432,0.15524,1.568,0.13729,0.11934,0.095828,0.071075,0.053129,0.019712,-0.007516,-0.025462,-0.043408,-0.080847,1.5476,-0.11643,-0.13438,-0.14366,-0.17367,-0.21111,-0.22008,-0.22906,-0.25814,-0.30827,-0.30827,1.0,1.0
0.62491,0.65931,0.60771,0.55611,0.60143,0.65535,0.70928,0.76389,0.82013,0.89358,0.95937,1.0233,1.0967,0.59937,1.1702,1.2267,1.2826,1.3389,1.3951,1.4514,1.4963,1.533,1.5697,1.6064,0.59051,1.6432,1.6799,1.7166,1.7361,1.7729,1.8096,1.8291,1.8486,1.8681,1.8977,0.57331,1.9149,1.9149,1.9149,1.9149,1.9149,1.8977,1.8853,1.8461,1.7639,1.6427,0.55611,1.5726,1.5181,1.4619,1.3937,1.3322,1.2686,1.2025,1.129,1.0728,1.0013,0.52128,0.94311,0.83527,0.76182,0.67711,0.58414,0.49118,0.39924,0.3086,0.21795,0.024535,0.48455,-0.18694,-0.26039,-0.33383,-0.40728,-0.51512,-0.58857,-0.66201,-0.73546,-0.7917,-0.84795,0.44783,-0.88785,-0.94177,-0.96129,-0.99191,-1.0091,-1.0199,-1.0263,-1.0263,-1.0263,-1.0263,0.41111,-1.0263,-1.0091,-1.0091,-0.99699,-0.97746,-0.95794,-0.93842,-0.90591,-0.88217,-0.82825,0.37439,-0.79153,-0.75481,-0.70226,-0.66416,-0.62417,-0.57352,-0.52888,-0.48287,-0.42895,-0.37503,0.65931,0.33766,-0.3211,-0.26486,-0.20861,-0.13517,-0.061724,0.000111,0.067965,0.15861,0.23206,0.3055,0.30094,0.38497,0.46959,0.59464,0.71968,0.84283,0.96977,1.0515,1.1733,1.3007,1.4034,0.24754,1.5159,1.5996,1.6736,1.7429,1.7642,1.7773,1.7858,1.7429,1.7123,1.6598,0.1931,1.6217,1.5677,1.52,1.4255,1.3442,1.2536,1.1457,1.0551,0.92557,0.80852,0.15637,0.68339,0.5709,0.45841,0.34257,0.23343,0.12481,0.032877,-0.074968,-0.17456,-0.27346,0.10245,-0.3512,-0.57713,-0.6486,-0.71937,-0.7561,-0.79282,-0.82954,-0.86626,-0.90299,-0.93971,0.056957,-0.95923,-0.97875,-0.99828,-1.0178,-1.0373,-1.074,-1.0951,-1.1295,-1.1467,-1.1639,0.011807,-1.1717,-1.1811,-1.1811,-1.1639,-1.1469,-1.1446,-1.1123,-1.0951,-1.0779,-1.0607,-0.042116,-1.0298,-1.0102,-0.97351,-0.93678,-0.90006,-0.86334,-0.82662,-0.77269,-0.72084,-0.66485,-0.11178,-0.60835,-0.5521,-0.47866,-0.40521,-0.33177,-0.25832,-0.18488,-0.11143,-0.020788,0.052657,0.65931,-0.15082,0.1433,0.21675,0.30739,0.39804,0.48868,0.58234,0.6753,0.76827,0.87844,0.97631,-0.20707,1.0816,1.26,1.4223,1.5325,1.6359,1.7266,1.7887,1.8254,1.8289,1.7934,-0.26331,1.7567,1.7028,1.6408,1.5569,1.4767,1.386,1.278,1.1678,1.0577,0.94036,-0.31956,0.82959,0.69818,0.53719,0.37078,0.16996,-0.00978,-0.15667,-0.27784,-0.38801,-0.48098,-0.393,-0.55847,-0.63793,-0.87736,-0.9508,-1.0167,-1.0706,-1.1073,-1.1586,-1.198,-1.2175,-0.46644,-1.2542,-1.2737,-1.3015,-1.3128,-1.3323,-1.3359,-1.3703,-1.3737,-1.3932,-1.4047,-0.53989,-1.4219,-1.4219,-1.4219,-1.4218,-1.4047,-1.4047,-1.4047,-1.4047,-1.4047,-1.4047,-0.63053,-1.3884,-1.3875,-1.3837,-1.3703,-1.3447,-1.308,-1.2712,-1.2345,-1.1973,-1.1439,-0.70398,-1.102,-1.0457,-0.9895,-0.93326,-0.87701,-0.82077,-0.76452,-0.70828,-0.65204,-0.58745,-0.77742,-0.53353,-0.4796,-0.42568,-0.37176,-0.3383,-0.31551,-0.2867,-0.2695,0.64211,-0.84399,-0.88991,-0.93463,-0.95751,-0.99088,-1.0104,-1.0263,-1.0263,-1.0346,-1.0329,0.64211,-1.0263,-1.0263,-1.0091,-0.99191,-0.98692,-0.95751,-0.93068,-0.90591,-0.88871,-0.85491,0.64211,-0.81991,-0.79867,-0.76194,-0.74242,-0.7229,-0.68618,-0.66511,-0.63071,-0.61351,-0.59089,0.64211,-0.57137,-0.53464,-0.51031,-0.4784,-0.44168,-0.42215,-0.38543,-0.34871,-0.31199,-0.27526,0.62491,-0.23854,-0.20182,-0.1651,-0.12837,-0.091652,-0.05493,-0.035408,0.001315,0.038037,0.074502,0.62121,0.094282,0.131,0.16773,0.22165,0.25837,0.29509,0.34902,0.40294,0.45686,0.49986,2.0,0.0
-0.70422,-0.71801,-0.7087,-1.1075,-1.1855,-1.2372,-1.2682,-1.339,-1.3696,-1.4202,-1.4962,-1.5416,-1.6102,-0.70422,-1.6397,-1.6691,-1.7294,-1.7831,-1.8509,-1.8971,-1.9151,-1.9917,-2.0002,-1.9984,-0.70422,-1.9437,-1.929,-1.9175,-1.9091,-1.8848,-1.8701,-1.8554,-1.8328,-1.8033,-1.7836,-0.69212,-1.7582,-1.7288,-1.6994,-1.6699,-1.6543,-1.6249,-1.5954,-1.566,-1.5365,-1.5071,-0.69043,-1.4777,-1.4482,-1.4188,-1.3804,-1.3461,-1.3167,-1.2755,-1.2441,-1.2146,-1.1714,-0.69026,-1.142,-1.1099,-1.0693,-1.0354,-0.9912,-0.95342,-0.91668,-0.88076,-0.85133,-0.81179,-0.67665,-0.77867,-0.74923,-0.7198,-0.67658,-0.64714,-0.61581,-0.57448,-0.54505,-0.51561,-0.4918,-0.67665,-0.47053,-0.44857,-0.43385,-0.41914,-0.40442,-0.3897,-0.37498,-0.36027,-0.34555,-0.33197,-0.67368,-0.3299,-0.31518,-0.30046,-0.28575,-0.27103,-0.26303,-0.25538,-0.24066,-0.23546,-0.22501,-0.66286,-0.2103,-0.19558,-0.18086,-0.16614,-0.15143,-0.13447,-0.1082,-0.093486,-0.073736,-0.050264,-0.71801,-0.66286,-0.028652,0.000783,0.030219,0.049969,0.085918,0.11852,0.14796,0.1908,0.22117,0.26384,-0.6571,0.29569,0.3365,0.37021,0.40916,0.44473,0.48181,0.51925,0.5634,0.5977,0.62713,-0.64907,0.66829,0.69979,0.7428,0.77317,0.81732,0.85889,0.89184,0.93155,0.96636,1.0042,-0.64907,1.0409,1.0769,1.1063,1.1357,1.1652,1.1946,1.224,1.2535,1.2829,1.3123,-0.64907,1.3418,1.3712,1.396,1.4163,1.4457,1.4678,1.4908,1.511,1.5359,1.5542,-0.64907,1.581,1.5974,1.6259,1.6417,1.6692,1.6839,1.6986,1.7133,1.728,1.7427,-0.64907,1.7575,1.7722,1.7869,1.8016,1.8163,1.8311,1.8326,1.8464,1.8476,1.8624,-0.64907,1.874,1.874,1.869,1.8602,1.8534,1.8464,1.8377,1.823,1.8083,1.7936,-0.64907,1.7788,1.7641,1.7489,1.7209,1.7038,1.6744,1.645,1.6155,1.5861,1.5567,-0.64907,1.5272,1.4978,1.4684,1.4389,1.4095,1.38,1.3236,1.2798,1.2504,1.2209,-0.7208,-0.64907,1.1881,1.1483,1.1188,1.0894,1.06,1.0224,0.98732,0.95788,0.91756,0.88523,-0.6478,0.84304,0.79888,0.76686,0.69679,0.65533,0.62227,0.58267,0.54775,0.51001,0.48057,-0.63528,0.45114,0.43091,0.40605,0.38768,0.37297,0.35825,0.35725,0.32881,0.31409,0.30224,-0.63528,0.30224,0.30696,0.31602,0.31602,0.31602,0.31602,0.31602,0.31602,0.31602,0.31602,-0.63122,0.31602,0.31602,0.31602,0.31602,0.31602,0.31602,0.32092,0.32981,0.32981,0.32981,-0.6215,0.3212,0.31602,0.31602,0.31602,0.31602,0.31602,0.31602,0.31602,0.31602,0.31602,-0.6215,0.31602,0.31602,0.31602,0.31602,0.31602,0.31602,0.31602,0.31602,0.31602,0.31602,-0.6215,0.31602,0.31602,0.31602,0.31358,0.30224,0.29793,0.28845,0.28845,0.28135,0.27466,-0.61371,0.27466,0.27466,0.27466,0.27466,0.26198,0.26088,0.26088,0.26088,0.26088,0.26088,-0.60771,0.26088,0.26088,0.26722,0.27466,0.27466,0.2838,0.29852,0.30224,-0.72807,-0.60771,-0.59713,-0.59392,-0.59392,-0.58055,-0.58014,-0.58014,-0.57776,-0.56635,-0.56635,-0.71801,-0.56635,-0.56025,-0.55256,-0.55256,-0.55256,-0.54274,-0.53877,-0.53877,-0.53877,-0.53877,-0.71801,-0.53877,-0.53715,-0.52499,-0.52499,-0.52499,-0.52499,-0.52499,-0.51778,-0.5112,-0.5112,-0.71801,-0.5112,-0.50027,-0.49741,-0.49741,-0.4837,-0.48363,-0.48363,-0.4809,-0.46984,-0.46525,-0.71801,-0.45605,-0.44961,-0.44227,-0.44227,-0.44227,-0.44227,-0.45336,-0.45605,-0.48197,-0.56645,-0.71801,-0.58117,-0.60375,-0.66865,-0.69426,-0.73276,-0.81538,-0.86911,-0.92874,-0.98313,-1.0502,4.0,4.0
-0.32561,-0.35826,-0.3819,-1.4327,-1.4,-1.3704,-1.3486,-1.3208,-1.2882,-1.2555,-1.2229,-1.1902,-1.1576,-0.37477,-1.1249,-1.0994,-1.0777,-1.0458,-1.0154,-0.99359,-0.96657,-0.93392,-0.90953,-0.88777,-0.36389,-0.866,-0.84424,-0.82247,-0.8007,-0.77894,-0.74779,-0.71814,-0.70726,-0.69188,-0.67011,-0.36314,-0.64834,-0.62658,-0.60481,-0.58567,-0.57479,-0.55828,-0.53651,-0.52338,-0.51175,-0.48998,-0.36314,-0.47197,-0.46109,-0.4502,-0.43932,-0.42844,-0.41755,-0.40667,-0.39091,-0.36914,-0.36314,-0.36314,-0.36314,-0.35226,-0.34137,-0.33049,-0.31961,-0.30873,-0.29784,-0.28809,-0.28809,-0.28396,-0.36314,-0.27308,-0.26219,-0.25131,-0.25056,-0.24831,-0.23743,-0.22654,-0.21566,-0.21303,-0.21266,-0.36314,-0.20177,-0.19089,-0.18001,-0.16913,-0.15824,-0.14736,-0.13648,-0.1256,-0.11471,-0.10383,-0.36314,-0.085442,-0.063676,-0.052418,-0.038908,-0.017143,0.004623,0.026389,0.056785,0.088683,0.11045,-0.36352,0.13221,0.15398,0.1825,0.21515,0.2478,0.27857,0.30033,0.32698,0.35963,0.39228,-0.3819,-0.3744,0.42492,0.44669,0.47146,0.50411,0.53075,0.55252,0.58329,0.61481,0.63658,0.66247,-0.3819,0.69512,0.72064,0.7424,0.7743,0.80695,0.8396,0.87224,0.90489,0.93754,0.97019,-0.3819,1.0028,1.0355,1.0681,1.1072,1.1507,1.1848,1.2175,1.2501,1.2828,1.3154,-0.3819,1.3406,1.3623,1.3946,1.4246,1.4464,1.4682,1.4899,1.5203,1.5522,1.574,-0.3819,1.5958,1.6175,1.6393,1.6611,1.6731,1.6858,1.7076,1.7245,1.7354,1.7462,-0.39129,1.7571,1.768,1.7759,1.7759,1.7819,1.7928,1.7947,1.7935,1.7826,1.7718,-0.40067,1.7609,1.75,1.7391,1.7282,1.7173,1.7065,1.6956,1.6847,1.6738,1.6626,-0.40067,1.6408,1.6224,1.6115,1.5943,1.5725,1.5507,1.5305,1.5196,1.5042,1.4824,-0.40517,1.4532,1.4205,1.3984,1.3766,1.3548,1.3274,1.2948,1.2708,1.2483,1.2156,-0.41605,1.183,1.1503,1.1177,1.085,1.0524,1.0197,0.98708,0.95443,0.92178,0.89701,-0.3819,-0.41943,0.87525,0.8426,0.80995,0.7773,0.74465,0.712,0.67936,0.64671,0.61406,0.58141,-0.41943,0.54876,0.51611,0.48347,0.45082,0.42042,0.39866,0.37689,0.35512,0.3251,0.2932,-0.41943,0.28232,0.26806,0.2463,0.22453,0.20276,0.19038,0.178,0.15623,0.13897,0.12809,-0.42206,0.1172,0.10632,0.095438,0.084555,0.073672,0.068419,0.068419,0.068419,0.068419,0.068419,-0.43294,0.068419,0.068419,0.068419,0.068419,0.068419,0.068419,0.068419,0.068419,0.068419,0.076299,-0.44382,0.087182,0.087182,0.090184,0.10107,0.10595,0.10595,0.10595,0.10707,0.11795,0.12471,-0.45471,0.12471,0.13184,0.14272,0.14347,0.14572,0.15661,0.16224,0.16224,0.17049,0.181,-0.50874,0.181,0.18438,0.19526,0.19976,0.19976,0.19976,0.19976,0.19976,0.19976,0.19976,-0.57104,0.19976,0.19976,0.19976,0.19976,0.19976,0.19976,0.19976,0.19976,0.19976,0.19976,-0.5928,0.20352,0.2144,0.22528,0.23616,0.24705,0.25605,0.25605,0.26093,-0.3819,-0.63333,-0.70951,-0.78569,-0.86187,-0.88927,-0.91291,-0.94556,-0.97821,-1.0109,-1.0671,-0.3819,-1.1324,-1.1651,-1.2097,-1.2859,-1.3381,-1.3707,-1.4034,-1.4394,-1.5047,-1.5576,-0.3819,-1.5903,-1.6158,-1.6376,-1.6695,-1.7066,-1.761,-1.7997,-1.8214,-1.8762,-1.9411,-0.3819,-1.9956,-2.0263,-2.0046,-1.9892,-1.9783,-1.958,-1.9378,-1.9269,-1.916,-1.9051,-0.3819,-1.8867,-1.865,-1.8537,-1.8402,-1.8184,-1.8023,-1.7914,-1.7719,-1.7501,-1.7284,-0.3819,-1.7066,-1.6848,-1.6631,-1.6413,-1.6098,-1.579,-1.5572,-1.5306,-1.498,-1.4653,4.0,4.0
-2.0293,-1.9574,-1.7812,-0.6276,-0.6276,-0.6276,-0.61737,-0.61737,-0.6276,-0.6276,-0.6276,-0.6276,-0.6276,-1.7605,-0.63527,-0.63783,-0.63783,-0.64806,-0.65676,-0.65829,-0.66852,-0.67876,-0.69871,-0.70919,-1.7398,-0.71968,-0.7404,-0.75089,-0.77084,-0.78209,-0.80281,-0.82353,-0.84425,-0.86497,-0.89489,-1.719,-0.93454,-0.94477,-0.9417,-0.93122,-0.92431,-0.91408,-0.90385,-0.89362,-0.87878,-0.86292,-1.6983,-0.84757,-0.82686,-0.81176,-0.79565,-0.77493,-0.76061,-0.73349,-0.62402,-0.59997,-0.56902,-1.6776,-0.53807,-0.50712,-0.4864,-0.45545,-0.43473,-0.40378,-0.38307,-0.35212,-0.32168,-0.30045,-1.6569,-0.2695,-0.23855,-0.21732,-0.18688,-0.16514,-0.13521,-0.10426,-0.081749,-0.050544,-0.02164,-1.6464,-0.000921,0.019798,0.040516,0.061235,0.071722,0.08221,0.092697,0.10318,0.10907,0.1193,-1.6257,0.12441,0.12953,0.13976,0.14999,0.15613,0.16022,0.16687,0.17046,0.17762,0.18069,-1.6152,0.18069,0.18069,0.19092,0.19092,0.19092,0.19092,0.20115,0.20115,0.20115,0.20115,-1.9372,-1.5996,0.21138,0.21138,0.21138,0.21138,0.21138,0.21138,0.21138,0.20959,0.1991,0.18862,-1.5894,0.1679,0.14999,0.12953,0.11265,0.085023,0.056631,0.023123,-0.007827,-0.03315,-0.059496,-1.5791,-0.090446,-0.16232,-0.1943,-0.21399,-0.22448,-0.22857,-0.22857,-0.22857,-0.22857,-0.22857,-1.5689,-0.21834,-0.21041,-0.19992,-0.18944,-0.16872,-0.14928,-0.13649,-0.10656,-0.085842,-0.055148,-1.5689,-0.01371,0.00752,0.048702,0.07914,0.2124,0.23312,0.25538,0.28479,0.30551,0.32853,-1.5625,0.35718,0.3779,0.39862,0.42957,0.45029,0.47101,0.50196,0.52267,0.54339,0.56411,-1.5587,0.58483,0.60555,0.62627,0.64699,0.6677,0.68842,0.70914,0.72986,0.75058,0.7713,-1.5484,0.78434,0.8025,0.82322,0.84394,0.86466,0.87643,0.89587,0.90635,0.91684,0.92758,-1.5484,0.93782,0.95828,0.96851,0.97874,0.98897,0.9992,1.0094,1.0197,1.0299,1.0299,-1.5382,1.0401,1.0401,1.0504,1.0504,1.0504,1.0504,1.0504,1.0401,1.0355,1.025,-1.9262,-1.528,0.9992,0.968,0.93679,0.89535,0.85392,0.79585,0.75723,0.70224,0.65031,0.58816,-1.5177,0.5439,0.48431,0.43238,0.3889,0.35769,0.32521,0.3137,0.30423,0.3137,0.32367,-1.4993,0.35462,0.37534,0.4068,0.44824,0.50093,0.55286,0.59455,0.64468,0.68612,0.71733,-1.4888,0.75621,0.78997,0.83141,0.87285,0.90047,0.96595,1.0442,1.0606,1.0754,1.0913,-1.4768,1.1066,1.1171,1.1378,1.1483,1.169,1.1834,1.2003,1.221,1.2315,1.2522,-1.4576,1.2729,1.2936,1.3061,1.3248,1.3455,1.3663,1.387,1.4077,1.4284,1.4491,-1.4369,1.4699,1.4906,1.5011,1.521,1.5323,1.553,1.5722,1.5842,1.6049,1.6256,-1.4162,1.6463,1.6671,1.6847,1.6983,1.7154,1.7295,1.74,1.7563,1.7666,1.7768,-1.3955,1.7819,1.787,1.7973,1.7973,1.8075,1.8075,1.8075,1.8177,1.8177,1.8251,-1.3748,1.828,1.8382,1.8484,1.8586,1.8776,1.8983,1.919,1.9397,-1.9055,-1.354,-1.3333,-1.3228,-1.3021,-1.2824,-1.2709,-1.2502,-1.2397,-1.219,-1.2085,-1.8848,-1.1878,-1.1671,-1.1463,-1.1256,-1.1049,-1.0842,-1.0635,-1.0427,-1.022,-1.0013,-1.8641,-0.98058,-0.9701,-0.94938,-0.92866,-0.91817,-0.89745,-0.88697,-0.86625,-0.85576,-0.84246,-1.8434,-0.83223,-0.81407,-0.80358,-0.79309,-0.7826,-0.77212,-0.77084,-0.76061,-0.75038,-0.74014,-1.8226,-0.72991,-0.71968,-0.71917,-0.70868,-0.69922,-0.68899,-0.67876,-0.67696,-0.66852,-0.65829,-1.8019,-0.65573,-0.64806,-0.64499,-0.63783,-0.63783,-0.63399,-0.6276,-0.6276,-0.6276,-0.6276,5.0,5.0
2.0974,2.0086,1.7991,-0.26211,-0.26846,-0.28103,-0.31275,-0.34136,-0.36673,-0.40146,-0.43952,-0.44642,-0.45276,1.7737,-0.45911,-0.46846,-0.48114,-0.48927,-0.49561,-0.50808,-0.52077,-0.53345,-0.54614,-0.55883,1.7483,-0.57152,-0.5842,-0.59689,-0.6108,-0.62984,-0.64887,-0.6679,-0.68259,-0.69528,-0.71976,1.7184,-0.74403,-0.76306,-0.78209,-0.80112,-0.82438,-0.84976,-0.86935,-0.88938,-0.91475,-0.94013,1.6867,-0.96551,-0.99088,-1.0163,-1.036,-1.0559,-1.0813,-1.1066,-1.132,-1.1534,-1.1724,1.655,-1.1914,-1.2112,-1.2366,-1.2597,-1.2787,-1.2938,-1.3065,-1.3247,-1.3437,-1.3627,1.6219,-1.3795,-1.3922,-1.4049,-1.4176,-1.4303,-1.4424,-1.4488,-1.4551,-1.4614,-1.4715,1.5838,-1.4841,-1.4864,-1.4868,-1.4932,-1.4995,-1.5058,-1.5086,-1.5086,-1.5086,-1.509,1.5487,-1.5153,-1.5198,-1.5198,-1.5198,-1.5198,-1.5198,-1.5195,-1.5132,-1.5086,-1.5086,1.517,-1.5053,-1.4989,-1.4877,-1.4751,-1.4688,-1.4591,-1.4401,-1.421,-1.402,-1.383,1.9384,1.4808,-1.3639,-1.3386,-1.3132,-1.2878,-1.2624,-1.2371,-1.2117,-1.1863,-1.1547,-1.1244,1.4427,-1.0991,-1.0737,-1.0483,-1.0275,-1.0085,-0.98331,-0.95927,-0.94024,-0.92121,-0.90218,1.4047,-0.88315,-0.86411,-0.84508,-0.82605,-0.80702,-0.78799,-0.76896,-0.74992,-0.73089,-0.71186,1.3666,-0.69283,-0.6738,-0.65477,-0.63573,-0.6167,-0.59767,-0.57864,-0.55961,-0.54058,-0.52154,1.3285,-0.50251,-0.4876,-0.47491,-0.45655,-0.43841,-0.42572,-0.41303,-0.40034,-0.38766,-0.37497,1.2933,-0.36228,-0.34959,-0.3369,-0.32655,-0.32021,-0.30997,-0.29728,-0.29005,-0.2837,-0.27736,1.2615,-0.27102,-0.26467,-0.25833,-0.25199,-0.24564,-0.23985,-0.23985,-0.23774,-0.2314,-0.22872,1.2298,-0.22872,-0.22349,-0.21715,-0.21081,-0.20446,-0.19812,-0.19177,-0.18543,-0.17909,-0.17274,1.1981,-0.1664,-0.15816,-0.14548,-0.13624,-0.12989,-0.11854,-0.10608,-0.099732,-0.091608,-0.07892,1.1664,-0.066232,-0.053544,-0.045754,-0.039298,-0.026611,-0.013923,-0.001235,0.008225,0.014569,0.025699,1.9257,1.1358,0.038386,0.04473,0.052632,0.06532,0.074891,0.081235,0.087579,0.093923,0.10027,0.10661,1.1104,0.11295,0.11629,0.11629,0.12086,0.1272,0.13354,0.13855,0.13855,0.14145,0.14779,1.0717,0.14968,0.14968,0.15569,0.16204,0.16838,0.17472,0.18107,0.18741,0.19376,0.2001,1.0146,0.20756,0.22024,0.23293,0.24562,0.25831,0.271,0.28947,0.3085,0.32753,0.34913,0.97862,0.3745,0.39988,0.42525,0.4563,0.48802,0.51974,0.55391,0.59197,0.63004,0.6681,0.95324,0.71173,0.75614,0.80054,0.84495,0.88936,0.93376,0.97817,1.028,1.0788,1.1295,0.90472,1.1781,1.2225,1.2669,1.3113,1.3557,1.4001,1.4445,1.4868,1.5249,1.5629,0.85897,1.601,1.6338,1.6655,1.6973,1.727,1.7523,1.7777,1.8031,1.8285,1.8532,0.83994,1.8659,1.8804,1.8995,1.9151,1.9278,1.9354,1.9418,1.9481,1.9545,1.9608,0.81835,1.9605,1.9541,1.9478,1.9414,1.9351,1.9271,1.9144,1.8985,1.9131,0.79297,0.7676,0.74222,0.69414,0.64784,0.62881,0.60978,0.59075,0.55569,0.51128,1.9004,0.48914,0.4701,0.45107,0.42737,0.39565,0.37172,0.35269,0.33911,0.32442,0.2927,1.883,0.26543,0.2464,0.23115,0.21846,0.18975,0.15859,0.13321,0.11418,0.10784,0.10516,1.864,0.10516,0.099933,0.092699,0.073667,0.058642,0.052298,0.045954,0.039611,0.023027,0.004997,1.8449,0.004997,-0.000679,-0.01971,-0.031842,-0.038185,-0.049538,-0.062003,-0.068347,-0.074691,-0.081035,1.8245,-0.094056,-0.11309,-0.13702,-0.16206,-0.1684,-0.18142,-0.21314,-0.23195,-0.2383,-0.24943,1.0,1.0
0.5159,0.53665,0.5574,-0.2624,-0.21482,-0.1551,-0.091071,-0.027043,0.036984,0.10101,0.18579,0.26207,0.33735,0.5574,0.41939,0.50417,0.58397,0.67373,0.7553,0.8433,0.92663,1.0019,1.0772,1.1617,0.5574,1.2465,1.3105,1.3953,1.4593,1.5289,1.6081,1.6721,1.7362,1.8209,1.885,0.5574,1.949,1.9923,2.0563,2.0996,2.1492,2.1812,2.2132,2.2452,2.2772,2.3092,0.5574,2.3018,2.2698,2.2378,2.1938,2.1505,2.1002,2.039,1.9584,1.8676,1.7716,0.5574,1.6678,1.5588,1.442,1.3252,1.2178,1.0916,0.98246,0.87516,0.76194,0.66055,0.5574,0.5325,0.43231,0.3179,0.2106,0.10267,0.006631,-0.089411,-0.18545,-0.28149,-0.36337,0.5574,-0.45282,-0.53294,-0.6034,-0.68175,-0.75397,-0.83056,-0.89458,-0.95861,-1.0226,-1.0844,0.5574,-1.1299,-1.1732,-1.222,-1.254,-1.286,-1.318,-1.3125,-1.2805,-1.2484,-1.2164,0.5574,-1.1844,-1.1524,-1.1171,-1.0676,-1.0356,-0.98725,-0.94398,-0.89806,-0.83668,-0.77265,0.53841,0.5574,-0.70862,-0.64459,-0.58057,-0.51654,-0.43861,-0.36773,-0.3037,-0.2335,-0.15489,-0.082925,0.5574,-0.006081,0.057947,0.14273,0.20676,0.27078,0.33481,0.39884,0.46287,0.50614,0.57017,0.538,0.62693,0.67747,0.73247,0.78477,0.83801,0.89077,0.92279,0.97556,1.0076,1.0396,0.53665,1.0716,1.1036,1.1356,1.1676,1.1997,1.1907,1.1587,1.1266,1.0946,1.049,0.53665,1.0057,0.95709,0.8984,0.83437,0.77035,0.70632,0.64229,0.55756,0.48227,0.40699,0.53665,0.31094,0.2149,0.11886,-0.039444,-0.13549,-0.23153,-0.32757,-0.42361,-0.51965,-0.61569,0.53665,-0.71174,-0.80778,-0.90382,-0.9858,-1.0751,-1.1554,-1.2401,-1.3042,-1.3682,-1.4322,0.53665,-1.4963,-1.5603,-1.6243,-1.6862,-1.7316,-1.7918,-1.8389,-1.8765,-1.9085,-1.9406,0.53665,-1.9352,-1.9124,-1.8919,-1.8599,-1.8265,-1.7751,-1.7399,-1.6904,-1.6376,-1.5893,0.52145,-1.5321,-1.482,-1.418,-1.354,-1.29,-1.2259,-1.1619,-1.0771,-0.99929,-0.924,0.54438,0.5159,-0.84353,-0.75267,-0.67396,-0.58918,-0.50606,-0.41962,-0.33473,-0.25005,-0.1634,-0.067359,0.49893,0.007928,0.10397,0.19462,0.2753,0.36418,0.44663,0.51299,0.57702,0.64105,0.70507,0.48767,0.7691,0.81237,0.8764,0.91968,0.96772,1.0062,1.0525,1.0845,1.1165,1.1485,0.47439,1.1806,1.2126,1.2446,1.2631,1.2798,1.2478,1.2157,1.1837,1.1517,1.1197,0.4444,1.0669,1.0143,0.95029,0.88626,0.82223,0.73745,0.65879,0.5835,0.50386,0.43983,0.41238,0.35764,0.29102,0.24692,0.18372,0.12063,0.039838,-0.052571,-0.13466,-0.17793,-0.24196,0.38037,-0.27278,-0.27278,-0.28077,-0.29353,-0.29353,-0.31429,-0.31429,-0.31631,-0.33504,-0.33504,0.34685,-0.33504,-0.33504,-0.33504,-0.33504,-0.33504,-0.33504,-0.35538,-0.3558,-0.3558,-0.3558,0.29559,-0.35891,-0.37655,-0.37655,-0.37655,-0.3973,-0.3973,-0.3973,-0.3973,-0.40747,-0.41806,0.2603,-0.41806,-0.41806,-0.41806,-0.41806,-0.43352,-0.43881,-0.43881,-0.44654,0.5574,0.2108,0.15804,0.10973,0.045701,-0.018326,-0.10311,-0.16714,-0.25192,-0.31678,-0.40073,0.5574,-0.46735,-0.54954,-0.61357,-0.67759,-0.76238,-0.8264,-0.89043,-0.95446,-0.99773,-1.0409,0.5574,-1.0729,-1.1049,-1.1369,-1.1689,-1.2009,-1.2384,-1.2857,-1.3177,-1.3497,-1.3728,0.5574,-1.393,-1.425,-1.4338,-1.4143,-1.3905,-1.3585,-1.3265,-1.3105,-1.2832,-1.2512,0.5574,-1.2192,-1.1872,-1.1344,-1.1018,-1.0378,-0.99452,-0.94408,-0.89131,-0.84394,-0.80067,0.5574,-0.75376,-0.701,-0.66898,-0.61621,-0.56355,-0.51068,-0.45791,-0.41297,-0.3697,-0.30567,0.0,0.0
1.6288,1.5817,1.4215,-0.9588,-0.98705,-1.0153,-1.0461,-1.0821,-1.1103,-1.1385,-1.1668,-1.195,-1.2233,1.4114,-1.2448,-1.2637,-1.2825,-1.3013,-1.317,-1.3287,-1.3475,-1.3663,-1.3852,-1.3949,1.3926,-1.4125,-1.4314,-1.4437,-1.4587,-1.4728,-1.4822,-1.4946,-1.5114,-1.5208,-1.5305,1.3369,-1.5494,-1.5593,-1.5767,-1.5884,-1.6041,-1.6175,-1.627,-1.6364,-1.6458,-1.6552,1.3138,-1.6636,-1.6637,-1.6732,-1.6826,-1.6763,-1.6669,-1.6575,-1.6481,-1.6387,-1.6293,1.2651,-1.6199,-1.6087,-1.5899,-1.5711,-1.5523,-1.5419,-1.5249,-1.5061,-1.4872,-1.4634,1.2415,-1.4393,-1.4172,-1.3913,-1.371,-1.3434,-1.3246,-1.2966,-1.2683,-1.2475,-1.2221,1.1979,-1.1996,-1.1759,-1.1516,-1.1298,-1.1037,-1.0848,-1.066,-1.0472,-1.0284,-1.0095,1.1561,-0.9907,-0.97187,-0.95304,-0.93879,-0.92567,-0.90968,-0.89831,-0.88056,-0.87094,-0.85211,1.1215,-0.84203,-0.82474,-0.81291,-0.8035,-0.78883,-0.77438,-0.76496,-0.75293,-0.73585,-0.72556,1.5688,1.0742,-0.70673,-0.69732,-0.6879,-0.67849,-0.66228,-0.64937,-0.63996,-0.62638,-0.61084,-0.60143,1.0394,-0.59201,-0.5826,-0.57318,-0.56377,-0.55435,-0.53748,-0.52524,-0.51582,-0.50641,-0.50096,0.9869,-0.49787,-0.48846,-0.47904,-0.46963,-0.46021,-0.4508,-0.44138,-0.43197,-0.42256,-0.41314,0.9568,-0.3991,-0.38402,-0.37173,-0.35491,-0.34436,-0.32579,-0.31638,-0.29817,-0.28726,-0.2708,0.8909,-0.25814,-0.24343,-0.22903,-0.21606,-0.19723,-0.18021,-0.16987,-0.15104,-0.13221,-0.12197,0.87002,-0.10484,-0.092854,-0.077472,-0.063737,-0.054323,-0.044909,-0.033025,-0.015792,-0.006377,0.003037,0.8268,0.012451,0.021865,0.03879,0.050982,0.060396,0.064924,0.068936,0.07835,0.085501,0.08689,0.79424,0.096304,0.10572,0.11513,0.12455,0.13396,0.14338,0.14723,0.15191,0.16133,0.17074,0.77238,0.18016,0.18957,0.19899,0.2084,0.21781,0.22723,0.23664,0.25228,0.26576,0.27965,0.73153,0.29488,0.30702,0.32585,0.3437,0.35321,0.37204,0.39087,0.40193,0.41824,0.43707,1.5594,0.69356,0.45075,0.46443,0.48326,0.50209,0.51927,0.52946,0.54829,0.56712,0.58594,0.60477,0.67098,0.6236,0.63662,0.65097,0.6698,0.68863,0.70745,0.72484,0.73482,0.75365,0.77248,0.63698,0.79131,0.81014,0.82248,0.8375,0.85633,0.87516,0.89101,0.90253,0.92136,0.93983,0.58991,0.94924,0.96755,0.99441,1.0155,1.0281,1.0429,1.0572,1.0702,1.0863,1.0976,0.54623,1.1154,1.125,1.1438,1.1539,1.1633,1.1797,1.1925,1.2019,1.2156,1.231,0.5274,1.243,1.2601,1.2695,1.2789,1.2977,1.3081,1.3175,1.3336,1.3466,1.356,0.50857,1.3654,1.3781,1.3945,1.4039,1.4134,1.4228,1.4322,1.4416,1.451,1.4604,0.48974,1.4698,1.4793,1.4848,1.4878,1.4972,1.5066,1.516,1.5255,1.5349,1.5443,0.47092,1.5537,1.5631,1.5725,1.5819,1.5914,1.6008,1.6102,1.6196,1.629,1.6384,0.43094,1.6478,1.6573,1.6667,1.6761,1.6803,1.6846,1.694,1.7008,1.55,0.40857,0.37796,0.34858,0.33917,0.31905,0.27198,0.22677,0.19863,0.18921,0.18839,1.5406,0.15752,0.14039,0.12501,0.090903,0.060705,0.051291,0.041877,0.029273,0.002471,-0.006943,1.5312,-0.016357,-0.050928,-0.073563,-0.085755,-0.10669,-0.12516,-0.1426,-0.16457,-0.1853,-0.23901,1.5218,-0.2746,-0.2746,-0.2746,-0.28278,-0.32142,-0.35563,-0.37276,-0.38217,-0.39539,-0.41422,1.5025,-0.43305,-0.45188,-0.47102,-0.49926,-0.51865,-0.54545,-0.5737,-0.60194,-0.63018,-0.65395,1.4624,-0.67638,-0.70735,-0.74315,-0.7714,-0.79964,-0.82788,-0.84748,-0.87408,-0.90232,-0.93056,1.0,1.0
1.7912,1.7318,1.4701,-0.50118,-0.52124,-0.54595,-0.56293,-0.5799,-0.60148,-0.62694,-0.65241,-0.67787,-0.70334,1.4531,-0.7288,-0.75573,-0.78968,-0.81601,-0.84677,-0.87775,-0.90387,-0.93782,-0.97178,-1.0012,1.4361,-1.0289,-1.0628,-1.0968,-1.1247,-1.1539,-1.1865,-1.2119,-1.2449,-1.2737,-1.2991,1.4192,-1.3246,-1.3501,-1.3755,-1.3966,-1.4157,-1.4411,-1.4584,-1.4754,-1.4923,-1.5093,1.4022,-1.5263,-1.5433,-1.5552,-1.5636,-1.5726,-1.5895,-1.5999,-1.6084,-1.615,-1.615,1.3768,-1.6231,-1.6258,-1.6292,-1.6366,-1.6366,-1.6366,-1.6366,-1.6366,-1.6366,-1.6366,1.3574,-1.6301,-1.6258,-1.6239,-1.6154,-1.615,-1.615,-1.6116,-1.6041,-1.6041,-1.5969,1.3367,-1.5933,-1.5908,-1.5823,-1.5738,-1.5653,-1.5568,-1.5483,-1.5399,-1.5314,-1.5173,1.3112,-1.5003,-1.4843,-1.4758,-1.4602,-1.4432,-1.4263,-1.4093,-1.3923,-1.3691,-1.3475,1.2858,-1.3289,-1.3035,-1.278,-1.2525,-1.2302,-1.2124,-1.187,-1.1615,-1.136,-1.1106,1.6786,1.2603,-1.0851,-1.0681,-1.045,-1.0195,-0.99405,-0.96859,-0.94312,-0.91766,-0.89219,-0.86673,1.2348,-0.84126,-0.81579,-0.79033,-0.76486,-0.7394,-0.71393,-0.69452,-0.67382,-0.64835,-0.62289,1.2094,-0.60499,-0.58277,-0.56022,-0.54265,-0.51719,-0.49848,-0.4815,-0.46452,-0.44755,-0.43057,1.1839,-0.41359,-0.39662,-0.37964,-0.36266,-0.35315,-0.34466,-0.33336,-0.31687,-0.30838,-0.29989,1.1584,-0.2914,-0.28492,-0.28492,-0.27675,-0.26826,-0.26329,-0.2621,-0.25361,-0.24512,-0.23663,1.133,-0.22815,-0.21966,-0.21117,-0.20922,-0.20501,-0.19841,-0.19841,-0.19035,-0.18187,-0.17338,1.1075,-0.16489,-0.1564,-0.14791,-0.13942,-0.13093,-0.12218,-0.1052,-0.094656,-0.082058,-0.066866,1.082,-0.058377,-0.041941,-0.024964,-0.007987,0.00899,0.025966,0.042943,0.064732,0.08771,0.10469,1.0566,0.12166,0.14497,0.16643,0.18341,0.20038,0.2252,0.24515,0.25894,0.26829,0.28527,1.0228,0.30225,0.31452,0.32539,0.34231,0.3508,0.35929,0.36777,0.37626,0.38475,0.39324,1.643,0.99484,0.40173,0.41022,0.41795,0.41795,0.42487,0.43336,0.43958,0.43958,0.43958,0.44568,0.96575,0.45039,0.45185,0.46034,0.46883,0.47201,0.47499,0.48348,0.49197,0.50045,0.50894,0.93309,0.51743,0.52592,0.53441,0.5429,0.55138,0.56122,0.5782,0.58766,0.60134,0.61832,0.90763,0.6353,0.65227,0.66925,0.69061,0.71402,0.73099,0.75619,0.77576,0.79631,0.82053,0.88216,0.8375,0.86189,0.88227,0.90201,0.92834,0.97078,0.99343,1.0147,1.0382,1.0552,0.85156,1.0803,1.0999,1.1169,1.1339,1.1509,1.1679,1.1848,1.2018,1.2188,1.2358,0.82042,1.2527,1.2697,1.2867,1.3037,1.3206,1.3376,1.3512,1.3608,1.3777,1.3875,0.79495,1.4009,1.4153,1.4238,1.4323,1.4408,1.4493,1.4578,1.4662,1.4747,1.4832,0.76949,1.4917,1.4993,1.4993,1.5064,1.5148,1.5233,1.5317,1.5317,1.538,1.5465,0.74402,1.5533,1.5533,1.5611,1.5696,1.5781,1.5866,1.5951,1.5966,1.6275,0.72288,0.70391,0.67844,0.66114,0.63832,0.61637,0.5994,0.58242,0.57279,0.55928,1.619,0.545,0.53652,0.52803,0.51954,0.51105,0.50256,0.49407,0.48559,0.4771,0.45498,1.5798,0.41254,0.3701,0.32766,0.3049,0.29381,0.27575,0.22482,0.19963,0.16621,0.12242,1.5588,0.10544,0.088467,0.07149,0.047917,0.01591,-0.001067,-0.018044,-0.044644,-0.073624,-0.090601,1.5352,-0.10758,-0.12455,-0.13753,-0.15272,-0.19517,-0.20625,-0.23128,-0.26205,-0.28578,-0.29427,1.4871,-0.3379,-0.36531,-0.37618,-0.3931,-0.40159,-0.4163,-0.43327,-0.45025,-0.46723,-0.4842,1.0,1.0
-2.1974,-2.0078,-1.7479,-0.4697,-0.45917,-0.44864,-0.43811,-0.42758,-0.41705,-0.40652,-0.39599,-0.39399,-0.38869,-1.7488,-0.37816,-0.36763,-0.3571,-0.34656,-0.33603,-0.3255,-0.31497,-0.31139,-0.30767,-0.29714,-1.7593,-0.28661,-0.27608,-0.27009,-0.26878,-0.25825,-0.24772,-0.24256,-0.24043,-0.22989,-0.22879,-1.7699,-0.2226,-0.21503,-0.21503,-0.21503,-0.21503,-0.21503,-0.21503,-0.21503,-0.21503,-0.21503,-1.7706,-0.2164,-0.22694,-0.22879,-0.23423,-0.24476,-0.25529,-0.26582,-0.27636,-0.28689,-0.29742,-1.7706,-0.30795,-0.31848,-0.32901,-0.33954,-0.35008,-0.36061,-0.37114,-0.38022,-0.38022,-0.38897,-1.7673,-0.3995,-0.41003,-0.42056,-0.42152,-0.42785,-0.43839,-0.44892,-0.45945,-0.46998,-0.48051,-1.7569,-0.49104,-0.50157,-0.51211,-0.52264,-0.53317,-0.5437,-0.54542,-0.56772,-0.60049,-0.60049,-1.7569,-0.61012,-0.62065,-0.62802,-0.62802,-0.62802,-0.62802,-0.62802,-0.62726,-0.61673,-0.6062,-1.7495,-0.59567,-0.58514,-0.5746,-0.55519,-0.53978,-0.52684,-0.50577,-0.48471,-0.46365,-0.44258,-1.9204,-1.739,-0.42152,-0.31621,-0.28386,-0.26761,-0.22632,-0.19472,-0.15501,-0.11288,-0.070756,-0.028631,-1.7284,0.004546,0.041853,0.091412,0.16513,0.19975,0.22481,0.24917,0.28077,0.31236,0.34396,-1.7179,0.37142,0.39248,0.41354,0.43461,0.45567,0.47673,0.49779,0.51886,0.53414,0.54722,-1.7074,0.56828,0.5795,0.57021,0.55926,0.56979,0.58032,0.58342,0.58762,0.59719,0.59719,-1.6919,0.59719,0.59719,0.60256,0.63415,0.6294,0.61887,0.61095,0.61095,0.60104,0.59051,-1.6725,0.57654,0.55568,0.54515,0.53462,0.52409,0.51356,0.50303,0.49249,0.47687,0.45767,-1.662,0.44713,0.4366,0.42607,0.41554,0.40501,0.3845,0.37018,0.35965,0.34912,0.33859,-1.6425,0.32806,0.31752,0.30479,0.2732,0.2416,0.2255,0.22164,0.20058,0.19796,0.19198,-1.6445,0.1842,0.1842,0.1842,0.19101,0.19796,0.19796,0.19796,0.2056,0.21173,0.2129,-1.6554,0.22343,0.23396,0.24449,0.25502,0.26556,0.28538,0.30039,0.31374,0.3348,0.34575,-1.8823,-1.6343,0.36316,0.38422,0.40528,0.42635,0.50908,0.58308,0.61467,0.64626,0.67786,0.70945,-1.6133,0.74105,0.77264,0.80423,0.83583,0.86742,0.89901,0.9408,0.97597,1.0076,1.0392,-1.5922,1.0708,1.1023,1.1339,1.1655,1.1971,1.2201,1.2465,1.276,1.2971,1.3181,-1.5712,1.333,1.3465,1.3676,1.3784,1.3959,1.4132,1.4237,1.4343,1.4369,1.4415,-1.5501,1.4507,1.4507,1.4594,1.4645,1.4645,1.4645,1.4645,1.4645,1.4645,1.4645,-1.529,1.4541,1.4507,1.4507,1.4501,1.4396,1.4369,1.4323,1.4232,1.4232,1.4144,-1.5005,1.4094,1.4071,1.3966,1.3956,1.3893,1.3819,1.3819,1.3923,1.4028,1.4133,-1.4731,1.4239,1.4344,1.4449,1.4555,1.4675,1.4886,1.5008,1.5225,1.5517,1.5728,-1.4482,1.5939,1.6213,1.6498,1.6708,1.7024,1.7339,1.7655,1.7964,1.8174,1.8466,-1.385,1.8733,1.896,1.9276,1.9503,1.9544,1.9535,1.9851,2.0167,-1.8516,-1.3549,-1.3288,-1.2972,-1.2656,-1.234,-1.1966,-1.1571,-1.1255,-1.084,-1.0418,-1.8305,-0.99971,-0.95758,-0.91546,-0.88084,-0.84924,-0.81868,-0.79762,-0.77656,-0.76059,-0.75006,-1.8094,-0.73953,-0.73815,-0.74407,-0.75191,-0.75191,-0.7619,-0.77917,-0.79672,-0.80753,-0.82859,-1.7933,-0.85723,-0.88448,-0.90665,-0.93824,-0.96984,-1.1821,-1.4917,-1.3969,-1.3575,-1.3259,-1.7811,-1.2916,-1.2494,-1.2073,-1.1652,-1.1195,-1.0672,-1.025,-0.97527,-0.90059,-0.80113,-1.76,-0.74847,-0.70428,-0.6517,-0.5905,-0.53785,-0.4759,-0.20677,-0.019751,-0.4726,-0.48024,5.0,5.0
0.62075,0.59858,0.57642,0.64291,0.71827,0.81136,0.88451,0.96652,1.053,1.1261,1.1993,1.2724,1.3455,0.57642,1.3965,1.4674,1.5206,1.5871,1.6359,1.6736,1.7113,1.7445,1.7512,1.7711,0.57642,1.7733,1.7933,1.7733,1.7667,1.6802,1.5406,1.4276,1.3278,1.2369,1.1394,0.57642,1.064,0.96652,0.86899,0.76482,0.65178,0.55425,0.44343,0.33704,0.23951,0.12204,0.57642,0.022293,-0.077449,-0.19492,-0.42544,-0.83327,-0.91972,-1.0062,-1.0882,-1.1613,-1.2345,0.57642,-1.2854,-1.3342,-1.383,-1.4251,-1.4495,-1.4628,-1.4628,-1.4628,-1.445,-1.4206,0.57642,-1.3741,-1.3253,-1.2721,-1.2056,-1.148,-1.0749,-0.98843,-0.90642,-0.81554,-0.71802,0.57642,-0.62049,-0.52296,-0.42544,-0.32791,-0.23039,-0.12178,-0.013171,0.084355,0.19961,0.30157,0.57642,0.3991,0.51879,0.61631,0.71384,0.81136,0.90889,1.0064,1.1039,1.1837,1.2569,0.57642,1.33,1.381,1.4497,1.4985,1.5384,1.5628,1.5871,1.6115,1.6182,1.6182,0.59858,0.57642,1.596,1.5694,1.5029,1.3766,1.2768,1.1527,1.0552,0.97317,0.79363,0.67394,0.5742,0.55425,0.43456,0.3326,0.2107,0.088788,-0.022037,-0.13286,-0.23925,-0.35451,-0.45647,0.54982,-0.554,-0.65817,-1.0106,-1.0771,-1.1347,-1.1968,-1.2322,-1.2721,-1.3032,-1.3276,0.52544,-1.3519,-1.3741,-1.3785,-1.3963,-1.3874,-1.3741,-1.3608,-1.3519,-1.3165,-1.2877,0.50106,-1.2633,-1.2145,-1.1613,-1.0948,-1.0372,-0.96405,-0.8909,-0.80224,-0.72245,-0.62936,0.47667,-0.53183,-0.4343,-0.33678,-0.23925,-0.14173,-0.033119,0.075489,0.17301,0.28827,0.39023,0.45229,0.48776,0.60745,0.70497,0.8025,0.90002,0.99755,1.0951,1.1771,1.268,1.3455,0.42791,1.4408,1.5184,1.627,1.6758,1.7246,1.7733,1.8088,1.8332,1.8398,1.8398,0.3858,1.8398,1.8154,1.7866,1.7379,1.6802,1.6071,1.5339,1.3987,1.2813,1.1837,0.35698,1.0862,0.96652,0.8424,0.63183,0.50992,0.38801,0.26611,0.15972,0.044458,-0.17719,0.59858,0.31044,-0.31018,-0.42987,-0.53183,-0.65374,-0.87317,-1.1303,-1.2145,-1.2877,-1.3608,-1.4339,0.25059,-1.4849,-1.5337,-1.578,-1.6024,-1.6268,-1.6512,-1.6622,-1.6622,-1.6445,-1.6201,0.10209,-1.5957,-1.5691,-1.5248,-1.4871,-1.4229,-1.363,-1.3032,-1.2389,-1.1657,-1.0926,0.046674,-1.0195,-0.94631,-0.87317,-0.80003,-0.72688,-0.66482,-0.60276,-0.54513,-0.47863,-0.42544,-0.017604,-0.35451,-0.30575,-0.25255,-0.18606,-0.14616,-0.1107,-0.061934,0.002345,0.057757,0.10652,-0.077449,0.17745,0.20183,0.23064,0.27276,0.28827,0.29935,0.31044,0.32595,0.3326,0.35255,-0.15059,0.35477,0.37693,0.37693,0.37693,0.37693,0.37693,0.37693,0.37693,0.37693,0.37693,-0.22374,0.37693,0.37693,0.37693,0.37693,0.37693,0.37693,0.37693,0.37693,0.37693,0.37693,-0.29688,0.3991,0.3991,0.3991,0.3991,0.3991,0.3991,0.3991,0.3991,0.3991,0.3991,-0.35008,0.3991,0.37472,0.35033,0.32595,0.30157,0.27719,0.25281,0.22843,0.59858,-0.42101,-0.49415,-0.56286,-0.61827,-0.68255,-0.73131,-0.79338,-0.85101,-0.89977,-0.94853,0.59858,-0.99729,-1.0461,-1.0948,-1.1436,-1.1835,-1.2189,-1.2544,-1.2788,-1.3032,-1.3276,0.59858,-1.3519,-1.3741,-1.3785,-1.3963,-1.3963,-1.3963,-1.3963,-1.3807,-1.3741,-1.3541,0.59858,-1.3298,-1.3054,-1.2766,-1.2345,-1.2012,-1.1524,-1.1037,-1.0549,-0.98843,-0.93523,0.59858,-0.88647,-0.81554,-0.76235,-0.6892,-0.61606,-0.54291,-0.46977,-0.39662,-0.32348,-0.25034,0.57863,-0.15503,-0.081882,-0.008738,0.071056,0.15972,0.23286,0.306,0.39466,0.47446,0.56755,2.0,2.0
-2.1492,-1.929,-1.6662,-0.88204,-0.87231,-0.85632,-0.8444,-0.83687,-0.82088,-0.81743,-0.80143,-0.79422,-0.78198,-1.6467,-0.76912,-0.76254,-0.74654,-0.73054,-0.71894,-0.7111,-0.6951,-0.67911,-0.66311,-0.64711,-1.6147,-0.63112,-0.62767,-0.61167,-0.59567,-0.57968,-0.56368,-0.54769,-0.53169,-0.52824,-0.51224,-1.5827,-0.49625,-0.48056,-0.4768,-0.4608,-0.44481,-0.44136,-0.43038,-0.42191,-0.40591,-0.39274,-1.5614,-0.38647,-0.37047,-0.3551,-0.35103,-0.34256,-0.33158,-0.32813,-0.31746,-0.30868,-0.30492,-1.5329,-0.30178,-0.29237,-0.28234,-0.27889,-0.26728,-0.25944,-0.25473,-0.24219,-0.23654,-0.22964,-1.5169,-0.2171,-0.21365,-0.20455,-0.1942,-0.19075,-0.17946,-0.1713,-0.16691,-0.15437,-0.15437,-1.4924,-0.14496,-0.14151,-0.12927,-0.12927,-0.12927,-0.11673,-0.11673,-0.11673,-0.10481,-0.10418,-1.4723,-0.10418,-0.10418,-0.091636,-0.091636,-0.084108,-0.07909,-0.066544,-0.061212,-0.053998,-0.041765,-1.4563,-0.041452,-0.034865,-0.028906,-0.027965,-0.01636,-0.008518,-0.003814,-0.001618,0.008733,0.017828,-1.897,-1.4341,0.021279,0.024729,0.033825,0.044175,0.046371,0.051076,0.058917,0.070522,0.084009,0.089968,-1.4118,0.10596,0.10941,0.12541,0.13419,0.14486,0.16085,0.17183,0.1803,0.1963,0.19975,-1.3958,0.21574,0.23174,0.23519,0.25119,0.26718,0.2722,0.28663,0.30262,0.30984,0.32207,-1.3798,0.33807,0.34748,0.35751,0.37257,0.37696,0.38511,0.39641,0.41021,0.41585,0.42275,-1.3638,0.4353,0.4353,0.4422,0.44784,0.4491,0.46039,0.46039,0.46039,0.47294,0.47294,-1.3478,0.47294,0.47294,0.47294,0.48015,0.48548,0.48548,0.48548,0.48548,0.48548,0.48548,-1.3318,0.48548,0.48548,0.48548,0.48548,0.48548,0.48548,0.48548,0.48548,0.48548,0.48548,-1.3158,0.48548,0.48548,0.48548,0.48548,0.48548,0.48548,0.48548,0.48548,0.48548,0.48548,-1.2998,0.48548,0.48548,0.48548,0.48548,0.49803,0.49803,0.49803,0.49803,0.51057,0.51057,-1.2961,0.51998,0.52343,0.53567,0.53567,0.54633,0.54978,0.56076,0.56923,0.58522,0.58867,-1.8754,-1.2835,0.5984,0.60812,0.61157,0.62349,0.62349,0.63447,0.63604,0.64137,0.64858,0.64858,-1.2769,0.65172,0.66113,0.66113,0.66207,0.67367,0.68151,0.68622,0.68842,0.70441,0.71131,-1.271,0.72386,0.72731,0.7364,0.74675,0.7615,0.7662,0.7822,0.78659,0.80164,0.81764,-1.271,0.82423,0.83709,0.85308,0.86186,0.87253,0.87598,0.89198,0.8995,0.91142,0.92459,-1.2666,0.93087,0.94686,0.95031,0.96223,0.96976,0.98576,0.98921,0.99987,1.0087,1.0246,-1.2584,1.0406,1.0566,1.0726,1.0886,1.1046,1.1206,1.1366,1.1526,1.1686,1.1846,-1.2584,1.2006,1.2166,1.2326,1.2486,1.2771,1.2978,1.3298,1.3618,1.3938,1.4258,-1.2562,1.4672,1.5027,1.5506,1.5986,1.6466,1.6946,1.7476,1.8116,1.8637,1.927,-1.2459,1.991,2.055,2.1064,2.1704,2.2269,2.2858,2.3354,2.3834,2.4314,2.4794,-1.2459,2.5117,2.5437,2.5757,2.6067,2.6271,2.6512,2.6672,2.6832,-1.8456,-1.2459,-1.2459,-1.239,-1.2333,-1.2333,-1.2333,-1.2333,-1.2333,-1.2208,-1.2208,-1.8183,-1.2208,-1.2205,-1.2082,-1.2082,-1.1976,-1.1957,-1.1907,-1.1831,-1.1831,-1.1706,-1.7941,-1.1706,-1.1609,-1.1581,-1.154,-1.1455,-1.1455,-1.133,-1.133,-1.1242,-1.1204,-1.7621,-1.1079,-1.1013,-1.0953,-1.0818,-1.0702,-1.0702,-1.0589,-1.0555,-1.0451,-1.036,-1.7302,-1.02,-1.0166,-1.0075,-1.0075,-0.99495,-0.99025,-0.98241,-0.98241,-0.96986,-0.9639,-1.6982,-0.95731,-0.957,-0.94477,-0.93755,-0.93222,-0.91968,-0.91466,-0.90713,-0.89521,-0.89176,3.0,5.0
-0.65906,-0.65906,-0.65906,-1.8706,-1.8325,-1.7944,-1.7562,-1.7181,-1.68,-1.6528,-1.6185,-1.5804,-1.5513,-0.65906,-1.519,-1.4836,-1.4575,-1.4194,-1.396,-1.3631,-1.3346,-1.2964,-1.2764,-1.2498,-0.65906,-1.2235,-1.2031,-1.1706,-1.1515,-1.1324,-1.1134,-1.0943,-1.0753,-1.0544,-1.0224,-0.65906,-1.0033,-0.98425,-0.95042,-0.93136,-0.9123,-0.87847,-0.85941,-0.82956,-0.80622,-0.77268,-0.65906,-0.75362,-0.72141,-0.69806,-0.66689,-0.64783,-0.62803,-0.59494,-0.57588,-0.55682,-0.53776,-0.66423,-0.5187,-0.49964,-0.48058,-0.46152,-0.45221,-0.43817,-0.41912,-0.40789,-0.39577,-0.37671,-0.67383,-0.36356,-0.35337,-0.33431,-0.31924,-0.31096,-0.2919,-0.27491,-0.26856,-0.2495,-0.23059,-0.67383,-0.22616,-0.2071,-0.18804,-0.16898,-0.14992,-0.13086,-0.1118,-0.097614,-0.088454,-0.082839,-0.68861,-0.06511,-0.05329,-0.041765,-0.022706,-0.008965,0.000639,0.019698,0.038758,0.057817,0.076877,-0.68861,0.097414,0.12977,0.14883,0.16789,0.20172,0.22891,0.25462,0.2756,0.30751,0.33706,-0.65906,-0.70043,0.36041,0.38375,0.4133,0.44521,0.46856,0.50003,0.51909,0.55292,0.57671,0.60582,-0.70338,0.62488,0.65871,0.67777,0.70821,0.73066,0.74972,0.76878,0.78784,0.81015,0.84074,-0.709,0.8598,0.87886,0.89792,0.91698,0.93603,0.96987,0.98893,1.008,1.0288,1.0609,-0.71816,1.0799,1.1136,1.1328,1.1603,1.1857,1.2048,1.2303,1.2577,1.277,1.3106,-0.71816,1.3296,1.3487,1.3825,1.4016,1.4207,1.4545,1.4735,1.4926,1.5117,1.5307,-0.71816,1.5498,1.5572,1.5731,1.5922,1.6112,1.6303,1.6494,1.6684,1.6754,1.6918,-0.71018,1.7108,1.7197,1.7342,1.7532,1.764,1.7766,1.7936,1.7999,1.819,1.838,-0.70338,1.8527,1.8614,1.8544,1.8354,1.8231,1.812,1.7782,1.7591,1.7126,1.6767,-0.70338,1.6399,1.6018,1.5752,1.5256,1.4874,1.4589,1.426,1.3992,1.3497,1.3236,-0.70338,1.3045,1.2797,1.2416,1.2178,1.184,1.1649,1.1334,1.0825,1.0572,1.0296,-0.65906,-0.70338,0.99573,0.95332,0.90471,0.87945,0.84561,0.81326,0.77794,0.74411,0.72505,0.70599,-0.68876,0.66034,0.63832,0.61217,0.58543,0.55159,0.53253,0.51347,0.49441,0.47535,0.44876,-0.68861,0.42246,0.4034,0.38434,0.35538,0.33145,0.31239,0.30131,0.28904,0.26998,0.25092,-0.68019,0.23187,0.21281,0.19375,0.17469,0.15563,0.13435,0.10273,0.094459,0.079684,0.075104,-0.67383,0.056044,0.036985,0.0327,0.020585,0.020585,0.020585,0.020585,0.020585,0.020585,0.020585,-0.67383,0.020585,0.020585,0.035359,0.035359,0.045111,0.050134,0.064909,0.07274,0.091799,0.10923,-0.67383,0.11514,0.1342,0.13878,0.15755,0.17661,0.18311,0.19995,0.21266,0.2233,0.24236,-0.67383,0.26141,0.27176,0.29776,0.31859,0.33765,0.35671,0.39055,0.40961,0.42867,0.44773,-0.65906,0.48156,0.50062,0.51968,0.53874,0.5578,0.57686,0.59592,0.61498,0.64172,0.6559,-0.65906,0.67216,0.69122,0.71027,0.72933,0.74071,0.72165,0.66536,0.65974,-0.65906,-0.65906,-0.65906,-0.6564,-0.64428,-0.64428,-0.64355,-0.62951,-0.62951,-0.61592,-0.61473,-0.65906,-0.61473,-0.60306,-0.59878,-0.58518,-0.57543,-0.55637,-0.55563,-0.5478,-0.54086,-0.54249,-0.65906,-0.55563,-0.65758,-0.70338,-0.72215,-0.74121,-0.83562,-0.92914,-0.96091,-0.97997,-1.0729,-0.65906,-1.0964,-1.1258,-1.1969,-1.2255,-1.2568,-1.3313,-1.3688,-1.3879,-1.4528,-1.5133,-0.65906,-1.5337,-1.5817,-1.6309,-1.65,-1.6903,-1.7472,-1.8218,-1.8614,-1.9681,-2.0754,-0.65906,-2.1676,-2.1866,-2.1153,-2.0631,-2.0402,-2.0102,-1.9787,-1.9554,-1.9235,-1.8939,4.0,4.0
-1.91,-1.8238,-1.714,-0.56479,-0.55032,-0.54609,-0.53161,-0.52636,-0.51291,-0.49843,-0.4942,-0.47972,-0.46525,-1.6995,-0.45077,-0.43629,-0.43206,-0.41759,-0.40336,-0.39888,-0.3844,-0.38017,-0.37262,-0.36237,-1.6851,-0.36237,-0.36237,-0.36237,-0.36237,-0.36237,-0.36813,-0.37262,-0.38287,-0.39106,-0.41579,-1.6808,-0.43668,-0.45538,-0.48434,-0.51329,-0.54224,-0.57825,-0.6104,-0.63936,-0.67779,-0.70752,-1.6664,-0.73647,-0.76543,-0.79438,-0.82334,-0.87894,-0.9184,-0.9307,-0.94659,-0.94659,-0.94659,-1.6519,-0.94659,-0.93339,-0.92609,-0.91469,-0.90021,-0.88573,-0.87125,-0.85678,-0.8405,-0.81757,-1.6374,-0.80309,-0.77837,-0.75543,-0.73673,-0.70777,-0.68907,-0.63577,-0.57991,-0.55096,-0.522,-1.6332,-0.49305,-0.45858,-0.42489,-0.39593,-0.35904,-0.32777,-0.29882,-0.28011,-0.25116,-0.2222,-1.6231,-0.19069,-0.15405,-0.12432,-0.085887,-0.047707,-0.014525,0.021477,0.06209,0.099885,0.12884,-1.6145,0.15779,0.17868,0.2034,0.22416,0.24261,0.26157,0.28181,0.29629,0.31769,0.33549,-1.8178,-1.6102,0.3551,0.3747,0.38918,0.40365,0.41813,0.43261,0.44709,0.45131,0.46579,0.47002,-1.6026,0.4845,0.49859,0.5032,0.51768,0.52191,0.53638,0.54061,0.54984,0.55932,0.56009,-1.5923,0.56777,0.57034,0.57623,0.58059,0.58059,0.58059,0.58059,0.57405,0.57034,0.5656,-1.5923,0.56009,0.54984,0.54266,0.52819,0.51371,0.49923,0.495,0.47271,0.454,0.43107,-1.5831,0.41659,0.40212,0.37918,0.36048,0.33819,0.31346,0.29411,0.27425,0.24645,0.2248,-1.5789,0.20007,0.18009,0.15113,0.13243,0.10347,0.084767,0.055812,0.036979,0.002259,-0.012219,-1.5718,-0.026696,-0.041173,-0.044633,-0.049629,-0.054882,-0.051679,-0.044633,-0.034383,-0.028746,-0.014268,-1.5601,-0.003635,0.012508,0.018914,0.033392,0.047869,0.062346,0.076824,0.10155,0.11603,0.14165,-1.5457,0.16548,0.17996,0.21494,0.23697,0.27464,0.29488,0.32384,0.36304,0.392,0.4927,-1.5411,0.53446,0.58135,0.61031,0.6481,0.68129,0.71767,0.74765,0.78583,0.81479,0.85399,-1.8051,-1.527,0.88295,0.91357,0.9511,0.98006,1.009,1.0296,1.0567,1.0856,1.1141,1.1333,-1.5125,1.1622,1.1883,1.2099,1.2377,1.2576,1.2769,1.3016,1.3161,1.3408,1.3553,-1.498,1.3698,1.3843,1.3988,1.4108,1.4175,1.4319,1.4464,1.4518,1.462,1.4693,-1.4835,1.4736,1.4825,1.4825,1.4928,1.4928,1.4947,1.503,1.5029,1.4928,1.4928,-1.4793,1.4928,1.486,1.4818,1.4673,1.4528,1.4319,1.3959,1.3758,1.3324,1.3087,-1.4648,1.2699,1.2328,1.1833,1.1499,1.1128,1.0694,1.0346,0.99812,0.96981,0.93842,-1.4503,0.91882,0.89922,0.88474,0.87782,0.87782,0.87782,0.88781,0.89204,0.91472,0.93342,-1.4359,0.95597,0.99172,1.0259,1.0669,1.1072,1.1725,1.2202,1.2833,1.3367,1.5202,-1.4145,1.5568,1.5986,1.6335,1.6668,1.706,1.7433,1.7764,1.8133,1.8525,1.8862,-1.3967,1.9207,1.9497,1.9786,2.0076,2.0311,2.0552,2.0703,2.077,-1.7906,-1.3822,-1.3584,-1.343,-1.3209,-1.3038,-1.2835,-1.2646,-1.2501,-1.2356,-1.2211,-1.7762,-1.2067,-1.1922,-1.1777,-1.1632,-1.1516,-1.1445,-1.1301,-1.1103,-1.0908,-1.0764,-1.7665,-1.0619,-1.0474,-1.0329,-1.0185,-1.004,-0.98951,-0.97272,-0.9503,-0.93582,-0.92135,-1.7574,-0.90687,-0.89239,-0.87792,-0.87369,-0.85921,-0.84473,-0.83384,-0.82603,-0.81155,-0.79707,-1.743,-0.78259,-0.77235,-0.76389,-0.74941,-0.73493,-0.7211,-0.71623,-0.70175,-0.69752,-0.68305,-1.7285,-0.67882,-0.66434,-0.6596,-0.64564,-0.6391,-0.62693,-0.61245,-0.59798,-0.58785,-0.57927,5.0,5.0
0.63181,0.63181,0.66094,1.9863,2.0066,2.0268,2.03,2.0219,2.0016,1.8643,1.7651,1.6939,1.5117,0.66094,1.3819,1.2764,1.155,1.0335,0.90534,0.76362,0.63997,0.5185,0.39674,0.25503,0.66094,0.12497,0.006268,-0.094955,-0.21031,-0.32653,-0.42775,-0.72822,-0.96431,-1.025,-1.0858,0.66094,-1.1465,-1.2059,-1.2464,-1.2742,-1.2945,-1.3147,-1.3198,-1.3198,-1.3198,-1.3022,0.66094,-1.282,-1.2617,-1.2214,-1.1809,-1.1381,-1.0773,-1.0303,-0.98499,-0.92426,-0.84736,0.66094,-0.77366,-0.71293,-0.63355,-0.56233,-0.50072,-0.41974,-0.33877,-0.25779,-0.17681,-0.095829,0.65745,-0.009025,0.092199,0.17624,0.25721,0.33819,0.43883,0.52928,0.61026,0.69124,0.78547,0.6372,0.88232,0.9633,1.0443,1.1184,1.1791,1.2581,1.3297,1.39,1.4305,1.4828,0.61696,1.5406,1.5811,1.6073,1.633,1.6735,1.6805,1.6883,1.7086,1.7096,1.6579,0.59671,1.5537,1.412,1.3344,1.2861,1.2051,1.1394,1.0787,1.0179,0.93942,0.85844,0.63181,0.57647,0.77746,0.69648,0.6155,0.53205,0.43082,0.34344,0.25751,0.15628,0.055059,-0.15758,0.55622,-0.56248,-0.68555,-0.78677,-0.88697,-0.96795,-1.0489,-1.1299,-1.2109,-1.277,-1.3377,0.52753,-1.3985,-1.4419,-1.4824,-1.5229,-1.5435,-1.5638,-1.582,-1.582,-1.582,-1.5775,0.48704,-1.5572,-1.5211,-1.4876,-1.4674,-1.4104,-1.3592,-1.3181,-1.2573,-1.1966,-1.1328,0.38713,-1.0518,-0.97087,-0.88989,-0.80891,-0.72793,-0.63894,-0.53772,-0.43649,-0.34576,-0.26318,0.31868,-0.16195,-0.047766,0.069624,0.17085,0.25663,0.34417,0.44539,0.54661,0.64784,0.74891,0.27615,0.82989,0.91087,0.99185,1.0728,1.1538,1.2297,1.2904,1.3512,1.4119,1.4726,0.21541,1.5144,1.5549,1.5954,1.6359,1.6639,1.6841,1.7043,1.7096,1.7096,1.7096,0.14128,1.6921,1.6461,1.5651,1.524,1.4282,1.2974,1.2569,1.1216,0.96272,0.88174,0.064818,0.80076,0.71978,0.63881,0.55783,0.46724,0.36601,0.26479,0.16357,0.062342,-0.038882,0.63181,0.004084,-0.15467,-0.27046,-0.37168,-0.69443,-0.93649,-0.99723,-1.0384,-1.0789,-1.1194,-1.1599,-0.05665,-1.1873,-1.2075,-1.2278,-1.248,-1.2616,-1.2616,-1.2616,-1.2616,-1.2613,-1.241,-0.11738,-1.2324,-1.2297,-1.2094,-1.1892,-1.1689,-1.1487,-1.1285,-1.1082,-1.088,-1.0486,-0.17812,-1.0183,-0.99679,-0.9563,-0.90314,-0.84619,-0.8057,-0.75007,-0.6956,-0.65511,-0.59699,-0.23885,-0.53626,-0.47553,-0.41479,-0.35406,-0.29565,-0.25516,-0.20098,-0.14506,-0.10457,-0.080245,-0.30905,-0.052718,-0.012229,0.009618,0.029863,0.049234,0.049234,0.049234,0.049234,0.049234,0.034523,-0.38945,0.020105,0.020105,0.002918,-0.009025,-0.009025,-0.009025,-0.019802,-0.038154,-0.038154,-0.038154,-0.45018,-0.038154,-0.038154,-0.038154,-0.038154,-0.038154,-0.038154,-0.038154,-0.038154,-0.038154,-0.038154,-0.52286,-0.038154,-0.038154,-0.052427,-0.067283,-0.067283,-0.084032,-0.096412,-0.096412,-0.11564,-0.13588,-0.60078,-0.15467,-0.15467,-0.16749,-0.18773,-0.20798,-0.22822,-0.24847,-0.26871,0.63181,-0.66152,-0.72225,-0.78852,-0.8695,-0.93358,-0.9863,-1.0268,-1.0867,-1.1474,-1.2065,0.63181,-1.247,-1.2745,-1.2989,-1.3393,-1.3644,-1.3781,-1.3781,-1.3781,-1.3781,-1.3779,0.63181,-1.3577,-1.3375,-1.3146,-1.2741,-1.2196,-1.1589,-1.0982,-1.0374,-0.96912,-0.88814,0.63181,-0.80716,-0.71613,-0.61491,-0.51369,-0.41246,-0.31124,-0.21001,-0.09379,0.027678,0.14915,0.64813,0.25314,0.36295,0.48442,0.60589,0.71629,0.8197,0.94116,1.0491,1.1503,1.2515,0.66094,1.3528,1.4468,1.5278,1.6088,1.6898,1.77,1.8308,1.8794,1.9199,1.9604,2.0,2.0
0.74691,0.72005,0.66652,-0.27132,-0.17063,-0.090045,-0.002558,0.097925,0.17851,0.2662,0.36648,0.4543,0.55445,0.66579,0.64241,0.74242,0.83051,0.93039,1.011,1.0916,1.1722,1.2527,1.3333,1.4139,0.63973,1.4945,1.5751,1.6475,1.7012,1.755,1.8087,1.8624,1.9076,1.9345,1.9613,0.63973,1.9795,1.9707,1.8112,1.4972,1.4167,1.3451,1.255,1.0938,0.96034,0.87975,0.63973,0.79916,0.71857,0.62847,0.24322,-0.35385,-0.44415,-0.54182,-0.61256,-0.67619,-0.75678,0.63973,-0.83737,-0.90784,-0.97175,-1.0421,-1.0958,-1.1495,-1.2033,-1.257,-1.3001,-1.327,0.63973,-1.3539,-1.3699,-1.3699,-1.3699,-1.3699,-1.3589,-1.332,-1.3052,-1.267,-1.2246,0.63973,-1.1864,-1.1327,-1.0674,-0.99841,-0.93303,-0.85244,-0.77185,-0.69127,-0.61068,-0.5181,0.63973,-0.42271,-0.33,-0.22255,-0.12736,-0.034444,0.073005,0.18046,0.2879,0.39535,0.5028,0.63973,0.61025,0.7177,0.82515,0.9326,1.0401,1.1344,1.2282,1.3224,1.403,1.4836,0.69332,0.63839,1.5508,1.6045,1.6582,1.7119,1.752,1.7789,1.8057,1.8187,1.763,1.6835,0.61293,1.6298,1.5761,1.5082,1.3848,1.2666,1.1428,1.0106,0.91766,0.77866,0.63464,0.61293,0.48298,0.33935,0.24677,0.16619,0.070594,-0.021783,-0.3446,-0.61168,-0.677,-0.74606,0.61293,-0.81124,-0.86497,-0.91869,-0.97242,-1.0105,-1.0531,-1.091,-1.1179,-1.1447,-1.1556,0.61293,-1.1716,-1.1824,-1.1824,-1.1824,-1.166,-1.1392,-1.1288,-1.1122,-1.0854,-1.0418,0.61293,-1.0048,-0.96116,-0.90744,-0.87066,-0.80977,-0.74626,-0.69254,-0.63882,-0.56781,-0.50457,0.61293,-0.43343,-0.35284,-0.2898,-0.21846,-0.13787,-0.057287,0.0233,0.12177,0.21127,0.29186,0.61293,0.39053,0.47983,0.57864,0.6678,0.76674,0.85577,0.93635,1.0355,1.1243,1.2049,0.61106,1.2855,1.3661,1.4278,1.5005,1.562,1.6158,1.6695,1.704,1.7308,1.7577,0.5842,1.7651,1.7846,1.7724,1.7651,1.7454,1.6988,1.6451,1.6113,1.5445,1.4839,0.69332,0.55733,1.4101,1.3295,1.2489,1.1683,1.0877,0.98673,0.89978,0.79863,0.71181,0.61052,0.53047,0.50307,0.41646,0.31497,0.22849,0.12686,0.040516,-0.040071,-0.14189,-0.22804,-0.56506,0.50361,-0.68932,-0.76455,-0.82357,-0.89893,-0.95781,-1.0115,-1.1089,-1.1726,-1.2043,-1.2532,0.47675,-1.2849,-1.3117,-1.3386,-1.3654,-1.3699,-1.3924,-1.3967,-1.3967,-1.3967,-1.374,0.44988,-1.3699,-1.3471,-1.3202,-1.2934,-1.2665,-1.2165,-1.186,-1.1359,-1.0821,-1.0284,0.42068,-0.9747,-0.92097,-0.86725,-0.78987,-0.733,-0.6555,-0.57491,-0.51824,-0.44053,-0.38399,0.36936,-0.30615,-0.24975,-0.17177,-0.066867,-0.032569,0.018745,0.07247,0.12619,0.15527,0.18213,0.34002,0.20899,0.23585,0.21288,0.18602,0.15915,0.15741,0.15741,0.13216,0.13062,0.13062,0.2863,0.10516,0.10382,0.10382,0.10382,0.078097,0.077025,0.077025,0.077025,0.077025,0.050966,0.23257,0.050229,0.050229,0.050229,0.050229,0.050229,0.07669,0.077025,0.077025,0.69332,0.17885,0.12512,0.071398,0.017673,-0.036052,-0.089777,-0.14042,-0.17043,-0.22416,-0.27788,0.69298,-0.33161,-0.38533,-0.43906,-0.49278,-0.55012,-0.62703,-0.68075,-0.73447,-0.79209,-0.86872,0.66652,-0.92244,-0.97617,-1.0299,-1.0836,-1.1373,-1.1867,-1.218,-1.2717,-1.3209,-1.3524,0.66652,-1.4014,-1.4283,-1.4551,-1.4771,-1.4821,-1.5039,-1.5039,-1.5039,-1.5039,-1.5039,0.66652,-1.4985,-1.4717,-1.4448,-1.418,-1.3911,-1.3585,-1.3048,-1.2511,-1.1974,-1.1377,0.66652,-1.0631,-1.0033,-0.92888,-0.86892,-0.78833,-0.70775,-0.62073,-0.51978,-0.43919,-0.3586,2.0,2.0
-1.9737,-1.9184,-1.7903,-0.76876,-0.76626,-0.75803,-0.75629,-0.75629,-0.74631,-0.74631,-0.73633,-0.72635,-0.72635,-1.775,-0.7251,-0.71637,-0.70639,-0.69903,-0.69367,-0.68644,-0.67646,-0.67646,-0.66648,-0.66648,-1.7596,-0.6565,-0.65613,-0.64652,-0.63654,-0.63006,-0.62657,-0.61933,-0.61397,-0.60661,-0.60324,-1.7443,-0.59663,-0.59251,-0.58665,-0.57667,-0.5667,-0.56108,-0.55572,-0.54038,-0.53501,-0.51967,-1.7289,-0.51431,-0.49897,-0.4936,-0.47826,-0.46691,-0.45756,-0.44221,-0.427,-0.42151,-0.40617,-1.7136,-0.39083,-0.37548,-0.36014,-0.3448,-0.32946,-0.31723,-0.30875,-0.29341,-0.27807,-0.26734,-1.6983,-0.25736,-0.24738,-0.23741,-0.23741,-0.22743,-0.22057,-0.22743,-0.23504,-0.23741,-0.24576,-1.6843,-0.24738,-0.24738,-0.25736,-0.25736,-0.24738,-0.24738,-0.24738,-0.23741,-0.23067,-0.22531,-1.6775,-0.21745,-0.20747,-0.19924,-0.19388,-0.18751,-0.17754,-0.17754,-0.16756,-0.15758,-0.15758,-1.6622,-0.1476,-0.14099,-0.13563,-0.12764,-0.1249,-0.11767,-0.10419,-0.097708,-0.083489,-0.077751,-1.9031,-1.6469,-0.062784,-0.047442,-0.0321,-0.016758,-0.001416,0.013926,0.029268,0.044609,0.051968,0.061947,-1.6315,0.070678,0.076041,0.081904,0.081904,0.082153,0.091882,0.09288,0.10186,0.11184,0.11895,-1.6162,0.12182,0.12968,0.1318,0.1404,0.14577,0.15175,0.15649,0.16186,0.17171,0.18169,-1.6008,0.18792,0.19329,0.20165,0.21399,0.22934,0.2347,0.25004,0.26538,0.28072,0.29607,-1.5855,0.31141,0.32139,0.33211,0.34746,0.3628,0.37128,0.3835,0.39884,0.41119,0.41955,-1.5702,0.43115,0.44025,0.4556,0.46108,0.4763,0.49102,0.49701,0.51235,0.52096,0.53305,-1.5548,0.54091,0.55089,0.55912,0.56449,0.57983,0.58519,0.5908,0.5908,0.5908,0.5908,-1.5395,0.59205,0.60078,0.60078,0.60078,0.61076,0.61887,0.62423,0.63072,0.64494,0.66028,-1.5246,0.67562,0.69096,0.70631,0.73163,0.75345,0.77416,0.79761,0.82293,0.83827,0.85361,-1.5188,0.86895,0.8843,0.89964,0.91498,0.92034,0.93568,0.94105,0.95003,0.96001,0.96712,-1.8877,-1.5034,0.96999,0.96999,0.97996,0.97996,0.97996,0.98932,0.98994,0.99007,0.99992,1.0099,-1.4947,1.0161,1.0299,1.0368,1.0498,1.0575,1.0698,1.0783,1.0897,1.099,1.1097,-1.4847,1.1197,1.125,1.1304,1.1396,1.1496,1.1565,1.1618,1.1772,1.1825,1.1895,-1.4774,1.1995,1.2086,1.2095,1.2193,1.2247,1.2394,1.2454,1.2508,1.2594,1.2693,-1.4648,1.2768,1.2822,1.2893,1.2993,1.3083,1.3136,1.3192,1.3292,1.3392,1.3451,-1.4566,1.3492,1.3492,1.3492,1.3565,1.3591,1.3591,1.3591,1.3591,1.3691,1.3691,-1.4448,1.3691,1.3691,1.3691,1.3691,1.3691,1.3691,1.3691,1.3691,1.3691,1.3691,-1.4359,1.3691,1.3691,1.3691,1.3691,1.3691,1.3691,1.3701,1.3855,1.4008,1.4161,-1.4306,1.4315,1.4468,1.4622,1.4861,1.5068,1.5282,1.5582,1.5889,1.6196,1.6403,-1.4248,1.671,1.7017,1.7323,1.763,1.7937,1.8213,1.8451,1.8758,-1.8724,-1.4099,-1.3945,-1.3849,-1.3738,-1.3585,-1.3531,-1.3378,-1.3224,-1.3071,-1.2918,-1.857,-1.2764,-1.2611,-1.2457,-1.2304,-1.215,-1.1997,-1.1844,-1.169,-1.1537,-1.1312,-1.8439,-1.113,-1.0977,-1.0791,-1.057,-1.0417,-1.0263,-1.011,-0.99564,-0.9803,-0.97494,-1.8363,-0.9596,-0.95423,-0.93889,-0.92592,-0.91819,-0.91282,-0.90596,-0.89598,-0.88675,-0.88601,-1.821,-0.87603,-0.87066,-0.86605,-0.85994,-0.85607,-0.85607,-0.84609,-0.84609,-0.83611,-0.82776,-1.8056,-0.82614,-0.81703,-0.81167,-0.80618,-0.80618,-0.7962,-0.79021,-0.78622,-0.77949,-0.77624,3.0,5.0
0.79357,1.4791,1.284,0.54833,0.6141,0.67987,0.74564,0.8114,0.87717,0.94294,1.0087,1.0745,1.1402,1.284,1.206,1.2718,1.3375,1.4033,1.4691,1.5349,1.556,1.6218,1.6876,1.7533,1.2528,1.8191,1.8849,1.9506,1.9718,2.0376,2.0866,2.1245,2.1167,2.051,1.9852,1.2395,1.9194,1.8537,1.7879,1.7143,1.6118,1.5404,1.4356,1.3219,1.2149,1.1035,1.2395,0.97192,0.88386,0.75344,0.66315,0.55279,0.44801,0.37667,0.3109,0.23175,0.13477,1.2395,0.069006,0.035564,-0.017942,-0.08371,-0.14948,-0.21525,-0.28101,-0.34678,-0.36796,-0.43373,1.2127,-0.4995,-0.56527,-0.63103,-0.6968,-0.76257,-0.78375,-0.84952,-0.91529,-0.98105,-1.0468,1.1949,-1.1126,-1.1338,-1.1995,-1.2207,-1.2865,-1.3077,-1.3734,-1.3946,-1.4604,-1.525,1.1949,-1.5473,-1.6131,-1.5941,-1.5284,-1.4626,-1.3968,-1.3757,-1.3099,-1.2441,-1.1784,1.1949,-1.1237,-1.0914,-1.0346,-1.0045,-0.94538,-0.91752,-0.85175,-0.78598,-0.7648,-0.69903,1.5114,1.1949,-0.63326,-0.5675,-0.45937,-0.39137,-0.3256,-0.21525,-0.14948,-0.08371,0.017729,0.092415,1.1949,0.15818,0.22395,0.28972,0.36329,0.46584,0.53161,0.59738,0.66315,0.72892,0.79468,1.1503,0.86045,0.92622,0.99199,1.0578,1.1235,1.1893,1.2105,1.2762,1.3286,1.3632,1.1503,1.4178,1.4501,1.5159,1.5215,1.4624,1.4345,1.4133,1.3476,1.2818,1.216,1.1503,1.1057,1.0187,0.92956,0.81921,0.71331,0.59849,0.49483,0.36329,0.26742,0.15707,1.1503,0.057859,-0.019057,-0.11604,-0.20298,-0.30554,-0.37688,-0.48166,-0.59202,-0.65779,-0.72356,1.1503,-0.78932,-0.85509,-0.92086,-0.98663,-1.0524,-1.1182,-1.1839,-1.2497,-1.3155,-1.3812,1.1503,-1.4024,-1.4682,-1.534,-1.5997,-1.6209,-1.6867,-1.7524,-1.8182,-1.884,-1.9497,1.1057,-1.9709,-2.0367,-2.1025,-2.0857,-2.0601,-1.9988,-1.9709,-1.9118,-1.8461,-1.7803,1.1057,-1.7145,-1.6387,-1.5384,-1.4726,-1.3779,-1.2965,-1.204,-1.1204,-1.0546,-0.94427,1.3543,1.1057,-0.8785,-0.81273,-0.74696,-0.6812,-0.61543,-0.54966,-0.48389,-0.41812,-0.35236,-0.28659,1.1057,-0.22082,-0.15505,-0.089283,-0.023515,0.042253,0.10802,0.17379,0.21392,0.26074,0.3265,1.1057,0.34768,0.41345,0.47922,0.54499,0.57063,0.63194,0.6977,0.70439,0.70439,0.69213,1.1057,0.6598,0.61522,0.584,0.51824,0.45247,0.3867,0.32093,0.25516,0.18939,0.12363,1.0611,0.057859,-0.007909,-0.073677,-0.13945,-0.20521,-0.27098,-0.29216,-0.35793,-0.37911,-0.41032,1.0611,-0.46606,-0.53182,-0.54409,-0.51399,-0.4995,-0.4995,-0.45491,-0.45491,-0.45491,-0.45491,1.0611,-0.45491,-0.45491,-0.45491,-0.47386,-0.4995,-0.4995,-0.4995,-0.51399,-0.54409,-0.54409,1.0611,-0.54409,-0.54409,-0.54409,-0.54409,-0.54409,-0.54409,-0.54409,-0.58867,-0.58867,-0.58867,1.0165,-0.58867,-0.58867,-0.58867,-0.58867,-0.58867,-0.54966,-0.54409,-0.54409,-0.58867,-0.58867,0.9931,-0.58867,-0.58867,-0.58867,-0.58867,-0.58867,-0.58867,-0.63326,-0.63326,1.3286,0.92733,0.86157,0.7958,0.73003,0.66426,0.59849,0.53273,0.46696,0.40119,0.33542,1.3286,0.26965,0.19385,0.093529,0.027761,-0.066989,-0.14836,-0.24088,-0.32449,-0.39026,-0.45714,1.3286,-0.56638,-0.63215,-0.69792,-0.76368,-0.78486,-0.85063,-0.90079,-0.93758,-0.98997,-1.0245,1.3141,-1.0903,-1.1237,-1.0702,-1.0045,-0.93869,-0.87293,-0.80716,-0.74139,-0.67562,-0.60985,1.284,-0.54409,-0.47832,-0.41255,-0.34678,-0.32114,-0.25983,-0.19407,-0.14279,-0.10712,-0.041351,1.284,-0.009024,0.045597,0.11136,0.17713,0.2429,0.26408,0.32985,0.39562,0.43686,0.48256,0.0,0.0
-2.2649,-2.0209,-1.7961,-1.0408,-1.0326,-1.0245,-1.0164,-1.0082,-1.0001,-0.9587,-0.90051,-0.88425,-0.86799,-1.788,-0.85173,-0.83546,-0.8192,-0.80294,-0.78667,-0.76293,-0.74241,-0.72614,-0.70988,-0.69362,-1.7798,-0.67735,-0.66109,-0.63913,-0.61682,-0.60056,-0.5843,-0.56504,-0.54065,-0.52377,-0.5075,-1.7717,-0.49124,-0.47498,-0.4539,-0.43071,-0.41445,-0.39819,-0.38404,-0.37591,-0.36114,-0.34488,-1.7799,-0.32861,-0.31235,-0.30002,-0.29157,-0.2753,-0.26389,-0.25575,-0.24762,-0.23949,-0.23136,-1.7789,-0.22323,-0.2151,-0.20697,-0.19883,-0.1907,-0.18257,-0.17479,-0.17479,-0.16992,-0.16305,-1.7717,-0.16305,-0.16305,-0.16522,-0.17335,-0.17479,-0.17787,-0.18601,-0.19414,-0.20227,-0.2104,-1.7717,-0.21853,-0.23157,-0.24783,-0.26409,-0.27454,-0.28487,-0.30114,-0.31068,-0.31881,-0.32694,-1.7663,-0.3656,-0.39017,-0.39789,-0.39789,-0.39789,-0.39657,-0.38844,-0.38031,-0.37441,-0.37441,-1.7581,-0.3609,-0.34778,-0.33965,-0.33152,-0.31934,-0.29955,-0.21824,-0.17165,-0.14591,-0.11338,-1.9036,-1.75,-0.086726,-0.060071,-0.027546,-0.001801,0.025763,0.058289,0.083124,0.1116,0.14365,0.16805,-1.7419,0.19743,0.22858,0.25297,0.27737,0.29947,0.31574,0.33881,0.3632,0.3876,0.40427,-1.7337,0.42464,0.44854,0.4648,0.48608,0.50907,0.52533,0.54159,0.55554,0.56367,0.57864,-1.7256,0.5949,0.61117,0.61968,0.62781,0.63541,0.63541,0.64046,0.64716,0.64716,0.65312,-1.7102,0.6589,0.6589,0.6589,0.65564,0.64751,0.64716,0.64299,0.63486,0.62673,0.61859,-1.6976,0.61046,0.60233,0.5942,0.58607,0.57794,0.56981,0.55839,0.54212,0.53367,0.52134,-1.6894,0.50566,0.49753,0.46897,0.4343,0.42617,0.41804,0.40991,0.40178,0.37979,0.36535,-1.6731,0.36535,0.36535,0.36535,0.36535,0.36535,0.36535,0.36687,0.375,0.38313,0.39127,-1.6569,0.3994,0.40753,0.41566,0.42379,0.43979,0.4518,0.46057,0.47684,0.48793,0.51007,-1.6406,0.59138,0.62408,0.64281,0.66721,0.68461,0.70425,0.72865,0.74514,0.76569,0.78941,-1.8873,-1.6244,0.80568,0.82194,0.83979,0.86418,0.88247,0.90123,0.92562,0.943,0.95926,0.97552,-1.6081,0.99971,1.0198,1.0361,1.0523,1.0686,1.0848,1.1011,1.1174,1.1336,1.1499,-1.59,1.1662,1.179,1.1871,1.1952,1.2077,1.2233,1.2314,1.2395,1.246,1.246,-1.5656,1.2522,1.2603,1.2684,1.2695,1.2695,1.2695,1.2695,1.2739,1.2812,1.2812,-1.5476,1.2812,1.2812,1.2812,1.2812,1.2812,1.2812,1.2812,1.2812,1.2812,1.2812,-1.5285,1.2812,1.2812,1.2812,1.2812,1.2812,1.2812,1.2812,1.2838,1.292,1.293,-1.5041,1.2965,1.3046,1.3128,1.3165,1.3173,1.3254,1.3335,1.3417,1.3498,1.3579,-1.487,1.3661,1.3742,1.3895,1.4022,1.4103,1.4185,1.4311,1.4465,1.4546,1.4627,-1.4671,1.4726,1.4889,1.4989,1.507,1.5151,1.5305,1.5431,1.5513,1.5594,1.5675,-1.4427,1.5757,1.5838,1.5919,1.6001,1.6082,1.61,1.6073,1.5992,-1.8711,-1.4183,-1.3985,-1.3812,-1.3568,-1.3324,-1.3081,-1.2837,-1.2593,-1.2349,-1.2105,-1.8548,-1.1861,-1.158,-1.1256,-1.1012,-1.0768,-1.0524,-1.028,-1.0036,-0.97919,-0.95479,-1.8404,-0.9304,-0.906,-0.88161,-0.86458,-0.84832,-0.83206,-0.81579,-0.79953,-0.78433,-0.77619,-1.8322,-0.76806,-0.7619,-0.7619,-0.76839,-0.77364,-0.77364,-0.78104,-0.79296,-0.80904,-0.81717,-1.8177,-0.83,-0.84627,-0.86253,-0.87879,-0.89505,-0.91132,-0.92758,-0.94384,-0.96011,-0.97637,-1.8042,-0.98881,-0.99715,-1.0134,-1.0391,-1.0672,-1.0672,-1.0672,-1.0652,-1.057,-1.0489,5.0,5.0
1.8478,1.785,1.5375,-0.82443,-0.85237,-0.8867,-0.92162,-0.95653,-0.99145,-1.0264,-1.0613,-1.0962,-1.1262,1.5103,-1.1542,-1.1821,-1.2157,-1.2481,-1.276,-1.3039,-1.3285,-1.3497,-1.3776,-1.4015,1.4699,-1.4224,-1.4434,-1.4643,-1.4835,-1.4974,-1.5171,-1.5355,-1.5494,-1.5634,-1.5774,1.4141,-1.5911,-1.598,-1.6092,-1.6221,-1.6291,-1.6361,-1.643,-1.65,-1.6513,-1.6539,1.3862,-1.6609,-1.6614,-1.6614,-1.6614,-1.6614,-1.6572,-1.6503,-1.6433,-1.6363,-1.6293,1.3543,-1.6223,-1.6153,-1.6057,-1.5918,-1.5843,-1.5739,-1.5603,-1.5533,-1.5421,-1.5281,1.3162,-1.5142,-1.5002,-1.4881,-1.4811,-1.4684,-1.4544,-1.4405,-1.4265,-1.4125,-1.3982,1.2533,-1.3773,-1.3605,-1.3466,-1.3326,-1.3137,-1.2927,-1.2718,-1.2508,-1.2299,-1.2089,1.2139,-1.1814,-1.1569,-1.1356,-1.1077,-1.0798,-1.053,-1.032,-1.006,-0.98003,-0.95908,1.1844,-0.93233,-0.9071,-0.88615,-0.85862,-0.83417,-0.81322,-0.79227,-0.76706,-0.74028,-0.71933,1.7493,1.1495,-0.69839,-0.67744,-0.65649,-0.63554,-0.61459,-0.59364,-0.57929,-0.56182,-0.54128,-0.52731,1.1146,-0.50906,-0.48929,-0.47533,-0.46136,-0.4474,-0.43343,-0.41946,-0.4055,-0.39153,-0.37756,1.0797,-0.3636,-0.35006,-0.34308,-0.33178,-0.31903,-0.31204,-0.30506,-0.29808,-0.29109,-0.28411,1.0448,-0.27713,-0.27015,-0.26316,-0.25618,-0.2492,-0.24221,-0.23523,-0.22948,-0.22948,-0.22436,1.0161,-0.2194,-0.2194,-0.2135,-0.20931,-0.20931,-0.20931,-0.20573,-0.19875,-0.19177,-0.18915,0.985,-0.18789,-0.1809,-0.17392,-0.16694,-0.15995,-0.14705,-0.1359,-0.12892,-0.11523,-0.10126,0.94989,-0.087298,-0.073332,-0.059366,-0.0454,-0.031433,-0.017467,-0.003501,0.010465,0.024432,0.038398,0.88704,0.052364,0.06633,0.080297,0.094792,0.11574,0.13228,0.14625,0.16021,0.17418,0.18605,0.84385,0.19304,0.20599,0.21996,0.23393,0.24789,0.26186,0.27527,0.28225,0.29367,0.3063,0.81592,0.31329,0.32027,0.32725,0.33424,0.34722,0.35829,0.36527,0.37225,0.37924,0.38622,1.7322,0.78799,0.3932,0.40018,0.40717,0.41415,0.42638,0.4382,0.44518,0.45217,0.46207,0.47604,0.7412,0.4832,0.49018,0.49777,0.51174,0.52122,0.5282,0.53518,0.54217,0.55132,0.56528,0.6934,0.5732,0.58018,0.58717,0.59415,0.60113,0.60875,0.62271,0.63217,0.64056,0.65453,0.67245,0.6632,0.67238,0.68634,0.70031,0.71427,0.72824,0.74221,0.75617,0.77014,0.78411,0.6515,0.79807,0.81348,0.83442,0.85537,0.87632,0.89727,0.91822,0.93917,0.96012,0.98795,0.62576,1.0121,1.0337,1.0617,1.0896,1.1175,1.1455,1.1681,1.1912,1.2192,1.2471,0.59085,1.275,1.303,1.324,1.3488,1.376,1.3969,1.4179,1.4388,1.4598,1.4807,0.57476,1.5017,1.5226,1.5436,1.5615,1.5754,1.5963,1.6135,1.6274,1.6414,1.6507,0.56397,1.6592,1.6732,1.6818,1.6911,1.705,1.7128,1.7198,1.7268,1.7338,1.7407,0.55669,1.7477,1.7547,1.7617,1.7687,1.7757,1.7826,1.785,1.778,1.6903,0.52177,0.50269,0.49656,0.49656,0.47286,0.43795,0.40303,0.38468,0.37313,0.36615,1.6671,0.32766,0.29856,0.28429,0.24938,0.22641,0.21245,0.19848,0.17498,0.15038,0.13641,1.6515,0.12245,0.10115,0.06623,0.050297,0.029877,0.002071,-0.018879,-0.039828,-0.060778,-0.081727,1.6306,-0.093097,-0.11021,-0.1591,-0.18012,-0.19162,-0.1986,-0.21194,-0.22915,-0.24995,-0.26392,1.5933,-0.28192,-0.30287,-0.32382,-0.34477,-0.36572,-0.38667,-0.41321,-0.43865,-0.4596,-0.48693,1.5584,-0.51486,-0.54279,-0.57072,-0.59866,-0.62755,-0.66246,-0.69254,-0.72221,-0.75712,-0.79204,1.0,1.0
1.6005,1.5215,1.3393,-1.1307,-1.1679,-1.1975,-1.2271,-1.2568,-1.2875,-1.3262,-1.3558,-1.3851,-1.4049,1.2869,-1.4345,-1.4545,-1.4836,-1.5041,-1.5239,-1.5351,-1.5532,-1.573,-1.5851,-1.6023,1.2246,-1.6221,-1.635,-1.6449,-1.661,-1.6748,-1.6846,-1.6945,-1.7044,-1.7094,-1.714,1.1849,-1.7239,-1.7297,-1.7334,-1.7398,-1.743,-1.75,-1.7526,-1.7578,-1.7479,-1.738,1.1366,-1.7282,-1.7183,-1.7084,-1.6985,-1.6887,-1.6787,-1.6589,-1.6489,-1.6296,-1.6098,1.1012,-1.5901,-1.5703,-1.5506,-1.5308,-1.5033,-1.4812,-1.4542,-1.4246,-1.395,-1.3717,1.0587,-1.3459,-1.3163,-1.2867,-1.2623,-1.2376,-1.208,-1.1827,-1.1589,-1.1292,-1.1032,1.0211,-1.0802,-1.0505,-1.0237,-1.0014,-0.97182,-0.9441,-0.92273,-0.89446,-0.87364,-0.84481,0.98597,-0.82506,-0.80509,-0.77546,-0.75567,-0.73592,-0.71617,-0.69642,-0.67668,-0.65693,-0.63718,0.95114,-0.61743,-0.60528,-0.58809,-0.57538,-0.55875,-0.54547,-0.5356,-0.52573,-0.51022,-0.49583,1.5097,0.9314,-0.48595,-0.47608,-0.46621,-0.46057,-0.45661,-0.44674,-0.43686,-0.43011,-0.42727,-0.41996,0.89878,-0.41767,-0.40981,-0.40808,-0.39821,-0.3895,-0.38861,-0.37874,-0.36919,-0.36914,-0.35927,0.86144,-0.3494,-0.33952,-0.32965,-0.31977,-0.30137,-0.28987,-0.28,-0.27013,-0.25284,-0.24023,0.8417,-0.23035,-0.22048,-0.20431,-0.19058,-0.18071,-0.17083,-0.16096,-0.14619,-0.13106,-0.12118,0.80814,-0.11131,-0.10522,-0.10172,-0.091841,-0.081968,-0.072094,-0.064606,-0.062499,-0.052626,-0.0443,0.76476,-0.043031,-0.033157,-0.023994,-0.023563,-0.013689,-0.003816,-0.003689,0.005779,0.015653,0.025527,0.75199,0.0354,0.045274,0.055148,0.065021,0.074895,0.084769,0.094643,0.10452,0.11439,0.12426,0.7244,0.13414,0.14401,0.15389,0.16376,0.17363,0.18351,0.19338,0.20325,0.21313,0.22633,0.68204,0.24303,0.2529,0.26278,0.27265,0.28252,0.29405,0.31242,0.3223,0.33217,0.34204,0.65613,0.35217,0.37192,0.38182,0.39169,0.41086,0.42159,0.43147,0.44979,0.46137,0.47913,1.4998,0.60676,0.49888,0.51129,0.52822,0.54797,0.56122,0.57731,0.603,0.62696,0.64671,0.66135,0.56038,0.67605,0.69125,0.70539,0.72514,0.74489,0.76121,0.77423,0.79111,0.80357,0.82101,0.53076,0.83291,0.85266,0.87094,0.882,0.90084,0.91135,0.93074,0.94061,0.95048,0.97003,0.50208,0.98039,0.99937,1.0103,1.0202,1.0466,1.0602,1.0778,1.0901,1.1,1.1167,0.48233,1.1299,1.1398,1.1496,1.1595,1.1749,1.1894,1.1993,1.2092,1.219,1.2289,0.46144,1.2388,1.2487,1.2618,1.2786,1.2884,1.2983,1.3082,1.3199,1.3381,1.3479,0.41238,1.3578,1.3677,1.3776,1.3874,1.3973,1.4072,1.4171,1.4269,1.4368,1.4467,0.39263,1.4566,1.4664,1.4763,1.4862,1.4961,1.5059,1.5158,1.5257,1.5294,1.5353,0.37288,1.5451,1.555,1.5649,1.5748,1.5802,1.5844,1.5942,1.6041,1.614,1.6239,0.35314,1.6337,1.6436,1.6535,1.6614,1.6597,1.6484,1.6298,1.6191,1.4899,0.33339,0.31364,0.29389,0.24925,0.23196,0.19112,0.1716,0.133,0.11815,0.071773,1.48,0.040731,0.012658,-0.009476,-0.019349,-0.029223,-0.039097,-0.058311,-0.07915,-0.089024,-0.098898,1.4617,-0.11943,-0.1491,-0.16497,-0.18916,-0.20634,-0.23936,-0.25299,-0.28102,-0.3034,-0.3429,1.4501,-0.38011,-0.3895,-0.39031,-0.42981,-0.43011,-0.45867,-0.51601,-0.53941,-0.55048,-0.56035,1.4086,-0.57834,-0.59809,-0.61028,-0.62743,-0.64718,-0.67366,-0.69683,-0.72275,-0.75237,-0.78199,1.3592,-0.81161,-0.84123,-0.87085,-0.90496,-0.94025,-0.96987,-0.99949,-1.0325,-1.0689,-1.0985,1.0,1.0
-2.1272,-1.9899,-1.7821,-0.84755,-0.84755,-0.84406,-0.83462,-0.83462,-0.83462,-0.83462,-0.83462,-0.83462,-0.83462,-1.7497,-0.8301,-0.8217,-0.8217,-0.82163,-0.81019,-0.80877,-0.80024,-0.79584,-0.79029,-0.78292,-1.7234,-0.78033,-0.76999,-0.76999,-0.75894,-0.75707,-0.75707,-0.75047,-0.74414,-0.74414,-0.74201,-1.7005,-0.73121,-0.73121,-0.72061,-0.71829,-0.71066,-0.70536,-0.70071,-0.69244,-0.69244,-0.69224,-1.6776,-0.6808,-0.67951,-0.67951,-0.67234,-0.6609,-0.65366,-0.65094,-0.6395,-0.62807,-0.61663,-1.6512,-0.60519,-0.58554,-0.56938,-0.55794,-0.5465,-0.5328,-0.5107,-0.49926,-0.48782,-0.46714,-1.619,-0.45201,-0.44058,-0.42435,-0.40147,-0.38041,-0.36864,-0.34576,-0.32288,-0.30001,-0.27713,-1.5961,-0.25425,-0.23137,-0.20849,-0.18697,-0.17553,-0.15278,-0.13972,-0.12829,-0.11,-0.092481,-1.5732,-0.081041,-0.069602,-0.058162,-0.046723,-0.035283,-0.023844,-0.020289,-0.013891,-0.007364,-0.003938,-1.5503,0.005562,0.006015,0.017454,0.018488,0.018488,0.025921,0.031414,0.031414,0.031414,0.031414,-1.9522,-1.5274,0.031414,0.031414,0.041367,0.04434,0.04434,0.04434,0.048347,0.057266,0.057266,0.057266,-1.497,0.057266,0.057266,0.06528,0.070192,0.070192,0.073746,0.083118,0.083699,0.095139,0.096044,-1.4688,0.10509,0.11653,0.1219,0.12648,0.13792,0.14936,0.16067,0.16067,0.17076,0.18219,-1.4459,0.18652,0.19215,0.20359,0.21238,0.21354,0.22498,0.2253,0.23493,0.23823,0.24489,-1.4261,0.25632,0.26408,0.26628,0.27772,0.28916,0.3006,0.31204,0.32347,0.33491,0.34635,-1.4131,0.35779,0.37098,0.3936,0.40504,0.41648,0.43664,0.45228,0.46947,0.48809,0.49953,-1.3902,0.51226,0.53514,0.54677,0.55821,0.56965,0.58787,0.60545,0.61689,0.62833,0.63977,-1.3673,0.65121,0.66265,0.6834,0.69846,0.70989,0.72618,0.7457,0.75714,0.76858,0.78002,-1.3545,0.78112,0.78997,0.80141,0.80697,0.81136,0.8228,0.83282,0.83282,0.84419,0.84575,-1.3345,0.85415,0.85867,0.8641,0.8716,0.87405,0.88452,0.88452,0.89545,0.89745,0.89745,-1.9378,-1.3187,0.90391,0.91038,0.91038,0.91238,0.9233,0.9233,0.9233,0.9233,0.9308,0.93623,-1.3016,0.93623,0.93623,0.93623,0.93629,0.94773,0.94915,0.94915,0.94915,0.94915,0.94915,-1.2829,0.95174,0.96208,0.96208,0.96208,0.96208,0.97016,0.97501,0.97501,0.97501,0.97714,-1.2715,0.98793,0.98793,0.98793,0.99704,1.0009,1.007,1.0184,1.0299,1.0413,1.0528,-1.2588,1.0642,1.0756,1.0871,1.0985,1.11,1.1214,1.1328,1.1443,1.1557,1.1671,-1.236,1.1786,1.1982,1.2144,1.2258,1.2373,1.2464,1.2472,1.2587,1.2701,1.2723,-1.2242,1.2801,1.2915,1.3029,1.3144,1.3276,1.3502,1.3616,1.3833,1.415,1.442,-1.2031,1.4707,1.5094,1.5523,1.588,1.6337,1.6682,1.7123,1.7497,1.7909,1.8313,-1.1884,1.8617,1.887,1.9195,1.9309,1.9532,1.9667,1.9782,1.9896,1.9962,1.9927,-1.177,1.9832,1.9819,1.9475,1.9653,1.9792,1.9981,2.015,2.0309,-1.9194,-1.1655,-1.1541,-1.1426,-1.1319,-1.1319,-1.1213,-1.119,-1.1113,-1.1061,-1.1013,-1.8965,-1.0931,-1.0914,-1.08,-1.0685,-1.0673,-1.0586,-1.0544,-1.0486,-1.0414,-1.0387,-1.8736,-1.0272,-1.0158,-1.0156,-1.0058,-0.99439,-0.98295,-0.97151,-0.96388,-0.96155,-0.95011,-1.8507,-0.93867,-0.93803,-0.92872,-0.9251,-0.91877,-0.91218,-0.90882,-0.89925,-0.89886,-0.88742,-1.8278,-0.88632,-0.88632,-0.88632,-0.88044,-0.8734,-0.8734,-0.87198,-0.86054,-0.86047,-0.86047,-1.805,-0.86047,-0.85356,-0.84755,-0.84755,-0.84755,-0.84755,-0.84755,-0.84755,-0.84755,-0.84755,3.0,5.0
-0.81237,-0.81237,-0.8307,-1.2335,-1.2101,-1.1868,-1.1634,-1.1401,-1.1167,-1.0934,-1.07,-1.0467,-1.0233,-0.83425,-0.99996,-0.97661,-0.95325,-0.9299,-0.90655,-0.8832,-0.85984,-0.83649,-0.8237,-0.80073,-0.83425,-0.77847,-0.76496,-0.74161,-0.72156,-0.70584,-0.68727,-0.6756,-0.65766,-0.64131,-0.62963,-0.83425,-0.61795,-0.60628,-0.5946,-0.58293,-0.57125,-0.5608,-0.55883,-0.54716,-0.53548,-0.52799,-0.83425,-0.52307,-0.51139,-0.49972,-0.48804,-0.48424,-0.47562,-0.46395,-0.45227,-0.4406,-0.42892,-0.84519,-0.41724,-0.40557,-0.39389,-0.38222,-0.37054,-0.35886,-0.34719,-0.33551,-0.32383,-0.30415,-0.84519,-0.28954,-0.27787,-0.26619,-0.24358,-0.2319,-0.21872,-0.19761,-0.18295,-0.16332,-0.14719,-0.84519,-0.12383,-0.10048,-0.07713,-0.061188,-0.041363,-0.018011,0.005341,0.028694,0.052046,0.075398,-0.84754,0.098751,0.1221,0.14546,0.16881,0.19216,0.21551,0.23887,0.26222,0.28557,0.31721,-0.85613,0.34321,0.36656,0.38992,0.41327,0.43662,0.46175,0.49426,0.51762,0.54097,0.56905,-0.81237,-0.85613,0.59861,0.62196,0.64532,0.67635,0.70296,0.72631,0.75956,0.78395,0.81824,0.8416,-0.85613,0.86686,0.89924,0.92259,0.95007,0.98023,1.0036,1.0333,1.0612,1.0924,1.1189,-0.86143,1.1515,1.1765,1.1999,1.2342,1.2575,1.2829,1.3152,1.3385,1.3661,1.3961,-0.86706,1.4195,1.4429,1.4734,1.5005,1.5238,1.5378,1.5596,1.583,1.5954,1.6173,-0.87385,1.629,1.6406,1.6523,1.664,1.6757,1.6873,1.6858,1.6741,1.6624,1.6508,-0.878,1.6486,1.6383,1.6267,1.615,1.6033,1.5916,1.583,1.5792,1.5675,1.5559,-0.878,1.5442,1.5325,1.5208,1.4927,1.4756,1.4445,1.4199,1.4075,1.3852,1.3718,-0.878,1.3484,1.3283,1.3126,1.294,1.2769,1.2597,1.248,1.2287,1.2137,1.202,-0.878,1.1904,1.1681,1.1561,1.1444,1.1327,1.1184,1.0984,1.0867,1.0751,1.0578,-0.878,1.0408,1.0291,1.0097,0.99481,0.98313,0.97146,0.94906,0.93717,0.92423,0.90288,-0.81237,-0.878,0.8912,0.87605,0.85691,0.84028,0.82262,0.80452,0.78833,0.76875,0.75404,0.73298,-0.878,0.71975,0.69722,0.68546,0.67239,0.65117,0.63949,0.62782,0.61614,0.59938,0.57603,-0.878,0.55924,0.54756,0.52784,0.51327,0.50159,0.48992,0.4673,0.45563,0.44395,0.43227,-0.878,0.4206,0.40892,0.39725,0.38557,0.37389,0.36892,0.36148,0.3498,0.33813,0.32645,-0.878,0.31477,0.31404,0.30236,0.29235,0.28994,0.27827,0.26659,0.25954,0.25418,0.2486,-0.88197,0.25544,0.25954,0.25954,0.25954,0.25954,0.27007,0.27048,0.27048,0.27048,0.26793,-0.92657,0.25954,0.25954,0.25954,0.25404,0.2486,0.2486,0.2486,0.24015,0.23766,0.23766,-0.97644,0.23766,0.23766,0.23766,0.23766,0.23766,0.23766,0.23766,0.23766,0.23766,0.23766,-1.0197,0.23766,0.24551,0.2486,0.2486,0.2486,0.2486,0.2486,0.2486,0.25068,0.25954,-1.0599,0.25954,0.25954,0.25954,0.25954,0.25954,0.25954,0.25954,0.25954,-0.80942,-1.0716,-1.1169,-1.1478,-1.1613,-1.173,-1.1867,-1.2522,-1.2755,-1.3094,-1.3794,-0.80513,-1.4495,-1.5002,-1.5403,-1.5734,-1.6204,-1.6592,-1.6741,-1.6857,-1.7074,-1.763,-0.81237,-1.8301,-1.8405,-1.8405,-1.8378,-1.8261,-1.8187,-1.8137,-1.802,-1.7903,-1.7787,-0.81237,-1.767,-1.7553,-1.7436,-1.7319,-1.7203,-1.7079,-1.686,-1.6743,-1.6597,-1.64,-0.81237,-1.6283,-1.6116,-1.5882,-1.5714,-1.5524,-1.5291,-1.5145,-1.4933,-1.47,-1.4575,-0.81902,-1.4342,-1.4124,-1.3984,-1.3781,-1.3627,-1.3393,-1.3212,-1.3035,-1.2802,-1.2568,4.0,4.0
-1.8349,-1.8123,-1.6091,-0.87951,-0.8908,-0.90209,-0.9183,-0.9352,-0.94649,-0.95778,-0.96907,-0.98036,-0.99165,-1.5781,-0.99268,-1.0142,-1.0255,-1.0368,-1.0453,-1.0453,-1.0453,-1.0402,-1.0348,-1.0282,-1.5534,-1.0169,-1.0056,-0.99431,-0.97336,-0.9612,-0.93873,-0.91614,-0.89356,-0.86803,-0.83787,-1.5308,-0.77502,-0.69796,-0.66938,-0.64227,-0.61216,-0.58658,-0.564,-0.54142,-0.51878,-0.48573,-1.5082,-0.46315,-0.44291,-0.42851,-0.40593,-0.38335,-0.36616,-0.34871,-0.33305,-0.32176,-0.30202,-1.4856,-0.28865,-0.27736,-0.26607,-0.25381,-0.23296,-0.22167,-0.21364,-0.20962,-0.19833,-0.18704,-1.4647,-0.18206,-0.18206,-0.17422,-0.17153,-0.17153,-0.17153,-0.17153,-0.17267,-0.18206,-0.18206,-1.451,-0.18548,-0.19677,-0.20312,-0.20883,-0.22012,-0.23141,-0.2427,-0.25399,-0.26528,-0.27657,-1.4316,-0.29839,-0.30968,-0.32097,-0.33508,-0.35408,-0.36537,-0.38177,-0.39848,-0.40977,-0.42106,-1.4164,-0.45683,-0.4663,-0.47599,-0.47683,-0.46562,-0.45433,-0.44304,-0.43175,-0.41672,-0.39414,-1.7897,-1.3985,-0.37156,-0.34897,-0.32639,-0.30381,-0.20638,-0.15482,-0.12095,-0.087077,-0.053204,-0.019332,-1.3872,0.01454,0.048412,0.082285,0.1115,0.1395,0.17337,0.2003,0.23059,0.25599,0.27857,-1.3759,0.30115,0.32373,0.34631,0.36713,0.38095,0.40024,0.41559,0.43335,0.44464,0.45593,-1.3646,0.46012,0.46799,0.47928,0.49057,0.50186,0.51275,0.51391,0.52328,0.52597,0.53726,-1.3611,0.54434,0.54434,0.55007,0.55486,0.55486,0.55486,0.55486,0.54531,0.54434,0.53326,-1.3611,0.52197,0.51068,0.49654,0.47757,0.46191,0.44446,0.42727,0.40469,0.38211,0.35953,-1.3611,0.33695,0.31436,0.29178,0.27973,0.25862,0.24733,0.23304,0.21422,0.18935,0.16535,-1.3712,0.16535,0.16535,0.16535,0.16535,0.16535,0.16535,0.17587,0.17674,0.1864,0.1888,-1.3717,0.19693,0.20085,0.21214,0.22343,0.23472,0.24601,0.2573,0.2686,0.27989,0.3012,-1.3717,0.31326,0.33584,0.37274,0.46522,0.49112,0.52091,0.54834,0.58221,0.61608,0.64995,-1.7671,-1.3717,0.68383,0.7177,0.75157,0.78544,0.80879,0.84266,0.87653,0.9104,0.9408,0.96762,-1.3743,1.0015,1.0296,1.0522,1.0821,1.1079,1.1305,1.1435,1.1651,1.1771,1.1984,-1.3856,1.2097,1.221,1.2323,1.2392,1.2392,1.2451,1.2497,1.2497,1.2415,1.2392,-1.3927,1.2392,1.2392,1.2279,1.2181,1.2158,1.2015,1.1865,1.182,1.1707,1.1594,-1.3927,1.1481,1.1368,1.1339,1.1247,1.1233,1.1128,1.1119,1.1089,1.1468,1.1581,-1.3871,1.1694,1.1901,1.213,1.2306,1.2462,1.2652,1.2878,1.3104,1.333,1.3555,-1.3822,1.3792,1.4112,1.4338,1.4597,1.4895,1.5169,1.5452,1.5742,1.6009,1.6235,-1.375,1.646,1.6781,1.7017,1.7243,1.7469,1.7695,1.7921,1.8146,1.8372,1.8598,-1.3637,1.8766,1.8944,1.9243,1.942,1.9533,1.9742,1.9864,1.9983,2.0196,2.0308,-1.3524,2.045,2.064,2.0752,2.0865,2.0978,2.1091,2.1204,2.1317,-1.7446,-1.3411,-1.3196,-1.297,-1.2744,-1.2519,-1.2293,-1.2067,-1.1841,-1.1615,-1.1331,-1.722,-1.1058,-1.0833,-1.0526,-1.0276,-1.005,-0.98241,-0.95983,-0.93865,-0.9252,-0.90262,-1.6994,-0.88372,-0.86798,-0.85061,-0.83932,-0.82803,-0.81674,-0.80545,-0.79416,-0.78287,-0.77157,-1.6768,-0.76107,-0.75952,-0.75055,-0.74747,-0.74002,-0.73541,-0.72949,-0.72336,-0.71896,-0.71896,-1.6542,-0.71896,-0.71896,-0.71896,-0.71896,-0.71896,-0.72067,-0.72949,-0.72949,-0.73349,-0.74478,-1.6316,-0.75055,-0.75684,-0.76813,-0.77942,-0.79071,-0.802,-0.8234,-0.83511,-0.8464,-0.85956,5.0,5.0
-0.71012,-0.74011,-0.75359,-1.9417,-1.9117,-1.8872,-1.8662,-1.8362,-1.8062,-1.7762,-1.7463,-1.7163,-1.6863,-0.75359,-1.6563,-1.6263,-1.5922,-1.5522,-1.5218,-1.4918,-1.4612,-1.4213,-1.3874,-1.3558,-0.75359,-1.3158,-1.2829,-1.2503,-1.2103,-1.1784,-1.1448,-1.1048,-1.0648,-1.0248,-0.98484,-0.75359,-0.94485,-0.90486,-0.86487,-0.82488,-0.78489,-0.74707,-0.71708,-0.6794,-0.63941,-0.59942,-0.74403,-0.55943,-0.52364,-0.49365,-0.45395,-0.41918,-0.38918,-0.35919,-0.3292,-0.2992,-0.26921,-0.7391,-0.23922,-0.20923,-0.17923,-0.14924,-0.12301,-0.10302,-0.07375,-0.048539,-0.028544,-0.008548,-0.7391,0.005651,0.016953,0.036948,0.050133,0.060131,0.070129,0.080126,0.090124,0.10012,0.11012,-0.7391,0.12012,0.13011,0.13026,0.13562,0.14562,0.15562,0.16561,0.17561,0.18561,0.19561,-0.7391,0.2056,0.2156,0.2256,0.2356,0.24559,0.25559,0.26559,0.27602,0.29602,0.31007,-0.73751,0.32007,0.33007,0.34702,0.36455,0.37455,0.39252,0.41251,0.43251,0.44352,0.45801,-0.75359,-0.72751,0.478,0.498,0.51249,0.5235,0.54349,0.56349,0.58146,0.59145,0.60899,0.62898,-0.72461,0.64898,0.66897,0.68897,0.70896,0.71939,0.73446,0.75446,0.77445,0.79445,0.81444,-0.72461,0.83444,0.85444,0.87443,0.89443,0.91442,0.93442,0.95441,0.97441,0.9944,1.0144,-0.72461,1.0344,1.0544,1.0744,1.0944,1.1144,1.1344,1.1544,1.1744,1.1944,1.2144,-0.7165,1.2343,1.2543,1.2743,1.2943,1.3143,1.3343,1.3543,1.3743,1.3926,1.4026,-0.71012,1.4198,1.4398,1.4598,1.4715,1.4815,1.4915,1.5015,1.5115,1.5215,1.5315,-0.71012,1.5415,1.5515,1.5615,1.5715,1.5815,1.5915,1.5937,1.5903,1.5804,1.5792,-0.71012,1.5748,1.5648,1.5548,1.5449,1.5349,1.5249,1.5149,1.503,1.483,1.4704,-0.71012,1.4575,1.4375,1.4259,1.412,1.392,1.3626,1.3375,1.3175,1.2975,1.2775,-0.71012,1.2561,1.2261,1.203,1.1806,1.1506,1.1286,1.1051,1.0751,1.0541,1.0296,-0.75359,-0.71012,0.99962,0.96963,0.94514,0.92413,0.89414,0.87066,0.84864,0.81865,0.79619,0.77315,-0.71012,0.74316,0.72171,0.69766,0.66767,0.64724,0.62724,0.60725,0.58725,0.56726,0.54726,-0.71012,0.52727,0.50727,0.48728,0.46728,0.4554,0.4454,0.4354,0.42541,0.41541,0.40541,-0.71012,0.39541,0.38542,0.37542,0.36542,0.35542,0.34543,0.33543,0.32543,0.31862,0.31862,-0.71012,0.31862,0.31862,0.31862,0.31862,0.31862,0.31862,0.31862,0.31862,0.31862,0.31862,-0.71012,0.31862,0.31862,0.31862,0.31862,0.31862,0.31862,0.31862,0.31862,0.31862,0.31862,-0.71012,0.31862,0.31862,0.31862,0.31862,0.31862,0.31862,0.31862,0.31862,0.31862,0.31862,-0.71012,0.31862,0.31862,0.31862,0.31862,0.31862,0.31862,0.31862,0.31862,0.31862,0.31862,-0.71012,0.31862,0.31862,0.32702,0.33311,0.33311,0.33311,0.33804,0.3476,0.3476,0.35354,-0.71012,0.36209,0.36209,0.36904,0.37658,0.37658,0.37658,0.38006,0.39005,-0.75359,-0.71881,-0.72461,-0.72461,-0.72461,-0.72461,-0.72461,-0.72461,-0.72461,-0.72461,-0.72461,-0.75359,-0.76808,-0.8143,-0.8243,-0.84255,-0.85878,-0.86878,-0.87878,-0.9079,-0.95702,-0.97701,-0.75359,-1.0144,-1.0605,-1.0805,-1.1209,-1.1639,-1.1839,-1.2039,-1.2406,-1.3106,-1.3452,-0.75359,-1.3839,-1.4339,-1.4543,-1.4796,-1.5114,-1.5614,-1.5922,-1.6122,-1.6322,-1.6818,-0.75359,-1.7302,-1.7502,-1.7702,-1.7902,-1.8101,-1.8301,-1.8649,-1.9132,-1.9232,-1.9569,-0.75359,-2.0011,-2.0111,-2.0489,-2.0817,-2.0617,-2.0417,-2.0217,-2.0017,-1.9817,-1.9617,4.0,4.0
-2.2812,-2.0732,-1.7314,-0.54443,-0.54443,-0.55106,-0.56251,-0.56615,-0.57456,-0.58601,-0.59746,-0.60891,-0.62037,-1.6971,-0.64267,-0.65413,-0.66558,-0.67703,-0.69141,-0.71079,-0.73049,-0.76013,-0.77771,-0.78325,-1.6699,-0.78325,-0.78325,-0.78325,-0.78325,-0.77435,-0.77239,-0.77239,-0.7617,-0.7611,-0.75068,-1.647,-0.74905,-0.7376,-0.72897,-0.72555,-0.69,-0.63752,-0.62607,-0.61461,-0.59676,-0.58085,-1.6241,-0.5694,-0.54975,-0.52685,-0.51334,-0.4919,-0.46899,-0.44609,-0.42318,-0.40028,-0.37949,-1.6101,-0.36533,-0.34242,-0.31952,-0.29661,-0.27881,-0.26166,-0.23876,-0.21585,-0.20044,-0.1809,-1.5987,-0.15799,-0.13509,-0.11219,-0.099756,-0.077232,-0.054328,-0.032835,-0.019374,0.00353,0.023232,-1.5872,0.038483,0.061387,0.084292,0.10161,0.11925,0.14215,0.15767,0.1771,0.19143,0.20288,-1.5758,0.21434,0.22579,0.23713,0.23784,0.24799,0.24799,0.24799,0.24489,0.23713,0.23284,-1.5653,0.22139,0.20994,0.19241,0.17618,0.15745,0.13455,0.11165,0.088742,0.065838,0.042934,-2.0389,-1.5768,0.02003,-0.002875,-0.024585,-0.037828,-0.067897,-0.11322,-0.12467,-0.14448,-0.16451,-0.16988,-1.5865,-0.18133,-0.19278,-0.19707,-0.19707,-0.19707,-0.19707,-0.19707,-0.19707,-0.19707,-0.18622,-1.5888,-0.18622,-0.18453,-0.17308,-0.16163,-0.15018,-0.13873,-0.12727,-0.11582,-0.098508,-0.082063,-1.5974,-0.014164,0.035335,0.066489,0.091999,0.12435,0.14866,0.1822,0.21656,0.24994,0.27442,-1.5974,0.31095,0.35399,0.38834,0.4227,0.45706,0.49141,0.52577,0.56012,0.59448,0.62884,-1.5974,0.65505,0.68669,0.71172,0.73462,0.75752,0.78043,0.80333,0.82624,0.84708,0.86119,-1.5974,0.88084,0.89614,0.91905,0.9369,0.954,0.97066,0.98212,0.99357,1.005,1.0165,-1.6026,1.0279,1.0394,1.0404,1.0513,1.0513,1.0513,1.0513,1.0513,1.0481,1.0404,-1.6082,1.0361,1.0246,1.0132,0.99558,0.9794,0.96795,0.94857,0.93419,0.91362,0.89072,-1.6082,0.87812,0.84491,0.82265,0.80995,0.78705,0.76659,0.7521,0.73283,0.71714,0.69424,-2.0027,-1.6082,0.67676,0.66531,0.65386,0.64241,0.63877,0.63036,0.62791,0.61831,0.61706,0.61706,-1.6082,0.61706,0.61706,0.61706,0.61706,0.61999,0.62791,0.62791,0.63264,0.64409,0.64962,-1.6082,0.65614,0.66759,0.67133,0.67964,0.69109,0.70254,0.7039,0.72528,0.79161,0.81348,-1.6082,0.82656,0.85614,0.90494,0.92784,0.95476,0.99373,1.0291,1.0578,1.0858,1.1087,-1.6082,1.1316,1.1545,1.1774,1.1909,1.2124,1.2353,1.2473,1.2693,1.2807,1.2922,-1.6082,1.3036,1.3151,1.3265,1.338,1.3444,1.35,1.3615,1.3661,1.3736,1.3769,-1.6082,1.3856,1.3878,1.3878,1.3982,1.3986,1.3986,1.3986,1.3986,1.3986,1.3986,-1.5974,1.3986,1.3986,1.3986,1.3986,1.3986,1.3986,1.3912,1.3878,1.3963,1.4078,-1.5974,1.4193,1.4307,1.4422,1.4543,1.4772,1.502,1.5339,1.5599,1.5942,1.6286,-1.5958,1.6629,1.6973,1.7317,1.766,1.7931,1.816,1.8389,1.8527,-1.9593,-1.5865,-1.5865,-1.5832,-1.5717,-1.5603,-1.5488,-1.5373,-1.5259,-1.5144,-1.4954,-1.9249,-1.4807,-1.4605,-1.4376,-1.4246,-1.4026,-1.3797,-1.356,-1.3231,-1.3002,-1.2746,-1.887,-1.2402,-1.2097,-1.1824,-1.148,-1.1193,-1.0902,-1.0558,-1.0289,-0.99796,-0.97223,-1.8412,-0.9401,-0.91557,-0.89267,-0.86976,-0.84686,-0.82531,-0.8119,-0.789,-0.76924,-0.75405,-1.8002,-0.73548,-0.71909,-0.70173,-0.69027,-0.67882,-0.66004,-0.64506,-0.63361,-0.62216,-0.61071,-1.7658,-0.59925,-0.5878,-0.577,-0.57575,-0.5643,-0.55529,-0.55225,-0.54443,-0.54443,-0.54443,5.0,5.0
-1.9388,-1.8472,-1.6255,-0.75087,-0.7604,-0.77566,-0.79093,-0.80619,-0.82146,-0.83672,-0.85199,-0.86726,-0.88252,-1.6066,-0.90123,-0.93176,-0.95127,-0.96654,-0.9818,-1.0025,-1.0222,-1.0298,-1.0375,-1.0451,-1.5837,-1.0527,-1.055,-1.055,-1.055,-1.055,-1.0536,-1.046,-1.0383,-1.0293,-1.0141,-1.5682,-0.99879,-0.98221,-0.95931,-0.93641,-0.91351,-0.89061,-0.82226,-0.73911,-0.70094,-0.66777,-1.5529,-0.63609,-0.59793,-0.55977,-0.52269,-0.49216,-0.45675,-0.41962,-0.38909,-0.35374,-0.31655,-1.5377,-0.28602,-0.25549,-0.22588,-0.20298,-0.17538,-0.14485,-0.11432,-0.088435,-0.065537,-0.042639,-1.5224,-0.024332,-0.00832,0.014578,0.032942,0.048208,0.063473,0.078738,0.093372,0.10101,0.10864,-1.5071,0.11684,0.13211,0.14301,0.15013,0.15013,0.15443,0.16161,0.16161,0.16161,0.16161,-1.4919,0.16161,0.16161,0.16126,0.15363,0.146,0.13837,0.13073,0.1231,0.11524,0.099972,-1.4839,0.084707,0.069614,0.061981,0.050388,0.035123,0.019858,0.004592,-0.010788,-0.041319,-0.064159,-1.7897,-1.4763,-0.079425,-0.09469,-0.12511,-0.1709,-0.17882,-0.19391,-0.21681,-0.22468,-0.22864,-0.22864,-1.4686,-0.22864,-0.22864,-0.22864,-0.22864,-0.22508,-0.21744,-0.20981,-0.20218,-0.19455,-0.17963,-1.461,-0.16436,-0.14909,-0.13383,-0.11518,-0.09228,-0.076555,-0.034662,0.041665,0.075295,0.10255,-1.4534,0.12545,0.15541,0.18594,0.21647,0.24,0.26605,0.29659,0.32017,0.34307,0.36597,-1.4457,0.39575,0.42324,0.44614,0.46904,0.49194,0.51483,0.53096,0.54915,0.57205,0.58823,-1.4381,0.6035,0.61877,0.63403,0.64648,0.65412,0.66835,0.68086,0.68849,0.69613,0.70376,-1.4338,0.71139,0.71902,0.72666,0.73429,0.73549,0.73549,0.73549,0.73549,0.73549,0.73549,-1.4338,0.72918,0.72402,0.72402,0.71776,0.70772,0.69245,0.68338,0.6734,0.65813,0.64901,-1.4409,0.63908,0.62382,0.60855,0.59328,0.57802,0.56275,0.54749,0.53222,0.48712,0.43793,-1.4518,0.39977,0.38525,0.37555,0.36029,0.34502,0.33176,0.32413,0.3223,0.3223,0.3223,-1.7668,-1.4671,0.32803,0.33567,0.3433,0.35661,0.37004,0.37768,0.39656,0.41945,0.44235,0.46525,-1.4682,0.48815,0.51105,0.57802,0.65199,0.69016,0.72287,0.7534,0.78393,0.81985,0.85647,-1.4682,0.887,0.91753,0.94806,0.97859,1.0144,1.0511,1.0817,1.107,1.1312,1.1618,-1.4682,1.1871,1.21,1.2329,1.2558,1.2787,1.3016,1.3195,1.3347,1.35,1.3653,-1.4682,1.3794,1.387,1.3947,1.4023,1.4099,1.4176,1.4242,1.4242,1.4242,1.4251,-1.4651,1.4328,1.4356,1.4347,1.4271,1.4242,1.4242,1.4242,1.4195,1.4127,1.4127,-1.4574,1.4081,1.4005,1.3928,1.3897,1.389,1.3814,1.3962,1.4248,1.4324,1.4445,-1.4498,1.4597,1.475,1.4903,1.5055,1.5208,1.5361,1.5518,1.5747,1.5976,1.6205,-1.4422,1.6434,1.6663,1.6895,1.7201,1.7465,1.7696,1.8002,1.8307,1.8612,1.8918,-1.4345,1.9223,1.9528,1.9834,2.0178,2.056,2.0942,2.1284,2.159,-1.7515,-1.42,-1.4078,-1.4002,-1.3857,-1.3704,-1.3552,-1.3399,-1.3217,-1.2988,-1.2826,-1.7325,-1.2674,-1.2521,-1.2302,-1.2101,-1.1948,-1.173,-1.1501,-1.1272,-1.1108,-1.0929,-1.7096,-1.07,-1.0471,-1.0268,-1.0115,-0.98984,-0.96694,-0.94404,-0.92751,-0.90972,-0.88683,-1.6867,-0.86393,-0.84103,-0.81813,-0.80149,-0.78622,-0.77096,-0.75569,-0.74043,-0.72516,-0.7099,-1.6638,-0.69693,-0.68929,-0.68166,-0.67403,-0.6664,-0.65876,-0.65331,-0.65331,-0.65331,-0.65331,-1.6409,-0.65331,-0.65922,-0.66685,-0.67449,-0.68212,-0.68975,-0.69739,-0.71081,-0.72608,-0.74135,5.0,5.0
-0.47604,-0.43212,-0.39499,-2.1023,-2.0786,-2.0347,-2.011,-1.9874,-1.9518,-1.9198,-1.8961,-1.8522,-1.8285,-0.39499,-1.7963,-1.761,-1.7219,-1.6934,-1.6475,-1.6055,-1.5732,-1.5258,-1.494,-1.4515,-0.39499,-1.4041,-1.3623,-1.3298,-1.2825,-1.2507,-1.2081,-1.1629,-1.1337,-1.0864,-1.0514,-0.39499,-1.012,-0.96472,-0.93766,-0.89597,-0.8633,-0.82839,-0.78893,-0.76081,-0.71689,-0.69323,-0.39499,-0.66045,-0.62565,-0.58608,-0.55806,-0.51414,-0.48466,-0.44656,-0.4229,-0.38323,-0.35532,-0.39499,-0.33166,-0.308,-0.29367,-0.28095,-0.25729,-0.23363,-0.23024,-0.21261,-0.20319,-0.17953,-0.39499,-0.15587,-0.15182,-0.13155,-0.12542,-0.11129,-0.11129,-0.11129,-0.09158,-0.091023,-0.084792,-0.39499,-0.070759,-0.057739,-0.03408,-0.010422,0.010298,0.016631,0.04029,0.063948,0.087607,0.11127,-0.39499,0.11466,0.13188,0.14171,0.16537,0.18903,0.21269,0.23635,0.25347,0.2634,0.27373,-0.39499,0.29045,0.31411,0.3175,0.34116,0.36482,0.37506,0.39187,0.41553,0.43919,0.46285,-0.41525,-0.39499,0.48651,0.51017,0.53383,0.55748,0.58114,0.6048,0.61823,0.63185,0.65551,0.67917,-0.39499,0.69928,0.70622,0.72988,0.75354,0.7772,0.80061,0.80425,0.82791,0.85157,0.87523,-0.39499,0.89889,0.92255,0.9462,0.96986,0.99352,1.0172,1.0408,1.0645,1.0882,1.1118,-0.39499,1.1355,1.1591,1.1828,1.2064,1.2301,1.2538,1.2774,1.3011,1.3247,1.3281,-0.39499,1.3518,1.3755,1.3991,1.4228,1.4464,1.4701,1.4937,1.5174,1.5411,1.5647,-0.39499,1.5884,1.612,1.6357,1.6517,1.6407,1.617,1.6112,1.5909,1.5866,1.5629,-0.39499,1.5392,1.5156,1.4919,1.4683,1.4446,1.4209,1.3973,1.3736,1.35,1.3263,-0.39499,1.3027,1.271,1.2351,1.2114,1.1878,1.1641,1.1404,1.1168,1.0931,1.0695,-0.39499,1.0458,1.0221,0.99849,0.97483,0.96272,0.94777,0.92412,0.90046,0.8768,0.85314,-0.39499,0.82948,0.82087,0.80243,0.77877,0.76008,0.75172,0.72806,0.71955,0.70101,0.67902,-0.41525,-0.37472,0.67395,0.65876,0.6469,0.63849,0.63849,0.63672,0.61823,0.61823,0.61823,0.61823,-0.37472,0.61823,0.59796,0.59796,0.5893,0.5777,0.5777,0.55885,0.55743,0.55743,0.54867,-0.37472,0.53717,0.53717,0.53717,0.51691,0.51691,0.51691,0.51691,0.51691,0.51691,0.51691,-0.37472,0.51691,0.51691,0.51691,0.51691,0.51691,0.51691,0.51691,0.51691,0.51691,0.51691,-0.37472,0.51691,0.51691,0.51113,0.49664,0.49664,0.48068,0.47638,0.45611,0.44436,0.41558,-0.37472,0.40292,0.39532,0.37587,0.37247,0.35479,0.35479,0.35479,0.35479,0.35479,0.37774,-0.37472,0.4014,0.42506,0.43585,0.41959,0.41558,0.41558,0.41558,0.40601,0.39532,0.39532,-0.37472,0.39532,0.39532,0.39532,0.39532,0.39532,0.39532,0.39532,0.37506,0.37506,0.37506,-0.38212,0.37506,0.35849,0.35479,0.35479,0.35479,0.35479,0.35479,0.33812,0.33453,0.33453,-0.39499,0.33453,0.34451,0.35479,0.35479,0.37495,0.39532,0.40201,0.42567,-0.41525,-0.39499,-0.39499,-0.39499,-0.39909,-0.41525,-0.41525,-0.41525,-0.43293,-0.45659,-0.47604,-0.41525,-0.48364,-0.5073,-0.51657,-0.51657,-0.51748,-0.53684,-0.53684,-0.53684,-0.53684,-0.53684,-0.41525,-0.64221,-0.71922,-0.72702,-0.79546,-0.85539,-0.96897,-1.004,-1.0457,-1.164,-1.2371,-0.41176,-1.2608,-1.3568,-1.3892,-1.4313,-1.5175,-1.5982,-1.7401,-1.7911,-1.9161,-1.9398,-0.39499,-1.9959,-2.1257,-2.1782,-2.3246,-2.3677,-2.4668,-2.4822,-2.4474,-2.4064,-2.3828,-0.39499,-2.3591,-2.3354,-2.3118,-2.2881,-2.2645,-2.2408,-2.2172,-2.1885,-2.1496,-2.1259,4.0,4.0
-0.88698,-0.88698,-0.82295,-0.96261,-0.98111,-1.0586,-1.1291,-1.1915,-1.2568,-1.2753,-1.2938,-1.3196,-1.4115,-0.80632,-1.43,-1.4485,-1.467,-1.4855,-1.564,-1.6233,-1.6418,-1.6954,-1.7797,-1.7982,-0.80632,-1.8247,-1.9158,-1.9343,-1.9528,-2.0335,-1.9319,-1.8508,-1.8137,-1.7856,-1.7599,-0.80632,-1.7229,-1.6859,-1.6489,-1.6119,-1.5749,-1.5379,-1.4851,-1.4437,-1.4067,-1.3697,-0.78927,-1.3327,-1.2957,-1.2644,-1.2418,-1.2048,-1.1686,-1.1501,-1.114,-1.0929,-1.0601,-0.78615,-1.0357,-1.0063,-0.97854,-0.96004,-0.93558,-0.90286,-0.88174,-0.84473,-0.80773,-0.78852,-0.78615,-0.75388,-0.71688,-0.69268,-0.66303,-0.62602,-0.59683,-0.57218,-0.53517,-0.50099,-0.48133,-0.78615,-0.44432,-0.42531,-0.39048,-0.35347,-0.32947,-0.29962,-0.2723,-0.25379,-0.22894,-0.19662,-0.77576,-0.17812,-0.15962,-0.14111,-0.12261,-0.10411,-0.085603,-0.0671,-0.048597,-0.030094,-0.011591,-0.76598,0.006912,0.020524,0.023751,0.040691,0.040691,0.040691,0.05743,0.075933,0.081025,0.092772,-0.88698,-0.76598,0.10119,0.10961,0.12811,0.14153,0.14495,0.16346,0.18196,0.20046,0.21897,0.23747,-0.76598,0.25597,0.27448,0.29298,0.3201,0.35015,0.36865,0.38716,0.40566,0.42447,0.46147,-0.76598,0.48134,0.49984,0.53216,0.56916,0.59568,0.62301,0.66001,0.69702,0.73403,0.77103,-0.76391,0.80804,0.84505,0.88205,0.91906,0.94205,0.9729,1.0099,1.0379,1.0638,1.1008,-0.74581,1.1378,1.1748,1.2118,1.2488,1.2858,1.3228,1.3598,1.4094,1.454,1.491,-0.74581,1.528,1.565,1.602,1.639,1.6769,1.7324,1.7525,1.787,1.824,1.861,-0.74581,1.8981,1.9256,1.9441,1.9687,2.0013,2.0198,2.0383,2.0568,2.0753,2.0775,-0.74581,2.0922,2.0977,2.109,2.1179,2.1099,2.0977,2.0931,2.0716,2.0359,2.0174,-0.7319,1.9989,1.9639,1.9417,1.9101,1.8845,1.8562,1.8029,1.7419,1.7049,1.6679,-0.72565,1.6308,1.5938,1.5568,1.5198,1.4678,1.4256,1.3886,1.3516,1.3146,1.2776,-0.88698,-0.72565,1.2356,1.1834,1.1464,1.1094,1.0724,1.0185,0.97825,0.94124,0.89234,0.84706,-0.71672,0.81006,0.77305,0.73604,0.69904,0.66395,0.64519,0.60819,0.58827,0.56977,0.55126,-0.70548,0.53276,0.51426,0.49576,0.47014,0.44403,0.44403,0.44191,0.42386,0.42386,0.42386,-0.70548,0.42386,0.4099,0.40369,0.39306,0.38353,0.37622,0.35771,0.34319,0.34087,0.32303,-0.70548,0.32303,0.30553,0.28703,0.28269,0.28269,0.27185,0.26253,0.26253,0.26253,0.25834,-0.70548,0.24236,0.24236,0.24236,0.24236,0.24236,0.24236,0.22965,0.22219,0.22219,0.21448,-0.70488,0.20203,0.20203,0.1993,0.18186,0.18186,0.18186,0.18186,0.18186,0.16895,0.16169,-0.68637,0.16169,0.16961,0.18186,0.18186,0.18186,0.18186,0.18186,0.18186,0.18186,0.16709,-0.68531,0.16169,0.16169,0.16169,0.16169,0.16169,0.16169,0.16169,0.16169,0.16169,0.16169,-0.68531,0.16169,0.16169,0.14838,0.14153,0.13154,0.138,0.16835,0.18685,-0.87347,-0.68531,-0.68531,-0.68531,-0.67619,-0.66515,-0.66515,-0.66515,-0.66268,-0.64498,-0.64498,-0.86682,-0.64498,-0.64498,-0.64498,-0.64498,-0.63399,-0.62481,-0.62481,-0.62481,-0.62481,-0.62481,-0.85663,-0.62481,-0.62481,-0.60697,-0.60465,-0.60465,-0.60465,-0.60465,-0.60465,-0.60465,-0.60465,-0.84665,-0.60465,-0.60465,-0.60344,-0.58493,-0.58448,-0.58448,-0.58448,-0.58448,-0.58448,-0.58448,-0.83979,-0.58448,-0.58448,-0.58448,-0.58448,-0.58448,-0.58448,-0.58448,-0.58448,-0.5994,-0.60465,-0.82648,-0.60465,-0.60465,-0.60465,-0.60465,-0.60465,-0.61776,-0.69499,-0.80601,-0.82477,-0.92722,4.0,4.0
-1.8875,-1.809,-1.6241,-0.67102,-0.68529,-0.69957,-0.71515,-0.73657,-0.75798,-0.7794,-0.80081,-0.82223,-0.84364,-1.6099,-0.86506,-0.88647,-0.90266,-0.91925,-0.94066,-0.96208,-0.98711,-1.0136,-1.0207,-1.0278,-1.6008,-1.035,-1.0421,-1.043,-1.0397,-1.0326,-1.0254,-1.0183,-1.0094,-0.99516,-0.98088,-1.5914,-0.96359,-0.94217,-0.92076,-0.89934,-0.87652,-0.84797,-0.82504,-0.80091,-0.77236,-0.68137,-1.5771,-0.62477,-0.59622,-0.56766,-0.53911,-0.51056,-0.482,-0.44681,-0.41484,-0.38709,-0.36568,-1.5693,-0.33924,-0.31068,-0.28213,-0.25358,-0.22844,-0.20653,-0.17797,-0.15414,-0.13273,-0.11131,-1.5622,-0.0899,-0.068485,-0.047271,-0.032994,-0.014294,0.005613,0.019889,0.034166,0.045627,0.052766,-1.5551,0.066942,0.077096,0.084235,0.091373,0.093082,0.095596,0.10273,0.10314,0.099316,0.093082,-1.5479,0.093082,0.087955,0.080816,0.073678,0.06654,0.055883,0.042209,0.035071,0.023107,0.00883,-1.5408,-0.005447,-0.019723,-0.034,-0.048276,-0.062553,-0.07683,-0.095932,-0.13162,-0.16148,-0.18129,-1.7685,-1.5336,-0.18843,-0.19557,-0.2027,-0.20854,-0.20854,-0.20854,-0.20854,-0.20854,-0.2017,-0.19848,-1.5265,-0.19748,-0.19034,-0.1832,-0.17375,-0.15947,-0.15173,-0.14097,-0.1267,-0.11242,-0.098144,-1.5256,-0.071803,-0.014696,0.017476,0.042712,0.064529,0.093082,0.11701,0.14013,0.16869,0.19724,-1.5223,0.22579,0.25435,0.2829,0.31578,0.35006,0.37861,0.40717,0.43301,0.45442,0.48277,-1.5155,0.51133,0.53877,0.56019,0.5816,0.60302,0.62443,0.64585,0.66354,0.67862,0.70004,-1.5155,0.71643,0.7307,0.74498,0.75926,0.77011,0.77725,0.78439,0.79153,0.80048,0.81475,-1.5109,0.81697,0.82008,0.82722,0.83436,0.8415,0.84713,0.84713,0.84713,0.84994,0.85708,-1.5055,0.85718,0.85306,0.84713,0.84713,0.84713,0.84461,0.83748,0.83034,0.8232,0.81516,-1.5055,0.80088,0.79173,0.78238,0.7681,0.75383,0.73603,0.71522,0.70094,0.68184,0.66043,-1.4996,0.63901,0.60533,0.57929,0.56411,0.52842,0.51082,0.50208,0.4878,0.47352,0.46508,-1.7529,-1.4954,0.46508,0.45794,0.45925,0.46508,0.46508,0.47061,0.47775,0.48488,0.49202,0.49916,-1.4953,0.5073,0.52158,0.53586,0.55245,0.57386,0.58874,0.60664,0.62805,0.64947,0.69551,-1.4882,0.74257,0.76398,0.79163,0.82018,0.84914,0.88483,0.9159,0.94445,0.973,1.0075,-1.4811,1.0402,1.0688,1.1045,1.1402,1.1745,1.203,1.2316,1.2601,1.2887,1.3173,-1.4739,1.3418,1.3632,1.3846,1.406,1.425,1.4393,1.4536,1.4679,1.4813,1.4885,-1.4668,1.4956,1.5027,1.5099,1.5107,1.5141,1.5207,1.5207,1.5207,1.5189,1.5118,-1.4596,1.5107,1.5076,1.5006,1.5006,1.4962,1.4891,1.4819,1.4805,1.4777,1.4706,-1.4525,1.4705,1.4664,1.4604,1.4604,1.4658,1.473,1.4801,1.4873,1.4944,1.5015,-1.4454,1.5087,1.5209,1.5352,1.5495,1.5638,1.5816,1.6024,1.6167,1.6358,1.6572,-1.4313,1.6786,1.7,1.7214,1.7428,1.7642,1.7857,1.8087,1.8372,-1.7315,-1.421,-1.4139,-1.4068,-1.3996,-1.3901,-1.3758,-1.3682,-1.361,-1.3539,-1.3467,-1.7101,-1.3346,-1.3224,-1.3153,-1.3081,-1.2976,-1.2833,-1.269,-1.2548,-1.2405,-1.2262,-1.6913,-1.2119,-1.1945,-1.1731,-1.1517,-1.1259,-1.0973,-1.0688,-1.0459,-1.0217,-0.99315,-1.677,-0.96459,-0.93192,-0.89743,-0.86888,-0.84576,-0.82183,-0.79327,-0.77146,-0.75004,-0.72863,-1.6559,-0.70721,-0.69092,-0.67665,-0.66237,-0.64809,-0.63382,-0.62014,-0.61301,-0.60587,-0.60064,-1.6384,-0.60064,-0.60064,-0.60064,-0.60094,-0.60808,-0.61522,-0.62236,-0.6295,-0.64246,-0.65674,5.0,5.0
-2.2435,-2.0159,-1.6221,-0.87736,-0.86861,-0.85986,-0.85111,-0.84236,-0.8336,-0.82485,-0.8161,-0.80954,-0.80954,-1.5929,-0.80276,-0.79401,-0.78526,-0.77651,-0.76775,-0.759,-0.75025,-0.7415,-0.73274,-0.72399,-1.5667,-0.71136,-0.69386,-0.68482,-0.67607,-0.66731,-0.65856,-0.64509,-0.62814,-0.61939,-0.61063,-1.5404,-0.60091,-0.58341,-0.57146,-0.56132,-0.54381,-0.53229,-0.52353,-0.51478,-0.49963,-0.48436,-1.5204,-0.47561,-0.46685,-0.4581,-0.44935,-0.4406,-0.43185,-0.42309,-0.41434,-0.40559,-0.39684,-1.5029,-0.38808,-0.37933,-0.37058,-0.36183,-0.3574,-0.35724,-0.34849,-0.33974,-0.33099,-0.32223,-1.4854,-0.31865,-0.31765,-0.3089,-0.30014,-0.29281,-0.29281,-0.28681,-0.27805,-0.2693,-0.26055,-1.4679,-0.2518,-0.24305,-0.23429,-0.22286,-0.20536,-0.19512,-0.18327,-0.16576,-0.15594,-0.14367,-1.4504,-0.12617,-0.10866,-0.095098,-0.086346,-0.069068,-0.051564,-0.03406,-0.016555,-0.003831,0.005535,-1.4329,0.023039,0.035344,0.044096,0.052848,0.06722,0.083271,0.092023,0.10077,0.10953,0.11828,-1.8893,-1.4225,0.12703,0.13578,0.14454,0.15329,0.15933,0.15933,0.16663,0.17538,0.18413,0.18516,-1.4138,0.18872,0.19747,0.19808,0.20205,0.21081,0.211,0.21539,0.22392,0.22392,0.22873,-1.405,0.23684,0.23684,0.24207,0.24976,0.24976,0.25541,0.26416,0.27291,0.28166,0.28851,-1.3963,0.28851,0.295,0.30375,0.31251,0.32126,0.33001,0.33876,0.35485,0.36918,0.37794,-1.3875,0.38669,0.39544,0.40419,0.41295,0.4217,0.43045,0.4392,0.44795,0.45645,0.45645,-1.3788,0.46129,0.47004,0.4788,0.48755,0.4952,0.4952,0.50089,0.50812,0.50812,0.50812,-1.3779,0.51006,0.51881,0.52104,0.5234,0.53215,0.53396,0.53673,0.54549,0.55424,0.56299,-1.3779,0.57174,0.5805,0.58563,0.58563,0.59383,0.60662,0.62413,0.63301,0.64176,0.65051,-1.3779,0.65926,0.67289,0.68969,0.69844,0.71249,0.72999,0.7475,0.75928,0.76959,0.78709,-1.3779,0.8046,0.8221,0.8396,0.85055,0.86169,0.8792,0.8967,0.91421,0.93171,0.94922,-1.8542,-1.3779,0.96349,0.97224,0.98881,1.0027,1.0114,1.0284,1.0418,1.0506,1.0593,1.0681,-1.3779,1.0768,1.0856,1.0944,1.1031,1.1119,1.1206,1.1294,1.1381,1.1469,1.1556,-1.3779,1.1644,1.167,1.169,1.1777,1.1865,1.1928,1.1928,1.1998,1.2057,1.2057,-1.3779,1.2057,1.209,1.2177,1.2186,1.2186,1.2186,1.2186,1.2186,1.2186,1.2273,-1.3779,1.2315,1.2315,1.2315,1.2365,1.2445,1.2445,1.2445,1.2457,1.2544,1.2574,-1.3779,1.2574,1.2574,1.2636,1.2703,1.2703,1.2703,1.2703,1.2703,1.2773,1.2832,-1.3779,1.2832,1.2832,1.2832,1.2832,1.2832,1.2869,1.2957,1.3044,1.3132,1.3219,-1.3771,1.3307,1.3394,1.3482,1.3569,1.3707,1.3882,1.4057,1.4178,1.4278,1.4453,-1.3683,1.4686,1.4932,1.5107,1.5282,1.5457,1.5632,1.5807,1.5982,1.6157,1.6332,-1.365,1.6507,1.6682,1.6783,1.6903,1.7078,1.7174,1.7262,1.7349,-1.8192,-1.365,-1.365,-1.3592,-1.3521,-1.3521,-1.3521,-1.35,-1.3412,-1.3392,-1.3366,-1.7842,-1.3279,-1.3263,-1.3233,-1.3146,-1.3134,-1.31,-1.3012,-1.3004,-1.2966,-1.2879,-1.7492,-1.2791,-1.2746,-1.2745,-1.2658,-1.257,-1.2483,-1.2395,-1.2308,-1.2229,-1.2229,-1.7142,-1.2174,-1.2074,-1.1899,-1.1783,-1.1695,-1.1608,-1.152,-1.1411,-1.1236,-1.1128,-1.6846,-1.1015,-1.084,-1.0737,-1.0619,-1.0444,-1.0345,-1.0223,-1.0048,-0.99531,-0.98656,-1.6571,-0.9778,-0.96905,-0.95604,-0.93863,-0.92988,-0.92113,-0.91237,-0.90362,-0.89487,-0.88612,3.0,5.0
1.7647,1.6817,1.5476,-0.25981,-0.27553,-0.29774,-0.30328,-0.31316,-0.32718,-0.34953,-0.36511,-0.37492,-0.44255,1.5305,-0.45861,-0.46885,-0.48738,-0.49896,-0.51616,-0.52906,-0.54869,-0.5639,-0.5788,-0.59843,1.5029,-0.61805,-0.64475,-0.66646,-0.68609,-0.71477,-0.73506,-0.76327,-0.7848,-0.81168,-0.83453,1.4821,-0.86397,-0.88886,-0.9137,-0.94315,-0.97259,-0.99482,-1.0223,-1.0518,-1.0721,-1.1008,1.4625,-1.1218,-1.1512,-1.178,-1.201,-1.2264,-1.2507,-1.2748,-1.2944,-1.3207,-1.3428,1.4429,-1.3624,-1.3821,-1.4017,-1.4213,-1.441,-1.4606,-1.4802,-1.4963,-1.5103,-1.5299,1.4232,-1.5441,-1.5539,-1.5705,-1.5827,-1.5843,-1.5932,-1.6026,-1.6036,-1.6118,-1.6118,1.4036,-1.6148,-1.6209,-1.6166,-1.6118,-1.6062,-1.5964,-1.5935,-1.5859,-1.5843,-1.5754,1.384,-1.566,-1.5649,-1.5551,-1.5453,-1.5386,-1.5348,-1.525,-1.5101,-1.4962,-1.4864,1.3644,-1.4766,-1.4668,-1.4486,-1.438,-1.419,-1.408,-1.3883,-1.3713,-1.3582,-1.3386,1.6719,1.3447,-1.319,-1.2994,-1.2797,-1.2601,-1.2405,-1.2208,-1.2012,-1.1816,-1.1612,-1.1332,1.3251,-1.1136,-1.0939,-1.0743,-1.0547,-1.035,-1.0154,-0.99578,-0.98286,-0.96568,-0.94605,1.3,-0.92642,-0.9068,-0.88717,-0.86754,-0.84791,-0.83114,-0.81781,-0.79818,-0.7834,-0.76807,1.2767,-0.74845,-0.73566,-0.71834,-0.69871,-0.68792,-0.66895,-0.65813,-0.64017,-0.62803,-0.6114,1.2571,-0.60158,-0.59177,-0.58195,-0.57214,-0.56233,-0.55251,-0.5427,-0.54119,-0.53222,-0.53156,1.2374,-0.52174,-0.51374,-0.51374,-0.5106,-0.50079,-0.49098,-0.48629,-0.4805,-0.47068,-0.46087,1.2178,-0.45106,-0.44124,-0.43143,-0.421,-0.40265,-0.39089,-0.37387,-0.36079,-0.34116,-0.32613,1.1982,-0.31105,-0.29735,-0.28095,-0.26132,-0.24169,-0.23064,-0.21159,-0.19196,-0.17233,-0.15271,1.1786,-0.13582,-0.1226,-0.10297,-0.083345,-0.063717,-0.044089,-0.024462,-0.004834,0.014794,0.034422,1.1589,0.054049,0.073677,0.091749,0.10378,0.12053,0.13389,0.14931,0.15912,0.17447,0.1879,1.6601,1.1393,0.19771,0.20753,0.20915,0.218,0.21867,0.22745,0.22914,0.2366,0.23962,0.24575,1.1197,0.2501,0.2549,0.26058,0.26405,0.27105,0.28087,0.29068,0.30049,0.31031,0.32012,1.0971,0.32994,0.33975,0.34956,0.35938,0.36919,0.37901,0.38882,0.39863,0.40845,0.41826,1.0713,0.42808,0.44702,0.45685,0.46797,0.48563,0.50071,0.52685,0.54648,0.56149,0.57659,1.0516,0.59622,0.61584,0.63547,0.67097,0.69303,0.72181,0.74143,0.7625,0.78984,0.81223,1.032,0.84854,0.88942,0.9141,0.93915,0.96859,0.99804,1.0275,1.0811,1.1138,1.1433,1.0124,1.1718,1.193,1.2224,1.2577,1.296,1.3157,1.3353,1.3549,1.3746,1.3942,0.99275,1.4214,1.4426,1.4622,1.4815,1.4923,1.5102,1.5248,1.5512,1.5671,1.5769,0.97312,1.5918,1.6057,1.6155,1.6394,1.6535,1.6633,1.6731,1.6829,1.6939,1.7117,0.9535,1.7215,1.7313,1.7373,1.7418,1.7516,1.7556,1.7621,1.7647,1.6431,0.93387,0.92314,0.90376,0.88413,0.86451,0.84488,0.82219,0.79647,0.77685,0.75722,1.63,0.73759,0.71796,0.69833,0.67871,0.65908,0.64849,0.62897,0.60935,0.58972,0.57009,1.6143,0.55046,0.53083,0.51574,0.50073,0.4811,0.46799,0.45818,0.44837,0.43855,0.42874,1.5999,0.41892,0.40911,0.3993,0.38948,0.37967,0.36986,0.36004,0.35023,0.34041,0.3306,1.5803,0.32811,0.32012,0.31031,0.23644,0.22663,0.20938,0.16125,0.15143,0.12771,0.078641,1.5606,0.048788,0.022572,-0.016684,-0.062733,-0.10435,-0.1436,-0.17407,-0.21207,-0.22188,-0.23495,1.0,1.0
-1.8582,-1.8173,-1.7219,-0.63702,-0.61836,-0.59717,-0.58501,-0.56491,-0.55371,-0.54276,-0.52241,-0.51181,-0.50122,-1.7113,-0.49063,-0.48279,-0.47955,-0.46896,-0.46256,-0.45788,-0.45245,-0.45245,-0.45245,-0.45245,-1.7007,-0.45953,-0.46256,-0.4706,-0.47268,-0.48168,-0.49227,-0.51283,-0.52357,-0.53497,-0.55487,-1.6901,-0.56723,-0.58842,-0.60961,-0.62759,-0.64187,-0.66306,-0.67959,-0.69532,-0.71089,-0.73977,-1.6795,-0.76242,-0.78007,-0.80126,-0.80641,-0.81491,-0.81653,-0.81653,-0.81653,-0.80611,-0.7963,-1.6689,-0.79504,-0.7827,-0.76374,-0.75044,-0.72925,-0.70806,-0.68687,-0.66569,-0.63939,-0.6132,-1.6584,-0.5374,-0.47326,-0.4485,-0.4123,-0.37791,-0.34613,-0.31435,-0.27314,-0.24068,-0.19878,-1.6478,-0.167,-0.13398,-0.093327,-0.059346,-0.019652,0.012129,0.047551,0.085804,0.11759,0.14937,-1.6372,0.18115,0.20689,0.2346,0.25937,0.28056,0.30175,0.32294,0.34412,0.3559,0.3665,-1.6266,0.37709,0.38695,0.38695,0.38695,0.38695,0.38695,0.38382,0.37322,0.36263,0.35204,-1.8067,-1.616,0.34144,0.32531,0.31014,0.29305,0.27186,0.25068,0.22949,0.2083,0.18711,0.16593,-1.6054,0.14474,0.12355,0.099533,0.040724,0.014531,-0.03199,-0.053177,-0.071255,-0.081848,-0.088371,-1.5948,-0.092922,-0.098485,-0.098485,-0.092493,-0.081899,-0.078258,-0.063392,-0.050118,-0.039524,-0.020056,-1.5842,0.001131,0.022318,0.1145,0.14628,0.17806,0.20984,0.24162,0.27601,0.3153,0.34708,-1.5736,0.38291,0.42076,0.45254,0.4898,0.52621,0.55799,0.5967,0.63167,0.66345,0.69523,-1.563,0.71816,0.74868,0.78046,0.80213,0.83325,0.85444,0.87724,0.90693,0.92553,0.93919,-1.5548,0.95683,0.97145,0.98814,0.99873,1.0039,1.0098,1.014,1.014,1.0214,1.0241,-1.5519,1.0241,1.0241,1.0148,1.014,1.0138,1.0032,0.99375,0.99216,0.98156,0.96841,-1.5413,0.95026,0.93967,0.92907,0.91401,0.89777,0.88174,0.86647,0.84948,0.83517,0.81722,-1.5308,0.80387,0.78496,0.77257,0.7527,0.74127,0.72056,0.70997,0.69829,0.67867,0.66603,-1.7961,-1.5202,0.64737,0.63678,0.62618,0.61956,0.61511,0.60944,0.60944,0.60944,0.60944,0.60944,-1.5096,0.60944,0.61726,0.61956,0.62833,0.62967,0.6394,0.65,0.66059,0.67119,0.68178,-1.499,0.69237,0.70297,0.71654,0.73427,0.75275,0.78011,0.79639,0.81237,0.88048,0.93565,-1.4884,0.95683,0.97802,0.99921,1.0204,1.0416,1.0628,1.084,1.095,1.1162,1.1364,-1.4778,1.1485,1.1697,1.1884,1.2019,1.2197,1.2342,1.251,1.2665,1.2823,1.2929,-1.4672,1.3035,1.3209,1.3348,1.3454,1.356,1.3665,1.3771,1.3877,1.3983,1.4089,-1.4566,1.4185,1.42,1.4286,1.4286,1.4316,1.4387,1.4387,1.4387,1.4387,1.4387,-1.446,1.4387,1.4387,1.432,1.4286,1.4286,1.4286,1.4286,1.4194,1.4185,1.4185,-1.4354,1.4185,1.4195,1.4301,1.4407,1.4513,1.4619,1.4725,1.4831,1.4936,1.5042,-1.4248,1.5201,1.5355,1.5461,1.5567,1.5673,1.5779,1.5885,1.5991,-1.7855,-1.4142,-1.4036,-1.393,-1.3824,-1.3718,-1.3613,-1.3507,-1.3401,-1.3295,-1.3189,-1.7749,-1.3083,-1.2977,-1.2871,-1.2765,-1.2659,-1.2553,-1.2514,-1.2514,-1.2514,-1.2433,-1.7643,-1.2413,-1.2413,-1.2413,-1.2413,-1.2312,-1.2312,-1.2298,-1.2211,-1.2187,-1.2081,-1.7537,-1.1975,-1.187,-1.1764,-1.1658,-1.1552,-1.1446,-1.134,-1.1167,-1.1027,-1.0845,-1.7431,-1.0714,-1.0522,-1.031,-1.0098,-0.97864,-0.95735,-0.93617,-0.91498,-0.89197,-0.86249,-1.7325,-0.8413,-0.82012,-0.79893,-0.77774,-0.75656,-0.73537,-0.71418,-0.69299,-0.67181,-0.65062,5.0,5.0
-1.8579,-1.7704,-1.5292,-0.67691,-0.68484,-0.68484,-0.6902,-0.69816,-0.70624,-0.72215,-0.73805,-0.75396,-0.76986,-1.5003,-0.78577,-0.80724,-0.82814,-0.84439,-0.86825,-0.88643,-0.9054,-0.9288,-0.94471,-0.96061,-1.4768,-0.97652,-0.99187,-0.99982,-1.0137,-1.0263,-1.0336,-1.0336,-1.0336,-1.0336,-1.0328,-1.4609,-1.0249,-1.0169,-1.0055,-0.99044,-0.98249,-0.96833,-0.94883,-0.92497,-0.90112,-0.87726,-1.4393,-0.82751,-0.75557,-0.73171,-0.70143,-0.66962,-0.63781,-0.606,-0.58072,-0.55295,-0.52114,-1.4185,-0.48933,-0.46415,-0.43628,-0.40587,-0.38201,-0.35142,-0.32373,-0.29987,-0.27602,-0.25216,-1.4022,-0.23253,-0.21501,-0.19116,-0.17425,-0.15834,-0.14244,-0.12653,-0.11768,-0.10529,-0.091208,-1.3783,-0.083256,-0.075303,-0.062806,-0.04883,-0.040878,-0.032925,-0.024973,-0.019055,-0.019055,-0.011684,-1.366,-0.008487,-0.008487,-0.008487,-0.008487,-0.013348,-0.0213,-0.029253,-0.029623,-0.03459,-0.044894,-1.3549,-0.060799,-0.069015,-0.076968,-0.08492,-0.092872,-0.10862,-0.11935,-0.1273,-0.13525,-0.1432,-1.7256,-1.3395,-0.15116,-0.16444,-0.18814,-0.18814,-0.18814,-0.18814,-0.18798,-0.18003,-0.17758,-0.1747,-1.3316,-0.16701,-0.16701,-0.16141,-0.15345,-0.1455,-0.13755,-0.095356,-0.055145,-0.03924,-0.023335,-1.3236,-0.001618,0.019043,0.035529,0.059386,0.083244,0.1071,0.13096,0.15482,0.17867,0.20594,-1.3157,0.23696,0.26081,0.28467,0.30853,0.33239,0.35624,0.38633,0.41453,0.43838,0.46224,-1.309,0.47976,0.49939,0.52324,0.5471,0.56451,0.58042,0.59632,0.61223,0.62813,0.6401,-1.3169,0.64937,0.66528,0.67453,0.68248,0.69043,0.69838,0.70633,0.71429,0.72071,0.72071,-1.3189,0.72758,0.73128,0.73291,0.74087,0.74184,0.7462,0.75241,0.75241,0.75241,0.74795,-1.3223,0.74184,0.74184,0.74184,0.73727,0.72932,0.72137,0.71342,0.70546,0.69751,0.68956,-1.3295,0.68161,0.66887,0.65513,0.64718,0.63172,0.61582,0.60219,0.59423,0.57867,0.54779,-1.3295,0.51754,0.50958,0.49392,0.48821,0.48821,0.48821,0.49603,0.49878,0.50137,0.50932,-1.7018,-1.3356,0.51727,0.52523,0.53318,0.54121,0.55711,0.5676,0.57836,0.59574,0.67526,0.71614,-1.3401,0.7429,0.77442,0.79828,0.82213,0.849,0.88042,0.90427,0.93386,0.96256,0.98692,-1.3401,1.0187,1.0447,1.0686,1.0924,1.1163,1.1401,1.164,1.1871,1.203,1.2189,-1.3401,1.2348,1.2507,1.2667,1.2764,1.2879,1.3029,1.3108,1.3188,1.3267,1.3337,-1.3339,1.3337,1.34,1.3442,1.3454,1.3533,1.3548,1.3586,1.3654,1.3654,1.3719,-1.3259,1.3759,1.3759,1.3759,1.3826,1.3865,1.3865,1.3865,1.3865,1.3865,1.3849,-1.3189,1.377,1.3828,1.3908,1.3987,1.4067,1.4146,1.4226,1.4323,1.4482,1.457,-1.3189,1.465,1.4748,1.4907,1.5066,1.5225,1.5384,1.5543,1.5702,1.5908,1.6147,-1.3126,1.6385,1.655,1.6757,1.6995,1.7234,1.7473,1.7711,1.795,1.8188,1.8427,-1.3084,1.8665,1.8904,1.9143,1.9381,1.9569,1.9753,1.9991,2.0151,-1.6779,-1.3073,-1.2993,-1.2914,-1.2834,-1.2755,-1.2675,-1.2661,-1.2622,-1.2542,-1.2463,-1.6541,-1.2383,-1.2304,-1.2224,-1.2145,-1.2065,-1.1986,-1.1906,-1.1827,-1.1747,-1.1668,-1.6302,-1.1588,-1.1509,-1.1429,-1.135,-1.127,-1.1191,-1.1111,-1.0987,-1.0846,-1.0767,-1.6063,-1.0687,-1.0563,-1.0423,-1.0343,-1.0191,-1.0032,-0.9873,-0.97139,-0.95549,-0.93958,-1.5825,-0.92368,-0.90777,-0.89187,-0.87596,-0.85784,-0.83398,-0.81768,-0.80178,-0.78587,-0.76997,-1.5586,-0.75406,-0.73816,-0.72468,-0.71673,-0.70101,-0.69026,-0.68484,-0.68484,-0.67697,-0.67427,5.0,5.0
2.3157,2.0166,1.506,-0.67664,-0.69533,-0.71403,-0.73272,-0.75141,-0.77011,-0.7888,-0.80749,-0.82619,-0.85026,1.4592,-0.87727,-0.89596,-0.91466,-0.93503,-0.96307,-0.98443,-1.0055,-1.0335,-1.0542,-1.0729,1.4125,-1.0916,-1.1103,-1.129,-1.1477,-1.1664,-1.1893,-1.2174,-1.2361,-1.2499,-1.2598,1.3658,-1.2785,-1.2972,-1.3159,-1.3346,-1.3471,-1.3564,-1.3658,-1.3751,-1.3845,-1.3938,1.3266,-1.4031,-1.4125,-1.4218,-1.4312,-1.4405,-1.4499,-1.4504,-1.4549,-1.4642,-1.4736,1.286,-1.4778,-1.4786,-1.4879,-1.4857,-1.4763,-1.467,-1.4577,-1.4483,-1.439,-1.4296,1.2393,-1.4203,-1.4109,-1.4093,-1.4059,-1.3966,-1.3872,-1.3779,-1.3685,-1.3592,-1.3498,1.2008,-1.3405,-1.3311,-1.3218,-1.3125,-1.3031,-1.2938,-1.2828,-1.2641,-1.252,-1.2427,1.1595,-1.2333,-1.2167,-1.2009,-1.1916,-1.1743,-1.1592,-1.1499,-1.1319,-1.1132,-1.0945,1.1127,-1.0851,-1.0708,-1.0522,-1.0335,-1.0203,-1.0098,-0.99107,-0.97238,-0.95553,-0.94619,1.8574,1.0749,-0.92999,-0.9113,-0.89261,-0.87391,-0.85522,-0.83653,-0.82598,-0.81284,-0.79414,-0.77545,1.033,-0.75676,-0.73806,-0.71937,-0.70068,-0.68274,-0.67339,-0.65829,-0.6396,-0.6209,-0.60221,0.98645,-0.58557,-0.57622,-0.55983,-0.54113,-0.52244,-0.50375,-0.48841,-0.47906,-0.46136,-0.44267,0.94906,-0.42397,-0.41428,-0.40028,-0.3819,-0.37255,-0.3579,-0.34016,-0.33082,-0.31551,-0.29843,0.91167,-0.28908,-0.27973,-0.27039,-0.26104,-0.25169,-0.24235,-0.233,-0.22365,-0.21431,-0.20496,0.87429,-0.19561,-0.19048,-0.19048,-0.18127,-0.17192,-0.16309,-0.16309,-0.15758,-0.14939,-0.14939,0.8369,-0.14323,-0.13389,-0.12454,-0.12201,-0.11954,-0.11019,-0.10085,-0.0915,-0.082153,-0.072807,0.80537,-0.06346,-0.054113,-0.044767,-0.03542,-0.026073,-0.016727,-0.00738,0.001967,0.011313,0.02066,0.77733,0.031376,0.050069,0.062394,0.073761,0.092454,0.10413,0.11348,0.12282,0.13984,0.15521,0.74929,0.16456,0.18222,0.19695,0.20629,0.22461,0.23868,0.24803,0.25737,0.26672,0.27607,1.8194,0.72125,0.28541,0.30068,0.31623,0.31623,0.3228,0.33215,0.34149,0.35084,0.36019,0.36953,0.68889,0.37101,0.37453,0.38388,0.39322,0.39839,0.39839,0.40757,0.41209,0.41257,0.42192,0.64216,0.43126,0.43948,0.43948,0.44561,0.45495,0.4643,0.47365,0.48299,0.49234,0.50169,0.61689,0.51412,0.53281,0.54342,0.5565,0.57519,0.60262,0.62627,0.64497,0.66366,0.68739,0.5982,0.71748,0.77356,0.81259,0.84197,0.87935,0.91041,0.94043,0.97782,1.0082,1.0389,0.57951,1.0763,1.106,1.1341,1.1621,1.2233,1.269,1.2877,1.3154,1.3434,1.3714,0.5374,1.3995,1.4275,1.4556,1.4836,1.5116,1.5381,1.5568,1.5951,1.6375,1.6655,0.49412,1.6864,1.7051,1.7238,1.7425,1.7612,1.7799,1.7985,1.8255,1.8629,1.8912,0.45673,1.9144,1.9331,1.9518,1.9705,1.9881,1.9974,2.0129,2.0298,2.0392,2.0553,0.45317,2.0715,2.0809,2.0902,2.0935,2.0841,2.0748,2.0655,2.0561,1.7727,0.44907,0.43972,0.43037,0.41151,0.38306,0.34567,0.32451,0.31304,0.285,0.26908,1.7259,0.2546,0.21721,0.19996,0.18589,0.15785,0.14453,0.12614,0.088757,0.075404,0.066058,1.6805,0.056711,0.012717,-0.016761,-0.026108,-0.035454,-0.044801,-0.055996,-0.093383,-0.11393,-0.12707,1.6431,-0.16446,-0.18305,-0.2039,-0.26933,-0.29326,-0.3026,-0.31195,-0.3213,-0.33064,-0.33999,1.5994,-0.34934,-0.35868,-0.36803,-0.38624,-0.40042,-0.40994,-0.42863,-0.44215,-0.45232,-0.47102,1.5527,-0.48971,-0.5084,-0.5271,-0.54579,-0.56448,-0.58318,-0.59475,-0.60687,-0.62556,-0.65203,1.0,1.0
0.63779,0.6853,0.72516,1.7845,1.8003,1.8162,1.8025,1.6556,1.435,1.3717,1.2958,1.2166,1.1369,0.72516,1.0419,0.94686,0.85185,0.75683,0.64762,0.54496,0.44558,0.3189,0.20422,0.087368,0.72516,-0.039317,-0.15017,-0.26102,-0.37187,-0.48272,-0.57991,-0.67493,-0.76994,-0.86495,-1.0402,0.72516,-1.197,-1.2603,-1.3084,-1.3559,-1.4001,-1.4318,-1.4634,-1.4951,-1.5257,-1.5415,0.72516,-1.5574,-1.5683,-1.5683,-1.5683,-1.5595,-1.5437,-1.5279,-1.4995,-1.4678,-1.4356,0.72516,-1.3881,-1.3302,-1.2669,-1.2035,-1.126,-1.0468,-0.96761,-0.88844,-0.79724,-0.69622,0.72516,-0.58537,-0.47452,-0.3735,-0.27467,-0.16382,-0.052969,0.057881,0.16873,0.27958,0.39043,0.72516,0.49582,0.59083,0.68585,0.78086,0.87587,0.97089,1.0528,1.132,1.2112,1.2903,0.72407,1.3586,1.4219,1.4853,1.5339,1.5726,1.6043,1.636,1.6677,1.6928,1.7081,0.70823,1.7081,1.6977,1.66,1.565,1.4416,1.3477,1.28,1.1849,1.1019,1.0107,0.70332,0.70332,0.8999,0.80489,0.70004,0.59302,0.498,0.38934,0.27849,0.16764,0.056789,-0.042594,0.70332,-0.14307,-0.25392,-0.36477,-0.46633,-0.62032,-1.0004,-1.1314,-1.2035,-1.2669,-1.3302,0.70332,-1.3826,-1.4252,-1.4569,-1.4886,-1.5115,-1.5219,-1.506,-1.5027,-1.4896,-1.4574,0.68858,-1.4099,-1.3624,-1.3105,-1.2472,-1.1839,-1.1123,-1.031,-0.93594,-0.84093,-0.74591,0.67274,-0.6509,-0.54005,-0.43903,-0.34019,-0.22935,-0.1185,-0.015291,0.079723,0.17474,0.28122,0.6569,0.38661,0.48162,0.56134,0.64981,0.74154,0.82072,0.8999,0.97908,1.0572,1.1205,0.64107,1.1838,1.2423,1.2898,1.3373,1.3848,1.4296,1.4612,1.4804,1.4962,1.5115,0.62523,1.5115,1.5115,1.5071,1.4913,1.4612,1.3722,1.2406,1.1773,1.114,1.0446,0.57663,0.96543,0.87041,0.7754,0.68039,0.58537,0.47671,0.36586,0.25501,0.14416,0.033308,0.48326,-0.19221,-0.63561,-0.74264,-0.83765,-0.92939,-1.0086,-1.0877,-1.1669,-1.2439,-1.2914,0.70332,0.43575,-1.3499,-1.4034,-1.435,-1.4667,-1.4984,-1.5246,-1.5246,-1.5372,-1.5464,-1.5459,0.38824,-1.5301,-1.5142,-1.494,-1.4623,-1.4307,-1.399,-1.3651,-1.3176,-1.2581,-1.2008,0.33637,-1.1533,-1.0741,-1.0047,-0.9414,-0.87806,-0.80107,-0.72953,-0.66455,-0.58537,-0.51766,0.27303,-0.45432,-0.39098,-0.32764,-0.26429,-0.20423,-0.15672,-0.096107,-0.039864,0.007643,0.05515,0.15289,0.10266,0.14525,0.17692,0.22334,0.26211,0.29378,0.32545,0.35712,0.38879,0.41992,0.050782,0.43575,0.45159,0.46742,0.48326,0.49909,0.50674,0.50674,0.50674,0.50674,0.50674,-0.030581,0.50674,0.4909,0.4849,0.48107,0.46524,0.46305,0.45541,0.44121,0.44121,0.42975,-0.12559,0.42483,0.44067,0.44121,0.44121,0.44121,0.44121,0.45432,0.47015,0.4849,0.4849,-0.20859,0.4849,0.48981,0.50565,0.50674,0.498,0.4849,0.4849,0.47234,0.4565,0.44067,-0.29378,0.42483,0.41937,0.415,0.39917,0.36913,0.34565,0.332,0.332,0.70332,-0.38879,-0.48381,-0.57882,-0.67001,-0.74919,-0.82837,-0.90755,-0.98673,-1.0659,-1.1336,0.71697,-1.197,-1.2603,-1.3084,-1.3559,-1.4001,-1.4318,-1.4503,-1.4662,-1.482,-1.4978,0.72516,-1.4918,-1.476,-1.4602,-1.4296,-1.3979,-1.3635,-1.316,-1.2559,-1.186,-1.1069,0.72516,-1.0277,-0.9485,-0.86495,-0.76994,-0.67493,-0.57172,-0.46087,-0.35002,-0.22716,-0.10648,0.72516,0.004367,0.11522,0.2359,0.35876,0.46961,0.59411,0.71315,0.824,0.93485,1.0457,0.72516,1.1511,1.2461,1.3411,1.4268,1.5027,1.5661,1.6294,1.6857,1.7321,1.7638,2.0,2.0
-0.70711,-0.65085,-0.78212,-1.3728,-1.3257,-1.2785,-1.2316,-1.1939,-1.1464,-1.0998,-1.0621,-1.0143,-0.96795,-0.78212,-0.93026,-0.89257,-0.85488,-0.81718,-0.77949,-0.7418,-0.70411,-0.66641,-0.62872,-0.60219,-0.78324,-0.58334,-0.55315,-0.5269,-0.50805,-0.4892,-0.48208,-0.47026,-0.45142,-0.42057,-0.39497,-0.80087,-0.36394,-0.33853,-0.30731,-0.28208,-0.25067,-0.22564,-0.20679,-0.18795,-0.1691,-0.16329,-0.80087,-0.15016,-0.13132,-0.12578,-0.11238,-0.10703,-0.093435,-0.088278,-0.074495,-0.069526,-0.055555,-0.80087,-0.036709,-0.032021,-0.017769,0.001077,0.019923,0.038769,0.072242,0.095214,0.12887,0.16657,-0.80237,0.20426,0.22686,0.26089,0.29858,0.33628,0.37397,0.41166,0.46501,0.5058,0.54349,-0.82122,0.58118,0.63491,0.67532,0.71301,0.76702,0.80715,0.84484,0.88253,0.92023,0.95792,-0.83837,0.99561,1.0163,1.0522,1.0899,1.1104,1.1466,1.1843,1.2044,1.2409,1.2609,-0.84016,1.2975,1.3173,1.3362,1.355,1.392,1.4114,1.4303,1.4491,1.468,1.4868,-0.65104,-0.85713,1.5057,1.5245,1.5434,1.5622,1.5811,1.5999,1.6188,1.6369,1.6377,1.6565,-0.85713,1.6744,1.6755,1.6932,1.6944,1.712,1.712,1.7135,1.7307,1.7307,1.7307,-0.85919,1.7307,1.7307,1.7286,1.7098,1.6909,1.6721,1.6508,1.6157,1.5968,1.5752,-0.87588,1.5404,1.5186,1.4839,1.4651,1.443,1.4086,1.3864,1.3487,1.3146,1.2921,-0.87588,1.2544,1.2167,1.179,1.1413,1.1077,1.0847,1.047,1.0137,0.99036,0.95726,-0.87822,0.93373,0.90082,0.87709,0.8394,0.80677,0.78277,0.74508,0.71273,0.68845,0.65629,-0.89463,0.63181,0.59984,0.58099,0.56215,0.5433,0.52446,0.50561,0.48676,0.46792,0.44907,-0.89463,0.43023,0.41138,0.39253,0.37369,0.35484,0.33599,0.32427,0.31705,0.30552,0.29811,-0.89463,0.27927,0.26042,0.24158,0.23051,0.23051,0.23051,0.23051,0.22236,0.21176,0.21176,-0.89463,0.21176,0.21176,0.21176,0.21176,0.21176,0.21176,0.21176,0.21176,0.21176,0.20248,-0.6696,-0.89463,0.19301,0.19301,0.19301,0.19301,0.19301,0.19301,0.19301,0.19301,0.19301,0.19301,-0.89463,0.19301,0.19301,0.19301,0.19301,0.19301,0.19301,0.19301,0.19301,0.19301,0.19301,-0.89463,0.19301,0.19301,0.19301,0.19301,0.19301,0.19301,0.19301,0.19301,0.19301,0.19301,-0.89463,0.19301,0.20529,0.21176,0.21176,0.21176,0.22442,0.23051,0.23051,0.23051,0.23051,-0.89463,0.23051,0.23051,0.23051,0.24392,0.24926,0.24926,0.24926,0.24926,0.24926,0.24926,-0.89135,0.26333,0.26802,0.26802,0.26802,0.26802,0.26802,0.26802,0.28274,0.28677,0.28677,-0.87588,0.28677,0.28677,0.30196,0.30552,0.30552,0.30552,0.30552,0.30552,0.30552,0.32137,-0.87241,0.32427,0.32427,0.32427,0.32427,0.32427,0.34068,0.34303,0.34303,0.34303,0.34303,-0.85713,0.34303,0.34303,0.34303,0.34303,0.34303,0.34303,0.34303,0.34303,0.34303,0.34303,-0.85347,0.34303,0.34303,0.34303,0.34303,0.34303,0.34303,0.34303,0.34303,-0.67073,-0.83837,-0.83837,-0.83444,-0.81962,-0.81962,-0.81962,-0.84119,-0.93542,-1.0116,-1.0305,-0.72586,-1.0728,-1.1667,-1.1995,-1.2234,-1.256,-1.3058,-1.4272,-1.5001,-1.5461,-1.6536,-0.72642,-1.7479,-1.8364,-1.8943,-1.9309,-2.0123,-2.0821,-2.101,-2.1135,-2.139,-2.2209,-0.74527,-2.2626,-2.2194,-2.2073,-2.2005,-2.1747,-2.144,-2.1252,-2.0991,-2.0687,-2.0499,-0.76411,-2.0235,-1.9934,-1.9669,-1.9292,-1.8994,-1.8726,-1.8429,-1.8159,-1.7782,-1.7489,-0.78212,-1.7216,-1.6925,-1.665,-1.636,-1.6083,-1.5707,-1.533,-1.4953,-1.4576,-1.4199,4.0,4.0
-2.226,-2.0127,-1.8096,-0.83996,-0.83435,-0.82862,-0.81734,-0.8119,-0.80601,-0.79473,-0.78945,-0.78339,-0.77211,-1.7877,-0.76701,-0.76078,-0.7495,-0.73822,-0.73334,-0.72688,-0.7156,-0.71089,-0.70427,-0.69299,-1.7757,-0.68171,-0.67043,-0.65915,-0.64787,-0.63659,-0.62531,-0.61403,-0.60276,-0.59148,-0.5802,-1.7539,-0.56892,-0.55764,-0.54636,-0.53508,-0.5238,-0.51252,-0.50124,-0.48227,-0.46746,-0.45618,-1.7426,-0.4449,-0.42571,-0.41112,-0.39182,-0.37734,-0.35792,-0.34356,-0.33228,-0.321,-0.30136,-1.7305,-0.28722,-0.28441,-0.27588,-0.2646,-0.26196,-0.25326,-0.25074,-0.24193,-0.23065,-0.22829,-1.7089,-0.22829,-0.22829,-0.2192,-0.21707,-0.21707,-0.20781,-0.20585,-0.19648,-0.19462,-0.19462,-1.6976,-0.18508,-0.1738,-0.17218,-0.16247,-0.15119,-0.13991,-0.12863,-0.11735,-0.10607,-0.094793,-1.6863,-0.083514,-0.072235,-0.060955,-0.049676,-0.048722,-0.038341,-0.027061,-0.015782,-0.004503,-0.003829,-1.675,0.006833,0.018112,0.029391,0.051501,0.063173,0.074453,0.085732,0.097011,0.10829,0.11957,-1.9901,-1.6637,0.13085,0.14213,0.1533,0.15346,0.16474,0.17574,0.17608,0.18697,0.18741,0.19869,-1.6525,0.20997,0.22125,0.23253,0.24381,0.2543,0.25515,0.26643,0.27675,0.27776,0.28797,-1.6412,0.2891,0.30038,0.31165,0.32164,0.32299,0.33427,0.34555,0.35683,0.36654,0.36816,-1.6299,0.37944,0.39072,0.402,0.41143,0.41334,0.42265,0.42467,0.43595,0.4451,0.44729,-1.6186,0.45857,0.46985,0.48113,0.4924,0.50368,0.51496,0.52882,0.54875,0.56002,0.5713,-1.6073,0.58258,0.59386,0.60514,0.61345,0.61648,0.62467,0.62467,0.62467,0.62792,0.63589,-1.5961,0.63589,0.63932,0.6506,0.66187,0.67315,0.68443,0.69571,0.70323,0.70705,0.71833,-1.5848,0.72568,0.72966,0.74094,0.74813,0.75228,0.75935,0.76361,0.77489,0.78179,0.78623,-1.5751,0.79302,0.79756,0.80424,0.8089,0.82018,0.82669,0.83151,0.84279,0.84913,0.85413,-1.5735,0.86541,0.87158,0.87674,0.8828,0.88808,0.89403,0.89403,0.89403,0.89953,0.90525,-1.9676,-1.5639,0.90525,0.90525,0.90525,0.91103,0.91647,0.91647,0.91647,0.92248,0.9277,0.9277,-1.5621,0.9277,0.9277,0.93398,0.93892,0.93892,0.94537,0.95014,0.95014,0.95676,0.96137,-1.5526,0.96137,0.96816,0.97259,0.97259,0.97259,0.97259,0.97966,0.99094,0.99504,0.99504,-1.5508,0.99504,1.0024,1.0063,1.0063,1.0138,1.0175,1.0251,1.0364,1.0399,1.0477,-1.5414,1.059,1.0703,1.0816,1.0928,1.1041,1.1154,1.1267,1.138,1.1492,1.1605,-1.5394,1.1718,1.1831,1.1944,1.2056,1.2169,1.2282,1.2395,1.2419,1.2508,1.2532,-1.5282,1.2621,1.2644,1.2644,1.2735,1.2756,1.2756,1.2756,1.285,1.2868,1.2963,-1.5169,1.3076,1.3093,1.3189,1.3302,1.3415,1.3528,1.3641,1.3853,1.3978,1.4192,-1.5077,1.4417,1.4643,1.4766,1.4982,1.5207,1.5433,1.5658,1.5884,1.611,1.6335,-1.5034,1.6561,1.6679,1.69,1.7125,1.7351,1.7467,1.758,1.7693,-1.945,-1.483,-1.4718,-1.4605,-1.4468,-1.4267,-1.4129,-1.3929,-1.379,-1.3564,-1.3339,-1.9224,-1.3141,-1.3,-1.2774,-1.2549,-1.2354,-1.2241,-1.2097,-1.1903,-1.179,-1.1677,-1.8999,-1.1565,-1.1452,-1.1339,-1.1261,-1.1226,-1.1113,-1.1,-1.0925,-1.0925,-1.0886,-1.8773,-1.0813,-1.0773,-1.07,-1.0659,-1.0547,-1.0476,-1.0433,-1.032,-1.0208,-1.0139,-1.8548,-1.0094,-0.99815,-0.99147,-0.98681,-0.97553,-0.96425,-0.9578,-0.95292,-0.94164,-0.93536,-1.8322,-0.9303,-0.91903,-0.90775,-0.89647,-0.89046,-0.88513,-0.87385,-0.86257,-0.85679,-0.85124,3.0,5.0
-2.0142,-1.9458,-1.8024,-0.54682,-0.53827,-0.53406,-0.53406,-0.53406,-0.53406,-0.53406,-0.53406,-0.53865,-0.54427,-1.7853,-0.54554,-0.55409,-0.56264,-0.57119,-0.57974,-0.58829,-0.59684,-0.60539,-0.62236,-0.63269,-1.7677,-0.64124,-0.65324,-0.66855,-0.6771,-0.68565,-0.6942,-0.7081,-0.7215,-0.73005,-0.74013,-1.7421,-0.78288,-0.81835,-0.83009,-0.838,-0.85051,-0.85051,-0.85051,-0.84298,-0.8403,-0.83609,-1.7238,-0.82754,-0.81899,-0.81044,-0.80189,-0.78722,-0.77012,-0.75583,-0.74613,-0.72903,-0.64762,-1.701,-0.60679,-0.57642,-0.54529,-0.51964,-0.49399,-0.46005,-0.42585,-0.39663,-0.36767,-0.33513,-1.6794,-0.30948,-0.27528,-0.24798,-0.2171,-0.1829,-0.15062,-0.12472,-0.090519,-0.056322,-0.027612,-1.6623,0.001864,0.033892,0.06005,0.094247,0.12104,0.14669,0.16825,0.18778,0.21266,0.22976,-1.6452,0.24686,0.26396,0.27672,0.28526,0.29381,0.30236,0.31091,0.31321,0.31321,0.31027,-1.6281,0.303,0.303,0.28667,0.27608,0.26268,0.24877,0.23869,0.22159,0.20449,0.18063,-1.9257,-1.6033,0.16009,0.14299,0.12589,0.10879,0.091695,0.074596,0.052139,0.030191,0.00901,-0.024422,-1.5837,-0.04152,-0.058619,-0.086946,-0.10532,-0.10991,-0.12574,-0.12574,-0.12574,-0.11987,-0.11553,-1.5666,-0.11298,-0.10443,-0.095878,-0.087329,-0.078779,-0.065764,-0.051473,-0.041775,-0.024677,-0.007578,-1.5495,0.0159,0.036826,0.056987,0.081231,0.09833,0.19007,0.23103,0.25668,0.28565,0.31819,-1.5334,0.34383,0.36948,0.40202,0.43622,0.46684,0.4944,0.52834,0.55399,0.58678,0.61549,-1.5249,0.64114,0.66896,0.70265,0.72829,0.75394,0.77385,0.79503,0.82068,0.84556,0.86266,-1.5084,0.87975,0.89685,0.91395,0.93105,0.94713,0.95568,0.96423,0.97278,0.98132,0.98694,-1.4976,0.98821,0.99676,0.99715,0.99715,0.99715,0.99396,0.98694,0.98694,0.97852,0.97673,-1.4844,0.97163,0.96308,0.95453,0.94585,0.92875,0.91867,0.91012,0.89787,0.88282,0.87388,-1.4703,0.85679,0.83969,0.8282,0.8157,0.7986,0.78214,0.77359,0.74246,0.72587,0.71732,-1.9119,-1.4617,0.69856,0.66028,0.66028,0.6525,0.64395,0.63987,0.64267,0.65007,0.65007,0.65811,-1.4532,0.66666,0.67993,0.69397,0.70392,0.72102,0.73812,0.75522,0.77232,0.78941,0.80651,-1.4446,0.82361,0.84071,0.8647,0.9322,0.99408,1.0131,1.0385,1.0556,1.0798,1.1,-1.4361,1.1171,1.1364,1.1615,1.1786,1.1957,1.207,1.2197,1.2344,1.2437,1.2608,-1.4275,1.2702,1.2788,1.2873,1.2959,1.3034,1.3034,1.3113,1.3136,1.3136,1.3136,-1.419,1.3136,1.3136,1.3054,1.3034,1.3034,1.3034,1.3019,1.2933,1.2932,1.2932,-1.4119,1.2881,1.283,1.283,1.283,1.283,1.283,1.2776,1.2728,1.2748,1.2834,-1.4119,1.2919,1.3005,1.309,1.3176,1.3261,1.3353,1.3524,1.362,1.3764,1.3893,-1.4204,1.4004,1.4166,1.4251,1.4415,1.4524,1.461,1.4695,1.4792,1.4963,1.5054,-1.4222,1.5139,1.5225,1.531,1.5396,1.5481,1.5567,1.5652,1.5738,-1.8984,-1.4222,-1.4222,-1.4239,-1.4322,-1.4237,-1.4222,-1.4222,-1.4222,-1.4201,-1.4119,-1.8879,-1.4119,-1.4047,-1.3961,-1.3876,-1.379,-1.3705,-1.3619,-1.3534,-1.339,-1.3261,-1.8708,-1.315,-1.2979,-1.2808,-1.2715,-1.2568,-1.2352,-1.2124,-1.1941,-1.1685,-1.1509,-1.8537,-1.1274,-1.1065,-1.0863,-1.0607,-1.035,-1.0094,-0.99036,-0.96828,-0.94263,-0.91699,-1.8366,-0.89134,-0.86569,-0.84693,-0.8246,-0.79896,-0.77522,-0.75787,-0.73222,-0.71372,-0.69113,-1.8195,-0.66931,-0.65222,-0.63563,-0.62708,-0.61113,-0.59403,-0.58101,-0.57247,-0.56392,-0.55537,5.0,5.0
-2.199,-2.0621,-1.8067,-0.74091,-0.73179,-0.71626,-0.698,-0.68069,-0.67156,-0.65509,-0.64145,-0.63233,-0.6232,-1.7793,-0.61407,-0.61051,-0.60767,-0.59854,-0.58941,-0.5868,-0.5868,-0.5868,-0.5868,-0.57934,-1.7519,-0.57495,-0.57293,-0.56381,-0.56309,-0.5574,-0.55124,-0.55124,-0.55124,-0.5446,-0.53547,-1.7245,-0.52753,-0.52753,-0.51994,-0.51081,-0.50169,-0.49256,-0.48343,-0.4743,-0.46517,-0.45605,-1.6971,-0.44692,-0.43779,-0.42866,-0.41953,-0.41041,-0.40128,-0.39215,-0.38302,-0.37389,-0.36476,-1.6697,-0.35564,-0.34651,-0.33738,-0.32825,-0.31912,-0.31,-0.30087,-0.29174,-0.28261,-0.27348,-1.6461,-0.26436,-0.25523,-0.2461,-0.23697,-0.22784,-0.21871,-0.20959,-0.20046,-0.19133,-0.18374,-1.6268,-0.18374,-0.1758,-0.17189,-0.17189,-0.17189,-0.163,-0.16003,-0.16003,-0.15932,-0.15019,-1.5994,-0.14818,-0.14379,-0.13632,-0.13632,-0.12826,-0.11914,-0.11001,-0.10088,-0.091751,-0.082623,-1.5795,-0.073494,-0.064366,-0.055238,-0.038879,-0.025127,-0.015999,-0.006871,0.010437,0.02324,0.035095,-2.0084,-1.5613,0.053351,0.071607,0.089863,0.10812,0.12543,0.13456,0.15103,0.16929,0.18755,0.2058,-1.545,0.21576,0.23046,0.24587,0.255,0.26413,0.27326,0.27859,0.27966,0.28879,0.29045,-1.5359,0.29045,0.29045,0.29045,0.29045,0.29045,0.29045,0.29045,0.29045,0.29045,0.28653,-1.5268,0.27859,0.27859,0.28618,0.29045,0.29045,0.29045,0.29045,0.29045,0.29353,0.3023,-1.5176,0.3023,0.3023,0.30633,0.31415,0.31415,0.32186,0.33099,0.34012,0.34924,0.34972,-1.5085,0.35565,0.36477,0.3739,0.38303,0.39216,0.40129,0.41184,0.43009,0.44053,0.44965,-1.4994,0.46115,0.47941,0.48889,0.49802,0.50715,0.51687,0.53513,0.54639,0.55552,0.56464,-1.4903,0.57377,0.57496,0.58017,0.5893,0.59843,0.59867,0.60483,0.61396,0.62309,0.63222,-1.4878,0.64134,0.65047,0.6596,0.66873,0.6698,0.67513,0.68426,0.69339,0.70252,0.71164,-1.4878,0.72433,0.74175,0.75088,0.76724,0.7855,0.80198,0.8111,0.82841,0.84667,0.86765,-1.9865,-1.4878,0.89504,0.91329,0.93155,0.9498,0.96806,0.98632,1.0046,1.0275,1.0529,1.0712,-1.4878,1.0895,1.1021,1.1141,1.1322,1.1414,1.157,1.1715,1.1795,1.1795,1.187,-1.4878,1.1914,1.1914,1.1914,1.1914,1.1914,1.1914,1.1914,1.1914,1.1848,1.1756,-1.4829,1.1677,1.1677,1.1525,1.1537,1.1677,1.1677,1.1762,1.1854,1.1914,1.1918,-1.4759,1.2009,1.21,1.2191,1.227,1.227,1.2347,1.2388,1.2411,1.2502,1.2593,-1.4759,1.2625,1.2657,1.2744,1.2744,1.2744,1.2785,1.2862,1.2862,1.2941,1.2981,-1.4674,1.2981,1.2981,1.2981,1.3041,1.31,1.3105,1.3197,1.3218,1.3218,1.3233,-1.4582,1.3325,1.3416,1.3507,1.3574,1.3574,1.3663,1.3816,1.3964,1.4062,1.4245,-1.4491,1.4356,1.4491,1.469,1.4964,1.5157,1.5393,1.5667,1.5941,1.6215,1.6552,-1.44,1.6881,1.7163,1.7528,1.7966,1.8377,1.876,1.9217,1.9673,-1.9601,-1.4309,-1.415,-1.4007,-1.3903,-1.3721,-1.3615,-1.3474,-1.3314,-1.3223,-1.3045,-1.9418,-1.2862,-1.2712,-1.262,-1.2529,-1.2369,-1.2228,-1.2137,-1.2046,-1.1954,-1.1863,-1.9162,-1.1772,-1.168,-1.1677,-1.1616,-1.1558,-1.1552,-1.1461,-1.144,-1.1397,-1.1306,-1.8888,-1.1215,-1.1203,-1.1203,-1.1178,-1.1086,-1.1084,-1.1022,-1.0931,-1.084,-1.0749,-1.8614,-1.0657,-1.0566,-1.0475,-1.0383,-1.0212,-1.0082,-0.9965,-0.97825,-0.969,-0.95359,-1.834,-0.93533,-0.91708,-0.89882,-0.88056,-0.86231,-0.84405,-0.82579,-0.80754,-0.78928,-0.7683,3.0,5.0
0.33607,0.24941,0.21361,1.5795,1.6228,1.6661,1.701,1.7226,1.7302,1.7302,1.7302,1.7151,1.6284,0.22303,1.4758,1.2375,1.0896,0.98131,0.87298,0.75995,0.62996,0.49997,0.36998,0.23999,0.22303,0.11,-0.019994,-0.14998,-0.27997,-0.48909,-0.77074,-0.89978,-0.9855,-1.0505,-1.1089,0.22303,-1.1522,-1.2078,-1.2728,-1.3199,-1.3613,-1.383,-1.4047,-1.4263,-1.448,-1.4697,0.22303,-1.4725,-1.4725,-1.4725,-1.464,-1.4424,-1.4066,-1.3632,-1.3199,-1.2766,-1.2332,0.22303,-1.1805,-1.1155,-1.0354,-0.94877,-0.88283,-0.81312,-0.72646,-0.6398,-0.55314,-0.46648,0.22303,-0.37982,-0.29316,-0.20085,-0.092525,0.004497,0.091157,0.19477,0.3031,0.41142,0.51975,0.22303,0.62807,0.72415,0.81081,0.91537,1.0218,1.1085,1.1876,1.2526,1.3176,1.3826,0.23622,1.4287,1.4721,1.5154,1.5587,1.6021,1.6313,1.6529,1.6548,1.6548,1.6548,0.25788,1.6454,1.6237,1.6021,1.5804,1.4344,1.3016,1.2366,1.1094,0.91443,0.7835,0.18535,0.26071,0.67517,0.54518,0.41519,0.2852,0.16651,0.058188,-0.050137,-0.17071,-0.56068,-0.85174,0.25788,-0.91674,-0.98173,-1.0467,-1.1117,-1.1748,-1.2182,-1.2615,-1.3048,-1.3482,-1.3915,0.23622,-1.416,-1.4348,-1.4348,-1.4348,-1.4348,-1.4348,-1.4348,-1.415,-1.3934,-1.3717,0.21455,-1.3406,-1.2973,-1.254,-1.2106,-1.1466,-1.0816,-1.0166,-0.94123,-0.85457,-0.76791,0.19289,-0.68125,-0.59459,-0.50793,-0.42127,-0.32331,-0.21498,-0.12361,-0.036007,0.072318,0.18064,0.17122,0.28897,0.38505,0.47171,0.57627,0.68271,0.76937,0.85603,0.94269,1.0293,1.116,0.14956,1.1838,1.2488,1.3138,1.3703,1.4137,1.457,1.5003,1.5437,1.5832,1.6049,0.12789,1.6171,1.6171,1.6322,1.6539,1.6341,1.6171,1.6171,1.6068,1.5851,1.5474,0.10623,1.5041,1.4608,1.4174,1.3741,1.3195,1.2545,1.1047,0.93515,0.84849,0.75524,0.084563,0.64691,0.55083,0.46417,0.35962,0.25129,0.14296,0.034639,-0.073686,-0.16882,-0.25548,0.18535,0.053479,-0.36098,-0.46366,-0.52865,-0.67842,-0.96007,-1.0863,-1.1296,-1.173,-1.2163,-1.2596,0.010149,-1.2935,-1.3152,-1.3218,-1.3218,-1.3425,-1.3595,-1.3595,-1.3491,-1.3274,-1.3218,-0.033182,-1.3218,-1.2785,-1.2408,-1.2191,-1.1861,-1.1428,-1.0825,-1.0175,-0.95253,-0.89413,-0.076512,-0.8508,-0.79523,-0.73023,-0.64734,-0.56256,-0.49757,-0.43257,-0.36758,-0.30258,-0.23759,-0.11984,-0.19143,-0.14527,-0.08028,-0.015284,0.049711,0.11471,0.1797,0.22492,0.27201,0.33701,-0.16788,0.39258,0.43591,0.47924,0.52257,0.5659,0.60452,0.62619,0.64785,0.66952,0.69119,-0.23288,0.71285,0.71285,0.71285,0.71285,0.70155,0.67988,0.67517,0.67517,0.67517,0.66858,-0.29787,0.64691,0.63749,0.63749,0.63749,0.63749,0.63749,0.63749,0.63749,0.63749,0.63749,-0.36287,0.63749,0.63749,0.63749,0.63749,0.63749,0.63749,0.63749,0.65727,0.67517,0.67517,-0.42786,0.67517,0.67517,0.67517,0.67517,0.67517,0.67517,0.67517,0.66481,0.18535,-0.49286,-0.55785,-0.62285,-0.68784,-0.76414,-0.8508,-0.92051,-0.9855,-1.0505,-1.1155,0.18535,-1.1805,-1.2332,-1.2766,-1.3199,-1.3632,-1.4066,-1.4424,-1.464,-1.4857,-1.5073,0.18535,-1.5102,-1.5102,-1.5102,-1.5017,-1.48,-1.4584,-1.4367,-1.415,-1.3858,-1.3208,0.18535,-1.2653,-1.2219,-1.1485,-1.0618,-0.97514,-0.88848,-0.80182,-0.71516,-0.6285,-0.52583,0.18535,-0.4175,-0.30918,-0.20085,-0.092525,0.027104,0.15709,0.27013,0.37845,0.48678,0.59511,0.19195,0.70343,0.81176,0.92008,1.0284,1.1348,1.2215,1.3082,1.3948,1.4683,1.5333,2.0,2.0
0.31457,0.27779,0.18582,0.79279,0.86636,0.93993,0.99511,1.0687,1.1239,1.179,1.2342,1.271,1.3262,0.16743,1.3446,1.3814,1.3998,1.4182,1.4182,1.4182,1.3998,1.3814,1.3446,1.3078,0.16743,1.271,1.2158,1.1423,1.0871,0.99511,0.92154,0.84797,0.7744,0.68243,0.60886,0.14904,0.5169,0.42493,0.33297,0.241,0.13065,0.038681,-0.053284,-0.16364,-0.25561,-0.34757,0.14904,-0.42114,-0.51311,-0.58668,-0.66025,-0.73382,-0.80739,-0.88097,-0.95454,-1.0465,-1.1201,0.14904,-1.1936,-1.2672,-1.3224,-1.3776,-1.4328,-1.4879,-1.5247,-1.5615,-1.5799,-1.6167,0.13065,-1.6167,-1.6351,-1.6351,-1.6167,-1.5983,-1.5799,-1.5615,-1.5063,-1.4695,-1.4144,0.13065,-1.3592,-1.304,-1.2304,-1.1753,-1.1017,-1.0281,-0.95454,-0.86257,-0.77061,-0.69704,0.13065,-0.60507,-0.51311,-0.42114,-0.32918,-0.21882,-0.12686,-0.034891,0.057074,0.16743,0.2594,0.11225,0.35136,0.44333,0.53529,0.64565,0.73761,0.82958,0.92154,0.99511,1.0871,1.1606,0.2594,0.11225,1.2342,1.3078,1.3814,1.4365,1.4917,1.5469,1.6021,1.6389,1.6757,1.7124,0.11225,1.7308,1.7492,1.7676,1.7676,1.7676,1.7492,1.7308,1.694,1.6573,1.6205,0.11225,1.5653,1.5101,1.4365,1.363,1.2894,1.2158,1.1239,1.0319,0.93993,0.84797,0.093859,0.756,0.66404,0.55368,0.44333,0.35136,0.241,0.13065,0.038681,-0.071677,-0.16364,0.093859,-0.274,-0.36596,-0.45793,-0.54989,-0.64186,-0.73382,-0.82579,-0.91775,-1.0097,-1.1017,0.093859,-1.1753,-1.2488,-1.3224,-1.396,-1.4511,-1.5063,-1.5615,-1.5983,-1.6535,-1.6903,0.093859,-1.727,-1.7454,-1.7822,-1.8006,-1.819,-1.819,-1.8374,-1.819,-1.8006,-1.7822,0.093859,-1.7638,-1.727,-1.6903,-1.6535,-1.5983,-1.5615,-1.5063,-1.4511,-1.3776,-1.3224,0.093859,-1.2672,-1.1936,-1.1385,-1.0649,-0.99132,-0.93614,-0.86257,-0.789,-0.71543,-0.64186,0.093859,-0.56829,-0.49471,-0.42114,-0.34757,-0.274,-0.21882,-0.16364,-0.10846,-0.053284,0.001895,0.2594,0.093859,0.057074,0.093859,0.13065,0.16743,0.20422,0.22261,0.2594,0.27779,0.31457,0.33297,0.093859,0.35136,0.38815,0.40654,0.44333,0.48011,0.5169,0.53529,0.57208,0.60886,0.64565,0.075466,0.68243,0.71922,0.756,0.79279,0.82958,0.88476,0.92154,0.97672,1.0135,1.0687,0.057074,1.1055,1.1423,1.1974,1.2158,1.2526,1.2894,1.3078,1.3446,1.363,1.3998,0.038681,1.4182,1.4549,1.4733,1.4917,1.5101,1.5101,1.5101,1.4917,1.4733,1.4549,0.001895,1.4365,1.4182,1.3814,1.3446,1.3262,1.271,1.2342,1.1974,1.1423,1.0871,-0.016498,1.0319,0.95833,0.90315,0.82958,0.7744,0.70083,0.62725,0.55368,0.4985,0.42493,-0.053284,0.35136,0.29618,0.241,0.18582,0.13065,0.093859,0.057074,0.038681,0.020288,0.001895,-0.09007,-0.016498,-0.034891,-0.053284,-0.071677,-0.071677,-0.071677,-0.071677,-0.071677,-0.071677,-0.09007,-0.12686,-0.09007,-0.09007,-0.10846,-0.10846,-0.12686,-0.12686,-0.14525,-0.14525,0.241,-0.16364,-0.20043,-0.25561,-0.29239,-0.34757,-0.40275,-0.47632,-0.5315,-0.60507,-0.66025,0.241,-0.73382,-0.80739,-0.86257,-0.91775,-0.97293,-1.0097,-1.0465,-1.0833,-1.1201,-1.1385,0.22261,-1.1753,-1.1936,-1.2304,-1.2488,-1.2856,-1.304,-1.3224,-1.3408,-1.3408,-1.3224,0.22261,-1.3224,-1.304,-1.2856,-1.2488,-1.2304,-1.1936,-1.1569,-1.1201,-1.0649,-1.0097,0.20422,-0.95454,-0.88097,-0.80739,-0.73382,-0.64186,-0.54989,-0.45793,-0.36596,-0.274,-0.18203,0.18582,-0.09007,0.001895,0.11225,0.18582,0.27779,0.36975,0.46172,0.53529,0.62725,0.70083,0.0,0.0
-2.0253,-1.6499,-1.5633,-0.60378,-0.58349,-0.56804,-0.55321,-0.53745,-0.52292,-0.50686,-0.49264,-0.47626,-0.46236,-1.5617,-0.44567,-0.43207,-0.41508,-0.40493,-0.39479,-0.38181,-0.36419,-0.35405,-0.34627,-0.34406,-1.5533,-0.33391,-0.32376,-0.31537,-0.31377,-0.30507,-0.30378,-0.29477,-0.29477,-0.29477,-0.29477,-1.5431,-0.29477,-0.29477,-0.29497,-0.30507,-0.30507,-0.31511,-0.32526,-0.3354,-0.34555,-0.3557,-1.533,-0.36584,-0.3851,-0.39643,-0.41539,-0.43568,-0.44747,-0.46596,-0.48626,-0.51458,-0.53714,-1.5308,-0.55743,-0.57772,-0.59802,-0.61831,-0.63149,-0.64859,-0.69608,-0.75031,-0.78157,-0.80186,-1.523,-0.81597,-0.82009,-0.82009,-0.82009,-0.81453,-0.80979,-0.80454,-0.7893,-0.77395,-0.75901,-1.5129,-0.73872,-0.71843,-0.70246,-0.68815,-0.66785,-0.6437,-0.61697,-0.59668,-0.57638,-0.55285,-1.5027,-0.52241,-0.47729,-0.41003,-0.37959,-0.34916,-0.31872,-0.28828,-0.25784,-0.2274,-0.19697,-1.4926,-0.16653,-0.13609,-0.10565,-0.075213,-0.044775,-0.01511,0.005801,0.036239,0.066368,0.08666,-1.6341,-1.4824,0.10695,0.13739,0.15784,0.17813,0.19842,0.21871,0.239,0.2593,0.27959,0.29097,-1.4723,0.30987,0.32156,0.33171,0.35015,0.3623,0.37245,0.38259,0.39274,0.40289,0.40567,-1.4621,0.41288,0.41597,0.42287,0.42627,0.42627,0.42627,0.42627,0.42627,0.42029,0.41597,-1.452,0.4103,0.40567,0.40031,0.38496,0.36972,0.35468,0.33913,0.3244,0.3041,0.28381,-1.4484,0.26352,0.24323,0.22294,0.20264,0.18235,0.16206,0.14177,0.12148,0.092531,0.052719,-1.442,0.039998,0.024547,0.022281,0.014247,0.01229,0.003946,0.005595,0.014247,0.015586,0.025732,-1.4381,0.035878,0.046024,0.056891,0.076617,0.087175,0.10747,0.12776,0.14805,0.16834,0.18863,-1.432,0.20893,0.27737,0.31049,0.34093,0.37137,0.4018,0.43224,0.45398,0.48282,0.51326,-1.4219,0.54369,0.57413,0.6125,0.64531,0.67575,0.70618,0.74394,0.77736,0.8078,0.83824,-1.4175,0.86867,0.89257,0.91925,0.94969,0.97405,1.0003,1.0249,1.0508,1.0758,1.0961,-1.624,-1.4175,1.1164,1.1367,1.1521,1.167,1.1827,1.1973,1.2133,1.2194,1.2233,1.2335,-1.4175,1.24,1.24,1.2433,1.2503,1.2503,1.2475,1.24,1.24,1.2376,1.2297,-1.4122,1.2276,1.2175,1.2091,1.2075,1.1974,1.1872,1.1771,1.1669,1.1568,1.1466,-1.4072,1.1365,1.1267,1.1265,1.1164,1.1062,1.0961,1.0958,1.0958,1.0958,1.0958,-1.4072,1.0958,1.1049,1.1061,1.1149,1.1251,1.1352,1.1537,1.1658,1.1759,1.194,-1.4072,1.2143,1.2421,1.2577,1.2751,1.2883,1.3054,1.3189,1.3357,1.3495,1.366,-1.4072,1.3801,1.3963,1.4107,1.4208,1.4365,1.4514,1.4668,1.482,1.4971,1.5126,-1.4072,1.5228,1.5374,1.5533,1.5635,1.5736,1.5838,1.5939,1.6041,1.6142,1.6244,-1.4072,1.6345,1.6447,1.6548,1.665,1.6751,1.6852,1.6954,1.7075,1.726,1.7378,-1.4072,1.7566,1.7667,1.7769,1.787,1.7972,1.8073,1.8175,1.8281,-1.6139,-1.4031,-1.3969,-1.3969,-1.3933,-1.3866,-1.3866,-1.3834,-1.3763,-1.3734,-1.3633,-1.6132,-1.3557,-1.3533,-1.3432,-1.333,-1.3229,-1.3127,-1.3026,-1.2924,-1.2823,-1.2709,-1.6039,-1.2517,-1.2415,-1.2307,-1.2104,-1.1905,-1.1801,-1.1599,-1.1498,-1.1295,-1.1092,-1.5937,-1.0987,-1.0789,-1.0681,-1.0487,-1.0284,-1.0171,-0.99809,-0.9778,-0.96605,-0.94751,-1.5836,-0.93546,-0.91723,-0.90487,-0.88695,-0.86665,-0.85383,-0.83637,-0.82324,-0.80609,-0.78579,-1.5734,-0.7722,-0.75551,-0.73522,-0.72116,-0.70494,-0.68464,-0.67012,-0.65436,-0.63407,-0.61908,5.0,5.0
-1.0042,-0.9836,-0.92723,-1.739,-1.7183,-1.7101,-1.6899,-1.6693,-1.6487,-1.6331,-1.6202,-1.5996,-1.579,-0.92723,-1.5689,-1.545,-1.5171,-1.4964,-1.4725,-1.4424,-1.4217,-1.4011,-1.3717,-1.3507,-0.91439,-1.3392,-1.3121,-1.2851,-1.2552,-1.2268,-1.1975,-1.1699,-1.1434,-1.1326,-1.115,-0.91439,-1.0819,-1.0609,-1.0403,-1.0197,-0.99903,-0.9784,-0.95777,-0.94006,-0.94006,-0.92155,-0.90156,-0.90092,-0.88029,-0.85966,-0.83903,-0.81223,-0.78493,-0.7643,-0.75262,-0.72304,-0.69577,-0.90156,-0.66894,-0.63891,-0.61048,-0.58138,-0.54792,-0.51654,-0.50666,-0.48118,-0.45256,-0.43193,-0.89232,-0.4113,-0.39067,-0.36471,-0.33658,-0.32403,-0.29531,-0.26384,-0.23541,-0.20698,-0.17429,-0.88872,-0.15366,-0.13303,-0.10585,-0.1046,-0.08397,-0.06334,-0.054516,-0.034912,-0.014282,0.006349,-0.88872,0.022488,0.034776,0.048155,0.060989,0.071,0.073823,0.073823,0.086657,0.10219,0.11233,-0.87589,0.13061,0.13841,0.15904,0.16684,0.18747,0.20216,0.215,0.22369,0.23149,0.24067,-0.97856,-0.87397,0.2535,0.25488,0.26633,0.28331,0.292,0.31173,0.33236,0.34334,0.36079,0.38142,-0.85334,0.40205,0.42268,0.44331,0.46394,0.48451,0.49237,0.513,0.53363,0.55426,0.57489,-0.84554,0.60387,0.62899,0.64962,0.67025,0.67805,0.7075,0.73214,0.75277,0.78624,0.80838,-0.83739,0.84033,0.8738,0.90649,0.91506,0.94852,0.97894,1.0026,1.0358,1.0642,1.0926,-0.82455,1.1236,1.1314,1.1649,1.1935,1.222,1.2525,1.2859,1.3194,1.3485,1.3769,-0.81172,1.4182,1.4342,1.461,1.4906,1.5191,1.5486,1.5759,1.6027,1.6233,1.6311,-0.81172,1.6518,1.6724,1.693,1.7137,1.7343,1.7422,1.7627,1.7833,1.7936,1.7989,-0.80656,1.8196,1.8402,1.848,1.8686,1.8764,1.8962,1.9048,1.9091,1.9204,1.9347,-0.79876,1.9347,1.9257,1.9179,1.9091,1.8962,1.8834,1.8739,1.8532,1.8326,1.8192,-0.78605,1.8042,1.7835,1.7579,1.7294,1.701,1.6625,1.6314,1.5901,1.5745,1.5332,-0.97856,-0.77033,1.492,1.4507,1.3966,1.3554,1.3141,1.2728,1.2201,1.1775,1.1376,1.1078,-0.76038,1.0665,1.0253,0.98401,0.94275,0.90149,0.86953,0.84463,0.79054,0.74928,0.70801,-0.7419,0.66675,0.62549,0.58423,0.54868,0.53803,0.49895,0.45769,0.4248,0.388,0.34674,-0.73472,0.31157,0.27811,0.25748,0.22401,0.20338,0.18275,0.16212,0.14149,0.12946,0.13799,-0.73472,0.15083,0.16366,0.17348,0.1765,0.1765,0.18404,0.18933,0.18933,0.18933,0.18933,-0.72188,0.18933,0.18933,0.18933,0.18933,0.18933,0.18933,0.18586,0.1765,0.17027,0.16247,-0.72188,0.15083,0.13799,0.12625,0.11845,0.11066,0.099491,0.086657,0.086657,0.073823,0.073823,-0.72188,0.073823,0.073823,0.073823,0.086657,0.086657,0.097085,0.099491,0.099491,0.099491,0.099491,-0.72188,0.099491,0.10536,0.11233,0.11233,0.11233,0.11233,0.11233,0.11101,0.099491,0.10357,-0.72188,0.11233,0.11233,0.11233,0.11233,0.11233,0.11233,0.11233,0.11233,-0.97856,-0.71803,-0.70905,-0.70244,-0.69622,-0.69622,-0.69188,-0.68338,-0.68338,-0.68338,-0.68338,-0.96573,-0.68338,-0.68338,-0.68338,-0.68338,-0.68338,-0.68338,-0.68312,-0.67055,-0.67055,-0.67055,-0.96573,-0.67055,-0.68338,-0.68338,-0.67055,-0.67055,-0.67055,-0.67055,-0.67055,-0.67055,-0.67055,-0.95289,-0.67055,-0.67055,-0.67055,-0.67501,-0.68338,-0.71226,-0.75846,-0.8217,-0.89861,-0.92713,-0.95289,-0.98626,-1.0582,-1.0893,-1.1765,-1.1987,-1.3018,-1.3536,-1.4677,-1.5037,-1.5441,-0.94006,-1.6081,-1.7137,-1.7344,-1.7805,-1.8628,-1.8421,-1.8215,-1.8009,-1.7802,-1.7596,4.0,4.0
-1.9089,-1.7965,-1.6903,-0.90169,-0.93076,-0.94942,-0.97849,-1.0076,-1.0366,-1.0553,-1.0844,-1.103,-1.1257,-1.6799,-1.1924,-1.2111,-1.2322,-1.2426,-1.2286,-1.2204,-1.2017,-1.1935,-1.1748,-1.1561,-1.6695,-1.1375,-1.1188,-1.0897,-1.0661,-1.0392,-1.0123,-0.98388,-0.9548,-0.93156,-0.89013,-1.659,-0.81554,-0.78837,-0.76781,-0.73874,-0.71805,-0.69101,-0.67234,-0.64327,-0.62461,-0.59554,-1.6581,-0.57688,-0.54781,-0.52358,-0.49667,-0.46976,-0.43244,-0.41287,-0.3838,-0.36513,-0.33606,-1.6486,-0.3174,-0.29874,-0.27529,-0.25101,-0.23235,-0.20497,-0.18462,-0.16596,-0.13689,-0.11823,-1.6382,-0.099566,-0.080906,-0.062245,-0.043585,-0.024924,-0.006263,0.006619,0.020647,0.039308,0.057969,-1.6278,0.069082,0.084879,0.10354,0.12113,0.13045,0.14195,0.15236,0.16561,0.17386,0.1836,-1.6174,0.19401,0.20442,0.20686,0.21483,0.21483,0.21483,0.21483,0.21483,0.20452,0.20442,-1.6064,0.18802,0.17977,0.1507,0.12212,0.10297,0.062705,0.024005,-0.005066,-0.033252,-0.060163,-1.784,-1.5966,-0.087074,-0.11398,-0.1409,-0.16908,-0.18774,-0.2064,-0.22772,-0.25364,-0.26238,-0.27063,-1.5795,-0.28487,-0.29528,-0.29528,-0.29528,-0.28909,-0.28487,-0.27259,-0.26405,-0.24568,-0.23282,-1.5712,-0.21512,-0.2001,-0.18144,-0.16278,-0.14412,-0.12546,-0.11721,-0.098551,-0.087074,-0.071641,-1.5526,-0.05298,0.017732,0.036393,0.065464,0.094535,0.12361,0.15299,0.18175,0.20041,0.22331,-1.5339,0.24814,0.2668,0.29363,0.31453,0.3436,0.36396,0.39133,0.42041,0.44469,0.4716,-1.5152,0.49721,0.52542,0.55233,0.57401,0.60308,0.63215,0.65997,0.67988,0.70896,0.72762,-1.507,0.7468,0.77535,0.79401,0.81712,0.84174,0.8604,0.88744,0.90813,0.92679,0.95586,-1.4883,0.97452,0.99318,1.0118,1.0201,1.0388,1.0477,1.0581,1.0685,1.0789,1.0789,-1.4697,1.0883,1.0893,1.0893,1.0893,1.0893,1.0803,1.0789,1.0685,1.0477,1.0258,-1.451,0.98702,0.96193,0.93502,0.90811,0.88114,0.85207,0.81696,0.79005,0.75445,0.72582,-1.7696,-1.4404,0.69891,0.672,0.63811,0.58695,0.5592,0.53312,0.51673,0.50322,0.4855,0.47631,-1.4241,0.46468,0.45427,0.45427,0.45481,0.46468,0.48172,0.48997,0.50863,0.52729,0.54595,-1.4054,0.56462,0.58736,0.60194,0.63077,0.64967,0.72038,0.74945,0.77852,0.80697,0.83388,-1.3868,0.85532,0.87729,0.9042,0.93213,0.9612,0.97986,1.0089,1.0276,1.0553,1.0753,-1.3681,1.094,1.1126,1.1313,1.15,1.1686,1.1916,1.2164,1.235,1.2537,1.2619,-1.3571,1.2767,1.2888,1.2975,1.3079,1.3183,1.3287,1.3391,1.3488,1.357,1.3653,-1.3412,1.3808,1.3912,1.4004,1.412,1.4273,1.4356,1.4537,1.4625,1.4745,1.4894,-1.3226,1.5057,1.5163,1.5265,1.5432,1.5515,1.5701,1.5888,1.6074,1.6261,1.6448,-1.3039,1.6634,1.6821,1.7084,1.7298,1.7589,1.7787,1.8066,1.8357,1.8648,1.8938,-1.2852,1.9125,1.9402,1.9602,1.9789,2.008,2.0266,2.0453,2.0639,-1.7614,-1.2666,-1.2479,-1.2292,-1.2106,-1.1919,-1.1733,-1.1546,-1.1359,-1.1173,-1.0986,-1.7427,-1.08,-1.0613,-1.0426,-1.024,-1.0053,-0.99707,-0.97841,-0.96154,-0.9515,-0.94072,-1.7319,-0.92459,-0.91634,-0.89908,-0.88943,-0.88118,-0.86785,-0.85427,-0.84602,-0.83662,-0.82621,-1.7215,-0.8158,-0.80539,-0.79498,-0.7861,-0.77785,-0.7696,-0.76375,-0.75334,-0.75334,-0.74293,-1.7076,-0.73876,-0.73051,-0.72211,-0.7117,-0.7117,-0.70129,-0.70129,-0.70129,-0.7117,-0.7117,-1.6993,-0.72549,-0.73374,-0.7524,-0.76065,-0.77931,-0.79797,-0.81663,-0.83529,-0.85395,-0.87738,5.0,5.0
0.79186,0.80704,0.80814,0.98623,1.0621,1.1527,1.235,1.3079,1.3687,1.4294,1.4837,1.5292,1.5748,0.79296,1.6103,1.6407,1.6711,1.6879,1.6954,1.6936,1.6784,1.6632,1.6427,1.6123,0.79186,1.4937,1.4078,1.3318,1.1952,1.1205,1.0466,0.95629,0.88038,0.79438,0.70329,0.79186,0.61219,0.5211,0.42223,0.31596,0.20968,0.10341,-0.002868,-0.10914,-0.21542,-0.31271,0.79186,-0.40695,-0.51323,-0.81955,-1.0486,-1.1237,-1.1844,-1.2452,-1.3059,-1.3666,-1.4137,0.79186,-1.4513,-1.4817,-1.512,-1.531,-1.5462,-1.5614,-1.5467,-1.5406,-1.5341,-1.5037,0.79186,-1.4734,-1.4362,-1.3907,-1.3451,-1.2893,-1.2241,-1.1482,-1.0723,-0.98839,-0.8973,0.79186,-0.80621,-0.71512,-0.62402,-0.53293,-0.42681,-0.32054,-0.21762,-0.12653,-0.022726,0.076667,0.79186,0.16776,0.25885,0.34995,0.44104,0.53213,0.62322,0.70623,0.78214,0.85805,0.93396,0.79186,1.0041,1.0648,1.1407,1.198,1.247,1.3077,1.3556,1.3942,1.4246,1.4549,0.81287,0.79186,1.4748,1.49,1.5052,1.3801,1.2844,1.2237,1.163,1.1022,1.0356,0.95975,0.78823,0.89902,0.81949,0.73197,0.65606,0.56722,0.47613,0.38504,0.29395,0.19224,0.090746,0.77305,-0.000346,-0.10557,-0.21185,-0.31565,-0.40674,-0.68696,-0.91317,-0.97389,-1.0346,-1.0954,0.77084,-1.1524,-1.1979,-1.2435,-1.2818,-1.3122,-1.3426,-1.3729,-1.3984,-1.4136,-1.4288,0.77084,-1.444,-1.4566,-1.4566,-1.4446,-1.4295,-1.414,-1.3837,-1.3533,-1.3191,-1.2736,0.76953,-1.2149,-1.1469,-1.071,-0.99507,-0.91916,-0.83825,-0.74716,-0.65607,-0.56498,-0.4712,0.75435,-0.36493,-0.27068,-0.17339,-0.067484,0.023609,0.12442,0.22681,0.3179,0.42223,0.5211,0.73917,0.61219,0.70329,0.79438,0.88547,0.97656,1.0532,1.1291,1.205,1.2809,1.3569,0.72398,1.4265,1.4867,1.5323,1.5778,1.6194,1.6497,1.6667,1.6819,1.6954,1.6954,0.7088,1.6844,1.6692,1.654,1.6097,1.5729,1.5368,1.4761,1.4276,1.3756,1.3143,0.81287,0.67944,1.2384,1.1724,1.1076,1.0317,0.95576,0.87223,0.78114,0.69005,0.59895,0.50786,0.64907,0.41677,0.32568,0.22576,0.12248,0.031384,-0.072055,-0.17182,-0.2752,-0.63957,-0.8133,0.61871,-0.88921,-0.96512,-1.0275,-1.0882,-1.147,-1.1926,-1.2381,-1.2783,-1.3086,-1.3242,0.58834,-1.3394,-1.3546,-1.3698,-1.3725,-1.3725,-1.3725,-1.3725,-1.3624,-1.3429,-1.3125,0.54611,-1.2958,-1.2728,-1.2404,-1.1949,-1.1494,-1.1038,-1.0583,-0.99785,-0.93712,-0.87639,0.50056,-0.81566,-0.74238,-0.67319,-0.61247,-0.55174,-0.48076,-0.40927,-0.34854,-0.28781,-0.22708,0.4548,-0.16845,-0.12291,-0.07736,-0.031814,0.013732,0.059279,0.095685,0.12605,0.15641,0.18678,0.39407,0.21031,0.22549,0.24068,0.24551,0.24551,0.24551,0.24551,0.24551,0.24551,0.24551,0.34291,0.24551,0.24551,0.24551,0.23043,0.2245,0.2245,0.2245,0.2245,0.2245,0.2245,0.2899,0.2245,0.23495,0.24551,0.24551,0.24551,0.24551,0.24551,0.24551,0.81287,0.21399,0.13808,0.062168,-0.013742,-0.089653,-0.16556,-0.24147,-0.31739,-0.40759,-0.49022,0.81287,-0.56876,-0.65985,-0.73897,-0.81488,-0.89079,-0.9667,-1.0329,-1.0975,-1.1734,-1.223,0.81287,-1.2759,-1.3335,-1.3639,-1.3943,-1.4246,-1.455,-1.471,-1.4776,-1.4776,-1.4776,0.81287,-1.4655,-1.4503,-1.4347,-1.4044,-1.374,-1.3397,-1.2941,-1.2486,-1.1881,-1.1122,0.81287,-1.0363,-0.96039,-0.87419,-0.76791,-0.67614,-0.57637,-0.4701,-0.36382,-0.24536,-0.13026,0.81287,-0.023987,0.082289,0.18856,0.29484,0.40111,0.50739,0.61366,0.7182,0.8093,0.90039,2.0,2.0
0.87603,0.90705,0.90705,-0.79922,-0.71514,-0.63107,-0.547,-0.46293,-0.37032,-0.26376,-0.17969,0.041508,0.39176,0.87898,0.47738,0.59093,0.675,0.75907,0.84314,0.90162,0.98027,1.0643,1.1484,1.2015,0.87603,1.2855,1.3696,1.4227,1.5067,1.5598,1.6322,1.6743,1.7163,1.7583,1.7757,0.87603,1.8067,1.8067,1.8067,1.8067,1.8067,1.778,1.767,1.725,1.6829,1.6302,0.87603,1.5678,1.4931,1.4217,1.356,1.2719,1.1878,1.1037,1.0197,0.91884,0.79273,0.87603,0.69765,0.57154,0.44543,0.35034,0.22423,0.098125,-0.027983,-0.15409,-0.2802,-0.3925,0.87603,-0.5014,-0.6227,-0.72259,-0.82186,-0.96798,-1.1056,-1.2292,-1.3975,-1.4792,-1.5127,0.87494,-1.4709,-1.4288,-1.3868,-1.3448,-1.3027,-1.2568,-1.1876,-1.1197,-1.0666,-0.98256,0.845,-0.89849,-0.84544,-0.76137,-0.6773,-0.59322,-0.50915,-0.42415,-0.30998,-0.20295,-0.11082,0.845,-0.012782,0.088353,0.20345,0.3035,0.40262,0.51771,0.61978,0.71688,1.1422,1.2263,0.90705,0.8419,1.3104,1.3634,1.4254,1.4675,1.4965,1.5205,1.5315,1.5585,1.5585,1.5275,0.81398,1.5275,1.4994,1.4574,1.4154,1.4034,1.3623,1.3203,1.2772,1.2052,1.1631,0.81398,1.0901,1.0339,0.94986,0.86067,0.75069,0.66662,0.55153,0.44931,0.3232,0.22811,0.80886,0.102,-0.024106,-0.15021,-0.27632,-0.40243,-0.52854,-0.65465,-0.74973,-0.86064,-0.97093,0.78296,-1.0598,-1.1439,-1.228,-1.281,-1.3458,-1.3879,-1.4299,-1.472,-1.5127,-1.5127,0.78296,-1.5127,-1.4817,-1.4675,-1.4254,-1.3834,-1.3413,-1.2993,-1.2262,-1.1842,-1.1129,0.77582,-1.0381,-0.9351,-0.82962,-0.74555,-0.66147,-0.54638,-0.46231,-0.32953,-0.20109,-0.10166,0.75194,-0.001924,0.11317,0.21462,0.3975,0.49786,0.62397,0.71967,0.83477,1.1543,1.3428,0.75194,1.3972,1.4579,1.5309,1.573,1.5896,1.5896,1.5896,1.5621,1.5201,1.478,0.75194,1.436,1.3845,1.3209,1.2474,1.1633,1.0792,0.99516,0.89759,0.79599,0.67639,0.90705,0.73177,0.55029,0.42418,0.29807,0.15443,0.014828,-0.11981,-0.26841,-0.39452,-0.55165,-0.67776,0.72091,-0.80387,-0.96767,-1.1492,-1.2514,-1.4178,-1.5019,-1.5804,-1.639,-1.7231,-1.7609,0.70974,-1.7795,-1.792,-1.7823,-1.7403,-1.7293,-1.6873,-1.6226,-1.5695,-1.4854,-1.4014,0.68989,-1.2506,-1.1402,-0.97605,-0.84792,-0.7108,-0.58671,-0.47161,-0.32844,-0.2104,-0.094218,0.68772,0.050815,0.13659,0.23726,0.2793,0.32134,0.36337,0.37966,0.34864,0.33188,0.28985,0.65887,0.24781,0.18701,0.13272,0.09068,0.048643,-0.024416,-0.066452,-0.13129,-0.18155,-0.23739,0.65887,-0.29664,-0.33868,-0.38072,-0.42275,-0.46479,-0.50682,-0.54886,-0.5909,-0.63293,-0.67497,0.62784,-0.68598,-0.70615,-0.70615,-0.70615,-0.70615,-0.70615,-0.70615,-0.70615,-0.67512,-0.67512,0.61264,-0.67512,-0.66721,-0.6441,-0.6441,-0.6441,-0.62316,-0.61308,-0.60113,-0.58206,-0.55103,0.57061,-0.53707,-0.52001,-0.48899,-0.47301,-0.45796,-0.49597,-0.52001,-0.54902,0.90705,0.55959,0.53477,0.50654,0.47273,0.45349,0.44171,0.40044,0.35841,0.3474,0.30536,0.90705,0.26332,0.22454,0.21027,0.16824,0.1262,0.084165,0.042129,9.2e-05,-0.041944,-0.08398,0.90705,-0.12602,-0.18837,-0.24111,-0.28315,-0.32518,-0.36722,-0.4226,-0.48232,-0.52435,-0.58174,0.90705,-0.63945,-0.68784,-0.77192,-0.8276,-0.90066,-0.96209,-1.0462,-1.1198,-1.2903,-1.3914,0.90705,-1.4631,-1.5051,-1.6368,-1.6368,-1.6114,-1.5694,-1.5273,-1.4853,-1.4507,-1.4322,0.90705,-1.3902,-1.3482,-1.3061,-1.2641,-1.2106,-1.149,-1.1045,-1.0339,-0.96736,-0.88329,2.0,2.0
-2.0576,-1.9835,-1.7188,-0.86356,-0.87301,-0.87694,-0.88567,-0.89584,-0.91082,-0.9258,-0.9299,-0.94471,-0.95201,-1.6838,-0.96362,-0.98308,-0.99623,-0.98518,-0.98518,-0.98518,-0.97412,-0.96821,-0.95322,-0.94095,-1.6428,-0.93432,-0.9299,-0.91541,-0.85632,-0.81889,-0.79307,-0.78616,-0.77417,-0.75919,-0.74421,-1.6128,-0.72922,-0.71983,-0.71032,-0.69534,-0.68035,-0.66537,-0.65039,-0.63541,-0.62043,-0.60545,-1.5722,-0.59047,-0.57549,-0.55597,-0.53447,-0.51949,-0.5045,-0.48952,-0.46349,-0.4485,-0.43352,-1.5455,-0.40749,-0.3925,-0.37752,-0.36254,-0.34756,-0.33258,-0.3176,-0.30262,-0.28664,-0.2616,-1.523,-0.24662,-0.23164,-0.21102,-0.19062,-0.17563,-0.16065,-0.14567,-0.13069,-0.12279,-0.11178,-1.4934,-0.096804,-0.089617,-0.078561,-0.073972,-0.067504,-0.056448,-0.051141,-0.045392,-0.045392,-0.039366,-1.4784,-0.034335,-0.034335,-0.027591,-0.023279,-0.023279,-0.023279,-0.023279,-0.027536,-0.034335,-0.045392,-1.4634,-0.050367,-0.065348,-0.069273,-0.084255,-0.099236,-0.10316,-0.11814,-0.12279,-0.13705,-0.1449,-1.9535,-1.4484,-0.15595,-0.16701,-0.17486,-0.192,-0.23335,-0.22478,-0.21124,-0.20587,-0.19089,-0.17591,-1.4335,-0.16701,-0.15701,-0.039643,-0.01648,0.009226,0.028133,0.058095,0.088058,0.11802,0.14798,-1.4185,0.17795,0.20791,0.27369,0.32129,0.34777,0.38304,0.413,0.44296,0.43136,0.44761,-1.4053,0.47757,0.49642,0.51538,0.53744,0.55165,0.55635,0.57133,0.58482,0.59023,0.60522,-1.4053,0.60914,0.62412,0.61898,0.63197,0.6401,0.65088,0.66221,0.66978,0.68432,0.68432,-1.3956,0.68432,0.68432,0.68432,0.68432,0.68244,0.67327,0.67327,0.66221,0.65569,0.65115,-1.3943,0.6401,0.63286,0.61788,0.60693,0.59897,0.58399,0.56425,0.54297,0.52799,0.51301,-1.3878,0.49803,0.47425,0.46806,0.45308,0.45214,0.45214,0.46298,0.4669,0.48188,0.48581,-1.3832,0.50079,0.51577,0.53075,0.54573,0.54258,0.71528,0.50223,0.50742,0.52113,0.57559,-1.3832,0.60693,0.61799,0.62528,0.64026,0.65525,0.66221,0.67415,0.68913,0.70411,0.71749,-1.9235,-1.3832,0.72302,0.738,0.75298,0.76796,0.78295,0.79793,0.81291,0.82789,0.83181,0.8468,-1.3831,0.86178,0.87676,0.89174,0.90672,0.9217,0.93668,0.95167,0.96665,0.98163,0.9939,-1.3721,1.0005,1.0155,1.0271,1.0344,1.0494,1.0644,1.0794,1.0833,1.0983,1.1133,-1.3721,1.1282,1.1432,1.1582,1.1732,1.1819,1.1921,1.196,1.204,1.204,1.215,-1.3714,1.215,1.2156,1.2261,1.2261,1.2261,1.2261,1.2261,1.2261,1.2321,1.2371,-1.3611,1.2371,1.2371,1.2371,1.2482,1.2482,1.2485,1.2635,1.2784,1.2934,1.3084,-1.3611,1.3234,1.3384,1.3477,1.3573,1.3722,1.3872,1.4022,1.4172,1.4676,1.5024,-1.3596,1.5174,1.5402,1.5584,1.5734,1.5884,1.6034,1.6184,1.6333,1.6483,1.6633,-1.35,1.6783,1.6933,1.7082,1.7232,1.7382,1.7532,1.7682,1.7789,1.7871,1.8021,-1.35,1.817,1.8231,1.8359,1.8509,1.8563,1.8698,1.8784,1.8887,-1.8936,-1.339,-1.339,-1.3289,-1.325,-1.3169,-1.3169,-1.3058,-1.2982,-1.2943,-1.2793,-1.8636,-1.2726,-1.2604,-1.2505,-1.2415,-1.2265,-1.2116,-1.1966,-1.1816,-1.1666,-1.1516,-1.8447,-1.1366,-1.1217,-1.1067,-1.0877,-1.0657,-1.0507,-1.0357,-1.0207,-1.0042,-0.9797,-1.8147,-0.96472,-0.94748,-0.9237,-0.90872,-0.89374,-0.88567,-0.87484,-0.85985,-0.84487,-0.84095,-1.7848,-0.82597,-0.81933,-0.80706,-0.79722,-0.78815,-0.78616,-0.78616,-0.78616,-0.78616,-0.78616,-1.7548,-0.78616,-0.79722,-0.80452,-0.80844,-0.81933,-0.82735,-0.83127,-0.84145,-0.85018,-0.8541,5.0,5.0
0.83019,0.85917,0.83019,1.2794,1.3518,1.4531,1.5254,1.5977,1.67,1.7423,1.8146,1.8658,1.9303,0.83019,1.9671,1.9896,2.0104,2.0185,2.0185,2.0051,1.9896,1.712,1.6351,1.4444,0.83019,1.32,1.239,1.0508,0.97844,0.90613,0.83381,0.73251,0.6602,0.58788,0.51557,0.85917,0.41427,0.34195,0.26964,0.17073,0.096023,0.023708,-0.31642,-0.5267,-0.59452,-0.64235,0.85917,-0.69582,-0.75799,-0.80132,-0.86226,-0.89842,-0.93458,-0.97074,-1.0069,-1.0431,-1.0538,0.85917,-1.0828,-1.0936,-1.1117,-1.1117,-1.1117,-1.1117,-1.1117,-1.1117,-1.0828,-1.0725,0.85917,-1.0364,-1.0248,-0.99305,-0.9569,-0.92074,-0.86031,-0.81944,-0.77364,-0.71814,-0.658,0.85917,-0.61467,-0.5517,-0.49902,-0.4267,-0.38337,-0.31106,-0.25497,-0.19541,-0.1231,-0.050781,0.85917,0.021534,0.093849,0.16747,0.26746,0.33978,0.41209,0.51339,0.58571,0.67339,0.75932,0.83881,0.83236,0.93294,1.0053,1.0776,1.1789,1.2512,1.3235,1.3958,1.4681,1.5331,0.85917,0.83019,1.5838,1.6344,1.6706,1.7287,1.7429,1.7577,1.7291,1.722,1.5606,1.3677,0.79548,1.2671,1.0492,0.93598,0.79679,0.71628,0.55086,0.45572,0.36289,0.2821,0.20392,0.75932,0.10849,0.036171,-0.036144,-0.2044,-0.55757,-0.62988,-0.7022,-0.74553,-0.80538,-0.86118,0.72317,-0.90668,-0.97182,-1.008,-1.0441,-1.0803,-1.1407,-1.1526,-1.1888,-1.2249,-1.2567,0.55078,-1.2683,-1.2856,-1.2856,-1.3146,-1.3146,-1.3146,-1.3146,-1.3146,-1.3036,-1.2856,0.50593,-1.2603,-1.2277,-1.217,-1.1808,-1.1446,-1.1085,-1.0723,-1.0362,-0.97523,-0.93487,0.46977,-0.88857,-0.81625,-0.76843,-0.7006,-0.63814,-0.58496,-0.51264,-0.44033,-0.36801,-0.2957,0.41383,-0.19947,-0.12208,-0.040492,0.051532,0.12385,0.22696,0.32645,0.41492,0.52339,0.60288,0.36847,0.71135,0.81983,0.9283,1.0078,1.1079,1.1958,1.2815,1.4407,1.5131,1.5701,0.30333,1.6512,1.7004,1.7365,1.7577,1.7577,1.7573,1.7212,1.685,1.627,1.5546,0.85917,0.25486,1.4823,1.41,1.2729,1.1784,1.0992,0.96243,0.82425,0.71577,0.63629,0.50013,0.20203,0.36137,0.2529,0.13167,-0.022015,-0.13049,-0.21106,-0.33062,-0.63075,-0.89175,-0.96407,0.13921,-1.048,-1.1667,-1.239,-1.3386,-1.3781,-1.4269,-1.4993,-1.5445,-1.5755,-1.5879,0.066894,-1.624,-1.6335,-1.6624,-1.6624,-1.6624,-1.6624,-1.6624,-1.6506,-1.6335,-1.6073,0.006607,-1.6001,-1.564,-1.5278,-1.4917,-1.4514,-1.3904,-1.3542,-1.2925,-1.2491,-1.1878,-0.048752,-1.1335,-1.0612,-0.98885,-0.92719,-0.8732,-0.80089,-0.72857,-0.65626,-0.58394,-0.51163,-0.12107,-0.43931,-0.367,-0.29468,-0.22237,-0.15005,-0.067954,0.006607,0.066894,0.13921,0.21152,-0.19338,0.28384,0.33232,0.39746,0.44282,0.49876,0.53491,0.57107,0.60723,0.6273,0.6273,-0.2657,0.62585,0.59832,0.59832,0.57535,0.56817,0.54035,0.52484,0.51136,0.48238,0.47434,-0.3191,0.4534,0.43101,0.42441,0.41666,0.39543,0.39543,0.39543,0.39543,0.85917,-0.38134,-0.44938,-0.49699,-0.56931,-0.64162,-0.68495,-0.74611,-0.8006,-0.84741,-0.91255,0.85229,-0.94871,-0.98487,-1.021,-1.0572,-1.0933,-1.1117,-1.1367,-1.1407,-1.1407,-1.1407,0.83019,-1.1407,-1.1407,-1.1307,-1.1117,-1.0874,-1.0512,-1.0248,-0.99102,-0.94277,-0.90661,0.83019,-0.86103,-0.80531,-0.74538,-0.67503,-0.62974,-0.55742,-0.50858,-0.44178,-0.36946,-0.29715,0.83019,-0.24802,-0.1815,-0.10918,-0.036869,0.035446,0.10776,0.18008,0.25239,0.32471,0.39702,0.83019,0.46934,0.54165,0.63629,0.71527,0.78758,0.8599,0.95424,1.0335,1.1058,1.1927,2.0,2.0
1.9549,1.8811,1.5887,-0.44317,-0.46055,-0.48513,-0.50971,-0.53429,-0.55395,-0.57384,-0.59633,-0.61272,-0.62911,1.5595,-0.65294,-0.67149,-0.68788,-0.70746,-0.73205,-0.75663,-0.78121,-0.80579,-0.83609,-0.86456,1.5239,-0.88914,-0.91519,-0.94792,-0.9725,-1.0039,-1.0313,-1.0559,-1.0804,-1.105,-1.1296,1.4615,-1.1542,-1.1788,-1.2033,-1.2242,-1.2429,-1.2675,-1.2921,-1.3166,-1.3412,-1.361,1.4288,-1.3808,-1.4054,-1.4299,-1.4545,-1.4718,-1.4941,-1.5142,-1.5336,-1.5566,-1.573,1.3733,-1.5893,-1.6057,-1.6165,-1.6289,-1.6425,-1.6494,-1.6494,-1.6575,-1.659,-1.6538,1.3344,-1.6456,-1.6374,-1.6292,-1.621,-1.6206,-1.6142,-1.6011,-1.5882,-1.58,-1.5711,1.3063,-1.5547,-1.5458,-1.5316,-1.5152,-1.4988,-1.4824,-1.466,-1.4496,-1.4332,-1.4169,1.2784,-1.4005,-1.3841,-1.3677,-1.3513,-1.3349,-1.3117,-1.2925,-1.2721,-1.2476,-1.2242,1.24,-1.2078,-1.1834,-1.1588,-1.1394,-1.1193,-1.0947,-1.0701,-1.0455,-1.0286,-1.006,1.8548,1.184,-0.98141,-0.96022,-0.94186,-0.91728,-0.8927,-0.87545,-0.85315,-0.82857,-0.80706,-0.78902,1.1513,-0.76444,-0.73986,-0.72229,-0.7059,-0.68533,-0.66352,-0.64713,-0.63074,-0.60623,-0.58835,1.0967,-0.57197,-0.55558,-0.53919,-0.52384,-0.51564,-0.49964,-0.48964,-0.48145,-0.4697,-0.45545,1.0569,-0.44726,-0.43906,-0.43087,-0.42268,-0.41448,-0.40629,-0.39992,-0.39951,-0.39132,-0.38313,1.0241,-0.3807,-0.37635,-0.37109,-0.37109,-0.37109,-0.37109,-0.36422,-0.35602,-0.35186,-0.34925,0.98232,-0.34225,-0.34225,-0.33428,-0.32608,-0.31789,-0.30969,-0.29919,-0.2837,-0.2755,-0.25964,0.92973,-0.2495,-0.23648,-0.22009,-0.2037,-0.18732,-0.17093,-0.15454,-0.13815,-0.12628,-0.11499,0.89695,-0.098603,-0.082216,-0.065828,-0.056481,-0.042665,-0.026277,-0.012677,-0.003114,0.013274,0.021516,0.86418,0.036438,0.052825,0.069213,0.083125,0.092376,0.10876,0.11732,0.13193,0.14332,0.15509,0.81057,0.16932,0.17751,0.1857,0.1939,0.20819,0.2199,0.22809,0.23628,0.24491,0.2613,1.8384,0.76979,0.27048,0.27867,0.28686,0.29506,0.30171,0.30183,0.31003,0.31133,0.3168,0.32094,0.74113,0.32358,0.33177,0.33997,0.34816,0.35635,0.36455,0.37274,0.38327,0.39965,0.41604,0.70578,0.42474,0.43921,0.45559,0.47198,0.49039,0.51437,0.53075,0.55452,0.57314,0.59407,0.65352,0.61865,0.64153,0.6582,0.68278,0.70736,0.73759,0.76614,0.79072,0.8153,0.83988,0.62894,0.86446,0.88905,0.91363,0.93821,0.96279,0.98737,1.012,1.0444,1.0707,1.1003,0.60435,1.1295,1.1563,1.1883,1.2129,1.245,1.2716,1.3009,1.3304,1.355,1.3796,0.55988,1.4041,1.4504,1.4821,1.5023,1.5187,1.5367,1.5611,1.5775,1.5939,1.6103,0.53157,1.6267,1.643,1.6594,1.6758,1.6922,1.702,1.7102,1.7184,1.7266,1.7348,0.51518,1.743,1.7511,1.7593,1.7675,1.7757,1.7839,1.7915,1.7915,1.7989,1.8011,0.50118,1.8057,1.8139,1.8221,1.8299,1.8299,1.837,1.8452,1.8534,1.8023,0.49106,0.46648,0.43416,0.42034,0.41215,0.40396,0.3875,0.34718,0.3144,0.3039,1.7551,0.27168,0.24448,0.23126,0.21781,0.18537,0.16079,0.14332,0.12693,0.10199,0.077791,1.7305,0.068155,0.051792,0.043598,0.021804,0.007988,-0.008135,-0.027623,-0.039204,-0.071979,-0.081038,1.7059,-0.089232,-0.097426,-0.10562,-0.12275,-0.16045,-0.16865,-0.17684,-0.17886,-0.17886,-0.1822,1.6813,-0.18847,-0.18897,-0.19717,-0.20536,-0.21356,-0.22175,-0.22994,-0.23814,-0.24633,-0.25452,1.6309,-0.26969,-0.28052,-0.29285,-0.30924,-0.32563,-0.34201,-0.3584,-0.37479,-0.39641,-0.421,1.0,1.0
0.54605,0.49513,0.41264,2.1469,2.1469,2.1294,2.1039,1.8383,1.5733,1.3696,1.2003,1.073,0.94572,0.41264,0.81842,0.69113,0.48379,-0.025378,-0.346,-0.44783,-0.53144,-0.60781,-0.70887,-0.79936,0.41264,-0.85028,-0.91332,-0.98969,-1.0475,-1.0984,-1.1493,-1.1942,-1.2197,-1.2452,-1.2706,0.41264,-1.2961,-1.3215,-1.3217,-1.3217,-1.3217,-1.3089,-1.2834,-1.2772,-1.2767,-1.2258,0.41331,-1.1816,-1.1561,-1.1175,-1.0666,-1.0157,-0.96423,-0.88786,-0.81148,-0.73511,-0.65873,0.43877,-0.58235,-0.48608,-0.38513,-0.30876,-0.22504,-0.12321,-0.021375,0.080459,0.18229,0.28413,0.45711,0.38596,0.4878,0.58963,0.69147,0.7933,0.87457,0.9525,1.0543,1.1482,1.2245,0.45711,1.3009,1.3773,1.4328,1.4837,1.5346,1.5772,1.6026,1.6429,1.6938,1.7235,0.44355,1.7467,1.7467,1.7034,1.5761,1.5093,1.4838,1.3721,1.2524,1.2015,1.1416,0.41809,1.0652,0.98885,0.91248,0.8361,0.69903,0.088019,-0.32688,-0.40325,-0.47963,-0.55601,0.45066,0.39263,-0.63238,-0.70876,-0.78513,-0.85184,-0.90275,-0.95367,-1.0046,-1.0329,-1.062,-1.1129,0.36717,-1.1538,-1.1792,-1.2047,-1.2302,-1.2327,-1.2366,-1.2621,-1.2772,-1.2772,-1.2604,0.34172,-1.2349,-1.2327,-1.2285,-1.203,-1.1776,-1.1521,-1.1267,-1.1012,-1.0757,-1.0457,0.28646,-0.99481,-0.94389,-0.89297,-0.85951,-0.83405,-0.76079,-0.6893,-0.63839,-0.57613,-0.49975,0.15917,-0.42338,-0.347,-0.27063,-0.19425,-0.11787,-0.041498,0.034878,0.12938,0.23121,0.30847,0.073566,0.38485,0.46123,0.54961,0.65144,0.73482,0.8112,0.88757,0.96395,1.0403,1.1167,0.022649,1.1931,1.2507,1.3016,1.3525,1.4034,1.4543,1.4926,1.518,1.5435,1.569,-0.028268,1.5944,1.6133,1.6133,1.6133,1.6133,1.5939,1.5688,1.5688,1.493,1.213,-0.079185,0.99964,0.84689,0.7535,0.67712,0.60075,0.52437,0.448,0.12548,-0.40915,-0.58158,-0.1301,-0.65684,-0.70776,-0.75867,-0.80959,-0.86051,-0.91143,-0.96234,-1.0133,-1.0642,-1.1072,0.42521,-0.1888,-1.1327,-1.1725,-1.2234,-1.2535,-1.279,-1.3044,-1.3299,-1.3553,-1.3808,-1.4063,-0.26518,-1.4106,-1.4106,-1.4106,-1.4106,-1.4106,-1.4106,-1.4106,-1.3891,-1.3661,-1.3661,-0.32732,-1.3572,-1.3318,-1.291,-1.2401,-1.2109,-1.1855,-1.16,-1.1253,-1.0744,-1.0235,-0.37824,-0.97257,-0.92165,-0.87074,-0.81982,-0.7689,-0.71798,-0.66707,-0.61615,-0.54278,-0.46985,-0.44984,-0.41893,-0.36801,-0.3171,-0.24984,-0.17346,-0.11987,-0.072737,-0.047279,-0.011592,0.039325,-0.52454,0.073566,0.099025,0.14761,0.19441,0.21987,0.24533,0.27079,0.29625,0.3217,0.32371,-0.57546,0.31926,0.2938,0.27924,0.27924,0.27924,0.27924,0.25545,0.23477,0.23477,0.23477,-0.62638,0.23477,0.23477,0.23477,0.23477,0.23477,0.23477,0.23477,0.23477,0.23477,0.23477,-0.6773,0.23477,0.23477,0.23477,0.23477,0.23477,0.25311,0.27857,0.27924,0.27924,0.27924,-0.72821,0.27924,0.27924,0.27924,0.27924,0.27924,0.27312,0.24766,0.2222,0.41264,-0.77913,-0.83005,-0.88096,-0.93188,-0.97435,-0.99981,-1.0253,-1.0507,-1.0548,-1.0548,0.41264,-1.0548,-1.0548,-1.0548,-1.0396,-1.0141,-0.98869,-0.96056,-0.90965,-0.85873,-0.80781,0.41264,-0.7569,-0.70598,-0.63305,-0.55367,-0.45184,-0.35945,-0.28308,-0.1908,-0.088968,0.012866,0.41264,0.1147,0.21653,0.31837,0.4202,0.52204,0.62387,0.72571,0.82754,0.92938,1.0312,0.41264,1.133,1.2349,1.3367,1.4155,1.4959,1.5977,1.6891,1.7655,1.825,1.8759,0.41264,1.9268,1.9777,2.0287,2.0688,2.0942,2.1197,2.1452,2.1706,2.1867,2.1613,2.0,2.0
-1.8989,-1.8481,-1.657,-0.50327,-0.47464,-0.45341,-0.42232,-0.40109,-0.37986,-0.35863,-0.3374,-0.32603,-0.3048,-1.6358,-0.28357,-0.2722,-0.25176,-0.23961,-0.22824,-0.22217,-0.21231,-0.20245,-0.20245,-0.20245,-1.6145,-0.20245,-0.20691,-0.21231,-0.22217,-0.23115,-0.24251,-0.26162,-0.27511,-0.28648,-0.30771,-1.6128,-0.31908,-0.34031,-0.36154,-0.38277,-0.404,-0.42523,-0.44646,-0.47755,-0.49878,-0.52987,-1.6017,-0.5511,-0.57233,-0.59356,-0.65424,-0.71453,-0.72518,-0.72518,-0.72518,-0.73505,-0.73505,-1.5903,-0.73505,-0.72518,-0.72518,-0.72518,-0.71532,-0.71532,-0.70546,-0.70546,-0.69466,-0.68573,-1.5789,-0.68179,-0.67587,-0.666,-0.65755,-0.65604,-0.64628,-0.63642,-0.63181,-0.62655,-0.61669,-1.5676,-0.60757,-0.59696,-0.5871,-0.57724,-0.57196,-0.56059,-0.55751,-0.54765,-0.52792,-0.52499,-1.5635,-0.51362,-0.50226,-0.49089,-0.47861,-0.41943,-0.41734,-0.39971,-0.38984,-0.37998,-0.362,-1.5537,-0.35039,-0.3208,-0.30818,-0.27708,-0.25585,-0.22476,-0.19367,-0.17244,-0.15121,-0.12998,-1.8268,-1.5433,-0.10875,-0.087519,-0.066289,-0.045059,-0.023829,-0.002599,0.018631,0.039861,0.061091,0.082321,-1.5339,0.10355,0.12478,0.14601,0.16724,0.18847,0.2097,0.22166,0.24139,0.25366,0.26503,-1.5241,0.28084,0.2907,0.309,0.32036,0.34001,0.35296,0.36433,0.37947,0.39692,0.40829,-1.5142,0.41892,0.42878,0.43864,0.44851,0.45837,0.46823,0.4781,0.48796,0.48796,0.49782,-1.5077,0.49782,0.50768,0.50768,0.50768,0.50768,0.50768,0.50768,0.50768,0.4996,0.49782,-1.4963,0.48673,0.4655,0.43864,0.40743,0.36497,0.32251,0.28005,0.23949,0.21485,0.16258,-1.4945,0.13289,0.12303,0.12303,0.13395,0.14532,0.16655,0.18778,0.2118,0.24868,0.28106,-1.4846,0.31215,0.36586,0.43825,0.48071,0.51543,0.53666,0.56775,0.59884,0.62007,0.65117,-1.482,0.6724,0.69363,0.71486,0.73609,0.75732,0.77855,0.79978,0.82101,0.84224,0.8536,-1.4748,0.87483,0.89606,0.90743,0.9188,0.94003,0.95139,0.96276,0.98399,1.0008,1.0067,-1.8056,-1.4748,1.0181,1.0295,1.0403,1.0501,1.06,1.0699,1.0797,1.0896,1.0995,1.1105,-1.4649,1.1219,1.1389,1.1488,1.156,1.1674,1.1685,1.1685,1.1685,1.1685,1.1685,-1.4649,1.1586,1.1492,1.128,1.0969,1.0618,1.015,0.97686,0.92585,0.88208,0.83962,-1.455,0.79716,0.76457,0.73818,0.72467,0.72467,0.73453,0.74676,0.77186,0.81432,0.86366,-1.4452,0.90911,0.96143,1.0131,1.1154,1.1624,1.1943,1.2155,1.2367,1.258,1.277,-1.4418,1.2906,1.3118,1.333,1.3542,1.3755,1.3967,1.4179,1.4392,1.4545,1.4644,-1.4353,1.4743,1.4841,1.494,1.5038,1.5089,1.5137,1.5236,1.5331,1.5346,1.546,-1.4255,1.5532,1.563,1.5729,1.5816,1.5831,1.5945,1.6058,1.6172,1.6286,1.6399,-1.4176,1.6518,1.6627,1.674,1.6854,1.7011,1.711,1.7294,1.7406,1.7521,1.7733,-1.4156,1.7847,1.8059,1.8271,1.8582,1.8795,1.903,1.9318,1.953,-1.7844,-1.4057,-1.4057,-1.3959,-1.3904,-1.386,-1.3761,-1.3663,-1.3663,-1.3564,-1.3465,-1.7631,-1.3404,-1.329,-1.317,-1.3063,-1.2949,-1.2775,-1.2676,-1.251,-1.2396,-1.2282,-1.7419,-1.2169,-1.1956,-1.1744,-1.1532,-1.1319,-1.1107,-1.0993,-1.088,-1.0667,-1.0455,-1.7207,-1.0243,-1.003,-0.98182,-0.97045,-0.95203,-0.93785,-0.92244,-0.90526,-0.89389,-0.89238,-1.6994,-0.88102,-0.85979,-0.84354,-0.83367,-0.81582,-0.80446,-0.79309,-0.77186,-0.75063,-0.7294,-1.6782,-0.71803,-0.6968,-0.67557,-0.65434,-0.63311,-0.61188,-0.59065,-0.56942,-0.54819,-0.52696,5.0,5.0
0.86252,0.83896,0.86252,0.74725,0.84149,0.92463,0.9953,1.066,1.1367,1.2073,1.278,1.3403,1.3905,0.86252,1.4612,1.5105,1.5415,1.5759,1.6174,1.641,1.6645,1.6694,1.6828,1.6982,0.86252,1.6954,1.6718,1.6482,1.6247,1.5905,1.5434,1.4962,1.4491,1.402,1.3417,0.86252,1.271,1.2003,1.1297,1.038,0.94379,0.84955,0.75532,0.66108,0.56685,0.45439,0.87535,0.34956,0.24762,0.13227,0.038036,-0.076949,-0.17925,-0.28372,-0.39654,-0.49078,-0.60828,0.89134,-0.70807,-0.8023,-0.88904,-0.96195,-1.0562,-1.1299,-1.2006,-1.2712,-1.3419,-1.4126,0.89134,-1.4602,-1.5073,-1.5545,-1.6016,-1.6467,-1.6702,-1.6938,-1.7023,-1.7023,-1.6978,0.89134,-1.6742,-1.6506,-1.6271,-1.5912,-1.537,-1.4663,-1.3957,-1.325,-1.2395,-1.1452,0.89134,-1.051,-0.95677,-0.83991,-0.73948,-0.63314,-0.51534,-0.39755,-0.27976,-0.16196,-0.044168,0.89134,0.073626,0.19142,0.30921,0.42701,0.52766,0.63378,0.74494,0.83918,0.93341,1.008,0.8337,0.90143,1.0931,1.169,1.22,1.2907,1.3392,1.3863,1.4334,1.4805,1.5265,1.5501,0.92016,1.5736,1.583,1.5919,1.6081,1.5846,1.561,1.5374,1.5024,1.4553,1.4073,0.92016,1.3366,1.2659,1.1952,1.1158,1.0181,0.90035,0.80431,0.67708,0.54696,0.42319,0.92016,0.28256,0.16476,0.027949,-0.099643,-0.21744,-0.33523,-0.45303,-0.57082,-0.67233,-0.76657,0.92016,-0.8608,-0.95504,-1.0493,-1.1435,-1.2377,-1.3237,-1.3974,-1.4916,-1.5645,-1.6192,0.92016,-1.6663,-1.7134,-1.7605,-1.8076,-1.8362,-1.8597,-1.8752,-1.8752,-1.8752,-1.8752,0.91281,-1.8752,-1.8752,-1.8699,-1.8463,-1.8228,-1.7992,-1.7756,-1.7442,-1.6971,-1.65,0.88925,-1.582,-1.5113,-1.4406,-1.3699,-1.2993,-1.2052,-1.1109,-1.0167,-0.92247,-0.82824,0.86569,-0.734,-0.63977,-0.54553,-0.4513,-0.36196,-0.29128,-0.19741,-0.10317,-0.008938,0.077877,0.84213,0.15071,0.24495,0.31872,0.3894,0.46008,0.53075,0.60143,0.67211,0.72506,0.78464,0.8337,0.81857,0.84811,0.89523,0.94235,0.98947,1.0216,1.0452,1.0687,1.0923,1.1158,1.1394,0.78515,1.163,1.1725,1.149,1.1254,1.1019,1.0635,1.0259,0.99811,0.95099,0.90388,0.74264,0.85676,0.79761,0.73371,0.68659,0.63947,0.57254,0.51642,0.4693,0.42218,0.37506,0.71908,0.32795,0.28083,0.23371,0.18659,0.14077,0.11721,0.074058,0.041278,0.008641,-0.034658,0.69552,-0.058217,-0.081776,-0.10533,-0.11729,-0.11729,-0.11729,-0.11729,-0.11729,-0.11729,-0.11729,0.65431,-0.11729,-0.11729,-0.11729,-0.11729,-0.11729,-0.11729,-0.11729,-0.11729,-0.09813,-0.088476,0.60719,-0.088476,-0.088476,-0.088476,-0.088476,-0.072049,-0.059658,-0.059658,-0.059658,-0.059658,-0.059658,0.56008,-0.059658,-0.059658,-0.059658,-0.059658,-0.038188,-0.03084,-0.03084,-0.03084,-0.03084,-0.03084,0.51109,-0.049571,-0.059658,-0.067871,-0.10029,-0.19453,-0.225,-0.24856,-0.27212,-0.29568,-0.31945,0.44041,-0.36657,-0.39517,-0.43199,-0.47111,-0.49741,-0.54452,-0.59164,-0.63876,0.8337,0.36973,0.29906,0.22838,0.1577,0.087027,0.01635,-0.054326,-0.13718,-0.2245,-0.29517,0.8337,-0.36585,-0.45648,-0.53602,-0.6067,-0.67737,-0.74805,-0.81873,-0.8894,-0.94812,-1.0019,0.8337,-1.0712,-1.1183,-1.1654,-1.2125,-1.2504,-1.274,-1.2975,-1.3434,-1.3735,-1.3853,0.85453,-1.3853,-1.3841,-1.3605,-1.3369,-1.3134,-1.2808,-1.2375,-1.2139,-1.1683,-1.1044,0.86252,-1.0452,-0.99185,-0.92017,-0.82593,-0.751,-0.66628,-0.57204,-0.47781,-0.38357,-0.28934,0.86252,-0.1951,-0.10087,-0.006632,0.087603,0.18184,0.27607,0.37031,0.46454,0.55878,0.65301,0.0,0.0
-2.2129,-1.929,-1.6579,-0.72514,-0.7365,-0.74786,-0.76291,-0.78271,-0.79407,-0.81077,-0.86536,-0.87671,-0.89918,-1.6386,-0.92189,-0.92553,-0.94302,-0.94982,-0.94982,-0.94982,-0.94424,-0.93768,-0.93367,-0.92231,-1.6246,-0.91096,-0.8996,-0.8874,-0.86475,-0.85339,-0.84204,-0.76182,-0.73431,-0.7147,-0.69199,-1.6038,-0.66928,-0.65246,-0.636,-0.60898,-0.57844,-0.55572,-0.53301,-0.5103,-0.48723,-0.45316,-1.5924,-0.43003,-0.39717,-0.37246,-0.34975,-0.31927,-0.29218,-0.26328,-0.23462,-0.21191,-0.18537,-1.581,-0.15434,-0.13163,-0.10746,-0.074063,-0.051352,-0.028642,-0.005931,0.007125,0.027346,0.04198,-1.5697,0.053336,0.064691,0.076046,0.087402,0.094628,0.094628,0.094628,0.094628,0.093656,0.082301,-1.5801,0.070945,0.048842,0.026131,0.003421,-0.01929,-0.042001,-0.071513,-0.099567,-0.1275,-0.15713,-1.5814,-0.18349,-0.2147,-0.23741,-0.25885,-0.27069,-0.2934,-0.34926,-0.35473,-0.35473,-0.35473,-1.5814,-0.35473,-0.35473,-0.35473,-0.3492,-0.34258,-0.33864,-0.33044,-0.32807,-0.31829,-0.31751,-1.8776,-1.5728,-0.30615,-0.29479,-0.28344,-0.28186,-0.27287,-0.25332,-0.23802,-0.22666,-0.20948,-0.18677,-1.5692,-0.16406,-0.11366,-0.021476,0.003117,0.03609,0.059104,0.09317,0.11637,0.13908,0.17108,-1.5692,0.19664,0.21935,0.24207,0.26478,0.28749,0.31475,0.34505,0.36776,0.39047,0.41319,-1.5631,0.4359,0.45861,0.48132,0.51441,0.52929,0.54945,0.57216,0.59487,0.61114,0.6225,-1.5571,0.63386,0.64521,0.65329,0.65578,0.66543,0.66543,0.66543,0.66543,0.66543,0.66543,-1.5525,0.65632,0.65329,0.64576,0.6344,0.62305,0.61169,0.60034,0.58898,0.57483,0.55413,-1.5449,0.54156,0.51927,0.50791,0.48557,0.46286,0.44015,0.41744,0.39473,0.37906,0.36145,-1.5419,0.33874,0.3207,0.30935,0.29799,0.28664,0.2768,0.2768,0.2768,0.2768,0.2768,-1.5306,0.28652,0.28894,0.29708,0.30844,0.31979,0.33692,0.35465,0.37019,0.3895,0.40347,-1.5206,0.42618,0.45405,0.53257,0.56663,0.58989,0.6126,0.64454,0.67017,0.70053,0.72773,-1.8435,-1.52,0.75652,0.79058,0.82465,0.85501,0.88064,0.91258,0.93662,0.97014,0.99286,1.0156,-1.5087,1.0383,1.061,1.075,1.0943,1.1098,1.1212,1.1325,1.1391,1.1431,1.1512,-1.4973,1.1512,1.1512,1.1512,1.1512,1.1512,1.1406,1.1391,1.13,1.1269,1.1269,-1.4963,1.1203,1.1148,1.1097,1.1026,1.0991,1.0905,1.0886,1.0772,1.0662,1.0662,-1.4867,1.0553,1.0439,1.0513,1.0626,1.074,1.0853,1.0967,1.108,1.124,1.1429,-1.4754,1.1543,1.1656,1.177,1.1883,1.1997,1.211,1.2224,1.2241,1.233,1.2443,-1.464,1.2557,1.267,1.2784,1.2897,1.3011,1.3124,1.3238,1.3352,1.3475,1.37,-1.4527,1.3814,1.4035,1.4162,1.4367,1.4595,1.4898,1.517,1.5457,1.5798,1.6183,-1.4413,1.6601,1.697,1.7424,1.7866,1.8211,1.8666,1.9009,1.9452,1.9812,2.0153,-1.43,2.0414,2.0641,2.0869,2.1096,2.1275,2.1389,2.1503,2.1616,-1.8184,-1.4186,-1.4073,-1.3959,-1.3845,-1.3732,-1.3618,-1.3505,-1.3391,-1.3278,-1.3164,-1.7875,-1.3051,-1.2937,-1.2823,-1.271,-1.2596,-1.2431,-1.2248,-1.2134,-1.1993,-1.1786,-1.7609,-1.166,-1.1433,-1.1206,-1.1089,-1.0873,-1.0646,-1.0419,-1.0192,-0.99646,-0.97375,-1.7315,-0.95104,-0.92833,-0.90562,-0.88291,-0.86019,-0.83748,-0.81477,-0.79206,-0.76935,-0.74664,-1.7033,-0.73365,-0.71336,-0.69879,-0.68743,-0.67608,-0.66472,-0.65337,-0.6462,-0.6462,-0.6462,-1.6806,-0.6462,-0.64724,-0.65835,-0.65835,-0.66916,-0.68051,-0.68264,-0.69108,-0.70243,-0.71379,5.0,5.0
-2.1147,-1.8966,-1.6541,-0.9431,-0.9431,-0.9431,-0.93857,-0.92979,-0.92979,-0.92073,-0.91035,-0.89996,-0.88958,-1.6333,-0.87919,-0.86881,-0.85842,-0.84804,-0.83765,-0.82727,-0.81688,-0.8065,-0.79558,-0.77481,-1.6125,-0.76203,-0.74659,-0.72795,-0.71756,-0.69759,-0.67682,-0.65233,-0.62197,-0.6012,-0.58043,-1.5936,-0.55966,-0.53889,-0.51812,-0.49735,-0.47658,-0.45981,-0.44942,-0.43904,-0.42013,-0.40495,-1.5832,-0.39457,-0.38418,-0.3738,-0.36341,-0.35303,-0.34398,-0.34398,-0.33519,-0.33066,-0.32773,-1.5635,-0.31735,-0.30696,-0.30403,-0.30403,-0.30403,-0.30403,-0.30403,-0.30403,-0.30403,-0.30377,-1.5491,-0.29338,-0.29072,-0.29072,-0.28886,-0.27847,-0.26809,-0.26409,-0.26063,-0.25078,-0.25078,-1.5388,-0.24279,-0.23746,-0.23533,-0.22495,-0.21456,-0.21084,-0.20711,-0.19752,-0.19752,-0.18927,-1.5278,-0.17888,-0.1685,-0.15811,-0.14773,-0.14427,-0.14027,-0.12989,-0.1195,-0.10912,-0.098733,-1.5071,-0.091011,-0.091011,-0.080892,-0.070507,-0.060123,-0.051069,-0.051069,-0.042282,-0.037755,-0.034826,-1.8202,-1.4943,-0.024441,-0.014057,-0.011127,-0.006601,0.003784,0.014169,0.0155,0.021625,0.03201,0.042394,-1.4839,0.052779,0.063164,0.073549,0.085798,0.10657,0.11802,0.1284,0.14225,0.16249,0.17287,-1.4714,0.19124,0.20695,0.21947,0.24024,0.26101,0.27512,0.28923,0.30921,0.31959,0.33823,-1.4506,0.35367,0.36406,0.37444,0.38483,0.38829,0.38829,0.38935,0.39974,0.4016,0.4016,-1.4394,0.4016,0.4016,0.41172,0.41492,0.41918,0.42823,0.42823,0.42823,0.43409,0.44447,-1.4291,0.45486,0.45486,0.45486,0.45486,0.45646,0.46684,0.46817,0.46817,0.47137,0.48149,-1.4187,0.48149,0.48149,0.48628,0.4948,0.4948,0.50412,0.50811,0.50811,0.50865,0.51903,-1.4083,0.52143,0.52649,0.53474,0.53474,0.54433,0.54806,0.55178,0.56217,0.57255,0.57468,-1.3979,0.58001,0.59039,0.60078,0.61116,0.62155,0.63193,0.64232,0.6527,0.66309,0.67347,-1.3875,0.68386,0.69424,0.69451,0.7017,0.71208,0.72247,0.73285,0.73445,0.74031,0.75069,-1.7949,-1.3771,0.76108,0.77146,0.78185,0.78771,0.7893,0.79969,0.80102,0.80102,0.80102,0.80129,-1.3667,0.81167,0.81433,0.81433,0.81433,0.81433,0.82365,0.82765,0.82765,0.82818,0.83857,-1.3564,0.84096,0.84096,0.84096,0.84096,0.84096,0.84762,0.85428,0.85428,0.85428,0.85428,-1.3361,0.8596,0.86759,0.86759,0.86759,0.86759,0.87158,0.8809,0.8809,0.8809,0.8865,-1.3223,0.89688,0.90727,0.91765,0.92804,0.93842,0.9488,0.95919,0.97836,0.99913,1.0228,-1.3079,1.054,1.0748,1.103,1.1341,1.1669,1.2084,1.2409,1.2782,1.3197,1.361,-1.2882,1.3922,1.431,1.4678,1.5008,1.5423,1.5746,1.6121,1.6502,1.6819,1.7234,-1.2778,1.757,1.7932,1.8326,1.8637,1.8853,1.9127,1.9402,1.9609,1.9817,2.0025,-1.2589,2.0179,2.0283,2.0387,2.0491,2.0595,2.0698,2.0802,2.0906,2.0925,2.0981,-1.2437,2.1031,2.0927,2.0824,2.0792,2.0749,2.0645,2.0541,2.0525,-1.7654,-1.2307,-1.2099,-1.1993,-1.1817,-1.1652,-1.1548,-1.1444,-1.134,-1.1236,-1.1133,-1.7446,-1.1029,-1.0925,-1.0896,-1.085,-1.0762,-1.0762,-1.0672,-1.0629,-1.0629,-1.0627,-1.7238,-1.0523,-1.0496,-1.0496,-1.0496,-1.0496,-1.0403,-1.0363,-1.0363,-1.0363,-1.0363,-1.7031,-1.0363,-1.0312,-1.023,-1.023,-1.023,-1.023,-1.023,-1.023,-1.023,-1.023,-1.6855,-1.023,-1.023,-1.023,-1.0131,-1.0097,-1.0097,-1.0097,-1.0097,-1.0097,-1.0097,-1.6748,-1.007,-0.99662,-0.99636,-0.98917,-0.98304,-0.98171,-0.97133,-0.96973,-0.96387,-0.95349,3.0,5.0
-2.1888,-1.9833,-1.7787,-0.86823,-0.86651,-0.85569,-0.84488,-0.83407,-0.82326,-0.81244,-0.80163,-0.79554,-0.79212,-1.7571,-0.78131,-0.77049,-0.75968,-0.7592,-0.75017,-0.73936,-0.72855,-0.71773,-0.71074,-0.70822,-1.7354,-0.69862,-0.69862,-0.6879,-0.67709,-0.67439,-0.66758,-0.65676,-0.64595,-0.63514,-0.62433,-1.7138,-0.61351,-0.6027,-0.59189,-0.57256,-0.55815,-0.54143,-0.52441,-0.51029,-0.49067,-0.47985,-1.6922,-0.46904,-0.45823,-0.43851,-0.42449,-0.41367,-0.40286,-0.39205,-0.38124,-0.37042,-0.35961,-1.6706,-0.3488,-0.33798,-0.32717,-0.31636,-0.30555,-0.29473,-0.28392,-0.27311,-0.2623,-0.25148,-1.6523,-0.25036,-0.24197,-0.23116,-0.22035,-0.21402,-0.21084,-0.2019,-0.20133,-0.19051,-0.18979,-1.6394,-0.181,-0.17767,-0.17149,-0.16068,-0.15344,-0.15117,-0.14036,-0.12954,-0.12921,-0.12003,-1.6178,-0.10922,-0.098408,-0.092866,-0.088898,-0.078085,-0.067273,-0.05646,-0.045647,-0.034834,-0.024022,-1.5962,-0.013209,-0.002396,0.008417,0.01617,0.017927,0.02874,0.039552,0.050365,0.061178,0.071991,-1.9396,-1.5745,0.082803,0.093616,0.10443,0.11309,0.11394,0.12475,0.13556,0.14638,0.14944,0.15589,-1.5619,0.16155,0.1654,0.17621,0.18578,0.18578,0.18578,0.18578,0.19393,0.1979,0.1979,-1.5434,0.1979,0.20083,0.21001,0.21035,0.22116,0.23197,0.23424,0.24148,0.25229,0.26311,-1.5218,0.27392,0.28473,0.29554,0.30636,0.31717,0.32798,0.3388,0.34961,0.36042,0.37123,-1.5052,0.38205,0.39398,0.41561,0.4266,0.43741,0.44823,0.45904,0.46985,0.48066,0.49148,-1.4944,0.50077,0.50099,0.5118,0.51289,0.52131,0.53212,0.53712,0.54163,0.54924,0.55114,-1.4811,0.56135,0.56135,0.57147,0.58228,0.58558,0.58558,0.59049,0.5977,0.6,0.61081,-1.4607,0.62162,0.62193,0.63113,0.64195,0.65276,0.66357,0.67438,0.6852,0.69462,0.69471,-1.4499,0.70552,0.71633,0.72715,0.73796,0.74877,0.75958,0.7704,0.78121,0.79202,0.80283,-1.4391,0.81365,0.82446,0.83527,0.84609,0.85211,0.8556,0.86641,0.87722,0.88803,0.89885,-1.9262,-1.4283,0.90966,0.91269,0.91917,0.92998,0.9408,0.94903,0.95031,0.96112,0.97193,0.98274,-1.4174,0.98538,0.99225,1.0031,1.0096,1.0126,1.0217,1.0221,1.0329,1.0338,1.0424,-1.4066,1.0532,1.064,1.0702,1.0735,1.0844,1.0944,1.0944,1.1047,1.1155,1.1186,-1.3958,1.125,1.1358,1.1429,1.1453,1.155,1.155,1.1657,1.1671,1.1752,1.1792,-1.3892,1.1792,1.1792,1.1821,1.1913,1.1913,1.1913,1.1913,1.1913,1.1985,1.2035,-1.3892,1.2035,1.2067,1.2156,1.2162,1.227,1.2378,1.2398,1.2473,1.2519,1.2568,-1.3892,1.264,1.2664,1.2772,1.288,1.2988,1.3096,1.3204,1.3312,1.342,1.3529,-1.3889,1.3637,1.3745,1.3853,1.3961,1.4069,1.4177,1.4356,1.4515,1.4667,1.4883,-1.3781,1.51,1.5316,1.5532,1.5748,1.6052,1.6302,1.6518,1.6735,1.6951,1.7189,-1.3771,1.7504,1.7721,1.7833,1.8032,1.817,1.8343,1.8508,1.8616,-1.9084,-1.3771,-1.3699,-1.365,-1.3604,-1.3528,-1.3509,-1.3401,-1.3292,-1.3286,-1.3197,-1.8868,-1.3089,-1.2981,-1.2873,-1.2765,-1.2657,-1.2549,-1.244,-1.2227,-1.2103,-1.1995,-1.8652,-1.182,-1.1657,-1.1549,-1.1441,-1.1333,-1.1225,-1.1117,-1.1009,-1.0984,-1.0914,-1.8436,-1.0806,-1.0742,-1.071,-1.0602,-1.0494,-1.0386,-1.0378,-1.0291,-1.0183,-1.0136,-1.8219,-1.0088,-0.99796,-0.98938,-0.98844,-0.97763,-0.96682,-0.96515,-0.95731,-0.95304,-0.9478,-1.8003,-0.94092,-0.93829,-0.92881,-0.92878,-0.91797,-0.90715,-0.90458,-0.89764,-0.88683,-0.87602,3.0,5.0
-2.1113,-2.0605,-1.8574,-0.86835,-0.865,-0.85636,-0.8516,-0.84436,-0.8382,-0.83237,-0.8248,-0.82037,-0.81139,-1.832,-0.81139,-0.80908,-0.79799,-0.79709,-0.78459,-0.78459,-0.78459,-0.78459,-0.7738,-0.77119,-1.8016,-0.77119,-0.76251,-0.74982,-0.73712,-0.72442,-0.71759,-0.71243,-0.69527,-0.67363,-0.66093,-1.7678,-0.64824,-0.63554,-0.62284,-0.61014,-0.59744,-0.58475,-0.57205,-0.55935,-0.54665,-0.53396,-1.7424,-0.52126,-0.50856,-0.49586,-0.48317,-0.47047,-0.45777,-0.44507,-0.43238,-0.42276,-0.42038,-1.7141,-0.40768,-0.39596,-0.39569,-0.38299,-0.37029,-0.3576,-0.3449,-0.3322,-0.32895,-0.32021,-1.6782,-0.30751,-0.29481,-0.28211,-0.26942,-0.25672,-0.24854,-0.24854,-0.24543,-0.23514,-0.23344,-1.6513,-0.22074,-0.20804,-0.19534,-0.18264,-0.18154,-0.17065,-0.16814,-0.16814,-0.15936,-0.15474,-1.614,-0.15474,-0.15474,-0.15474,-0.15474,-0.15018,-0.14134,-0.14134,-0.13889,-0.12793,-0.12793,-1.5886,-0.1276,-0.1149,-0.11453,-0.10291,-0.10113,-0.090913,-0.087731,-0.078919,-0.07433,-0.066925,-2.0457,-1.5632,-0.060928,-0.054931,-0.042234,-0.029536,-0.016838,-0.004141,0.008557,0.021254,0.035024,0.060051,-1.5378,0.072748,0.085446,0.098144,0.11084,0.12354,0.13624,0.14009,0.14823,0.16093,0.17363,-1.5124,0.18632,0.19902,0.21172,0.22442,0.23711,0.2473,0.24911,0.26181,0.2745,0.2872,-1.487,0.2999,0.3126,0.32529,0.33799,0.35069,0.36339,0.37608,0.38878,0.40148,0.41418,-1.4616,0.42687,0.43957,0.45622,0.47837,0.49107,0.50376,0.51646,0.52916,0.54186,0.55455,-1.4362,0.56725,0.57995,0.59265,0.60534,0.61804,0.63074,0.64344,0.65614,0.66883,0.68153,-1.4193,0.69423,0.70693,0.71962,0.72974,0.73162,0.74314,0.74314,0.74314,0.75561,0.7683,-1.3988,0.781,0.78335,0.793,0.80569,0.81015,0.81015,0.81698,0.82355,0.82355,0.82355,-1.3805,0.82757,0.83695,0.83695,0.83695,0.83695,0.83745,0.85015,0.85035,0.85035,0.86144,-1.3678,0.86375,0.86375,0.86375,0.86375,0.86375,0.86375,0.86375,0.86921,0.87715,0.87715,-2.0217,-1.3495,0.8805,0.89056,0.8925,0.90396,0.90449,0.91719,0.91736,0.92918,0.93076,0.94118,-1.329,0.94416,0.95317,0.95756,0.96517,0.97096,0.97716,0.98436,0.98915,0.99777,1.0011,-1.3164,1.0138,1.0246,1.0258,1.038,1.038,1.0505,1.0514,1.0514,1.0618,1.0648,-1.3037,1.0738,1.0782,1.0858,1.0916,1.0978,1.1105,1.1184,1.1225,1.1352,1.1452,-1.291,1.1472,1.1599,1.172,1.172,1.1846,1.1854,1.1966,1.1988,1.2086,1.2122,-1.2783,1.2122,1.2199,1.2256,1.2256,1.2256,1.2256,1.2256,1.2256,1.2256,1.2256,-1.2656,1.2242,1.2122,1.2122,1.2122,1.2241,1.2368,1.26,1.2756,1.2974,1.3144,-1.2529,1.3348,1.3602,1.3856,1.411,1.4364,1.4618,1.4872,1.5126,1.5359,1.55,-1.2402,1.5754,1.6008,1.6261,1.6396,1.6523,1.6755,1.6911,1.7038,1.7165,1.7292,-1.2402,1.7348,1.7412,1.7539,1.7666,1.7793,1.792,1.8047,1.8173,-2.0069,-1.2402,-1.2402,-1.2402,-1.2402,-1.231,-1.2268,-1.2268,-1.2268,-1.2268,-1.2211,-1.9843,-1.2134,-1.2091,-1.2,-1.1971,-1.1844,-1.1717,-1.159,-1.1463,-1.1336,-1.133,-1.9589,-1.1216,-1.1089,-1.1062,-1.0969,-1.0842,-1.0715,-1.066,-1.0596,-1.0469,-1.0392,-1.9335,-1.0349,-1.0258,-1.0258,-1.0258,-1.0243,-1.0124,-1.0123,-0.99958,-0.99901,-0.99901,-1.9081,-0.99901,-0.98899,-0.98561,-0.98561,-0.9777,-0.97221,-0.97221,-0.96641,-0.95372,-0.94541,-1.8828,-0.94172,-0.92902,-0.91633,-0.9052,-0.90433,-0.8918,-0.8918,-0.87964,-0.8784,-0.8784,3.0,5.0
1.8065,1.6767,1.4925,-0.6142,-0.64017,-0.66614,-0.6921,-0.71807,-0.74404,-0.77001,-0.79597,-0.82957,-0.85964,1.4752,-0.88561,-0.91158,-0.93755,-0.96748,-1.0012,-1.0272,-1.0532,-1.0791,-1.1048,-1.1221,1.4579,-1.1453,-1.1713,-1.1972,-1.2232,-1.2439,-1.2634,-1.2894,-1.3075,-1.3249,-1.3422,1.4406,-1.3595,-1.3768,-1.3941,-1.4104,-1.419,-1.4277,-1.4399,-1.4567,-1.4654,-1.4741,1.4233,-1.4827,-1.4914,-1.4915,-1.4969,-1.5033,-1.5033,-1.5112,-1.515,-1.5168,-1.5254,1.406,-1.5267,-1.5267,-1.5256,-1.5169,-1.515,-1.515,-1.515,-1.515,-1.5088,-1.5033,1.3887,-1.5033,-1.4946,-1.4859,-1.4773,-1.4686,-1.46,-1.4513,-1.4427,-1.434,-1.4254,1.365,-1.4167,-1.4067,-1.3894,-1.3721,-1.3586,-1.3492,-1.3319,-1.3146,-1.2973,-1.2801,1.3423,-1.2715,-1.2571,-1.2398,-1.2225,-1.2051,-1.1878,-1.1705,-1.1532,-1.1359,-1.1186,1.3248,-1.1013,-1.084,-1.0667,-1.0493,-1.0329,-1.0243,-1.0091,-0.99183,-0.97452,-0.95721,1.6193,1.2989,-0.93989,-0.92258,-0.90527,-0.88796,-0.87065,-0.85334,-0.83602,-0.81871,-0.8014,-0.78409,1.2786,-0.76678,-0.74947,-0.73215,-0.71484,-0.69753,-0.68022,-0.66643,-0.65733,-0.64002,-0.62271,1.2587,-0.60833,-0.59968,-0.58251,-0.57063,-0.56197,-0.55332,-0.53674,-0.52427,-0.51561,-0.50696,1.2327,-0.4983,-0.48965,-0.48099,-0.47233,-0.47043,-0.46676,-0.45869,-0.45869,-0.45253,-0.44695,1.215,-0.44695,-0.4383,-0.43522,-0.43272,-0.42407,-0.42348,-0.42348,-0.42157,-0.41292,-0.41174,1.1771,-0.40734,-0.40001,-0.40001,-0.39311,-0.38446,-0.3758,-0.36714,-0.35849,-0.34983,-0.34118,1.1313,-0.33252,-0.31814,-0.30347,-0.29482,-0.27795,-0.26063,-0.24332,-0.22601,-0.20107,-0.17965,1.1054,-0.16087,-0.1349,-0.11598,-0.094706,-0.068739,-0.042771,-0.016804,0.009163,0.035131,0.061098,1.087,0.087066,0.11303,0.139,0.16497,0.19094,0.2169,0.24287,0.26106,0.28307,0.30742,1.0652,0.32473,0.34205,0.36346,0.38738,0.39603,0.41129,0.4286,0.44591,0.46323,0.47452,1.6045,1.0363,0.48318,0.49183,0.50049,0.50915,0.5178,0.52646,0.53511,0.54377,0.55066,0.55066,0.99299,0.558,0.56666,0.57414,0.57414,0.58089,0.58587,0.58646,0.59512,0.60377,0.61243,0.97084,0.62108,0.62108,0.62666,0.63532,0.64397,0.65263,0.66627,0.68168,0.69033,0.69899,0.94957,0.70764,0.71762,0.73493,0.75224,0.76574,0.77513,0.79244,0.80975,0.82706,0.84438,0.92008,0.86169,0.88472,0.90805,0.92536,0.95089,0.97172,0.99108,1.0171,1.043,1.069,0.85949,1.095,1.1209,1.1398,1.1611,1.1871,1.2131,1.239,1.2616,1.2792,1.3052,0.83117,1.3253,1.3454,1.3714,1.389,1.4063,1.4236,1.4409,1.466,1.4873,1.5029,0.79699,1.5116,1.5274,1.5448,1.561,1.5697,1.585,1.5988,1.6074,1.6161,1.6247,0.73698,1.6334,1.642,1.6507,1.6593,1.668,1.6767,1.6853,1.694,1.7026,1.7113,0.69371,1.7126,1.7169,1.7243,1.7243,1.7243,1.728,1.7361,1.7361,1.5958,0.65043,0.60715,0.56387,0.55404,0.52426,0.48978,0.48112,0.44137,0.39809,0.35642,1.5791,0.3218,0.30155,0.27603,0.24346,0.22615,0.21544,0.1927,0.15118,0.14252,0.11582,1.5618,0.087066,0.069754,0.035424,0.017086,0.006083,-0.011229,-0.020618,-0.043798,-0.07138,-0.07138,1.5445,-0.078715,-0.10013,-0.13006,-0.13006,-0.17055,-0.20415,-0.21281,-0.22146,-0.23012,-0.23877,1.5272,-0.24743,-0.25609,-0.27032,-0.28513,-0.29379,-0.31051,-0.32783,-0.34514,-0.36245,-0.37976,1.5098,-0.39707,-0.41438,-0.4317,-0.44901,-0.47013,-0.49537,-0.51268,-0.5363,-0.56227,-0.58823,1.0,1.0
0.65588,0.59979,0.52876,0.6241,0.73628,0.84847,0.96065,1.0372,1.1215,1.2336,1.3187,1.4262,1.5066,0.52876,1.5823,1.6384,1.6728,1.7046,1.7364,1.7364,1.7682,1.7682,1.7596,1.7364,0.52304,1.4822,1.4006,1.3446,1.2567,1.1733,0.60423,0.21795,0.10576,0.052052,-0.055047,0.49698,-0.15293,-0.24764,-0.32868,-0.41655,-0.52063,-0.62407,-0.71195,-0.74245,-0.82413,-0.912,0.49698,-0.9681,-1.0242,-1.0485,-1.1046,-1.1556,-1.1556,-1.2093,-1.2336,-1.2827,-1.2827,0.49698,-1.3145,-1.3145,-1.3145,-1.3131,-1.2827,-1.2509,-1.2192,-1.184,-1.1279,-1.0719,0.49698,-1.0158,-0.93314,-0.90358,-0.84749,-0.75962,-0.67174,-0.58419,-0.472,-0.39287,-0.30214,0.49698,-0.16723,-0.029146,0.088917,0.21207,0.34856,0.48903,0.60122,0.71944,0.7938,0.90599,0.49698,1.0404,1.1621,1.3061,1.4183,1.5305,1.6093,1.6821,1.7699,1.826,1.8821,0.49698,1.9271,1.9307,1.9589,1.9589,1.9271,1.5815,1.3906,1.3102,1.198,1.0859,0.59232,0.48744,0.97368,0.88581,0.81478,0.73247,0.65206,0.53988,0.4277,0.31551,0.20714,-0.24271,0.4652,-0.37063,-0.48281,-0.56321,-0.6754,-0.74245,-0.80443,-0.8772,-0.96508,-1.0212,-1.0773,0.4652,-1.1016,-1.1556,-1.1556,-1.1874,-1.2192,-1.2231,-1.2509,-1.2509,-1.2509,-1.2451,0.4652,-1.2192,-1.2192,-1.1874,-1.1556,-1.1235,-1.0674,-1.0431,-0.987,-0.96269,-0.9066,0.47664,-0.85051,-0.78282,-0.70654,-0.65045,-0.56258,-0.49298,-0.39287,-0.33217,-0.25177,-0.13958,0.49698,-0.035344,0.052529,0.13341,0.21381,0.27451,0.34284,0.45503,0.53543,0.64761,0.75551,0.49698,0.8402,0.92061,0.95557,1.0434,1.13,1.2104,1.3226,1.403,1.4834,1.5707,0.49698,1.6442,1.7146,1.7733,1.8586,1.9147,1.9708,2.0224,2.0512,2.0542,2.086,0.49698,2.1178,2.1178,2.086,1.9287,1.7281,1.6721,1.616,1.5599,1.4402,1.3841,0.4911,1.301,1.2402,1.1523,1.0962,1.0112,0.95223,0.88215,0.69751,0.18108,0.12403,0.59232,0.435,0.036162,0.01185,-0.044242,-0.1256,-0.18821,-0.25463,-0.33217,-0.38826,-0.47614,-0.50045,0.40164,-0.56131,-0.64441,-0.70051,-0.7566,-0.84447,-0.90056,-0.95665,-0.9967,-1.0371,-1.0932,0.36986,-1.1492,-1.2053,-1.2296,-1.2827,-1.2827,-1.3026,-1.3145,-1.3145,-1.3145,-1.2827,0.33807,-1.2509,-1.2192,-1.188,-1.1637,-1.1076,-1.0515,-1.0272,-0.97111,-0.91502,-0.85893,0.33776,-0.83462,-0.77853,-0.75421,-0.69812,-0.64203,-0.58594,-0.52984,-0.50553,-0.44944,-0.39335,0.28166,-0.33726,-0.28116,-0.22507,-0.16898,-0.11289,-0.056795,-0.000703,0.055389,0.11148,0.13579,0.25735,0.19189,0.2162,0.27229,0.2966,0.30629,0.30629,0.30629,0.30629,0.30629,0.30629,0.20126,0.30629,0.30629,0.30629,0.30629,0.3028,0.27451,0.27451,0.27451,0.26911,0.24273,0.14517,0.24273,0.24273,0.21095,0.21095,0.21095,0.21095,0.21095,0.21095,0.21095,0.21095,0.089076,0.21095,0.21095,0.21095,0.21095,0.21095,0.21095,0.21095,0.17917,0.59041,0.032984,-0.011508,-0.051552,-0.13529,-0.19138,-0.27926,-0.33535,-0.42179,-0.5022,-0.53541,0.56054,-0.62328,-0.71163,-0.79902,-0.8869,-0.97477,-1.0332,-1.1187,-1.1748,-1.2192,-1.287,0.56054,-1.3431,-1.3992,-1.4235,-1.4796,-1.5357,-1.56,-1.5687,-1.6005,-1.6005,-1.6005,0.56054,-1.6005,-1.6005,-1.6005,-1.5737,-1.5687,-1.5568,-1.5325,-1.5052,-1.4521,-1.396,0.55672,-1.3336,-1.2521,-1.1642,-1.0763,-0.98017,-0.89977,-0.81269,-0.72482,-0.62677,-0.54637,0.52876,-0.43419,-0.322,-0.20982,-0.097633,0.014551,0.094956,0.17917,0.25576,0.36795,0.48013,2.0,2.0
0.29642,0.31615,0.27451,0.86624,0.94513,1.024,1.0876,1.1468,1.2059,1.2651,1.3177,1.3528,1.3725,0.27451,1.3922,1.4119,1.4317,1.4361,1.4361,1.4251,1.4141,1.401,1.3659,1.344,0.27451,1.3046,1.2651,1.2081,1.149,1.0898,1.0196,0.94075,0.86185,0.77857,0.67995,0.27451,0.58133,0.50243,0.406,0.30738,0.22191,0.13205,0.03343,-0.058617,-0.1419,-0.23833,0.27451,-0.31723,-0.41585,-0.51447,-0.59775,-0.6898,-0.77746,-0.86512,-0.95717,-1.0361,-1.1128,0.27451,-1.1719,-1.2508,-1.3122,-1.3714,-1.4174,-1.4569,-1.4963,-1.5358,-1.5708,-1.5905,0.27451,-1.6103,-1.63,-1.6322,-1.6322,-1.6322,-1.6212,-1.6015,-1.5752,-1.5358,-1.4963,0.27451,-1.4569,-1.3977,-1.3385,-1.2793,-1.2202,-1.15,-1.0799,-1.0142,-0.93526,-0.85855,0.27889,-0.79938,-0.70075,-0.61967,-0.54077,-0.46187,-0.37202,-0.28216,-0.19669,-0.10245,-0.02136,0.29642,0.077262,0.15616,0.25259,0.33587,0.41477,0.50462,0.59448,0.67338,0.75227,0.83117,0.31834,0.29642,0.91007,0.98897,1.0503,1.1248,1.1906,1.2607,1.3221,1.3681,1.4229,1.4624,0.29642,1.5018,1.5215,1.5412,1.561,1.5675,1.5675,1.5588,1.5456,1.5369,1.4996,0.29642,1.4799,1.4404,1.401,1.3462,1.3002,1.2388,1.1687,1.1029,1.024,0.94513,0.29642,0.86624,0.76762,0.66899,0.57037,0.47175,0.37313,0.27451,0.17588,0.072879,-0.043276,0.29642,-0.1419,-0.24052,-0.35667,-0.45968,-0.57145,-0.67884,-0.77746,-0.87608,-0.9747,-1.0711,0.29642,-1.15,-1.2487,-1.3297,-1.3933,-1.4656,-1.5336,-1.5927,-1.6453,-1.6848,-1.7242,0.28766,-1.7637,-1.7834,-1.8031,-1.8229,-1.8294,-1.8185,-1.8075,-1.8009,-1.7768,-1.7396,0.26793,-1.7198,-1.6804,-1.641,-1.5862,-1.5401,-1.4897,-1.4306,-1.3648,-1.2903,-1.2289,0.24821,-1.15,-1.0711,-0.99224,-0.91334,-0.83444,-0.74459,-0.65473,-0.57583,-0.49255,-0.39612,0.22848,-0.31723,-0.2186,-0.13751,-0.058617,0.03343,0.12109,0.19999,0.28546,0.3797,0.4586,0.31834,0.20876,0.5375,0.61639,0.69529,0.77419,0.85309,0.93198,1.0109,1.0898,1.1643,1.2257,0.18903,1.3046,1.3637,1.4229,1.4667,1.5062,1.5456,1.5763,1.6026,1.6333,1.6355,0.15178,1.6552,1.6552,1.6727,1.6618,1.6421,1.6223,1.6026,1.5763,1.5369,1.4974,0.11233,1.458,1.3988,1.3396,1.2804,1.2213,1.1511,1.081,1.0153,0.94075,0.88158,0.072879,0.82241,0.76323,0.70406,0.66023,0.60763,0.55941,0.51996,0.48052,0.44107,0.39943,0.03343,0.34025,0.3008,0.26136,0.22191,0.18246,0.14301,0.11233,0.092603,0.072879,0.055346,-0.006019,0.055346,0.055346,0.072879,0.077262,0.077262,0.077262,0.077262,0.077262,0.077262,0.07507,-0.045467,0.055346,0.055346,0.055346,0.040005,0.03343,0.03343,0.03343,0.03343,0.037813,0.055346,-0.089299,0.055346,0.055346,0.072879,0.077262,0.090412,0.099178,0.10794,0.12109,0.12109,0.12109,-0.14847,0.12109,0.12109,0.12109,0.13644,0.14301,0.14301,0.14301,0.14301,0.31834,-0.20765,-0.26682,-0.32599,-0.36982,-0.42242,-0.4816,-0.54077,-0.59994,-0.65911,-0.71829,0.30738,-0.77746,-0.81691,-0.87389,-0.93306,-0.97909,-1.0295,-1.0799,-1.1259,-1.1807,-1.2202,0.29642,-1.2596,-1.3188,-1.3429,-1.378,-1.4043,-1.424,-1.4437,-1.4634,-1.4788,-1.4766,0.29642,-1.4569,-1.4569,-1.4218,-1.3977,-1.3648,-1.3254,-1.2771,-1.218,-1.1544,-1.0755,0.29642,-0.99662,-0.91772,-0.83883,-0.74459,-0.64596,-0.5583,-0.47064,-0.37202,-0.27339,-0.17477,0.29423,-0.07615,0.022472,0.12109,0.21972,0.31834,0.41696,0.51558,0.60763,0.69091,0.78734,0.0,0.0
-1.8573,-1.7971,-1.6516,-0.96223,-0.94811,-0.93399,-0.91987,-0.90576,-0.89164,-0.87752,-0.8634,-0.85851,-0.84439,-1.6298,-0.83027,-0.81615,-0.80203,-0.78791,-0.77379,-0.75968,-0.74556,-0.72221,-0.70809,-0.69397,-1.6108,-0.67985,-0.66573,-0.65162,-0.6375,-0.62338,-0.60926,-0.59514,-0.59025,-0.57613,-0.56543,-1.5908,-0.55712,-0.543,-0.53774,-0.52399,-0.5191,-0.51006,-0.50083,-0.4952,-0.4916,-0.4916,-1.5728,-0.4916,-0.4916,-0.4916,-0.4916,-0.48865,-0.48237,-0.47887,-0.47315,-0.46392,-0.46392,-1.5533,-0.45469,-0.44546,-0.44546,-0.43623,-0.43623,-0.42701,-0.42701,-0.41778,-0.41095,-0.39932,-1.5392,-0.39194,-0.38705,-0.38087,-0.37164,-0.36315,-0.35318,-0.34414,-0.34395,-0.33473,-0.32947,-1.5158,-0.3255,-0.31968,-0.31479,-0.30704,-0.30501,-0.29781,-0.29523,-0.28859,-0.28545,-0.27936,-1.5017,-0.27936,-0.27936,-0.27936,-0.27936,-0.27456,-0.26967,-0.2609,-0.25066,-0.23654,-0.22399,-1.4784,-0.21753,-0.20553,-0.19852,-0.1844,-0.17785,-0.16539,-0.15127,-0.13715,-0.12303,-0.10892,-1.783,-1.4642,-0.094797,-0.080678,-0.066559,-0.052441,-0.029094,-0.014975,0.008372,0.022491,0.03661,0.057834,-1.4409,0.074075,0.088194,0.10231,0.11643,0.13055,0.15344,0.16802,0.18214,0.19625,0.21037,-1.4268,0.23003,0.24784,0.26196,0.27608,0.2902,0.30431,0.31843,0.33255,0.33892,0.35156,-1.4109,0.35738,0.3666,0.37546,0.38506,0.39429,0.39936,0.40352,0.40352,0.40352,0.40352,-1.3893,0.40536,0.41274,0.42197,0.42926,0.43415,0.44827,0.45316,0.46728,0.47217,0.48629,-1.3752,0.50041,0.51453,0.53382,0.55199,0.56611,0.58023,0.59435,0.60847,0.62259,0.63671,-1.3611,0.64344,0.65572,0.66984,0.67473,0.68885,0.69374,0.69881,0.70804,0.70804,0.7133,-1.3469,0.71727,0.72308,0.72797,0.73572,0.74698,0.7611,0.76599,0.78011,0.785,0.79912,-1.3328,0.80401,0.81813,0.82302,0.83714,0.84203,0.85569,0.86104,0.87414,0.88005,0.8926,-1.3187,0.89906,0.91106,0.91807,0.92951,0.93708,0.94797,0.95609,0.96642,0.9751,0.98488,-1.7689,-1.3046,0.99411,1.0033,1.0131,1.0218,1.0321,1.0402,1.0495,1.056,1.0609,1.0679,-1.2905,1.0772,1.0848,1.0897,1.0956,1.1048,1.1136,1.1185,1.1234,1.1325,1.1418,-1.2852,1.1418,1.143,1.151,1.151,1.1576,1.1602,1.1602,1.1602,1.1602,1.1602,-1.2852,1.1602,1.1694,1.1694,1.1694,1.1696,1.1787,1.1794,1.1879,1.1892,1.1971,-1.2854,1.2064,1.2064,1.2156,1.2156,1.2248,1.2248,1.2283,1.234,1.234,1.234,-1.2944,1.2387,1.2433,1.2433,1.2433,1.2433,1.2446,1.2525,1.2525,1.2593,1.2617,-1.2944,1.2617,1.2617,1.2617,1.2617,1.2617,1.2659,1.28,1.2941,1.3079,1.3131,-1.2944,1.3272,1.3414,1.3555,1.3696,1.3837,1.3978,1.4145,1.4353,1.4526,1.4728,-1.2944,1.4906,1.5102,1.5286,1.5477,1.5666,1.5856,1.6085,1.6236,1.646,1.6601,-1.2944,1.6807,1.6976,1.7117,1.7258,1.7399,1.754,1.7682,1.7823,-1.7547,-1.2926,-1.2852,-1.2852,-1.2852,-1.276,-1.2681,-1.2668,-1.2584,-1.2535,-1.2483,-1.7406,-1.2391,-1.2388,-1.2298,-1.2206,-1.2149,-1.21,-1.2022,-1.1929,-1.1861,-1.1812,-1.7265,-1.1745,-1.1652,-1.1573,-1.1468,-1.1468,-1.1376,-1.1376,-1.1329,-1.1283,-1.1283,-1.7058,-1.1283,-1.1225,-1.1191,-1.1191,-1.1099,-1.1099,-1.1073,-1.1007,-1.1007,-1.0926,-1.689,-1.0914,-1.0914,-1.0872,-1.0822,-1.0822,-1.073,-1.073,-1.0637,-1.0637,-1.0545,-1.6678,-1.0545,-1.0453,-1.0383,-1.0334,-1.0193,-1.0144,-1.0084,-0.99536,-0.98124,-0.96712,3.0,5.0
-2.3148,-2.0742,-1.8072,-1.1882,-1.1736,-1.1567,-1.0838,-1.0349,-1.013,-0.98459,-0.95543,-0.92626,-0.89709,-1.7999,-0.86793,-0.83876,-0.8096,-0.78,-0.74355,-0.71066,-0.6815,-0.65233,-0.62317,-0.594,-1.7927,-0.56483,-0.53724,-0.51537,-0.48877,-0.45961,-0.43044,-0.40499,-0.38312,-0.36125,-0.33937,-1.7887,-0.3175,-0.30148,-0.28519,-0.26331,-0.2463,-0.23172,-0.21713,-0.20641,-0.19912,-0.19183,-1.7887,-0.18454,-0.17724,-0.16995,-0.16452,-0.16452,-0.16452,-0.16452,-0.16452,-0.16852,-0.17581,-1.7887,-0.18311,-0.1904,-0.19769,-0.20498,-0.21227,-0.21956,-0.232,-0.24558,-0.25288,-0.26017,-1.7864,-0.26746,-0.28204,-0.29348,-0.30077,-0.30806,-0.31535,-0.32264,-0.32994,-0.33608,-0.33608,-1.7791,-0.33608,-0.33594,-0.32865,-0.32136,-0.31407,-0.30034,-0.28805,-0.28075,-0.23,-0.17338,-1.7772,-0.1588,-0.13979,-0.1182,-0.10362,-0.085601,-0.063727,-0.035276,-0.00854,0.013334,0.035208,-1.7759,0.058512,0.087678,0.11684,0.14558,0.16745,0.1929,0.22207,0.25123,0.27783,0.2997,-1.9279,-1.7686,0.32729,0.35489,0.37676,0.39864,0.42108,0.45025,0.4757,0.49757,0.51258,0.52988,-1.7613,0.55176,0.56777,0.58235,0.59693,0.61152,0.62539,0.63268,0.64383,0.65841,0.66599,-1.7541,0.67328,0.68057,0.68786,0.69515,0.70245,0.70473,0.70559,0.71288,0.71617,0.71617,-1.7468,0.72332,0.72761,0.72761,0.72761,0.72561,0.71832,0.71617,0.71517,0.70788,0.70059,-1.7395,0.6933,0.686,0.67871,0.67142,0.66413,0.65684,0.64955,0.64226,0.63496,0.62767,-1.7322,0.61609,0.60165,0.59436,0.58707,0.57978,0.57249,0.56291,0.54833,0.53918,0.53188,-1.7183,0.52459,0.5173,0.51001,0.50272,0.49886,0.49886,0.49228,0.48742,0.48742,0.48742,-1.7037,0.48885,0.49614,0.49886,0.49929,0.50658,0.51387,0.52116,0.52845,0.53574,0.54304,-1.6891,0.55033,0.55919,0.57377,0.58364,0.59093,0.59822,0.63897,0.71188,0.7299,0.74176,-1.6746,0.74905,0.75635,0.76535,0.77994,0.78966,0.79766,0.81225,0.82683,0.84141,0.84899,-1.906,-1.66,0.85914,0.87372,0.88831,0.90289,0.91747,0.92705,0.9352,0.94978,0.96437,0.97895,-1.6454,0.98638,0.99668,1.0113,1.0258,1.0384,1.0457,1.053,1.0613,1.0759,1.0863,-1.6262,1.0936,1.0936,1.0968,1.104,1.1113,1.1165,1.1165,1.1218,1.1279,1.1279,-1.6044,1.1322,1.1394,1.1394,1.1394,1.1394,1.1394,1.1416,1.1489,1.1508,1.1508,-1.5825,1.1508,1.1508,1.1508,1.1508,1.1508,1.1508,1.1508,1.1508,1.1508,1.1508,-1.5606,1.1508,1.1508,1.1508,1.1508,1.1508,1.1472,1.1399,1.1394,1.1368,1.1295,-1.5387,1.1279,1.1279,1.1279,1.1232,1.1165,1.1165,1.1202,1.1275,1.1348,1.1421,-1.5169,1.1494,1.1567,1.164,1.1712,1.1785,1.1858,1.1931,1.2043,1.2189,1.2264,-1.495,1.2366,1.2512,1.2597,1.2689,1.2835,1.2981,1.3118,1.3191,1.3304,1.345,-1.4731,1.3524,1.3597,1.367,1.3743,1.3816,1.3888,1.3961,1.4014,-1.8904,-1.4512,-1.4294,-1.4075,-1.3856,-1.3637,-1.3419,-1.32,-1.2981,-1.2762,-1.2544,-1.8737,-1.2325,-1.2106,-1.1905,-1.1759,-1.1564,-1.1353,-1.1207,-1.1061,-1.0915,-1.077,-1.8518,-1.0652,-1.0579,-1.0506,-1.0415,-1.0269,-1.0223,-1.0215,-1.0142,-1.0109,-1.0109,-1.8405,-1.018,-1.0223,-1.0223,-1.0285,-1.0358,-1.0431,-1.0555,-1.0701,-1.0847,-1.0951,-1.8321,-1.1024,-1.117,-1.1316,-1.1461,-1.1607,-1.1753,-1.1899,-1.1992,-1.2076,-1.2222,-1.8175,-1.2411,-1.2625,-1.2625,-1.2592,-1.2519,-1.2447,-1.2374,-1.2301,-1.2173,-1.2028,5.0,5.0
0.27197,0.22797,0.16934,1.8693,1.7849,1.6988,1.6328,1.5437,1.3715,1.2835,1.1762,1.0661,0.95612,0.16934,0.83777,0.70575,0.57476,0.46474,0.33535,0.20333,0.083376,-0.02664,-0.1414,-0.27233,0.16934,-0.38235,-0.64786,-0.77609,-0.85423,-0.9253,-0.97412,-1.039,-1.083,-1.1075,-1.1295,0.16934,-1.1515,-1.165,-1.165,-1.1637,-1.1417,-1.1197,-1.0818,-1.0378,-0.99381,-0.94981,0.16934,-0.90452,-0.83851,-0.79213,-0.73215,-0.66614,-0.59147,-0.50846,-0.44111,-0.35309,-0.26508,0.16934,-0.17707,-0.089057,-0.001044,0.086968,0.17498,0.26299,0.35101,0.43902,0.52703,0.61504,0.16934,0.69792,0.76541,0.85342,0.94143,1.0133,1.0793,1.1453,1.2113,1.2758,1.3198,0.16934,1.3837,1.4172,1.4518,1.4869,1.5089,1.5293,1.5293,1.5093,1.3896,1.2103,0.15817,1.0661,0.96818,0.77683,0.66681,0.5568,0.44678,0.33676,0.2177,0.091074,-0.020674,0.14368,-0.15269,-0.60597,-0.81086,-0.92088,-1.0218,-1.1098,-1.1978,-1.2858,-1.3738,-1.4454,0.20231,0.13983,-1.4985,-1.5425,-1.5866,-1.6287,-1.6507,-1.6525,-1.6525,-1.6525,-1.6433,-1.6213,0.11782,-1.5973,-1.5533,-1.489,-1.423,-1.357,-1.291,-1.2194,-1.1314,-1.0433,-0.95533,0.095821,-0.86731,-0.76628,-0.65626,-0.55196,-0.46189,-0.35188,-0.24186,-0.13184,-0.021828,0.088187,-0.018878,0.1982,0.30822,0.41823,0.50779,0.61261,0.70947,0.79748,0.87966,0.94567,1.0117,-0.076483,1.0777,1.1268,1.1708,1.2148,1.2529,1.2749,1.2969,1.319,1.324,1.324,-0.098487,1.3144,1.2805,1.2168,1.1728,1.0668,1.0078,0.95041,0.89409,0.84406,0.76855,-0.1432,0.61453,0.54339,0.46032,0.3589,0.25863,0.16452,0.054509,-0.055507,-0.16552,-0.29267,-0.21947,-0.41121,-0.53104,-0.6569,-0.76942,-0.90144,-1.2836,-1.4218,-1.5014,-1.5696,-1.6198,-0.24173,-1.6807,-1.7027,-1.7456,-1.7724,-1.7944,-1.8065,-1.8127,-1.8295,-1.8075,-1.8065,-0.28574,-1.7891,-1.7671,-1.7351,-1.6975,-1.6728,-1.6288,-1.5848,-1.5407,-1.4967,-1.4527,0.195,-0.32974,-1.4087,-1.362,-1.296,-1.2511,-1.1896,-1.1236,-1.0677,-1.0172,-0.95122,-0.88521,-0.3887,-0.8192,-0.75319,-0.68718,-0.61097,-0.5295,-0.46349,-0.39749,-0.33148,-0.26547,-0.19946,-0.44342,-0.14371,-0.093098,-0.030039,0.013967,0.057973,0.10198,0.14599,0.18999,0.234,0.278,-0.48742,0.32201,0.36602,0.39232,0.42837,0.46198,0.48399,0.50599,0.52799,0.55,0.572,-0.53541,0.60812,0.64167,0.66367,0.68567,0.70767,0.72968,0.75168,0.77368,0.79569,0.81769,-0.60109,0.83969,0.8617,0.8837,0.9057,0.92771,0.94971,0.97171,0.99372,1.0157,1.0377,-0.6451,1.0418,1.0561,1.0674,1.0744,1.0931,1.0931,1.0714,1.0494,0.96992,0.91346,-0.70777,0.90641,0.88781,0.88781,0.86606,0.86215,0.84771,0.83649,0.83649,0.83302,0.81102,-0.75877,0.81083,0.81083,0.81083,0.81083,0.81083,0.81083,0.81083,0.81083,0.82904,0.83649,-0.81413,0.83649,0.84373,0.86215,0.86215,0.86215,0.84386,0.82186,0.79986,0.195,-0.88014,-0.94211,-0.9865,-1.0525,-1.0998,-1.1438,-1.1878,-1.2318,-1.2717,-1.2937,0.18762,-1.3157,-1.3377,-1.3446,-1.3446,-1.3368,-1.3148,-1.2927,-1.2707,-1.2299,-1.1859,0.16934,-1.1303,-1.0722,-1.024,-0.95738,-0.86937,-0.80028,-0.719,-0.63099,-0.54298,-0.45496,0.16934,-0.36695,-0.27894,-0.19093,-0.10291,-0.003225,0.10679,0.21244,0.30116,0.41118,0.52119,0.16934,0.63121,0.74122,0.84316,0.9356,1.0448,1.1329,1.24,1.3345,1.4226,1.5024,0.16934,1.5729,1.6593,1.7033,1.7665,1.8169,1.8491,1.8711,1.8885,1.8885,1.8885,2.0,2.0
-0.48838,-0.50671,-0.48838,-1.5066,-1.4699,-1.4333,-1.4063,-1.3826,-1.3459,-1.3093,-1.2726,-1.2468,-1.2219,-0.48838,-1.1875,-1.1692,-1.1346,-1.0979,-1.069,-1.0473,-1.0106,-0.99137,-0.95992,-0.92326,-0.48838,-0.88661,-0.84995,-0.8133,-0.7909,-0.76262,-0.73162,-0.71193,-0.67528,-0.65401,-0.63568,-0.47639,-0.61735,-0.59903,-0.5807,-0.56237,-0.54404,-0.52572,-0.50739,-0.48906,-0.47074,-0.46576,-0.46576,-0.45671,-0.43838,-0.4205,-0.4205,-0.40602,-0.39788,-0.392,-0.37367,-0.35534,-0.33701,-0.46576,-0.31869,-0.30036,-0.28203,-0.2637,-0.24538,-0.23949,-0.23135,-0.21687,-0.21687,-0.19899,-0.46576,-0.19424,-0.18496,-0.17161,-0.17094,-0.15261,-0.13428,-0.12636,-0.12025,-0.10193,-0.083598,-0.44834,-0.065271,-0.046943,-0.028616,-0.007347,0.029307,0.048992,0.06732,0.094019,0.13067,0.16733,-0.44313,0.18588,0.21801,0.25467,0.28612,0.30535,0.342,0.37866,0.40468,0.42934,0.466,-0.44313,0.50265,0.52324,0.55333,0.58252,0.60402,0.64067,0.66013,0.69136,0.71941,0.74204,-0.51101,-0.44313,0.77869,0.79702,0.82938,0.8563,0.87463,0.89409,0.93074,0.95224,0.97056,0.98889,-0.4429,1.0095,1.0461,1.0665,1.0848,1.1032,1.1215,1.1398,1.1581,1.1896,1.2174,-0.42458,1.2357,1.2543,1.291,1.3134,1.3317,1.35,1.3683,1.3867,1.405,1.4233,-0.4205,1.4416,1.46,1.4783,1.4966,1.515,1.5174,1.4955,1.4588,1.4398,1.4215,-0.4205,1.4122,1.4075,1.3892,1.3708,1.3525,1.3342,1.3158,1.2975,1.2792,1.2452,-0.41485,1.2199,1.2016,1.1833,1.1649,1.1299,1.1056,1.0873,1.069,1.0507,1.0323,-0.39788,1.0004,0.97305,0.95473,0.9364,0.91807,0.89974,0.88142,0.85698,0.82214,0.80381,-0.39788,0.78548,0.75561,0.7262,0.70787,0.68954,0.65425,0.63026,0.61194,0.58954,0.55288,-0.39788,0.53433,0.516,0.49767,0.47935,0.46102,0.44269,0.42436,0.41667,0.41034,0.39201,-0.38679,0.37368,0.37142,0.35965,0.34133,0.32617,0.32617,0.32617,0.32617,0.33476,0.34879,-0.51101,-0.37525,0.34879,0.36712,0.38545,0.40377,0.4221,0.44043,0.45876,0.46192,0.46192,0.46192,-0.37276,0.46419,0.48251,0.48455,0.48455,0.48455,0.48455,0.48455,0.48455,0.48455,0.48455,-0.35444,0.48908,0.50718,0.50718,0.50718,0.50718,0.50718,0.50718,0.50718,0.50718,0.50718,-0.35263,0.50718,0.50718,0.50718,0.50718,0.50718,0.50718,0.50718,0.50718,0.50718,0.50718,-0.34041,0.51623,0.5298,0.5298,0.5298,0.5298,0.53998,0.55243,0.55243,0.55243,0.56804,-0.33,0.57506,0.57506,0.57777,0.5961,0.59768,0.59768,0.59768,0.60153,0.61986,0.62031,-0.32638,0.62031,0.62031,0.62529,0.64293,0.64293,0.64293,0.65334,0.66556,0.66556,0.66556,-0.30805,0.6814,0.69973,0.71081,0.71376,0.73208,0.75041,0.76874,0.78706,0.80539,0.82372,-0.30737,0.84205,0.86037,0.8692,0.8692,0.8701,0.88843,0.89182,0.89182,0.88549,0.8692,-0.32072,0.8692,0.8692,0.8339,0.80132,0.80132,0.80132,0.80132,0.80132,-0.51101,-0.33,-0.38227,-0.57934,-0.59767,-0.6884,-0.75764,-0.81782,-0.92779,-1.0378,-1.0853,-0.51101,-1.1785,-1.2717,-1.3192,-1.4292,-1.4722,-1.5462,-1.6134,-1.65,-1.6867,-1.7233,-0.51101,-1.8007,-1.8645,-1.9161,-2.0057,-2.0424,-2.1084,-2.1921,-2.2594,-2.2777,-2.296,-0.51101,-2.3143,-2.3788,-2.4415,-2.4481,-2.3931,-2.372,-2.341,-2.3127,-2.2903,-2.2537,-0.51101,-2.217,-2.1804,-2.1437,-2.1071,-2.0704,-2.0338,-1.9971,-1.9605,-1.9238,-1.8871,-0.50445,-1.8505,-1.8138,-1.7772,-1.7405,-1.7039,-1.6672,-1.6306,-1.6068,-1.5799,-1.5432,4.0,4.0
0.78101,0.8295,0.89646,0.20378,0.31692,0.43006,0.54088,0.63786,0.73484,0.83181,0.92879,1.0258,1.1158,0.89646,1.1966,1.2774,1.349,1.4114,1.4598,1.5199,1.5753,1.6076,1.6399,1.6723,0.89646,1.7046,1.7208,1.7277,1.7231,1.6907,1.6584,1.6261,1.5938,1.5476,1.4922,0.89646,1.4275,1.3467,1.2659,1.1828,1.0858,0.98882,0.88723,0.77409,0.66095,0.54781,0.89646,0.43467,0.32153,0.19916,0.072169,-0.040969,-0.15411,-0.26725,-0.38038,-0.49352,-0.59973,0.89646,-0.69671,-0.79368,-0.88142,-0.96224,-1.0431,-1.1123,-1.1724,-1.2208,-1.2693,-1.3109,0.89646,-1.3432,-1.3755,-1.4079,-1.4356,-1.4356,-1.4471,-1.4587,-1.4587,-1.4448,-1.4286,0.89646,-1.4125,-1.3963,-1.3709,-1.3363,-1.2878,-1.2509,-1.2139,-1.1654,-1.1031,-1.0384,0.88261,-0.97378,-0.90913,-0.83525,-0.75443,-0.67362,-0.59281,-0.51199,-0.43118,-0.33651,-0.24647,0.87337,-0.16565,-0.068677,0.019063,0.10219,0.19916,0.28459,0.37002,0.467,0.55012,0.62401,0.85952,0.87337,0.68866,0.76947,0.84105,0.9057,0.97035,1.035,1.0996,1.1643,1.2151,1.2636,0.87337,1.3121,1.3444,1.3767,1.4067,1.4229,1.4506,1.4783,1.4945,1.4968,1.4899,0.87337,1.4737,1.4414,1.409,1.3767,1.3444,1.3005,1.252,1.2036,1.1412,1.0766,0.87337,1.0119,0.9311,0.85028,0.76716,0.67019,0.57321,0.47623,0.37926,0.26843,0.15529,0.87337,0.042153,-0.070985,-0.18412,-0.29726,-0.4104,-0.52354,-0.63668,-0.74981,-0.8491,-0.94607,0.86183,-1.0431,-1.1239,-1.2047,-1.2832,-1.3478,-1.4009,-1.4494,-1.4979,-1.5187,-1.5418,0.85028,-1.5741,-1.5903,-1.5972,-1.5949,-1.5787,-1.5626,-1.5464,-1.5302,-1.5002,-1.4679,0.85028,-1.4356,-1.3871,-1.3386,-1.2901,-1.2416,-1.1816,-1.1169,-1.0523,-0.98764,-0.91606,0.83643,-0.83525,-0.7706,-0.69671,-0.6159,-0.53508,-0.44273,-0.35037,-0.26955,-0.18874,-0.101,0.82027,-0.004026,0.076787,0.16684,0.2615,0.34232,0.42313,0.50394,0.58475,0.65171,0.71636,0.87337,0.8041,0.78101,0.86183,0.92417,0.97497,1.0396,1.0927,1.1366,1.1689,1.2151,1.2567,0.78794,1.289,1.3051,1.3213,1.3375,1.3536,1.3698,1.3813,1.3813,1.3675,1.3513,0.77178,1.3352,1.3028,1.2705,1.2382,1.2059,1.1735,1.1366,1.0881,1.0396,0.99113,0.75331,0.94264,0.87799,0.81334,0.74869,0.68404,0.61939,0.55474,0.49009,0.42544,0.36079,0.72098,0.29614,0.21532,0.14375,0.079096,0.014445,-0.06175,-0.13333,-0.18181,-0.24416,-0.30188,0.7002,-0.35037,-0.41502,-0.4612,-0.49352,-0.52585,-0.55817,-0.58588,-0.60204,-0.63206,-0.65746,0.6748,-0.67362,-0.67362,-0.68286,-0.69671,-0.69671,-0.69671,-0.69209,-0.67593,-0.65977,-0.6436,0.62632,-0.62744,-0.61128,-0.60435,-0.60204,-0.58588,-0.58126,-0.58126,-0.58126,-0.58126,-0.57434,0.59168,-0.55817,-0.55817,-0.55817,-0.55817,-0.55817,-0.55817,-0.55817,-0.55817,-0.57203,-0.58126,0.55243,-0.58126,-0.59742,-0.60435,-0.60666,-0.62282,-0.62744,-0.63206,-0.64822,0.87337,0.50394,0.43929,0.38388,0.33077,0.24996,0.18069,0.11142,0.030608,-0.050205,-0.13102,0.87337,-0.21183,-0.30881,-0.39655,-0.47736,-0.55817,-0.65053,-0.74289,-0.8237,-0.90451,-0.9784,0.87799,-1.0431,-1.1239,-1.1954,-1.2578,-1.3063,-1.3663,-1.4217,-1.454,-1.5002,-1.5418,0.89415,-1.5741,-1.5903,-1.6064,-1.6226,-1.6388,-1.6318,-1.6157,-1.5995,-1.5833,-1.5533,0.89646,-1.5048,-1.4725,-1.4217,-1.3571,-1.2924,-1.2278,-1.1585,-1.0777,-0.99687,-0.90913,0.89646,-0.81216,-0.73134,-0.64129,-0.54432,-0.44734,-0.33882,-0.22568,-0.11255,-0.013262,0.090641,0.0,0.0
0.28542,0.32758,0.38742,1.5095,1.4252,1.3327,1.2273,1.1219,1.0165,0.91106,0.79409,0.6676,0.54112,0.38742,0.41463,0.28814,0.17661,0.069162,-0.057327,-0.17362,-0.27902,-0.36607,-0.51568,-0.85298,0.38742,-1.0135,-1.0767,-1.14,-1.1944,-1.2365,-1.2787,-1.3209,-1.363,-1.3929,-1.414,0.38742,-1.4351,-1.4562,-1.4773,-1.4827,-1.4827,-1.4827,-1.4718,-1.4507,-1.4297,-1.4086,0.38742,-1.3875,-1.3521,-1.3086,-1.2454,-1.1916,-1.1495,-1.0896,-1.0216,-0.93731,-0.8659,0.38742,-0.80266,-0.71833,-0.63401,-0.54968,-0.44904,-0.34703,-0.2627,-0.16682,-0.061408,0.024278,0.38742,0.1154,0.22081,0.32622,0.42959,0.51391,0.60844,0.71385,0.80089,0.88522,0.96955,0.36906,1.0403,1.1035,1.1668,1.23,1.2932,1.3395,1.3776,1.3987,1.4197,1.4408,0.34798,1.4619,1.4755,1.4755,1.4129,1.3313,1.2681,1.1722,1.0457,0.97635,0.90086,0.3269,0.79545,0.70433,0.61864,0.51323,0.40783,0.30242,0.17933,0.057601,-0.047807,-0.15321,0.35342,0.30582,-0.25862,-0.36403,-0.5592,-0.89651,-1.038,-1.1189,-1.1821,-1.2338,-1.276,-1.3181,0.28406,-1.3603,-1.4025,-1.4297,-1.4507,-1.4718,-1.4929,-1.514,-1.5167,-1.5167,-1.5167,0.24189,-1.5167,-1.516,-1.4949,-1.4739,-1.4528,-1.4317,-1.4065,-1.3644,-1.3222,-1.2801,0.20857,-1.2175,-1.1542,-1.091,-1.0278,-0.96179,-0.87747,-0.79314,-0.70881,-0.62449,-0.53404,0.18749,-0.42863,-0.33751,-0.25182,-0.14641,-0.041006,0.064401,0.16981,0.27522,0.38062,0.48603,0.13241,0.59144,0.69685,0.79409,0.87842,0.96275,1.0471,1.1314,1.2157,1.3,1.3647,0.073242,1.4279,1.4911,1.5394,1.5816,1.6238,1.6659,1.7081,1.7319,1.753,1.774,0.031079,1.7815,1.7815,1.7815,1.7727,1.7516,1.7305,1.7054,1.6632,1.5598,1.4123,-0.023325,1.3259,1.249,1.1858,1.1069,1.0226,0.93826,0.84306,0.73765,0.65128,0.56696,-0.086569,0.48263,0.38402,0.27998,0.19565,0.11132,0.026999,-0.039646,-0.10765,-0.19198,-0.2763,0.35342,-0.14981,-0.36063,-0.42387,-0.56056,-0.81354,-0.90331,-0.94547,-0.98763,-1.0298,-1.072,-1.1141,-0.22054,-1.1495,-1.1706,-1.1916,-1.2107,-1.2107,-1.2209,-1.242,-1.2447,-1.2447,-1.2447,-0.30486,-1.2311,-1.21,-1.1889,-1.1678,-1.1468,-1.1257,-1.1005,-1.0584,-1.0162,-0.97403,-0.38919,-0.93187,-0.88971,-0.84754,-0.78974,-0.72922,-0.68705,-0.63401,-0.57076,-0.50752,-0.44427,-0.47352,-0.38103,-0.31779,-0.25454,-0.1913,-0.12805,-0.064808,-0.019245,0.027679,0.090923,0.14125,-0.55784,0.18341,0.24665,0.30174,0.3439,0.36974,0.39422,0.43639,0.46699,0.48807,0.50915,-0.63129,0.53023,0.55132,0.5724,0.59348,0.61456,0.62544,0.62544,0.60708,0.59144,0.59144,-0.69453,0.57784,0.55744,0.55744,0.5486,0.52751,0.52343,0.51935,0.49827,0.48943,0.48943,-0.77682,0.48943,0.48943,0.48943,0.48943,0.48943,0.48943,0.48943,0.48943,0.48943,0.48943,-0.86114,0.48943,0.48943,0.48943,0.48943,0.47991,0.45883,0.43775,0.41667,0.35342,-0.94547,-1.0155,-1.0788,-1.142,-1.2052,-1.2685,-1.3141,-1.3515,-1.3725,-1.3936,0.35682,-1.4147,-1.4147,-1.4065,-1.3855,-1.3644,-1.3399,-1.2977,-1.2556,-1.2134,-1.1515,0.3779,-1.0815,-0.99715,-0.91283,-0.8285,-0.74418,-0.64965,-0.54424,-0.43883,-0.33343,-0.22802,0.38742,-0.12261,-0.016524,0.10996,0.22761,0.33302,0.45543,0.58192,0.70841,0.82266,0.92806,0.38742,1.0539,1.1729,1.2783,1.3681,1.4524,1.5367,1.6102,1.6734,1.7366,1.7938,0.38742,1.8359,1.8495,1.8509,1.872,1.874,1.8529,1.8318,1.8012,1.738,1.636,2.0,2.0
0.74911,0.63325,0.54805,-1.2614,-1.221,-1.175,-1.1149,-1.0745,-1.0353,-1.0187,-0.9782,-0.91563,-0.87215,0.54805,-0.82917,-0.76609,-0.71759,-0.66003,-0.59444,-0.53262,-0.51352,-0.43862,-0.3577,-0.27677,0.54805,-0.19082,-0.089793,-0.008868,0.09568,0.12785,0.20877,0.31131,0.40757,0.50382,0.62521,0.54805,0.7466,0.86798,0.95016,1.0321,1.1316,1.253,1.3503,1.4563,1.5624,1.6433,0.54805,1.7242,1.8046,1.8202,1.8858,1.9263,1.9667,1.9821,2.0057,1.9987,1.9582,0.54805,1.7293,1.5981,1.499,1.3777,1.2326,1.0959,1.0346,0.89211,0.74559,0.59932,0.52895,0.47768,0.33117,0.18917,0.052454,-0.080243,-0.14559,-0.27577,-0.39716,-0.51854,-0.6148,0.52292,-0.96488,-1.1514,-1.2323,-1.2881,-1.3404,-1.3997,-1.4213,-1.4617,-1.5022,-1.5175,0.52292,-1.5379,-1.563,-1.563,-1.563,-1.563,-1.5417,-1.5263,-1.511,-1.4876,-1.4552,0.53775,-1.4147,-1.3492,-1.3057,-1.2247,-1.1524,-1.088,-1.0353,-0.97644,-0.87592,-0.78946,0.62345,0.54805,-0.68341,-0.58715,-0.46577,-0.34438,-0.19786,-0.15061,-0.00535,0.14795,0.3098,0.44652,0.54805,0.60837,0.75238,0.90694,0.9753,1.105,1.2631,1.3844,1.531,1.6523,1.7486,0.57319,1.8348,1.8956,1.9303,1.9547,1.7051,1.4968,1.3377,1.2414,1.0698,0.9484,0.57319,0.82702,0.70563,0.64657,0.51312,0.39173,0.29548,0.17409,0.052705,-0.068682,-0.19007,0.57319,-0.42204,-0.68391,-0.76483,-0.86511,-0.92668,-0.98499,-1.0116,-1.0689,-1.1106,-1.133,0.57319,-1.1483,-1.1609,-1.1609,-1.1609,-1.1373,-1.1358,-1.1318,-1.0913,-1.076,-1.0355,0.5948,-0.99504,-0.95458,-0.89351,-0.87366,-0.80706,-0.74247,-0.64521,-0.56428,-0.45823,-0.35217,0.59832,-0.25365,-0.14006,-0.036011,0.009981,0.1565,0.27789,0.39927,0.52066,0.64205,0.76343,0.59832,0.88482,0.92051,1.0266,1.1075,1.2135,1.2945,1.387,1.4815,1.5624,1.6611,0.59832,1.7242,1.8051,1.8579,1.8984,1.9389,1.9554,1.9946,2.0057,2.0057,2.0308,0.62345,0.62345,2.0308,2.0057,1.7489,1.6875,1.5312,1.4528,1.4196,1.3387,1.2799,1.202,0.62345,1.1211,1.0401,0.95921,0.87829,0.8245,0.77047,0.71091,0.63928,0.57419,0.53323,0.62345,0.46763,0.42717,0.39726,0.37062,0.30578,0.26532,-0.077729,-0.16745,-0.20992,-0.27351,0.62672,-0.31397,-0.35443,-0.39489,-0.41022,-0.45069,-0.49115,-0.55574,-0.5972,-0.64219,-0.70326,0.64858,-0.74372,-0.78419,-0.80907,-0.83998,-0.85933,-0.89577,-0.9111,-0.93473,-0.96689,-0.98499,0.64858,-1.0101,-1.0101,-1.0101,-1.0101,-1.0101,-0.98499,-0.95986,-0.94051,-0.92518,-0.88471,0.64858,-0.84425,-0.80379,-0.76333,-0.72286,-0.6824,-0.6256,-0.60148,-0.56102,-0.52055,-0.48009,0.64858,-0.42204,-0.37403,-0.33357,-0.29311,-0.27778,-0.23732,-0.19685,-0.15639,-0.14106,-0.12573,0.67371,-0.10537,-0.10537,-0.10537,-0.10537,-0.13051,-0.13051,-0.13051,-0.13227,-0.15564,-0.15564,0.67371,-0.15564,-0.13051,-0.13051,-0.13051,-0.13051,-0.10663,-0.10537,-0.10537,0.61239,0.66366,0.64833,0.60787,0.59254,0.55207,0.53674,0.49779,0.48095,0.44049,0.40003,0.59832,0.35956,0.29397,0.25351,0.22988,0.17258,0.1183,0.062506,0.000933,-0.064661,-0.13,0.59832,-0.19585,-0.26672,-0.30643,-0.37831,-0.45923,-0.54016,-0.62108,-0.68014,-0.74573,-0.81133,0.59832,-0.85179,-0.87491,-0.93272,-0.97318,-1.0388,-1.0792,-1.1287,-1.1853,-1.2258,-1.2866,0.5762,-1.3067,-1.3471,-1.3876,-1.4281,-1.4625,-1.4839,-1.4992,-1.5128,-1.5128,-1.5128,0.57319,-1.5128,-1.5128,-1.5097,-1.4876,-1.4625,-1.4386,-1.4122,-1.3871,-1.3675,-1.327,2.0,2.0
2.0573,0.42153,0.38843,-1.3209,-1.3309,-1.3409,-1.3498,-1.3513,-1.3613,-1.3713,-1.3786,-1.3817,-1.3883,0.36995,-1.3921,-1.3979,-1.3933,-1.3883,-1.3883,-1.3825,-1.3786,-1.3786,-1.3717,-1.369,0.34454,-1.3613,-1.3594,-1.3509,-1.3498,-1.3221,-1.3113,-1.3013,-1.2913,-1.2812,-1.2712,0.32952,-1.2612,-1.2512,-1.2385,-1.2216,-1.2116,-1.2016,-1.1915,-1.1815,-1.1715,-1.1615,0.30334,-1.14,-1.1161,-1.1026,-1.0926,-1.0753,-1.063,-1.053,-1.0429,-1.0241,-1.0133,0.28063,-1.0033,-0.99289,-0.97364,-0.96363,-0.95362,-0.94169,-0.92398,-0.91397,-0.90396,-0.89049,0.25214,-0.87432,-0.86431,-0.8543,-0.84429,-0.83428,-0.82427,-0.8081,-0.79463,-0.78462,-0.77461,0.21865,-0.7646,-0.75459,-0.73611,-0.72494,-0.71494,-0.70493,-0.69492,-0.68414,-0.66527,-0.65526,0.19555,-0.64525,-0.63524,-0.62523,-0.61522,-0.60522,-0.59521,-0.5852,-0.57981,-0.5748,-0.56479,0.17553,-0.55478,-0.54477,-0.53476,-0.52475,-0.51474,-0.51243,-0.50435,-0.50281,-0.49396,-0.48395,0.43308,0.13241,-0.46431,-0.46393,-0.45469,-0.45469,-0.45315,-0.44506,-0.44275,-0.43544,-0.43544,-0.43197,0.090449,-0.42196,-0.41619,-0.41157,-0.40656,-0.40117,-0.39116,-0.38116,-0.37115,-0.36114,-0.35113,0.084289,-0.34112,-0.33111,-0.31263,-0.30146,-0.28221,-0.27182,-0.2518,-0.23178,-0.21176,-0.19174,0.040016,-0.17172,-0.15402,-0.14131,-0.12129,-0.10474,-0.090878,-0.070859,-0.05546,-0.040445,0.006523,0.026927,0.047716,0.061575,0.078129,0.091219,0.10123,0.11124,0.12125,0.13973,0.15089,0.1609,-0.002332,0.17091,0.1813,0.20055,0.21056,0.22057,0.22866,0.23097,0.24098,0.25099,0.25753,-0.05084,0.26138,0.27139,0.2814,0.29141,0.30142,0.31143,0.32144,0.33145,0.33453,0.34184,-0.064699,0.35185,0.35378,0.36225,0.37226,0.37303,0.38265,0.38304,0.39228,0.39228,0.39382,-0.12014,0.4019,0.40421,0.41152,0.4146,0.42115,0.425,0.43501,0.44502,0.45503,0.46504,-0.14324,0.47505,0.48506,0.50161,0.5147,0.52471,0.54242,0.55435,0.57283,0.584,0.60325,0.4608,-0.1775,0.61364,0.62365,0.63443,0.65329,0.6633,0.67331,0.68332,0.69872,0.72259,0.73606,-0.18751,0.75608,0.77187,0.7865,0.80151,0.81691,0.83693,0.85695,0.87042,0.88736,0.92201,-0.19752,0.94665,0.96667,0.99516,1.0163,1.0364,1.0564,1.086,1.1053,1.1164,1.1349,-0.21677,1.1468,1.1669,1.1842,1.1973,1.2138,1.2277,1.2519,1.2727,1.2877,1.3024,-0.24641,1.3182,1.332,1.342,1.359,1.3717,1.3971,1.4109,1.4209,1.431,1.4502,-0.25257,1.4606,1.4706,1.4814,1.5014,1.5214,1.5395,1.5518,1.5692,1.5853,1.6084,-0.27798,1.6223,1.6381,1.6481,1.6631,1.6777,1.6877,1.7039,1.7174,1.7413,1.764,-0.31494,1.7763,1.7944,1.8229,1.8352,1.8452,1.8648,1.8748,1.8849,1.8949,1.9064,-0.33496,1.9245,1.9368,1.9542,1.9672,1.9838,1.9938,2.0038,2.0138,2.0238,2.0338,-0.35421,2.0439,2.0539,2.0639,2.0739,2.0766,2.0843,2.0862,2.0777,0.46465,-0.35844,-0.3646,-0.37461,-0.39155,-0.40425,-0.41426,-0.43236,-0.44391,-0.46277,-0.47355,0.4404,-0.51243,-0.53245,-0.55247,-0.57249,-0.59251,-0.61253,-0.63255,-0.65526,-0.68221,-0.70223,0.43809,-0.72225,-0.7465,-0.77191,-0.79193,-0.81195,-0.83197,-0.85199,-0.87201,-0.89203,-0.90473,0.42808,-0.92244,-0.94246,-0.96248,-0.9825,-1.0025,-1.0225,-1.0426,-1.0626,-1.0814,-1.093,0.41499,-1.1111,-1.1234,-1.1407,-1.1507,-1.1642,-1.1804,-1.1946,-1.21,-1.22,-1.2354,0.39844,-1.2497,-1.2597,-1.2697,-1.2728,-1.2801,-1.2901,-1.292,-1.3005,-1.3016,-1.3109,1.0,1.0
-2.2169,-2.0586,-1.7088,-0.85508,-0.854,-0.8441,-0.84334,-0.83606,-0.8316,-0.82802,-0.81986,-0.81986,-0.81986,-1.6792,-0.81194,-0.80812,-0.8039,-0.79401,-0.78412,-0.77422,-0.76433,-0.75444,-0.74455,-0.73164,-1.6495,-0.71303,-0.70314,-0.69325,-0.67599,-0.66173,-0.64817,-0.63021,-0.62032,-0.60057,-0.5888,-1.6198,-0.57274,-0.55728,-0.54492,-0.52576,-0.51587,-0.49732,-0.47754,-0.46272,-0.44971,-0.4312,-1.5995,-0.4213,-0.40211,-0.38978,-0.37429,-0.35826,-0.34837,-0.33848,-0.32859,-0.3187,-0.31506,-1.5797,-0.31066,-0.30077,-0.29158,-0.29158,-0.29158,-0.28469,-0.27984,-0.27664,-0.2681,-0.2681,-1.5656,-0.25871,-0.25636,-0.25067,-0.24462,-0.24263,-0.23274,-0.22285,-0.21296,-0.20307,-0.19318,-1.5557,-0.18329,-0.17339,-0.1635,-0.14478,-0.13198,-0.11696,-0.10046,-0.089134,-0.069353,-0.049572,-1.5458,-0.037421,-0.021749,-0.001968,0.015729,0.025855,0.045636,0.057141,0.067031,0.076922,0.089542,-1.536,0.10756,0.10756,0.11648,0.12637,0.13627,0.14278,0.14431,0.1542,0.15452,0.15452,-1.9969,-1.536,0.16039,0.16626,0.16626,0.16626,0.16626,0.16626,0.16626,0.16626,0.16908,0.178,-1.536,0.178,0.178,0.18516,0.19505,0.20148,0.20309,0.21298,0.22287,0.23276,0.2367,-1.536,0.24081,0.2507,0.26059,0.27048,0.28037,0.29026,0.30015,0.31004,0.31993,0.32982,-1.536,0.33971,0.3496,0.35949,0.36938,0.37927,0.38916,0.39906,0.40895,0.41884,0.42873,-1.536,0.43862,0.44851,0.4584,0.46829,0.47149,0.48117,0.49796,0.50785,0.51774,0.52763,-1.5352,0.53752,0.54193,0.54556,0.55546,0.56535,0.57524,0.58513,0.59502,0.60491,0.61236,-1.5254,0.61295,0.62284,0.63273,0.64262,0.64758,0.65066,0.66055,0.67044,0.68033,0.69023,-1.5242,0.70012,0.71001,0.7199,0.72979,0.73968,0.74957,0.75946,0.77372,0.79098,0.80155,-1.5173,0.82133,0.83239,0.84915,0.86391,0.87697,0.89675,0.91653,0.92695,0.94436,0.95847,-1.5074,0.96836,0.98022,0.99989,1.0098,1.0197,1.0296,1.0394,1.0467,1.0475,1.0574,-1.9573,-1.5008,1.0585,1.0654,1.0702,1.0702,1.0702,1.0702,1.0702,1.0702,1.0702,1.0702,-1.4994,1.0702,1.0702,1.0702,1.062,1.0585,1.0585,1.0585,1.0585,1.0585,1.0585,-1.4895,1.0585,1.0585,1.0585,1.0585,1.0585,1.0585,1.0585,1.0585,1.0585,1.0606,-1.4796,1.0702,1.0702,1.0702,1.0767,1.0819,1.0819,1.0829,1.0928,1.0937,1.1008,-1.4697,1.1054,1.1054,1.107,1.1169,1.1172,1.1249,1.1289,1.133,1.1429,1.1524,-1.4598,1.1524,1.1608,1.1641,1.1688,1.1787,1.1876,1.1876,1.1967,1.2066,1.2111,-1.4499,1.2146,1.2228,1.2228,1.2325,1.2346,1.2406,1.2463,1.2486,1.258,1.258,-1.44,1.2665,1.2698,1.2746,1.2815,1.2826,1.2925,1.3024,1.3123,1.3222,1.3321,-1.4301,1.342,1.3519,1.3618,1.3796,1.3933,1.4074,1.4248,1.4352,1.455,1.4748,-1.4203,1.5013,1.531,1.5576,1.5798,1.6194,1.6497,1.6868,1.7263,-1.9221,-1.4104,-1.4005,-1.3906,-1.3807,-1.3708,-1.3609,-1.351,-1.3411,-1.3312,-1.3247,-1.8899,-1.3232,-1.3133,-1.3034,-1.3012,-1.3012,-1.2972,-1.2894,-1.2894,-1.2894,-1.2894,-1.8504,-1.283,-1.2777,-1.2777,-1.2768,-1.2669,-1.266,-1.2589,-1.2542,-1.2508,-1.2409,-1.8108,-1.231,-1.2211,-1.2113,-1.2014,-1.1915,-1.1816,-1.1717,-1.1618,-1.1435,-1.1303,-1.7712,-1.1204,-1.1077,-1.0889,-1.079,-1.0601,-1.0403,-1.0258,-1.0124,-0.99431,-0.98442,-1.7385,-0.96485,-0.9529,-0.93702,-0.92138,-0.91149,-0.9016,-0.89171,-0.88182,-0.87193,-0.86204,3.0,5.0
-1.9268,-1.8848,-1.7063,-0.81123,-0.79497,-0.78656,-0.77815,-0.76975,-0.76134,-0.75294,-0.74453,-0.73612,-0.72772,-1.6895,-0.71931,-0.71172,-0.71172,-0.70457,-0.69616,-0.68775,-0.67935,-0.67094,-0.66981,-0.66981,-1.6727,-0.66981,-0.66874,-0.66033,-0.65934,-0.65934,-0.65607,-0.64886,-0.64886,-0.64132,-0.63839,-1.6604,-0.63498,-0.62658,-0.61817,-0.60977,-0.60136,-0.59295,-0.58455,-0.57614,-0.56773,-0.55933,-1.6496,-0.54725,-0.53204,-0.52363,-0.51523,-0.50682,-0.49462,-0.47953,-0.47113,-0.46272,-0.45431,-1.6331,-0.44198,-0.42703,-0.41862,-0.41021,-0.40181,-0.3934,-0.38499,-0.37659,-0.36818,-0.35977,-1.6247,-0.35137,-0.34296,-0.33461,-0.33461,-0.32822,-0.32413,-0.32188,-0.31366,-0.31366,-0.30714,-1.6163,-0.29873,-0.29032,-0.28192,-0.27351,-0.2651,-0.2567,-0.24829,-0.23989,-0.23148,-0.21629,-1.6079,-0.20419,-0.19314,-0.17633,-0.15951,-0.1427,-0.12589,-0.10908,-0.092263,-0.075451,-0.058638,-1.5995,-0.041825,-0.025013,-0.0082,0.008613,0.025426,0.042238,0.059051,0.074895,0.083301,0.099014,-1.8618,-1.5911,0.11059,0.12216,0.13788,0.14628,0.15469,0.1631,0.1715,0.17991,0.18832,0.19672,-1.5827,0.20513,0.21353,0.22194,0.23035,0.23105,0.23668,0.24153,0.24153,0.24153,0.24936,-1.5743,0.252,0.252,0.25363,0.26203,0.26248,0.26837,0.27678,0.28343,0.28343,0.29152,-1.5707,0.29993,0.30833,0.31674,0.32515,0.33355,0.34196,0.35445,0.36925,0.37765,0.39441,-1.568,0.40494,0.41757,0.43223,0.44072,0.45753,0.47434,0.48681,0.49749,0.5143,0.53112,-1.5602,0.54793,0.56026,0.57108,0.58755,0.59596,0.61104,0.62325,0.63165,0.64053,0.65734,-1.5602,0.66735,0.67575,0.68416,0.69257,0.70097,0.70938,0.71778,0.72619,0.73386,0.73386,-1.5532,0.74094,0.74934,0.75775,0.76615,0.77456,0.78297,0.79137,0.79978,0.80819,0.81659,-1.5448,0.825,0.83341,0.84181,0.85022,0.85862,0.87449,0.88591,0.89764,0.9132,0.92161,-1.5364,0.93761,0.94889,0.96076,0.97618,0.98459,0.99299,1.0014,1.0098,1.0182,1.0266,-1.8407,-1.528,1.035,1.0434,1.0481,1.0481,1.0481,1.0561,1.0586,1.0586,1.0568,1.0484,-1.5196,1.0481,1.0481,1.0481,1.0481,1.0481,1.0481,1.0481,1.0481,1.0481,1.0481,-1.5112,1.0481,1.0481,1.0481,1.0481,1.0481,1.0481,1.0546,1.0586,1.0586,1.0586,-1.4977,1.0586,1.0652,1.0691,1.0715,1.0795,1.0795,1.0863,1.0947,1.1031,1.1115,-1.4839,1.1199,1.1283,1.1367,1.1451,1.1535,1.1619,1.1703,1.1787,1.1871,1.1955,-1.4746,1.2039,1.2123,1.2208,1.2292,1.2367,1.2367,1.2439,1.2471,1.2471,1.2482,-1.4578,1.2566,1.2576,1.2629,1.2649,1.2576,1.2576,1.2651,1.2735,1.2819,1.2891,-1.4482,1.2891,1.2967,1.3051,1.317,1.3324,1.3408,1.3492,1.3633,1.3801,1.3969,-1.4346,1.4137,1.4305,1.4531,1.4746,1.4931,1.5183,1.5435,1.5688,1.5901,1.6087,-1.4178,1.6339,1.651,1.6739,1.6951,1.71,1.7184,1.7268,1.7352,-1.8177,-1.401,-1.3842,-1.3674,-1.3505,-1.3337,-1.3181,-1.3097,-1.2938,-1.277,-1.2635,-1.8009,-1.2538,-1.237,-1.2278,-1.2138,-1.2005,-1.1921,-1.1837,-1.1831,-1.1774,-1.1726,-1.7841,-1.1711,-1.1626,-1.1621,-1.1621,-1.1621,-1.1621,-1.1621,-1.1541,-1.1517,-1.1517,-1.7608,-1.1498,-1.1414,-1.1412,-1.1351,-1.1267,-1.1183,-1.1099,-1.1015,-1.0931,-1.0805,-1.74,-1.0658,-1.0573,-1.0405,-1.0301,-1.0174,-1.0028,-0.99423,-0.97742,-0.96061,-0.94379,-1.7231,-0.92934,-0.92064,-0.90383,-0.89364,-0.88068,-0.86636,-0.85753,-0.84072,-0.83066,-0.82225,3.0,5.0
-0.91253,-0.91253,-0.89395,-1.2981,-1.2664,-1.2356,-1.195,-1.1667,-1.1325,-1.0941,-1.067,-1.0294,-0.99438,-0.89395,-0.96688,-0.92632,-0.89469,-0.8638,-0.82324,-0.795,-0.76072,-0.72017,-0.67961,-0.6497,-0.89395,-0.62266,-0.59511,-0.55456,-0.52297,-0.49594,-0.4689,-0.44187,-0.42212,-0.40638,-0.37934,-0.89395,-0.35231,-0.32527,-0.29879,-0.28527,-0.26274,-0.23966,-0.22614,-0.21262,-0.1991,-0.18559,-0.89395,-0.17207,-0.15855,-0.1507,-0.1501,-0.13658,-0.12306,-0.10954,-0.096024,-0.082507,-0.068989,-0.89395,-0.055471,-0.041953,-0.028435,-0.020631,-0.019981,-0.006463,0.007055,0.020572,0.03409,0.047608,-0.89395,0.061126,0.074643,0.088161,0.10168,0.1152,0.12871,0.14223,0.15575,0.16927,0.18279,-0.89395,0.1963,0.20982,0.22334,0.23686,0.26124,0.28247,0.29599,0.30951,0.32303,0.33654,-0.89395,0.35006,0.37617,0.39568,0.4092,0.42271,0.43623,0.4556,0.48185,0.49537,0.50889,-0.89395,0.5224,0.53592,0.56207,0.58154,0.59756,0.6246,0.64067,0.66009,0.68629,0.69981,-0.91253,-0.89395,0.72261,0.74542,0.75894,0.77246,0.79359,0.81808,0.83159,0.85612,0.87721,0.89161,-0.8991,0.91865,0.93634,0.95414,0.98117,0.99548,1.009,1.0251,1.0522,1.0681,1.0876,-0.91253,1.1137,1.1273,1.1408,1.1586,1.1857,1.1999,1.2134,1.2296,1.2566,1.2726,-0.91253,1.2861,1.2996,1.3131,1.3266,1.3402,1.3537,1.3672,1.3807,1.3942,1.4077,-0.91253,1.4213,1.4348,1.4483,1.4618,1.4753,1.4889,1.5024,1.5159,1.5294,1.5374,-0.91253,1.5239,1.5104,1.503,1.502,1.4884,1.4844,1.48,1.4665,1.4529,1.4394,-0.91253,1.4259,1.4124,1.3989,1.3854,1.3718,1.3583,1.3352,1.3127,1.2992,1.2727,-0.91253,1.2536,1.2372,1.2102,1.1831,1.1623,1.1477,1.1206,1.1032,1.0851,1.0581,-0.91253,1.0441,1.0226,0.99845,0.98493,0.96008,0.93932,0.92459,0.89756,0.87052,0.84349,-0.91253,0.81645,0.80247,0.78096,0.75392,0.72689,0.69985,0.67282,0.64704,0.63352,0.61029,-0.91253,-0.91253,0.58326,0.55622,0.54228,0.52073,0.49667,0.48315,0.4582,0.43753,0.42402,0.4105,-0.91253,0.38722,0.36488,0.35136,0.33785,0.32433,0.31081,0.29729,0.29525,0.29525,0.29525,-0.91773,0.29525,0.29525,0.29525,0.29525,0.29525,0.29525,0.29831,0.31183,0.31383,0.31383,-0.93111,0.31383,0.31383,0.31383,0.31383,0.31383,0.31383,0.32201,0.33241,0.33241,0.33241,-0.93111,0.33241,0.33241,0.33241,0.34231,0.35099,0.35099,0.35099,0.35099,0.35099,0.35099,-0.93111,0.35099,0.35754,0.36957,0.36957,0.36957,0.36957,0.36957,0.36957,0.37784,0.38815,-0.93817,0.38815,0.38815,0.38815,0.38969,0.4032,0.40674,0.40674,0.40674,0.40674,0.40674,-0.9652,0.40999,0.4235,0.42532,0.42532,0.42532,0.42532,0.42532,0.43029,0.4438,0.4439,-1.0162,0.4439,0.4439,0.4439,0.4439,0.45059,0.46248,0.46248,0.46248,0.4675,0.48101,-1.0772,0.48106,0.48106,0.48106,0.48106,0.48106,0.48106,0.48106,0.48106,-0.91253,-1.1466,-1.2278,-1.2573,-1.2708,-1.2845,-1.3116,-1.3732,-1.4364,-1.4499,-1.5115,-0.90068,-1.5582,-1.591,-1.6586,-1.6951,-1.738,-1.8049,-1.8319,-1.885,-1.9381,-1.9516,-0.89395,-1.9772,-1.9972,-2.0186,-2.0862,-2.1537,-2.1626,-2.0829,-2.0693,-2.0471,-2.0237,-0.89395,-2.0102,-1.9967,-1.9761,-1.9511,-1.9376,-1.9136,-1.8919,-1.8781,-1.8511,-1.8328,-0.89395,-1.8156,-1.7885,-1.7737,-1.753,-1.726,-1.699,-1.6719,-1.6449,-1.6179,-1.5908,-0.89395,-1.5726,-1.5553,-1.5283,-1.5013,-1.4742,-1.4472,-1.4202,-1.3931,-1.3661,-1.3386,4.0,4.0
0.51846,0.55064,0.58515,-0.34846,-0.2686,-0.18641,-0.10889,-0.024366,0.039986,0.10434,0.16869,0.23304,0.29123,0.58515,0.3284,0.39276,0.45711,0.51996,0.55247,0.61682,0.68117,0.71535,0.77654,0.81305,0.58515,0.8719,0.91074,0.96726,1.0084,1.0406,1.0936,1.1383,1.1705,1.22,1.2682,0.58515,1.3004,1.3325,1.3647,1.3969,1.4291,1.4612,1.4854,1.4922,1.5188,1.5143,0.58515,1.4854,1.4832,1.4511,1.4189,1.3867,1.3545,1.2927,1.2283,1.164,1.0996,0.58515,1.0103,0.91374,0.81721,0.72069,0.62416,0.52763,0.4311,0.33457,0.22237,0.10817,0.58515,0.011645,-0.084884,-0.18141,-0.27794,-0.37447,-0.471,-0.56753,-0.65889,-0.72324,-0.79042,0.58515,-0.88528,-0.94964,-1.014,-1.0783,-1.1427,-1.207,-1.2434,-1.3024,-1.3411,-1.3978,0.58515,-1.4388,-1.471,-1.5031,-1.5353,-1.5488,-1.5488,-1.5325,-1.5003,-1.4541,-1.4026,0.58515,-1.3704,-1.3277,-1.2634,-1.199,-1.1347,-1.0703,-1.0013,-0.90829,-0.84394,-0.77842,0.5518,0.58515,-0.68189,-0.61754,-0.52218,-0.42565,-0.3578,-0.26594,-0.16941,-0.098054,-0.009695,0.063993,0.58515,0.12835,0.2132,0.29039,0.37292,0.45244,0.51679,0.59582,0.67884,0.74319,0.80754,0.58515,0.8719,0.93625,1.0006,1.065,1.1293,1.1895,1.2247,1.289,1.3527,1.3849,0.58515,1.4171,1.4797,1.5148,1.5469,1.5521,1.5779,1.5854,1.5619,1.5521,1.5309,0.59048,1.4987,1.4666,1.4167,1.3524,1.3034,1.2428,1.1593,1.0831,0.99727,0.91391,0.61849,0.79354,0.68984,0.56714,0.46578,0.33341,0.17503,0.046321,-0.082383,-0.21109,-0.33979,0.61849,-0.4685,-0.5972,-0.69823,-0.82127,-0.92463,-1.0212,-1.1407,-1.2476,-1.3441,-1.4406,0.61849,-1.5188,-1.6003,-1.6809,-1.7452,-1.7959,-1.8281,-1.8602,-1.8924,-1.9246,-1.9489,0.61849,-1.9423,-1.9156,-1.9113,-1.8791,-1.8449,-1.7814,-1.7492,-1.6852,-1.6208,-1.5565,0.61849,-1.4921,-1.4006,-1.3041,-1.2324,-1.1444,-1.0478,-0.9513,-0.85478,-0.75825,-0.66172,0.5518,0.61849,-0.56519,-0.46866,-0.37213,-0.27561,-0.17908,-0.08255,0.004309,0.077164,0.17369,0.26405,0.58798,0.33341,0.42993,0.52379,0.58815,0.65283,0.74936,0.81455,0.8789,0.94325,1.0076,0.58515,1.072,1.1363,1.2007,1.265,1.3074,1.3604,1.4247,1.4706,1.5027,1.5349,0.55697,1.5671,1.5854,1.5854,1.5739,1.5418,1.5188,1.5027,1.4452,1.4074,1.343,0.5518,1.2787,1.2143,1.15,1.0856,0.98926,0.89274,0.82588,0.73302,0.63649,0.53997,0.52596,0.44344,0.37075,0.3064,0.24205,0.17769,0.13251,0.082332,0.034818,0.002642,-0.029534,0.49379,-0.048373,-0.060543,-0.081716,-0.091552,-0.11506,-0.12256,-0.1484,-0.1484,-0.1484,-0.1484,0.46161,-0.1484,-0.1484,-0.1484,-0.1484,-0.1484,-0.1484,-0.1484,-0.1484,-0.1484,-0.17291,0.42943,-0.18175,-0.18175,-0.18175,-0.18175,-0.18175,-0.18175,-0.19808,-0.21509,-0.21509,-0.21509,0.37608,-0.21509,-0.21509,-0.21509,-0.22326,-0.24843,-0.28928,-0.49117,-0.55202,0.5518,0.33174,0.28072,0.23404,0.18536,0.12101,0.042487,-0.041038,-0.10539,-0.16974,-0.2436,0.5518,-0.33179,-0.40331,-0.49384,-0.55819,-0.62621,-0.72024,-0.78459,-0.84894,-0.91329,-0.97765,0.5518,-1.042,-1.1063,-1.1707,-1.2085,-1.2661,-1.3062,-1.3384,-1.3706,-1.4028,-1.4349,0.5518,-1.4671,-1.4821,-1.4981,-1.5155,-1.5291,-1.5488,-1.5488,-1.5488,-1.5488,-1.5488,0.5518,-1.5421,-1.51,-1.4778,-1.4488,-1.4468,-1.4138,-1.3494,-1.3169,-1.2541,-1.1897,0.57464,-1.1537,-1.0943,-1.004,-0.9323,-0.86795,-0.78109,-0.68456,-0.6082,-0.52485,-0.42832,0.0,0.0
-2.2244,-2.1021,-1.7127,-0.92824,-0.91976,-0.91976,-0.91697,-0.90756,-0.90282,-0.90282,-0.8963,-0.88689,-0.87749,-1.6751,-0.86894,-0.86894,-0.86622,-0.85682,-0.84742,-0.83801,-0.83505,-0.83505,-0.82675,-0.81811,-1.6375,-0.81811,-0.81548,-0.80608,-0.80116,-0.80116,-0.79481,-0.78541,-0.776,-0.76728,-0.76728,-1.5998,-0.76474,-0.75533,-0.74593,-0.73653,-0.72712,-0.71772,-0.70832,-0.69832,-0.67952,-0.66317,-1.5622,-0.65376,-0.64436,-0.63496,-0.61937,-0.60056,-0.5898,-0.57989,-0.56109,-0.54228,-0.52347,-1.5301,-0.5089,-0.4995,-0.484,-0.46519,-0.45435,-0.44452,-0.42571,-0.40691,-0.3881,-0.37345,-1.5019,-0.36404,-0.34862,-0.32982,-0.31889,-0.30949,-0.30008,-0.29068,-0.28128,-0.27187,-0.26247,-1.4737,-0.25307,-0.24366,-0.22647,-0.20791,-0.19851,-0.18911,-0.1797,-0.16632,-0.14751,-0.13455,-1.4455,-0.12515,-0.10804,-0.089231,-0.070424,-0.051618,-0.032811,-0.014005,0.004802,0.017848,0.027251,-1.4173,0.044278,0.063,0.072403,0.083755,0.10256,0.11756,0.12696,0.13636,0.14577,0.15517,-1.9985,-1.3908,0.16457,0.17397,0.18338,0.19278,0.20218,0.21159,0.22099,0.23039,0.2398,0.2492,-1.372,0.2586,0.26623,0.26623,0.26987,0.27927,0.28868,0.29808,0.30011,0.30011,0.30011,-1.3532,0.30181,0.31121,0.32061,0.33002,0.334,0.334,0.34128,0.35069,0.35094,0.35255,-1.3344,0.36195,0.37136,0.38076,0.39016,0.39957,0.40897,0.41837,0.42778,0.43718,0.44658,-1.321,0.45599,0.46539,0.47479,0.4842,0.4936,0.503,0.51241,0.52181,0.53121,0.54062,-1.3116,0.55002,0.55942,0.56883,0.57823,0.58763,0.59704,0.60508,0.60508,0.6083,0.61771,-1.3022,0.62711,0.63651,0.64591,0.65532,0.65591,0.65718,0.66659,0.67599,0.68539,0.6898,-1.2928,0.6898,0.69666,0.70606,0.71546,0.72487,0.73427,0.74062,0.74062,0.74554,0.75494,-1.2834,0.76434,0.77375,0.78315,0.79255,0.80196,0.81136,0.82076,0.83017,0.83957,0.84897,-1.2756,0.85838,0.85922,0.86024,0.86964,0.87905,0.88845,0.89785,0.90726,0.91666,0.92606,-1.9703,-1.2756,0.93547,0.94487,0.95427,0.96368,0.97308,0.98248,0.99189,1.0013,1.0107,1.0201,-1.2756,1.0295,1.0389,1.0483,1.0577,1.0625,1.0625,1.069,1.0784,1.0795,1.0795,-1.2756,1.0795,1.0821,1.0915,1.0964,1.0964,1.0964,1.0964,1.1046,1.1134,1.1134,-1.2756,1.1134,1.1134,1.1178,1.1272,1.1303,1.1303,1.1303,1.1303,1.1303,1.1328,-1.2756,1.1422,1.1473,1.1473,1.1534,1.1628,1.1642,1.1647,1.1741,1.1811,1.1811,-1.2756,1.1854,1.1948,1.1981,1.1981,1.206,1.215,1.215,1.2173,1.2267,1.232,-1.2756,1.232,1.238,1.2474,1.2489,1.2492,1.2586,1.2681,1.2775,1.2909,1.3097,-1.2756,1.3226,1.332,1.3492,1.368,1.3868,1.4056,1.4244,1.4432,1.462,1.4809,-1.2756,1.4997,1.5185,1.5373,1.5561,1.5749,1.5937,1.6086,1.618,1.6274,1.6368,-1.2756,1.6462,1.6556,1.665,1.6744,1.6838,1.6894,1.6894,1.6951,-1.9384,-1.2756,-1.2756,-1.2756,-1.2756,-1.2756,-1.2756,-1.2666,-1.2586,-1.2586,-1.2586,-1.9007,-1.2586,-1.2535,-1.244,-1.2346,-1.2252,-1.2247,-1.2234,-1.214,-1.2078,-1.2078,-1.8631,-1.2027,-1.1933,-1.1839,-1.1745,-1.1739,-1.1726,-1.1632,-1.1538,-1.1444,-1.14,-1.8255,-1.14,-1.1332,-1.1238,-1.1144,-1.1049,-1.0955,-1.0892,-1.0892,-1.0843,-1.0749,-1.7879,-1.0655,-1.0561,-1.0467,-1.0373,-1.0279,-1.0214,-1.0214,-1.0166,-1.0072,-0.99779,-1.7503,-0.98838,-0.97898,-0.96958,-0.96017,-0.95365,-0.95365,-0.94891,-0.9395,-0.93671,-0.93671,3.0,5.0
0.44862,0.49514,0.41241,1.6615,1.7236,1.7857,1.8478,1.9099,1.9692,1.9978,2.0599,2.122,2.1503,0.3811,2.1503,2.1008,2.0388,1.9767,1.8784,1.8081,1.718,1.596,1.508,1.3838,0.37621,1.2596,1.1354,1.0196,0.92327,0.79909,0.6749,0.58692,0.46274,0.35738,0.25058,0.34,0.16079,0.038414,-0.049564,-0.13754,-0.2324,-0.3135,-0.40148,-0.49109,-0.55318,-0.61527,0.34,-0.67736,-0.73946,-0.80155,-0.89984,-0.96194,-1.024,-1.0499,-1.112,-1.1741,-1.2,0.34,-1.2621,-1.2892,-1.3501,-1.4121,-1.4703,-1.5001,-1.5622,-1.6243,-1.6864,-1.7123,0.34,-1.7744,-1.8365,-1.8986,-1.9212,-1.8953,-1.8332,-1.7711,-1.709,-1.6426,-1.5486,0.3038,-1.4866,-1.4245,-1.3269,-1.2641,-1.202,-1.1399,-1.0778,-1.0157,-0.95361,-0.85586,0.3038,-0.79322,-0.73113,-0.66433,-0.57074,-0.50865,-0.4366,-0.34826,-0.24996,-0.15166,-0.048478,0.3038,0.044931,0.10702,0.16912,0.23121,0.2933,0.35539,0.41748,0.47958,0.54167,0.60376,0.48483,0.29294,0.66585,0.72794,0.79004,0.85213,0.91422,0.97631,1.0384,1.1005,1.1626,1.1885,0.26759,1.2506,1.2813,1.3385,1.4006,1.4627,1.5248,1.5869,1.649,1.7111,1.7732,0.26759,1.8353,1.8963,1.8342,1.7721,1.71,1.6479,1.5858,1.5237,1.4624,1.4091,0.26759,1.3375,1.2754,1.2133,1.115,1.0529,0.98989,0.8925,0.8304,0.76831,0.70622,0.26759,0.64413,0.58204,0.51994,0.45785,0.39576,0.29746,0.20315,0.13707,0.038776,-0.023316,0.26759,-0.085408,-0.1475,-0.20959,-0.27168,-0.33378,-0.39587,-0.45796,-0.52005,-0.58214,-0.64424,0.26759,-0.70633,-0.76842,-0.83051,-0.89097,-0.91849,-0.98058,-1.0427,-1.072,-1.1307,-1.1927,0.26759,-1.253,-1.2807,-1.3428,-1.4049,-1.467,-1.4838,-1.4217,-1.3616,-1.3338,-1.2717,0.26687,-1.2096,-1.1806,-1.1216,-1.0595,-0.99742,-0.93533,-0.87323,-0.81114,-0.74905,-0.68696,0.20478,-0.62487,-0.56277,-0.50068,-0.43859,-0.3765,-0.31441,-0.25231,-0.19022,-0.12813,-0.037617,0.48483,0.17889,0.03226,0.094352,0.15644,0.21854,0.28063,0.34272,0.40481,0.4669,0.529,0.59109,0.1168,0.65318,0.71527,0.77736,0.81067,0.86534,0.92743,0.95549,1.0154,1.0641,1.1034,0.054707,1.1655,1.2276,1.273,1.2109,1.1488,1.1003,1.0609,0.99876,0.93667,0.87457,-0.007385,0.81248,0.75039,0.6883,0.62621,0.56411,0.53823,0.47614,0.44862,0.38816,0.34,-0.069477,0.30018,0.23809,0.17599,0.1139,0.086567,0.062129,0.050362,0.050362,0.050362,0.050362,-0.16777,0.050362,0.050362,0.025743,0.014157,0.014157,0.014157,-0.005394,-0.022048,-0.022048,-0.022048,-0.22987,-0.022048,-0.058254,-0.058254,-0.058254,-0.067667,-0.094459,-0.094459,-0.094459,-0.13066,-0.13066,-0.32816,-0.13066,-0.16687,-0.16687,-0.16687,-0.16687,-0.16687,-0.16687,-0.16687,-0.20307,-0.20307,-0.39026,-0.20307,-0.20307,-0.20307,-0.20307,-0.20307,-0.20307,-0.20307,-0.23928,-0.23928,-0.24417,-0.45235,-0.27549,-0.27549,-0.28562,-0.31169,-0.31169,-0.31169,-0.31169,-0.31169,0.48483,-0.55065,-0.61274,-0.67592,-0.77313,-0.83522,-0.89731,-0.9594,-1.0215,-1.0836,-1.1457,0.44862,-1.2078,-1.2699,-1.332,-1.394,-1.4341,-1.482,-1.5456,-1.6424,-1.7045,-1.7733,0.44862,-1.8649,-1.927,-1.9891,-2.0495,-2.022,-1.9599,-1.8978,-1.803,-1.6788,-1.5908,0.44862,-1.4304,-1.3062,-1.1821,-1.0508,-0.89749,-0.75068,-0.61292,-0.45253,-0.32834,-0.1866,0.42255,-0.043772,0.080412,0.2046,0.31629,0.41459,0.47668,0.57498,0.63707,0.73247,0.79746,0.41241,0.85955,0.95785,1.0199,1.1,1.1879,1.2786,1.3639,1.439,1.5373,1.5994,0.0,0.0
-0.12665,-0.17704,-0.20684,1.1497,1.2253,1.3008,1.3764,1.4514,1.5018,1.5764,1.6293,1.6797,1.7105,-0.20684,1.7538,1.7876,1.8128,1.838,1.8394,1.8142,1.789,1.7638,1.7387,1.7093,-0.20684,1.6615,1.6352,1.5848,1.5344,1.4841,1.4337,1.3631,1.2875,1.212,1.1364,-0.20684,1.0468,0.946,0.84523,0.73503,0.60907,0.48311,0.35715,0.23119,0.10522,-0.020737,-0.21205,-0.1467,-0.27266,-0.3763,-0.49786,-0.60457,-0.72305,-0.83284,-0.91898,-1.0077,-1.0969,-0.23357,-1.1624,-1.2128,-1.2632,-1.3136,-1.3601,-1.3853,-1.4105,-1.4357,-1.4608,-1.486,-0.23357,-1.4898,-1.5097,-1.5349,-1.5601,-1.57,-1.5837,-1.6089,-1.6341,-1.6502,-1.6427,-0.23357,-1.6175,-1.5878,-1.5404,-1.5138,-1.4634,-1.3879,-1.3359,-1.2635,-1.2084,-1.1391,-0.23357,-1.0635,-0.9721,-0.88563,-0.81005,-0.72325,-0.63217,-0.54844,-0.44767,-0.35198,-0.27286,-0.25783,-0.17209,-0.071323,0.029447,0.13022,0.23099,0.33176,0.41301,0.50657,0.5909,0.68138,-0.20377,-0.2603,0.76878,0.84436,0.91993,0.99551,1.0639,1.1199,1.1914,1.2444,1.3189,1.3693,-0.2603,1.4196,1.47,1.4988,1.5441,1.5759,1.6011,1.6263,1.6514,1.6642,1.6642,-0.2603,1.6549,1.6297,1.6045,1.5793,1.5509,1.5022,1.4768,1.4265,1.3761,1.3257,-0.2603,1.2753,1.2057,1.1302,1.0546,0.97901,0.8904,0.78963,0.6789,0.55294,0.42698,-0.27687,0.30102,0.17505,0.051365,-0.05014,-0.1761,-0.30206,-0.40517,-0.50594,-0.60671,-0.70748,-0.28703,-0.80825,-0.90902,-0.99616,-1.0838,-1.174,-1.2496,-1.3177,-1.374,-1.4408,-1.4689,-0.28703,-1.5179,-1.5431,-1.5683,-1.5466,-1.5214,-1.4962,-1.4522,-1.4191,-1.3939,-1.3545,-0.28703,-1.3041,-1.2537,-1.2033,-1.1529,-1.096,-1.0254,-0.97157,-0.89405,-0.79328,-0.69251,-0.28703,-0.59174,-0.49097,-0.36922,-0.24326,-0.1173,0.008665,0.13463,0.26059,0.37479,0.48578,-0.28703,0.60306,0.70383,0.79898,0.87456,0.95014,1.0257,1.1013,1.1769,1.2524,1.3064,-0.20684,-0.28703,1.3568,1.4072,1.4406,1.4813,1.5177,1.5429,1.5681,1.5933,1.6185,1.6437,-0.28703,1.6595,1.6343,1.6092,1.584,1.5588,1.5099,1.4817,1.4358,1.3854,1.335,-0.28703,1.2847,1.2198,1.1442,1.0686,0.99304,0.90911,0.81516,0.7343,0.63353,0.53276,-0.28703,0.43266,0.35708,0.25718,0.1792,0.10362,0.047757,-0.002628,-0.053013,-0.088296,-0.11349,-0.28583,-0.13868,-0.16387,-0.18907,-0.21426,-0.23945,-0.26464,-0.28703,-0.2883,-0.31349,-0.31376,-0.26063,-0.31376,-0.29191,-0.28703,-0.28703,-0.28703,-0.28703,-0.27286,-0.2603,-0.2603,-0.25074,-0.2603,-0.23357,-0.22709,-0.20684,-0.20684,-0.20684,-0.20651,-0.18131,-0.18011,-0.18011,-0.20103,-0.2603,-0.20684,-0.20684,-0.20684,-0.22161,-0.23357,-0.23357,-0.23357,-0.24219,-0.2603,-0.2603,-0.28208,-0.2603,-0.2603,-0.2603,-0.2603,-0.23571,-0.23357,-0.23357,-0.23357,-0.21513,-0.20684,-0.30728,-0.20684,-0.19301,-0.18011,-0.18011,-0.18011,-0.18011,-0.18011,-0.18011,-0.20684,-0.33247,-0.35766,-0.39849,-0.43477,-0.47253,-0.52291,-0.5733,-0.62368,-0.68048,-0.75118,-0.20684,-0.80157,-0.85195,-0.9026,-0.97818,-1.0298,-1.0802,-1.1306,-1.181,-1.2314,-1.2818,-0.20684,-1.3174,-1.3558,-1.3946,-1.4198,-1.4449,-1.4701,-1.4844,-1.4592,-1.4316,-1.3821,-0.20684,-1.3569,-1.3072,-1.2568,-1.2064,-1.1361,-1.0789,-1.0117,-0.93608,-0.84674,-0.7582,-0.20684,-0.67193,-0.58032,-0.49712,-0.39635,-0.30013,-0.22154,-0.12077,-0.020002,0.080767,0.15795,-0.20684,0.25558,0.35635,0.43814,0.53116,0.63193,0.71833,0.80674,0.89621,0.97179,1.0556,0.0,0.0
1.6814,1.7466,1.7716,-0.25564,-0.27669,-0.29562,-0.32003,-0.34444,-0.36885,-0.39326,-0.41767,-0.44208,-0.47021,1.7594,-0.49975,-0.52416,-0.55353,-0.58183,-0.60907,-0.6395,-0.66462,-0.69716,-0.72158,-0.75483,1.7422,-0.78455,-0.8125,-0.83691,-0.86132,-0.88573,-0.91015,-0.93456,-0.95667,-0.97453,-0.9901,1.7261,-1.011,-1.0301,-1.0442,-1.0564,-1.0768,-1.0897,-1.1019,-1.1141,-1.1263,-1.1385,1.7111,-1.1507,-1.1629,-1.1666,-1.1785,-1.1907,-1.1941,-1.2063,-1.2185,-1.2307,-1.2374,1.6867,-1.2462,-1.2551,-1.2618,-1.2652,-1.2728,-1.2807,-1.2841,-1.2963,-1.2997,-1.3119,1.6711,-1.3241,-1.3274,-1.3347,-1.343,-1.3524,-1.3586,-1.3701,-1.3741,-1.3863,-1.3966,1.6467,-1.4019,-1.4141,-1.4263,-1.432,-1.4419,-1.4541,-1.4507,-1.4385,-1.4263,-1.4141,1.6223,-1.4054,-1.3985,-1.3863,-1.3741,-1.3619,-1.3524,-1.3464,-1.3342,-1.322,-1.3097,1.5979,-1.3064,-1.2942,-1.282,-1.2698,-1.2576,-1.2462,-1.242,-1.2374,-1.2286,-1.2231,1.7588,1.5734,-1.2197,-1.2109,-1.2041,-1.1919,-1.1843,-1.1764,-1.1642,-1.1578,-1.1486,-1.1364,1.549,-1.1242,-1.112,-1.0998,-1.0876,-1.0754,-1.0632,-1.0502,-1.0299,-1.0177,-0.99665,1.5214,-0.98444,-0.97224,-0.95118,-0.93898,-0.92677,-0.91457,-0.90236,-0.88131,-0.86911,-0.8569,1.4914,-0.84469,-0.82559,-0.81144,-0.79923,-0.78703,-0.77482,-0.76262,-0.75041,-0.73431,-0.71715,1.467,-0.70495,-0.69274,-0.68054,-0.66833,-0.65613,-0.63508,-0.62287,-0.61066,-0.59634,-0.57741,1.4381,-0.5652,-0.553,-0.54079,-0.53743,-0.52522,-0.51302,-0.50329,-0.49745,-0.48525,-0.47304,1.4093,-0.46083,-0.45747,-0.45022,-0.44191,-0.43855,-0.43253,-0.42369,-0.41962,-0.40741,-0.40405,1.3826,-0.39715,-0.38848,-0.38831,-0.38176,-0.3784,-0.3662,-0.35399,-0.35063,-0.33842,-0.33506,1.3516,-0.32286,-0.31755,-0.30729,-0.29986,-0.29172,-0.27952,-0.25528,-0.22857,-0.21248,-0.18806,1.3184,-0.16011,-0.12155,-0.09714,-0.072729,-0.035581,-0.006217,0.018195,0.042606,0.075862,0.10027,1.7698,1.2904,0.11584,0.13689,0.15582,0.17015,0.18235,0.20252,0.20676,0.21897,0.23118,0.2471,1.2607,0.26443,0.27664,0.2938,0.30989,0.33094,0.34315,0.36491,0.38525,0.40489,0.42045,1.226,0.43956,0.44309,0.45512,0.47387,0.47953,0.49174,0.49616,0.50731,0.51385,0.5227,1.1942,0.52623,0.53844,0.55065,0.55808,0.56621,0.57223,0.58461,0.59398,0.60619,0.6184,1.1698,0.6306,0.64281,0.65501,0.66722,0.67942,0.69163,0.70808,0.72489,0.74134,0.76699,1.1365,0.78804,0.80909,0.83474,0.85367,0.88568,0.91009,0.94335,0.9736,1.001,1.0291,1.1121,1.0587,1.0903,1.1026,1.1314,1.1592,1.1896,1.2066,1.2432,1.2628,1.2961,1.0789,1.3258,1.3451,1.3838,1.4091,1.4358,1.4647,1.4857,1.5179,1.5367,1.5577,1.0544,1.5734,1.591,1.6032,1.6154,1.6276,1.6398,1.652,1.6642,1.6764,1.6886,1.03,1.7008,1.713,1.7252,1.7374,1.7496,1.7618,1.774,1.7863,1.7744,1.0021,0.96352,0.9476,0.92354,0.89913,0.88356,0.86339,0.84358,0.82802,0.80909,1.7866,0.79688,0.77583,0.76363,0.74258,0.73037,0.7102,0.69711,0.67907,0.66386,0.65165,1.7988,0.63945,0.62724,0.61504,0.56957,0.50855,0.47847,0.46609,0.42134,0.40913,0.35376,1.8052,0.31396,0.30176,0.29203,0.25541,0.21207,0.18218,0.15228,0.14892,0.13671,0.12398,1.796,0.089306,0.082407,0.053927,0.049151,0.004397,-0.021253,-0.058223,-0.10528,-0.10917,-0.12137,1.7838,-0.12474,-0.13694,-0.14915,-0.15251,-0.16471,-0.17692,-0.18913,-0.20894,-0.22238,-0.24007,1.0,1.0
-2.3138,-2.1794,-1.8416,-0.67198,-0.67989,-0.6878,-0.69571,-0.70362,-0.71512,-0.73094,-0.73933,-0.74724,-0.75515,-1.8131,-0.76306,-0.77409,-0.78991,-0.79877,-0.81244,-0.83616,-0.83976,-0.8424,-0.85031,-0.85822,-1.7894,-0.86373,-0.86373,-0.8575,-0.85174,-0.85174,-0.84575,-0.83976,-0.83976,-0.83401,-0.82442,-1.7587,-0.8086,-0.76522,-0.7156,-0.69187,-0.66815,-0.64442,-0.62069,-0.59696,-0.57227,-0.54063,-1.7299,-0.51379,-0.48934,-0.4577,-0.42606,-0.3949,-0.37118,-0.34313,-0.31173,-0.28801,-0.26428,-1.7062,-0.24055,-0.21682,-0.19309,-0.16936,-0.14563,-0.1219,-0.098174,-0.074446,-0.054072,-0.038253,-1.6825,-0.015243,0.005369,0.021189,0.037008,0.052827,0.068646,0.077754,0.0883,0.10412,0.11347,-1.6614,0.12138,0.12929,0.13096,0.13312,0.14103,0.14295,0.14295,0.14295,0.14295,0.14127,-1.6456,0.13336,0.13096,0.12953,0.12162,0.11371,0.1058,0.097888,0.089978,0.082069,0.074159,-1.6298,0.061456,0.045637,0.029817,0.018552,0.010163,-0.005656,-0.030104,-0.061023,-0.068933,-0.080917,-2.0986,-1.6139,-0.096736,-0.096736,-0.096736,-0.096736,-0.096736,-0.096736,-0.096736,-0.089306,-0.084752,-0.084752,-1.5981,-0.077562,-0.069652,-0.061742,-0.046882,-0.033939,-0.026029,-0.011409,0.025503,0.1046,0.13192,-1.5885,0.15014,0.17387,0.1976,0.22133,0.24505,0.26878,0.29251,0.31624,0.34572,0.374,-1.5806,0.38982,0.41116,0.43488,0.45861,0.48234,0.50487,0.52069,0.54154,0.56431,0.58013,-1.5727,0.59595,0.61177,0.62759,0.64341,0.65923,0.67505,0.68655,0.6947,0.71052,0.72227,-1.5648,0.73018,0.73809,0.746,0.75391,0.75415,0.75774,0.76565,0.76613,0.76613,0.76613,-1.5569,0.76613,0.76925,0.77716,0.77116,0.76613,0.76613,0.76613,0.76613,0.76613,0.75966,-1.549,0.75175,0.74384,0.74216,0.74,0.73209,0.72418,0.71628,0.70837,0.70046,0.69255,-1.5411,0.68464,0.67673,0.66882,0.66091,0.653,0.64509,0.63718,0.62927,0.62136,0.61345,-1.5348,0.59595,0.57438,0.57438,0.57438,0.57438,0.57438,0.57438,0.57462,0.58253,0.58637,-2.0749,-1.5348,0.58637,0.59428,0.60219,0.61009,0.618,0.62951,0.64533,0.72059,0.77284,0.78866,-1.5348,0.80448,0.82341,0.84714,0.86392,0.87974,0.89556,0.91809,0.94182,0.96555,0.9828,-1.5363,1.001,1.0247,1.0422,1.0602,1.084,1.1017,1.1175,1.1333,1.1491,1.1633,-1.5442,1.1712,1.1846,1.199,1.2069,1.2148,1.2227,1.2306,1.2385,1.2465,1.2544,-1.5468,1.2575,1.2582,1.2661,1.2695,1.2695,1.2695,1.2695,1.2695,1.2695,1.2695,-1.5468,1.2695,1.2695,1.2695,1.2695,1.2695,1.2695,1.2695,1.2695,1.2695,1.2695,-1.5468,1.2623,1.2575,1.2575,1.2575,1.2604,1.2683,1.2695,1.2721,1.28,1.2879,-1.5418,1.2958,1.3037,1.3179,1.3315,1.3395,1.3534,1.3692,1.385,1.3951,1.4047,-1.5348,1.4205,1.4363,1.4507,1.4586,1.4665,1.4744,1.4823,1.4953,1.5101,1.518,-1.5348,1.5259,1.5331,1.5331,1.5377,1.5456,1.5535,1.5571,1.5571,-2.0435,-1.5348,-1.5341,-1.5262,-1.5183,-1.5104,-1.5025,-1.4946,-1.4867,-1.4788,-1.4668,-2.0118,-1.451,-1.4351,-1.4193,-1.4035,-1.38,-1.3599,-1.3441,-1.3208,-1.2971,-1.2734,-1.9802,-1.2496,-1.2228,-1.1911,-1.1665,-1.1427,-1.119,-1.102,-1.0835,-1.0598,-1.0425,-1.9411,-1.0243,-1.0006,-0.98309,-0.96512,-0.94139,-0.92365,-0.90591,-0.88218,-0.85846,-0.8364,-1.9049,-0.82059,-0.79925,-0.77696,-0.76114,-0.74532,-0.7295,-0.71369,-0.7029,-0.69403,-0.67821,-1.8733,-0.67198,-0.67126,-0.66335,-0.66,-0.66,-0.66,-0.66,-0.66024,-0.66815,-0.67198,5.0,5.0
-2.1075,-2.0222,-1.8632,-0.48385,-0.46852,-0.45578,-0.44305,-0.43031,-0.41757,-0.41521,-0.40248,-0.39566,-0.39566,-1.8377,-0.38528,-0.3879,-0.39566,-0.403,-0.40603,-0.41809,-0.43083,-0.44356,-0.4563,-0.47941,-1.8198,-0.49215,-0.50488,-0.52545,-0.54073,-0.56436,-0.63169,-0.66193,-0.67467,-0.67578,-0.67939,-1.7972,-0.68616,-0.68616,-0.68616,-0.68349,-0.67578,-0.67578,-0.67578,-0.67405,-0.66541,-0.66541,-1.7717,-0.65659,-0.65423,-0.64466,-0.61151,-0.58241,-0.57216,-0.55943,-0.54669,-0.53396,-0.52122,-1.7505,-0.50849,-0.49209,-0.47264,-0.4599,-0.43679,-0.42134,-0.40095,-0.38077,-0.3553,-0.3402,-1.7311,-0.31473,-0.29577,-0.27417,-0.2487,-0.22644,-0.20813,-0.18266,-0.15719,-0.13172,-0.10625,-1.7057,-0.080775,-0.055304,-0.029834,-0.004363,0.021108,0.038149,0.061674,0.087145,0.11262,0.13809,-1.6906,0.1537,0.17681,0.19375,0.21266,0.23432,0.2485,0.26451,0.28435,0.29708,0.30982,-1.6651,0.32255,0.3306,0.33765,0.35039,0.35275,0.36172,0.36784,0.3721,0.3721,0.3721,-2.0094,-1.6453,0.36691,0.36172,0.35181,0.34945,0.33672,0.32398,0.30227,0.28718,0.26503,0.24661,-1.6245,0.22114,0.20604,0.18296,0.17022,0.15038,0.13438,0.11874,0.088157,0.075421,0.062686,-1.6095,0.050469,0.050469,0.050469,0.04287,0.040094,0.050469,0.050469,0.050469,0.050469,0.050469,-1.5943,0.053841,0.060844,0.060844,0.060922,0.071219,0.071219,0.078378,0.081594,0.091969,0.095834,-1.5736,0.10857,0.15565,0.17554,0.19121,0.21139,0.22412,0.24687,0.27034,0.28744,0.31291,-1.5609,0.33838,0.36385,0.38932,0.41479,0.44026,0.46586,0.50158,0.52705,0.55252,0.58756,-1.5482,0.61383,0.6393,0.66478,0.69025,0.72609,0.75156,0.77703,0.8025,0.81791,0.84307,-1.5354,0.86854,0.88724,0.90911,0.93346,0.9462,0.96477,0.98204,1.0052,1.0179,1.0355,-1.5227,1.0537,1.0665,1.0792,1.0919,1.1047,1.1174,1.1198,1.1295,1.1349,1.1398,-1.51,1.1398,1.1398,1.1354,1.1295,1.1203,1.1076,1.0948,1.0703,1.0486,1.0253,-1.9967,-1.5058,0.99979,0.97431,0.94884,0.92337,0.8979,0.87243,0.84696,0.82149,0.80639,0.78401,-1.496,0.76583,0.74036,0.73522,0.72269,0.70996,0.69722,0.69372,0.6925,0.68335,0.68335,-1.5058,0.67505,0.67297,0.67297,0.67798,0.68335,0.68335,0.68506,0.69372,0.69372,0.70251,-1.5058,0.71447,0.71761,0.73584,0.7456,0.75582,0.77893,0.79166,0.8598,0.90013,0.92451,-1.5058,0.95725,0.99021,1.0197,1.0471,1.0726,1.0981,1.1384,1.1698,1.1953,1.2166,-1.5058,1.2358,1.2613,1.2764,1.2987,1.3114,1.332,1.3472,1.36,1.3727,1.3855,-1.5078,1.3982,1.4109,1.4237,1.4304,1.4388,1.4411,1.4511,1.4562,1.4615,1.4615,-1.5205,1.4615,1.4615,1.468,1.4719,1.4719,1.4719,1.4719,1.4719,1.4615,1.4615,-1.5399,1.4615,1.4544,1.4511,1.4407,1.4407,1.4346,1.4304,1.4308,1.4435,1.4563,-1.5473,1.469,1.4817,1.5048,1.5218,1.5473,1.5727,1.5878,1.6133,-1.984,-1.5473,-1.5473,-1.5473,-1.5473,-1.5369,-1.5369,-1.5321,-1.5265,-1.517,-1.5146,-1.9698,-1.5019,-1.4954,-1.4868,-1.4741,-1.4613,-1.4486,-1.4359,-1.4231,-1.4,-1.3873,-1.9443,-1.3678,-1.3514,-1.3283,-1.3121,-1.2925,-1.2716,-1.2463,-1.231,-1.2055,-1.1801,-1.925,-1.1546,-1.1291,-1.1037,-1.0782,-1.0527,-1.0272,-1.0018,-0.9763,-0.9431,-0.91498,-1.9038,-0.88951,-0.86404,-0.83857,-0.8131,-0.78763,-0.76216,-0.73669,-0.71944,-0.69612,-0.67322,-1.8887,-0.65555,-0.63737,-0.61499,-0.59989,-0.57841,-0.56568,-0.54423,-0.52983,-0.5171,-0.50436,5.0,5.0
0.86222,0.75439,0.65162,0.48314,0.02487,-0.26829,-0.34916,-0.43003,-0.50247,-0.55639,-0.63052,-0.70634,-0.76025,0.65162,-0.79732,-0.82596,-0.87987,-0.92031,-0.94726,-0.97422,-0.99107,-0.99107,-0.99107,-0.99107,0.65162,-0.99107,-0.97254,-0.94895,-0.94895,-0.91862,-0.86471,-0.81079,-0.75688,-0.70297,-0.64905,0.63814,-0.58672,-0.50584,-0.42497,-0.3441,-0.26323,-0.16551,-0.057686,0.050142,0.15797,0.2658,0.61118,0.34835,0.43933,0.54716,0.65499,0.76282,0.87064,0.95994,1.0408,1.1217,1.2026,0.6095,1.2834,1.3643,1.4334,1.4873,1.5412,1.5951,1.649,1.6827,1.7046,1.7046,0.6095,1.7215,1.7467,1.7467,1.7333,1.7063,1.553,1.4115,1.3036,1.2396,1.1587,0.6095,0.997,0.89086,0.80999,0.72912,0.63309,0.52526,0.44439,0.18661,-0.29861,-0.43003,0.5876,-0.5109,-0.59177,-0.65242,-0.70634,-0.76025,-0.81416,-0.86639,-0.89335,-0.93379,-0.9877,0.51346,-1.0163,-1.0433,-1.0703,-1.0972,-1.1242,-1.1511,-1.1595,-1.1629,-1.1899,-1.2017,0.69374,0.29781,-1.2017,-1.2017,-1.1899,-1.1629,-1.1595,-1.1511,-1.1242,-1.0972,-1.0652,-1.0113,0.19335,-0.97422,-0.94558,-0.89167,-0.85123,-0.82427,-0.77204,-0.71813,-0.66422,-0.5884,-0.51427,0.13944,-0.46035,-0.38791,-0.30704,-0.22617,-0.1453,-0.064425,0.016446,0.10911,0.21694,0.30118,0.085523,0.38205,0.46292,0.54379,0.62466,0.70553,0.76955,0.82515,0.90602,0.9869,1.0678,0.016446,1.1234,1.1773,1.2312,1.2851,1.339,1.3929,1.4468,1.4974,1.5243,1.5513,-0.064425,1.5783,1.6052,1.6322,1.6591,1.6625,1.6709,1.6979,1.7046,1.6692,1.4805,-0.11834,1.3929,1.3576,1.1958,1.0745,0.99363,0.88749,0.78977,0.7089,0.62803,0.5539,-0.18405,0.49999,0.42754,0.35004,0.29612,-0.000402,-0.48563,-0.53954,-0.59345,-0.64737,-0.70128,-0.26492,-0.74677,-0.77373,-0.8209,-0.87482,-0.92873,-0.9658,-0.99444,-1.0484,-1.0888,-1.1157,-0.34579,-1.1427,-1.1697,-1.1966,-1.2236,-1.2505,-1.2775,-1.3044,-1.328,-1.328,-1.328,0.69374,-0.41823,-1.328,-1.355,-1.3702,-1.3702,-1.3702,-1.3786,-1.4055,-1.4123,-1.4123,-1.4123,-0.47215,-1.4123,-1.4123,-1.4123,-1.4123,-1.4123,-1.4123,-1.4123,-1.4123,-1.4123,-1.4123,-0.54628,-1.4123,-1.3937,-1.3668,-1.3398,-1.328,-1.328,-1.3011,-1.2741,-1.2472,-1.1966,-0.6221,-1.1511,-1.1242,-1.0972,-1.0652,-1.0113,-0.95737,-0.90514,-0.87819,-0.83775,-0.78384,-0.67601,-0.72992,-0.68612,-0.65916,-0.6103,-0.55639,-0.50247,-0.44856,-0.39802,-0.37106,-0.32894,-0.72992,-0.27503,-0.22111,-0.17899,-0.15203,-0.10149,-0.056001,-0.029044,-0.002087,0.02487,0.051827,-0.78384,0.078784,0.10574,0.1327,0.15965,0.18661,0.1883,0.17819,0.15123,0.14618,0.14618,-0.83775,0.14618,0.12764,0.10406,0.10406,0.088893,0.061936,0.061936,0.061936,0.061936,0.061936,-0.87819,0.053512,0.026555,0.019816,0.019816,0.019816,0.019816,0.019816,0.019816,0.019816,0.019816,-0.90514,0.019816,0.019816,0.019816,0.019816,0.026555,0.053512,0.043403,0.016446,0.67015,-0.9321,-0.95906,-0.98601,-0.99107,-0.99107,-0.99107,-0.97254,-0.94221,-0.8883,-0.83438,0.65162,-0.78047,-0.72655,-0.66085,-0.57998,-0.47552,-0.36769,-0.25986,-0.13182,-0.002087,0.10574,0.65162,0.23042,0.36352,0.47134,0.59265,0.72743,0.86222,0.9869,1.0947,1.2026,1.3104,0.65162,1.4182,1.5075,1.5917,1.6996,1.7771,1.831,1.8849,1.9388,1.9927,2.0466,0.65162,2.0921,2.1191,2.1258,2.1258,2.1258,2.1258,2.1241,2.0972,1.9624,1.7198,0.65162,1.6288,1.5378,1.43,1.3222,1.2143,1.1065,0.98016,0.84537,0.71059,0.59097,2.0,2.0
-0.60792,-0.64798,-0.69344,-1.8943,-1.8642,-1.8342,-1.8042,-1.7733,-1.7332,-1.6932,-1.6531,-1.6131,-1.573,-0.69344,-1.533,-1.4929,-1.4528,-1.4128,-1.3727,-1.3327,-1.2926,-1.2498,-1.1998,-1.1582,-0.68731,-1.1182,-1.0781,-1.0381,-0.99803,-0.95798,-0.91793,-0.87788,-0.83783,-0.79778,-0.7666,-0.6773,-0.73193,-0.69227,-0.66223,-0.63219,-0.60408,-0.58405,-0.55633,-0.52975,-0.50972,-0.48969,-0.66729,-0.46967,-0.44964,-0.42962,-0.41611,-0.4061,-0.39609,-0.38607,-0.37606,-0.36605,-0.35604,-0.66494,-0.34602,-0.33601,-0.326,-0.31598,-0.30861,-0.30861,-0.3002,-0.29019,-0.28017,-0.26022,-0.66494,-0.24589,-0.23442,-0.2144,-0.19437,-0.17434,-0.15432,-0.13429,-0.11427,-0.093956,-0.063918,-0.66494,-0.033879,-0.003841,0.026198,0.056236,0.086275,0.11631,0.15547,0.19064,0.22132,0.26137,-0.66494,0.29501,0.32722,0.36728,0.39938,0.43312,0.47318,0.50375,0.53903,0.57808,0.60812,-0.66494,0.63816,0.67072,0.71078,0.74252,0.77256,0.8026,0.83264,0.86827,0.90697,0.93701,-0.66494,-0.66494,0.95992,0.98283,1.0129,1.0429,1.0685,1.0887,1.1188,1.1429,1.1629,1.1829,-0.66494,1.2029,1.2197,1.2297,1.2488,1.2688,1.2888,1.3088,1.3226,1.3346,1.3547,-0.67142,1.3668,1.3769,1.3869,1.4063,1.4212,1.4312,1.4412,1.4579,1.4755,1.4855,-0.68143,1.4955,1.5055,1.5155,1.5255,1.5355,1.5455,1.5556,1.5656,1.5756,1.5856,-0.69145,1.5871,1.5914,1.6013,1.6013,1.6072,1.614,1.6039,1.5939,1.5839,1.5739,-0.69344,1.5639,1.5492,1.5296,1.5196,1.5034,1.4834,1.4633,1.4433,1.4233,1.4033,-0.69722,1.3832,1.3582,1.3281,1.2981,1.2681,1.238,1.208,1.178,1.1441,1.104,-0.70723,1.0736,1.0382,0.99926,0.96922,0.93227,0.89489,0.86485,0.82637,0.79052,0.76048,-0.7077,0.73044,0.70041,0.66887,0.62882,0.59604,0.56903,0.549,0.52018,0.49014,0.46042,-0.71301,0.44039,0.42037,0.40034,0.38032,0.36029,0.34027,0.32024,0.30937,0.29936,0.28935,-0.66647,-0.72195,0.27933,0.26932,0.26152,0.26152,0.25354,0.24726,0.24726,0.24726,0.24726,0.2483,-0.72195,0.25831,0.26152,0.26152,0.26152,0.26986,0.27577,0.27577,0.27577,0.27577,0.27716,-0.72195,0.28717,0.29002,0.29002,0.29002,0.29002,0.29002,0.29002,0.29002,0.29601,0.30428,-0.72455,0.30428,0.30428,0.30428,0.30428,0.31333,0.31853,0.3191,0.32911,0.33278,0.33488,-0.73456,0.3449,0.35491,0.36492,0.37494,0.38495,0.39496,0.40497,0.41499,0.425,0.43501,-0.7362,0.44503,0.45504,0.46505,0.47506,0.48508,0.48957,0.49085,0.50086,0.50382,0.50382,-0.74034,0.50382,0.51241,0.51807,0.51807,0.51807,0.51807,0.51807,0.51807,0.51807,0.51807,-0.75035,0.51807,0.51807,0.51807,0.51807,0.51807,0.51807,0.51807,0.51807,0.52584,0.53233,-0.75046,0.53233,0.53233,0.53233,0.53233,0.53233,0.53233,0.53233,0.53233,0.54045,0.54658,-0.75612,0.54658,0.54658,0.552,0.56083,0.56083,0.56778,0.57509,0.57509,-0.67648,-0.76471,-0.76471,-0.77191,-0.78192,-0.79193,-0.79321,-0.7977,-0.80772,-0.81773,-0.82774,-0.67919,-0.83597,-0.83597,-0.84353,-0.8668,-0.91686,-0.93967,-0.95485,-0.96546,-0.98549,-1.0246,-0.67919,-1.0683,-1.0883,-1.1479,-1.2107,-1.2607,-1.2919,-1.3219,-1.3539,-1.404,-1.4406,-0.67919,-1.4706,-1.5006,-1.5307,-1.5728,-1.6329,-1.6635,-1.6936,-1.7263,-1.7763,-1.8051,-0.68803,-1.828,-1.858,-1.9139,-1.9565,-1.9769,-2.027,-2.0771,-2.1171,-2.1071,-2.0971,-0.69344,-2.087,-2.077,-2.058,-2.0428,-2.0322,-2.0122,-1.9922,-1.9722,-1.9521,-1.9243,4.0,4.0
-0.084861,-0.05898,-0.055782,1.34,1.2883,1.2365,1.1848,1.133,1.0681,0.9905,0.91286,0.83173,0.7285,-0.055782,0.65085,0.55024,0.44671,0.32662,0.21059,0.10706,-0.003438,-0.12906,-0.23259,-0.33611,-0.055782,-0.4629,-0.57224,-0.67576,-0.76562,-0.85373,-0.94998,-1.0276,-1.1044,-1.1562,-1.2079,-0.072357,-1.2597,-1.3114,-1.3492,-1.3751,-1.401,-1.4269,-1.4528,-1.4786,-1.4807,-1.5013,-0.098238,-1.5098,-1.4955,-1.4696,-1.4438,-1.4179,-1.392,-1.3661,-1.3402,-1.2934,-1.2416,-0.12412,-1.1899,-1.1381,-1.0864,-1.0297,-0.95202,-0.87437,-0.79673,-0.69786,-0.59434,-0.49081,-0.15,-0.37566,-0.24625,-0.12208,-0.016524,0.11288,0.21757,0.32109,0.42461,0.52814,0.61974,-0.17588,0.7061,0.8041,0.88407,0.9876,1.0661,1.1438,1.2214,1.299,1.3767,1.4453,-0.20234,1.4971,1.5488,1.6006,1.6271,1.6529,1.6788,1.7047,1.7181,1.7274,1.741,-0.2541,1.7181,1.7181,1.6925,1.6666,1.6407,1.6148,1.589,1.5631,1.5372,1.5113,-0.055782,-0.30587,1.4854,1.4596,1.4337,1.3883,1.3528,1.3139,1.272,1.2394,1.1877,1.1362,-0.37769,1.1103,1.0615,1.0097,0.95793,0.90617,0.85441,0.79567,0.72181,0.66946,0.59182,-0.43847,0.51418,0.43654,0.35889,0.28125,0.20361,0.12597,0.048323,-0.029319,-0.10696,-0.16105,-0.5039,-0.23317,-0.31081,-0.38845,-0.4661,-0.54374,-0.61702,-0.66994,-0.74759,-0.82523,-0.90287,-0.58154,-0.96307,-1.0291,-1.0957,-1.1474,-1.1945,-1.2219,-1.2736,-1.3013,-1.3271,-1.353,-0.65191,-1.3789,-1.4048,-1.4307,-1.4516,-1.4533,-1.4792,-1.4563,-1.4516,-1.4336,-1.4077,-0.70775,-1.3818,-1.3559,-1.3301,-1.3042,-1.2783,-1.2524,-1.205,-1.1716,-1.1457,-1.1079,-0.78539,-1.0561,-1.0044,-0.9526,-0.90084,-0.82407,-0.76823,-0.69786,-0.62022,-0.54257,-0.46493,-0.86303,-0.38729,-0.30965,-0.232,-0.12906,-0.025539,0.077985,0.18151,0.29754,0.41763,0.52726,-0.91712,0.65376,0.75728,0.8864,0.99341,1.0777,1.1554,1.233,1.3107,1.3819,1.4337,-0.055782,-0.96888,1.4854,1.5113,1.5599,1.5922,1.618,1.6439,1.6599,1.6532,1.6273,1.6015,-1.0206,1.5756,1.5497,1.5238,1.4979,1.4721,1.4462,1.4203,1.3944,1.368,1.3162,-1.0724,1.2644,1.2127,1.1609,1.0955,1.0283,0.96927,0.89163,0.81225,0.68284,0.60055,-1.1242,0.5229,0.44526,0.36762,0.30073,0.24141,0.16813,0.11404,0.01052,-0.045313,-0.076428,-1.1684,-0.11976,-0.15727,-0.18315,-0.20903,-0.23491,-0.26225,-0.31401,-0.34163,-0.40939,-0.43382,-1.1942,-0.43382,-0.43382,-0.43382,-0.43382,-0.43382,-0.43382,-0.43382,-0.41259,-0.40474,-0.41957,-1.2201,-0.43382,-0.43382,-0.43382,-0.43382,-0.43382,-0.43382,-0.43382,-0.45214,-0.4629,-0.4629,-1.246,-0.4629,-0.4629,-0.4629,-0.4629,-0.4629,-0.4629,-0.48151,-0.49198,-0.49198,-0.49198,-1.2719,-0.49198,-0.49198,-0.49198,-0.49198,-0.49198,-0.49198,-0.49198,-0.49198,-0.49198,-0.49198,-1.2771,-0.49488,-0.52076,-0.64901,-0.75602,-0.80196,-0.82785,-0.85373,-0.87961,-0.055782,-1.2946,-1.3062,-1.2952,-1.2771,-1.2725,-1.2466,-1.2207,-1.1948,-1.1689,-1.1431,-0.055782,-1.1172,-1.08,-1.0363,-1.0055,-0.95376,-0.902,-0.85024,-0.79848,-0.74671,-0.69495,-0.055782,-0.63156,-0.56235,-0.50535,-0.42975,-0.37798,-0.3015,-0.22386,-0.14622,-0.053455,0.038145,-0.055782,0.12451,0.22804,0.32923,0.40688,0.53453,0.64213,0.74565,0.84918,0.94049,1.0271,-0.055782,1.1249,1.1999,1.2516,1.3287,1.3842,1.4171,1.4587,1.4979,1.5145,1.5206,-0.055782,1.5436,1.5436,1.5436,1.5436,1.5244,1.4985,1.4726,1.4468,1.4145,1.3659,0.0,0.0
-0.68178,-0.71427,-0.75996,-1.401,-1.3577,-1.3144,-1.2762,-1.2434,-1.2001,-1.1568,-1.1135,-1.0702,-1.0269,-0.75996,-0.98629,-0.95381,-0.91257,-0.87321,-0.84072,-0.80824,-0.77575,-0.74327,-0.71079,-0.68468,-0.76481,-0.66146,-0.62897,-0.60407,-0.58242,-0.56076,-0.53911,-0.51745,-0.49579,-0.47414,-0.45248,-0.7756,-0.43122,-0.42039,-0.40956,-0.39713,-0.37548,-0.36144,-0.35062,-0.33979,-0.32896,-0.31813,-0.7756,-0.3073,-0.29648,-0.28565,-0.27482,-0.26399,-0.25317,-0.24234,-0.23151,-0.22068,-0.20985,-0.7756,-0.19903,-0.1882,-0.17737,-0.16654,-0.15571,-0.13961,-0.11795,-0.096298,-0.081131,-0.068623,-0.77685,-0.046967,-0.025311,-0.003656,0.018,0.048568,0.076947,0.098603,0.12026,0.14191,0.16408,-0.78768,0.19656,0.22252,0.24589,0.27838,0.31086,0.34334,0.37583,0.40831,0.44079,0.47328,-0.79123,0.50576,0.53824,0.57127,0.61459,0.65133,0.68381,0.7163,0.74878,0.78126,0.81375,-0.7937,0.83724,0.86308,0.89556,0.92805,0.95514,0.97679,0.99845,1.0267,1.0574,1.079,-0.72869,-0.80452,1.1007,1.1224,1.144,1.1657,1.1915,1.224,1.2463,1.2679,1.2896,1.3112,-0.80687,1.3329,1.3546,1.3762,1.39,1.4039,1.4255,1.4381,1.4532,1.4749,1.4862,-0.80687,1.4971,1.5079,1.5187,1.5296,1.5404,1.5512,1.562,1.5698,1.5698,1.5789,-0.80687,1.5897,1.6005,1.6011,1.6066,1.6167,1.6167,1.61,1.5991,1.5883,1.5775,-0.80687,1.5667,1.5558,1.5541,1.5498,1.539,1.5178,1.5017,1.4909,1.48,1.4624,-0.81176,1.4427,1.4319,1.4131,1.3915,1.3698,1.3481,1.3221,1.2896,1.2675,1.2403,-0.82251,1.2086,1.1869,1.1585,1.126,1.0935,1.061,1.0285,0.99606,0.9728,0.94673,-0.82251,0.91425,0.88176,0.85491,0.83243,0.79995,0.77431,0.75062,0.71813,0.6937,0.67205,-0.82251,0.65039,0.62874,0.60708,0.58543,0.57425,0.55775,0.53695,0.52613,0.50842,0.48883,-0.8238,0.47801,0.46718,0.45635,0.44552,0.4347,0.42387,0.41304,0.40221,0.39709,0.39619,-0.7299,-0.83462,0.38536,0.37454,0.36582,0.36582,0.35769,0.35018,0.35018,0.34084,0.33455,0.33455,-0.83814,0.32399,0.31891,0.31797,0.30715,0.30328,0.30113,0.2903,0.28764,0.28428,0.27345,-0.83814,0.272,0.272,0.272,0.272,0.272,0.27103,0.2602,0.25637,0.25637,0.25637,-0.83814,0.25637,0.25637,0.25637,0.25637,0.25637,0.25637,0.267,0.272,0.272,0.272,-0.84666,0.272,0.272,0.272,0.272,0.272,0.272,0.272,0.27666,0.28748,0.28764,-0.85749,0.28764,0.28764,0.28764,0.29472,0.30328,0.30328,0.31156,0.31891,0.31891,0.31891,-0.86832,0.3236,0.33443,0.33455,0.33455,0.33455,0.33455,0.33455,0.33455,0.33455,0.32622,-0.86941,0.31891,0.31891,0.31891,0.31891,0.31891,0.30816,0.30328,0.30328,0.30328,0.30328,-0.86941,0.30328,0.30328,0.30328,0.30328,0.30328,0.30328,0.29851,0.28768,0.28764,0.28764,-0.86977,0.28764,0.28764,0.28764,0.28764,0.28764,0.28764,0.29124,0.30206,-0.74073,-0.90225,-0.92246,-0.93329,-0.94411,-0.98434,-1.0385,-1.0926,-1.1211,-1.1427,-1.1644,-0.74433,-1.2251,-1.2752,-1.308,-1.3621,-1.4039,-1.435,-1.4567,-1.5005,-1.5495,-1.582,-0.74433,-1.6145,-1.6621,-1.7379,-1.7646,-1.8063,-1.8713,-1.9362,-2.0012,-2.0662,-2.1311,-0.74433,-2.1516,-2.1463,-2.1247,-2.1116,-2.1008,-2.09,-2.0792,-2.0633,-2.0419,-2.031,-0.75277,-2.014,-1.9923,-1.9706,-1.949,-1.9273,-1.9057,-1.884,-1.8585,-1.826,-1.7935,-0.75996,-1.761,-1.7286,-1.6961,-1.6636,-1.6311,-1.5986,-1.5586,-1.518,-1.4855,-1.4443,4.0,4.0
0.47206,0.44661,0.44477,1.741,1.7919,1.8428,1.8924,1.9179,1.9433,1.9688,1.9942,1.9809,1.9555,0.44477,1.9457,1.918,1.8791,1.8333,1.7653,1.7079,1.6316,1.5525,1.4507,1.3489,0.44477,1.2471,1.1226,0.99534,0.8681,0.74087,0.61363,0.48639,0.34748,0.1948,0.050091,0.44477,-0.083288,-0.23168,-0.35892,-0.48615,-0.61339,-0.71641,-0.8182,-0.89946,-0.9758,-1.0353,0.44477,-1.1012,-1.1644,-1.2153,-1.2662,-1.3171,-1.3622,-1.3916,-1.4403,-1.4658,-1.4912,0.44477,-1.5167,-1.5201,-1.5403,-1.5474,-1.5639,-1.5747,-1.5875,-1.602,-1.602,-1.5947,0.44477,-1.5747,-1.5711,-1.5456,-1.5202,-1.4693,-1.442,-1.3948,-1.3241,-1.2477,-1.1552,0.44477,-1.0534,-0.93917,-0.81193,-0.67589,-0.53016,-0.40292,-0.27241,-0.12115,0.006086,0.13333,0.46619,0.23737,0.36051,0.46824,0.57003,0.65599,0.74632,0.83597,0.91231,0.9802,1.0377,0.47206,1.1093,1.1602,1.2111,1.262,1.2882,1.3136,1.3391,1.3645,1.39,1.3999,0.44477,0.47206,1.4136,1.4272,1.4372,1.4545,1.4482,1.4228,1.3973,1.3711,1.3202,1.2693,0.48796,1.2184,1.1469,1.0517,0.94991,0.83297,0.70573,0.57849,0.44163,0.28895,0.14219,0.4853,0.010862,-0.13957,-0.26681,-0.39405,-0.52129,-0.64853,-0.75544,-0.85723,-0.97567,-1.0881,0.45985,-1.1899,-1.2806,-1.3569,-1.4332,-1.504,-1.5549,-1.6058,-1.6566,-1.6821,-1.7075,0.44477,-1.733,-1.7384,-1.7566,-1.7657,-1.7512,-1.7258,-1.7003,-1.6749,-1.6424,-1.5915,0.43624,-1.5406,-1.4897,-1.4388,-1.3879,-1.2903,-1.21,-1.114,-1.0122,-0.91044,-0.80865,0.41079,-0.69458,-0.57778,-0.46739,-0.34691,-0.24512,-0.1464,-0.068824,0.032967,0.10992,0.18627,0.38535,0.26261,0.33895,0.4153,0.47602,0.54069,0.61704,0.68328,0.73418,0.78507,0.83597,0.3599,0.88687,0.93776,0.98866,1.0151,1.0632,1.1141,1.146,1.1714,1.2122,1.2496,0.33445,1.2751,1.3005,1.326,1.3514,1.3769,1.4023,1.4272,1.4272,1.4031,1.3776,0.44477,0.309,1.3522,1.3453,1.3286,1.3031,1.2777,1.2522,1.2268,1.1937,1.1428,1.0919,0.25879,1.0411,0.98995,0.91361,0.83727,0.76092,0.68458,0.58995,0.5046,0.42826,0.35192,0.20789,0.27557,0.19923,0.13012,0.079223,0.028328,-0.022568,-0.073463,-0.12436,-0.17525,-0.20452,0.157,-0.24976,-0.28271,-0.30816,-0.31934,-0.31934,-0.30877,-0.29206,-0.29206,-0.28701,-0.26477,0.1061,-0.26477,-0.26477,-0.23979,-0.23748,-0.23748,-0.23748,-0.21987,-0.21019,-0.2241,-0.23748,0.055208,-0.23748,-0.23748,-0.23748,-0.24218,-0.26477,-0.26477,-0.26477,-0.26477,-0.26477,-0.26477,-0.011243,-0.26477,-0.26477,-0.26477,-0.26477,-0.26477,-0.25487,-0.23748,-0.23748,-0.23748,-0.23748,-0.087586,-0.23748,-0.23748,-0.23748,-0.23748,-0.23748,-0.23748,-0.23748,-0.23748,-0.23748,-0.23748,-0.15206,-0.23748,-0.23748,-0.23748,-0.23748,-0.23748,-0.23748,-0.23748,-0.23748,-0.23748,-0.23748,-0.21298,-0.23748,-0.23748,-0.22274,-0.21019,-0.21019,-0.21019,-0.20282,-0.1829,0.44477,-0.28933,-0.36567,-0.44201,-0.51836,-0.5947,-0.67104,-0.72296,-0.77386,-0.84549,-0.90294,0.44477,-0.95383,-1.0047,-1.0556,-1.095,-1.1301,-1.1732,-1.2046,-1.2514,-1.2768,-1.3023,0.44477,-1.3277,-1.3532,-1.3786,-1.404,-1.4295,-1.4215,-1.4109,-1.3979,-1.3725,-1.347,0.44477,-1.3141,-1.2632,-1.2084,-1.1321,-1.0556,-0.95383,-0.8283,-0.70106,-0.57382,-0.44658,0.44477,-0.31934,-0.17757,-0.037577,0.10051,0.24419,0.37143,0.49867,0.62243,0.72586,0.85309,0.44477,0.95509,1.0569,1.1587,1.2407,1.335,1.4207,1.4829,1.5461,1.6225,1.6901,0.0,0.0
0.72803,0.58552,0.52684,1.4322,1.4607,1.4892,1.5177,1.5462,1.5747,1.6032,1.6317,1.6334,1.6334,0.5151,1.6166,1.5881,1.5529,1.4959,1.4389,1.3819,1.3249,1.2528,1.1673,1.0768,0.4933,0.96275,0.87725,0.76827,0.65426,0.52684,0.39271,0.2787,0.16469,0.023856,-0.09686,0.4933,-0.22763,-0.35841,-0.47242,-0.58643,-0.70044,-0.81445,-0.92845,-1.0274,-1.1129,-1.1984,0.4933,-1.2839,-1.3409,-1.3744,-1.4029,-1.4314,-1.4599,-1.4851,-1.4851,-1.4583,-1.4298,0.4933,-1.4013,-1.3728,-1.3375,-1.2805,-1.2235,-1.1665,-1.1095,-1.0525,-0.98546,-0.90498,0.4933,-0.84798,-0.76247,-0.67696,-0.6099,-0.53948,-0.46236,-0.402,-0.31649,-0.23099,-0.16728,0.4933,-0.093506,-0.008,0.077507,0.16134,0.21834,0.3005,0.386,0.45642,0.52348,0.60899,0.4933,0.6945,0.78,0.84204,0.91748,0.98958,1.055,1.1371,1.1941,1.2511,1.3081,0.48827,1.3484,1.3886,1.4389,1.4674,1.4959,1.5244,1.5529,1.5814,1.6099,1.6334,0.56037,0.45977,1.6334,1.6049,1.5764,1.5479,1.5194,1.4825,1.4255,1.3685,1.3115,1.2545,0.45977,1.1975,1.1287,1.0432,0.95772,0.87222,0.78671,0.7012,0.60061,0.4866,0.37259,0.4363,0.25858,0.14457,0.030562,-0.083447,-0.21087,-0.345,-0.46236,-0.60487,-0.72056,-0.83456,0.4078,-0.93181,-1.0291,-1.1364,-1.2219,-1.3074,-1.3677,-1.4247,-1.4968,-1.5622,-1.5957,0.3793,-1.6527,-1.6812,-1.7098,-1.7383,-1.7668,-1.7869,-1.7902,-1.8187,-1.7936,-1.7651,0.35079,-1.7533,-1.7416,-1.7131,-1.6846,-1.6561,-1.6024,-1.5656,-1.522,-1.475,-1.4415,0.31894,-1.3845,-1.3275,-1.2705,-1.195,-1.1229,-1.0659,-1.0056,-0.92007,-0.86139,-0.78259,0.26193,-0.69708,-0.62331,-0.5596,-0.47577,-0.41877,-0.33661,-0.25111,-0.1656,-0.090153,-0.028119,0.23175,0.057388,0.14289,0.20493,0.28038,0.36588,0.44301,0.50336,0.58887,0.64755,0.70456,0.18146,0.77833,0.8521,0.9091,0.96611,1.0231,1.0801,1.1371,1.1941,1.2511,1.3031,0.56037,0.12445,1.3316,1.3886,1.4456,1.4842,1.5127,1.5496,1.6032,1.6317,1.6602,1.6451,0.067447,1.6166,1.5764,1.5261,1.4976,1.4691,1.4154,1.3786,1.335,1.278,1.226,0.003737,1.1975,1.1405,1.0835,1.0265,0.96946,0.91246,0.85545,0.79845,0.74144,0.68444,-0.080094,0.62743,0.57043,0.52013,0.48995,0.43295,0.37594,0.33906,0.29547,0.23846,0.18146,-0.1371,0.12445,0.09595,0.043975,-0.013029,-0.056621,-0.093506,-0.14716,-0.17566,-0.23099,-0.2662,-0.21925,-0.2947,-0.3232,-0.3517,-0.37853,-0.37853,-0.40368,-0.41206,-0.42715,-0.44559,-0.44559,-0.28464,-0.44559,-0.44559,-0.44559,-0.44559,-0.44559,-0.44559,-0.44559,-0.44559,-0.44559,-0.4238,-0.35673,-0.41206,-0.41206,-0.41206,-0.41206,-0.41206,-0.41206,-0.41206,-0.41206,-0.42212,-0.44559,-0.44224,-0.44559,-0.44559,-0.46907,-0.47912,-0.49254,-0.52104,-0.54619,-0.54619,-0.57301,-0.57972,-0.52775,-0.59649,-0.61325,-0.61996,-0.64679,-0.64679,-0.64679,-0.6669,-0.68032,0.56037,-0.61325,-0.67026,-0.75073,-0.83624,-0.90834,-0.97372,-1.0559,-1.1129,-1.1699,-1.2269,0.55199,-1.2839,-1.3409,-1.3912,-1.4197,-1.4482,-1.4767,-1.5052,-1.5186,-1.5086,-1.4801,0.52684,-1.4516,-1.4231,-1.3946,-1.3476,-1.304,-1.2671,-1.2101,-1.1531,-1.0961,-1.0173,0.52684,-0.94857,-0.89157,-0.82786,-0.74235,-0.65684,-0.57134,-0.48583,-0.40032,-0.31482,-0.22931,0.52684,-0.1438,-0.029796,0.060741,0.14625,0.24517,0.35079,0.4363,0.52181,0.60731,0.69282,0.52684,0.77833,0.86383,0.94934,1.0332,1.0902,1.1472,1.2243,1.2796,1.3182,1.3752,0.0,0.0
2.457,2.2685,1.9616,-0.46596,-0.47643,-0.49727,-0.51821,-0.53605,-0.54652,-0.56694,-0.58788,-0.60615,-0.61662,1.9139,-0.63661,-0.65755,-0.67624,-0.68671,-0.70628,-0.72722,-0.74817,-0.76911,-0.79005,-0.80595,1.8825,-0.81784,-0.83878,-0.85972,-0.88067,-0.90161,-0.92255,-0.9435,-0.96444,-0.98538,-1.0063,1.8511,-1.0273,-1.0482,-1.0693,-1.1007,-1.1251,-1.1461,-1.167,-1.188,-1.2089,-1.2299,1.8197,-1.2508,-1.262,-1.2786,-1.297,-1.3075,-1.3273,-1.3425,-1.3551,-1.376,-1.3881,1.7883,-1.3985,-1.409,-1.4195,-1.4215,-1.4263,-1.4368,-1.4473,-1.4497,-1.4497,-1.4505,1.7569,-1.4609,-1.4714,-1.4779,-1.4779,-1.4779,-1.4706,-1.4638,-1.4638,-1.4638,-1.457,1.7254,-1.4465,-1.436,-1.4255,-1.4151,-1.4046,-1.3941,-1.3837,-1.3732,-1.3627,-1.3522,1.694,-1.3418,-1.3258,-1.3067,-1.2963,-1.2858,-1.2753,-1.2634,-1.2424,-1.2298,-1.2146,1.6626,-1.1947,-1.1843,-1.1659,-1.1492,-1.1381,-1.1172,-1.1037,-1.0894,-1.0685,-1.0475,2.1894,1.6312,-1.0336,-1.0197,-0.99878,-0.9881,-0.971,-0.95005,-0.92911,-0.918,-0.90133,-0.88296,1.5914,-0.87249,-0.86201,-0.84576,-0.82697,-0.8165,-0.79703,-0.78145,-0.76925,-0.74831,-0.73593,1.5543,-0.72546,-0.71368,-0.69274,-0.67994,-0.66947,-0.65812,-0.63717,-0.62395,-0.61348,-0.60301,1.5185,-0.59254,-0.57477,-0.55749,-0.54702,-0.53655,-0.52607,-0.5156,-0.50513,-0.49466,-0.48419,1.4452,-0.47654,-0.47654,-0.46688,-0.4564,-0.44833,-0.44833,-0.43909,-0.42862,-0.42012,-0.42012,1.4036,-0.41131,-0.40602,-0.40447,-0.394,-0.38352,-0.37781,-0.37668,-0.36621,-0.36371,-0.35937,1.3679,-0.34961,-0.34961,-0.34961,-0.34569,-0.3355,-0.3355,-0.32838,-0.31791,-0.30744,-0.3073,1.3267,-0.3006,-0.29319,-0.29319,-0.28329,-0.27909,-0.27645,-0.26597,-0.26499,-0.25913,-0.24866,1.2953,-0.23819,-0.22772,-0.21725,-0.20678,-0.1963,-0.18583,-0.17536,-0.16351,-0.14257,-0.12984,1.2638,-0.11937,-0.1089,-0.098426,-0.080163,-0.06338,-0.052908,-0.042436,-0.031965,-0.017756,0.003082,2.1685,1.2286,0.013554,0.024025,0.034497,0.044969,0.065595,0.080016,0.090487,0.10096,0.11143,0.128,1.1869,0.14648,0.15695,0.16742,0.18357,0.20247,0.21294,0.22341,0.23388,0.24435,0.25483,1.1555,0.2653,0.27577,0.28624,0.29671,0.30718,0.31766,0.32813,0.3386,0.34907,0.35556,1.1312,0.35591,0.36638,0.36966,0.37322,0.3837,0.39417,0.39787,0.40101,0.41148,0.42195,1.1068,0.43242,0.44289,0.45337,0.46384,0.47431,0.48707,0.50802,0.52896,0.5499,0.57085,1.0754,0.59179,0.61273,0.63875,0.67017,0.70158,0.733,0.76441,0.79583,0.82724,0.85866,1.0439,0.89007,0.92149,0.9529,0.98432,1.0157,1.0471,1.0786,1.11,1.1448,1.1867,1.0192,1.2183,1.2497,1.2841,1.326,1.3581,1.3895,1.4235,1.4653,1.4979,1.5293,0.99825,1.5628,1.6047,1.6376,1.669,1.7005,1.7319,1.7633,1.7947,1.8261,1.8575,0.9773,1.8808,1.9063,1.9368,1.9578,1.9787,2.0037,2.0347,2.0556,2.1475,0.95636,0.94166,0.93119,0.92071,0.91024,0.89977,0.8893,0.87883,0.87738,0.87199,2.1165,0.85446,0.8021,0.78416,0.77369,0.76321,0.75274,0.71773,0.68949,0.67627,0.63438,2.0915,0.60801,0.57469,0.52381,0.50287,0.45259,0.40457,0.38334,0.32051,0.29224,0.26537,2.0678,0.20254,0.1903,0.15388,0.11009,0.089148,0.02942,-0.003088,-0.01356,-0.024032,-0.071595,2.0364,-0.10139,-0.11186,-0.12233,-0.1505,-0.17148,-0.18671,-0.2286,-0.24521,-0.25568,-0.26731,2.005,-0.28826,-0.3012,-0.31604,-0.33624,-0.34672,-0.36477,-0.38571,-0.40665,-0.4276,-0.44854,1.0,1.0
0.10458,0.10458,0.10458,-1.5873,-1.4989,-1.4162,-1.3222,-1.2396,-1.156,-1.091,-0.98065,-0.86432,-0.73782,0.10458,-0.62138,-0.49498,-0.37843,-0.27908,-0.22716,-0.1246,-0.025244,0.074112,0.17347,0.27282,0.10458,0.38766,0.49365,0.60838,0.71448,0.81383,0.84684,0.94619,1.0415,1.1228,1.2182,0.10458,1.2994,1.3728,1.439,1.4979,1.5126,1.5678,1.6009,1.6119,1.6306,1.6561,0.12592,1.6604,1.6527,1.6384,1.5832,1.5359,1.4888,1.4034,1.3372,1.271,1.1826,0.12669,1.1026,1.0695,0.9839,0.89035,0.77148,0.65001,0.55065,0.42918,0.32983,0.21516,0.12669,0.17535,0.051719,-0.080754,-0.21323,-0.3457,-0.47624,-0.58853,-0.69707,-0.79642,-0.89578,0.12669,-0.95698,-1.0281,-1.1275,-1.2047,-1.2916,-1.3565,-1.402,-1.4448,-1.4779,-1.5099,0.12669,-1.522,-1.5541,-1.5541,-1.5311,-1.4979,-1.4656,-1.4538,-1.3986,-1.3537,-1.2869,0.12669,-1.1992,-1.1103,-0.99945,-0.88948,-0.79012,-0.69159,-0.65776,-0.5584,-0.45905,-0.35969,0.10458,0.12669,-0.26034,-0.16098,-0.061624,0.059681,0.17004,0.21516,0.34652,0.479,0.58936,0.70021,0.12669,0.82168,0.92104,1.0308,1.1419,1.2191,1.2546,1.3515,1.4296,1.4959,1.5621,0.12669,1.6284,1.6736,1.7068,1.719,1.7093,1.6762,1.6431,1.5893,1.5231,1.4568,0.12669,1.4094,1.3482,1.271,1.1716,1.0944,0.99502,0.87354,0.77419,0.65272,0.5334,0.14748,0.45843,0.39888,0.29079,0.17806,0.078701,-0.020655,-0.14213,-0.24148,-0.34084,-0.44019,0.14881,-0.4732,-0.55326,-0.6498,-0.74915,-0.84851,-0.94786,-1.0472,-1.1276,-1.1938,-1.2224,0.14881,-1.26,-1.3262,-1.3627,-1.3958,-1.4289,-1.4621,-1.4878,-1.4878,-1.4878,-1.4878,0.14881,-1.4585,-1.4253,-1.3922,-1.3591,-1.3481,-1.315,-1.2819,-1.2487,-1.1935,-1.1604,0.14881,-1.0985,-1.0323,-0.96605,-0.88229,-0.82429,-0.77204,-0.6948,-0.59545,-0.49609,-0.39673,0.14881,-0.26918,-0.15379,-0.020378,0.060345,0.17225,0.30472,0.45931,0.57504,0.70215,0.81798,0.093684,0.14881,0.92286,1.0388,1.1382,1.1883,1.2758,1.392,1.4862,1.5686,1.6629,1.7291,0.14881,1.7904,1.8395,1.8566,1.8897,1.9228,1.9559,1.9844,1.9844,1.9578,1.9247,0.14881,1.9137,1.8805,1.8431,1.7922,1.7327,1.6665,1.5962,1.5119,1.4236,1.3873,0.14881,1.3353,1.2542,1.1807,1.1145,1.0483,0.98202,0.89013,0.80532,0.71354,0.62861,0.14881,0.54026,0.47402,0.38567,0.31943,0.22798,0.14273,0.054373,-0.011864,-0.033869,-0.086228,0.14881,-0.11935,-0.15247,-0.2077,-0.24082,-0.27394,-0.30705,-0.34017,-0.35986,-0.38429,-0.40409,0.14881,-0.4262,-0.4262,-0.4283,-0.44832,-0.44832,-0.44832,-0.47044,-0.47044,-0.47044,-0.47044,0.14881,-0.47044,-0.47044,-0.47044,-0.47044,-0.49255,-0.49255,-0.49255,-0.49255,-0.49255,-0.49255,0.14881,-0.49255,-0.49255,-0.49255,-0.49255,-0.49255,-0.49255,-0.49255,-0.49255,-0.49255,-0.49255,0.17092,-0.49255,-0.481,-0.47044,-0.47044,-0.47044,-0.47044,-0.47044,-0.47044,0.08246,0.17092,0.17092,0.17092,0.17092,0.17092,0.17092,0.17092,0.17092,0.17092,0.17927,0.08246,0.19304,0.1848,0.17092,0.17092,0.17092,0.16291,0.14881,0.11879,0.085667,0.052549,0.08246,0.01943,-0.013688,-0.046807,-0.057809,-0.090928,-0.14616,-0.17928,-0.23451,-0.28599,-0.34498,0.08246,-0.39635,-0.44832,-0.48459,-0.55083,-0.61706,-0.69021,-0.77165,-0.86001,-0.94405,-1.0213,0.08246,-1.1206,-1.1536,-1.253,-1.3524,-1.4517,-1.5447,-1.6109,-1.6772,-1.7434,-1.7814,0.093021,-1.7974,-1.8255,-1.8586,-1.8637,-1.8468,-1.8358,-1.8027,-1.7696,-1.7198,-1.6535,0.0,0.0
0.70945,0.75447,0.88952,1.6548,1.6098,1.5648,1.4522,1.3397,1.2496,1.1596,1.0921,1.0246,0.8445,0.88952,0.66444,0.57441,0.48437,0.39434,0.30431,0.12425,-0.055817,-0.14585,-0.23588,-0.32591,0.88952,-0.41594,-0.59601,-0.77607,-0.8436,-0.91112,-0.97864,-1.0462,-1.1362,-1.2262,-1.2938,0.88952,-1.3613,-1.3838,-1.4063,-1.4738,-1.5413,-1.5639,-1.5864,-1.5864,-1.5864,-1.5864,0.88952,-1.5864,-1.5639,-1.5413,-1.4963,-1.4513,-1.4063,-1.3613,-1.3163,-1.2712,-1.1587,0.88952,-1.0462,-0.97864,-0.91112,-0.75356,-0.59601,-0.50598,-0.41594,-0.32591,-0.23588,-0.055817,0.88952,0.12425,0.21428,0.30431,0.39434,0.48437,0.66444,0.8445,0.91202,0.97955,1.0471,0.86701,1.1146,1.2271,1.3397,1.3847,1.4297,1.4522,1.4747,1.4972,1.5197,1.5197,0.8445,1.5197,1.4972,1.4747,1.4297,1.3847,1.3397,1.2947,1.2046,1.1146,1.0471,0.82199,0.97955,0.91202,0.8445,0.70945,0.57441,0.48437,0.39434,0.32682,0.25929,0.07923,0.79948,0.79948,-0.10083,-0.16836,-0.23588,-0.39344,-0.55099,-0.61852,-0.68604,-0.75356,-0.82109,-0.93363,0.77698,-1.0462,-1.0912,-1.1362,-1.1812,-1.2262,-1.2938,-1.3613,-1.3838,-1.4063,-1.4288,0.75447,-1.4513,-1.4738,-1.4963,-1.4963,-1.4963,-1.4963,-1.4963,-1.4738,-1.4513,-1.4288,0.70945,-1.4063,-1.3613,-1.3163,-1.2712,-1.2262,-1.1812,-1.1362,-1.0237,-0.91112,-0.8661,0.66444,-0.82109,-0.75356,-0.68604,-0.5735,-0.46096,-0.39344,-0.32591,-0.16836,-0.010802,0.056722,0.64193,0.12425,0.2818,0.43936,0.50688,0.57441,0.64193,0.70945,0.8445,0.97955,1.0246,0.61942,1.0696,1.1371,1.2046,1.2271,1.2496,1.2496,1.2496,1.2722,1.2947,1.2947,0.57441,1.2947,1.2722,1.2496,1.2271,1.2046,1.1821,1.1596,1.0921,1.0246,1.0021,0.52939,0.97955,0.88952,0.79948,0.75447,0.70945,0.61942,0.52939,0.48437,0.43936,0.37183,0.43936,0.30431,0.19177,0.07923,0.011706,-0.055817,-0.12334,-0.19087,-0.3034,-0.41594,-0.48347,0.82199,0.34933,-0.55099,-0.66353,-0.77607,-0.82109,-0.8661,-0.95614,-1.0462,-1.0912,-1.1362,-1.1812,0.30431,-1.2262,-1.2938,-1.3613,-1.3838,-1.4063,-1.4063,-1.4063,-1.4288,-1.4513,-1.4513,0.25929,-1.4513,-1.4513,-1.4513,-1.4288,-1.4063,-1.3838,-1.3613,-1.2938,-1.2262,-1.1812,0.19177,-1.1362,-1.0462,-0.95614,-0.91112,-0.8661,-0.79858,-0.73106,-0.64102,-0.55099,-0.50598,0.12425,-0.46096,-0.39344,-0.32591,-0.23588,-0.14585,-0.078325,-0.010802,0.07923,0.16926,0.21428,-0.03331,0.25929,0.30431,0.34933,0.39434,0.43936,0.46187,0.48437,0.50688,0.52939,0.5519,-0.19087,0.57441,0.5519,0.52939,0.50688,0.48437,0.48437,0.48437,0.46187,0.43936,0.43936,-0.25839,0.43936,0.41685,0.39434,0.39434,0.39434,0.39434,0.39434,0.39434,0.39434,0.39434,-0.32591,0.39434,0.39434,0.39434,0.41685,0.43936,0.43936,0.43936,0.43936,0.43936,0.46187,-0.41594,0.48437,0.46187,0.43936,0.41685,0.39434,0.37183,0.34933,0.32682,0.8445,-0.50598,-0.66353,-0.82109,-0.88861,-0.95614,-1.0237,-1.0912,-1.1812,-1.2712,-1.2938,0.8445,-1.3163,-1.3388,-1.3613,-1.3838,-1.4063,-1.4063,-1.4063,-1.3838,-1.3613,-1.2938,0.8445,-1.2262,-1.1587,-1.0912,-1.0462,-1.0012,-0.8436,-0.68604,-0.59601,-0.50598,-0.39344,0.86701,-0.2809,-0.078325,0.12425,0.23679,0.34933,0.43936,0.52939,0.64193,0.75447,0.93453,0.88952,1.1146,1.2046,1.2947,1.3622,1.4297,1.5648,1.6998,1.7223,1.7448,1.7898,0.88952,1.8349,1.8574,1.8799,1.8799,1.8799,1.8574,1.8349,1.8123,1.7898,1.7223,2.0,2.0
1.1973,0.9941,0.95346,2.1015,2.1536,2.2057,2.2579,2.2945,2.3215,2.3352,2.3352,2.3144,2.1335,0.95346,2.0477,1.981,1.7467,1.5693,1.4651,1.2618,1.0534,0.74387,0.60113,0.4718,0.95346,0.35202,0.20714,0.1029,-0.031713,-0.14621,-0.36475,-0.72043,-0.82467,-0.88827,-0.97453,0.95346,-1.0266,-1.0791,-1.1715,-1.2236,-1.2758,-1.3223,-1.3394,-1.3915,-1.4036,-1.4036,0.95346,-1.4036,-1.3697,-1.3583,-1.3223,-1.2947,-1.2425,-1.2311,-1.1789,-1.1268,-1.0747,0.95346,-1.0226,-0.97046,-0.88014,-0.81654,-0.73283,-0.64871,-0.54447,-0.45456,-0.37663,-0.27239,0.95346,-0.16816,-0.063919,0.040319,0.14456,0.24879,0.35303,0.45727,0.52087,0.62511,0.72934,0.95346,0.83358,0.93782,1.0181,1.1057,1.2036,1.2735,1.3485,1.4412,1.4933,1.5455,0.95346,1.5976,1.6903,1.7425,1.7946,1.8467,1.8881,1.9103,1.9288,1.6805,1.6284,0.93853,1.5488,1.4835,1.2688,1.1955,1.0912,0.98699,0.88275,0.77852,0.67428,0.57004,0.97114,0.91283,0.4658,0.36157,0.25997,0.19373,0.089491,-0.014746,-0.222,-0.73212,-0.78424,-0.87699,0.91283,-0.92911,-0.98123,-1.0333,-1.0855,-1.1376,-1.1897,-1.241,-1.2533,-1.3054,-1.3223,0.91283,-1.3629,-1.3805,-1.4036,-1.4441,-1.4442,-1.4442,-1.4442,-1.4848,-1.4848,-1.4848,0.91283,-1.4452,-1.4442,-1.4442,-1.4442,-1.4036,-1.3878,-1.3629,-1.3242,-1.3127,-1.2606,0.91283,-1.241,-1.197,-1.1449,-1.1191,-1.0813,-1.0292,-0.97706,-0.92495,-0.87283,-0.82071,0.87219,-0.76859,-0.71647,-0.62371,-0.57159,-0.51948,-0.42672,-0.3746,-0.32248,-0.27036,-0.17761,0.85817,-0.12549,-0.073367,0.01939,0.071509,0.12363,0.17575,0.22787,0.27998,0.3321,0.42456,0.80605,0.47698,0.5291,0.61535,0.67397,0.74255,0.81885,0.87097,0.92309,0.97521,1.0273,0.79091,1.0835,1.1722,1.2243,1.2764,1.3286,1.3598,1.3922,1.4036,1.4411,1.415,0.74245,1.4005,1.3093,1.0961,1.044,0.99187,0.91232,0.78116,0.7136,0.61332,0.47109,0.95346,0.69033,0.35405,0.25997,0.15573,0.027213,-0.093382,-0.19762,-0.30186,-0.46522,-0.5912,-0.7503,0.63821,-1.0612,-1.1133,-1.1654,-1.2004,-1.229,-1.241,-1.252,-1.2817,-1.2817,-1.2817,0.58609,-1.2817,-1.2817,-1.2817,-1.2817,-1.2817,-1.2486,-1.2372,-1.2004,-1.2004,-1.1621,0.53397,-1.1506,-1.1191,-1.087,-1.0755,-1.0234,-0.97127,-0.91916,-0.90767,-0.85556,-0.80344,0.45727,-0.79196,-0.73984,-0.71271,-0.67624,-0.62412,-0.572,-0.51988,-0.5084,-0.45628,-0.40416,0.3891,-0.35205,-0.29993,-0.24781,-0.19569,-0.14377,-0.13209,-0.079971,-0.027852,0.01878,0.01878,0.33698,0.01878,-0.021147,-0.021858,-0.044108,-0.062497,-0.062497,-0.078549,-0.10314,-0.10314,-0.10314,0.26647,-0.12447,-0.14377,-0.14377,-0.14377,-0.14377,-0.18187,-0.18441,-0.18441,-0.21631,-0.22505,0.1921,-0.22505,-0.25075,-0.26569,-0.26569,-0.2852,-0.30633,-0.30633,-0.30633,-0.30633,-0.30633,0.13927,-0.34697,-0.34697,-0.34697,-0.34697,-0.34697,-0.34697,-0.34697,-0.34077,0.95346,0.047227,-0.028564,-0.097649,-0.15576,-0.24252,-0.29464,-0.46807,-0.53207,-0.61355,-0.66567,0.95346,-0.71271,-0.72927,-0.78139,-0.79399,-0.83463,-0.83463,-0.86795,-0.87527,-0.87527,-0.87527,0.95346,-0.87527,-0.87527,-0.85434,-0.83463,-0.83138,-0.79399,-0.76778,-0.71566,-0.66354,-0.61142,0.95346,-0.5593,-0.50718,-0.45506,-0.37765,-0.31019,-0.25045,-0.16531,-0.082613,-0.019014,0.072321,0.95346,0.14882,0.25306,0.31666,0.4209,0.52514,0.62937,0.73361,0.83785,0.94209,1.0463,0.95346,1.1506,1.2548,1.359,1.4633,1.5901,1.7124,1.776,1.8802,1.9566,2.0481,2.0,2.0
-0.5633,-0.53128,-0.53156,-1.7338,-1.7232,-1.7125,-1.6976,-1.6762,-1.6549,-1.6381,-1.6274,-1.5967,-1.5695,-0.53156,-1.5481,-1.5268,-1.5004,-1.4684,-1.4469,-1.4202,-1.3882,-1.3561,-1.3298,-1.308,-0.53156,-1.2759,-1.2439,-1.2119,-1.1799,-1.1479,-1.1168,-1.0955,-1.0677,-1.0356,-1.0036,-0.53156,-0.9716,-0.94113,-0.91978,-0.89844,-0.87526,-0.84324,-0.81852,-0.79717,-0.77583,-0.75448,-0.53815,-0.73313,-0.71178,-0.69044,-0.66909,-0.64774,-0.63453,-0.62092,-0.59957,-0.58663,-0.57596,-0.54743,-0.56529,-0.55461,-0.54394,-0.53327,-0.52259,-0.51192,-0.50124,-0.49057,-0.4799,-0.46922,-0.54743,-0.45855,-0.4522,-0.4522,-0.4424,-0.43173,-0.42105,-0.4003,-0.38383,-0.37316,-0.35213,-0.54743,-0.33078,-0.30943,-0.28809,-0.2613,-0.22952,-0.20817,-0.18111,-0.14909,-0.11707,-0.085047,-0.54743,-0.053025,-0.021004,0.017287,0.05891,0.090932,0.1295,0.17085,0.20287,0.24171,0.28441,-0.54743,0.3271,0.3698,0.41249,0.45519,0.4905,0.52471,0.5674,0.6101,0.65033,0.68235,-0.51569,-0.54743,0.72231,0.76227,0.79429,0.83452,0.8742,0.90623,0.93825,0.97027,1.0023,1.0343,-0.54938,1.0663,1.0984,1.1304,1.1585,1.1799,1.2106,1.2385,1.2598,1.2812,1.2981,-0.56005,1.3088,1.3293,1.3507,1.372,1.3832,1.3988,1.4202,1.4311,1.447,1.4683,-0.5633,1.479,1.4897,1.5003,1.511,1.5217,1.5324,1.543,1.5537,1.5644,1.5751,-0.5633,1.5794,1.5782,1.5676,1.5635,1.5621,1.5514,1.5407,1.5301,1.5194,1.5159,-0.5633,1.5139,1.5032,1.4851,1.466,1.4553,1.4447,1.4315,1.4101,1.3888,1.3674,-0.571,1.3461,1.3247,1.3034,1.282,1.2607,1.236,1.2039,1.1808,1.1558,1.1237,-0.57917,1.0917,1.0597,1.0277,0.99566,0.96785,0.9465,0.91547,0.88345,0.85143,0.82937,-0.57917,0.80802,0.78667,0.75509,0.7281,0.70676,0.68541,0.66406,0.64271,0.62137,0.60002,-0.58715,0.57907,0.56839,0.55772,0.54705,0.53637,0.5257,0.51598,0.51598,0.50955,0.50011,-0.51569,-0.59505,0.50011,0.50011,0.50011,0.50011,0.50011,0.50011,0.50011,0.50011,0.50011,0.50011,-0.59505,0.50011,0.50245,0.51312,0.51598,0.51598,0.51598,0.51598,0.51598,0.51598,0.52435,-0.6033,0.53185,0.53185,0.53185,0.53185,0.53185,0.53185,0.53185,0.53185,0.54106,0.54772,-0.61397,0.54772,0.54772,0.54772,0.54772,0.54772,0.54772,0.54772,0.54772,0.54772,0.54772,-0.62465,0.54772,0.54772,0.54772,0.55832,0.56359,0.56359,0.56359,0.56359,0.56359,0.56359,-0.63532,0.56955,0.57946,0.57946,0.57946,0.5805,0.59117,0.59534,0.59534,0.59534,0.60212,-0.64266,0.61121,0.61121,0.61121,0.61121,0.61121,0.61121,0.60907,0.59839,0.59534,0.59534,-0.64266,0.59534,0.59534,0.59534,0.59534,0.59534,0.59534,0.59534,0.59534,0.59534,0.59534,-0.65147,0.59534,0.59181,0.58113,0.58847,0.59534,0.59534,0.59534,0.59534,0.59534,0.59534,-0.66214,0.59534,0.59534,0.59534,0.59534,0.59534,0.59534,0.59534,0.59534,-0.51569,-0.67282,-0.68349,-0.69417,-0.70484,-0.70615,-0.71032,-0.72099,-0.73166,-0.74234,-0.75301,-0.52144,-0.75376,-0.79154,-0.87693,-0.89094,-0.92661,-0.99065,-1.0442,-1.0818,-1.1033,-1.1567,-0.53156,-1.1934,-1.2148,-1.2361,-1.275,-1.3271,-1.3591,-1.3911,-1.4249,-1.4783,-1.5189,-0.53156,-1.5533,-1.6067,-1.6467,-1.6773,-1.6986,-1.72,-1.7465,-1.7999,-1.8316,-1.857,-0.53156,-1.8997,-1.9124,-1.9124,-1.9124,-1.8968,-1.8781,-1.8674,-1.8567,-1.8489,-1.8489,-0.53156,-1.8406,-1.8299,-1.8192,-1.8086,-1.7979,-1.7872,-1.7854,-1.7817,-1.7711,-1.7512,4.0,4.0
1.0718,1.0399,0.91203,1.8069,1.8948,1.9507,2.0186,2.0625,2.0945,2.1185,2.1265,2.1265,2.1265,0.88007,2.0545,1.8948,1.6471,1.4194,1.2396,1.1238,0.95997,0.79618,0.69631,0.58446,0.88007,0.46461,0.34477,0.23291,0.13304,0.017194,-0.40626,-0.54208,-0.62997,-0.68589,-0.77378,0.88007,-0.8377,-0.9136,-0.95754,-1.0294,-1.0774,-1.1014,-1.1333,-1.1653,-1.1653,-1.1693,0.84811,-1.1812,-1.1653,-1.1653,-1.1453,-1.1014,-1.0894,-1.0454,-0.99749,-0.92558,-0.85367,0.84811,-0.79775,-0.72984,-0.65393,-0.56605,-0.47816,-0.39028,-0.28641,-0.18255,-0.086671,0.045157,0.84811,0.14503,0.27686,0.38472,0.50856,0.6244,0.74025,0.86409,0.95198,1.0718,1.1717,0.83613,1.2796,1.3674,1.4553,1.5432,1.6231,1.687,1.743,1.7989,1.8628,1.9027,0.81616,1.9187,1.9347,1.9667,1.9667,1.9667,1.8029,1.719,1.5113,1.4234,1.2516,0.81616,1.1278,0.94798,0.81616,0.68433,0.5525,0.45263,0.3208,0.18897,0.057142,-0.074687,1.0399,0.81616,-0.20652,-0.30639,-0.43821,-0.53808,-0.76579,-0.96553,-1.0454,-1.1093,-1.1653,-1.2412,0.84412,-1.2851,-1.3291,-1.373,-1.389,-1.4209,-1.4409,-1.4529,-1.4529,-1.4529,-1.4529,0.84811,-1.4369,-1.4209,-1.389,-1.369,-1.357,-1.3131,-1.2931,-1.2572,-1.2292,-1.2012,0.82814,-1.1573,-1.1133,-1.0694,-1.0135,-0.94955,-0.87365,-0.81373,-0.7538,-0.66991,-0.58203,0.56049,-0.49414,-0.40626,-0.34234,-0.23048,-0.1426,-0.054713,0.033173,0.12106,0.2409,0.32879,0.46861,0.41667,0.50456,0.6244,0.74425,0.92801,0.99592,1.0718,1.2116,1.2796,1.3355,0.34477,1.4234,1.5113,1.5592,1.6031,1.6471,1.679,1.679,1.6431,1.5192,1.3954,0.26887,1.3515,1.2676,1.1997,1.1118,1.0239,0.87208,0.7842,0.66835,0.4726,0.28085,0.20894,0.11307,-0.054713,-0.24646,-0.39028,-0.606,-0.9895,-1.1173,-1.2052,-1.2611,-1.3171,0.12106,-1.381,-1.393,-1.4209,-1.4489,-1.4529,-1.4529,-1.4529,-1.4409,-1.4209,-1.4169,1.0359,0.033173,-1.389,-1.361,-1.349,-1.3251,-1.2931,-1.2611,-1.2372,-1.1972,-1.1812,-1.1373,-0.054713,-1.0934,-1.0494,-1.0055,-0.96153,-0.91759,-0.87365,-0.82971,-0.78576,-0.70986,-0.66592,-0.1426,-0.59002,-0.54607,-0.50213,-0.42623,-0.38229,-0.31038,-0.25445,-0.18654,-0.11064,-0.066697,-0.23048,0.001215,0.053147,0.09709,0.14103,0.18498,0.22892,0.27286,0.3168,0.33678,0.33678,-0.31837,0.33678,0.33678,0.33678,0.33678,0.30482,0.30482,0.30482,0.30482,0.30482,0.30482,-0.3743,0.29683,0.27286,0.27286,0.27286,0.27286,0.27286,0.25688,0.2409,0.2409,0.2409,-0.46218,0.2409,0.2409,0.2409,0.2409,0.2409,0.2409,0.2409,0.2409,0.2409,0.2409,-0.55007,0.21693,0.20894,0.20894,0.20894,0.20096,0.17699,0.17699,0.17699,0.17699,0.14503,-0.62997,0.14503,0.14503,0.13704,0.11307,0.11307,0.10108,0.081111,0.081111,0.065131,0.049152,-0.69388,0.049152,0.029178,0.017194,0.017194,-0.006775,-0.014765,-0.014765,-0.014765,1.0079,-0.74981,-0.82571,-0.86965,-0.94556,-0.9895,-1.0334,-1.0774,-1.1213,-1.1653,-1.2092,0.97994,-1.2292,-1.2651,-1.2931,-1.2931,-1.3251,-1.3251,-1.3251,-1.357,-1.357,-1.3251,0.97595,-1.3251,-1.3251,-1.2851,-1.2611,-1.2292,-1.1852,-1.1413,-1.1293,-1.0854,-1.0414,0.95597,-0.99749,-0.95355,-0.87764,-0.8337,-0.76579,-0.70986,-0.62198,-0.53409,-0.43821,-0.32636,0.94399,-0.23847,-0.15059,-0.038734,0.057142,0.16101,0.26487,0.38472,0.49258,0.59245,0.71229,0.91203,0.82415,0.92402,1.0399,1.1278,1.2476,1.3355,1.4234,1.5432,1.6311,1.719,2.0,2.0
0.28311,0.3531,0.37785,-1.055,-1.0317,-0.99722,-0.95056,-0.91433,-0.88093,-0.83428,-0.78762,-0.74096,-0.69431,0.35807,-0.63936,-0.57731,-0.53065,-0.47677,-0.40679,-0.34332,-0.2905,-0.22052,-0.15053,-0.080547,0.35416,-0.010562,0.059423,0.13343,0.22308,0.29306,0.36305,0.43564,0.5267,0.59668,0.66667,0.35416,0.73665,0.80664,0.87662,0.94673,1.04,1.1103,1.1575,1.2265,1.2965,1.3448,0.35416,1.3915,1.4382,1.4848,1.5315,1.5781,1.6052,1.6478,1.6756,1.6804,1.6986,0.33581,1.7041,1.7041,1.7041,1.6874,1.6804,1.6485,1.5706,1.462,1.3752,1.2469,0.33048,1.1405,1.0151,0.90575,0.83577,0.76578,0.68337,0.60213,0.52042,0.42711,0.34481,0.33048,0.26417,0.18116,0.10122,0.017503,-0.061719,-0.14615,-0.21614,-0.28612,-0.3561,-0.42609,0.33048,-0.49607,-0.59981,-0.74807,-0.79472,-0.84138,-0.88804,-0.93469,-0.98135,-1.028,-1.0708,0.33048,-1.0941,-1.1174,-1.1407,-1.1616,-1.1616,-1.1616,-1.1616,-1.1616,-1.1609,-1.1375,0.35416,0.3139,-1.1142,-1.0909,-1.0676,-1.0442,-0.99864,-0.95198,-0.90533,-0.83747,-0.76749,-0.71799,0.3068,-0.6512,-0.58122,-0.51123,-0.44125,-0.35255,-0.27759,-0.20761,-0.11998,-0.026667,0.066646,0.29093,0.14338,0.24581,0.34659,0.4399,0.53321,0.62653,0.71984,0.81315,0.90646,0.9864,0.28311,1.0694,1.15,1.22,1.29,1.36,1.4187,1.4763,1.5357,1.5824,1.629,0.26796,1.6662,1.6896,1.7129,1.7278,1.7278,1.7201,1.7041,1.6902,1.6236,1.5195,0.25943,1.4377,1.3266,1.2385,1.1491,0.9993,0.90599,0.80889,0.69568,0.59929,0.48537,0.24498,0.38969,0.27305,0.15641,0.039765,-0.075929,-0.16983,-0.28648,-0.40312,-0.51976,-0.6364,0.22166,-0.73054,-1.001,-1.1066,-1.1999,-1.2722,-1.3629,-1.4358,-1.5058,-1.5561,-1.6221,0.19833,-1.6731,-1.7198,-1.7665,-1.8131,-1.8422,-1.8656,-1.8889,-1.9122,-1.9195,-1.9195,0.175,-1.9348,-1.9281,-1.9195,-1.9195,-1.9055,-1.8822,-1.8588,-1.8226,-1.7885,-1.753,0.35416,0.15167,-1.7063,-1.6482,-1.5893,-1.5319,-1.4723,-1.4156,-1.3456,-1.2756,-1.2056,-1.1356,0.12834,-1.0657,-0.99568,-0.92569,-0.84849,-0.76204,-0.69206,-0.62207,-0.54628,-0.45842,-0.38843,0.11733,-0.31845,-0.24846,-0.17848,-0.10849,-0.038509,0.028516,0.085593,0.21656,0.26511,0.3351,0.10537,0.4039,0.45056,0.49769,0.56755,0.61421,0.68396,0.73121,0.75548,0.80084,0.82582,0.082041,0.84915,0.87248,0.89581,0.93938,0.94625,0.96579,0.96994,0.98876,0.99362,0.99362,0.058712,0.99362,0.99362,0.99362,0.99362,0.99362,0.99362,0.99362,0.99362,0.99362,0.99362,0.035384,0.99362,0.99362,0.99362,0.99362,0.99362,0.98119,0.96994,0.96994,0.96994,0.96994,0.012056,0.96994,0.95963,0.94625,0.94625,0.94625,0.94625,0.93773,0.92257,0.92257,0.92257,-0.011273,0.91546,0.89889,0.89889,0.89889,0.8932,0.8752,0.8752,0.8752,0.8752,0.8752,-0.034601,0.87165,0.85152,0.85152,0.85152,0.84939,0.82784,0.82784,0.82784,0.35416,-0.057929,-0.081257,-0.10459,-0.12791,-0.15124,-0.18227,-0.22158,-0.24491,-0.26824,-0.29784,0.37607,-0.33858,-0.36747,-0.40892,-0.43225,-0.46008,-0.50259,-0.52971,-0.57293,-0.59933,-0.64599,0.37785,-0.69028,-0.71562,-0.76062,-0.78525,-0.83096,-0.85488,-0.90154,-0.94819,-0.97164,-0.99497,0.37785,-1.0408,-1.0653,-1.0886,-1.112,-1.1353,-1.1586,-1.182,-1.2053,-1.2089,-1.2283,0.37785,-1.2326,-1.2512,-1.2563,-1.2563,-1.2563,-1.2563,-1.2563,-1.2563,-1.2563,-1.2563,0.37785,-1.2409,-1.2326,-1.2179,-1.1946,-1.1853,-1.1716,-1.1483,-1.125,-1.1017,-1.0783,2.0,0.0
-0.52833,-0.62422,-0.70824,-1.4833,-1.4523,-1.4154,-1.3743,-1.3332,-1.2998,-1.2653,-1.2242,-1.189,-1.1563,-0.71432,-1.1153,-1.0782,-1.0474,-1.0091,-0.97949,-0.94,-0.9116,-0.8709,-0.8435,-0.80262,-0.72133,-0.7744,-0.74701,-0.71961,-0.69221,-0.65437,-0.62311,-0.59572,-0.56832,-0.54092,-0.51353,-0.72862,-0.48613,-0.45873,-0.43692,-0.41825,-0.39521,-0.37776,-0.35351,-0.33981,-0.32611,-0.31241,-0.73442,-0.29872,-0.28502,-0.27132,-0.27082,-0.25823,-0.24453,-0.23083,-0.21713,-0.20344,-0.18974,-0.74293,-0.18498,-0.17665,-0.16295,-0.14925,-0.13555,-0.12185,-0.10815,-0.094456,-0.080758,-0.06359,-0.74751,-0.039055,-0.023103,0.002648,0.017384,0.044781,0.072177,0.099574,0.12697,0.15437,0.18176,-0.75724,0.22025,0.25086,0.27826,0.31492,0.34736,0.37476,0.40215,0.43638,0.47125,0.49865,-0.7606,0.53106,0.56775,0.59894,0.63685,0.66425,0.69361,0.73335,0.76074,0.78814,0.81554,-0.77154,0.84293,0.88296,0.91203,0.93943,0.96683,0.99422,1.0312,1.0633,1.0907,1.1181,-0.62848,-0.77369,1.1384,1.1586,1.186,1.2134,1.2361,1.2539,1.2813,1.3087,1.3361,1.3618,-0.78585,1.3766,1.404,1.4314,1.4588,1.4862,1.5012,1.5266,1.5429,1.5671,1.5846,-0.78585,1.6076,1.6263,1.64,1.6537,1.6674,1.6811,1.6948,1.7085,1.7222,1.7359,-0.78617,1.7464,1.749,1.7607,1.7621,1.775,1.775,1.775,1.7617,1.7607,1.7486,-0.79987,1.7349,1.7321,1.7218,1.7081,1.6854,1.6664,1.6527,1.6319,1.6045,1.5771,-0.80016,1.5497,1.5223,1.4949,1.4675,1.4372,1.3984,1.3693,1.3293,1.3014,1.2603,-0.81296,1.2328,1.2054,1.1656,1.1363,1.0977,1.0566,1.0255,0.98875,0.94766,0.91468,-0.81446,0.87977,0.84558,0.81818,0.7851,0.74908,0.72169,0.69429,0.66689,0.6395,0.61414,-0.81446,0.59901,0.57161,0.54422,0.51682,0.48942,0.46203,0.43463,0.41871,0.39414,0.36675,-0.82544,0.34901,0.32626,0.3073,0.2936,0.27268,0.2519,0.2382,0.2245,0.20601,0.18699,-0.64096,-0.82877,0.18341,0.16971,0.15601,0.14231,0.12862,0.11545,0.11545,0.11545,0.11545,0.12787,-0.82877,0.12976,0.12976,0.12976,0.12976,0.12976,0.12976,0.12976,0.12976,0.12976,0.12976,-0.83792,0.12976,0.12976,0.12976,0.13366,0.14407,0.14407,0.14407,0.14553,0.15837,0.15837,-0.84307,0.15837,0.17171,0.17268,0.17268,0.17268,0.18359,0.18699,0.18699,0.18699,0.18699,-0.84307,0.18699,0.19425,0.20129,0.20129,0.20673,0.22043,0.22991,0.23352,0.24421,0.24661,-0.84307,0.25852,0.2597,0.27282,0.27282,0.27282,0.27282,0.27282,0.27282,0.26159,0.25852,-0.83635,0.25852,0.25852,0.24972,0.24421,0.24421,0.24421,0.24421,0.24421,0.24421,0.24421,-0.82877,0.24815,0.25852,0.25852,0.25852,0.25852,0.25852,0.25852,0.25852,0.25852,0.25852,-0.82877,0.25852,0.25852,0.25852,0.25852,0.25852,0.25852,0.25852,0.25852,0.25852,0.25852,-0.82387,0.25852,0.25852,0.25852,0.25852,0.25852,0.26156,0.27282,0.27282,-0.64278,-0.81446,-0.81078,-0.80016,-0.80016,-0.7983,-0.78585,-0.78585,-0.78581,-0.77211,-0.78467,-0.65405,-0.91103,-0.98846,-1.023,-1.0504,-1.0678,-1.1288,-1.1756,-1.2443,-1.3248,-1.3722,-0.66775,-1.3996,-1.4561,-1.5259,-1.5718,-1.6379,-1.6789,-1.75,-1.7774,-1.811,-1.8894,-0.68145,-1.9168,-1.9442,-1.9581,-2.036,-2.057,-2.1172,-2.1417,-2.145,-2.096,-2.055,-0.6857,-2.0362,-2.0225,-2.0088,-1.9884,-1.9671,-1.9479,-1.9205,-1.8974,-1.88,-1.8526,-0.69454,-1.8252,-1.7959,-1.7561,-1.728,-1.687,-1.6596,-1.6191,-1.5905,-1.5512,-1.5214,4.0,4.0
0.42596,0.34707,0.26704,1.6065,1.6696,1.7327,1.7825,1.8172,1.8329,1.8487,1.8479,1.8321,1.8164,0.28168,1.7904,1.7522,1.6891,1.5774,1.4669,1.388,1.295,1.2003,1.1054,0.99499,0.28974,0.89363,0.7968,0.68635,0.56489,0.44276,0.33231,0.22186,0.1054,-0.020827,-0.13218,0.28974,-0.24263,-0.35308,-0.46352,-0.5641,-0.68828,-0.94073,-1.0515,-1.1097,-1.1571,-1.1907,0.28974,-1.2222,-1.2538,-1.2854,-1.2994,-1.2994,-1.2994,-1.2994,-1.2919,-1.2604,-1.2288,0.28974,-1.1973,-1.1657,-1.1196,-1.0647,-1.0016,-0.93846,-0.86581,-0.78692,-0.70803,-0.62914,0.28974,-0.54571,-0.45104,-0.35637,-0.2617,-0.16703,-0.072362,0.030707,0.14115,0.2516,0.35172,0.28974,0.44979,0.56024,0.67069,0.7758,0.87047,0.96514,1.0598,1.1541,1.233,1.3027,0.30132,1.3658,1.4289,1.4809,1.5283,1.5756,1.6099,1.6353,1.6511,1.6669,1.6665,0.31244,1.6507,1.635,1.6092,1.5654,1.4707,1.3522,1.241,1.1621,1.0693,0.9816,0.31244,0.31244,0.90271,0.80804,0.70451,0.596,0.50133,0.39588,0.28929,0.19462,0.087236,-0.023211,0.31244,-0.13366,-0.24411,-0.35455,-0.4642,-0.55887,-0.65354,-0.77273,-1.0094,-1.1187,-1.1772,0.31244,-1.2245,-1.2583,-1.2899,-1.3214,-1.3376,-1.3448,-1.3448,-1.3448,-1.3344,-1.3151,0.31244,-1.2835,-1.2644,-1.2377,-1.1903,-1.143,-1.0883,-1.0252,-0.96207,-0.88965,-0.81076,0.29701,-0.73187,-0.64174,-0.54707,-0.4524,-0.35773,-0.25682,-0.14637,-0.051021,0.05182,0.16227,0.28123,0.27271,0.37306,0.47091,0.58135,0.67977,0.77444,0.86911,0.96378,1.0584,1.153,0.26386,1.2319,1.3108,1.3876,1.4507,1.5139,1.573,1.6203,1.6677,1.7032,1.719,0.2323,1.7347,1.7427,1.7391,1.6759,1.6226,1.5582,1.4162,1.321,1.2421,1.1632,0.21119,1.0571,0.95333,0.85866,0.74844,0.638,0.52585,0.39962,0.28395,0.16987,0.043648,0.19189,-0.070091,-0.1861,-0.31233,-0.40972,-0.51188,-0.62176,-0.71643,-0.80168,-0.90054,-1.1057,0.31051,0.16034,-1.1973,-1.2402,-1.2717,-1.3033,-1.3348,-1.3664,-1.3827,-1.3985,-1.4129,-1.4129,0.07929,-1.4129,-1.4129,-1.4129,-1.4008,-1.385,-1.3692,-1.3535,-1.3305,-1.299,-1.2674,0.000967,-1.2359,-1.2021,-1.1548,-1.1075,-1.0601,-1.0128,-0.96547,-0.91814,-0.8708,-0.8086,-0.046367,-0.75343,-0.70508,-0.64196,-0.57885,-0.51279,-0.4339,-0.36681,-0.3037,-0.24059,-0.16374,-0.15091,-0.091659,-0.028546,0.034567,0.097679,0.15898,0.20631,0.26431,0.32368,0.37102,0.40575,-0.23922,0.44298,0.49032,0.52312,0.55468,0.58555,0.60133,0.62664,0.65559,0.67137,0.68715,-0.30234,0.70292,0.7187,0.72109,0.72756,0.74334,0.75911,0.76649,0.76797,0.78375,0.67557,-0.36545,0.53606,0.52028,0.50451,0.49406,0.49406,0.47987,0.47136,0.47102,0.45524,0.44866,-0.42856,0.44639,0.43061,0.42596,0.42596,0.42596,0.4129,0.40325,0.40325,0.38827,0.37249,-0.49406,0.35671,0.34094,0.31517,0.28668,0.2709,0.2432,0.21165,0.18009,0.29474,-0.57295,-0.6406,-0.70803,-0.78692,-0.85264,-0.922,-1.0009,-1.0798,-1.1505,-1.2136,0.28974,-1.2767,-1.3398,-1.4029,-1.4661,-1.5171,-1.5594,-1.5909,-1.6364,-1.6697,-1.6855,0.28974,-1.7013,-1.7081,-1.7081,-1.7081,-1.6972,-1.6814,-1.6656,-1.637,-1.5996,-1.5522,0.28974,-1.4901,-1.427,-1.3639,-1.3008,-1.2279,-1.1462,-1.0515,-0.95685,-0.86218,-0.76751,0.27703,-0.65922,-0.54877,-0.43832,-0.32788,-0.2088,-0.08428,0.026167,0.14717,0.27703,0.41903,0.26704,0.54855,0.67477,0.801,0.91281,1.0307,1.1558,1.2505,1.3546,1.46,1.5389,2.0,2.0
2.0374,1.9555,1.8001,-0.12066,-0.15497,-0.17135,-0.18773,-0.21272,-0.25367,-0.26545,-0.28774,-0.32869,-0.36169,1.7855,-0.3819,-0.39051,-0.40689,-0.42811,-0.45052,-0.45871,-0.4724,-0.48705,-0.49524,-0.49727,1.7691,-0.51162,-0.56076,-0.57582,-0.58401,-0.5922,-0.60786,-0.62424,-0.64062,-0.64887,-0.66143,1.7527,-0.67781,-0.69419,-0.71057,-0.72695,-0.74333,-0.76538,-0.78804,-0.80442,-0.82714,-0.84914,1.7363,-0.86551,-0.88889,-0.91346,-0.93803,-0.9626,-0.98717,-1.0116,-1.028,-1.0489,-1.0735,1.7068,-1.0981,-1.1226,-1.1472,-1.1718,-1.1963,-1.2209,-1.2455,-1.27,-1.2946,-1.3192,1.6577,-1.3438,-1.3683,-1.3929,-1.4175,-1.442,-1.4663,-1.4827,-1.5038,-1.5274,-1.5438,1.6394,-1.5602,-1.5765,-1.5929,-1.6093,-1.6257,-1.6421,-1.6517,-1.6599,-1.6681,-1.6763,1.5993,-1.6845,-1.6927,-1.7009,-1.7048,-1.7053,-1.7135,-1.7168,-1.7168,-1.7168,-1.7168,1.5342,-1.7168,-1.7168,-1.7106,-1.7048,-1.7048,-1.6911,-1.6778,-1.6696,-1.6539,-1.6375,1.909,1.485,-1.6211,-1.5966,-1.572,-1.5474,-1.5229,-1.4932,-1.4604,-1.4277,-1.3949,-1.3622,1.4451,-1.3294,-1.2966,-1.2613,-1.2203,-1.1864,-1.1537,-1.1209,-1.0804,-1.0434,-1.0107,1.4132,-0.9779,-0.94514,-0.91238,-0.87962,-0.84686,-0.8141,-0.78134,-0.74859,-0.71798,-0.69341,1.3886,-0.66884,-0.64427,-0.6197,-0.59513,-0.57403,-0.55765,-0.53338,-0.51293,-0.49655,-0.48018,1.3588,-0.46858,-0.45937,-0.44299,-0.43205,-0.42386,-0.41567,-0.40748,-0.39929,-0.3911,-0.38291,1.326,-0.37472,-0.36653,-0.36576,-0.36211,-0.35392,-0.34573,-0.33754,-0.32989,-0.32989,-0.32989,1.2932,-0.32869,-0.3205,-0.31793,-0.31608,-0.30789,-0.2997,-0.29402,-0.29402,-0.28709,-0.2789,1.2664,-0.27071,-0.26252,-0.25815,-0.25803,-0.24165,-0.22976,-0.22157,-0.21338,-0.20519,-0.197,1.2397,-0.18881,-0.18062,-0.1704,-0.15402,-0.14409,-0.1359,-0.12771,-0.11241,-0.099379,-0.091189,1.2069,-0.075228,-0.058849,-0.042708,-0.034518,-0.021666,-0.005286,0.011094,0.027473,0.043853,0.060232,1.8926,1.1742,0.076612,0.09078,0.09897,0.1138,0.13017,0.14655,0.15564,0.16736,0.18374,0.19217,1.1414,0.20454,0.2205,0.22869,0.24172,0.2581,0.27448,0.28536,0.29529,0.31167,0.32189,1.1086,0.33247,0.34885,0.35841,0.3666,0.37479,0.39046,0.40313,0.41132,0.41951,0.42333,1.0759,0.42393,0.43212,0.43529,0.43655,0.44473,0.44725,0.44725,0.44725,0.45358,0.46177,1.0431,0.46996,0.47815,0.48634,0.49453,0.51037,0.52287,0.5313,0.55587,0.57589,0.59305,1.0104,0.61762,0.64219,0.66676,0.69133,0.72175,0.75451,0.78727,0.82003,0.85279,0.88555,0.97761,0.91831,0.95448,0.99542,1.0285,1.0654,1.1063,1.1473,1.1835,1.2172,1.2582,0.94898,1.2937,1.3265,1.3592,1.392,1.4248,1.4575,1.4836,1.5082,1.5327,1.5646,0.92405,1.5938,1.6184,1.643,1.6633,1.6801,1.7047,1.7244,1.7408,1.7571,1.7735,0.89129,1.7881,1.7963,1.8045,1.8127,1.8209,1.8153,1.8071,1.7989,1.8762,0.85853,0.82679,0.80222,0.77221,0.74112,0.71655,0.69198,0.66741,0.64284,0.62503,1.8598,0.60566,0.58109,0.56394,0.54756,0.53118,0.50673,0.48646,0.47062,0.46243,0.44928,1.8448,0.43409,0.4259,0.4121,0.39757,0.38938,0.38119,0.373,0.36481,0.35662,0.3516,1.8366,0.3516,0.34401,0.33582,0.32763,0.31944,0.31125,0.30306,0.29487,0.29182,0.29044,1.8227,0.28225,0.27406,0.25774,0.2168,0.20167,0.18272,0.14177,0.11505,0.093829,0.077449,1.8082,0.045527,0.024783,0.016354,-2.5e-05,-0.011742,-0.021725,-0.046295,-0.065544,-0.080369,-0.088559,1.0,1.0
-0.14907,-0.20329,-0.14907,1.369,1.3972,1.4254,1.4536,1.4818,1.5099,1.5316,1.5392,1.5587,1.549,-0.14907,1.5208,1.4926,1.4644,1.4362,1.3928,1.3365,1.2801,1.2237,1.1673,1.0903,-0.14907,1.0274,0.94827,0.86369,0.77911,0.69453,0.58285,0.49719,0.38442,0.27165,0.15888,-0.14907,0.040684,-0.093773,-0.21413,-0.3551,-0.49606,-0.62618,-0.75088,-0.87883,-0.9916,-1.0892,-0.14907,-1.19,-1.2854,-1.3516,-1.4275,-1.4915,-1.5479,-1.6042,-1.6606,-1.6921,-1.7203,-0.14907,-1.7485,-1.7203,-1.6899,-1.6368,-1.6042,-1.5479,-1.4915,-1.4351,-1.3787,-1.3223,-0.14907,-1.2551,-1.1824,-1.113,-1.0426,-0.97099,-0.88642,-0.80184,-0.71726,-0.63268,-0.54811,-0.14907,-0.46353,-0.37895,-0.27052,-0.18269,-0.09811,-0.013532,0.098154,0.18273,0.27056,0.37899,-0.14907,0.46357,0.55466,0.65984,0.74441,0.82899,0.91357,0.99815,1.0827,1.1673,1.2519,-0.14907,1.3202,1.3766,1.433,1.4893,1.5251,1.5533,1.5815,1.5859,1.6108,1.613,-0.20329,-0.14907,1.5859,1.5577,1.5295,1.5013,1.4731,1.4449,1.4167,1.3809,1.3332,1.2953,-0.14907,1.2389,1.1825,1.1261,1.0556,0.97104,0.8702,0.75743,0.64466,0.53188,0.39851,-0.14907,0.25755,0.11659,-0.00052,-0.13823,-0.25317,-0.39305,-0.50582,-0.62076,-0.75847,-0.87124,-0.14907,-0.98401,-1.0903,-1.1824,-1.2865,-1.3614,-1.4286,-1.5012,-1.5576,-1.5999,-1.6281,-0.14907,-1.6563,-1.6845,-1.6942,-1.7138,-1.7007,-1.6726,-1.6444,-1.6162,-1.563,-1.5327,-0.17618,-1.4774,-1.421,-1.3646,-1.3082,-1.2475,-1.1629,-1.0783,-0.99377,-0.90051,-0.7975,-0.20437,-0.71292,-0.62835,-0.54377,-0.4451,-0.36269,-0.29004,-0.20546,-0.13931,-0.063411,0.000564,-0.23257,0.056949,0.090563,0.14261,0.199,0.25538,0.28466,0.34104,0.39743,0.45381,0.5102,-0.26076,0.56658,0.62297,0.67935,0.73574,0.79212,0.83767,0.87779,0.93417,0.99056,1.0469,-0.28895,1.1033,1.1597,1.1977,1.2454,1.3018,1.3365,1.3646,1.4167,1.4481,1.4763,-0.20329,-0.31714,1.5045,1.5327,1.5609,1.5891,1.6173,1.6455,1.6672,1.6748,1.6943,1.704,-0.34534,1.7106,1.6824,1.6542,1.626,1.5978,1.5696,1.524,1.4677,1.4308,1.382,-0.37353,1.3256,1.2465,1.1857,1.1044,1.0198,0.93526,0.82357,0.73682,0.62731,0.54273,-0.4104,0.45273,0.35297,0.289,0.21309,0.15671,0.10032,0.043937,-0.012448,-0.054737,-0.09811,-0.45702,-0.13823,-0.18377,-0.22172,-0.24992,-0.27811,-0.3063,-0.31172,-0.28787,-0.25967,-0.25751,-0.48522,-0.2304,-0.20329,-0.20112,-0.17618,-0.17184,-0.14907,-0.14907,-0.14148,-0.12197,-0.12197,-0.52534,-0.11112,-0.094857,-0.094857,-0.094857,-0.094857,-0.078592,-0.067749,-0.067749,-0.067749,-0.067749,-0.58172,-0.067749,-0.067749,-0.067749,-0.067749,-0.067749,-0.040641,-0.039556,-0.013532,-0.010279,0.013576,-0.62401,0.013576,0.020082,0.040684,0.040684,0.050443,0.067792,0.067792,0.067792,0.067792,0.067792,-0.66738,0.067792,0.067792,0.067792,0.067792,0.04719,0.040684,0.040684,0.016829,-0.19895,-0.72377,-0.78015,-0.83654,-0.89292,-0.94931,-1.0057,-1.0621,-1.1185,-1.1748,-1.2312,-0.17618,-1.2876,-1.3429,-1.3711,-1.3993,-1.4275,-1.4557,-1.4774,-1.485,-1.5132,-1.5414,-0.17618,-1.5695,-1.5977,-1.6259,-1.6259,-1.5977,-1.5695,-1.5414,-1.4947,-1.4383,-1.382,-0.17618,-1.3256,-1.2464,-1.1857,-1.1044,-1.0198,-0.93521,-0.85063,-0.76606,-0.68148,-0.5969,-0.16751,-0.5069,-0.40064,-0.30847,-0.1957,-0.082929,0.018998,0.1155,0.22827,0.34104,0.45381,-0.14907,0.56658,0.67935,0.79212,0.88538,0.99056,1.0816,1.1434,1.1998,1.2812,1.3137,0.0,0.0
-2.1125,-1.9685,-1.7771,-0.60183,-0.60183,-0.60183,-0.59483,-0.59127,-0.59127,-0.59127,-0.59127,-0.60025,-0.60183,-1.7532,-0.60183,-0.60183,-0.61239,-0.61279,-0.62296,-0.62626,-0.63352,-0.64409,-0.64647,-0.65465,-1.7359,-0.6705,-0.67723,-0.69453,-0.71183,-0.72913,-0.75369,-0.75686,-0.74973,-0.74339,-0.73917,-1.7186,-0.72992,-0.7286,-0.71804,-0.70972,-0.70747,-0.63286,-0.61556,-0.60883,-0.59153,-0.57423,-1.7013,-0.5675,-0.5502,-0.53844,-0.52788,-0.51943,-0.50213,-0.48562,-0.47809,-0.4608,-0.4435,-1.684,-0.4328,-0.41946,-0.40216,-0.38486,-0.36756,-0.35027,-0.33297,-0.31567,-0.29837,-0.28107,-1.6667,-0.26377,-0.24647,-0.22917,-0.21187,-0.19457,-0.17727,-0.15997,-0.14267,-0.12538,-0.10808,-1.6494,-0.090777,-0.073478,-0.056179,-0.03888,-0.02158,-0.004281,0.002454,0.019753,0.032034,0.043787,-1.6321,0.061086,0.074292,0.08512,0.10242,0.10915,0.11655,0.12711,0.13768,0.14666,0.15339,-1.6148,0.15881,0.16686,0.1736,0.17994,0.17994,0.17994,0.17994,0.17994,0.17994,0.17082,-1.9512,-1.5975,0.16937,0.15881,0.15062,0.14388,0.13715,0.11985,0.11655,0.10638,0.099646,0.09542,-1.5802,0.086177,0.079442,0.063727,0.055408,0.038109,0.031374,0.014074,-0.017487,-0.083382,-0.084175,-1.5629,-0.094739,-0.094739,-0.094739,-0.094739,-0.094739,-0.094739,-0.094739,-0.094739,-0.084175,-0.084175,-1.5456,-0.077572,-0.07361,-0.07361,-0.063046,-0.059348,-0.033333,-0.026598,-0.019864,-0.010224,0.00417,-1.5389,0.010905,0.11272,0.13002,0.14732,0.17043,0.19248,0.20978,0.22708,0.24438,0.26168,-1.5216,0.28954,0.30697,0.3347,0.352,0.3693,0.3866,0.4039,0.4212,0.44906,0.46755,-1.5043,0.49423,0.52209,0.53965,0.56725,0.61625,0.64345,0.66141,0.68095,0.70657,0.72387,-1.5104,0.74117,0.75847,0.77577,0.79307,0.81037,0.8171,0.8344,0.84114,0.85606,0.85606,-1.5104,0.86662,0.86807,0.87719,0.87719,0.87719,0.86992,0.86662,0.85645,0.85606,0.84298,-1.5155,0.82569,0.80839,0.78052,0.7549,0.73536,0.7075,0.6828,0.65877,0.63447,0.61717,-1.9242,-1.5209,0.59987,0.55444,0.54969,0.52856,0.52856,0.52856,0.52935,0.53913,0.54969,0.56012,-1.529,0.57082,0.58416,0.60146,0.62932,0.65718,0.67448,0.76573,0.78303,0.80033,0.81763,-1.5315,0.84549,0.91667,0.96751,0.99247,1.0098,1.0271,1.0444,1.0617,1.079,1.0963,-1.5311,1.1136,1.1307,1.1376,1.1549,1.1722,1.1789,1.1962,1.2135,1.2308,1.2364,-1.5209,1.2443,1.251,1.2578,1.2681,1.2712,1.2786,1.2847,1.2892,1.2982,1.2998,-1.5209,1.2998,1.2998,1.3103,1.3103,1.3103,1.3103,1.3003,1.2998,1.3021,1.3194,-1.5109,1.3367,1.354,1.3713,1.3992,1.4165,1.4338,1.4511,1.4684,1.492,1.5136,-1.5042,1.5309,1.5482,1.576,1.5933,1.6151,1.6385,1.6558,1.6731,1.6904,1.7077,-1.4974,1.7355,1.7528,1.7701,1.7874,1.8047,1.822,1.8385,1.8461,1.8634,1.8807,-1.4801,1.8874,1.9047,1.922,1.9393,1.946,1.9633,1.9806,1.997,-1.906,-1.4734,-1.4667,-1.4494,-1.4321,-1.4253,-1.408,-1.3907,-1.3734,-1.3561,-1.3494,-1.8867,-1.3321,-1.3148,-1.2975,-1.2802,-1.2523,-1.235,-1.2103,-1.1899,-1.1726,-1.1447,-1.8608,-1.1274,-1.1195,-1.1034,-1.0649,-1.0476,-1.0303,-1.0131,-0.99575,-0.97845,-0.96115,-1.8387,-0.94385,-0.92655,-0.90925,-0.89763,-0.88522,-0.86792,-0.85538,-0.84389,-0.82659,-0.80929,-1.8157,-0.79199,-0.77469,-0.75739,-0.74009,-0.72279,-0.71606,-0.70747,-0.69202,-0.68529,-0.67578,-1.7984,-0.66522,-0.65465,-0.64779,-0.63352,-0.63352,-0.62296,-0.62296,-0.61411,-0.61239,-0.61121,5.0,5.0
2.1166,1.9392,1.6662,-0.7871,-0.80928,-0.83146,-0.85364,-0.87581,-0.89799,-0.92017,-0.94235,-0.96452,-0.9867,1.644,-1.0089,-1.0311,-1.0532,-1.0722,-1.0833,-1.1045,-1.1267,-1.1489,-1.1711,-1.1932,1.6107,-1.2108,-1.2223,-1.2445,-1.2594,-1.2736,-1.2958,-1.3079,-1.3189,-1.33,-1.3411,1.5774,-1.3522,-1.3633,-1.3744,-1.3855,-1.3892,-1.3924,-1.4035,-1.4146,-1.4197,-1.4197,1.547,-1.4197,-1.4197,-1.4243,-1.4349,-1.4349,-1.4349,-1.4349,-1.4349,-1.4349,-1.4288,1.5248,-1.4197,-1.4197,-1.4197,-1.415,-1.4044,-1.4044,-1.397,-1.3859,-1.3748,-1.3739,1.4929,-1.3678,-1.3567,-1.3457,-1.3435,-1.3387,-1.3276,-1.3165,-1.298,-1.2791,-1.268,1.4596,-1.257,-1.2459,-1.2328,-1.2106,-1.1974,-1.1863,-1.1752,-1.1641,-1.1455,-1.1267,1.4263,-1.1156,-1.1045,-1.0872,-1.0671,-1.056,-1.0449,-1.029,-1.0075,-0.99638,-0.98529,1.3931,-0.97077,-0.9486,-0.93678,-0.92569,-0.91255,-0.89037,-0.87718,-0.86126,-0.83976,-0.82868,1.8588,1.3598,-0.80997,-0.79126,-0.78017,-0.76908,-0.75174,-0.73166,-0.72057,-0.70948,-0.69351,-0.67206,1.3265,-0.66097,-0.64988,-0.63879,-0.6277,-0.61662,-0.59924,-0.5792,-0.56811,-0.55702,-0.54593,1.2933,-0.53484,-0.52375,-0.51266,-0.50157,-0.49048,-0.4794,-0.46831,-0.45722,-0.44613,-0.43504,1.26,-0.42395,-0.41366,-0.41366,-0.40593,-0.39842,-0.39842,-0.3879,-0.38318,-0.38097,-0.36988,1.2197,-0.36794,-0.36294,-0.35269,-0.35269,-0.35269,-0.34907,-0.33798,-0.33745,-0.33745,-0.3352,1.1782,-0.32411,-0.32221,-0.31718,-0.30697,-0.30697,-0.29915,-0.28806,-0.27698,-0.26589,-0.26124,1.145,-0.25895,-0.24786,-0.23677,-0.22569,-0.2146,-0.20351,-0.19242,-0.17763,-0.15546,-0.14391,1.1117,-0.13282,-0.12173,-0.11064,-0.099554,-0.088465,-0.076424,-0.054246,-0.039956,-0.028867,-0.017778,1.0841,-0.00669,0.010915,0.030731,0.041819,0.052908,0.063997,0.075086,0.086175,0.10519,0.1236,1.0604,0.13468,0.14577,0.15686,0.16795,0.17904,0.19013,0.2064,0.22755,0.23864,0.24973,1.8367,1.0271,0.26082,0.2719,0.28299,0.29408,0.30517,0.31626,0.32735,0.33844,0.34953,0.36061,1.0023,0.3717,0.38279,0.39388,0.40497,0.40943,0.41191,0.42299,0.43408,0.44517,0.45626,0.97157,0.46735,0.47844,0.48953,0.50062,0.51171,0.52279,0.53388,0.54497,0.55606,0.57245,0.92744,0.59348,0.60457,0.62374,0.64592,0.66809,0.69027,0.71245,0.73463,0.7568,0.77898,0.90527,0.80116,0.82452,0.85778,0.88293,0.90511,0.92729,0.96037,0.98689,1.0091,1.0312,0.86194,1.0534,1.081,1.113,1.1352,1.1574,1.1836,1.2168,1.2392,1.2681,1.2987,0.80649,1.3209,1.3431,1.3707,1.4027,1.4249,1.4471,1.4733,1.5065,1.5288,1.551,0.75105,1.5732,1.5954,1.6175,1.6397,1.6606,1.6717,1.691,1.7091,1.7202,1.7423,0.69561,1.7576,1.7714,1.7936,1.8061,1.8172,1.8283,1.8394,1.8505,1.8657,1.8879,0.64016,1.899,1.9101,1.9212,1.9323,1.9434,1.9544,1.9655,1.9766,1.8145,0.58472,0.52927,0.49921,0.48133,0.47025,0.45916,0.41263,0.36077,0.34968,0.30898,1.7923,0.27606,0.25076,0.2064,0.17904,0.14817,0.10439,0.093301,0.053709,0.007181,-0.014997,1.7701,-0.027267,-0.038356,-0.054246,-0.098601,-0.13442,-0.17207,-0.21574,-0.22683,-0.23792,-0.24901,1.7479,-0.2601,-0.27118,-0.28227,-0.29336,-0.30445,-0.31554,-0.33105,-0.35296,-0.36405,-0.38234,1.7258,-0.40147,-0.41256,-0.43363,-0.45581,-0.47799,-0.50016,-0.52234,-0.54006,-0.55145,-0.57363,1.6952,-0.59581,-0.6149,-0.62599,-0.6471,-0.66341,-0.67621,-0.69839,-0.72057,-0.74275,-0.76492,1.0,1.0
-0.58116,-0.5908,-0.62692,-1.7138,-1.6848,-1.6559,-1.6269,-1.598,-1.5691,-1.5394,-1.5008,-1.4622,-1.4236,-0.62692,-1.3938,-1.3617,-1.3231,-1.2845,-1.2475,-1.2186,-1.184,-1.1454,-1.1068,-1.0682,-0.62692,-1.0296,-0.99916,-0.9677,-0.9291,-0.89707,-0.86717,-0.82858,-0.79498,-0.76604,-0.72805,-0.63031,-0.69289,-0.66395,-0.635,-0.60606,-0.57711,-0.54817,-0.51923,-0.49028,-0.46568,-0.44639,-0.63996,-0.4187,-0.39254,-0.37324,-0.35395,-0.33465,-0.31535,-0.29606,-0.27676,-0.25746,-0.24187,-0.64217,-0.23222,-0.21483,-0.19767,-0.18802,-0.17837,-0.16872,-0.15908,-0.14943,-0.13978,-0.13013,-0.64217,-0.12048,-0.11083,-0.10119,-0.091538,-0.08189,-0.077771,-0.077771,-0.068199,-0.062517,-0.062517,-0.64217,-0.054509,-0.044861,-0.035212,-0.032009,-0.03117,-0.021522,-0.011874,-0.002225,0.007423,0.020389,-0.64805,0.039685,0.051622,0.063024,0.082321,0.09582,0.10566,0.12496,0.14425,0.16355,0.18285,-0.65743,0.20214,0.22144,0.24073,0.26114,0.29008,0.31388,0.33317,0.36166,0.38702,0.40632,-0.60045,-0.65743,0.43324,0.46016,0.47946,0.50482,0.53331,0.5526,0.5764,0.60535,0.62575,0.64798,-0.65743,0.67693,0.70587,0.73344,0.75274,0.77745,0.80639,0.83534,0.86428,0.89323,0.91428,-0.65743,0.93586,0.96481,0.99375,1.0227,1.0516,1.0758,1.0951,1.1232,1.1522,1.1811,-0.66578,1.2101,1.239,1.2679,1.2912,1.3106,1.3395,1.3685,1.3974,1.4182,1.4401,-0.67268,1.469,1.4913,1.5106,1.5299,1.5492,1.5685,1.5878,1.6037,1.6133,1.6305,-0.67268,1.6478,1.6575,1.6671,1.6765,1.6765,1.6808,1.6905,1.6917,1.6917,1.6917,-0.67268,1.6917,1.6917,1.6917,1.6917,1.6917,1.6824,1.6727,1.6631,1.6534,1.6438,-0.67268,1.6341,1.6245,1.6142,1.5949,1.5756,1.5563,1.537,1.5177,1.4984,1.472,-0.67268,1.4446,1.4253,1.406,1.3867,1.3578,1.3288,1.2999,1.271,1.242,1.2131,-0.67268,1.1841,1.1552,1.1262,1.0973,1.0683,1.0394,1.0071,0.96851,0.93731,0.90837,-0.6101,-0.67268,0.87942,0.84464,0.80628,0.77734,0.74412,0.70553,0.67525,0.6463,0.61736,0.58841,-0.67268,0.55947,0.53052,0.50158,0.47263,0.44369,0.41475,0.3858,0.36452,0.34317,0.31422,-0.67268,0.29138,0.27208,0.25279,0.23803,0.22838,0.21015,0.19383,0.18418,0.18155,0.18014,-0.67268,0.17049,0.16629,0.16629,0.16629,0.16629,0.16629,0.16629,0.16862,0.17827,0.18155,-0.67268,0.18155,0.18155,0.18635,0.196,0.1968,0.20004,0.20969,0.21206,0.21373,0.22338,-0.67268,0.22731,0.22731,0.22731,0.23147,0.24112,0.25076,0.25782,0.25782,0.26445,0.2741,-0.67268,0.28375,0.2934,0.30305,0.30358,0.30709,0.31674,0.31884,0.31884,0.31884,0.32482,-0.67268,0.33409,0.33409,0.33409,0.33409,0.33409,0.33409,0.33409,0.33409,0.33539,0.34503,-0.67268,0.34934,0.34934,0.34934,0.34934,0.34934,0.34934,0.34934,0.34934,0.34934,0.34999,-0.67268,0.35964,0.3646,0.3646,0.35586,0.34934,0.34934,0.34217,0.33409,-0.61166,-0.67726,-0.68691,-0.72241,-0.76402,-0.81226,-0.83228,-0.84193,-0.85157,-0.89417,-0.96171,-0.61166,-0.97204,-0.98562,-1.0049,-1.0242,-1.0435,-1.0628,-1.1077,-1.1624,-1.1817,-1.2155,-0.61166,-1.2638,-1.2854,-1.3079,-1.3369,-1.3805,-1.4253,-1.4542,-1.4774,-1.4973,-1.5552,-0.61166,-1.5963,-1.6156,-1.6679,-1.7152,-1.7345,-1.7605,-1.7884,-1.8077,-1.8474,-1.9053,-0.61258,-1.9266,-1.9565,-2.0047,-1.9999,-1.9826,-1.9729,-1.9633,-1.9536,-1.944,-1.9298,-0.62223,-1.9106,-1.8998,-1.8872,-1.8679,-1.8486,-1.8293,-1.81,-1.7854,-1.7564,-1.7369,4.0,4.0
-0.32097,-0.32966,-0.36669,-1.4793,-1.4532,-1.4293,-1.4119,-1.3903,-1.3642,-1.3446,-1.3272,-1.3098,-1.2905,-0.37081,-1.2644,-1.2425,-1.2251,-1.2077,-1.1903,-1.173,-1.1556,-1.1382,-1.1208,-1.1035,-0.37949,-1.08,-1.0539,-1.0361,-1.0187,-1.0013,-0.98396,-0.96658,-0.94921,-0.93183,-0.91446,-0.38818,-0.89708,-0.87971,-0.86233,-0.84496,-0.82758,-0.81021,-0.79283,-0.77546,-0.75809,-0.74071,-0.39687,-0.72334,-0.70596,-0.68859,-0.67121,-0.65505,-0.64637,-0.63433,-0.61695,-0.60506,-0.59638,-0.39717,-0.58007,-0.56376,-0.55507,-0.54639,-0.5377,-0.52368,-0.5063,-0.49639,-0.48771,-0.47902,-0.399,-0.46728,-0.44991,-0.43772,-0.42903,-0.42034,-0.41089,-0.39352,-0.37904,-0.37035,-0.35663,-0.40769,-0.33926,-0.32188,-0.30451,-0.28713,-0.26976,-0.25238,-0.23501,-0.21763,-0.20026,-0.18288,-0.41638,-0.16551,-0.14554,-0.11948,-0.098142,-0.080767,-0.056533,-0.030776,-0.013401,0.006413,0.032475,-0.42507,0.053965,0.07134,0.095421,0.12148,0.14755,0.17361,0.19967,0.22573,0.2518,0.2713,-0.33834,-0.43375,0.28868,0.31474,0.3408,0.36687,0.39293,0.41899,0.43865,0.45603,0.48194,0.508,-0.44244,0.53406,0.56013,0.58619,0.61225,0.63831,0.66437,0.68861,0.70598,0.72732,0.75338,-0.4429,0.77945,0.80551,0.83157,0.85596,0.87333,0.89452,0.92058,0.94664,0.9727,0.99069,-0.44457,1.0096,1.0357,1.0581,1.0754,1.0928,1.1102,1.1355,1.1602,1.1775,1.1949,-0.45326,1.2123,1.2297,1.247,1.2644,1.2818,1.2992,1.3165,1.3339,1.3513,1.3687,-0.46195,1.386,1.4034,1.4208,1.435,1.4437,1.4577,1.4751,1.485,1.4936,1.5023,-0.47064,1.511,1.5197,1.5284,1.5371,1.5458,1.5545,1.5631,1.5689,1.5689,1.574,-0.47932,1.5827,1.5842,1.5842,1.5842,1.5842,1.5842,1.5793,1.5706,1.5619,1.5537,-0.48801,1.5537,1.5485,1.5311,1.5185,1.5098,1.4943,1.4769,1.4595,1.4421,1.4248,-0.48862,1.4074,1.39,1.3659,1.34,1.3226,1.303,1.2769,1.2509,1.2248,1.1922,-0.34703,-0.49015,1.1574,1.1314,1.1053,1.0792,1.0532,1.0271,0.99465,0.9599,0.93369,0.90762,-0.49883,0.88156,0.8555,0.82944,0.80337,0.77731,0.75963,0.74043,0.71437,0.69227,0.67489,-0.50752,0.65752,0.64014,0.62277,0.60539,0.58802,0.57445,0.56576,0.55113,0.53376,0.52446,-0.51621,0.51577,0.50709,0.4984,0.48971,0.48681,0.48681,0.47889,0.47157,0.47157,0.46807,-0.53069,0.45938,0.45633,0.45633,0.44856,0.44109,0.44109,0.44109,0.44109,0.4356,0.42692,-0.54806,0.42585,0.42585,0.42585,0.42585,0.42585,0.42052,0.41183,0.41061,0.41061,0.41061,-0.56544,0.40756,0.39887,0.39537,0.39537,0.38805,0.38013,0.38013,0.38013,0.38013,0.38013,-0.58281,0.38013,0.38013,0.38013,0.38013,0.38013,0.38013,0.38013,0.38013,0.38714,0.39537,-0.60019,0.39537,0.39537,0.39537,0.40009,0.40878,0.41061,0.41061,0.41061,0.41061,0.41061,-0.63509,0.41518,0.42387,0.42585,0.42585,0.42585,0.42585,0.42585,0.42585,-0.35145,-0.6959,-0.75107,-0.8032,-0.82423,-0.8477,-0.90852,-0.95256,-0.96994,-1.0202,-1.0897,-0.35145,-1.1211,-1.1493,-1.1928,-1.2298,-1.2559,-1.2819,-1.308,-1.3565,-1.4058,-1.4319,-0.35145,-1.4671,-1.5192,-1.5558,-1.5819,-1.6079,-1.6355,-1.679,-1.7166,-1.7427,-1.7637,-0.35145,-1.7811,-1.8271,-1.8768,-1.8942,-1.9115,-1.9289,-1.9317,-1.923,-1.9143,-1.9051,-0.35999,-1.8878,-1.8704,-1.853,-1.8356,-1.8183,-1.8009,-1.7835,-1.7661,-1.7463,-1.7203,-0.36669,-1.6988,-1.6814,-1.6573,-1.6314,-1.614,-1.5944,-1.5683,-1.5422,-1.5162,-1.4967,4.0,4.0
0.14589,0.14589,0.038009,1.4999,1.4738,1.4166,1.3776,1.3201,1.2617,1.1889,1.111,1.0331,0.95525,0.038009,0.87735,0.79563,0.69999,0.6221,0.52511,0.42774,0.31549,0.21143,0.11407,0.008125,0.038009,-0.10224,-0.19961,-0.29697,-0.39434,-0.49171,-0.58907,-0.67101,-0.7489,-0.8268,-0.89557,0.038009,-0.95399,-1.0124,-1.0708,-1.1293,-1.1877,-1.228,-1.267,-1.3059,-1.3449,-1.3742,0.038009,-1.4012,-1.4347,-1.4541,-1.4736,-1.4931,-1.494,-1.5105,-1.5155,-1.5278,-1.5269,0.049607,-1.5155,-1.5095,-1.4901,-1.4688,-1.4299,-1.3909,-1.3349,-1.2765,-1.2181,-1.1597,0.059586,-1.1013,-1.0363,-0.96284,-0.9021,-0.82421,-0.74631,-0.66842,-0.59053,-0.51264,-0.42347,0.059586,-0.33527,-0.25031,-0.15295,-0.05844,0.020208,0.11757,0.21494,0.29629,0.3881,0.47365,0.064873,0.56125,0.65101,0.7289,0.8068,0.88469,0.96258,1.0405,1.1184,1.1963,1.2742,0.081163,1.3418,1.4002,1.4586,1.5131,1.5521,1.591,1.6108,1.6302,1.6497,1.6563,0.14589,0.082242,1.6563,1.6563,1.6497,1.6302,1.6084,1.5694,1.5305,1.4915,1.4371,1.3652,0.10172,1.2986,1.2218,1.1315,1.0486,0.95126,0.8547,0.77681,0.68073,0.58337,0.47203,0.084292,0.36706,0.26969,0.16467,0.047827,-0.06556,-0.16427,-0.28111,-0.37924,-0.4766,-0.57397,0.081163,-0.67133,-0.7584,-0.83629,-0.91418,-0.98808,-1.0484,-1.1263,-1.1849,-1.2433,-1.3018,0.066923,-1.3472,-1.397,-1.4467,-1.4857,-1.5246,-1.5611,-1.5806,-1.6001,-1.6372,-1.6606,0.047449,-1.6666,-1.678,-1.6882,-1.681,-1.6666,-1.6636,-1.6441,-1.6247,-1.6052,-1.5696,-0.012157,-1.5306,-1.4917,-1.4527,-1.4061,-1.3533,-1.3108,-1.2524,-1.194,-1.1356,-1.0771,-0.085735,-1.0187,-0.94784,-0.88031,-0.82189,-0.76347,-0.701,-0.62505,-0.56663,-0.4889,-0.42822,-0.12468,-0.35469,-0.2768,-0.2098,-0.14259,-0.071386,-0.008381,0.06703,0.12583,0.20372,0.26387,-0.16735,0.32229,0.39425,0.4607,0.52845,0.59912,0.66266,0.73754,0.79596,0.85438,0.93108,0.13063,-0.22577,0.99279,1.0512,1.0977,1.1465,1.2049,1.2576,1.3002,1.3571,1.3961,1.435,-0.28419,1.4907,1.5345,1.5734,1.602,1.6214,1.6409,1.6604,1.6799,1.6993,1.6994,-0.34261,1.6994,1.6843,1.6648,1.6453,1.617,1.5781,1.5391,1.4976,1.4397,1.4007,-0.38414,1.344,1.2855,1.2271,1.1687,1.1103,1.0446,0.97186,0.91344,0.85502,0.7966,-0.43787,0.73818,0.67976,0.60721,0.54135,0.48293,0.43233,0.38766,0.33286,0.29391,0.25497,-0.49629,0.21602,0.17707,0.13813,0.09918,0.060234,0.029648,0.003918,-0.030875,-0.052398,-0.091345,-0.56528,-0.11087,-0.13035,-0.14982,-0.14308,-0.13461,-0.12571,-0.11303,-0.11303,-0.11303,-0.11303,-0.63471,-0.11303,-0.11303,-0.11303,-0.12668,-0.13461,-0.13461,-0.13461,-0.13461,-0.13461,-0.13461,-0.69313,-0.13461,-0.11621,-0.11303,-0.11303,-0.11303,-0.11303,-0.11303,-0.11303,-0.11303,-0.11303,-0.75155,-0.11303,-0.13196,-0.13461,-0.13461,-0.13461,-0.12409,-0.11303,-0.10672,0.11116,-0.80997,-0.86844,-0.94633,-1.0068,-1.0652,-1.1236,-1.1821,-1.2315,-1.2704,-1.3046,0.10274,-1.324,-1.3435,-1.363,-1.3825,-1.3861,-1.3723,-1.3528,-1.3238,-1.2849,-1.2459,0.093786,-1.2037,-1.1453,-1.0869,-1.01,-0.94849,-0.87578,-0.78569,-0.69841,-0.62052,-0.53675,0.074313,-0.44316,-0.36359,-0.26623,-0.16886,-0.071494,0.025872,0.13597,0.24218,0.34807,0.45849,0.054839,0.56017,0.6748,0.77217,0.86953,0.94942,1.0273,1.1052,1.1831,1.2519,1.3104,0.038009,1.3639,1.4029,1.4418,1.4808,1.5197,1.5268,1.5406,1.5484,1.5388,1.5193,0.0,0.0
1.8909,1.7618,1.4398,-0.57585,-0.59793,-0.62001,-0.64208,-0.66992,-0.69583,-0.71791,-0.73998,-0.76206,-0.78414,1.3894,-0.80621,-0.82829,-0.85804,-0.87292,-0.89452,-0.91659,-0.93867,-0.96075,-0.98282,-1.0049,1.3419,-1.0174,-1.0395,-1.0586,-1.074,-1.0903,-1.1014,-1.1124,-1.133,-1.1441,-1.1551,1.2977,-1.1661,-1.1834,-1.1978,-1.2089,-1.2199,-1.2309,-1.2458,-1.2626,-1.2736,-1.2847,1.2536,-1.2957,-1.3068,-1.3178,-1.3288,-1.3399,-1.3509,-1.3706,-1.3826,-1.3936,-1.4047,1.2094,-1.4109,-1.4171,-1.4282,-1.4392,-1.4493,-1.4517,-1.4627,-1.4685,-1.4752,-1.4781,1.1653,-1.4877,-1.4863,-1.4781,-1.4738,-1.4685,-1.4613,-1.4503,-1.4488,-1.4378,-1.4267,1.1264,-1.4157,-1.4047,-1.3936,-1.3826,-1.3716,-1.3605,-1.3495,-1.3384,-1.3274,-1.3164,1.0866,-1.3053,-1.2928,-1.2736,-1.2626,-1.2458,-1.2309,-1.2199,-1.2089,-1.1978,-1.1868,1.0424,-1.1757,-1.1647,-1.1537,-1.1426,-1.1316,-1.1206,-1.1095,-1.0985,-1.0874,-1.0764,1.7316,0.99827,-1.0654,-1.0543,-1.0433,-1.0323,-1.0212,-1.0102,-0.99914,-0.9881,-0.97706,-0.96266,0.95412,-0.94539,-0.93435,-0.91563,-0.90268,-0.88204,-0.8686,-0.84653,-0.82973,-0.81197,-0.79805,0.91284,-0.77742,-0.76494,-0.74574,-0.73039,-0.71407,-0.69583,-0.68239,-0.66176,-0.65072,-0.63632,0.87541,-0.61905,-0.60801,-0.58929,-0.57633,-0.5653,-0.55426,-0.53938,-0.5173,-0.50195,-0.49091,0.83702,-0.47987,-0.46883,-0.45779,-0.44676,-0.43572,-0.42468,-0.41364,-0.4026,-0.39157,-0.38053,0.8039,-0.36949,-0.35845,-0.34741,-0.33638,-0.3263,-0.3239,-0.31286,-0.3071,-0.30038,-0.2975,0.77943,-0.2879,-0.27687,-0.26871,-0.26439,-0.24759,-0.23271,-0.22168,-0.21016,-0.19,-0.1756,0.75735,-0.14873,-0.12809,-0.10938,-0.096418,-0.075782,-0.062344,-0.044108,-0.03307,-0.015313,-0.001395,0.73719,0.009643,0.022121,0.041317,0.052355,0.069152,0.091228,0.10467,0.1157,0.12674,0.13778,0.7228,0.14882,0.15986,0.17089,0.18193,0.19297,0.20401,0.21505,0.22081,0.22752,0.24672,1.7052,0.70552,0.2592,0.27024,0.2784,0.28271,0.29375,0.29759,0.30623,0.30767,0.31679,0.32015,0.69448,0.32639,0.33263,0.34366,0.3547,0.35614,0.36718,0.38206,0.39885,0.40989,0.42093,0.67576,0.43197,0.44589,0.47324,0.4886,0.51067,0.53275,0.58074,0.6057,0.62969,0.65945,0.66281,0.69112,0.7228,0.74487,0.76695,0.78998,0.8255,0.86581,0.89365,0.92244,0.9474,0.65081,0.99827,1.0218,1.052,1.0784,1.1058,1.1566,1.1883,1.22,1.2421,1.2675,0.63113,1.3054,1.3308,1.3496,1.3716,1.3851,1.4158,1.434,1.4451,1.4628,1.4849,0.62009,1.4974,1.5084,1.5195,1.5348,1.5511,1.5622,1.5732,1.5847,1.6049,1.6159,0.60378,1.627,1.638,1.6567,1.6697,1.6807,1.6917,1.7028,1.7138,1.7249,1.7359,0.58842,1.7469,1.7676,1.7786,1.7896,1.8007,1.8117,1.8228,1.8338,1.8448,1.8559,0.57738,1.8669,1.878,1.8813,1.8904,1.9015,1.9125,1.9235,1.9346,1.6721,0.56634,0.55531,0.54139,0.52795,0.51643,0.50156,0.49052,0.47948,0.46844,0.4574,1.639,0.42717,0.40317,0.39549,0.34798,0.33599,0.32879,0.30719,0.29135,0.27168,0.24432,1.6058,0.24,0.2304,0.22177,0.20161,0.19585,0.18481,0.14786,0.14354,0.1325,0.12146,1.5631,0.096028,0.070592,0.059554,0.048516,4.5e-05,-0.002355,-0.013393,-0.045547,-0.067143,-0.075302,1.5281,-0.08634,-0.10314,-0.15545,-0.18664,-0.22072,-0.23991,-0.23991,-0.31718,-0.32822,-0.34261,1.4839,-0.35989,-0.37717,-0.39924,-0.4122,-0.4338,-0.45587,-0.47795,-0.50531,-0.5317,-0.55378,1.0,1.0
1.9525,1.876,1.7017,-0.36518,-0.393,-0.41069,-0.41765,-0.44483,-0.4758,-0.51056,-0.52573,-0.53669,-0.54364,1.6781,-0.55692,-0.57082,-0.58473,-0.59863,-0.61507,-0.63593,-0.65679,-0.67764,-0.6985,-0.71936,1.6503,-0.74022,-0.76108,-0.78742,-0.81523,-0.84304,-0.87085,-0.89866,-0.92647,-0.95429,-0.9821,1.6286,-1.0099,-1.0426,-1.0761,-1.1039,-1.1317,-1.1606,-1.1953,-1.2257,-1.2535,-1.2813,1.6052,-1.3091,-1.3363,-1.3571,-1.382,-1.4094,-1.4302,-1.4511,-1.472,-1.4928,-1.5137,1.5774,-1.5345,-1.5484,-1.5657,-1.5866,-1.6007,-1.6114,-1.6184,-1.6319,-1.6428,-1.6498,1.5437,-1.6504,-1.6532,-1.6601,-1.661,-1.661,-1.661,-1.6551,-1.6504,-1.6504,-1.6447,1.5113,-1.6357,-1.6218,-1.6133,-1.6045,-1.5906,-1.5714,-1.5522,-1.5383,-1.5194,-1.4985,1.4834,-1.4777,-1.4616,-1.4465,-1.4256,-1.4048,-1.3839,-1.363,-1.3422,-1.3213,-1.3005,1.4499,-1.2796,-1.2587,-1.2379,-1.213,-1.1856,-1.1648,-1.1401,-1.1123,-1.0845,-1.0567,1.8298,1.4152,-1.0289,-1.0011,-0.97325,-0.94544,-0.92437,-0.90035,-0.87254,-0.85126,-0.8304,-0.80954,1.3804,-0.78868,-0.76782,-0.74696,-0.7261,-0.70777,-0.69387,-0.67406,-0.65552,-0.64162,-0.62771,1.3457,-0.6138,-0.5999,-0.58599,-0.57209,-0.55818,-0.54428,-0.53037,-0.51646,-0.50256,-0.48865,1.309,-0.47475,-0.46569,-0.45873,-0.45178,-0.44019,-0.42734,-0.42039,-0.41786,-0.41702,-0.41006,1.2673,-0.40732,-0.40669,-0.39974,-0.39679,-0.39637,-0.38941,-0.38625,-0.38604,-0.37909,-0.37572,1.2308,-0.37572,-0.36877,-0.36181,-0.35486,-0.34791,-0.34095,-0.334,-0.32705,-0.3201,-0.31314,1.1944,-0.30619,-0.29924,-0.29228,-0.28533,-0.27585,-0.26194,-0.25394,-0.24467,-0.23076,-0.22254,1.1527,-0.21348,-0.19958,-0.18567,-0.17366,-0.16671,-0.15449,-0.14058,-0.12668,-0.11277,-0.10034,1.1109,-0.093389,-0.08159,-0.067684,-0.053778,-0.044508,-0.036501,-0.022596,-0.013114,-0.005319,0.008587,1.0692,0.022493,0.035767,0.04272,0.053676,0.06716,0.074113,0.084859,0.098554,0.10551,0.11246,1.8159,1.0275,0.11941,0.13332,0.14385,0.15081,0.15776,0.16471,0.17166,0.17862,0.18557,0.19252,0.98579,0.19948,0.20369,0.20369,0.2098,0.21422,0.21422,0.22012,0.22708,0.23403,0.24098,0.94407,0.25004,0.26395,0.27785,0.29176,0.30567,0.32484,0.3457,0.36656,0.38742,0.40975,0.90235,0.43756,0.47022,0.50372,0.53153,0.56398,0.59874,0.63351,0.66827,0.70304,0.7378,0.86064,0.76835,0.7968,0.83156,0.86632,0.90067,0.92848,0.96008,0.99464,1.0224,1.0503,0.81997,1.0781,1.0989,1.1232,1.151,1.1788,1.2034,1.2243,1.2452,1.269,1.2968,0.78521,1.3183,1.3419,1.3697,1.3914,1.4148,1.4426,1.4645,1.4853,1.5062,1.5271,0.74602,1.5479,1.5688,1.5896,1.6086,1.6225,1.6417,1.6609,1.6748,1.6887,1.7026,0.70514,1.7165,1.7304,1.7443,1.7582,1.7675,1.7755,1.7894,1.7989,1.8058,1.8128,0.67038,1.8155,1.8149,1.8079,1.801,1.7936,1.7797,1.7658,1.7508,1.802,0.63561,0.60085,0.56608,0.53132,0.49698,0.46917,0.44135,0.41354,0.38573,0.35792,1.7881,0.33011,0.30925,0.28839,0.26753,0.25341,0.23635,0.21549,0.20769,0.19779,0.18388,1.7742,0.1763,0.16935,0.16239,0.15544,0.14849,0.14154,0.14048,0.13585,0.12194,0.11372,1.7538,0.10677,0.099818,0.087387,0.069689,0.041877,0.0246,0.009009,-0.01185,-0.022596,-0.031023,1.7359,-0.044929,-0.053989,-0.064735,-0.092546,-0.10645,-0.11657,-0.14438,-0.16334,-0.17725,-0.19115,1.722,-0.20927,-0.2295,-0.2434,-0.25731,-0.27122,-0.28512,-0.30282,-0.32347,-0.33737,-0.35128,1.0,1.0
-0.43731,-0.4296,-0.47195,-1.696,-1.6799,-1.6568,-1.6337,-1.6105,-1.5874,-1.5643,-1.5367,-1.5059,-1.4808,-0.47966,-1.4577,-1.4345,-1.4109,-1.38,-1.351,-1.3279,-1.3048,-1.2817,-1.2542,-1.2233,-0.49501,-1.1982,-1.175,-1.1519,-1.1288,-1.1057,-1.0808,-1.0499,-1.0222,-0.99903,-0.97591,-0.50922,-0.95279,-0.93525,-0.91984,-0.89756,-0.87444,-0.85132,-0.8282,-0.80507,-0.78492,-0.76951,-0.51693,-0.74985,-0.72673,-0.70912,-0.6937,-0.6715,-0.64873,-0.63332,-0.61628,-0.59315,-0.57293,-0.52463,-0.55751,-0.5421,-0.52668,-0.51127,-0.49586,-0.48044,-0.46503,-0.44961,-0.4342,-0.41878,-0.53234,-0.40337,-0.38795,-0.37664,-0.36893,-0.35585,-0.34043,-0.33166,-0.32375,-0.30833,-0.29292,-0.54005,-0.2775,-0.26484,-0.25714,-0.2454,-0.22998,-0.21457,-0.19915,-0.19031,-0.18247,-0.16705,-0.54776,-0.15164,-0.13622,-0.11812,-0.094996,-0.075834,-0.060419,-0.045004,-0.029589,-0.007668,0.015383,-0.55546,0.030798,0.047557,0.070679,0.093801,0.11692,0.14005,0.16317,0.19145,0.22228,0.24668,-0.42444,-0.56317,0.2698,0.30063,0.33146,0.36229,0.39312,0.42395,0.45478,0.48561,0.51644,0.54727,-0.57088,0.5781,0.60893,0.63976,0.67059,0.70142,0.73225,0.76308,0.79391,0.82474,0.85557,-0.57859,0.8864,0.91093,0.93406,0.96475,0.99444,1.0176,1.0407,1.0638,1.0906,1.1214,-0.58629,1.1424,1.1578,1.1794,1.2025,1.2257,1.2488,1.2719,1.2927,1.3081,1.3271,-0.594,1.3503,1.3685,1.3839,1.3993,1.4147,1.4376,1.4597,1.4751,1.4906,1.506,-0.60171,1.5214,1.5368,1.5522,1.5676,1.583,1.5985,1.6065,1.6151,1.6306,1.6438,-0.60942,1.6515,1.6592,1.6669,1.6746,1.6823,1.684,1.684,1.684,1.684,1.684,-0.61712,1.6819,1.6742,1.6631,1.6477,1.6369,1.6292,1.6156,1.6002,1.5847,1.5685,-0.62483,1.5454,1.5243,1.5089,1.4902,1.4671,1.4394,1.4085,1.3836,1.3604,1.3302,-0.63254,1.3001,1.2769,1.2518,1.221,1.1902,1.1593,1.1285,1.0977,1.0726,1.0495,-0.43214,-0.6353,1.0193,0.9885,0.95767,0.92875,0.90563,0.87933,0.8485,0.82212,0.799,0.77588,-0.6353,0.75275,0.72963,0.70651,0.68339,0.66026,0.63714,0.61402,0.5909,0.57216,0.55674,-0.64152,0.54133,0.52591,0.5105,0.49508,0.47967,0.46425,0.44884,0.43343,0.41801,0.40691,-0.64923,0.3992,0.39149,0.38379,0.37608,0.36837,0.36066,0.35465,0.35465,0.35168,0.34398,-0.64944,0.34051,0.34051,0.34051,0.34051,0.34051,0.34051,0.34051,0.34051,0.34051,0.34051,-0.64944,0.34051,0.34051,0.34051,0.34596,0.35366,0.35465,0.35465,0.35465,0.35621,0.36392,-0.64944,0.3688,0.3688,0.3688,0.3688,0.3688,0.3688,0.37544,0.38294,0.38294,0.38294,-0.65177,0.38294,0.3857,0.3934,0.39708,0.39708,0.39708,0.39708,0.39708,0.39708,0.39708,-0.65948,0.39849,0.4062,0.41122,0.41122,0.41122,0.41122,0.41122,0.41122,0.41122,0.41122,-0.66358,0.41122,0.41122,0.41122,0.41122,0.41122,0.41511,0.42282,0.42536,-0.43731,-0.66358,-0.67334,-0.68875,-0.69187,-0.69187,-0.71414,-0.73528,-0.74299,-0.76201,-0.80826,-0.43731,-0.84036,-0.85577,-0.87119,-0.8866,-0.92634,-0.97259,-0.98942,-1.0085,-1.0548,-1.0922,-0.44113,-1.1076,-1.1265,-1.1496,-1.1917,-1.2457,-1.2936,-1.3399,-1.3715,-1.4015,-1.4246,-0.44883,-1.4541,-1.5004,-1.5364,-1.5596,-1.5827,-1.6058,-1.6289,-1.652,-1.668,-1.6873,-0.45654,-1.7412,-1.7829,-1.7906,-1.8116,-1.8501,-1.8657,-1.8657,-1.8657,-1.8657,-1.8514,-0.46425,-1.8367,-1.829,-1.8213,-1.8135,-1.8026,-1.7872,-1.7718,-1.7563,-1.7351,-1.712,4.0,4.0
0.5582,0.58093,0.53547,0.7571,0.85342,0.94974,1.0461,1.1424,1.2387,1.335,1.4086,1.5049,1.5794,0.53547,1.6663,1.7305,1.8175,1.8817,1.9232,1.9874,2.0323,2.0704,2.1039,2.1286,0.51388,2.1493,2.1701,2.1721,2.1553,2.1232,2.0911,2.059,2.0042,1.9539,1.9124,0.51274,1.8482,1.7612,1.697,1.6132,1.5396,1.4589,1.372,1.2961,1.2208,1.1262,0.51274,1.0469,0.95627,0.85995,0.76363,0.69004,0.59372,0.52013,0.42381,0.35136,0.27663,0.51274,0.2002,0.11325,0.033127,-0.037906,-0.11405,-0.18906,-0.27601,-0.35756,-0.42717,-0.50474,0.51274,-0.57833,-0.65192,-0.72948,-0.7937,-0.85791,-0.94486,-1.0091,-1.0733,-1.1602,-1.2244,0.49001,-1.2887,-1.3529,-1.3955,-1.4503,-1.5001,-1.5373,-1.5694,-1.6015,-1.6336,-1.6276,0.49001,-1.6183,-1.5861,-1.554,-1.5219,-1.4898,-1.4506,-1.4029,-1.348,-1.3034,-1.2392,0.49001,-1.175,-1.1287,-1.0693,-1.0051,-0.94145,-0.8994,-0.83518,-0.7937,-0.72948,-0.688,0.58093,0.49001,-0.62379,-0.58032,-0.52548,-0.47661,-0.4158,-0.37091,-0.32886,-0.27402,-0.22373,-0.16434,0.49001,-0.11803,-0.05467,-0.012334,0.05188,0.11609,0.18031,0.24452,0.30874,0.37295,0.43716,0.49001,0.50138,0.58832,0.65254,0.71675,0.78096,0.84518,0.88666,0.93638,0.96963,1.0233,0.49001,1.0355,1.0648,1.081,1.1037,1.1037,1.0824,1.0503,1.0182,0.98611,0.94065,0.49001,0.87643,0.81222,0.748,0.65566,0.55934,0.46302,0.3667,0.27038,0.17406,0.077736,0.51274,0.004146,-0.092175,-0.1885,-0.28482,-0.38114,-0.47746,-0.57378,-0.6701,-0.76642,-0.84371,0.51274,-0.93633,-1.0176,-1.1045,-1.1798,-1.2557,-1.3426,-1.4069,-1.4711,-1.5228,-1.5768,0.51274,-1.6183,-1.6646,-1.6967,-1.7288,-1.7609,-1.793,-1.8058,-1.783,-1.7677,-1.7356,0.51274,-1.7035,-1.6714,-1.6393,-1.6072,-1.5717,-1.5202,-1.466,-1.4245,-1.3603,-1.296,0.51274,-1.2318,-1.1449,-1.0807,-0.99685,-0.92951,-0.84967,-0.75562,-0.67976,-0.60447,-0.51752,0.58093,0.51274,-0.43626,-0.36267,-0.27942,-0.19276,-0.11917,-0.041316,0.045629,0.12433,0.21952,0.29424,0.49484,0.39057,0.46416,0.56048,0.65424,0.73039,0.82671,0.9003,0.97929,1.0662,1.1304,0.49001,1.1947,1.2589,1.3231,1.3819,1.414,1.4688,1.501,1.5331,1.5584,1.5745,0.47609,1.5839,1.6038,1.6038,1.5728,1.5407,1.5314,1.4993,1.4652,1.2469,1.1376,0.44398,0.97872,0.85427,0.72982,0.54826,0.42864,0.29396,0.19679,0.11695,0.033127,-0.009209,0.42182,-0.07257,-0.10098,-0.10098,-0.10098,-0.10098,-0.10098,-0.10098,-0.10695,-0.12371,-0.12371,0.4025,-0.12371,-0.14446,-0.14644,-0.14644,-0.16918,-0.16918,-0.16918,-0.16918,-0.18736,-0.19191,0.34056,-0.19191,-0.19191,-0.20213,-0.21464,-0.21464,-0.21464,-0.21464,-0.21464,-0.21464,-0.19191,0.20929,-0.19191,-0.19191,-0.19191,-0.19191,-0.19191,-0.19191,-0.19191,-0.19191,-0.19191,-0.19191,0.14508,-0.19191,-0.19191,-0.19191,-0.19191,-0.19191,-0.21322,-0.21464,-0.21464,0.58093,0.080861,-0.004094,-0.070297,-0.13451,-0.22146,-0.28567,-0.37205,-0.44564,-0.52377,-0.61072,0.57951,-0.68914,-0.76273,-0.84882,-0.91303,-0.971,-1.0187,-1.0807,-1.1128,-1.1659,-1.1997,0.5582,-1.2318,-1.2639,-1.296,-1.3282,-1.3603,-1.3739,-1.3461,-1.3139,-1.283,-1.2725,0.5582,-1.2404,-1.2082,-1.1761,-1.144,-1.1,-1.0571,-1.017,-0.95281,-0.91133,-0.84712,0.5582,-0.7829,-0.71869,-0.65447,-0.59026,-0.52605,-0.46041,-0.37489,-0.31067,-0.24646,-0.16605,0.54201,-0.092459,-0.008356,0.055858,0.15104,0.22975,0.32095,0.40364,0.49086,0.58719,0.68351,0.0,0.0
0.13171,0.15301,0.15301,-0.72009,-0.63108,-0.54207,-0.45305,-0.36404,-0.27502,-0.16961,-0.075702,0.013312,0.10233,0.15301,0.21157,0.30165,0.39066,0.47968,0.56869,0.6577,0.74672,0.83573,0.92474,1.0062,0.15301,1.073,1.1397,1.2065,1.2732,1.3276,1.3722,1.4167,1.4459,1.4682,1.4905,0.15301,1.5127,1.535,1.5372,1.5372,1.5366,1.5143,1.4895,1.445,1.4005,1.356,0.15301,1.3051,1.2383,1.1716,1.1048,1.0278,0.94998,0.87108,0.79516,0.71435,0.62533,0.13863,0.52035,0.42601,0.337,0.22914,0.13768,0.027899,-0.082942,-0.17334,-0.28461,-0.39257,0.13171,-0.48585,-0.59711,-0.70221,-0.79835,-0.90153,-0.99054,-1.0896,-1.1789,-1.2576,-1.3337,0.13171,-1.4005,-1.4672,-1.5182,-1.5627,-1.6072,-1.6518,-1.6767,-1.6989,-1.7208,-1.6985,0.13171,-1.6762,-1.654,-1.6277,-1.5882,-1.56,-1.5155,-1.4631,-1.4052,-1.3509,-1.2948,0.13171,-1.2386,-1.1592,-1.0838,-1.0025,-0.91345,-0.84094,-0.73926,-0.64641,-0.5574,-0.46838,0.15301,0.13171,-0.35808,-0.26906,-0.17813,-0.066864,0.04057,0.13437,0.24564,0.3502,0.44688,0.55815,0.13171,0.65983,0.75939,0.85916,0.96063,1.0585,1.1475,1.2212,1.3042,1.376,1.4427,0.13171,1.5095,1.5561,1.6007,1.6444,1.6667,1.6889,1.7112,1.7288,1.7288,1.7224,0.13171,1.7001,1.6694,1.6249,1.5804,1.5246,1.4579,1.3911,1.3243,1.2576,1.1747,0.13171,1.0857,1.0147,0.929,0.83999,0.75098,0.64067,0.55016,0.4389,0.32763,0.21636,0.13171,0.10509,-0.006173,-0.11744,-0.22871,-0.33997,-0.45124,-0.56251,-0.66174,-0.76375,-0.86107,0.13171,-0.95008,-1.0391,-1.1281,-1.2171,-1.3061,-1.3755,-1.4422,-1.5299,-1.5757,-1.6403,0.13171,-1.6848,-1.7293,-1.7687,-1.7909,-1.8132,-1.8274,-1.8274,-1.8175,-1.7953,-1.773,0.13171,-1.7508,-1.7285,-1.6916,-1.6627,-1.6239,-1.5794,-1.5348,-1.4709,-1.4041,-1.3586,0.13171,-1.2919,-1.2231,-1.1371,-1.0703,-0.99863,-0.90962,-0.82742,-0.74512,-0.64258,-0.55357,0.15301,0.13171,-0.46455,-0.36393,-0.26523,-0.16269,-0.065906,0.038547,0.13342,0.23979,0.33274,0.42175,0.13171,0.51077,0.59978,0.68794,0.75651,0.84276,0.90952,0.97628,1.043,1.1098,1.169,0.13171,1.222,1.2793,1.3238,1.3683,1.4128,1.4573,1.4876,1.5098,1.5321,1.5543,0.13171,1.5766,1.5798,1.5798,1.5588,1.5578,1.5356,1.5108,1.4698,1.4431,1.3986,0.13171,1.3477,1.2883,1.2354,1.1687,1.1019,1.0352,0.9684,0.90164,0.83488,0.78313,0.13171,0.72265,0.65589,0.60702,0.54367,0.49671,0.45221,0.3864,0.3419,0.29739,0.25288,0.14492,0.21263,0.18516,0.14683,0.12458,0.10233,0.080072,0.067827,0.05686,0.046532,0.046532,0.15301,0.03269,0.025237,0.025237,0.025237,0.025237,0.025237,0.005646,0.003942,0.003942,0.003942,0.15301,0.003942,0.003942,0.003942,0.003942,0.003942,0.003942,0.003942,0.003942,0.013738,0.025237,0.15301,0.025237,0.025237,0.025237,0.025237,0.025237,0.025237,0.025237,0.025237,0.15301,0.15301,0.15301,0.17196,0.1743,0.1743,0.1743,0.17281,0.15301,0.1496,0.12735,0.15301,0.10509,0.082841,0.053347,0.00884,-0.035667,-0.080174,-0.13575,-0.19048,-0.24798,-0.30079,0.15301,-0.36021,-0.4111,-0.47243,-0.53919,-0.58721,-0.65142,-0.69752,-0.76364,-0.82912,-0.87587,0.15301,-0.93943,-0.98394,-1.0336,-1.0942,-1.1388,-1.1833,-1.2278,-1.2723,-1.3168,-1.3613,0.15301,-1.393,-1.4153,-1.4375,-1.4598,-1.482,-1.4867,-1.4867,-1.4672,-1.445,-1.4226,0.15301,-1.3781,-1.3336,-1.2861,-1.2233,-1.1739,-1.1071,-1.0336,-0.95232,-0.87683,-0.7975,0.0,0.0
-0.42629,-0.49219,-0.65853,-1.2662,-1.2332,-1.1953,-1.1537,-1.1208,-1.0878,-1.0549,-1.0219,-0.98896,-0.95601,-0.66951,-0.92307,-0.89012,-0.86315,-0.83782,-0.80487,-0.77192,-0.74809,-0.71963,-0.69056,-0.66859,-0.68988,-0.64662,-0.61504,-0.58909,-0.56713,-0.54516,-0.5232,-0.50123,-0.47926,-0.46219,-0.44893,-0.71184,-0.42697,-0.405,-0.39106,-0.37467,-0.35549,-0.34434,-0.32238,-0.30895,-0.29796,-0.28698,-0.72966,-0.27532,-0.25335,-0.24043,-0.22945,-0.22227,-0.22108,-0.2101,-0.19912,-0.18813,-0.18147,-0.74064,-0.17977,-0.16879,-0.16787,-0.16042,-0.15427,-0.15206,-0.14107,-0.14067,-0.13271,-0.12173,-0.75162,-0.11346,-0.11336,-0.10238,-0.091397,-0.080414,-0.069432,-0.057837,-0.035871,-0.022882,-0.011899,-0.76261,0.002824,0.023667,0.03465,0.05512,0.077085,0.099051,0.12102,0.14298,0.16495,0.18691,-0.77359,0.20888,0.23084,0.25281,0.28528,0.31034,0.33758,0.36788,0.38987,0.42282,0.44737,-0.78457,0.47512,0.50491,0.52741,0.56036,0.5844,0.61266,0.64194,0.66496,0.6979,0.72143,-0.51626,-0.79556,0.7502,0.78315,0.8161,0.84904,0.87206,0.90134,0.93429,0.96516,0.98713,1.0195,-0.80654,1.0525,1.0802,1.1048,1.1377,1.1707,1.1953,1.223,1.2559,1.2884,1.3104,-0.80712,1.3412,1.3679,1.3899,1.4118,1.4338,1.4558,1.4777,1.4997,1.5216,1.5436,-0.8149,1.5656,1.5875,1.6095,1.6315,1.6534,1.665,1.6838,1.7006,1.7116,1.7226,-0.82072,1.7444,1.7581,1.7691,1.7801,1.7911,1.8021,1.7955,1.7845,1.7735,1.7626,-0.82327,1.7516,1.7406,1.7296,1.7146,1.694,1.6831,1.6623,1.6403,1.6184,1.5964,-0.83425,1.5744,1.5422,1.5169,1.4899,1.4594,1.4374,1.4046,1.3717,1.3387,1.3058,-0.83432,1.2728,1.2399,1.2069,1.174,1.141,1.1081,1.0751,1.0422,1.0092,0.9723,-0.84262,0.92973,0.89678,0.86384,0.82378,0.78434,0.75139,0.71844,0.68549,0.65254,0.6196,-0.84792,0.58665,0.5537,0.5315,0.5014,0.47396,0.44911,0.41643,0.39447,0.3725,0.35053,-0.52724,-0.84792,0.32857,0.3066,0.28464,0.27182,0.25431,0.23234,0.21167,0.20068,0.1897,0.17872,-0.84836,0.16774,0.15675,0.14577,0.14495,0.13741,0.13135,0.13135,0.13135,0.14203,0.14495,-0.85934,0.14495,0.14778,0.15856,0.15856,0.16712,0.17216,0.17549,0.18576,0.18576,0.18576,-0.86152,0.19222,0.19936,0.20058,0.21157,0.21296,0.21296,0.21296,0.21469,0.22568,0.22656,-0.86152,0.22656,0.23142,0.24016,0.24016,0.24016,0.24815,0.25376,0.25376,0.2539,0.26488,-0.86509,0.26736,0.26736,0.26736,0.26801,0.27899,0.28096,0.28096,0.28096,0.28212,0.2931,-0.87512,0.29457,0.29457,0.29885,0.30817,0.30817,0.30817,0.31558,0.32177,0.32177,0.32177,-0.87512,0.32177,0.32177,0.32707,0.33537,0.33537,0.33537,0.33537,0.33537,0.33537,0.33537,-0.87512,0.33537,0.33537,0.33537,0.33907,0.34897,0.34897,0.34897,0.3558,0.36257,0.36257,-0.90861,0.36257,0.37253,0.37617,0.37617,0.37828,0.38926,0.38977,0.38977,-0.54135,-0.94721,-0.95819,-0.96917,-1.0391,-1.1088,-1.1747,-1.2347,-1.2676,-1.3419,-1.3802,-0.56281,-1.4073,-1.4501,-1.527,-1.5497,-1.6128,-1.6616,-1.6955,-1.7599,-1.7819,-1.8301,-0.57379,-1.8666,-1.8851,-1.897,-1.9189,-1.9686,-1.997,-2.008,-2.019,-2.03,-2.041,-0.58477,-1.9948,-1.9451,-1.9341,-1.9231,-1.9121,-1.9011,-1.8902,-1.8768,-1.8548,-1.8436,-0.60201,-1.8245,-1.808,-1.7941,-1.7722,-1.7502,-1.7282,-1.7063,-1.6809,-1.6487,-1.6268,-0.62762,-1.5956,-1.5692,-1.5433,-1.5104,-1.4774,-1.4445,-1.4115,-1.3786,-1.3438,-1.2999,4.0,4.0
0.055557,0.074832,0.11338,0.2965,0.40758,0.50419,0.60081,0.69242,0.77477,0.86628,0.94358,1.0157,1.0789,0.11338,1.1509,1.2089,1.2614,1.3055,1.3525,1.3774,1.4104,1.4241,1.4241,1.4184,0.1128,1.3991,1.3797,1.3545,1.3159,1.2713,1.2133,1.1553,1.0973,1.0332,0.95591,0.094108,0.87862,0.79501,0.69839,0.60818,0.52443,0.42781,0.3312,0.24118,0.15058,0.041341,0.094108,-0.055277,-0.1519,-0.24851,-0.34513,-0.44175,-0.53138,-0.61571,-0.70525,-0.78967,-0.87911,0.094108,-0.95641,-1.0337,-1.111,-1.1883,-1.2582,-1.3236,-1.4009,-1.4706,-1.521,-1.5673,0.093337,-1.6176,-1.6562,-1.687,-1.7064,-1.7178,-1.7178,-1.7098,-1.6985,-1.6904,-1.6711,0.074832,-1.6436,-1.6049,-1.5663,-1.5276,-1.4806,-1.4311,-1.3755,-1.3067,-1.2487,-1.1821,0.074832,-1.1048,-1.0363,-0.96951,-0.89222,-0.81492,-0.73763,-0.66033,-0.57403,-0.48647,-0.40918,0.074832,-0.32272,-0.22611,-0.13874,-0.052145,0.035125,0.11242,0.18971,0.26701,0.3443,0.4216,0.074832,0.074832,0.49889,0.57619,0.66322,0.75005,0.82735,0.91452,1.0012,1.0785,1.1658,1.2524,0.074832,1.3195,1.3775,1.4457,1.5025,1.5411,1.5798,1.6184,1.6466,1.6659,1.6853,0.075892,1.694,1.6833,1.664,1.6447,1.6146,1.5759,1.5264,1.4684,1.3994,1.3221,0.094108,1.2449,1.1676,1.0791,0.99369,0.90512,0.80851,0.72326,0.63454,0.53793,0.44131,0.094108,0.34469,0.24807,0.15145,0.054834,-0.041784,-0.1384,-0.23502,-0.33164,-0.42826,-0.52488,0.094108,-0.60945,-0.69884,-0.78331,-0.8728,-0.95718,-1.0345,-1.1118,-1.1891,-1.2664,-1.3437,0.094108,-1.4084,-1.479,-1.531,-1.5823,-1.6403,-1.6855,-1.7113,-1.7435,-1.7693,-1.7886,0.095409,-1.7819,-1.7626,-1.7432,-1.7239,-1.6914,-1.6395,-1.5815,-1.5369,-1.4714,-1.4076,0.11338,-1.3496,-1.2781,-1.2008,-1.1235,-1.0462,-0.96894,-0.89164,-0.81435,-0.72317,-0.64048,0.11338,-0.54921,-0.45259,-0.37005,-0.27863,-0.18201,-0.085395,0.011223,0.10784,0.20446,0.30108,0.074832,0.11338,0.3977,0.49432,0.59093,0.68755,0.78417,0.86609,0.95813,1.0547,1.1365,1.2287,0.11488,1.3104,1.3877,1.4499,1.5079,1.5659,1.6087,1.6473,1.686,1.7093,1.744,0.13266,1.7672,1.7865,1.7904,1.7904,1.7904,1.7747,1.7554,1.7203,1.6816,1.643,0.13266,1.5884,1.5305,1.4725,1.3985,1.3373,1.2632,1.2021,1.1279,1.0668,1.0089,0.13266,0.93452,0.87366,0.81569,0.75771,0.69974,0.64177,0.5838,0.52583,0.46786,0.40989,0.13266,0.35192,0.31086,0.25525,0.21429,0.17564,0.1541,0.11762,0.09618,0.076856,0.057532,0.13439,0.072905,0.074832,0.092277,0.094108,0.11165,0.11338,0.11338,0.11338,0.11338,0.13116,0.15015,0.13266,0.13266,0.11473,0.11338,0.11338,0.11338,0.11338,0.11338,0.095168,0.094108,0.13083,0.094108,0.094108,0.094108,0.094108,0.094108,0.094108,0.094108,0.094108,0.094108,0.094108,0.1115,0.1129,0.11338,0.11338,0.13232,0.13266,0.11362,0.11338,0.094252,0.075025,0.09218,0.072857,0.051509,0.014934,-0.00651,-0.042989,-0.066746,-0.12245,-0.1611,-0.20211,0.094108,-0.26008,-0.31805,-0.37602,-0.43399,-0.49457,-0.56921,-0.62988,-0.70443,-0.76519,-0.83965,0.094108,-0.89762,-0.95853,-1.0328,-1.0908,-1.1457,-1.1875,-1.2423,-1.2841,-1.3388,-1.3742,0.094108,-1.3969,-1.4321,-1.4514,-1.4707,-1.4865,-1.4865,-1.4828,-1.4635,-1.4404,-1.4056,0.094493,-1.3824,-1.3398,-1.2819,-1.2239,-1.1659,-1.108,-1.0458,-0.96855,-0.89126,-0.80967,0.11338,-0.71739,-0.63571,-0.53909,-0.44247,-0.34133,-0.22996,-0.12872,-0.017449,0.083892,0.19506,0.0,0.0
-0.82678,-0.84053,-0.81304,-1.7237,-1.765,-1.8357,-1.8504,-1.8948,-1.9349,-1.9967,-2.0852,-2.1052,-2.0555,-0.81304,-2.0368,-2.0214,-1.9935,-1.9761,-1.9503,-1.9309,-1.9014,-1.872,-1.8425,-1.813,-0.81304,-1.7835,-1.754,-1.7129,-1.6813,-1.6382,-1.5948,-1.5635,-1.5193,-1.4789,-1.4446,-0.80008,-1.4003,-1.3561,-1.3119,-1.2676,-1.2234,-1.1792,-1.135,-1.0907,-1.0465,-1.0023,-0.79908,-0.95806,-0.91383,-0.8696,-0.82537,-0.78115,-0.73692,-0.70073,-0.66221,-0.61798,-0.58479,-0.78554,-0.54327,-0.51207,-0.46884,-0.43935,-0.40987,-0.37712,-0.33715,-0.30767,-0.27818,-0.24145,-0.78335,-0.20547,-0.17598,-0.15674,-0.13076,-0.11351,-0.085532,-0.070274,-0.055532,-0.040789,-0.026047,-0.7718,-0.015772,-0.010308,-0.002026,0.005432,0.01172,0.021171,0.035913,0.039212,0.051652,0.066395,-0.7718,0.081137,0.09588,0.11062,0.12536,0.14011,0.16052,0.18334,0.20574,0.22657,0.25097,-0.76661,0.2698,0.29619,0.32568,0.35516,0.3709,0.40039,0.42987,0.45936,0.48396,0.50458,-0.84053,-0.75805,0.53407,0.56355,0.59304,0.62252,0.65201,0.68149,0.71098,0.72672,0.7562,0.78569,-0.75805,0.81517,0.84466,0.87414,0.89754,0.91937,0.94885,0.97834,1.0078,1.0373,1.0668,-0.75805,1.0963,1.1395,1.1703,1.2122,1.2417,1.2755,1.3144,1.3439,1.3734,1.4029,-0.75805,1.4324,1.4721,1.5051,1.5346,1.5641,1.5935,1.623,1.6525,1.682,1.7115,-0.75805,1.741,1.764,1.7862,1.8072,1.8219,1.8471,1.8652,1.8799,1.8946,1.9094,-0.75805,1.9241,1.9389,1.9536,1.9636,1.9579,1.9499,1.9422,1.9275,1.9127,1.898,-0.75805,1.8832,1.8685,1.8401,1.8243,1.7948,1.7654,1.732,1.6926,1.6632,1.6268,-0.75805,1.5904,1.561,1.5216,1.4882,1.4469,1.4155,1.3723,1.3417,1.2974,1.2532,-0.75764,1.2131,1.1785,1.1343,1.0901,1.0458,1.0016,0.95737,0.91315,0.86892,0.82469,-0.74431,0.78046,0.73758,0.70575,0.66486,0.63537,0.60589,0.5764,0.54692,0.5008,0.46977,-0.84053,-0.74431,0.45503,0.42898,0.4118,0.39705,0.38231,0.36757,0.35283,0.33808,0.32788,0.32234,-0.74431,0.31413,0.30661,0.30039,0.29087,0.28664,0.28664,0.27413,0.27289,0.27214,0.25915,-0.74431,0.2564,0.2454,0.2454,0.2454,0.2454,0.23767,0.23166,0.23166,0.23166,0.21994,-0.74431,0.21791,0.21791,0.21695,0.20416,0.20416,0.20416,0.19922,0.19042,0.19042,0.19042,-0.74431,0.19042,0.19042,0.20135,0.20416,0.20416,0.20416,0.20416,0.20416,0.20416,0.20416,-0.74431,0.20932,0.21791,0.21791,0.21791,0.21791,0.21791,0.22904,0.23166,0.23166,0.23203,-0.74431,0.2454,0.2454,0.2454,0.24977,0.25915,0.25915,0.25915,0.2675,0.27289,0.27289,-0.74431,0.28423,0.28664,0.28664,0.28664,0.28822,0.30039,0.30039,0.30039,0.30039,0.30039,-0.74431,0.30039,0.30039,0.29083,0.28664,0.28664,0.28664,0.28664,0.28664,0.28664,0.28664,-0.75568,0.29042,0.30039,0.30616,0.31413,0.31413,0.32289,0.32788,0.33863,-0.83654,-0.75805,-0.75805,-0.75805,-0.75805,-0.75805,-0.75805,-0.75805,-0.75245,-0.74431,-0.74431,-0.82678,-0.74431,-0.74431,-0.74431,-0.74431,-0.74431,-0.74431,-0.74348,-0.73056,-0.73056,-0.73056,-0.82678,-0.73056,-0.73056,-0.73056,-0.73056,-0.73056,-0.73056,-0.73056,-0.73056,-0.73056,-0.73056,-0.82678,-0.73056,-0.73056,-0.73056,-0.73056,-0.73056,-0.73056,-0.73056,-0.73056,-0.73056,-0.73056,-0.82678,-0.74156,-0.74431,-0.74431,-0.79953,-0.81427,-0.83572,-0.88823,-0.91349,-0.94912,-1.0228,-0.81781,-1.0677,-1.1153,-1.189,-1.2627,-1.3476,-1.4239,-1.4976,-1.5833,-1.5994,-1.6411,4.0,4.0
-2.2779,-2.0506,-1.5924,-0.81087,-0.7863,-0.76796,-0.75568,-0.74657,-0.74042,-0.73104,-0.71875,-0.70977,-0.70362,-1.574,-0.70084,-0.70084,-0.69742,-0.69128,-0.68513,-0.67899,-0.67285,-0.6667,-0.66417,-0.66417,-1.5552,-0.66417,-0.66417,-0.66044,-0.65429,-0.64815,-0.64201,-0.63586,-0.62972,-0.62358,-0.61743,-1.5306,-0.61129,-0.60515,-0.599,-0.59286,-0.58262,-0.57034,-0.56221,-0.55606,-0.5457,-0.53341,-1.5073,-0.51685,-0.49842,-0.48433,-0.47204,-0.46416,-0.45801,-0.43848,-0.41391,-0.39838,-0.3861,-1.5012,-0.37381,-0.36152,-0.33994,-0.31537,-0.30492,-0.29877,-0.28786,-0.27558,-0.25846,-0.24003,-1.495,-0.22649,-0.2142,-0.20687,-0.20072,-0.18957,-0.17728,-0.17007,-0.16393,-0.15778,-0.15164,-1.4889,-0.15069,-0.15069,-0.14543,-0.13929,-0.12783,-0.11554,-0.10864,-0.10249,-0.096349,-0.090206,-1.4827,-0.078561,-0.066274,-0.05955,-0.053407,-0.041639,-0.029353,-0.011381,0.007049,0.013987,0.02013,-1.4766,0.032081,0.044368,0.068391,0.092964,0.10568,0.11797,0.13025,0.14254,0.16693,0.1915,-1.8254,-1.4711,0.20385,0.21611,0.22225,0.22849,0.24077,0.25291,0.25905,0.26519,0.27134,0.27748,-1.4711,0.28362,0.28943,0.28943,0.28983,0.29597,0.30211,0.30826,0.31388,0.31388,0.31446,-1.4711,0.3206,0.32611,0.32611,0.32681,0.33295,0.3391,0.34524,0.35138,0.35753,0.36456,-1.4711,0.37684,0.38913,0.40142,0.41269,0.41884,0.42605,0.43834,0.44949,0.45564,0.46297,-1.4718,0.47526,0.48755,0.49983,0.5108,0.51695,0.52309,0.52923,0.53825,0.55668,0.57212,-1.4779,0.57826,0.58752,0.60595,0.62114,0.62728,0.63343,0.63957,0.64571,0.65186,0.658,-1.4833,0.66414,0.66842,0.66842,0.67035,0.67649,0.68264,0.68878,0.69492,0.70107,0.7051,-1.4833,0.7051,0.7051,0.7051,0.70733,0.71347,0.71733,0.71733,0.71968,0.72582,0.72955,-1.4833,0.72955,0.73203,0.73817,0.74431,0.75046,0.7592,0.77148,0.78111,0.78726,0.7934,-1.4833,0.79954,0.81125,0.82968,0.84242,0.84857,0.85471,0.86085,0.87293,0.89136,0.90374,-1.8008,-1.4833,0.90988,0.9222,0.94063,0.95591,0.96819,0.97727,0.98342,0.9961,1.0145,1.0263,-1.4833,1.0324,1.0386,1.0447,1.0543,1.0666,1.0754,1.0815,1.0912,1.1035,1.1085,-1.4833,1.1085,1.1122,1.1184,1.1245,1.1307,1.133,1.133,1.1291,1.123,1.1247,-1.4833,1.1309,1.133,1.133,1.133,1.133,1.133,1.133,1.133,1.133,1.1372,-1.4822,1.1434,1.1452,1.1452,1.1452,1.1452,1.1497,1.1558,1.1619,1.1681,1.1742,-1.4761,1.1804,1.1865,1.1927,1.1941,1.1941,1.1989,1.205,1.2111,1.2173,1.2186,-1.4711,1.2186,1.2235,1.2296,1.2358,1.2419,1.243,1.243,1.2481,1.2543,1.2604,-1.4711,1.2666,1.2727,1.2788,1.2903,1.3026,1.3149,1.3271,1.3502,1.3748,1.3884,-1.4699,1.4007,1.413,1.4253,1.4432,1.4616,1.4744,1.4867,1.5047,1.5231,1.53,-1.4638,1.5361,1.5423,1.5484,1.5546,1.5607,1.5609,1.5609,1.5549,-1.7762,-1.4588,-1.4588,-1.4563,-1.444,-1.4344,-1.4344,-1.433,-1.4268,-1.4192,-1.4069,-1.7516,-1.3962,-1.39,-1.3855,-1.3855,-1.3822,-1.3699,-1.3593,-1.3532,-1.347,-1.3409,-1.7263,-1.3347,-1.3286,-1.3225,-1.3163,-1.3121,-1.3121,-1.3081,-1.2958,-1.2877,-1.2877,-1.6772,-1.2855,-1.2794,-1.271,-1.2588,-1.2487,-1.2426,-1.2364,-1.2303,-1.2218,-1.2095,-1.6293,-1.1996,-1.1935,-1.1849,-1.1726,-1.1577,-1.1393,-1.1235,-1.1112,-1.0962,-1.0778,-1.6108,-1.0539,-1.0231,-0.99805,-0.97962,-0.95257,-0.91571,-0.88765,-0.86922,-0.85079,-0.83236,3.0,5.0
-0.70138,-0.683,-0.67058,-1.7449,-1.7664,-1.8614,-1.9061,-2.0349,-2.1097,-2.1172,-2.1851,-2.1156,-2.0941,-0.66461,-2.0727,-2.0512,-2.0297,-2.0083,-1.9868,-1.9653,-1.9439,-1.9224,-1.9009,-1.8794,-0.66461,-1.8745,-1.8365,-1.815,-1.7936,-1.7721,-1.7334,-1.7089,-1.6709,-1.6414,-1.6096,-0.66461,-1.5739,-1.531,-1.5064,-1.4635,-1.4205,-1.3889,-1.353,-1.3101,-1.2672,-1.2242,-0.66461,-1.1813,-1.1497,-1.1138,-1.0709,-1.028,-0.98502,-0.94208,-0.89914,-0.85621,-0.83088,-0.66461,-0.78873,-0.74579,-0.71131,-0.67831,-0.64999,-0.61082,-0.58867,-0.56173,-0.52734,-0.50587,-0.66461,-0.48441,-0.46294,-0.44395,-0.43839,-0.41692,-0.39546,-0.38879,-0.37091,-0.36783,-0.35201,-0.66461,-0.34328,-0.32181,-0.30034,-0.27888,-0.2758,-0.26007,-0.25125,-0.24169,-0.2267,-0.20523,-0.66461,-0.18377,-0.16814,-0.15922,-0.13775,-0.13136,-0.1132,-0.11012,-0.094584,-0.085574,-0.076196,-0.66796,-0.061026,-0.057808,-0.036479,-0.015011,-0.002645,0.009537,0.015743,0.034085,0.055553,0.07702,-0.683,-0.683,0.098488,0.11996,0.14142,0.16289,0.18436,0.20583,0.2273,0.24876,0.27023,0.2917,-0.683,0.31317,0.33463,0.36548,0.39596,0.41743,0.43912,0.47875,0.50022,0.53115,0.56154,-0.683,0.58301,0.62286,0.64773,0.68419,0.71522,0.74551,0.7827,0.80725,0.84669,0.86816,-0.683,0.89928,0.92948,0.95095,0.97292,1.0123,1.0337,1.0552,1.0767,1.0981,1.1196,-0.683,1.1411,1.1625,1.184,1.2055,1.227,1.2484,1.2699,1.2914,1.3128,1.3343,-0.683,1.3558,1.3772,1.3987,1.4202,1.4416,1.4631,1.4846,1.506,1.5275,1.549,-0.683,1.5704,1.5919,1.6134,1.6348,1.6563,1.6778,1.6992,1.7207,1.7258,1.7453,-0.683,1.7626,1.7554,1.7339,1.7124,1.691,1.6695,1.648,1.6193,1.5867,1.5652,-0.683,1.5438,1.5223,1.5008,1.4794,1.4579,1.4364,1.3983,1.3751,1.3492,1.3138,-0.683,1.2923,1.2572,1.231,1.1911,1.1652,1.1298,1.1083,1.0731,1.047,1.024,-0.683,-0.683,0.9857,0.96423,0.94277,0.9213,0.866,0.84159,0.82012,0.79865,0.77718,0.76964,-0.683,0.75264,0.73117,0.7097,0.68823,0.66676,0.65932,0.64222,0.63914,0.62254,0.62254,-0.683,0.62254,0.63665,0.64093,0.64093,0.64589,0.65932,0.65932,0.65932,0.65932,0.65932,-0.683,0.65932,0.65932,0.65932,0.65932,0.65932,0.65932,0.65932,0.65932,0.65932,0.64493,-0.683,0.64093,0.64093,0.64093,0.64093,0.64093,0.64093,0.64093,0.64093,0.64093,0.64093,-0.683,0.64093,0.64093,0.64093,0.64093,0.64093,0.64093,0.64093,0.64093,0.64093,0.63849,-0.68355,0.62254,0.62254,0.62254,0.62254,0.60471,0.60163,0.58577,0.57708,0.56738,0.55253,-0.70138,0.54899,0.5306,0.5306,0.5306,0.51874,0.51221,0.51221,0.51221,0.51221,0.51221,-0.70138,0.51221,0.51221,0.51221,0.51502,0.5306,0.5306,0.5306,0.5306,0.54881,0.54899,-0.70138,0.55497,0.56738,0.56738,0.58259,0.58577,0.58875,0.60415,0.60415,-0.683,-0.70138,-0.70138,-0.70138,-0.70138,-0.70138,-0.70138,-0.70138,-0.68534,-0.683,-0.683,-0.683,-0.683,-0.683,-0.683,-0.683,-0.68217,-0.66461,-0.66461,-0.66461,-0.65146,-0.64622,-0.683,-0.64622,-0.64222,-0.62783,-0.62783,-0.62783,-0.61151,-0.60944,-0.60944,-0.60944,-0.60944,-0.683,-0.60944,-0.60944,-0.60944,-0.60944,-0.60944,-0.60944,-0.62287,-0.62783,-0.62783,-0.62783,-0.683,-0.62783,-0.62783,-0.66838,-0.76597,-0.78266,-0.9071,-0.9772,-0.98773,-1.0636,-1.171,-0.683,-1.2912,-1.3126,-1.3643,-1.4291,-1.4506,-1.4721,-1.5009,-1.6069,-1.6589,-1.7234,4.0,4.0
1.9556,1.7473,1.4344,-0.57206,-0.5967,-0.61902,-0.64266,-0.67242,-0.69529,-0.7226,-0.74925,-0.77278,-0.80253,1.3972,-0.83228,-0.85716,-0.88246,-0.91221,-0.94197,-0.97172,-1.0015,-1.0312,-1.061,-1.0907,1.36,-1.1205,-1.1456,-1.1707,-1.1996,-1.2219,-1.2442,-1.271,-1.2955,-1.3111,-1.3334,1.3229,-1.3558,-1.3781,-1.4004,-1.4221,-1.437,-1.4518,-1.4667,-1.4816,-1.4965,-1.5113,1.2857,-1.5202,-1.5234,-1.5257,-1.5327,-1.5327,-1.5268,-1.5234,-1.5212,-1.5141,-1.5141,1.2485,-1.5199,-1.5234,-1.5234,-1.5233,-1.5158,-1.5141,-1.5103,-1.5048,-1.5047,-1.4973,1.2113,-1.4898,-1.4824,-1.475,-1.4675,-1.4601,-1.4472,-1.4359,-1.4267,-1.4119,-1.4042,1.1741,-1.3914,-1.3766,-1.3617,-1.3468,-1.3319,-1.3171,-1.2988,-1.278,-1.2631,-1.2482,1.1369,-1.2282,-1.2091,-1.1943,-1.1794,-1.1645,-1.1446,-1.1254,-1.1106,-1.0957,-1.0808,1.0997,-1.061,-1.0417,-1.0257,-1.0034,-0.98776,-0.96811,-0.94868,-0.93381,-0.91893,-0.8975,1.6778,1.0625,-0.87985,-0.86497,-0.8501,-0.83522,-0.81391,-0.79614,-0.78126,-0.76639,-0.75151,-0.73663,1.0253,-0.71733,-0.69755,-0.68268,-0.6678,-0.65292,-0.63805,-0.62317,-0.60829,-0.59342,-0.58462,0.98813,-0.57299,-0.56042,-0.55256,-0.53769,-0.52878,-0.52134,-0.5139,-0.50616,-0.49128,-0.48226,0.95413,-0.47879,-0.47671,-0.46927,-0.46183,-0.4544,-0.44696,-0.44148,-0.44141,-0.43397,-0.43215,0.92307,-0.42842,-0.42098,-0.41354,-0.4135,-0.4135,-0.4135,-0.41177,-0.40433,-0.40417,-0.39878,0.88588,-0.39134,-0.38552,-0.38552,-0.37836,-0.37092,-0.36348,-0.35455,-0.33967,-0.33184,-0.3244,0.85554,-0.3137,-0.29882,-0.28394,-0.26907,-0.25419,-0.23931,-0.22444,-0.20956,-0.19468,-0.17489,0.82579,-0.1556,-0.14073,-0.12585,-0.10428,-0.086769,-0.071893,-0.05599,-0.033675,-0.017936,-0.003059,0.7868,0.011818,0.026694,0.041571,0.062907,0.080652,0.095528,0.1104,0.12528,0.14016,0.15949,0.7383,0.17924,0.19412,0.20899,0.23009,0.24807,0.26295,0.27783,0.2927,0.30758,0.31824,1.6555,0.70855,0.32801,0.34244,0.34988,0.35732,0.36475,0.37219,0.3793,0.3793,0.38518,0.38863,0.68554,0.39073,0.39817,0.40561,0.41304,0.42048,0.42792,0.43536,0.4428,0.45588,0.47076,0.64867,0.48563,0.50051,0.51539,0.53579,0.55447,0.57109,0.59341,0.61572,0.63804,0.66035,0.61589,0.68267,0.70498,0.7273,0.74961,0.77533,0.80357,0.82588,0.85526,0.87984,0.90544,0.60101,0.9352,0.96495,0.9947,1.0194,1.0449,1.0734,1.0957,1.1248,1.1496,1.1719,0.58613,1.1954,1.2252,1.2482,1.2705,1.2928,1.3162,1.346,1.3691,1.3961,1.4231,0.57126,1.4454,1.4677,1.49,1.5123,1.5346,1.557,1.5793,1.6016,1.6194,1.6369,0.56111,1.6585,1.6734,1.6883,1.7031,1.718,1.7329,1.7478,1.7688,1.7826,1.7924,0.55367,1.8068,1.8143,1.8217,1.8291,1.8366,1.844,1.8514,1.8589,1.8663,1.8738,0.54624,1.881,1.881,1.8867,1.8942,1.9016,1.9091,1.9165,1.9126,1.6314,0.5388,0.52485,0.51459,0.50443,0.48955,0.47467,0.47257,0.46807,0.45019,0.41228,1.6016,0.36765,0.33556,0.31019,0.29037,0.2761,0.26866,0.25507,0.22739,0.19971,0.1908,1.5719,0.16105,0.14338,0.1285,0.11362,0.098746,0.083869,0.057147,0.035462,0.01415,-0.022273,1.5367,-0.037149,-0.052026,-0.07082,-0.099221,-0.14371,-0.1809,-0.20103,-0.2235,-0.25135,-0.27361,1.503,-0.28105,-0.28292,-0.29765,-0.32202,-0.32946,-0.3369,-0.34434,-0.35534,-0.36854,-0.37598,1.4716,-0.39065,-0.40552,-0.4204,-0.43528,-0.45015,-0.46503,-0.48513,-0.50411,-0.52043,-0.54275,1.0,1.0
-2.4015,-2.1191,-1.623,-0.8042,-0.8042,-0.8042,-0.8042,-0.8042,-0.80177,-0.79434,-0.79031,-0.79031,-0.79031,-1.6007,-0.79031,-0.79031,-0.79031,-0.78399,-0.77656,-0.77642,-0.77558,-0.76815,-0.76072,-0.75329,-1.5726,-0.74308,-0.72822,-0.71711,-0.70968,-0.69752,-0.68266,-0.6678,-0.65294,-0.63808,-0.62321,-1.5429,-0.60835,-0.59467,-0.58724,-0.57765,-0.56279,-0.55106,-0.54362,-0.5321,-0.51723,-0.50744,-1.5267,-0.50001,-0.49258,-0.48515,-0.47772,-0.47029,-0.46286,-0.45542,-0.44799,-0.44056,-0.43313,-1.5119,-0.42223,-0.40737,-0.39695,-0.38952,-0.37667,-0.36181,-0.35333,-0.3459,-0.33111,-0.31625,-1.497,-0.30139,-0.28652,-0.27166,-0.2568,-0.24194,-0.22708,-0.21221,-0.19735,-0.18249,-0.16763,-1.4822,-0.15277,-0.1379,-0.12304,-0.10818,-0.094568,-0.087137,-0.077483,-0.062621,-0.050954,-0.043523,-1.4673,-0.031925,-0.017063,-0.00734,9.1e-05,0.007522,0.014953,0.022384,0.029815,0.037246,0.04308,-1.4547,0.04308,0.04565,0.053081,0.05697,0.05697,0.061484,0.068915,0.07086,0.07086,0.07086,-1.8698,-1.4473,0.07086,0.07086,0.07086,0.07086,0.07086,0.07086,0.07086,0.07086,0.07086,0.07086,-1.4399,0.07086,0.07086,0.076693,0.084125,0.091556,0.098987,0.10642,0.11385,0.12128,0.12871,-1.4324,0.13614,0.14357,0.151,0.15843,0.16587,0.1733,0.18073,0.19434,0.2092,0.21691,-1.425,0.22434,0.23177,0.2392,0.24664,0.25143,0.25143,0.25504,0.26247,0.2699,0.27733,-1.4176,0.28476,0.29219,0.29962,0.30706,0.31449,0.32192,0.32935,0.33678,0.34421,0.35164,-1.4101,0.35907,0.37046,0.38532,0.40019,0.41505,0.42401,0.43144,0.44575,0.46061,0.47547,-1.4027,0.49033,0.50519,0.51769,0.52513,0.53589,0.55075,0.56131,0.56874,0.57617,0.5836,-1.4015,0.59728,0.61215,0.61978,0.62722,0.63465,0.64381,0.65868,0.67083,0.67826,0.68937,-1.4015,0.70423,0.71444,0.72187,0.73493,0.74979,0.76465,0.77938,0.78681,0.79535,0.81021,-1.4015,0.82299,0.83042,0.83785,0.84529,0.85272,0.86015,0.86758,0.87501,0.88244,0.88987,-1.8401,-1.4015,0.89036,0.89084,0.89827,0.90571,0.91314,0.91814,0.91814,0.92154,0.92897,0.9364,-1.4015,0.94383,0.94592,0.94592,0.95224,0.95967,0.9671,0.97453,0.98196,0.98939,0.99682,-1.3998,1.0015,1.0015,1.0052,1.0127,1.0201,1.0275,1.035,1.0424,1.0498,1.0572,-1.3924,1.0647,1.0709,1.0709,1.0731,1.0805,1.0879,1.0954,1.1028,1.1102,1.1126,-1.3876,1.1126,1.1186,1.1261,1.1265,1.127,1.1345,1.1419,1.1493,1.1568,1.1642,-1.3876,1.1716,1.1791,1.1865,1.1939,1.2068,1.2216,1.2301,1.2375,1.2523,1.2681,-1.3876,1.2904,1.3108,1.3257,1.3434,1.3657,1.388,1.4103,1.4373,1.4671,1.491,-1.3876,1.5133,1.5423,1.5718,1.5941,1.6164,1.6387,1.661,1.6833,1.7055,1.7278,-1.383,1.746,1.7608,1.7808,1.8031,1.8132,1.8206,1.8351,1.8494,1.8568,1.8642,-1.3756,1.8717,1.8765,1.8765,1.8765,1.8765,1.8765,1.8765,1.871,-1.8084,-1.3681,-1.3607,-1.3533,-1.3458,-1.3384,-1.332,-1.332,-1.33,-1.3226,-1.3151,-1.7713,-1.3077,-1.3003,-1.2928,-1.2854,-1.278,-1.2705,-1.2631,-1.2557,-1.2487,-1.2487,-1.737,-1.2473,-1.2399,-1.2324,-1.225,-1.2176,-1.2101,-1.1984,-1.1835,-1.1739,-1.1665,-1.7073,-1.1528,-1.138,-1.1231,-1.1082,-1.0934,-1.0785,-1.0637,-1.0488,-1.0339,-1.0191,-1.6776,-1.0042,-0.98935,-0.97449,-0.954,-0.93171,-0.92261,-0.91504,-0.90018,-0.88642,-0.87899,-1.6479,-0.86948,-0.85462,-0.84281,-0.83538,-0.82795,-0.82052,-0.81809,-0.81809,-0.81211,-0.80468,3.0,5.0
-0.60891,-0.631,-0.66985,-1.5915,-1.5618,-1.5397,-1.5073,-1.4803,-1.4563,-1.4232,-1.39,-1.3569,-1.3238,-0.66985,-1.2906,-1.2503,-1.2091,-1.176,-1.133,-1.0945,-1.0598,-1.0157,-0.97148,-0.9273,-0.66985,-0.88312,-0.83894,-0.80162,-0.76582,-0.72164,-0.67747,-0.63329,-0.58911,-0.54493,-0.50075,-0.66985,-0.46039,-0.42725,-0.38346,-0.34575,-0.31033,-0.26616,-0.23112,-0.19799,-0.16485,-0.13172,-0.67213,-0.1062,-0.080686,-0.047553,-0.024702,-0.002613,0.02138,0.054513,0.070128,0.085742,0.10783,-0.68318,0.12992,0.14477,0.15886,0.18095,0.19314,0.20418,0.21523,0.22627,0.23732,0.24836,-0.68508,0.25941,0.27045,0.2815,0.29254,0.30358,0.31463,0.32567,0.33557,0.33557,0.34357,-0.68508,0.35081,0.35081,0.35081,0.35728,0.36833,0.37937,0.38128,0.38623,0.39727,0.40832,-0.68584,0.41936,0.4304,0.44145,0.45249,0.46354,0.47458,0.48563,0.50543,0.52295,0.53437,-0.69689,0.55646,0.57855,0.59759,0.60864,0.62958,0.65167,0.67529,0.70842,0.73317,0.75526,-0.63938,-0.70032,0.77735,0.79944,0.82838,0.85885,0.88094,0.90303,0.93045,0.96244,0.98453,1.0066,-0.70374,1.0325,1.0656,1.0881,1.1102,1.1346,1.1677,1.1917,1.2138,1.2359,1.258,-0.71479,1.2801,1.3022,1.3242,1.3463,1.3684,1.3905,1.4126,1.4347,1.4568,1.4785,-0.72583,1.4895,1.5078,1.5268,1.5379,1.5588,1.5809,1.6015,1.6125,1.632,1.6499,-0.73688,1.6609,1.672,1.683,1.694,1.7051,1.7161,1.7272,1.7382,1.7493,1.7603,-0.74602,1.7637,1.7527,1.7416,1.7306,1.7196,1.7085,1.6883,1.6712,1.6594,1.6373,-0.74602,1.6152,1.5897,1.5566,1.5337,1.5055,1.4724,1.4393,1.3974,1.3578,1.3242,-0.74602,1.2801,1.2431,1.2069,1.1628,1.1186,1.0801,1.0455,1.0013,0.95711,0.91293,-0.75059,0.86875,0.82458,0.7804,0.73889,0.70575,0.6631,0.61892,0.57589,0.54275,0.50962,-0.76125,0.47649,0.44335,0.41022,0.37709,0.34624,0.32415,0.29292,0.26969,0.25788,0.23579,-0.63938,-0.76125,0.21371,0.19504,0.184,0.17296,0.16191,0.15087,0.13982,0.12878,0.11773,0.10745,-0.76125,0.11849,0.12954,0.14058,0.15163,0.15277,0.15277,0.15429,0.16534,0.168,0.168,-0.7643,0.168,0.168,0.168,0.168,0.168,0.168,0.168,0.16915,0.18019,0.18324,-0.77534,0.18324,0.18324,0.18324,0.18324,0.18324,0.18324,0.18324,0.17829,0.168,0.168,-0.77648,0.168,0.168,0.168,0.168,0.168,0.168,0.168,0.168,0.168,0.168,-0.77648,0.168,0.168,0.168,0.168,0.17791,0.18324,0.18476,0.19581,0.19847,0.20266,-0.77648,0.21371,0.21371,0.22056,0.22894,0.22894,0.22894,0.22894,0.23008,0.24113,0.24417,-0.77648,0.24417,0.24417,0.24417,0.24417,0.24417,0.24417,0.24417,0.24417,0.24417,0.24417,-0.76811,0.24417,0.24417,0.24417,0.24417,0.24417,0.24417,0.24417,0.24417,0.24417,0.24417,-0.77382,0.24417,0.24417,0.24417,0.24417,0.24417,0.24989,0.26093,0.27197,-0.63938,-0.80695,-0.818,-0.82904,-0.85075,-0.90597,-0.96119,-1.0004,-1.0259,-1.0812,-1.1124,-0.63938,-1.1383,-1.1714,-1.2259,-1.2682,-1.3013,-1.3344,-1.3858,-1.446,-1.51,-1.5431,-0.64471,-1.5763,-1.6162,-1.6715,-1.6958,-1.7179,-1.7476,-1.8139,-1.8451,-1.8626,-1.8741,-0.65462,-1.8962,-1.9327,-1.9678,-1.9788,-1.9799,-1.9857,-1.9906,-1.9575,-1.9411,-1.9301,-0.65462,-1.919,-1.908,-1.8969,-1.8859,-1.8748,-1.8638,-1.8527,-1.8417,-1.8307,-1.8196,-0.66261,-1.8048,-1.7827,-1.7712,-1.7537,-1.7316,-1.7095,-1.6875,-1.6654,-1.6433,-1.6212,4.0,4.0
-0.72589,-0.76121,-0.81474,-1.4483,-1.4247,-1.4012,-1.3776,-1.3541,-1.3305,-1.307,-1.2834,-1.2599,-1.2363,-0.82651,-1.2034,-1.1748,-1.1512,-1.1277,-1.1041,-1.0701,-1.0426,-1.0139,-0.98103,-0.95748,-0.82702,-0.93393,-0.9015,-0.87239,-0.8453,-0.81084,-0.78729,-0.76374,-0.74019,-0.71664,-0.69114,-0.83562,-0.65582,-0.63155,-0.608,-0.58445,-0.5609,-0.53735,-0.5138,-0.49025,-0.47349,-0.4576,-0.84147,-0.43405,-0.4105,-0.3975,-0.37785,-0.3595,-0.34773,-0.33595,-0.32418,-0.3124,-0.30063,-0.84147,-0.28885,-0.27708,-0.2653,-0.26357,-0.2562,-0.24443,-0.23265,-0.22088,-0.2091,-0.20578,-0.84147,-0.2,-0.18823,-0.17645,-0.16468,-0.1529,-0.14113,-0.12935,-0.11758,-0.10581,-0.094031,-0.84147,-0.082256,-0.070481,-0.058707,-0.046932,-0.035158,-0.023383,-0.005251,0.014614,0.0274,0.050949,-0.83179,0.064385,0.0836,0.10715,0.1307,0.15425,0.1778,0.20135,0.2249,0.24845,0.27199,-0.82702,0.29554,0.31909,0.34264,0.36619,0.38974,0.41329,0.43684,0.46039,0.48394,0.51016,-0.76923,-0.82702,0.54548,0.56903,0.59258,0.61613,0.63968,0.66323,0.68678,0.70014,0.71943,0.74298,-0.82702,0.76653,0.79008,0.81363,0.82858,0.84628,0.86983,0.8928,0.90457,0.92603,0.94958,-0.82702,0.97313,0.99502,1.0068,1.0293,1.0529,1.0764,1.1,1.1235,1.1471,1.1615,-0.81626,1.1797,1.2033,1.2257,1.2374,1.2595,1.283,1.3017,1.3157,1.3392,1.3514,-0.81257,1.3719,1.3894,1.4012,1.4136,1.4372,1.451,1.4628,1.4745,1.488,1.5116,-0.81257,1.5243,1.5279,1.5334,1.5452,1.5569,1.5687,1.5805,1.5857,1.5896,1.6014,-0.81257,1.6131,1.6249,1.6367,1.6485,1.6579,1.6579,1.6693,1.6724,1.6785,1.6902,-0.8125,1.7013,1.7013,1.6915,1.6868,1.6824,1.6724,1.6724,1.6615,1.6497,1.6435,-0.80073,1.6406,1.6288,1.617,1.6053,1.5935,1.5817,1.57,1.5582,1.536,1.5202,-0.79813,1.5033,1.4798,1.4562,1.4327,1.4003,1.3712,1.3441,1.3088,1.2735,1.2382,-0.77566,-0.79813,1.2028,1.163,1.1177,1.0824,1.0361,0.98902,0.94192,0.89778,0.86217,0.81507,-0.79813,0.76797,0.72088,0.67782,0.64113,0.59403,0.5574,0.52208,0.48163,0.43944,0.41589,-0.79813,0.38078,0.34546,0.31635,0.2928,0.26925,0.2457,0.22215,0.1986,0.17968,0.1679,-0.79813,0.15613,0.14435,0.13258,0.1208,0.10903,0.097614,0.097614,0.10708,0.11206,0.11206,-0.79813,0.11206,0.11206,0.11206,0.11994,0.12651,0.12651,0.12651,0.12651,0.12651,0.12022,-0.79813,0.11206,0.11206,0.11206,0.11206,0.11206,0.10737,0.097614,0.097614,0.097614,0.097614,-0.79813,0.097614,0.094508,0.083167,0.083167,0.083167,0.083167,0.083167,0.083167,0.083167,0.083167,-0.79813,0.091113,0.097614,0.097614,0.097614,0.097614,0.097614,0.097614,0.097614,0.098626,0.1104,-0.79813,0.11206,0.11206,0.11206,0.11206,0.11206,0.11206,0.11206,0.11206,0.11524,0.12701,-0.79813,0.13879,0.14096,0.14789,0.1554,0.15699,0.16877,0.18054,0.1843,-0.78368,-0.80679,-0.81857,-0.82702,-0.83027,-0.88914,-0.89926,-0.93465,-0.98031,-1.0021,-1.0139,-0.78476,-1.0257,-1.0374,-1.0767,-1.1361,-1.1596,-1.1831,-1.1975,-1.2355,-1.2788,-1.2955,-0.79654,-1.3544,-1.3822,-1.3981,-1.4298,-1.4795,-1.4912,-1.503,-1.5148,-1.5266,-1.5383,-0.79813,-1.553,-1.6119,-1.6216,-1.6645,-1.7307,-1.7824,-1.7941,-1.8495,-1.8343,-1.8039,-0.80564,-1.7921,-1.7803,-1.7686,-1.7568,-1.745,-1.7332,-1.7202,-1.6966,-1.6835,-1.6717,-0.81257,-1.6549,-1.6313,-1.6078,-1.5957,-1.5751,-1.5577,-1.5425,-1.5189,-1.4954,-1.4718,4.0,4.0
1.9346,1.8275,1.5727,-0.67596,-0.71335,-0.75619,-0.79395,-0.82965,-0.86535,-0.90573,-0.94765,-0.98334,-1.019,1.5442,-1.0553,-1.0981,-1.1331,-1.1618,-1.1975,-1.2332,-1.2689,-1.2977,-1.3263,-1.3548,1.5156,-1.3834,-1.4092,-1.4306,-1.452,-1.4734,-1.4948,-1.5163,-1.5357,-1.5499,-1.5642,1.4814,-1.5785,-1.5928,-1.602,-1.6092,-1.6163,-1.6188,-1.6188,-1.6188,-1.6231,-1.6292,1.4457,-1.6221,-1.6188,-1.6188,-1.6188,-1.6153,-1.6082,-1.6011,-1.5939,-1.5868,-1.5731,1.41,-1.5616,-1.5545,-1.5412,-1.5269,-1.5127,-1.4984,-1.4841,-1.4698,-1.4555,-1.4413,1.3691,-1.427,-1.4127,-1.3984,-1.3841,-1.3699,-1.3548,-1.3333,-1.3161,-1.3018,-1.2876,1.3278,-1.2695,-1.2481,-1.2338,-1.2195,-1.2053,-1.1842,-1.1658,-1.1515,-1.1373,-1.123,1.2921,-1.1087,-1.0944,-1.0801,-1.0659,-1.0516,-1.0373,-1.023,-1.0035,-0.98356,-0.96928,1.2515,-0.955,-0.94072,-0.92644,-0.91217,-0.89789,-0.88361,-0.86933,-0.85505,-0.84077,-0.82649,1.7644,1.2087,-0.81221,-0.79793,-0.78365,-0.76937,-0.7551,-0.74082,-0.72654,-0.71226,-0.69798,-0.6837,1.1658,-0.67542,-0.66604,-0.65176,-0.6431,-0.6341,-0.61982,-0.61078,-0.60217,-0.58789,-0.57361,1.1275,-0.56042,-0.55328,-0.54167,-0.5281,-0.52096,-0.51382,-0.50635,-0.49208,-0.4815,-0.47436,1.0918,-0.46722,-0.46008,-0.45294,-0.4458,-0.43866,-0.43153,-0.42439,-0.41725,-0.41011,-0.40297,1.0561,-0.39801,-0.39801,-0.39245,-0.38531,-0.37817,-0.37103,-0.36389,-0.35675,-0.34961,-0.34247,1.0204,-0.33533,-0.32819,-0.32171,-0.32171,-0.31767,-0.31053,-0.30339,-0.29625,-0.28912,-0.28198,0.98467,-0.27157,-0.25729,-0.24966,-0.23963,-0.22535,-0.21107,-0.19679,-0.18251,-0.16823,-0.15395,0.94897,-0.13967,-0.11989,-0.10022,-0.085937,-0.066535,-0.045116,-0.023698,-0.00702,0.00824,0.029658,0.91698,0.051077,0.071896,0.086176,0.10443,0.12585,0.14727,0.16509,0.17937,0.20063,0.21883,0.88842,0.23311,0.24739,0.26167,0.27595,0.29023,0.3045,0.31878,0.33306,0.34734,0.36162,1.7501,0.85278,0.37045,0.37928,0.39356,0.40277,0.41122,0.4255,0.43509,0.44223,0.44937,0.45651,0.82373,0.46419,0.47847,0.48883,0.49597,0.5031,0.51024,0.51738,0.52452,0.53482,0.5491,0.80231,0.55684,0.56398,0.57112,0.58442,0.5963,0.60344,0.61058,0.61974,0.63402,0.6429,0.77419,0.65004,0.65718,0.66432,0.67271,0.68699,0.69664,0.70465,0.71893,0.73321,0.74699,0.73975,0.75413,0.76514,0.77942,0.7937,0.81147,0.83289,0.84744,0.86483,0.88624,0.90766,0.69691,0.92908,0.9505,0.97192,0.99568,1.0242,1.0528,1.0814,1.1099,1.1385,1.167,0.67936,1.1956,1.2241,1.2527,1.2813,1.3098,1.3384,1.3669,1.3997,1.4345,1.4559,0.66508,1.4812,1.5097,1.5383,1.5634,1.5848,1.6063,1.6307,1.6593,1.675,1.6919,0.6508,1.7133,1.7348,1.7539,1.7682,1.7881,1.8076,1.8219,1.8362,1.8505,1.8647,0.6187,1.8741,1.8824,1.8967,1.9064,1.9136,1.9207,1.9279,1.9342,1.729,0.59172,0.58458,0.56633,0.54491,0.52349,0.50207,0.48065,0.45923,0.44741,0.43819,1.7076,0.41678,0.39977,0.38615,0.37901,0.36783,0.35383,0.34669,0.3359,0.32162,0.29328,1.6862,0.27126,0.25698,0.2294,0.20951,0.20237,0.17016,0.13697,0.10841,0.097512,0.092498,1.6584,0.092498,0.086993,0.072877,0.03718,0.001482,-0.030129,-0.044408,-0.058687,-0.072966,-0.087245,1.6298,-0.10588,-0.1273,-0.14872,-0.17014,-0.19156,-0.21298,-0.23799,-0.26655,-0.28813,-0.31277,1.6013,-0.34133,-0.37648,-0.40934,-0.4379,-0.47267,-0.50592,-0.53448,-0.56887,-0.60456,-0.64026,1.0,1.0
-0.53335,-0.54537,-0.54537,-1.6808,-1.7461,-1.7818,-1.8444,-1.8588,-1.8733,-1.9229,-1.9503,-1.9374,-1.9229,-0.5423,-1.9085,-1.894,-1.868,-1.853,-1.8341,-1.812,-1.7976,-1.7712,-1.7543,-1.7301,-0.53335,-1.7084,-1.6891,-1.6626,-1.6456,-1.6166,-1.5877,-1.5687,-1.5418,-1.5128,-1.4838,-0.53335,-1.4627,-1.4379,-1.4097,-1.3921,-1.3631,-1.3341,-1.3052,-1.2762,-1.2473,-1.2183,-0.53335,-1.1894,-1.1604,-1.1315,-1.1025,-1.0735,-1.0446,-1.0156,-0.98667,-0.95772,-0.92876,-0.53245,-0.8998,-0.87085,-0.84189,-0.81294,-0.78398,-0.76434,-0.73808,-0.71135,-0.69219,-0.67038,-0.52134,-0.6559,-0.62941,-0.61493,-0.60045,-0.58598,-0.5715,-0.55702,-0.54254,-0.53335,-0.5256,-0.52134,-0.51112,-0.49731,-0.49418,-0.4797,-0.46523,-0.46126,-0.44829,-0.43723,-0.43134,-0.42522,-0.52134,-0.4144,-0.39993,-0.38917,-0.38298,-0.36851,-0.35403,-0.33955,-0.32507,-0.3106,-0.29612,-0.52134,-0.28164,-0.27918,-0.2647,-0.25022,-0.23574,-0.22126,-0.20679,-0.19231,-0.17783,-0.16335,-0.54537,-0.52134,-0.14887,-0.1344,-0.11992,-0.10544,-0.081111,-0.064471,-0.049993,-0.030288,-0.009022,0.015608,-0.52134,0.031949,0.04949,0.072919,0.095387,0.11389,0.14038,0.15822,0.18135,0.20412,0.23308,-0.52134,0.25002,0.27897,0.30793,0.3283,0.35383,0.38278,0.41174,0.44069,0.46965,0.49861,-0.52134,0.52756,0.55652,0.58547,0.61443,0.64338,0.67234,0.7013,0.73025,0.7687,0.78822,-0.52134,0.81712,0.84608,0.87503,0.90399,0.93294,0.9592,0.97884,1.0078,1.0368,1.0652,-0.52134,1.0826,1.1116,1.1406,1.1591,1.1865,1.2154,1.2386,1.2613,1.2903,1.3192,-0.52134,1.3482,1.3771,1.3976,1.423,1.4505,1.4689,1.4915,1.506,1.5318,1.547,-0.52134,1.5614,1.5759,1.5995,1.6169,1.6314,1.6458,1.6603,1.6748,1.6893,1.7014,-0.52134,1.7062,1.7207,1.7352,1.7495,1.7521,1.7666,1.7659,1.7515,1.737,1.7225,-0.52134,1.708,1.6935,1.6894,1.6774,1.6741,1.6597,1.6534,1.6427,1.6272,1.6018,-0.54537,-0.52134,1.5873,1.5728,1.5583,1.5438,1.5294,1.5149,1.5004,1.4859,1.4594,1.4408,-0.52134,1.4119,1.392,1.3775,1.351,1.3321,1.31,1.2862,1.2691,1.238,1.1993,-0.52134,1.1776,1.1534,1.1246,1.1075,1.0786,1.0496,1.0207,0.9917,0.95697,0.9151,-0.52134,0.89281,0.86386,0.8349,0.80913,0.78901,0.76005,0.73109,0.69114,0.67318,0.65017,-0.52134,0.62728,0.6092,0.58271,0.56823,0.54126,0.51525,0.50077,0.49831,0.48383,0.46935,-0.51923,0.45487,0.44039,0.42784,0.42345,0.41582,0.40651,0.40381,0.39179,0.38711,0.37263,-0.50932,0.36776,0.37978,0.37978,0.37978,0.37978,0.37978,0.37978,0.3826,0.39179,0.39179,-0.50932,0.39179,0.39245,0.40381,0.40381,0.40381,0.40381,0.40381,0.40381,0.40381,0.40381,-0.50932,0.41462,0.41582,0.41582,0.42201,0.42784,0.42784,0.43985,0.43985,0.43985,0.43985,-0.50932,0.45127,0.45187,0.45187,0.45187,0.44262,0.43985,0.45403,0.46388,-0.54537,-0.50932,-0.50932,-0.50932,-0.50932,-0.50932,-0.50932,-0.50932,-0.50932,-0.50932,-0.50932,-0.54537,-0.50932,-0.50932,-0.50932,-0.50932,-0.50932,-0.50932,-0.50932,-0.50932,-0.50932,-0.50932,-0.54537,-0.50932,-0.50932,-0.50932,-0.50932,-0.50932,-0.50932,-0.50932,-0.50932,-0.50932,-0.50932,-0.54537,-0.50932,-0.50932,-0.51845,-0.57931,-0.60568,-0.69255,-0.74457,-0.75905,-0.82111,-0.84808,-0.54537,-0.86736,-0.88905,-0.94246,-0.9788,-1.0433,-1.0722,-1.1012,-1.1602,-1.185,-1.2572,-0.54537,-1.2771,-1.306,-1.366,-1.3911,-1.4747,-1.5243,-1.5469,-1.5652,-1.5862,-1.6663,4.0,4.0
-0.98179,-0.91855,-0.85555,-1.7511,-1.7034,-1.6557,-1.5958,-1.5445,-1.4968,-1.4617,-1.4045,-1.3537,-1.306,-0.85555,-1.2583,-1.2106,-1.1629,-1.1152,-1.0676,-1.0199,-0.95844,-0.90869,-0.861,-0.8133,-0.85555,-0.77981,-0.73369,-0.686,-0.6383,-0.60529,-0.5587,-0.511,-0.47834,-0.44654,-0.41474,-0.85555,-0.38295,-0.35115,-0.31936,-0.3033,-0.2874,-0.2715,-0.25561,-0.23971,-0.22381,-0.20791,-0.85555,-0.1928,-0.19189,-0.176,-0.1601,-0.1442,-0.1283,-0.1124,-0.096506,-0.080608,-0.064709,-0.85555,-0.048811,-0.032913,-0.017015,-0.001117,0.014781,0.030679,0.046578,0.062476,0.078374,0.09731,-0.85555,0.12595,0.14185,0.16114,0.19293,0.2211,0.24075,0.27254,0.30434,0.33614,0.36793,-0.85555,0.39973,0.43153,0.46332,0.49512,0.5221,0.54293,0.57473,0.60652,0.64361,0.6859,-0.85555,0.71769,0.74949,0.78128,0.81896,0.86066,0.89245,0.92425,0.95605,0.98784,1.0196,-0.8533,1.0581,1.099,1.1308,1.1626,1.1944,1.2335,1.2738,1.3056,1.345,1.3849,-0.90289,-0.83977,1.4167,1.4485,1.4722,1.4963,1.5281,1.5515,1.576,1.599,1.6238,1.6556,-0.83977,1.6783,1.7034,1.7259,1.7418,1.7577,1.7736,1.7895,1.8054,1.8112,1.8214,-0.83977,1.8373,1.8532,1.8586,1.8692,1.8743,1.8852,1.8901,1.9012,1.9059,1.8946,-0.83977,1.8901,1.8786,1.8627,1.8468,1.8309,1.815,1.7991,1.7709,1.7515,1.7231,-0.83977,1.6913,1.6723,1.6435,1.6117,1.5799,1.5481,1.503,1.4687,1.3962,1.3578,-0.83977,1.326,1.2803,1.2466,1.2007,1.1673,1.1211,1.0879,1.0415,1.0085,0.96184,-0.83977,0.91415,0.88156,0.83454,0.80219,0.75493,0.72282,0.69102,0.65923,0.62743,0.59564,-0.83977,0.56384,0.53204,0.50088,0.48423,0.45243,0.42162,0.40462,0.37405,0.35681,0.32647,-0.83977,0.31057,0.29468,0.27878,0.26288,0.24698,0.23108,0.21747,0.21747,0.21747,0.21747,-0.83977,0.21471,0.20169,0.20169,0.20169,0.19846,0.18591,0.18591,0.18591,0.1822,0.17013,-0.90254,-0.83977,0.17013,0.17013,0.16595,0.15435,0.15435,0.14982,0.13857,0.1338,0.12279,0.12279,-0.83977,0.12279,0.11755,0.10701,0.10701,0.10701,0.10701,0.10701,0.10701,0.10701,0.10701,-0.83977,0.10701,0.10701,0.10047,0.091234,0.091234,0.091234,0.098256,0.10701,0.10701,0.10701,-0.83587,0.10701,0.10701,0.10701,0.10701,0.10701,0.10701,0.10701,0.10701,0.10701,0.098454,-0.82399,0.091234,0.091234,0.091234,0.091234,0.091234,0.091234,0.091234,0.091234,0.091234,0.091234,-0.81985,0.091234,0.091234,0.091234,0.091234,0.091234,0.091234,0.091234,0.091234,0.091234,0.091234,-0.80821,0.091234,0.091234,0.091234,0.091234,0.091234,0.091234,0.091234,0.091234,0.091234,0.091234,-0.80821,0.10346,0.10701,0.10701,0.10701,0.10701,0.10701,0.10701,0.12007,0.12279,0.12279,-0.80372,0.12279,0.12279,0.12279,0.12279,0.12279,0.12279,0.13692,0.13857,0.13857,0.13857,-0.79243,0.13857,0.13857,0.15341,0.15435,0.15435,0.16954,0.17013,0.18556,-0.88711,-0.79243,-0.78758,-0.77665,-0.77665,-0.77665,-0.77665,-0.77121,-0.76087,-0.76087,-0.76087,-0.88652,-0.76087,-0.76087,-0.76087,-0.7546,-0.74509,-0.74509,-0.74509,-0.75184,-0.82952,-0.92565,-0.87133,-0.96996,-1.0206,-1.0438,-1.098,-1.1547,-1.1788,-1.2182,-1.258,-1.298,-1.3371,-0.87133,-1.3779,-1.4162,-1.4748,-1.5269,-1.5779,-1.6574,-1.7099,-1.7326,-1.7577,-1.7801,-0.87133,-1.8434,-1.9292,-1.9698,-1.9857,-2.0016,-2.0678,-2.1123,-2.1694,-2.176,-2.1547,-0.87027,-2.1282,-2.0964,-2.0646,-2.0328,-2.001,-1.9692,-1.9261,-1.8784,-1.8307,-1.7947,4.0,4.0
0.77629,0.67784,0.70245,0.037913,0.13858,0.23924,0.33991,0.44058,0.54124,0.64191,0.74257,0.84324,0.94391,0.70245,1.0446,1.1452,1.2331,1.322,1.4087,1.4842,1.5597,1.6352,1.6946,1.7616,0.70245,1.8199,1.8524,1.8776,1.9028,1.9085,1.9285,1.9331,1.912,1.8868,1.7284,0.70245,1.666,1.4991,1.4184,1.2697,1.1936,1.1181,1.0426,0.95898,0.79057,0.69304,0.70245,0.59908,0.41049,0.28945,0.18344,0.063511,-0.037155,-0.222,-0.52627,-0.60989,-0.70188,0.70245,-0.77738,-0.85288,-0.91804,-0.97927,-1.0433,-1.0937,-1.144,-1.1943,-1.2447,-1.2808,0.70245,-1.3059,-1.3311,-1.3563,-1.365,-1.382,-1.3896,-1.3896,-1.3896,-1.3896,-1.3699,0.70245,-1.3447,-1.3195,-1.273,-1.2226,-1.1723,-1.0989,-1.0234,-0.97207,-0.897,-0.8215,0.70245,-0.746,-0.66872,-0.57039,-0.492,-0.39133,-0.29067,-0.19,-0.089334,0.011332,0.11821,0.70245,0.23728,0.34526,0.46322,0.56389,0.66455,0.75568,0.84127,0.93129,1.018,1.1187,0.67784,0.71353,1.207,1.2825,1.358,1.4335,1.509,1.5845,1.6444,1.6947,1.7283,1.7535,0.71544,1.7786,1.7854,1.8044,1.7905,1.6851,1.6417,1.4896,1.422,1.3717,1.23,0.69027,1.1492,1.0976,0.94932,0.84884,0.7694,0.59939,0.5218,0.42378,0.33228,0.14972,0.66511,0.06991,-0.025895,-0.10681,-0.20151,-0.28353,-0.37712,-0.46025,-0.65912,-0.94819,-1.0144,0.63994,-1.0746,-1.1397,-1.1791,-1.2157,-1.254,-1.2792,-1.3043,-1.3158,-1.3301,-1.3404,0.61477,-1.3404,-1.3404,-1.3239,-1.3158,-1.2982,-1.2912,-1.2725,-1.228,-1.1975,-1.1724,0.58961,-1.1263,-1.0759,-1.0476,-0.99988,-0.94955,-0.89921,-0.84888,-0.77393,-0.72286,-0.64866,0.54949,-0.59648,-0.52098,-0.44253,-0.34537,-0.26987,-0.18975,-0.094257,-0.013035,0.081355,0.16368,0.51466,0.26435,0.35708,0.44107,0.54173,0.6424,0.74307,0.84373,0.9444,1.0332,1.1211,0.47343,1.2089,1.2709,1.3352,1.3962,1.4465,1.4811,1.5225,1.5561,1.5812,1.6064,0.6795,0.43971,1.6316,1.6377,1.6377,1.6377,1.6377,1.6165,1.5478,1.4946,1.4443,1.3705,0.39738,1.319,1.2441,1.1681,1.0654,0.91917,0.83506,0.65889,0.49251,0.39566,0.31579,0.34705,0.19543,0.016008,-0.10275,-0.25916,-0.35983,-0.55279,-0.84827,-0.93256,-1.0239,-1.0994,0.29672,-1.1644,-1.2147,-1.2651,-1.3033,-1.3285,-1.3404,-1.3404,-1.3547,-1.3501,-1.3404,0.26521,-1.3404,-1.3238,-1.2987,-1.2735,-1.2483,-1.2232,-1.198,-1.1728,-1.1272,-1.0979,0.22066,-1.0512,-1.0009,-0.95053,-0.9002,-0.84986,-0.79953,-0.72459,-0.67345,-0.59795,-0.52436,0.17033,-0.47157,-0.39607,-0.32414,-0.26968,-0.19886,-0.1433,-0.073582,-0.016911,0.051696,0.10947,0.099507,0.17697,0.22731,0.27764,0.32797,0.36809,0.39326,0.41842,0.41984,0.39467,0.36951,0.045051,0.34434,0.31917,0.29401,0.26884,0.24368,0.23481,0.21795,0.2102,0.2102,0.19168,-0.005282,0.20466,0.2102,0.2102,0.2102,0.23149,0.23481,0.25721,0.25943,0.70245,-0.055615,-0.10595,-0.17954,-0.23123,-0.28156,-0.33189,-0.38222,-0.43256,-0.48289,-0.53322,0.70245,-0.58356,-0.63389,-0.68422,-0.73455,-0.78489,-0.83522,-0.88555,-0.92893,-0.96161,-1.0039,0.70245,-1.0377,-1.0788,-1.104,-1.1292,-1.1543,-1.1909,-1.2293,-1.2544,-1.2666,-1.2802,0.70245,-1.3053,-1.3158,-1.3158,-1.3158,-1.3158,-1.3158,-1.2983,-1.2731,-1.248,-1.2419,0.70245,-1.2026,-1.1725,-1.1473,-1.1221,-1.0751,-1.0472,-0.99902,-0.94868,-0.87423,-0.82334,0.70245,-0.74846,-0.69696,-0.62146,-0.54596,-0.47046,-0.39496,-0.31946,-0.23947,-0.14385,-0.062752,2.0,2.0
-2.3584,-2.1337,-1.7503,-0.76156,-0.75834,-0.75801,-0.74543,-0.74156,-0.73253,-0.73253,-0.72334,-0.71963,-0.70688,-1.7063,-0.70672,-0.70334,-0.69382,-0.69382,-0.68511,-0.68092,-0.68092,-0.66801,-0.66511,-0.65511,-1.6706,-0.64866,-0.64221,-0.64221,-0.64221,-0.6293,-0.6293,-0.62511,-0.6164,-0.60866,-0.59398,-1.6311,-0.59059,-0.57769,-0.57575,-0.56479,-0.5593,-0.55188,-0.54285,-0.52817,-0.52608,-0.51317,-1.599,-0.50995,-0.50027,-0.49349,-0.48737,-0.47704,-0.47446,-0.47349,-0.46156,-0.45704,-0.44865,-1.5696,-0.44059,-0.42591,-0.42285,-0.40946,-0.39704,-0.39301,-0.37833,-0.37123,-0.36188,-0.35833,-1.5429,-0.34543,-0.33252,-0.32898,-0.31962,-0.31252,-0.30672,-0.29607,-0.29381,-0.28091,-0.27785,-1.5238,-0.26317,-0.2551,-0.24672,-0.23204,-0.2293,-0.21639,-0.21381,-0.20349,-0.19736,-0.19059,-1.5006,-0.18091,-0.16623,-0.16446,-0.15188,-0.15188,-0.15188,-0.14446,-0.13897,-0.13897,-0.12623,-1.4859,-0.12607,-0.12268,-0.11317,-0.10623,-0.10026,-0.089778,-0.087359,-0.08623,-0.074455,-0.069778,-2.0932,-1.4906,-0.0551,-0.048648,-0.038648,-0.023971,-0.022196,-0.007519,0.007159,0.021837,0.028772,0.038288,-1.4938,0.052966,0.067644,0.082321,0.093289,0.098773,0.11345,0.12813,0.14281,0.15748,0.17216,-1.4935,0.18684,0.20152,0.21619,0.23087,0.23523,0.24732,0.262,0.27668,0.29136,0.30603,-1.4809,0.32071,0.32555,0.33716,0.35136,0.35362,0.36426,0.37007,0.37716,0.38652,0.39007,-1.4771,0.39007,0.39007,0.39007,0.39007,0.39007,0.39007,0.39007,0.40249,0.40297,0.40604,-1.468,0.41588,0.41588,0.42426,0.42878,0.44071,0.44249,0.45459,0.45459,0.46071,0.46749,-1.4606,0.46749,0.47894,0.48039,0.48249,0.4933,0.4933,0.50072,0.5062,0.51717,0.53184,-1.4459,0.53362,0.54491,0.55007,0.56475,0.57072,0.5812,0.59588,0.59765,0.61233,0.62233,-1.4313,0.62878,0.64346,0.65814,0.66104,0.67459,0.68685,0.69104,0.69975,0.69975,0.70927,-1.4166,0.71265,0.71282,0.72556,0.72556,0.73104,0.73846,0.74749,0.76217,0.77685,0.77862,-2.0585,-1.4019,0.79007,0.79507,0.80975,0.81588,0.8262,0.84088,0.84266,0.85733,0.87201,0.8804,-1.3872,0.88846,0.90314,0.91782,0.9325,0.94492,0.95298,0.97653,0.99121,1.0059,1.0206,-1.3725,1.0481,1.0628,1.081,1.1051,1.1198,1.1344,1.1598,1.1767,1.1914,1.206,-1.3509,1.2207,1.2354,1.2501,1.2648,1.2794,1.2812,1.2933,1.2933,1.2994,1.3062,-1.3303,1.3062,1.3062,1.3191,1.3191,1.323,1.332,1.332,1.332,1.343,1.3449,-1.3156,1.3449,1.3449,1.3449,1.3519,1.3578,1.3578,1.3701,1.3707,1.3736,1.3836,-1.3009,1.3836,1.3836,1.3836,1.3719,1.3707,1.3683,1.3578,1.3519,1.3449,1.3449,-1.2992,1.3449,1.3449,1.343,1.332,1.332,1.332,1.3501,1.3686,1.3959,1.4252,-1.2845,1.4546,1.489,1.533,1.577,1.6211,1.6772,1.7349,1.7817,1.8359,1.8862,-1.2698,1.9369,1.9809,2.0249,2.069,2.1107,2.1401,2.1695,2.1912,-2.0145,-1.2616,-1.2533,-1.2387,-1.2358,-1.2229,-1.2204,-1.21,-1.204,-1.1971,-1.1971,-1.9705,-1.1858,-1.1842,-1.1822,-1.1712,-1.1658,-1.1511,-1.1454,-1.1346,-1.12,-1.1053,-1.9264,-1.0938,-1.0888,-1.0809,-1.0809,-1.0809,-1.0809,-1.0809,-1.0809,-1.0809,-1.0809,-1.8824,-1.0809,-1.0809,-1.0809,-1.068,-1.0658,-1.0551,-1.0493,-1.0422,-1.0329,-1.0182,-1.8384,-1.0164,-1.0017,-0.98705,-0.97237,-0.9577,-0.94302,-0.92834,-0.91366,-0.89898,-0.88431,-1.7943,-0.86963,-0.85495,-0.84027,-0.8256,-0.81092,-0.80914,-0.79447,-0.78414,-0.77801,-0.77124,3.0,5.0
-0.65745,-0.67227,-0.688,-1.2226,-1.1782,-1.1481,-1.1184,-1.0754,-1.0439,-1.0017,-0.96936,-0.92812,-0.89482,-0.688,-0.86519,-0.83556,-0.80592,-0.77629,-0.74666,-0.72542,-0.70267,-0.68052,-0.65867,-0.63561,-0.688,-0.61468,-0.5907,-0.57589,-0.55633,-0.53098,-0.51616,-0.50134,-0.48653,-0.47171,-0.4569,-0.688,-0.44208,-0.42726,-0.41245,-0.39763,-0.38281,-0.368,-0.35318,-0.35196,-0.35196,-0.33928,-0.69686,-0.33668,-0.32492,-0.32141,-0.31056,-0.29575,-0.28093,-0.26611,-0.2513,-0.23648,-0.22167,-0.70328,-0.20685,-0.18485,-0.15522,-0.13185,-0.11123,-0.081597,-0.051964,-0.026761,-0.007973,0.02166,-0.70328,0.051293,0.080926,0.11056,0.14019,0.16982,0.19946,0.22909,0.25872,0.30302,0.33326,-0.71076,0.3629,0.39253,0.42216,0.46417,0.4967,0.52634,0.55597,0.59614,0.63051,0.66014,-0.71855,0.68977,0.72811,0.76432,0.79395,0.82358,0.85321,0.88285,0.91248,0.94211,0.97175,-0.72512,1.0014,1.031,1.0606,1.0903,1.1199,1.1495,1.1792,1.2088,1.2384,1.2681,-0.67273,-0.73383,1.2977,1.3273,1.357,1.3866,1.4162,1.4329,1.4602,1.4899,1.5079,1.5227,-0.73948,1.5375,1.5523,1.5672,1.582,1.5968,1.6116,1.6264,1.6412,1.649,1.6556,-0.7491,1.6704,1.6852,1.7,1.7149,1.7297,1.7407,1.744,1.7559,1.7584,1.7712,-0.75384,1.7697,1.7559,1.7553,1.7405,1.7257,1.7109,1.6961,1.6813,1.6664,1.6516,-0.76438,1.6246,1.6067,1.5806,1.551,1.5213,1.4818,1.4468,1.4081,1.3722,1.3345,-0.76438,1.2901,1.2528,1.2164,1.172,1.1275,1.0831,1.0386,0.99863,0.96502,0.92409,-0.76438,0.8914,0.84955,0.81991,0.79028,0.75943,0.71574,0.68641,0.6716,0.64212,0.61248,-0.76438,0.5966,0.56849,0.55169,0.5245,0.50678,0.49197,0.46615,0.44706,0.43224,0.41743,-0.76682,0.40261,0.38779,0.37298,0.35816,0.34334,0.32853,0.31371,0.2989,0.28408,0.2743,-0.77965,0.26972,0.2549,0.24375,0.24055,0.22848,0.22619,0.2132,0.21183,0.19793,0.19747,-0.67273,-0.77965,0.18266,0.18266,0.1683,0.16738,0.15394,0.15211,0.15211,0.15211,0.15211,0.15211,-0.77965,0.15211,0.16234,0.16738,0.16738,0.16738,0.16738,0.16738,0.16738,0.16738,0.17395,-0.78026,0.18266,0.18266,0.18266,0.18266,0.18266,0.18647,0.19793,0.19793,0.19793,0.19793,-0.79492,0.19946,0.2132,0.2132,0.2132,0.2132,0.22772,0.22848,0.24207,0.24375,0.24375,-0.79492,0.25597,0.25903,0.27033,0.2743,0.2743,0.2743,0.2743,0.28332,0.28958,0.28958,-0.79492,0.28958,0.28958,0.28958,0.28958,0.28958,0.28958,0.28958,0.28958,0.28958,0.28958,-0.80898,0.28958,0.28958,0.28958,0.28958,0.28958,0.28958,0.28958,0.28958,0.28958,0.30378,-0.8102,0.30485,0.30485,0.30485,0.30485,0.30485,0.30485,0.30485,0.31539,0.32013,0.32013,-0.83647,0.32013,0.32013,0.32013,0.32013,0.32013,0.32013,0.32013,0.32013,0.32013,0.32013,-0.90414,0.32013,0.32013,0.32013,0.32013,0.32013,0.32013,0.32013,0.32013,-0.67273,-0.966,-0.98998,-1.0161,-1.0349,-1.0913,-1.1256,-1.1499,-1.1976,-1.2397,-1.2936,-0.67273,-1.3448,-1.4032,-1.4652,-1.5199,-1.5797,-1.5999,-1.6295,-1.6769,-1.7499,-1.7901,-0.67273,-1.855,-1.882,-1.899,-1.9337,-2.0028,-2.0177,-2.0325,-2.0473,-2.1208,-2.138,-0.68479,-2.1528,-2.1411,-2.1263,-2.1114,-2.0966,-2.0704,-2.0517,-2.0264,-1.9967,-1.9767,-0.688,-1.9527,-1.9231,-1.8852,-1.8486,-1.8189,-1.7824,-1.7444,-1.7148,-1.6796,-1.6402,-0.688,-1.606,-1.5657,-1.5324,-1.4911,-1.4588,-1.4143,-1.3717,-1.3407,-1.2972,-1.2671,4.0,4.0
1.7853,1.7143,1.4885,-0.13533,-0.14813,-0.16302,-0.1719,-0.18158,-0.19935,-0.20848,-0.22496,-0.24273,-0.26049,1.4708,-0.27826,-0.29603,-0.31618,-0.34149,-0.35955,-0.3862,-0.41285,-0.43951,-0.4601,-0.48288,1.453,-0.50953,-0.53911,-0.57276,-0.59941,-0.62606,-0.6614,-0.68929,-0.71594,-0.74815,-0.77917,1.4352,-0.80929,-0.84483,-0.87897,-0.90597,-0.94151,-0.96885,-1.0026,-1.0382,-1.0687,-1.0993,1.4175,-1.1349,-1.1685,-1.196,-1.2315,-1.2583,-1.2927,-1.3216,-1.3482,-1.3749,-1.4015,1.3997,-1.4282,-1.4548,-1.4815,-1.5081,-1.5265,-1.5443,-1.5621,-1.5798,-1.5976,-1.6154,1.3819,-1.6312,-1.64,-1.6489,-1.6666,-1.6766,-1.6855,-1.6944,-1.6987,-1.7022,-1.7086,1.3642,-1.7101,-1.7185,-1.7185,-1.7185,-1.7185,-1.7185,-1.7185,-1.7144,-1.7086,-1.7065,1.3464,-1.6987,-1.6987,-1.6898,-1.6809,-1.6788,-1.6731,-1.6642,-1.6517,-1.6365,-1.6261,1.3286,-1.6088,-1.5999,-1.5827,-1.5649,-1.5472,-1.5294,-1.5116,-1.4908,-1.4662,-1.4484,1.6981,1.3019,-1.4307,-1.404,-1.3852,-1.3606,-1.3397,-1.3172,-1.2906,-1.2639,-1.2373,-1.2106,1.2832,-1.184,-1.1573,-1.1307,-1.104,-1.0721,-1.0408,-1.0142,-0.98751,-0.96086,-0.93416,1.2586,-0.89863,-0.87098,-0.84433,-0.81768,-0.79103,-0.7681,-0.74765,-0.72264,-0.70428,-0.67763,1.2377,-0.65941,-0.64165,-0.61753,-0.6015,-0.58834,-0.57058,-0.55281,-0.53618,-0.5273,-0.51842,1.2152,-0.50953,-0.49375,-0.48184,-0.47777,-0.474,-0.46511,-0.45623,-0.44799,-0.44799,-0.43951,1.1923,-0.43807,-0.43807,-0.43271,-0.42814,-0.42814,-0.42591,-0.41702,-0.40829,-0.40829,-0.4003,1.1718,-0.39141,-0.38253,-0.37365,-0.36094,-0.34595,-0.33707,-0.32749,-0.30972,-0.30049,-0.28412,1.1452,-0.26635,-0.24858,-0.23518,-0.22297,-0.20521,-0.18744,-0.16967,-0.1519,-0.13414,-0.11637,1.1191,-0.098602,-0.080835,-0.063067,-0.042471,-0.017607,0.00016,0.017928,0.035695,0.053462,0.07123,1.1013,0.088997,0.10676,0.12453,0.1423,0.16007,0.17783,0.1956,0.21337,0.22409,0.23898,1.6892,1.0751,0.25674,0.27451,0.2894,0.30012,0.31789,0.33565,0.34479,0.36126,0.37248,0.38136,1.0485,0.39025,0.39913,0.40801,0.4169,0.42578,0.43467,0.44355,0.44534,0.45139,0.45526,1.0282,0.45923,0.46812,0.47511,0.47596,0.48484,0.48504,0.49268,0.50157,0.51045,0.51933,1.0051,0.52822,0.5371,0.54598,0.55521,0.57298,0.58256,0.59859,0.61025,0.63432,0.66182,0.97845,0.67959,0.69735,0.71512,0.73289,0.75065,0.76842,0.78619,0.80396,0.82629,0.84942,0.9518,0.86967,0.89488,0.91304,0.93969,0.95811,0.98307,1.0097,1.0313,1.0612,1.0996,0.92515,1.1243,1.143,1.1696,1.1875,1.2053,1.2297,1.2507,1.2685,1.2898,1.3139,0.89964,1.3317,1.3495,1.3672,1.385,1.4028,1.4206,1.4383,1.4561,1.4739,1.4896,0.88178,1.5005,1.5271,1.5449,1.5549,1.5638,1.5784,1.5915,1.6004,1.6092,1.6181,0.85512,1.627,1.6359,1.6448,1.6464,1.6526,1.6615,1.6662,1.6693,1.6573,0.83641,0.81175,0.79095,0.76837,0.74549,0.72773,0.70996,0.69219,0.67442,0.65666,1.627,0.63889,0.62752,0.61328,0.59983,0.59095,0.57983,0.56325,0.55437,0.54549,0.5366,1.5872,0.52772,0.52474,0.51988,0.50335,0.48226,0.47338,0.46519,0.46519,0.44811,0.43784,1.5346,0.41605,0.40022,0.39134,0.3758,0.35372,0.34111,0.30617,0.29729,0.28841,0.27952,1.5241,0.25277,0.23198,0.21535,0.1887,0.16562,0.15674,0.14786,0.1218,0.095151,0.081503,1.5063,0.078079,0.055993,0.025074,0.018523,0.017233,0.007357,-0.037062,-0.097659,-0.11756,-0.12644,1.0,1.0
-2.1157,-2.049,-1.8048,-0.8332,-0.82681,-0.82062,-0.82034,-0.81081,-0.80129,-0.79548,-0.79482,-0.78529,-0.77577,-1.7762,-0.77033,-0.76929,-0.75977,-0.75024,-0.74072,-0.73119,-0.72167,-0.71215,-0.70262,-0.6913,-1.7488,-0.67226,-0.66147,-0.65195,-0.64243,-0.6329,-0.61473,-0.60128,-0.58921,-0.57016,-0.55111,-1.7297,-0.53206,-0.51301,-0.49397,-0.47492,-0.45587,-0.43682,-0.41777,-0.39872,-0.37967,-0.36063,-1.7031,-0.34158,-0.32253,-0.30348,-0.28443,-0.26639,-0.25686,-0.23986,-0.22524,-0.21433,-0.19529,-1.6791,-0.18409,-0.17457,-0.16505,-0.15552,-0.146,-0.13647,-0.12695,-0.11742,-0.11651,-0.11095,-1.66,-0.10142,-0.091901,-0.091366,-0.085425,-0.075901,-0.066377,-0.06622,-0.059901,-0.050377,-0.040853,-1.641,-0.031328,-0.021804,-0.01228,-0.002755,0.006769,0.016293,0.029841,0.047915,0.05744,0.066964,-1.6219,0.076488,0.087364,0.10641,0.11763,0.12716,0.13668,0.14621,0.15573,0.1601,0.16221,-1.6078,0.17173,0.18126,0.18525,0.18525,0.18525,0.19421,0.19782,0.19782,0.19782,0.19782,-2.0147,-1.5964,0.19153,0.18525,0.18544,0.19496,0.19782,0.19782,0.19839,0.20791,0.21039,0.21439,-1.5774,0.22391,0.23344,0.24296,0.24811,0.24944,0.25896,0.26848,0.27801,0.28923,0.30828,-1.5667,0.31915,0.32868,0.3382,0.34773,0.35725,0.36678,0.37875,0.3978,0.40792,0.41745,-1.5571,0.42697,0.4365,0.44602,0.45554,0.46507,0.47459,0.48412,0.48701,0.49059,0.50012,-1.5476,0.50964,0.51917,0.52473,0.52564,0.53516,0.5373,0.5373,0.5373,0.5373,0.54507,-1.5381,0.54988,0.54988,0.54988,0.54988,0.54988,0.55192,0.56144,0.56245,0.56245,0.56245,-1.5373,0.56245,0.57134,0.57502,0.57502,0.57502,0.5843,0.5876,0.5876,0.58772,0.59725,-1.5316,0.60017,0.60372,0.61274,0.61274,0.61274,0.61667,0.62532,0.62532,0.63267,0.6422,-1.5274,0.65046,0.65046,0.6582,0.66772,0.67724,0.68677,0.69629,0.70582,0.71735,0.7364,-1.5369,0.74696,0.75649,0.76601,0.77554,0.78506,0.79459,0.80411,0.81363,0.82316,0.83268,-1.9922,-1.5464,0.84221,0.85173,0.86126,0.86421,0.86773,0.87726,0.88678,0.88936,0.89325,0.90193,-1.5559,0.90193,0.90925,0.9145,0.9145,0.9145,0.9145,0.9145,0.91611,0.92563,0.92708,-1.5655,0.92708,0.92708,0.92708,0.93553,0.93965,0.93965,0.93965,0.93965,0.94543,0.95222,-1.575,0.95222,0.96143,0.97096,0.98048,0.99001,0.99953,1.0025,1.0095,1.0281,1.0376,-1.575,1.0472,1.0567,1.0662,1.0757,1.0853,1.099,1.1169,1.1264,1.1359,1.1454,-1.575,1.155,1.1645,1.174,1.1835,1.1931,1.2026,1.2037,1.2091,1.2186,1.2281,-1.575,1.2376,1.2472,1.254,1.254,1.2632,1.2727,1.2822,1.2917,1.2917,1.2982,-1.5747,1.3043,1.3047,1.3142,1.3237,1.3333,1.3428,1.3523,1.3618,1.3756,1.3946,-1.5652,1.4137,1.4327,1.4564,1.4834,1.5024,1.5295,1.5581,1.5886,1.6267,1.6564,-1.5556,1.6956,1.741,1.779,1.8171,1.861,1.9086,1.9562,2.0038,-1.964,-1.5461,-1.5359,-1.5168,-1.505,-1.4913,-1.4722,-1.4532,-1.4341,-1.4196,-1.4086,-1.945,-1.3896,-1.3705,-1.3564,-1.3468,-1.3373,-1.3278,-1.3183,-1.3088,-1.2992,-1.2897,-1.9191,-1.2858,-1.2832,-1.2737,-1.2733,-1.2733,-1.2703,-1.2608,-1.2607,-1.2543,-1.2448,-1.8905,-1.2352,-1.2257,-1.2162,-1.2067,-1.1964,-1.1774,-1.1583,-1.1393,-1.1202,-1.1012,-1.8619,-1.0897,-1.0757,-1.0566,-1.0376,-1.0185,-0.99948,-0.98043,-0.96138,-0.94233,-0.92853,-1.8334,-0.91901,-0.90948,-0.89128,-0.87786,-0.87092,-0.87092,-0.86186,-0.85234,-0.84281,-0.83329,3.0,5.0
0.81312,0.81312,0.69698,-0.91933,-0.85148,-0.78363,-0.71579,-0.63788,-0.54138,-0.47354,-0.38565,-0.29913,-0.23041,0.69698,-0.12472,-0.056877,0.021809,0.11753,0.21577,0.29193,0.35978,0.46634,0.53419,0.60203,0.69698,0.70859,0.77644,0.84429,0.91213,0.97998,1.0478,1.1157,1.1835,1.2514,1.3192,0.66669,1.3871,1.4549,1.5227,1.5906,1.6261,1.6876,1.7167,1.7423,1.7423,1.7191,0.65826,1.6513,1.5834,1.5156,1.4477,1.3799,1.3077,1.2055,1.1137,1.0168,0.91978,0.65826,0.78408,0.68711,0.59013,0.45957,0.35746,0.22177,0.10117,-0.010904,-0.1466,-0.24357,0.65826,-0.36378,-0.47034,-0.53819,-0.64475,-0.75131,-0.82544,-0.92571,-0.99356,-1.0777,-1.168,0.65826,-1.2358,-1.3037,-1.3549,-1.4006,-1.4685,-1.5363,-1.5871,-1.5797,-1.5118,-1.444,0.63717,-1.3761,-1.3083,-1.2405,-1.1726,-1.1048,-1.0369,-0.93171,-0.86251,-0.75595,-0.64939,0.61955,-0.58155,-0.47499,-0.36843,-0.26187,-0.15589,-0.05891,0.057813,0.17376,0.27093,0.40643,0.79357,0.61955,0.52277,0.6391,0.73608,0.87177,0.96875,1.0556,1.1621,1.23,1.2978,1.3657,0.58848,1.4325,1.4626,1.5305,1.5983,1.6648,1.6648,1.6052,1.5761,1.5082,1.4404,0.58084,1.3725,1.3047,1.1981,1.1303,1.0408,0.94378,0.8468,0.74276,0.61413,0.51715,0.58084,0.38436,0.28448,0.14879,0.051812,-0.080589,-0.18086,-0.29371,-0.40027,-0.50683,-0.60749,0.57851,-0.70446,-0.78779,-0.89435,-0.9622,-1.0537,-1.1366,-1.2432,-1.311,-1.3789,-1.4611,0.54212,-1.5533,-1.6211,-1.689,-1.7568,-1.8246,-1.8925,-1.9108,-1.8817,-1.8138,-1.7807,0.54212,-1.742,-1.6877,-1.6199,-1.552,-1.4842,-1.3776,-1.3098,-1.2419,-1.1353,-1.0511,0.54212,-0.96094,-0.85719,-0.76021,-0.66323,-0.57342,-0.46928,-0.3723,-0.27532,-0.17834,-0.04265,0.54212,0.054329,0.15131,0.27906,0.38398,0.49218,0.59874,0.7053,0.77315,0.87971,0.94755,0.54212,1.0154,1.0832,1.1511,1.2189,1.2481,1.3159,1.3838,1.4325,1.4713,1.5099,0.77441,0.54212,1.5487,1.6069,1.6747,1.742,1.6741,1.6063,1.5384,1.4706,1.4027,1.3147,0.54212,1.2177,1.0831,0.98501,0.84932,0.71363,0.57793,0.44224,0.30655,0.15944,-0.003549,0.54212,-0.13924,-0.29632,-0.44934,-0.58503,-0.72072,-0.85642,-0.99211,-1.1252,-1.2248,-1.4491,0.54212,-1.6771,-1.7837,-1.7873,-1.7194,-1.6516,-1.5838,-1.5484,-1.4868,-1.4189,-1.3511,0.54212,-1.2832,-1.2154,-1.1475,-1.0755,-0.97314,-0.90529,-0.82331,-0.73089,-0.66304,-0.55648,0.54212,-0.47412,-0.38207,-0.28016,-0.20767,-0.13982,-0.033262,0.034584,0.10243,0.17028,0.23812,0.54212,0.30597,0.37381,0.44166,0.4647,0.42947,0.42598,0.38727,0.38727,0.38727,0.36123,0.54212,0.34855,0.34855,0.34855,0.34855,0.34855,0.35581,0.38727,0.38727,0.38727,0.38727,0.54212,0.38727,0.38727,0.38727,0.3953,0.42598,0.42598,0.42598,0.42598,0.42598,0.42598,0.54212,0.42598,0.42598,0.42598,0.42598,0.42598,0.42598,0.38765,0.38727,0.77441,0.54212,0.54212,0.54212,0.54212,0.54212,0.54212,0.54212,0.54212,0.54212,0.54212,0.74489,0.58084,0.52751,0.45966,0.39182,0.32397,0.25612,0.18828,0.12043,0.052586,-0.01526,0.73569,-0.083106,-0.18589,-0.25751,-0.34113,-0.43192,-0.49976,-0.59335,-0.67417,-0.74202,-0.80986,0.73569,-0.87771,-0.94555,-1.0134,-1.0812,-1.1226,-1.1782,-1.2461,-1.3139,-1.3818,-1.4496,0.73492,-1.4787,-1.5466,-1.5871,-1.6259,-1.6727,-1.7405,-1.7697,-1.7626,-1.6948,-1.6269,0.69698,-1.5591,-1.5097,-1.4621,-1.3942,-1.3264,-1.2586,-1.1907,-1.1229,-1.055,-0.98717,0.0,2.0
-0.70462,-0.73218,-0.72088,-1.7914,-1.8365,-1.9197,-1.9197,-1.8581,-1.8342,-1.8285,-1.8147,-1.801,-1.7872,-0.70711,-1.7828,-1.7767,-1.763,-1.7492,-1.7354,-1.7118,-1.6907,-1.677,-1.6632,-1.6358,-0.70462,-1.6083,-1.5807,-1.5531,-1.5256,-1.498,-1.4705,-1.4429,-1.4114,-1.3707,-1.3432,-0.71258,-1.3156,-1.2803,-1.2434,-1.2147,-1.1734,-1.1436,-1.1161,-1.0836,-1.0438,-1.0163,-0.72174,-0.98872,-0.95252,-0.9165,-0.88894,-0.86139,-0.83384,-0.79721,-0.76161,-0.73406,-0.70651,-0.72174,-0.67895,-0.6419,-0.60673,-0.57918,-0.55162,-0.52407,-0.50644,-0.48608,-0.45852,-0.43097,-0.72174,-0.4171,-0.40333,-0.38253,-0.35866,-0.34488,-0.33111,-0.31733,-0.30355,-0.29388,-0.29311,-0.72174,-0.27934,-0.26556,-0.25178,-0.238,-0.22543,-0.22543,-0.21379,-0.20001,-0.18623,-0.17246,-0.72174,-0.15868,-0.1449,-0.13113,-0.11735,-0.10152,-0.073964,-0.058903,-0.045126,-0.031349,-0.017572,-0.72174,-0.003796,0.022903,0.040873,0.060896,0.085541,0.099318,0.12644,0.154,0.18155,0.20911,-0.73885,-0.72174,0.23666,0.26421,0.29177,0.31932,0.34688,0.37486,0.41619,0.44665,0.47421,0.50595,-0.72174,0.54643,0.57398,0.60154,0.63705,0.67376,0.7026,0.74393,0.77353,0.80947,0.85081,-0.72174,0.89042,0.91798,0.95768,0.99901,1.0349,1.0646,1.1059,1.1472,1.1793,1.2069,-0.72174,1.2344,1.262,1.3025,1.3245,1.3446,1.3722,1.3997,1.4273,1.4448,1.4585,-0.72174,1.4757,1.5032,1.517,1.5308,1.5445,1.5622,1.5892,1.603,1.6168,1.6305,-0.72174,1.6443,1.6571,1.6571,1.6685,1.6823,1.6914,1.6927,1.7065,1.7203,1.7341,-0.72174,1.7478,1.7616,1.7754,1.7769,1.7858,1.7941,1.7941,1.7941,1.8067,1.8205,-0.72174,1.8283,1.8309,1.8447,1.8323,1.8283,1.8219,1.8081,1.7943,1.7805,1.7668,-0.72174,1.753,1.7357,1.7083,1.6945,1.6702,1.6426,1.615,1.5875,1.5599,1.5213,-0.72174,1.4877,1.4558,1.4145,1.3731,1.3318,1.2905,1.2491,1.2078,1.1665,1.1133,-0.73175,-0.72174,1.0667,1.0254,0.98404,0.94271,0.9137,0.87716,0.83583,0.79681,0.76926,0.7417,-0.72174,0.70473,0.66948,0.64466,0.63089,0.60393,0.57638,0.55533,0.53838,0.51083,0.49688,-0.72174,0.47284,0.45221,0.43484,0.40755,0.39377,0.37999,0.36621,0.35244,0.33866,0.32488,-0.72174,0.31111,0.29733,0.288,0.28689,0.27311,0.27089,0.26267,0.25377,0.25377,0.25377,-0.71541,0.26575,0.27089,0.27089,0.27089,0.27089,0.25848,0.25377,0.25377,0.25138,0.2376,-0.70462,0.23666,0.22716,0.21955,0.21672,0.20294,0.20243,0.19251,0.18532,0.18207,0.16829,-0.70462,0.1682,0.15785,0.15109,0.14741,0.13397,0.13397,0.12319,0.10942,0.099746,0.098976,-0.70462,0.085199,0.082632,0.082632,0.078096,0.065517,0.065517,0.065517,0.065517,0.065517,0.065517,-0.70462,0.065517,0.065517,0.065517,0.065517,0.065517,0.065517,0.065517,0.065517,0.065517,0.065517,-0.70462,0.065517,0.078439,0.082632,0.082632,0.082632,0.082632,0.082632,0.092643,-0.72174,-0.70462,-0.70454,-0.69076,-0.68751,-0.68751,-0.68751,-0.687,-0.67322,-0.6704,-0.6704,-0.72174,-0.66612,-0.65328,-0.65328,-0.65328,-0.65328,-0.64858,-0.63617,-0.63617,-0.63617,-0.63617,-0.72174,-0.63617,-0.63617,-0.63617,-0.63617,-0.63617,-0.63617,-0.63617,-0.63617,-0.63617,-0.63617,-0.72174,-0.63617,-0.63882,-0.6526,-0.65328,-0.65328,-0.65328,-0.67177,-0.75443,-0.76949,-0.78326,-0.72174,-0.82442,-0.87928,-0.89322,-0.92078,-0.99077,-1.0371,-1.0548,-1.0841,-1.153,-1.1777,-0.72174,-1.2377,-1.3254,-1.3902,-1.404,-1.4866,-1.5749,-1.6575,-1.7344,-1.7619,-1.7776,4.0,4.0
0.77392,0.71406,0.70272,-0.025901,0.033954,0.093808,0.15366,0.21352,0.24656,0.29807,0.35792,0.41778,0.44247,0.66844,0.50233,0.56218,0.59813,0.64674,0.67143,0.73129,0.75599,0.80907,0.84054,0.90039,0.66844,0.96025,1.0201,1.0552,1.1047,1.1645,1.2244,1.2842,1.3364,1.3688,1.4286,0.66844,1.4771,1.5132,1.573,1.5977,1.6129,1.5531,1.4932,1.4248,1.3384,1.2557,0.66844,1.1712,1.0866,0.99347,0.89846,0.79782,0.70844,0.61342,0.51841,0.45856,0.3987,0.66844,0.32567,0.24384,0.15656,0.072011,-0.006037,-0.065892,-0.1609,-0.22076,-0.28061,-0.34047,0.66001,-0.40032,-0.46017,-0.52003,-0.54473,-0.60458,-0.66444,-0.72429,-0.78414,-0.844,-0.90385,0.60015,-0.96371,-1.0236,-1.0834,-1.1433,-1.2031,-1.263,-1.2877,-1.3355,-1.3722,-1.4058,0.5403,-1.4568,-1.5113,-1.5413,-1.5113,-1.467,-1.441,-1.3824,-1.3226,-1.2627,-1.2029,0.49266,-1.1263,-1.048,-0.9572,-0.89313,-0.79812,-0.70355,-0.61899,-0.53444,-0.44989,-0.35822,0.7036,0.45575,-0.26321,-0.16108,-0.073187,0.043182,0.15199,0.24744,0.34201,0.43703,0.53204,0.62081,0.39589,0.70536,0.78991,0.87692,0.99417,1.0787,1.162,1.2218,1.3168,1.3767,1.4365,0.32004,1.4771,1.5122,1.5458,1.5825,1.6303,1.6155,1.5556,1.4793,1.4008,1.3409,0.24103,1.2608,1.186,1.0917,1.0072,0.92263,0.83808,0.74614,0.65113,0.58442,0.49626,0.15094,0.41532,0.3414,0.28154,0.22169,0.12668,0.066825,-0.021682,-0.10623,-0.18305,-0.24291,0.066386,-0.30276,-0.36261,-0.42352,-0.51748,-0.57733,-0.63719,-0.69704,-0.7569,-0.82537,-0.91176,-0.00885,-0.97162,-1.0439,-1.1265,-1.1863,-1.2462,-1.306,-1.3659,-1.4258,-1.4856,-1.5455,-0.10272,-1.6053,-1.63,-1.6871,-1.7146,-1.7744,-1.8343,-1.8628,-1.8772,-1.8173,-1.7575,-0.18727,-1.6976,-1.6377,-1.5816,-1.5532,-1.5113,-1.4686,-1.441,-1.3841,-1.3242,-1.2292,-0.25873,-1.1439,-1.0593,-0.97478,-0.85507,-0.77052,-0.65916,-0.56626,-0.48171,-0.39716,-0.27745,0.69982,-0.38802,-0.18411,-0.073187,0.046522,0.13608,0.25078,0.33533,0.42112,0.51613,0.62415,0.7087,-1.062,0.82841,0.91296,1.0263,1.1172,1.1812,1.2762,1.3361,1.4311,1.5048,1.5859,-0.54376,1.6739,1.7408,1.8079,1.8957,1.9555,1.9802,2.0401,2.0747,2.1246,2.1845,-0.56846,2.2443,2.232,2.1721,2.1122,2.0875,2.0277,1.9678,1.908,1.7973,1.7128,-0.62831,1.5931,1.4734,1.3888,1.2691,1.1262,0.99452,0.83966,0.71995,0.60024,0.4866,-0.66751,0.42674,0.33173,0.27188,0.21202,0.15217,0.092314,0.032459,0.000467,0.000467,0.000467,-0.71286,0.000467,0.000467,0.000467,0.000467,0.000467,0.000467,0.000467,0.000467,0.000467,0.000467,-0.73782,0.000467,0.000467,0.000467,0.000467,0.000467,-0.03469,-0.03469,-0.064309,-0.069847,-0.078548,-0.79742,-0.105,-0.12794,-0.14016,-0.17532,-0.17532,-0.21047,-0.21627,-0.24563,-0.26567,-0.28079,-0.85727,-0.31506,-0.33976,-0.3511,-0.38626,-0.38626,-0.42141,-0.45657,-0.45657,0.66844,-0.88197,-0.94182,-1.0017,-1.0542,-1.0862,-1.0327,-0.97285,-0.91299,-0.85314,-0.75813,0.68646,-0.69827,-0.63842,-0.57856,-0.51871,-0.49173,-0.51414,-0.60915,-0.66901,-0.72886,-0.78871,0.7036,-0.84857,-0.90842,-0.96828,-1.0281,-1.088,-1.1478,-1.2077,-1.2675,-1.3274,-1.3873,0.7036,-1.4471,-1.4453,-1.4206,-1.3607,-1.3355,-1.2762,-1.2163,-1.1597,-1.1318,-1.0894,0.7036,-1.0472,-1.0191,-0.96265,-0.9028,-0.8781,-0.81825,-0.75839,-0.69854,-0.63868,-0.5972,0.7036,-0.56204,-0.52943,-0.50474,-0.44488,-0.38503,-0.32517,-0.26532,-0.20546,-0.14561,-0.085755,0.0,0.0
-2.012,-1.904,-1.6843,-0.80756,-0.79432,-0.78432,-0.77315,-0.76108,-0.75197,-0.73784,-0.73079,-0.71459,-0.70827,-1.661,-0.69135,-0.68503,-0.67785,-0.66726,-0.65546,-0.64609,-0.6355,-0.62589,-0.62491,-0.61432,-1.629,-0.60691,-0.60373,-0.59426,-0.58793,-0.5816,-0.57197,-0.56138,-0.55204,-0.54571,-0.53938,-1.6121,-0.52962,-0.51903,-0.51903,-0.50844,-0.49785,-0.49084,-0.48451,-0.47667,-0.47186,-0.46609,-1.5846,-0.46609,-0.46347,-0.4555,-0.4555,-0.44491,-0.44491,-0.43432,-0.43432,-0.42373,-0.41314,-1.5575,-0.41314,-0.40256,-0.39387,-0.38755,-0.38122,-0.37079,-0.36857,-0.3602,-0.34961,-0.34961,-1.5402,-0.34326,-0.33903,-0.33903,-0.33903,-0.33903,-0.33903,-0.33903,-0.33903,-0.34305,-0.34961,-1.5233,-0.34353,-0.3372,-0.32844,-0.31396,-0.30726,-0.29667,-0.28608,-0.27806,-0.26491,-0.25482,-1.5063,-0.23791,-0.23158,-0.21467,-0.19775,-0.18084,-0.16392,-0.15759,-0.14068,-0.12377,-0.10685,-1.4932,-0.089935,-0.073021,-0.056106,-0.042553,-0.032864,-0.015949,-0.009623,0.007292,0.020977,0.030533,-1.8829,-1.4831,0.047448,0.064363,0.073919,0.087605,0.10452,0.12143,0.13745,0.14468,0.16159,0.16921,-1.472,0.18483,0.20098,0.20807,0.2144,0.23131,0.23764,0.25392,0.26088,0.26721,0.28412,-1.4614,0.29045,0.29678,0.30686,0.31745,0.32635,0.32804,0.33863,0.33863,0.34922,0.34922,-1.4614,0.34922,0.34922,0.34922,0.35152,0.3598,0.36417,0.37039,0.37683,0.38315,0.39157,-1.4508,0.40639,0.41275,0.42333,0.43596,0.44451,0.4551,0.46553,0.47186,0.47818,0.48686,-1.4508,0.49745,0.50775,0.51408,0.5204,0.52922,0.53981,0.54997,0.5563,0.56262,0.57157,-1.4402,0.58216,0.59219,0.60334,0.61392,0.62176,0.6351,0.645,0.65133,0.65765,0.66687,-1.4402,0.67745,0.67745,0.67745,0.67621,0.66687,0.66687,0.66687,0.66687,0.66687,0.66687,-1.4325,0.66687,0.66687,0.67211,0.67745,0.67745,0.68804,0.69741,0.69863,0.70922,0.70922,-1.4262,0.71981,0.72905,0.7304,0.74098,0.74098,0.75157,0.76068,0.76216,0.77275,0.77966,-1.8576,-1.419,0.78598,0.79393,0.80923,0.81555,0.83247,0.84687,0.85571,0.86804,0.87895,0.88922,-1.4084,0.89981,0.90852,0.9104,0.92099,0.9275,0.93157,0.94015,0.94216,0.95275,0.95275,-1.4072,0.96546,0.97393,0.97393,0.97393,0.97393,0.98452,0.98452,0.98452,0.98452,0.99063,-1.3979,0.9951,0.9951,0.9951,0.9951,0.9951,1.0057,1.0057,1.0057,1.0158,1.0163,-1.3873,1.0163,1.0242,1.0269,1.0269,1.0269,1.0269,1.0191,1.0163,1.0163,1.0163,-1.3873,1.0163,1.001,1.0197,1.0366,1.0535,1.0704,1.0873,1.1148,1.1317,1.1593,-1.3767,1.1868,1.2111,1.2449,1.2693,1.302,1.3358,1.3696,1.4034,1.4373,1.4711,-1.3755,1.5057,1.5494,1.5832,1.617,1.6508,1.684,1.7079,1.7417,1.7665,1.7988,-1.3661,1.8221,1.849,1.8659,1.8918,1.9057,1.9167,1.9336,1.9505,1.9674,1.9843,-1.3629,2.0013,2.0182,2.0351,2.052,2.0689,2.0858,2.1028,2.1197,-1.8343,-1.3555,-1.3449,-1.3333,-1.3237,-1.3132,-1.3038,-1.3026,-1.292,-1.2848,-1.2785,-1.8109,-1.2708,-1.2658,-1.2602,-1.2531,-1.2496,-1.2405,-1.2342,-1.2284,-1.2215,-1.2073,-1.7834,-1.1983,-1.1967,-1.1967,-1.1899,-1.1861,-1.1861,-1.1755,-1.1752,-1.1649,-1.1543,-1.7559,-1.1456,-1.1393,-1.1329,-1.1226,-1.1203,-1.112,-1.1014,-1.0908,-1.0844,-1.0781,-1.739,-1.0612,-1.0548,-1.0379,-1.0273,-1.0147,-0.99775,-0.98084,-0.97433,-0.9576,-0.94256,-1.7115,-0.93436,-0.92138,-0.91111,-0.90021,-0.88787,-0.87096,-0.86463,-0.84772,-0.8308,-0.82448,3.0,5.0
1.9895,1.7095,1.3056,-0.92377,-0.94376,-0.97141,-0.9961,-1.0161,-1.0361,-1.0561,-1.0844,-1.1025,-1.1161,1.2656,-1.1361,-1.1561,-1.1761,-1.1895,-1.2037,-1.2219,-1.2319,-1.2514,-1.2642,-1.279,1.2256,-1.2966,-1.3067,-1.3267,-1.3389,-1.3489,-1.3589,-1.3689,-1.3789,-1.3889,-1.3929,1.1856,-1.3966,-1.4066,-1.4166,-1.4266,-1.4299,-1.4342,-1.4422,-1.4422,-1.4422,-1.4495,1.1456,-1.4546,-1.4546,-1.4548,-1.4648,-1.4669,-1.4725,-1.4793,-1.4801,-1.4901,-1.5001,1.1075,-1.5101,-1.5201,-1.5286,-1.5286,-1.5286,-1.5218,-1.5118,-1.5019,-1.4919,-1.4916,1.0775,-1.4842,-1.4793,-1.4765,-1.4665,-1.4565,-1.4465,-1.4365,-1.4266,-1.4156,-1.3956,1.038,-1.3842,-1.3679,-1.3519,-1.3403,-1.3203,-1.3003,-1.2803,-1.2648,-1.2526,-1.2326,1.0052,-1.2126,-1.1926,-1.1726,-1.1555,-1.145,-1.125,-1.105,-1.085,-1.065,-1.045,0.97516,-1.025,-1.005,-0.98499,-0.96092,-0.93265,-0.91266,-0.89266,-0.87266,-0.85266,-0.83266,1.6132,0.94517,-0.81267,-0.79267,-0.77267,-0.75267,-0.73268,-0.71268,-0.69268,-0.67268,-0.65861,-0.64503,0.91517,-0.62503,-0.60503,-0.58504,-0.56504,-0.54924,-0.53739,-0.51739,-0.5069,-0.4969,-0.4869,0.88517,-0.47443,-0.45456,-0.44456,-0.43456,-0.42456,-0.41456,-0.4053,-0.4053,-0.39691,-0.38691,0.86295,-0.37691,-0.36691,-0.35691,-0.34691,-0.33692,-0.33124,-0.32926,-0.31926,-0.31889,-0.31889,0.84296,-0.31396,-0.30396,-0.2942,-0.2942,-0.2863,-0.27631,-0.26631,-0.25631,-0.24631,-0.22779,0.82296,-0.21397,-0.20397,-0.19397,-0.18397,-0.16484,-0.15163,-0.14163,-0.12953,-0.10953,-0.099288,0.8037,-0.089289,-0.074229,-0.056946,-0.046948,-0.036949,-0.018926,-0.004607,0.005392,0.016379,0.036377,0.7937,0.047733,0.064028,0.080076,0.091679,0.11168,0.12242,0.13242,0.14698,0.16476,0.17476,0.7837,0.18476,0.19475,0.20475,0.21475,0.22475,0.23475,0.24475,0.25475,0.26475,0.27363,0.7737,0.27363,0.2824,0.2924,0.3024,0.3124,0.32239,0.33239,0.32832,0.31832,0.31301,1.5786,0.7637,0.32301,0.32301,0.32301,0.32832,0.33832,0.34832,0.35832,0.36832,0.37831,0.38831,0.75371,0.39831,0.40831,0.41831,0.43485,0.45065,0.46065,0.47065,0.49015,0.50299,0.51781,0.74371,0.53533,0.54546,0.56545,0.58545,0.60545,0.62236,0.6331,0.6531,0.68149,0.70544,0.75173,0.72544,0.74544,0.76543,0.78543,0.80543,0.82543,0.84542,0.86542,0.88542,0.90542,0.75506,0.92542,0.94541,0.96566,0.99565,1.0178,1.0377,1.061,1.0901,1.1101,1.1386,0.75938,1.1624,1.1863,1.2148,1.2348,1.2639,1.3075,1.3441,1.3641,1.3841,1.4139,0.76741,1.4365,1.4615,1.4888,1.5088,1.5288,1.5488,1.5688,1.5921,1.6211,1.6411,0.76741,1.6611,1.6811,1.7011,1.7195,1.7295,1.7488,1.7619,1.7719,1.7819,1.7919,0.75778,1.8019,1.8043,1.8095,1.8195,1.829,1.829,1.8372,1.8356,1.8256,1.8156,0.75506,1.8056,1.7956,1.7278,1.6645,1.6545,1.6445,1.6251,1.6051,1.5456,0.75013,0.72198,0.64372,0.63372,0.60002,0.57113,0.54472,0.50472,0.46473,0.44176,1.5056,0.40942,0.37708,0.35264,0.30264,0.28919,0.26561,0.24006,0.22216,0.21216,0.19241,1.4656,0.1576,0.12772,0.09958,0.051066,0.041068,-0.001027,-0.051021,-0.087684,-0.097683,-0.10768,1.4256,-0.11768,-0.15286,-0.18706,-0.20508,-0.26507,-0.27877,-0.29569,-0.31568,-0.33568,-0.35568,1.3856,-0.37568,-0.39567,-0.41567,-0.43851,-0.46801,-0.48801,-0.51616,-0.54615,-0.57615,-0.60726,1.3456,-0.64725,-0.67848,-0.70848,-0.73848,-0.76675,-0.78674,-0.81612,-0.84612,-0.87143,-0.89377,1.0,1.0
0.055234,0.075745,0.03318,1.0477,1.1092,1.1707,1.2323,1.2779,1.3189,1.36,1.401,1.442,1.4749,0.03318,1.4954,1.5057,1.4852,1.4647,1.4438,1.4027,1.3617,1.3207,1.2634,1.1871,0.03318,1.1182,1.045,0.96299,0.88094,0.79185,0.69481,0.6088,0.50624,0.40457,0.32253,0.03318,0.22064,0.11809,0.032298,-0.064961,-0.15384,-0.23588,-0.32851,-0.42202,-0.50406,-0.59206,0.03318,-0.6902,-0.77224,-0.85561,-0.95816,-1.0404,-1.1225,-1.2045,-1.2865,-1.3545,-1.416,0.03318,-1.4775,-1.5296,-1.5706,-1.6116,-1.6478,-1.6683,-1.687,-1.6868,-1.6663,-1.6458,0.03318,-1.6253,-1.5887,-1.5622,-1.5287,-1.4877,-1.4467,-1.3973,-1.3426,-1.2962,-1.2347,0.03318,-1.1732,-1.111,-1.029,-0.96654,-0.88692,-0.80488,-0.70784,-0.61874,-0.5367,-0.44429,0.03318,-0.34174,-0.24647,-0.15869,-0.05614,0.046412,0.15007,0.27313,0.37612,0.47868,0.59821,0.03318,0.70583,0.82228,0.93299,1.0355,1.1381,1.2406,1.337,1.4191,1.498,1.558,0.077288,0.03318,1.599,1.6606,1.6842,1.7047,1.7252,1.7457,1.7534,1.7422,1.7217,1.693,0.03318,1.652,1.6109,1.5664,1.5049,1.4429,1.3608,1.2788,1.1968,1.1147,1.0327,0.03318,0.95064,0.86859,0.77641,0.68246,0.60041,0.51286,0.41031,0.31018,0.22726,0.1247,0.03318,0.022153,-0.080399,-0.18295,-0.2855,-0.38806,-0.49061,-0.58257,-0.66462,-0.74666,-0.8287,0.03318,-0.91074,-0.99278,-1.0748,-1.1569,-1.2186,-1.2801,-1.3417,-1.4032,-1.4647,-1.5137,0.03318,-1.5547,-1.5863,-1.6147,-1.6493,-1.6698,-1.6904,-1.7109,-1.7312,-1.7312,-1.7312,0.03318,-1.7135,-1.6769,-1.6504,-1.6169,-1.5759,-1.5349,-1.4855,-1.4239,-1.3677,-1.3229,0.03318,-1.2592,-1.1778,-1.1163,-1.0548,-0.97514,-0.8931,-0.81106,-0.72901,-0.63506,-0.54288,0.03318,-0.45201,-0.35674,-0.26896,-0.16641,-0.063859,0.037591,0.11963,0.22174,0.3243,0.42685,0.03318,0.51396,0.6099,0.7001,0.78214,0.86418,0.94622,1.0283,1.1103,1.1893,1.2508,0.077288,0.03318,1.3123,1.3739,1.4164,1.4574,1.4985,1.5395,1.5677,1.5882,1.6087,1.6292,0.014875,1.6498,1.6652,1.6652,1.6632,1.6427,1.6222,1.6017,1.5633,1.5386,1.5033,-0.005636,1.4491,1.3992,1.3582,1.3086,1.2541,1.2076,1.15,1.1066,1.045,0.9835,-0.041363,0.92197,0.86043,0.7989,0.73737,0.68951,0.63636,0.57483,0.52234,0.48132,0.44626,-0.068711,0.42133,0.38318,0.36267,0.34216,0.32165,0.30114,0.28063,0.26012,0.23961,0.2191,-0.10135,0.19859,0.18756,0.17962,0.16551,0.16065,0.14345,0.14345,0.14323,0.12272,0.1214,-0.13179,0.13904,0.14345,0.14345,0.14345,0.14345,0.14345,0.14345,0.13661,0.1214,0.1214,-0.17038,0.1214,0.1214,0.1214,0.1214,0.1214,0.1214,0.1214,0.13485,0.14345,0.15382,-0.22441,0.16551,0.16551,0.16551,0.16551,0.16551,0.16551,0.16551,0.14544,0.14345,0.12647,-0.26543,0.1214,0.1214,0.10905,0.099343,0.099343,0.099343,0.099343,0.09008,0.061409,-0.31087,-0.3724,-0.43393,-0.49546,-0.55699,-0.61852,-0.66285,-0.71953,-0.78106,-0.84259,0.055234,-0.8931,-0.9436,-0.99719,-1.0446,-1.1013,-1.1456,-1.2054,-1.2466,-1.3082,-1.3505,0.055234,-1.3915,-1.4325,-1.459,-1.4795,-1.5,-1.5205,-1.5327,-1.5258,-1.5053,-1.4848,0.055234,-1.4621,-1.4211,-1.3801,-1.339,-1.2799,-1.2184,-1.1419,-1.0733,-0.99984,-0.9178,0.04553,-0.83576,-0.75371,-0.66594,-0.56758,-0.48554,-0.40239,-0.29984,-0.19729,-0.094735,0.007818,0.03318,0.11037,0.21292,0.32782,0.44008,0.54263,0.64518,0.74156,0.8236,0.90564,0.98614,0.0,0.0
-2.2085,-2.13,-1.8747,-0.81194,-0.80382,-0.78652,-0.76921,-0.75191,-0.73843,-0.72955,-0.71225,-0.69494,-0.67764,-1.8401,-0.66493,-0.65528,-0.63798,-0.62818,-0.61562,-0.60368,-0.59326,-0.58821,-0.57091,-0.56692,-1.8055,-0.56692,-0.55574,-0.55467,-0.55467,-0.55467,-0.55467,-0.55467,-0.54242,-0.54242,-0.54242,-1.7709,-0.54242,-0.53017,-0.53017,-0.5196,-0.51455,-0.50567,-0.49342,-0.48714,-0.48117,-0.46892,-1.7268,-0.45973,-0.45468,-0.43737,-0.43217,-0.41501,-0.39771,-0.39266,-0.37535,-0.3703,-0.35866,-1.6894,-0.34794,-0.34289,-0.33416,-0.33278,-0.32191,-0.32191,-0.30966,-0.30966,-0.30751,-0.29741,-1.6548,-0.29741,-0.29741,-0.2873,-0.28516,-0.28516,-0.28516,-0.28516,-0.28516,-0.28516,-0.28516,-1.6202,-0.27291,-0.27291,-0.27291,-0.26846,-0.26065,-0.25836,-0.2484,-0.24825,-0.23615,-0.22589,-1.5856,-0.22084,-0.21165,-0.1994,-0.1994,-0.18837,-0.18332,-0.16602,-0.16096,-0.1504,-0.13861,-1.551,-0.13355,-0.1259,-0.11119,-0.10139,-0.088837,-0.076893,-0.06648,-0.049175,-0.031871,-0.026818,-2.1127,-1.5164,-0.009514,0.007791,0.012844,0.030148,0.035202,0.052506,0.06981,0.074864,0.092168,0.10947,-1.4899,0.12678,0.14408,0.16138,0.17869,0.19599,0.2133,0.21835,0.22938,0.22938,0.24163,-1.4594,0.25082,0.25587,0.26613,0.26613,0.27103,0.27838,0.27838,0.27838,0.27838,0.27838,-1.4308,0.27838,0.29063,0.29063,0.29063,0.29706,0.30288,0.30717,0.31513,0.31728,0.32738,-1.4024,0.32738,0.33963,0.33963,0.34254,0.35188,0.35188,0.35188,0.36276,0.36413,0.36413,-1.3801,0.36413,0.37072,0.37639,0.37639,0.37639,0.37639,0.37639,0.38864,0.38864,0.3989,-1.3543,0.40089,0.409,0.41314,0.41314,0.41314,0.41314,0.42202,0.42539,0.42539,0.42539,-1.337,0.42998,0.43764,0.44009,0.44989,0.44989,0.45525,0.46214,0.47761,0.48664,0.48771,-1.3197,0.49889,0.51007,0.51513,0.52339,0.53565,0.54254,0.55984,0.5724,0.5822,0.5995,-1.3024,0.61681,0.63411,0.65142,0.66872,0.68602,0.70333,0.70838,0.72569,0.74299,0.75616,-2.0925,-1.2851,0.76535,0.78265,0.79996,0.80516,0.82231,0.83962,0.85692,0.87423,0.90378,0.92109,-1.2678,0.93839,0.95569,0.973,0.97805,0.99536,1.0127,1.0177,1.0257,1.0379,1.0451,-1.2505,1.0502,1.0624,1.0624,1.0747,1.0747,1.0869,1.0869,1.0869,1.0869,1.0782,-1.2332,1.0747,1.0747,1.0747,1.0747,1.0747,1.0747,1.0747,1.0747,1.0747,1.0747,-1.2162,1.0747,1.0747,1.0747,1.0747,1.0857,1.0869,1.0869,1.0869,1.0869,1.0869,-1.2109,1.0869,1.0869,1.0869,1.0944,1.1117,1.129,1.1463,1.1669,1.1932,1.2228,-1.204,1.2462,1.2808,1.3154,1.3591,1.3969,1.4315,1.4661,1.5007,1.5353,1.5577,-1.204,1.5923,1.6269,1.6615,1.6961,1.7273,1.7531,1.7864,1.8038,1.8324,1.8506,-1.204,1.8679,1.8852,1.9025,1.9198,1.9371,1.9544,1.9745,2.0013,2.0186,2.0359,-1.1917,2.0532,2.0705,2.0878,2.1051,2.1224,2.1397,2.157,2.1743,-2.0658,-1.1917,-1.1917,-1.1917,-1.1917,-1.1899,-1.1795,-1.1675,-1.1672,-1.1574,-1.1524,-2.0355,-1.1427,-1.1423,-1.1305,-1.1305,-1.1271,-1.1182,-1.106,-1.106,-1.0946,-1.0937,-2.0067,-1.0937,-1.0815,-1.0815,-1.0815,-1.0815,-1.0715,-1.0692,-1.0692,-1.0692,-1.0692,-1.9785,-1.0585,-1.057,-1.057,-1.0447,-1.0447,-1.0447,-1.0325,-1.0325,-1.0202,-1.0202,-1.9439,-1.0202,-1.008,-0.99784,-0.99279,-0.98345,-0.98268,-0.9712,-0.96033,-0.95527,-0.9467,-1.9093,-0.93445,-0.92786,-0.9222,-0.90995,-0.90045,-0.88544,-0.87809,-0.86079,-0.84348,-0.82618,3.0,5.0
1.8058,1.6941,1.4532,-1.0021,-1.0279,-1.0536,-1.0794,-1.113,-1.1398,-1.1656,-1.1844,-1.2083,-1.2341,1.4011,-1.2536,-1.2768,-1.2969,-1.314,-1.3312,-1.3484,-1.3656,-1.3828,-1.3959,-1.4083,1.3579,-1.4219,-1.4338,-1.448,-1.4566,-1.4676,-1.4826,-1.4912,-1.4998,-1.5084,-1.517,1.3236,-1.5256,-1.5342,-1.5428,-1.5513,-1.5599,-1.5601,-1.5601,-1.5522,-1.5436,-1.5424,1.2892,-1.5353,-1.5335,-1.527,-1.5247,-1.5187,-1.5158,-1.5103,-1.507,-1.502,-1.4981,1.2353,-1.4937,-1.4851,-1.4765,-1.4679,-1.4593,-1.4507,-1.4421,-1.4335,-1.4249,-1.4164,1.185,-1.406,-1.3903,-1.3817,-1.3722,-1.3557,-1.3466,-1.3295,-1.3123,-1.2951,-1.2861,1.1507,-1.2696,-1.2447,-1.2264,-1.2092,-1.192,-1.1748,-1.1576,-1.1404,-1.1174,-1.0972,1.1041,-1.08,-1.0578,-1.0368,-1.0196,-1.0024,-0.98127,-0.95921,-0.94203,-0.92484,-0.90766,1.0592,-0.89048,-0.8709,-0.84725,-0.83193,-0.82174,-0.80456,-0.78737,-0.77019,-0.75301,-0.73582,1.674,1.0298,-0.71864,-0.71005,-0.69313,-0.67595,-0.66656,-0.65044,-0.63325,-0.62307,-0.60774,-0.59056,0.98893,-0.57958,-0.56505,-0.55353,-0.54494,-0.53121,-0.5189,-0.51031,-0.50172,-0.49313,-0.48453,0.94641,-0.47594,-0.46735,-0.45876,-0.45017,-0.44405,-0.44184,-0.4352,-0.43351,-0.42634,-0.42519,0.90965,-0.41748,-0.41686,-0.40862,-0.40854,-0.39994,-0.39135,-0.39091,-0.38303,-0.36682,-0.35698,0.86191,-0.34839,-0.33298,-0.32235,-0.30747,-0.29029,-0.2731,-0.25592,-0.23874,-0.21659,-0.19551,0.84251,-0.1739,-0.15229,-0.1351,-0.11429,-0.088511,-0.065835,-0.048652,-0.028899,-0.005427,0.011757,0.81674,0.028941,0.046125,0.063308,0.080492,0.097676,0.11486,0.13187,0.14046,0.15755,0.17474,0.78591,0.18395,0.19254,0.20857,0.21858,0.22717,0.24241,0.25322,0.26181,0.2704,0.27899,0.73861,0.28758,0.29617,0.30477,0.31336,0.32195,0.33054,0.33913,0.34427,0.34746,0.35605,0.71399,0.36464,0.37084,0.37297,0.3797,0.3813,0.38856,0.38962,0.39742,0.39795,0.40627,1.6568,0.69415,0.40627,0.41487,0.41513,0.42319,0.42399,0.43152,0.44011,0.4487,0.45729,0.46589,0.65243,0.47448,0.48307,0.49166,0.50025,0.50885,0.52231,0.53489,0.54782,0.56093,0.57333,0.62701,0.59051,0.61097,0.63374,0.65092,0.6681,0.6875,0.71328,0.73737,0.75597,0.78175,0.60938,0.80752,0.8333,0.85907,0.88476,0.90195,0.95279,0.97174,0.99681,1.015,1.0395,0.54924,1.0582,1.0822,1.1014,1.1249,1.1446,1.1618,1.179,1.1962,1.2134,1.2306,0.53117,1.2477,1.2691,1.291,1.3045,1.3165,1.3337,1.348,1.3592,1.3764,1.3915,0.48954,1.4019,1.4175,1.4274,1.4436,1.4529,1.4696,1.4784,1.4956,1.5043,1.5293,0.47023,1.5392,1.5555,1.5652,1.5738,1.5824,1.591,1.5996,1.6143,1.6256,1.6342,0.43019,1.6428,1.6514,1.66,1.6686,1.6814,1.6946,1.7032,1.7118,1.7204,1.7319,0.38723,1.7464,1.755,1.7636,1.7722,1.7808,1.7867,1.7781,1.7695,1.6396,0.34427,0.32859,0.32,0.30512,0.27589,0.25304,0.24135,0.21185,0.18377,0.1572,1.6149,0.13612,0.1192,0.10122,0.081732,0.057462,0.048871,0.040279,0.026549,0.00538,-0.007287,1.5964,-0.029519,-0.036605,-0.037845,-0.048386,-0.072744,-0.081336,-0.089751,-0.089751,-0.11526,-0.11632,1.5722,-0.1243,-0.19454,-0.21978,-0.22979,-0.24529,-0.26912,-0.28852,-0.31181,-0.33174,-0.3545,1.5195,-0.38028,-0.4111,-0.44069,-0.46646,-0.49649,-0.53086,-0.56151,-0.59074,-0.6251,-0.65947,1.4852,-0.69384,-0.72581,-0.75372,-0.78808,-0.82086,-0.84796,-0.88233,-0.9159,-0.94167,-0.96772,1.0,1.0
0.80293,0.74483,0.65767,1.7471,1.8152,1.8661,1.9001,1.9342,1.9683,1.9858,1.965,1.9467,1.9126,0.6316,1.8786,1.8402,1.7721,1.704,1.6165,1.5387,1.4412,1.3337,1.2078,1.0903,0.62862,0.954,0.81775,0.6815,0.54524,0.39766,0.24369,0.10744,-0.028812,-0.16506,-0.29398,0.62158,-0.40852,-0.52741,-0.60723,-0.70273,-0.80158,-0.86971,-0.93783,-1.006,-1.0507,-1.0848,0.59957,-1.1479,-1.1819,-1.216,-1.2501,-1.2841,-1.3182,-1.3523,-1.3863,-1.3896,-1.3555,0.59957,-1.3215,-1.2874,-1.2533,-1.2193,-1.1852,-1.1511,-1.0906,-1.054,-1.0125,-0.95679,0.59957,-0.9053,-0.85961,-0.7981,-0.75902,-0.69932,-0.65182,-0.5837,-0.51557,-0.44744,-0.37932,0.57248,-0.31119,-0.22861,-0.14589,-0.077764,-0.009203,0.087539,0.16612,0.25284,0.32097,0.41459,0.57052,0.48772,0.58345,0.65157,0.73619,0.81688,0.885,0.95313,1.0213,1.0894,1.1575,0.57052,1.2256,1.2938,1.3619,1.4215,1.4691,1.5187,1.5763,1.6159,1.679,1.713,0.74483,0.57052,1.7471,1.7812,1.8152,1.8483,1.8142,1.7802,1.7461,1.712,1.6524,1.6133,0.57052,1.5452,1.4771,1.4089,1.3408,1.2461,1.1465,1.0632,0.93955,0.83736,0.71258,0.57052,0.60393,0.46913,0.33288,0.19663,0.060376,-0.09948,-0.24118,-0.37743,-0.51368,-0.64993,0.57052,-0.76657,-0.89338,-1.0,-1.1022,-1.1938,-1.2619,-1.33,-1.3982,-1.4647,-1.5054,0.5374,-1.5619,-1.5959,-1.63,-1.664,-1.6981,-1.7322,-1.7662,-1.8003,-1.789,-1.7827,0.50334,-1.75,-1.7159,-1.6818,-1.6478,-1.59,-1.5506,-1.4828,-1.4147,-1.3466,-1.2785,0.46928,-1.2103,-1.1422,-1.0741,-1.006,-0.92215,-0.84066,-0.77253,-0.67535,-0.60723,-0.5391,0.43521,-0.45427,-0.3738,-0.30567,-0.23755,-0.16942,-0.1013,-0.03317,0.034956,0.10308,0.1675,0.40115,0.21028,0.27841,0.32779,0.36186,0.42468,0.46376,0.52215,0.55621,0.59027,0.62434,0.33804,0.6584,0.69246,0.72653,0.76059,0.79465,0.82871,0.86278,0.89684,0.9309,0.96497,0.74483,0.29889,0.99903,1.0331,1.0672,1.1012,1.1353,1.1693,1.2034,1.2375,1.2715,1.3056,0.23076,1.3121,1.278,1.2439,1.2099,1.1758,1.1319,1.0786,1.0446,0.98567,0.94659,0.16264,0.88428,0.83939,0.7871,0.73219,0.66407,0.62499,0.55687,0.48874,0.42061,0.35249,0.094511,0.28436,0.21907,0.17716,0.10904,0.058778,0.001837,-0.038399,-0.10151,-0.13558,-0.16964,0.001256,-0.22259,-0.26682,-0.30088,-0.33008,-0.33995,-0.37402,-0.40808,-0.44214,-0.44715,-0.48122,-0.071881,-0.51528,-0.53344,-0.53344,-0.50751,-0.50438,-0.50438,-0.50438,-0.50438,-0.50438,-0.50438,-0.16797,-0.53344,-0.53344,-0.53344,-0.53344,-0.53344,-0.53344,-0.56249,-0.56249,-0.56249,-0.56249,-0.24721,-0.56249,-0.56249,-0.56249,-0.56249,-0.56249,-0.56249,-0.58747,-0.59154,-0.59154,-0.59154,-0.33327,-0.59154,-0.59154,-0.59154,-0.5935,-0.62059,-0.62059,-0.62059,-0.62059,-0.64761,-0.64964,-0.42253,-0.64964,-0.66264,-0.67869,-0.67869,-0.70673,-0.71174,-0.7368,-0.7368,0.72478,-0.52472,-0.6248,-0.70005,-0.80224,-0.88728,-0.97756,-1.0797,-1.1498,-1.2179,-1.286,0.71578,-1.3541,-1.3991,-1.4332,-1.4921,-1.5013,-1.5353,-1.5311,-1.497,-1.4629,-1.4289,0.71476,-1.3948,-1.3607,-1.3065,-1.2636,-1.2295,-1.1954,-1.1502,-1.0821,-1.0352,-0.97487,0.68673,-0.90675,-0.83862,-0.7705,-0.68516,-0.60519,-0.53707,-0.43989,-0.37176,-0.29042,-0.18823,0.68673,-0.10928,-0.012907,0.08507,0.16242,0.26461,0.3668,0.46898,0.57117,0.67859,0.8046,0.67067,0.89154,0.97993,1.0821,1.1831,1.2574,1.3596,1.4456,1.5137,1.6081,1.679,0.0,0.0
-2.0163,-1.9085,-1.7906,-0.48539,-0.48013,-0.46971,-0.45661,-0.44856,-0.44094,-0.42784,-0.42526,-0.41216,-0.40648,-1.7775,-0.39648,-0.38543,-0.3808,-0.37491,-0.36513,-0.36439,-0.36439,-0.36439,-0.36439,-0.36439,-1.7644,-0.3686,-0.3817,-0.38543,-0.39737,-0.41047,-0.42357,-0.43667,-0.4603,-0.4734,-0.4865,-1.7513,-0.50854,-0.52422,-0.54684,-0.55994,-0.58177,-0.60718,-0.62365,-0.6439,-0.69962,-0.72271,-1.7382,-0.73897,-0.7709,-0.79358,-0.81683,-0.81683,-0.81683,-0.80873,-0.80615,-0.79579,-0.79047,-1.7251,-0.77737,-0.76427,-0.75117,-0.73807,-0.72497,-0.71187,-0.69646,-0.67026,-0.64406,-0.52743,-1.712,-0.49696,-0.46608,-0.43404,-0.39801,-0.37112,-0.34045,-0.3082,-0.27238,-0.24528,-0.21482,-1.6989,-0.18236,-0.14674,-0.11797,-0.082718,-0.056519,-0.03032,-0.00412,0.022079,0.048279,0.074478,-1.6858,0.090156,0.11636,0.13635,0.15823,0.17307,0.18959,0.20979,0.22289,0.23599,0.24588,-1.6727,0.25167,0.26477,0.27787,0.29097,0.29849,0.30664,0.31953,0.32232,0.33542,0.34058,-1.8954,-1.6596,0.3511,0.35368,0.36162,0.36935,0.37214,0.37214,0.37214,0.37214,0.37214,0.35946,-1.6465,0.34636,0.33326,0.32016,0.29654,0.27892,0.25272,0.22652,0.20032,0.16981,0.1374,-1.6375,0.1112,0.074478,0.048279,0.022079,-0.00412,-0.03032,-0.064305,-0.097291,-0.11039,-0.13401,-1.6309,-0.14711,-0.16021,-0.16447,-0.175,-0.175,-0.16895,-0.16447,-0.16379,-0.15395,-0.14811,-1.6178,-0.14343,-0.13243,-0.11933,-0.10061,-0.082613,-0.058992,-0.043051,-0.016852,0.009348,0.0356,-1.6047,0.072269,0.15055,0.22989,0.26645,0.29523,0.32953,0.3633,0.4026,0.43138,0.47068,-1.5916,0.50261,0.53876,0.57606,0.60683,0.63898,0.67491,0.70369,0.73862,0.76482,0.80054,-1.5785,0.82774,0.85394,0.88014,0.90634,0.93254,0.95874,0.98494,1.0111,1.0268,1.0493,-1.5744,1.0687,1.086,1.0991,1.1122,1.1253,1.1297,1.1402,1.1402,1.1461,1.1508,-1.5628,1.1502,1.1402,1.1402,1.132,1.1192,1.1163,1.0977,1.0715,1.0454,1.0297,-1.8823,-1.5497,1.0035,0.97725,0.93022,0.90381,0.87256,0.83326,0.80417,0.74414,0.70968,0.67607,-1.5428,0.64676,0.62056,0.59436,0.57537,0.55249,0.53681,0.51945,0.51945,0.50987,0.51945,-1.534,0.51945,0.52623,0.52997,0.55101,0.55501,0.56811,0.59037,0.60604,0.62845,0.65429,-1.5314,0.68464,0.71084,0.74062,0.78607,0.83847,0.95242,0.98536,1.0199,1.0415,1.0683,-1.5183,1.1045,1.1307,1.1486,1.1725,1.1958,1.2144,1.2325,1.2458,1.2692,1.2823,-1.5113,1.2954,1.319,1.3322,1.3453,1.3584,1.3715,1.3928,1.3977,1.4108,1.4239,-1.5026,1.4349,1.4395,1.4454,1.4552,1.4578,1.4664,1.4664,1.476,1.4769,1.4812,-1.5001,1.4875,1.4875,1.498,1.498,1.498,1.5072,1.5085,1.5123,1.519,1.528,-1.487,1.5411,1.5542,1.5673,1.5804,1.5944,1.6171,1.6362,1.6624,1.6886,1.718,-1.4797,1.7516,1.7778,1.8149,1.8512,1.883,1.9141,1.9403,1.9665,-1.8692,-1.4713,-1.4587,-1.4556,-1.4425,-1.4376,-1.4268,-1.4137,-1.4061,-1.3981,-1.385,-1.8561,-1.3719,-1.3588,-1.3457,-1.3326,-1.317,-1.2958,-1.2827,-1.2595,-1.2438,-1.2224,-1.843,-1.2019,-1.1757,-1.1601,-1.1384,-1.1182,-1.092,-1.0763,-1.0501,-1.0308,-1.0082,-1.8299,-0.9836,-0.96635,-0.94688,-0.92447,-0.89964,-0.88259,-0.86292,-0.84071,-0.82504,-0.80257,-1.8168,-0.78947,-0.76748,-0.75275,-0.73965,-0.72045,-0.70293,-0.68983,-0.67342,-0.65311,-0.64001,-1.8037,-0.62638,-0.60329,-0.59019,-0.57709,-0.56399,-0.55089,-0.53779,-0.52469,-0.51159,-0.49849,5.0,5.0
-2.0967,-2.0149,-1.7909,-0.53786,-0.53786,-0.53786,-0.53794,-0.54876,-0.55435,-0.568,-0.58165,-0.59531,-0.60896,-1.7636,-0.62261,-0.63627,-0.64992,-0.66357,-0.67723,-0.69047,-0.69363,-0.71911,-0.73407,-0.73407,-1.7472,-0.73407,-0.73407,-0.73407,-0.73407,-0.73407,-0.73407,-0.72519,-0.72317,-0.71968,-0.71227,-1.7199,-0.68529,-0.67873,-0.66867,-0.66232,-0.65777,-0.64591,-0.63597,-0.62951,-0.61586,-0.6022,-1.6984,-0.58855,-0.58146,-0.56282,-0.54759,-0.53394,-0.52028,-0.50663,-0.48208,-0.46439,-0.44387,-1.6848,-0.42068,-0.40427,-0.38111,-0.36056,-0.33325,-0.31685,-0.28954,-0.26924,-0.24583,-0.22943,-1.6707,-0.20212,-0.18193,-0.15841,-0.1311,-0.10826,-0.087389,-0.060082,-0.043677,-0.020949,3.5e-05,-1.6465,0.017258,0.041812,0.055465,0.076558,0.093672,0.10937,0.13188,0.14553,0.16949,0.18374,-1.6329,0.19739,0.2187,0.2356,0.24925,0.26792,0.28746,0.30111,0.31477,0.3233,0.33117,-1.6192,0.34482,0.34758,0.356,0.356,0.356,0.356,0.35066,0.3451,0.33425,0.3206,-1.9931,-1.6056,0.30694,0.29329,0.27964,0.26599,0.25233,0.23868,0.22503,0.21137,0.19772,0.18407,-1.5919,0.17069,0.16766,0.15401,0.14888,0.1376,0.12708,0.1212,0.11618,0.10528,0.10528,-1.5783,0.099286,0.094381,0.094381,0.091029,0.08348,0.08348,0.08348,0.08348,0.08348,0.08348,-1.5734,0.08348,0.08348,0.08348,0.08348,0.09716,0.12708,0.13351,0.14717,0.14992,0.16357,-1.5632,0.17723,0.18159,0.19363,0.20728,0.22094,0.23459,0.24824,0.2619,0.27555,0.2892,-1.5734,0.30286,0.31651,0.33016,0.34382,0.35747,0.37112,0.38478,0.39843,0.41208,0.42574,-1.5734,0.44647,0.46394,0.4776,0.49125,0.5121,0.52946,0.54311,0.56131,0.58132,0.59497,-1.5734,0.61952,0.63318,0.65424,0.67138,0.68705,0.70959,0.72324,0.74717,0.76145,0.7751,-1.5843,0.78876,0.81279,0.82696,0.8456,0.86517,0.87882,0.90338,0.91703,0.93068,0.94434,-1.5843,0.95799,0.97164,0.9853,0.99895,1.0017,1.01,1.0181,1.0209,1.0236,1.0318,-1.9711,-1.5843,1.0318,1.0209,1.0182,1.01,1.0018,0.98797,0.96355,0.93861,0.91444,0.88989,-1.5934,0.87024,0.84078,0.82713,0.80257,0.78892,0.77527,0.76161,0.75886,0.74521,0.73752,-1.5961,0.73752,0.73752,0.73752,0.73752,0.73752,0.73752,0.73752,0.73752,0.73752,0.74842,-1.6061,0.74842,0.75472,0.79551,0.81473,0.83568,0.86384,0.88664,0.90406,0.94126,0.96856,-1.6061,0.9866,1.0145,1.0614,1.0887,1.116,1.1433,1.1706,1.1979,1.2252,1.2512,-1.6061,1.2689,1.2962,1.3235,1.3494,1.3673,1.3876,1.411,1.4258,1.4395,1.4531,-1.6061,1.4668,1.4788,1.4832,1.4897,1.4897,1.4914,1.5006,1.5006,1.5006,1.5006,-1.6061,1.5006,1.508,1.5115,1.5115,1.5115,1.5115,1.5115,1.5006,1.5006,1.5006,-1.5996,1.5006,1.5006,1.5006,1.5006,1.511,1.5247,1.5434,1.5629,1.5871,1.6144,-1.5952,1.6417,1.669,1.707,1.7346,1.7672,1.8001,1.8274,1.8547,-1.9439,-1.5941,-1.5843,-1.5777,-1.5734,-1.5613,-1.5477,-1.534,-1.5204,-1.5067,-1.4931,-1.9274,-1.4794,-1.4562,-1.4398,-1.4166,-1.3961,-1.3784,-1.3539,-1.336,-1.3087,-1.2911,-1.9001,-1.2649,-1.242,-1.2212,-1.1939,-1.1684,-1.1502,-1.1229,-1.1056,-1.0792,-1.0565,-1.8728,-1.0355,-1.0183,-0.99373,-0.97536,-0.95552,-0.93165,-0.91524,-0.89276,-0.87153,-0.85455,-1.8455,-0.83872,-0.81635,-0.80269,-0.78904,-0.77539,-0.75669,-0.73718,-0.72353,-0.69897,-0.68532,-1.8182,-0.66376,-0.64711,-0.63095,-0.60891,-0.59525,-0.5816,-0.56795,-0.55429,-0.54876,-0.53789,5.0,5.0
-2.1583,-1.9635,-1.7268,-0.90456,-0.89482,-0.88508,-0.87534,-0.8656,-0.85586,-0.84612,-0.83638,-0.82664,-0.8169,-1.7073,-0.80716,-0.79742,-0.79156,-0.7887,-0.77896,-0.76922,-0.75948,-0.75927,-0.75077,-0.74851,-1.6786,-0.74205,-0.73231,-0.72257,-0.71283,-0.70309,-0.69335,-0.68361,-0.67387,-0.66413,-0.65439,-1.6576,-0.64465,-0.62894,-0.61441,-0.60467,-0.59203,-0.57443,-0.56383,-0.54435,-0.53445,-0.51615,-1.6309,-0.50421,-0.48796,-0.46848,-0.45347,-0.44028,-0.4208,-0.40272,-0.39261,-0.37313,-0.36274,-1.6017,-0.34493,-0.3325,-0.32276,-0.30802,-0.29252,-0.28278,-0.27304,-0.2633,-0.25356,-0.24382,-1.5776,-0.23408,-0.22434,-0.22117,-0.21562,-0.20588,-0.19964,-0.19717,-0.18888,-0.18888,-0.18888,-1.554,-0.17973,-0.17812,-0.17102,-0.16736,-0.1623,-0.15659,-0.15358,-0.14583,-0.14486,-0.13512,-1.5279,-0.12538,-0.12431,-0.11667,-0.10693,-0.097187,-0.092022,-0.08847,-0.07873,-0.068991,-0.059251,-1.5084,-0.049511,-0.039772,-0.030032,-0.020292,-0.010553,-0.000813,0.004837,0.007904,0.017644,0.027384,-1.9257,-1.4889,0.037123,0.046863,0.056603,0.066342,0.076082,0.085822,0.095561,0.1053,0.11504,0.12478,-1.4695,0.13452,0.14426,0.154,0.16374,0.16627,0.17246,0.1822,0.19194,0.20168,0.21141,-1.45,0.22008,0.22013,0.22987,0.23961,0.24935,0.25909,0.26883,0.27857,0.28831,0.29805,-1.4393,0.30617,0.30677,0.31651,0.32625,0.33599,0.34573,0.35546,0.35999,0.36418,0.37392,-1.4295,0.38366,0.3934,0.40314,0.41288,0.43145,0.44312,0.45286,0.4626,0.47234,0.48579,-1.4131,0.50258,0.51232,0.52271,0.54219,0.5523,0.56204,0.57178,0.58782,0.60202,0.61176,-1.3993,0.6215,0.63124,0.64098,0.65072,0.66046,0.67908,0.6907,0.70044,0.71018,0.72471,-1.3895,0.74042,0.74742,0.74914,0.75888,0.76862,0.76894,0.77734,0.77971,0.78606,0.79047,-1.3798,0.79477,0.80123,0.80349,0.81323,0.82297,0.83271,0.83352,0.84143,0.84428,0.85014,-1.3701,0.85504,0.85886,0.8686,0.87656,0.87732,0.88706,0.8968,0.90654,0.90885,0.91525,-1.8985,-1.3603,0.92499,0.93473,0.94447,0.95421,0.96395,0.97369,0.98343,0.99317,1.0109,1.0234,-1.3512,1.0332,1.0429,1.0526,1.0624,1.0721,1.081,1.081,1.0906,1.1003,1.11,-1.3512,1.1133,1.1188,1.1285,1.1382,1.1456,1.147,1.1567,1.1664,1.1762,1.1779,-1.3512,1.1849,1.1946,1.1994,1.2034,1.2102,1.2121,1.221,1.221,1.2305,1.2317,-1.3512,1.2392,1.2425,1.2425,1.2469,1.2532,1.2557,1.2654,1.2748,1.2748,1.2839,-1.3512,1.2855,1.2926,1.2963,1.2963,1.3003,1.307,1.309,1.3178,1.3178,1.3178,-1.3449,1.3178,1.3254,1.3286,1.3286,1.3331,1.3393,1.3418,1.3501,1.3505,1.3603,-1.3404,1.37,1.3716,1.3787,1.3885,1.3931,1.3972,1.4039,1.4059,1.4147,1.4147,-1.3404,1.4244,1.4254,1.4254,1.4254,1.431,1.4362,1.4362,1.4387,1.4485,1.4582,-1.3372,1.4679,1.4777,1.4874,1.5043,1.5238,1.5433,1.5668,1.593,-1.8759,-1.3297,-1.3285,-1.3189,-1.3189,-1.3189,-1.3111,-1.3081,-1.3024,-1.2926,-1.2866,-1.8508,-1.2839,-1.2758,-1.2752,-1.2655,-1.2557,-1.246,-1.2436,-1.2373,-1.2328,-1.2285,-1.8262,-1.222,-1.2198,-1.2113,-1.2111,-1.2014,-1.1916,-1.1898,-1.1829,-1.1732,-1.1682,-1.8031,-1.1645,-1.1575,-1.1557,-1.146,-1.1363,-1.1359,-1.1359,-1.1286,-1.1252,-1.1199,-1.7765,-1.1101,-1.1037,-1.1014,-1.0917,-1.0819,-1.0722,-1.0624,-1.0527,-1.043,-1.0332,-1.7555,-1.0235,-1.0137,-1.0012,-0.9835,-0.97376,-0.96402,-0.95428,-0.94454,-0.9348,-0.91866,3.0,5.0
-1.0827,-1.0827,-1.07,-1.8168,-1.7991,-1.7814,-1.7637,-1.746,-1.7156,-1.6902,-1.6548,-1.6194,-1.584,-1.07,-1.5336,-1.4877,-1.4401,-1.387,-1.3339,-1.2808,-1.2277,-1.1746,-1.1215,-1.0774,-1.07,-1.028,-0.98119,-0.93453,-0.89414,-0.84104,-0.80065,-0.75333,-0.71793,-0.68253,-0.64713,-1.07,-0.61173,-0.57633,-0.55122,-0.52081,-0.49555,-0.4727,-0.44229,-0.41477,-0.39208,-0.36376,-1.07,-0.34606,-0.31565,-0.29795,-0.28025,-0.26255,-0.24485,-0.22327,-0.19674,-0.17904,-0.16134,-1.07,-0.14364,-0.12593,-0.10823,-0.091201,-0.085544,-0.067844,-0.053067,-0.045154,-0.027644,-0.022464,-1.07,-0.004764,0.01049,0.017926,0.035627,0.053327,0.071028,0.088728,0.10643,0.13608,0.15454,-1.07,0.17224,0.18994,0.20764,0.22534,0.25576,0.27346,0.29116,0.30886,0.31556,0.33155,-1.07,0.34925,0.35424,0.36641,0.37693,0.38192,0.39962,0.40461,0.41725,0.42729,0.43228,-1.07,0.44268,0.45497,0.45996,0.4681,0.48081,0.48764,0.50534,0.51033,0.51894,0.53302,-1.0827,-1.07,0.55072,0.56842,0.58612,0.60382,0.62152,0.6451,0.66964,0.67463,0.70046,0.72274,-1.07,0.74584,0.77085,0.79122,0.81896,0.83666,0.86708,0.88478,0.89196,0.92018,0.93788,-1.07,0.96829,0.99543,1.0181,1.0468,1.0645,1.0949,1.1216,1.1558,1.1797,1.2151,-1.0827,1.2378,1.2732,1.3086,1.3382,1.3667,1.4021,1.4375,1.4726,1.4956,1.531,-1.0827,1.5638,1.589,1.6119,1.6423,1.66,1.6905,1.7082,1.7259,1.7563,1.774,-1.0827,1.7917,1.8028,1.8144,1.8321,1.8498,1.8675,1.8852,1.9029,1.9172,1.9255,-1.0827,1.9166,1.9045,1.8939,1.8889,1.8791,1.8662,1.8485,1.8308,1.8131,1.7954,-1.0827,1.7777,1.76,1.7423,1.7246,1.7069,1.6892,1.6715,1.6538,1.6234,1.5992,-1.0827,1.5638,1.5284,1.493,1.4576,1.4222,1.3868,1.3514,1.3242,1.2938,1.2706,-1.0827,1.2352,1.2125,1.1771,1.1417,1.1063,1.0609,1.0228,0.98742,0.95202,0.91662,-1.0827,-1.0827,0.88122,0.84582,0.80361,0.7623,0.7269,0.68244,0.64339,0.61431,0.5853,0.5499,-1.0827,0.51449,0.47909,0.44369,0.40829,0.376,0.3502,0.3148,0.2794,0.25436,0.22395,-1.0827,0.19862,0.17583,0.14542,0.12772,0.097308,0.079608,0.061907,0.044207,0.035913,0.021517,-1.0827,0.017163,0.023201,0.027142,0.035913,0.035913,0.035913,0.035913,0.032449,0.023201,0.023201,-1.0827,0.023201,0.012492,0.01049,0.01049,-0.002221,-0.002221,-0.002221,-0.004732,-0.014933,-0.014933,-1.0827,-0.014933,-0.024689,-0.027644,-0.027644,-0.027644,-0.027644,-0.027644,-0.027644,-0.027644,-0.027644,-1.0827,-0.023831,-0.014933,-0.014933,-0.014933,-0.014933,-0.014933,-0.014933,-0.015537,-0.027644,-0.027644,-1.0827,-0.027644,-0.027644,-0.027644,-0.027644,-0.027644,-0.027644,-0.027644,-0.027644,-0.027644,-0.027644,-1.0827,-0.027644,-0.027644,-0.027644,-0.027644,-0.027644,-0.027644,-0.027644,-0.027644,-0.027644,-0.027644,-1.07,-0.027644,-0.027644,-0.016712,-0.011723,0.005977,0.023201,0.023201,0.023201,-1.0827,-1.07,-1.0688,-1.0573,-1.0573,-1.0573,-1.0573,-1.0573,-1.0516,-1.0446,-1.0446,-1.0827,-1.0446,-1.0443,-1.0318,-1.0318,-1.0318,-1.0318,-1.0318,-1.0318,-1.0318,-1.0318,-1.0827,-1.0318,-1.0318,-1.0318,-1.0226,-1.0191,-1.0191,-1.0076,-1.0064,-1.0064,-1.0064,-1.0827,-1.0064,-0.99539,-0.99371,-0.99371,-0.99371,-0.98814,-0.98099,-0.98099,-0.98099,-0.98099,-1.0827,-0.98099,-0.99107,-1.0008,-1.0318,-1.0442,-1.1127,-1.188,-1.2263,-1.2823,-1.3826,-1.0759,-1.4513,-1.4604,-1.4823,-1.5595,-1.6366,-1.6693,-1.7142,-1.761,-1.8199,-1.8308,4.0,4.0
-1.9774,-1.9521,-1.7555,-0.74853,-0.73166,-0.72125,-0.71281,-0.70688,-0.70636,-0.69792,-0.68949,-0.68605,-0.68303,-1.7302,-0.67564,-0.67564,-0.66814,-0.66522,-0.66168,-0.65325,-0.64481,-0.64439,-0.64439,-0.64033,-1.7049,-0.63398,-0.63398,-0.63398,-0.62742,-0.62357,-0.62096,-0.61253,-0.60409,-0.59566,-0.59232,-1.6796,-0.5892,-0.57962,-0.56275,-0.55348,-0.54505,-0.53661,-0.52818,-0.51974,-0.50318,-0.49246,-1.6579,-0.48402,-0.4734,-0.45674,-0.4483,-0.4332,-0.42102,-0.40987,-0.39373,-0.3853,-0.36968,-1.6394,-0.35801,-0.34958,-0.33989,-0.32302,-0.31386,-0.30542,-0.29699,-0.28855,-0.28012,-0.27168,-1.6141,-0.26325,-0.25481,-0.24638,-0.23825,-0.23825,-0.23149,-0.22305,-0.21743,-0.21659,-0.20816,-1.5968,-0.19972,-0.19129,-0.17952,-0.164,-0.15557,-0.14713,-0.1387,-0.12641,-0.11141,-0.10298,-1.58,-0.086213,-0.069342,-0.056846,-0.046015,-0.029145,-0.012275,0.004596,0.016572,0.027923,0.044793,-1.5631,0.061663,0.078534,0.095404,0.11227,0.12915,0.14602,0.16289,0.17382,0.18621,0.2011,-1.9332,-1.5462,0.20954,0.21797,0.22641,0.23485,0.24328,0.25172,0.26015,0.26161,0.26661,0.27202,-1.5295,0.27202,0.27202,0.27952,0.28244,0.28244,0.28244,0.28244,0.28244,0.28244,0.28244,-1.521,0.28452,0.29285,0.29285,0.29941,0.30785,0.31368,0.3143,0.32274,0.33117,0.33961,-1.5126,0.34804,0.35648,0.36491,0.37335,0.38178,0.39386,0.40907,0.4175,0.42594,0.43437,-1.5042,0.44281,0.45124,0.45968,0.46811,0.47655,0.48499,0.49342,0.50113,0.50113,0.50831,-1.4957,0.51675,0.52518,0.53237,0.53237,0.54007,0.54851,0.55694,0.56361,0.56361,0.57184,-1.4879,0.58027,0.58871,0.59485,0.59516,0.6036,0.61203,0.62047,0.6289,0.63734,0.64577,-1.4879,0.65421,0.66265,0.67108,0.67952,0.68795,0.7042,0.71523,0.72752,0.74252,0.75095,-1.4879,0.76772,0.78459,0.79709,0.80792,0.82479,0.84166,0.85853,0.8754,0.89227,0.9082,-1.4828,0.91664,0.93247,0.94392,0.95579,0.97121,0.97964,0.98808,0.99651,1.0049,1.0114,-1.9119,-1.4806,1.0114,1.0198,1.0218,1.0218,1.0218,1.0223,1.0308,1.0322,1.0322,1.0322,-1.4868,1.0312,1.0228,1.0218,1.0218,1.0218,1.0218,1.0218,1.0218,1.0218,1.0259,-1.4783,1.0322,1.0322,1.0322,1.0322,1.0322,1.0348,1.0426,1.0426,1.0426,1.0426,-1.4775,1.0426,1.0438,1.0522,1.0531,1.0531,1.0531,1.0547,1.0632,1.0635,1.0696,-1.4719,1.0781,1.0843,1.0845,1.0929,1.1014,1.1098,1.1182,1.1267,1.1351,1.1436,-1.4671,1.152,1.1604,1.1689,1.1773,1.1857,1.1942,1.2026,1.211,1.2195,1.2279,-1.4654,1.2363,1.2405,1.2428,1.2509,1.2509,1.2577,1.2661,1.2746,1.283,1.2914,-1.457,1.2926,1.2979,1.3063,1.3148,1.3232,1.3316,1.3459,1.3589,1.3692,1.3861,-1.4485,1.403,1.4198,1.4367,1.4536,1.4709,1.4962,1.5146,1.5364,1.5588,1.5766,-1.4401,1.6019,1.6198,1.6421,1.6639,1.6823,1.7076,1.7329,1.7522,-1.8891,-1.4358,-1.4337,-1.4252,-1.4168,-1.4084,-1.4046,-1.4019,-1.3935,-1.385,-1.3766,-1.8717,-1.3734,-1.3701,-1.3629,-1.3629,-1.3552,-1.3525,-1.3488,-1.3421,-1.3421,-1.3421,-1.8464,-1.3359,-1.3317,-1.3294,-1.3213,-1.3213,-1.3213,-1.3165,-1.3081,-1.2996,-1.2912,-1.8211,-1.2828,-1.2743,-1.2626,-1.247,-1.2386,-1.2224,-1.2055,-1.1925,-1.1803,-1.155,-1.8007,-1.138,-1.1211,-1.0999,-1.077,-1.0597,-1.0344,-1.0091,-0.98378,-0.95847,-0.93411,-1.7809,-0.91724,-0.89297,-0.87308,-0.85621,-0.83934,-0.82247,-0.8056,-0.78873,-0.77186,-0.75697,3.0,5.0
-1.9724,-1.8537,-1.7261,-0.8495,-0.84363,-0.83551,-0.83187,-0.82152,-0.82011,-0.80835,-0.80641,-0.79354,-0.78066,-1.7014,-0.77308,-0.76667,-0.75379,-0.74092,-0.7378,-0.72693,-0.71405,-0.70118,-0.69077,-0.68718,-1.6869,-0.67431,-0.66143,-0.64856,-0.64374,-0.63457,-0.62169,-0.62022,-0.6077,-0.59671,-0.59371,-1.6639,-0.58083,-0.56796,-0.56143,-0.55397,-0.54109,-0.52822,-0.51534,-0.50247,-0.48959,-0.47671,-1.6472,-0.46737,-0.46272,-0.44985,-0.43697,-0.4241,-0.41122,-0.39835,-0.38547,-0.3733,-0.37148,-1.6264,-0.35861,-0.34573,-0.33286,-0.32627,-0.31886,-0.30599,-0.30275,-0.292,-0.29088,-0.278,-1.6074,-0.26748,-0.26401,-0.25114,-0.24396,-0.23714,-0.23221,-0.23221,-0.23221,-0.22092,-0.22045,-1.5889,-0.22045,-0.21757,-0.20869,-0.20869,-0.20869,-0.20869,-0.20022,-0.19693,-0.19693,-0.18517,-1.5677,-0.18517,-0.18288,-0.17342,-0.16889,-0.16166,-0.1549,-0.1499,-0.1409,-0.13814,-0.13814,-1.5514,-0.12638,-0.12638,-0.12356,-0.11463,-0.11463,-0.10845,-0.10287,-0.09446,-0.091109,-0.080468,-1.8408,-1.5385,-0.079351,-0.067593,-0.065359,-0.055835,-0.051367,-0.044077,-0.037375,-0.0245,-0.011625,0.00125,-1.5257,0.002955,0.014713,0.016359,0.029234,0.038229,0.043227,0.056102,0.068977,0.081852,0.094727,-1.501,0.1076,0.12048,0.13335,0.14623,0.1591,0.17198,0.18485,0.19773,0.2106,0.22348,-1.4881,0.23635,0.26034,0.27386,0.28674,0.29961,0.31249,0.32536,0.33824,0.35111,0.36399,-1.4753,0.37686,0.38974,0.40261,0.41549,0.42836,0.44124,0.45411,0.46699,0.47328,0.48098,-1.4624,0.48504,0.49497,0.49679,0.50896,0.52184,0.53471,0.54383,0.54871,0.55558,0.5627,-1.4495,0.56734,0.57669,0.5791,0.5791,0.59086,0.59086,0.59086,0.59515,0.60262,0.60262,-1.4366,0.60262,0.60262,0.60262,0.61361,0.61437,0.61437,0.61696,0.62613,0.63095,0.63789,-1.4238,0.64495,0.64965,0.64965,0.66005,0.66141,0.66229,0.67316,0.67316,0.67316,0.67851,-1.4109,0.68492,0.69251,0.69668,0.69668,0.70762,0.70873,0.7202,0.72272,0.73195,0.73672,-1.828,-1.398,0.74371,0.75071,0.76358,0.76723,0.77758,0.77899,0.79157,0.80444,0.81732,0.82602,-1.3851,0.83131,0.83778,0.8453,0.85818,0.87105,0.87305,0.88504,0.89792,0.9108,0.92367,-1.3723,0.93655,0.94942,0.9623,0.97517,0.99722,1.0127,1.0256,1.0384,1.0513,1.0642,-1.3594,1.0771,1.0899,1.0965,1.1039,1.1168,1.12,1.1308,1.1319,1.1435,1.1435,-1.3465,1.147,1.1552,1.161,1.167,1.167,1.1761,1.1788,1.1788,1.1905,1.1923,-1.3336,1.2052,1.214,1.2192,1.2321,1.245,1.2493,1.259,1.2718,1.2848,1.3093,-1.3257,1.3222,1.3386,1.3597,1.3783,1.404,1.4219,1.4438,1.4594,1.4835,1.5093,-1.3197,1.535,1.5608,1.5865,1.6123,1.638,1.6638,1.6811,1.7035,1.7293,1.755,-1.3139,1.7808,1.8065,1.8323,1.858,1.8838,1.9095,1.9274,1.9493,1.975,2.0008,-1.3057,2.0148,2.0388,2.0517,2.0646,2.0774,2.0903,2.1032,2.1161,-1.8151,-1.3022,-1.2917,-1.2904,-1.2787,-1.2766,-1.2669,-1.2626,-1.2552,-1.2486,-1.2434,-1.8022,-1.2346,-1.2217,-1.2088,-1.2077,-1.1948,-1.182,-1.1691,-1.1562,-1.1433,-1.1305,-1.7893,-1.1176,-1.1141,-1.1036,-1.0907,-1.0788,-1.0767,-1.067,-1.0627,-1.0553,-1.0487,-1.7686,-1.0359,-1.0318,-1.0219,-1.02,-1.0082,-1.0068,-0.99648,-0.99648,-0.99166,-0.98472,-1.7518,-0.97767,-0.97296,-0.96368,-0.96121,-0.94968,-0.94857,-0.93769,-0.93457,-0.92593,-0.92058,-1.7389,-0.91417,-0.90659,-0.89371,-0.89066,-0.87972,-0.87861,-0.86714,-0.86714,-0.8635,-0.85538,3.0,5.0
-0.94374,-0.89382,-0.84391,-2.0669,-2.0239,-1.9808,-1.9378,-1.8948,-1.84,-1.7921,-1.7325,-1.6797,-1.6298,-0.84029,-1.5702,-1.5272,-1.4842,-1.4412,-1.4039,-1.3718,-1.3288,-1.3024,-1.268,-1.233,-0.82727,-1.2066,-1.1702,-1.1373,-1.1105,-1.0724,-1.0415,-0.99848,-0.97211,-0.9291,-0.88609,-0.82727,-0.85971,-0.82199,-0.79033,-0.76233,-0.74083,-0.71121,-0.68118,-0.65967,-0.63817,-0.60572,-0.82727,-0.57852,-0.55701,-0.5355,-0.514,-0.49249,-0.47099,-0.44948,-0.42797,-0.40647,-0.38496,-0.82727,-0.36346,-0.33916,-0.30381,-0.2823,-0.26079,-0.23929,-0.21778,-0.19628,-0.17477,-0.16171,-0.81595,-0.1484,-0.12689,-0.11179,-0.10052,-0.095154,-0.074147,-0.061876,-0.047774,-0.028598,-0.021402,-0.81063,0.000104,0.021319,0.026477,0.037958,0.05285,0.074356,0.095861,0.11737,0.13887,0.16038,-0.81063,0.18188,0.20339,0.2249,0.2464,0.28155,0.30605,0.32756,0.34906,0.37057,0.39208,-0.81063,0.41358,0.43509,0.47323,0.49474,0.51624,0.53775,0.55926,0.59112,0.61891,0.64041,-0.89382,-0.81063,0.66192,0.68342,0.70493,0.73272,0.76458,0.78609,0.80759,0.83821,0.86724,0.90539,-0.80826,0.92689,0.96034,0.98671,1.0247,1.0561,1.0843,1.1088,1.144,1.1655,1.2036,-0.79399,1.2251,1.2573,1.2848,1.3229,1.3444,1.3795,1.4041,1.4256,1.4586,1.4853,-0.79399,1.5068,1.5283,1.5498,1.5713,1.5928,1.6143,1.6358,1.6519,1.6622,1.6837,-0.79399,1.6885,1.7019,1.7149,1.7364,1.7518,1.7628,1.7684,1.785,1.794,1.8017,-0.79399,1.8183,1.8183,1.8065,1.8016,1.785,1.7753,1.7684,1.7489,1.7274,1.7059,-0.79399,1.6836,1.6462,1.6036,1.5545,1.5281,1.4937,1.4588,1.4174,1.3894,1.3464,-0.77906,1.3034,1.2437,1.21,1.1743,1.1479,1.1122,1.0907,1.0526,1.0311,1.0095,-0.77735,0.98804,0.96654,0.94503,0.92353,0.90202,0.88051,0.85901,0.85327,0.81999,0.81113,-0.77735,0.78962,0.76812,0.74661,0.72511,0.7036,0.68209,0.66059,0.63908,0.60385,0.52049,-0.87922,-0.77735,0.49553,0.4865,0.465,0.44349,0.42199,0.41712,0.39561,0.37411,0.3556,0.37074,-0.77735,0.37074,0.37074,0.38738,0.39657,0.40402,0.40402,0.40402,0.40402,0.40426,0.42065,-0.77136,0.41067,0.40402,0.40402,0.39607,0.38738,0.37074,0.36483,0.3541,0.33846,0.33359,-0.76071,0.32082,0.32082,0.30418,0.30418,0.29262,0.28754,0.28754,0.27802,0.2709,0.2709,-0.76071,0.2709,0.2709,0.2709,0.2709,0.2709,0.2709,0.2709,0.26263,0.25426,0.25426,-0.76071,0.25426,0.25426,0.25426,0.25426,0.26333,0.2709,0.2709,0.2709,0.2709,0.2709,-0.76071,0.2709,0.2709,0.2709,0.2709,0.2709,0.2709,0.2709,0.2709,0.2709,0.2709,-0.76071,0.2709,0.2709,0.2709,0.27261,0.28754,0.28754,0.28754,0.28754,0.28754,0.28754,-0.7588,0.2709,0.2709,0.2709,0.2709,0.2709,0.2709,0.2709,0.2709,0.2709,0.2709,-0.74407,0.2709,0.2709,0.2709,0.2709,0.2709,0.2709,0.2709,0.25223,-0.87719,-0.74407,-0.74407,-0.73933,-0.72743,-0.72743,-0.72743,-0.72743,-0.72743,-0.72743,-0.72743,-0.86949,-0.72743,-0.72743,-0.72743,-0.72743,-0.72743,-0.72743,-0.72743,-0.72743,-0.72743,-0.7108,-0.86055,-0.7108,-0.7108,-0.7108,-0.7108,-0.7108,-0.72743,-0.76296,-0.89362,-0.94191,-0.96342,-0.85976,-1.0165,-1.073,-1.1444,-1.1659,-1.2303,-1.2755,-1.3123,-1.385,-1.4066,-1.4352,-0.84391,-1.5161,-1.5376,-1.6247,-1.6703,-1.7614,-1.79,-1.8115,-1.8628,-1.9211,-1.9421,-0.84391,-1.9853,-2.0855,-2.1675,-2.202,-2.2917,-2.2618,-2.2223,-2.1855,-2.1529,-2.1099,4.0,4.0
-2.2801,-2.1027,-1.8263,-0.78852,-0.77549,-0.76247,-0.74945,-0.74121,-0.73601,-0.72299,-0.71599,-0.70955,-0.69653,-1.7872,-0.69076,-0.69076,-0.68269,-0.67815,-0.67815,-0.66884,-0.66553,-0.65541,-0.65292,-0.65292,-1.7482,-0.65292,-0.64116,-0.64031,-0.62772,-0.62769,-0.62769,-0.62649,-0.61508,-0.61508,-0.61265,-1.7091,-0.60246,-0.59922,-0.58985,-0.58578,-0.57276,-0.56462,-0.55933,-0.55201,-0.54589,-0.53287,-1.67,-0.52678,-0.51943,-0.50641,-0.50156,-0.49298,-0.47995,-0.47633,-0.46652,-0.4535,-0.4511,-1.631,-0.44006,-0.42704,-0.42587,-0.41361,-0.4132,-0.40017,-0.38803,-0.38674,-0.37542,-0.37331,-1.5919,-0.36028,-0.35019,-0.34685,-0.33382,-0.3208,-0.30778,-0.29974,-0.29434,-0.28132,-0.27451,-1.5528,-0.26789,-0.25486,-0.24928,-0.24143,-0.23667,-0.23667,-0.22759,-0.22405,-0.21415,-0.21144,-1.5137,-0.20072,-0.1877,-0.17467,-0.1736,-0.16124,-0.16083,-0.14837,-0.14739,-0.13576,-0.13396,-1.4747,-0.12094,-0.11053,-0.1075,-0.094481,-0.081457,-0.068433,-0.05541,-0.042386,-0.029363,-0.016339,-2.0766,-1.4356,-0.003315,0.009708,0.022732,0.035755,0.048779,0.061803,0.074826,0.08785,0.10087,0.1139,-1.4051,0.13733,0.15256,0.16558,0.17861,0.19163,0.20465,0.21768,0.2307,0.24372,0.25675,-1.3791,0.26977,0.28279,0.29311,0.29623,0.30572,0.30966,0.31833,0.31833,0.31833,0.31833,-1.353,0.31833,0.31833,0.31833,0.31833,0.31833,0.31833,0.32678,0.33095,0.33095,0.33095,-1.3368,0.34104,0.34356,0.34356,0.35488,0.35617,0.36831,0.36879,0.3814,0.38216,0.39518,-1.3238,0.40821,0.42123,0.43425,0.44728,0.4603,0.47332,0.48635,0.49937,0.50754,0.5128,-1.3108,0.52583,0.53885,0.55187,0.55799,0.56531,0.57833,0.59136,0.59583,0.60479,0.61781,-1.2978,0.62106,0.63125,0.64427,0.64629,0.6577,0.67073,0.67152,0.68413,0.68413,0.68498,-1.2962,0.69674,0.69674,0.69882,0.70936,0.70936,0.70936,0.71308,0.72197,0.72651,0.73458,-1.3081,0.73994,0.7472,0.75338,0.75981,0.76681,0.77242,0.78025,0.78504,0.79368,0.8067,-2.0506,-1.3211,0.81027,0.82014,0.83316,0.83549,0.84659,0.85962,0.87264,0.88566,0.89869,0.91118,-1.3088,0.91212,0.92514,0.93817,0.95119,0.96422,0.97424,0.97765,0.99067,1.0037,1.0167,-1.3088,1.0297,1.0373,1.0432,1.0562,1.0692,1.0822,1.0878,1.0957,1.1087,1.113,-1.3079,1.1221,1.1352,1.1382,1.1486,1.1508,1.162,1.1634,1.1634,1.1759,1.1763,-1.2962,1.1887,1.1887,1.1887,1.1905,1.2013,1.204,1.217,1.23,1.2391,1.2435,-1.2962,1.2565,1.2695,1.277,1.2829,1.296,1.3022,1.3022,1.3098,1.3148,1.3148,-1.2941,1.3236,1.3274,1.3274,1.3274,1.3274,1.3274,1.3274,1.3274,1.3153,1.3148,-1.2836,1.3148,1.3155,1.3286,1.3416,1.3566,1.3802,1.396,1.4253,1.4608,1.4908,-1.2806,1.5299,1.5738,1.6206,1.6653,1.7114,1.7569,1.809,1.8538,1.8929,1.9401,-1.271,1.9837,2.0227,2.0525,2.0883,2.1172,2.1432,2.1693,2.1839,-2.0245,-1.2672,-1.2584,-1.2584,-1.2534,-1.2458,-1.2399,-1.2331,-1.2265,-1.2205,-1.2205,-1.9985,-1.2127,-1.1996,-1.1953,-1.1862,-1.1827,-1.1827,-1.1723,-1.1701,-1.1701,-1.1701,-1.97,-1.1581,-1.1575,-1.1575,-1.1569,-1.1449,-1.1434,-1.1304,-1.1196,-1.117,-1.107,-1.9309,-1.107,-1.1031,-1.0944,-1.0897,-1.0818,-1.0763,-1.0692,-1.0628,-1.0498,-1.0368,-1.8951,-1.0313,-1.0234,-1.0103,-0.9973,-0.99349,-0.98387,-0.97085,-0.95782,-0.9448,-0.93178,-1.8654,-0.91875,-0.90573,-0.8927,-0.87968,-0.86666,-0.85363,-0.84061,-0.82759,-0.81456,-0.80154,3.0,5.0
-2.0717,-1.9257,-1.6963,-0.83426,-0.83426,-0.82835,-0.82051,-0.81556,-0.80676,-0.80278,-0.78951,-0.77927,-0.77672,-1.6698,-0.76346,-0.75019,-0.73802,-0.7374,-0.72427,-0.72427,-0.71135,-0.69808,-0.69677,-0.68529,-1.6512,-0.67203,-0.66928,-0.65924,-0.65553,-0.64645,-0.63319,-0.62803,-0.6204,-0.61428,-0.60761,-1.6305,-0.60053,-0.59483,-0.58678,-0.58678,-0.58252,-0.57303,-0.56973,-0.55928,-0.55695,-0.54554,-1.6039,-0.54416,-0.53179,-0.53179,-0.53179,-0.51859,-0.50532,-0.50429,-0.49253,-0.47927,-0.466,-1.5774,-0.45273,-0.43946,-0.4262,-0.41293,-0.39966,-0.38639,-0.37312,-0.35986,-0.34659,-0.33332,-1.5569,-0.32005,-0.30177,-0.27977,-0.2665,-0.25323,-0.24306,-0.24045,-0.22718,-0.21391,-0.20065,-1.5381,-0.18806,-0.18786,-0.17459,-0.16132,-0.16057,-0.14854,-0.13527,-0.13307,-0.12248,-0.11932,-1.5166,-0.1097,-0.10557,-0.09691,-0.083642,-0.070374,-0.057107,-0.043839,-0.036827,-0.031052,-0.023078,-1.4987,-0.023078,-0.023078,-0.019228,-0.009329,-0.009329,-0.009329,-0.009329,-0.007886,0.00442,0.00442,-1.8949,-1.4763,0.00442,0.017687,0.018169,0.018169,0.029993,0.031917,0.031917,0.031917,0.041817,0.045666,-1.4631,0.054603,0.059415,0.059415,0.066908,0.073164,0.079695,0.086913,0.092481,0.10066,0.10527,-1.4498,0.11441,0.11805,0.13132,0.14191,0.14411,0.15566,0.15689,0.16941,0.16968,0.18295,-1.4365,0.19622,0.1969,0.209,0.21065,0.22179,0.23506,0.24833,0.2519,0.26111,0.27438,-1.4233,0.2794,0.28717,0.29315,0.29995,0.31322,0.32064,0.32601,0.33439,0.33879,0.35206,-1.41,0.36189,0.36485,0.37564,0.37763,0.3909,0.40314,0.40369,0.41696,0.43022,0.43064,-1.3967,0.44301,0.45628,0.45813,0.46906,0.48233,0.4956,0.50887,0.52213,0.5354,0.54867,-1.3835,0.56194,0.56812,0.57472,0.58799,0.59562,0.60078,0.60937,0.60937,0.60937,0.6126,-1.3702,0.62312,0.62539,0.63687,0.63687,0.63769,0.65062,0.65062,0.66375,0.66437,0.67653,-1.3569,0.67812,0.68932,0.70259,0.71586,0.71936,0.72864,0.74191,0.75518,0.76845,0.77436,-1.8806,-1.3437,0.78123,0.7945,0.80777,0.82104,0.8343,0.84757,0.85685,0.86036,0.87362,0.88689,-1.343,0.90016,0.91185,0.91295,0.92621,0.93948,0.95275,0.95309,0.96554,0.96684,0.97832,-1.3309,0.98059,0.99111,1.0044,1.0081,1.0172,1.0218,1.0299,1.0356,1.0427,1.0493,-1.3292,1.0555,1.0688,1.0821,1.0906,1.0906,1.0944,1.1043,1.1071,1.1181,1.1181,-1.3181,1.1195,1.1318,1.1322,1.1455,1.1456,1.1456,1.1578,1.1593,1.1593,1.1701,-1.3048,1.1731,1.1829,1.1868,1.1957,1.2006,1.2085,1.2143,1.2213,1.2345,1.2478,-1.3017,1.2611,1.2743,1.2876,1.3049,1.3279,1.3442,1.3708,1.3973,1.4239,1.4516,-1.292,1.4907,1.5174,1.5572,1.597,1.6368,1.6646,1.7027,1.7425,1.7823,1.8221,-1.288,1.8619,1.9017,1.9415,1.9731,1.9997,2.0334,2.0665,2.0868,2.1058,2.127,-1.2792,2.1403,2.1579,2.1806,2.1939,2.2014,2.1761,2.108,2.108,-1.8555,-1.266,-1.2605,-1.2532,-1.2467,-1.2467,-1.2409,-1.233,-1.2281,-1.2192,-1.2153,-1.829,-1.2055,-1.2025,-1.1893,-1.178,-1.1765,-1.1632,-1.1505,-1.1504,-1.1372,-1.1239,-1.8025,-1.123,-1.1111,-1.1092,-1.0983,-1.0955,-1.0955,-1.086,-1.0817,-1.0732,-1.068,-1.7759,-1.068,-1.0609,-1.0542,-1.0481,-1.0405,-1.0353,-1.0221,-1.0088,-0.99554,-0.98227,-1.7494,-0.969,-0.95573,-0.94425,-0.94295,-0.9305,-0.93016,-0.91689,-0.90363,-0.90301,-0.89084,-1.7229,-0.87757,-0.87551,-0.86479,-0.86176,-0.852,-0.84801,-0.84801,-0.83969,-0.83426,-0.83426,3.0,5.0
-0.56682,-0.5985,-0.63057,-1.4154,-1.3837,-1.3429,-1.3044,-1.2728,-1.2321,-1.1935,-1.1618,-1.1214,-1.0792,-0.63515,-1.0369,-1.0033,-0.9684,-0.92617,-0.89231,-0.86064,-0.82896,-0.78913,-0.74969,-0.71801,-0.64571,-0.68634,-0.65726,-0.63614,-0.60726,-0.57559,-0.54392,-0.51981,-0.4987,-0.47758,-0.45647,-0.6465,-0.43536,-0.41424,-0.4003,-0.38795,-0.36683,-0.35269,-0.34213,-0.33157,-0.32102,-0.31046,-0.65088,-0.2999,-0.28935,-0.27879,-0.26823,-0.25767,-0.24712,-0.23656,-0.226,-0.21544,-0.20489,-0.66144,-0.19433,-0.18377,-0.17321,-0.15688,-0.13616,-0.12561,-0.10947,-0.088358,-0.067243,-0.046128,-0.672,-0.025013,-0.003899,0.022395,0.054067,0.085739,0.11243,0.13355,0.16482,0.19649,0.22816,-0.68256,0.2698,0.30744,0.33912,0.37079,0.40246,0.43413,0.47536,0.51341,0.54508,0.58612,-0.69311,0.62436,0.65603,0.68771,0.71938,0.75105,0.79169,0.83033,0.862,0.89367,0.92535,-0.69431,0.95702,0.98012,1.0044,1.0361,1.0678,1.0965,1.1176,1.1469,1.1757,1.1968,-0.61463,-0.69829,1.218,1.2391,1.2602,1.2813,1.3024,1.3235,1.3371,1.3498,1.3709,1.3921,-0.70885,1.4112,1.4217,1.4395,1.4588,1.4693,1.4799,1.4921,1.5132,1.5275,1.5381,-0.71941,1.5486,1.5592,1.5697,1.5803,1.5845,1.5855,1.596,1.6066,1.6172,1.6277,-0.72996,1.6323,1.6317,1.6211,1.6164,1.616,1.6054,1.5948,1.5843,1.5737,1.5632,-0.74052,1.5526,1.5421,1.5263,1.5052,1.4841,1.463,1.4419,1.4207,1.3996,1.3785,-0.75108,1.3474,1.3204,1.2992,1.2684,1.2367,1.205,1.1733,1.1417,1.11,1.0783,-0.75805,1.0467,1.015,0.97415,0.9357,0.90403,0.87236,0.84069,0.80902,0.78611,0.76161,-0.75805,0.72994,0.70683,0.68253,0.65086,0.62755,0.60643,0.58532,0.56421,0.54309,0.52198,-0.76682,0.50086,0.48234,0.47178,0.45345,0.43473,0.42417,0.41361,0.40306,0.3925,0.38194,-0.77737,0.37138,0.36083,0.35027,0.33971,0.32916,0.32557,0.32398,0.31342,0.30963,0.30824,-0.61463,-0.78793,0.29768,0.2937,0.2925,0.28195,0.27776,0.27776,0.27776,0.27776,0.27776,0.27776,-0.78992,0.27776,0.27776,0.27776,0.27776,0.27776,0.27776,0.27776,0.27776,0.27776,0.27776,-0.79311,0.27776,0.27776,0.27776,0.27776,0.28812,0.2937,0.2937,0.2937,0.2937,0.2937,-0.80367,0.2937,0.2937,0.2937,0.2937,0.2937,0.2937,0.2937,0.29788,0.30844,0.30963,-0.81422,0.30963,0.30963,0.30963,0.31342,0.32398,0.32557,0.32557,0.32557,0.33433,0.34151,-0.82478,0.34151,0.34151,0.34151,0.34151,0.34151,0.34151,0.34151,0.34151,0.34151,0.34151,-0.83534,0.34151,0.34151,0.34151,0.34151,0.34151,0.34151,0.34151,0.34151,0.34151,0.34151,-0.8704,0.34151,0.34151,0.33433,0.32557,0.32557,0.32557,0.32557,0.32557,0.32557,0.32557,-0.90147,0.32557,0.32557,0.32557,0.32557,0.32557,0.32557,0.32557,0.32557,0.32557,0.32557,-0.90147,0.32557,0.32557,0.32557,0.32557,0.32597,0.33653,0.34151,0.34151,-0.61463,-0.94928,-1.0023,-1.0234,-1.0833,-1.1453,-1.1664,-1.2102,-1.2564,-1.2776,-1.306,-0.61463,-1.3417,-1.3945,-1.4329,-1.4646,-1.4963,-1.5279,-1.558,-1.5791,-1.6206,-1.6706,-0.61463,-1.7022,-1.7471,-1.7963,-1.8174,-1.8385,-1.8646,-1.9385,-1.9815,-2.0066,-2.0805,-0.61463,-2.1186,-2.1285,-2.1285,-2.1343,-2.1425,-2.0897,-2.0592,-2.0484,-2.0273,-2.0062,-0.61941,-1.9851,-1.964,-1.9429,-1.9217,-1.9006,-1.8795,-1.8584,-1.8271,-1.8002,-1.7791,-0.62997,-1.7481,-1.7164,-1.6847,-1.653,-1.6214,-1.5897,-1.558,-1.5263,-1.4947,-1.4536,4.0,4.0
-0.4354,-0.45385,-0.51298,-1.6332,-1.6455,-1.6578,-1.6701,-1.6824,-1.6842,-1.6719,-1.6596,-1.6523,-1.6462,-0.51913,-1.64,-1.6339,-1.6277,-1.6144,-1.596,-1.5775,-1.565,-1.5527,-1.5339,-1.5032,-0.52528,-1.4724,-1.4508,-1.4323,-1.4139,-1.3954,-1.377,-1.346,-1.3029,-1.2599,-1.2333,-0.53143,-1.2087,-1.1859,-1.1674,-1.149,-1.11,-1.0608,-1.0129,-0.98832,-0.96372,-0.93912,-0.53758,-0.91452,-0.88992,-0.85013,-0.80708,-0.76918,-0.75073,-0.73228,-0.71017,-0.68557,-0.66098,-0.54373,-0.64844,-0.63614,-0.62384,-0.61154,-0.59924,-0.58232,-0.56387,-0.5471,-0.54096,-0.53481,-0.54988,-0.52866,-0.52251,-0.51636,-0.51021,-0.50406,-0.49791,-0.49176,-0.48561,-0.47946,-0.47331,-0.55603,-0.46716,-0.46101,-0.45486,-0.44871,-0.44256,-0.43641,-0.43026,-0.42411,-0.41659,-0.40429,-0.56218,-0.39199,-0.38343,-0.37728,-0.37113,-0.36498,-0.35883,-0.35035,-0.33805,-0.32575,-0.31816,-0.56403,-0.31201,-0.30401,-0.28556,-0.26711,-0.25196,-0.23966,-0.22736,-0.22073,-0.21458,-0.20276,-0.4723,-0.56403,-0.17816,-0.15356,-0.13322,-0.11477,-0.096807,-0.084508,-0.072208,-0.048493,-0.011595,0.025304,-0.56455,0.046526,0.064975,0.084872,0.10947,0.13407,0.17012,0.21317,0.25614,0.28689,0.31764,-0.5707,0.34597,0.37057,0.39517,0.44369,0.49903,0.54936,0.57396,0.59856,0.62653,0.65728,-0.57685,0.68803,0.74177,0.79712,0.84459,0.87533,0.90608,0.93249,0.95709,0.9845,1.0399,-0.5801,1.0952,1.1359,1.1605,1.1851,1.2097,1.2343,1.2635,1.3065,1.3495,1.377,-0.5801,1.3955,1.4143,1.4512,1.4881,1.5175,1.5359,1.5544,1.5728,1.5913,1.6119,-0.5801,1.6426,1.6734,1.6938,1.7061,1.7184,1.7307,1.743,1.7573,1.7758,1.7942,-0.5801,1.8038,1.81,1.8161,1.8223,1.8284,1.8346,1.8407,1.8469,1.8423,1.8361,-0.5801,1.83,1.8238,1.8177,1.7996,1.775,1.7508,1.7385,1.7262,1.7062,1.6754,-0.5801,1.6447,1.6238,1.6053,1.5822,1.5392,1.4961,1.4602,1.4294,1.3987,1.3502,-0.48601,-0.5801,1.301,1.2497,1.1943,1.139,1.1061,1.0815,1.0548,1.0117,0.96867,0.938,-0.5801,0.91955,0.9011,0.86625,0.82935,0.79921,0.78691,0.77461,0.75419,0.72959,0.70527,-0.58396,0.68682,0.66837,0.65523,0.64908,0.64293,0.63176,0.61946,0.60965,0.60965,0.60965,-0.59011,0.60603,0.59988,0.59373,0.59357,0.59357,0.59357,0.59357,0.59357,0.59357,0.59357,-0.59618,0.59357,0.59357,0.59357,0.5904,0.58425,0.5781,0.57195,0.5658,0.55965,0.5535,-0.59618,0.54735,0.54534,0.54534,0.54498,0.53883,0.53268,0.52653,0.52038,0.51423,0.51318,-0.59618,0.51318,0.51186,0.50571,0.49956,0.49711,0.49711,0.49711,0.49104,0.48489,0.48332,-0.59618,0.48947,0.49562,0.49711,0.49711,0.49711,0.49711,0.49711,0.50036,0.50651,0.51266,-0.59618,0.51881,0.52496,0.52926,0.52926,0.52926,0.53348,0.53963,0.54534,0.54534,0.54534,-0.59618,0.54815,0.5543,0.56045,0.56142,0.56142,0.56142,0.56142,0.56142,-0.49216,-0.59136,-0.58521,-0.5801,-0.5801,-0.5801,-0.60402,-0.64707,-0.69012,-0.69844,-0.70459,-0.49831,-0.71275,-0.72505,-0.73735,-0.75403,-0.77247,-0.79032,-0.80262,-0.81492,-0.83614,-0.86689,-0.49972,-0.89764,-0.91235,-0.92465,-0.93695,-0.94925,-0.96155,-0.98567,-1.0164,-1.0467,-1.059,-0.49972,-1.0713,-1.0912,-1.1219,-1.1527,-1.1687,-1.181,-1.1933,-1.2056,-1.2179,-1.2407,-0.50068,-1.2714,-1.3022,-1.3212,-1.3397,-1.3581,-1.3766,-1.395,-1.4224,-1.4531,-1.4818,-0.50683,-1.4941,-1.5064,-1.5187,-1.531,-1.5433,-1.5665,-1.5911,-1.6107,-1.6169,-1.623,4.0,4.0
-0.50417,-0.54046,-0.56383,-2.09,-2.0718,-2.0537,-2.0355,-2.0174,-1.9992,-1.9811,-1.9503,-1.9249,-1.9068,-0.56383,-1.8812,-1.8506,-1.8325,-1.8121,-1.7763,-1.7581,-1.7231,-1.702,-1.6704,-1.6458,-0.56383,-1.6177,-1.5896,-1.565,-1.5287,-1.4954,-1.476,-1.4397,-1.4035,-1.3672,-1.345,-0.56383,-1.3145,-1.2782,-1.2419,-1.2056,-1.1693,-1.133,-1.0947,-1.0406,-1.0043,-0.96798,-0.56383,-0.91678,-0.87552,-0.83923,-0.80294,-0.7587,-0.71048,-0.67419,-0.6379,-0.60161,-0.56532,-0.55016,-0.52903,-0.49274,-0.45645,-0.42016,-0.38387,-0.35628,-0.33118,-0.29489,-0.26208,-0.24393,-0.54394,-0.22579,-0.1895,-0.16962,-0.15147,-0.13333,-0.11518,-0.097038,-0.078893,-0.060748,-0.042604,-0.54394,-0.024459,-0.006315,0.01183,0.029975,0.032709,0.04638,0.064524,0.082669,0.10081,0.11225,-0.53549,0.11722,0.13536,0.15351,0.17165,0.1719,0.18806,0.2062,0.21167,0.22261,0.24075,-0.52406,0.25144,0.25716,0.2753,0.29345,0.31159,0.32973,0.34788,0.36602,0.38417,0.40231,-0.56035,-0.52406,0.42046,0.4468,0.47663,0.49478,0.51292,0.53107,0.54921,0.56735,0.5855,0.60364,-0.52406,0.62179,0.65062,0.67796,0.69611,0.71972,0.75228,0.77241,0.80845,0.8266,0.8614,-0.52257,0.88277,0.91409,0.93895,0.96679,1.0031,1.0332,1.0558,1.0921,1.1274,1.1455,-0.50442,1.181,1.2173,1.2536,1.2899,1.3158,1.3426,1.3789,1.41,1.4316,1.4679,-0.50417,1.5042,1.5223,1.5569,1.5785,1.6096,1.6347,1.6528,1.6709,1.6951,1.7271,-0.50417,1.7453,1.7627,1.7627,1.7798,1.798,1.8161,1.8223,1.8325,1.8422,1.8489,-0.50417,1.8621,1.8589,1.8407,1.8226,1.8044,1.7863,1.7681,1.75,1.7428,1.7336,-0.50417,1.7154,1.6973,1.6791,1.661,1.6429,1.6247,1.6066,1.5884,1.5703,1.5521,-0.50417,1.524,1.496,1.4778,1.455,1.4216,1.4023,1.366,1.3297,1.3093,1.277,-0.50417,1.2407,1.2044,1.1681,1.139,1.1154,1.0791,1.0428,1.0066,0.97027,0.93398,-0.56383,-0.50417,0.89769,0.8614,0.82511,0.78882,0.75253,0.71624,0.67548,0.62378,0.58749,0.5512,-0.49846,0.51491,0.47862,0.44233,0.41822,0.38964,0.36205,0.3439,0.32576,0.30761,0.28947,-0.48827,0.27132,0.25318,0.23503,0.23155,0.21863,0.20048,0.19179,0.19179,0.19179,0.19601,-0.50417,0.21167,0.21167,0.21167,0.21167,0.21167,0.21167,0.21167,0.21167,0.20322,0.19179,-0.50417,0.19179,0.19179,0.19179,0.19179,0.17389,0.1719,0.1719,0.15922,0.15202,0.15202,-0.50417,0.15202,0.1463,0.13213,0.13213,0.13163,0.11349,0.11225,0.11225,0.11225,0.10056,-0.50417,0.092363,0.092363,0.092363,0.092363,0.092363,0.092363,0.092363,0.092363,0.10827,0.11225,-0.50417,0.11225,0.11225,0.11225,0.11225,0.11772,0.13213,0.13213,0.13213,0.13213,0.13213,-0.50417,0.13213,0.13213,0.13213,0.13213,0.13213,0.13835,0.15202,0.15202,0.15202,0.15202,-0.51586,0.15202,0.15202,0.15202,0.15202,0.15202,0.16072,0.1719,0.1719,-0.56383,-0.52406,-0.53226,-0.55041,-0.56855,-0.58371,-0.58371,-0.58371,-0.58371,-0.59962,-0.61776,-0.56383,-0.62348,-0.63417,-0.64337,-0.65057,-0.66325,-0.66325,-0.66325,-0.66325,-0.66325,-0.66325,-0.56383,-0.66325,-0.65008,-0.64337,-0.64337,-0.64337,-0.64337,-0.64784,-0.66325,-0.66325,-0.66325,-0.56383,-0.68065,-0.69879,-0.77262,-0.86334,-0.9123,-0.96525,-1.0281,-1.0672,-1.144,-1.1604,-0.56383,-1.1604,-1.1785,-1.2623,-1.353,-1.392,-1.4102,-1.4283,-1.4773,-1.5441,-1.5623,-0.56383,-1.5804,-1.6016,-1.6923,-1.8001,-1.909,-1.9495,-1.9677,-2.0266,-2.1173,-2.1476,4.0,4.0
-2.4097,-2.1448,-1.7784,-1.142,-1.1337,-1.1291,-1.1291,-1.1218,-1.1135,-1.1053,-1.0908,-1.0587,-0.95935,-1.7624,-0.90657,-0.88173,-0.85689,-0.83206,-0.80722,-0.78238,-0.75444,-0.72133,-0.69494,-0.6701,-1.7541,-0.64526,-0.62043,-0.59559,-0.57075,-0.54592,-0.52108,-0.49624,-0.47141,-0.44657,-0.42898,-1.7458,-0.40983,-0.385,-0.36016,-0.33688,-0.32032,-0.30376,-0.2872,-0.27064,-0.25409,-0.23753,-1.7376,-0.22097,-0.20441,-0.18785,-0.1713,-0.15474,-0.13818,-0.12732,-0.118,-0.10144,-0.084886,-1.7293,-0.068328,-0.060049,-0.05177,-0.043492,-0.035213,-0.029521,-0.029521,-0.023312,-0.016585,-0.016585,-1.7241,-0.016585,-0.017103,-0.025381,-0.029521,-0.029521,-0.037282,-0.048666,-0.065224,-0.075055,-0.085403,-1.7241,-0.10196,-0.11283,-0.12214,-0.1387,-0.1506,-0.15888,-0.16716,-0.17906,-0.19562,-0.21942,-1.7241,-0.23391,-0.22563,-0.22356,-0.22201,-0.21373,-0.20545,-0.19717,-0.18889,-0.18061,-0.17233,-1.7241,-0.15629,-0.12111,-0.054875,-0.029003,-0.012446,0.004112,0.02067,0.038263,0.063099,0.083279,-1.9813,-1.7241,0.099837,0.11639,0.13657,0.16141,0.179,0.19815,0.22299,0.24161,0.25972,0.28456,-1.7184,0.3094,0.33372,0.35027,0.37097,0.39581,0.42064,0.44238,0.45893,0.47549,0.49412,-1.7112,0.51896,0.5381,0.55362,0.5619,0.57484,0.5914,0.59968,0.61158,0.62813,0.63745,-1.7112,0.64573,0.65401,0.66228,0.67056,0.67884,0.68712,0.6954,0.70368,0.70782,0.70782,-1.7065,0.71558,0.72386,0.73214,0.73369,0.73369,0.73369,0.73938,0.74663,0.74663,0.74663,-1.6982,0.74663,0.73835,0.73369,0.73369,0.72645,0.71817,0.70989,0.70161,0.69333,0.68505,-1.69,0.6716,0.65556,0.64728,0.639,0.63072,0.61468,0.60123,0.59295,0.58467,0.57639,-1.6817,0.56811,0.55983,0.55155,0.54328,0.535,0.52672,0.51844,0.51016,0.50188,0.50085,-1.6734,0.50085,0.50085,0.49464,0.48791,0.48791,0.48791,0.48843,0.49671,0.50085,0.50085,-1.6651,0.50861,0.51378,0.51378,0.52051,0.52879,0.53707,0.54535,0.55362,0.5619,0.57484,-1.9482,-1.6568,0.5914,0.59968,0.63693,0.71144,0.73524,0.7518,0.76836,0.77871,0.78854,0.8051,-1.6486,0.82165,0.83821,0.85477,0.87133,0.88788,0.90444,0.9179,0.92617,0.94118,0.95774,-1.6341,0.9743,0.99085,1.0064,1.0147,1.0276,1.0441,1.0607,1.0773,1.0938,1.1104,-1.6175,1.1244,1.1326,1.1471,1.1621,1.1704,1.1839,1.1999,1.2082,1.2165,1.2247,-1.601,1.2253,1.2284,1.2366,1.2382,1.2403,1.2485,1.2511,1.2501,1.2418,1.2382,-1.5844,1.2382,1.2382,1.2382,1.2382,1.2309,1.2253,1.2253,1.2253,1.2253,1.2253,-1.5678,1.2201,1.2123,1.2123,1.2123,1.2123,1.2201,1.2253,1.2253,1.232,1.2403,-1.5513,1.2485,1.2568,1.2651,1.2734,1.2863,1.3029,1.3194,1.336,1.3525,1.3691,-1.5347,1.3857,1.4022,1.4188,1.4353,1.4519,1.4684,1.485,1.5016,1.5181,1.5347,-1.5182,1.5435,1.5517,1.56,1.5683,1.5766,1.5849,1.5931,1.5994,-1.915,-1.5016,-1.4851,-1.4685,-1.4519,-1.4333,-1.4085,-1.3893,-1.3717,-1.3469,-1.3267,-1.8845,-1.3102,-1.2936,-1.2734,-1.2486,-1.231,-1.2144,-1.1979,-1.1813,-1.1648,-1.1482,-1.8597,-1.1316,-1.1151,-1.0985,-1.082,-1.0654,-1.0489,-1.0354,-1.0271,-1.0121,-0.99763,-1.8348,-0.98936,-0.97539,-0.95986,-0.95158,-0.9433,-0.93503,-0.93503,-0.93503,-0.93503,-0.93503,-1.8116,-0.93503,-0.93503,-0.94123,-0.94951,-0.95779,-0.96607,-0.97435,-0.98263,-0.99505,-1.0116,-1.795,-1.0204,-1.0318,-1.0483,-1.0582,-1.0685,-1.0851,-1.0959,-1.1042,-1.1125,-1.1254,5.0,5.0
0.37114,0.33315,0.30055,0.86532,0.93958,1.0104,1.0793,1.1403,1.219,1.28,1.341,1.3937,1.4454,0.3125,1.5064,1.5511,1.5918,1.6324,1.6731,1.7138,1.7423,1.7775,1.8006,1.821,0.3182,1.8413,1.8537,1.843,1.8227,1.8023,1.7643,1.7402,1.706,1.6765,1.6358,0.3182,1.5951,1.5372,1.4961,1.4504,1.3894,1.3284,1.2674,1.2063,1.1453,1.0808,0.3182,1.0056,0.94461,0.87203,0.79066,0.72624,0.64757,0.58187,0.50051,0.42921,0.35544,0.3182,0.27407,0.21036,0.129,0.047635,-0.033728,-0.10384,-0.1788,-0.26017,-0.34153,-0.41852,0.3182,-0.4866,-0.55822,-0.63168,-0.69791,-0.75893,-0.81995,-0.88097,-0.942,-1.003,-1.064,0.3182,-1.1087,-1.1671,-1.2077,-1.2484,-1.2891,-1.3177,-1.3528,-1.376,-1.3963,-1.4167,0.3182,-1.4291,-1.4184,-1.3981,-1.3778,-1.3751,-1.351,-1.3167,-1.2964,-1.2642,-1.2381,0.3182,-1.2005,-1.1598,-1.1191,-1.0708,-1.0201,-0.96644,-0.90542,-0.86205,-0.80102,-0.74,0.3182,0.3182,-0.67898,-0.60644,-0.53929,-0.47826,-0.39765,-0.32092,-0.25258,-0.18123,-0.1075,-0.026138,0.31462,0.054783,0.11894,0.2003,0.27315,0.34538,0.42674,0.49151,0.57018,0.6312,0.69924,0.30055,0.7709,0.83192,0.89294,0.95396,1.015,1.076,1.137,1.1872,1.2414,1.2862,0.29159,1.3445,1.3852,1.4259,1.4571,1.4775,1.5126,1.5358,1.5536,1.5484,1.536,0.27125,1.5254,1.5051,1.4847,1.4457,1.405,1.3643,1.3146,1.2653,1.2102,1.1492,0.25091,1.0881,1.0271,0.9661,0.90507,0.83108,0.76538,0.68671,0.62229,0.54093,0.45957,0.23057,0.38967,0.31449,0.23313,0.15176,0.070402,-0.01096,-0.092323,-0.17369,-0.25505,-0.33641,0.21023,-0.41777,-0.49913,-0.5805,-0.66186,-0.74322,-0.80804,-0.8883,-0.96966,-1.0441,-1.1051,0.18512,-1.1784,-1.2448,-1.3058,-1.3668,-1.4278,-1.4889,-1.539,-1.5932,-1.638,-1.6787,0.1519,-1.7194,-1.7534,-1.7831,-1.8117,-1.8321,-1.8524,-1.8551,-1.8703,-1.8624,-1.8421,0.3182,0.12141,-1.8218,-1.8014,-1.7634,-1.7394,-1.6987,-1.6581,-1.6174,-1.5767,-1.5189,-1.4755,0.080727,-1.4194,-1.3711,-1.3101,-1.2491,-1.1881,-1.127,-1.066,-1.005,-0.94398,-0.88296,0.040046,-0.80782,-0.74327,-0.68039,-0.60357,-0.53532,-0.46388,-0.39024,-0.32419,-0.24516,-0.1638,-0.001209,-0.088175,-0.018726,0.062637,0.13019,0.20771,0.28753,0.34855,0.4165,0.48825,0.54927,-0.058966,0.61029,0.68892,0.73233,0.79335,0.85438,0.90459,0.95877,1.0036,1.043,1.0673,-0.1056,1.1014,1.131,1.1597,1.18,1.183,1.2007,1.1955,1.1752,1.1549,1.1213,-0.16663,1.0965,1.0576,1.0169,0.96993,0.91791,0.86554,0.8189,0.76114,0.70012,0.64391,-0.22765,0.59573,0.53471,0.47368,0.42824,0.36991,0.32592,0.2709,0.23022,0.18953,0.14885,-0.28867,0.12494,0.08333,0.026809,-0.00668,-0.017137,-0.029712,-0.034787,-0.035095,-0.052436,-0.052436,-0.34969,-0.060819,-0.070085,-0.083851,-0.087734,-0.087734,-0.091926,-0.10538,-0.10538,0.3182,-0.41071,-0.47173,-0.53276,-0.59378,-0.6548,-0.71582,-0.77658,-0.82022,-0.87559,-0.92461,0.3182,-0.9746,-1.0153,-1.056,-1.0952,-1.1197,-1.1535,-1.1834,-1.2119,-1.2322,-1.2349,0.30205,-1.2552,-1.2702,-1.2783,-1.2772,-1.2568,-1.2365,-1.2161,-1.1958,-1.1754,-1.1551,0.30055,-1.1229,-1.0822,-1.0415,-0.99847,-0.94248,-0.9018,-0.85071,-0.78968,-0.72866,-0.66764,0.30055,-0.60662,-0.5456,-0.47566,-0.4059,-0.33059,-0.26621,-0.18551,-0.10887,-0.040434,0.040928,0.30055,0.1095,0.186,0.26737,0.34873,0.43009,0.50285,0.57517,0.65653,0.72121,0.79988,0.0,0.0
0.83343,0.85611,0.87879,-0.78249,-0.74876,-0.71502,-0.68611,-0.67023,-0.64075,-0.62544,-0.59539,-0.58064,-0.57271,0.87879,-0.55853,-0.5248,-0.49106,-0.45534,-0.40091,-0.34449,-0.29828,-0.27617,-0.2087,-0.16391,0.87879,-0.096434,-0.028961,0.038511,0.10598,0.18366,0.26361,0.3634,0.40252,0.47509,0.5763,0.87879,0.66901,0.75604,0.85725,0.93946,1.037,1.1382,1.219,1.2726,1.3738,1.475,0.87879,1.5762,1.6607,1.723,1.7568,1.7905,1.8087,1.8087,1.8087,1.8087,1.7942,0.87879,1.7548,1.4393,1.3279,1.2071,1.0778,0.9766,0.8289,0.68176,0.51308,0.40252,0.87879,0.28912,0.15418,0.019233,-0.10522,-0.22798,-0.34024,-0.47518,-0.61013,-0.72466,-0.75783,0.85611,-0.85904,-1.1706,-1.2236,-1.2834,-1.3172,-1.3438,-1.362,-1.3892,-1.3892,-1.3892,0.83854,-1.3722,-1.3611,-1.3274,-1.2936,-1.2758,-1.2446,-1.1924,-1.1323,-1.0649,-1.0201,0.81075,-0.93842,-0.85989,-0.77229,-0.68015,-0.61807,-0.54436,-0.42189,-0.29715,-0.1622,-0.02726,0.85611,0.79374,0.10768,0.26502,0.41102,0.55788,0.61231,0.75972,0.91735,1.0523,1.1872,1.3222,0.76539,1.4344,1.5498,1.6431,1.7296,1.7554,1.8044,1.8608,1.8767,1.8705,1.733,0.76539,1.5875,1.4529,1.3398,1.1739,1.0239,0.90714,0.86292,0.72797,0.58963,0.43541,0.7379,0.27778,0.14284,-0.014787,-0.14973,-0.60049,-0.7017,-0.77909,-0.84656,-0.91347,-0.94721,0.70416,-0.98094,-1.0036,-1.0036,-1.0263,-1.0478,-1.049,-1.049,-1.0396,-1.0059,-0.97215,0.67042,-0.93842,-0.92736,-0.87435,-0.83721,-0.80347,-0.76265,-0.71332,-0.67306,-0.62317,-0.5608,0.63669,-0.49333,-0.43663,-0.40374,-0.33627,-0.2688,-0.17865,-0.095867,0.005342,0.10655,0.23356,0.60295,0.3118,0.41273,0.54767,0.68261,0.8306,0.97518,1.1101,1.2451,1.3681,1.4911,0.55447,1.5252,1.6488,1.7395,1.8288,1.9198,1.9873,2.0451,2.0995,2.1262,2.1463,0.5128,2.1489,2.1489,2.1489,2.1299,2.0451,1.8767,1.8109,1.7276,1.5858,1.4846,0.85611,0.46489,1.3834,1.2655,1.1583,1.0571,0.9559,0.8547,0.75349,0.65228,0.55107,0.44986,0.4252,0.34866,0.24745,0.15304,0.12639,0.036243,-0.031229,-0.099835,-0.18885,-0.52791,-0.56165,0.39798,-0.59539,-0.6518,-0.70765,-0.75244,-0.79837,-0.83211,-0.88682,-0.89958,-0.93331,-0.97584,0.33051,-1.0235,-1.0572,-1.0909,-1.1247,-1.1397,-1.1397,-1.1397,-1.1397,-1.1397,-1.1397,0.26304,-1.1227,-1.117,-1.1006,-1.0717,-1.0558,-1.022,-1.0036,-0.97357,-0.92084,-0.8871,0.19557,-0.85337,-0.79695,-0.74961,-0.70482,-0.63734,-0.61381,-0.52508,-0.43493,-0.35555,-0.25434,0.1281,-0.15313,-0.051925,0.049283,0.12866,0.19613,0.26361,0.3084,0.35518,0.38891,0.40252,0.037093,0.4252,0.4252,0.40252,0.40252,0.39515,0.37984,0.37984,0.37984,0.37984,0.36255,-0.052208,0.35716,0.35716,0.35716,0.341,0.33448,0.33448,0.33051,0.3118,0.3084,0.28912,-0.14264,0.28629,0.26644,0.26644,0.26644,0.26644,0.26644,0.26644,0.26644,0.85611,-0.23251,-0.29998,-0.33287,-0.41225,-0.47972,-0.54719,-0.61466,-0.68214,-0.74961,-0.81708,0.85611,-0.86754,-0.90667,-0.9662,-1.0189,-1.0637,-1.1128,-1.1465,-1.1802,-1.214,-1.2477,0.85611,-1.2588,-1.2758,-1.3036,-1.3373,-1.3665,-1.3821,-1.3931,-1.4119,-1.4119,-1.4263,0.85611,-1.4345,-1.4345,-1.4345,-1.4345,-1.4328,-1.4119,-1.4107,-1.3892,-1.3665,-1.3549,0.87652,-1.3438,-1.3328,-1.299,-1.2758,-1.2542,-1.2205,-1.1868,-1.1757,-1.142,-1.117,0.87879,-1.0773,-1.0408,-1.007,-0.97329,-0.93955,-0.9129,-0.89476,-0.86102,-0.82729,-0.81623,2.0,2.0
2.0585,1.9174,1.5068,-0.071208,-0.090452,-0.1097,-0.12253,-0.13536,-0.14177,-0.14819,-0.16743,-0.18667,-0.1995,1.4619,-0.21233,-0.22516,-0.23799,-0.25082,-0.26365,-0.27648,-0.28931,-0.29573,-0.30214,-0.30856,1.417,-0.31497,-0.32139,-0.3278,-0.33421,-0.34063,-0.34704,-0.35346,-0.38553,-0.41761,-0.42402,1.3978,-0.43044,-0.44968,-0.46893,-0.48176,-0.49459,-0.52024,-0.5459,-0.56515,-0.58439,-0.62288,1.3785,-0.66137,-0.68061,-0.69986,-0.75118,-0.8025,-0.82816,-0.85381,-0.87947,-0.90513,-0.96287,1.3593,-1.0206,-1.0527,-1.0847,-1.1104,-1.1361,-1.1938,-1.2515,-1.2772,-1.3029,-1.3285,1.3401,-1.3542,-1.3991,-1.444,-1.4696,-1.4953,-1.5145,-1.5338,-1.5723,-1.6108,-1.63,1.3016,-1.6493,-1.6749,-1.7006,-1.7134,-1.7262,-1.7326,-1.7391,-1.7583,-1.7775,-1.784,1.2631,-1.7904,-1.7968,-1.8032,-1.8032,-1.8032,-1.8032,-1.8032,-1.7968,-1.7904,-1.7904,1.2438,-1.7904,-1.784,-1.7775,-1.7775,-1.7775,-1.7647,-1.7519,-1.7455,-1.7391,-1.7262,1.7763,1.2246,-1.7134,-1.707,-1.7006,-1.6813,-1.6621,-1.6493,-1.6364,-1.6043,-1.5723,-1.5594,1.2053,-1.5466,-1.5274,-1.5081,-1.4761,-1.444,-1.4183,-1.3927,-1.3734,-1.3542,-1.3093,1.1861,-1.2644,-1.2451,-1.2259,-1.181,-1.1361,-1.1104,-1.0847,-1.0398,-0.99494,-0.96928,1.154,-0.94362,-0.91796,-0.8923,-0.8474,-0.8025,-0.77684,-0.75118,-0.73193,-0.71269,-0.6742,1.1219,-0.63571,-0.61647,-0.59722,-0.55873,-0.52024,-0.50741,-0.49459,-0.47534,-0.4561,-0.41761,1.1027,-0.37912,-0.34063,-0.30214,-0.28931,-0.27648,-0.25724,-0.23799,-0.1995,-0.16101,-0.14177,1.0835,-0.12253,-0.096867,-0.071208,-0.058378,-0.045548,-0.039134,-0.032719,-0.013474,0.00577,0.012185,1.0642,0.0186,0.025015,0.031429,0.031429,0.031429,0.037844,0.044259,0.044259,0.044259,0.050674,1.045,0.057089,0.057089,0.057089,0.057089,0.057089,0.057089,0.057089,0.063503,0.069918,0.069918,1.0129,0.069918,0.069918,0.069918,0.069918,0.069918,0.069918,0.069918,0.069918,0.069918,0.076333,1.7314,0.98082,0.082748,0.089163,0.095577,0.10199,0.10841,0.10841,0.10841,0.12124,0.13407,0.1469,0.96799,0.15973,0.16614,0.17256,0.18538,0.19821,0.21746,0.2367,0.24312,0.24953,0.26878,0.95516,0.28802,0.30085,0.31368,0.32651,0.33934,0.35217,0.365,0.38424,0.40349,0.41632,0.94233,0.42915,0.42915,0.42915,0.43556,0.44198,0.44839,0.45481,0.45481,0.45481,0.46122,0.9295,0.46764,0.47405,0.48047,0.48688,0.4933,0.50613,0.51895,0.5382,0.55744,0.59593,0.90384,0.63442,0.65367,0.67291,0.71781,0.76272,0.81404,0.86535,0.91026,0.95516,1.0001,0.87818,1.045,1.0642,1.0835,1.1284,1.1733,1.2118,1.2502,1.2887,1.3272,1.3465,0.87177,1.3657,1.3978,1.4299,1.4555,1.4812,1.5068,1.5325,1.5453,1.5582,1.5838,0.86535,1.6095,1.6287,1.648,1.6608,1.6736,1.6865,1.6993,1.7057,1.7121,1.7185,0.85894,1.7249,1.7314,1.7378,1.7442,1.7506,1.7442,1.7378,1.7314,1.6865,0.85253,0.8397,0.82687,0.82045,0.81404,0.80121,0.78838,0.7563,0.72423,0.69215,1.6415,0.66008,0.65367,0.64725,0.63442,0.62159,0.61518,0.60876,0.59593,0.5831,0.57027,1.5966,0.55744,0.55103,0.54461,0.52537,0.50613,0.4933,0.48047,0.46764,0.45481,0.43556,1.571,0.41632,0.39066,0.365,0.35858,0.35217,0.33934,0.32651,0.30727,0.28802,0.27519,1.5453,0.26236,0.2367,0.21104,0.19821,0.18538,0.17897,0.17256,0.1469,0.12124,0.10841,1.5261,0.095577,0.069918,0.044259,0.031429,0.0186,0.012185,0.00577,-0.019889,-0.045548,-0.058378,1.0,1.0
0.54805,0.58162,0.48091,1.8236,1.8807,1.9478,1.9931,2.0384,2.0586,2.0922,2.0922,2.0922,2.0871,0.48091,1.8907,1.4947,1.3067,1.216,1.1254,1.0348,0.94414,0.85351,0.79645,0.70581,0.48091,0.61518,0.52455,0.43392,0.34329,0.25265,0.16202,0.07139,-0.24582,-0.61339,-0.67045,0.49938,-0.76108,-0.82318,-0.90207,-0.94738,-1.0229,-1.0716,-1.1169,-1.1622,-1.174,-1.2193,0.51448,-1.231,-1.2646,-1.2881,-1.2982,-1.2982,-1.2982,-1.2982,-1.2982,-1.2982,-1.2646,0.51448,-1.2478,-1.231,-1.1975,-1.179,-1.1337,-1.0884,-1.043,-0.99773,-0.95242,-0.9071,0.49434,-0.86179,-0.7829,-0.73759,-0.65702,-0.57982,-0.50933,-0.4187,-0.32806,-0.23743,-0.1468,0.48091,-0.039383,0.039501,0.1251,0.21573,0.30636,0.39699,0.48763,0.57826,0.63532,0.72596,0.48091,0.81659,0.90722,0.99785,1.0885,1.1791,1.2697,1.3604,1.4359,1.5081,1.5651,0.48091,1.639,1.6843,1.7363,1.8085,1.8538,1.8991,1.9243,1.9562,1.968,1.9914,0.58162,0.48091,1.5551,1.4527,1.3402,1.117,1.0583,0.96764,0.87701,0.78638,0.69574,0.57155,0.48091,0.48091,0.39028,0.29965,0.20902,0.11838,-0.005815,-0.096447,-0.18708,-0.24414,-0.33478,0.48091,-0.76108,-0.8064,-0.85172,-0.89703,-0.94235,-0.98766,-0.99941,-1.0447,-1.09,-1.0968,0.51448,-1.1135,-1.1303,-1.1303,-1.1303,-1.1303,-1.1303,-1.1102,-1.0968,-1.0632,-1.0414,0.51448,-0.99606,-0.96249,-0.93899,-0.89367,-0.84836,-0.82822,-0.79129,-0.76108,-0.73423,-0.68891,0.4893,-0.6436,-0.59828,-0.55296,-0.50765,-0.43212,-0.38345,-0.31799,-0.22736,-0.1703,-0.079664,0.27615,-0.022599,0.068033,0.15867,0.21573,0.30636,0.39699,0.45406,0.54469,0.63532,0.69239,0.17041,0.78302,0.87365,0.99785,1.07,1.1455,1.2697,1.3604,1.451,1.5081,1.6205,-0.002459,1.6893,1.7682,1.8135,1.8924,1.9243,1.9495,1.9579,1.9579,1.9579,1.8857,-0.061202,1.8404,1.7951,1.7363,1.6373,1.5618,1.4628,1.347,1.2563,1.0986,1.0079,0.54805,-0.14009,0.91729,0.75952,0.66889,0.57322,0.38692,0.29629,0.19895,0.047893,-0.042739,-0.63688,-0.21897,-0.72752,-0.78962,-0.8685,-0.93228,-0.9927,-1.038,-1.0833,-1.1286,-1.174,-1.1975,-0.33142,-1.231,-1.2646,-1.2881,-1.2982,-1.2982,-1.3233,-1.3317,-1.3317,-1.3317,-1.3317,-0.3952,-1.3317,-1.3317,-1.3317,-1.3133,-1.2982,-1.2898,-1.2646,-1.2327,-1.1874,-1.1421,-0.45562,-1.0968,-1.0514,-1.0061,-0.95913,-0.88193,-0.81143,-0.75437,-0.67884,-0.60667,-0.54961,-0.50094,-0.45898,-0.39688,-0.31799,-0.25421,-0.16358,-0.10652,-0.036026,0.00929,0.088174,0.13349,-0.54625,0.17881,0.22412,0.24594,0.28119,0.31308,0.2879,0.27615,0.24594,0.24594,0.24594,-0.59157,0.24594,0.24594,0.21237,0.21237,0.21237,0.17881,0.17881,0.17881,0.16874,0.14524,-0.63688,0.14524,0.14524,0.14524,0.11167,0.11167,0.11167,0.11167,0.11167,0.11167,0.11167,-0.6822,0.11167,0.11167,0.11167,0.11167,0.11167,0.10328,0.078103,0.046214,0.54805,-0.72752,-0.76108,-0.78458,-0.8299,-0.86179,-0.88696,-0.93228,-0.97759,-1.0229,-1.0682,0.52287,-1.0968,-1.1253,-1.137,-1.1639,-1.1941,-1.2059,-1.231,-1.231,-1.2646,-1.2646,0.51448,-1.2982,-1.2982,-1.2982,-1.2982,-1.2982,-1.2982,-1.2948,-1.2495,-1.2042,-1.1874,0.49938,-1.1135,-1.0682,-1.0162,-0.94403,-0.8685,-0.81143,-0.7208,-0.66206,-0.53954,-0.44891,0.48091,-0.35827,-0.25589,-0.14344,-0.019242,0.07139,0.1872,0.31979,0.42553,0.53462,0.66386,0.48091,0.78302,0.90218,1.0046,1.1221,1.2429,1.3369,1.4275,1.55,1.6423,1.733,2.0,2.0
0.70046,0.6661,0.6661,-0.62241,-0.55197,-0.49871,-0.42226,-0.35784,-0.27022,-0.18775,-0.12934,-0.041722,0.012395,0.6661,0.099155,0.16873,0.24003,0.32507,0.38091,0.46853,0.55614,0.6094,0.69702,0.78464,0.6661,0.87226,0.92552,0.99424,1.0664,1.1506,1.2073,1.2726,1.3164,1.3945,1.4383,0.6661,1.4822,1.526,1.5698,1.6136,1.6282,1.6625,1.6763,1.6969,1.6969,1.6892,0.6661,1.6625,1.6359,1.5921,1.5483,1.5045,1.4607,1.3825,1.3387,1.2708,1.2167,0.6661,1.13,1.0604,0.98908,0.90146,0.81385,0.72623,0.63861,0.55099,0.44791,0.34139,0.65235,0.25378,0.1318,0.044178,-0.071787,-0.16542,-0.26592,-0.37502,-0.46263,-0.55025,-0.63787,0.63174,-0.72549,-0.81225,-0.86637,-0.93423,-1.0072,-1.0605,-1.1344,-1.1782,-1.2546,-1.3002,0.63174,-1.344,-1.3878,-1.4316,-1.4754,-1.5192,-1.563,-1.5622,-1.533,-1.5089,-1.4986,0.63174,-1.4556,-1.4118,-1.368,-1.3242,-1.2804,-1.2366,-1.1928,-1.149,-1.0897,-1.027,0.6661,0.63174,-0.98319,-0.92993,-0.86121,-0.8174,-0.73923,-0.68254,-0.61725,-0.54166,-0.4884,-0.41711,0.63174,-0.34753,-0.29427,-0.20665,-0.11903,-0.06062,0.021844,0.10946,0.17389,0.25034,0.33023,0.63174,0.39122,0.47883,0.53209,0.60854,0.67297,0.73052,0.77949,0.8525,0.89631,0.97362,0.63174,1.0183,1.0621,1.1059,1.1497,1.1935,1.2373,1.2502,1.2906,1.3344,1.3782,0.63174,1.3877,1.4315,1.4564,1.4847,1.5251,1.5122,1.4684,1.4246,1.3808,1.337,0.63174,1.2932,1.2485,1.1712,1.1076,1.0492,0.96675,0.89287,0.82587,0.73825,0.65064,0.63174,0.56302,0.4754,0.38778,0.30016,0.21254,0.12492,0.037306,-0.050312,-0.16198,-0.25991,0.63174,-0.34753,-0.43515,-0.55025,-0.64474,-0.73236,-0.81998,-0.9076,-0.99522,-1.0828,-1.1455,0.63174,-1.2237,-1.3019,-1.3646,-1.4239,-1.4711,-1.5458,-1.5896,-1.6335,-1.6773,-1.7211,0.59824,-1.7649,-1.8087,-1.8525,-1.8963,-1.9109,-1.9496,-1.9934,-1.9908,-1.947,-1.9032,0.6661,0.58879,-1.8594,-1.8156,-1.7718,-1.7279,-1.6841,-1.6403,-1.5965,-1.5527,-1.5089,-1.4316,0.56302,-1.3869,-1.3251,-1.2649,-1.1868,-1.1309,-1.0648,-0.99006,-0.9368,-0.86465,-0.79593,0.53553,-0.74267,-0.6645,-0.60179,-0.51417,-0.46092,-0.3733,-0.28568,-0.22984,-0.1448,-0.057184,0.49172,0.004664,0.083692,0.161,0.22457,0.31219,0.36545,0.45306,0.51749,0.59394,0.63947,0.45994,0.70046,0.76145,0.80526,0.84907,0.87226,0.90232,0.94098,0.95558,0.97534,0.97534,0.43846,1.0097,0.99166,0.97534,0.97276,0.94098,0.94098,0.91005,0.90061,0.87226,0.87226,0.39465,0.8379,0.82845,0.80354,0.80354,0.8001,0.76918,0.76918,0.76918,0.76918,0.76918,0.35084,0.76918,0.73482,0.73482,0.73482,0.73482,0.73482,0.73482,0.73482,0.73482,0.73482,0.30703,0.71764,0.70046,0.70046,0.70046,0.70046,0.70046,0.70046,0.70046,0.70046,0.70046,0.26322,0.70905,0.73482,0.73482,0.73482,0.73482,0.73482,0.73482,0.73482,0.6661,0.21942,0.17561,0.1318,0.087987,0.044178,0.000369,-0.04344,-0.087249,-0.13106,-0.17487,0.6661,-0.21868,-0.29685,-0.34066,-0.38446,-0.42827,-0.47638,-0.55025,-0.59406,-0.63787,-0.68168,0.6661,-0.72549,-0.7693,-0.81311,-0.85692,-0.90073,-0.94454,-0.98834,-1.0322,-1.076,-1.1198,0.6661,-1.1636,-1.2074,-1.2512,-1.295,-1.3388,-1.3826,-1.3955,-1.4359,-1.4797,-1.4986,0.6661,-1.4986,-1.4642,-1.4453,-1.4015,-1.3577,-1.3139,-1.2701,-1.2263,-1.2168,-1.173,0.6661,-1.1292,-1.0854,-1.0416,-0.99779,-0.95398,-0.91018,-0.86637,-0.79936,-0.74439,-0.69285,0.0,0.0
-2.116,-1.9115,-1.6917,-1.1412,-1.1166,-1.0461,-1.0032,-0.98207,-0.96091,-0.93975,-0.91859,-0.90225,-0.88774,-1.6917,-0.86658,-0.84543,-0.82427,-0.80311,-0.78321,-0.7691,-0.7511,-0.72994,-0.70878,-0.68762,-1.6917,-0.66646,-0.65006,-0.63561,-0.61445,-0.5933,-0.57214,-0.5566,-0.54129,-0.52013,-0.50281,-1.6917,-0.48871,-0.46812,-0.44903,-0.43492,-0.42081,-0.40671,-0.3926,-0.38142,-0.37437,-0.36175,-1.6917,-0.34879,-0.34174,-0.33469,-0.32763,-0.32058,-0.31554,-0.31554,-0.31554,-0.31554,-0.31554,-1.6917,-0.31554,-0.31554,-0.32104,-0.32809,-0.33515,-0.33847,-0.33847,-0.34484,-0.35189,-0.35894,-1.6917,-0.366,-0.37322,-0.38733,-0.39862,-0.40568,-0.41273,-0.41978,-0.42683,-0.43389,-0.44094,-1.6865,-0.44799,-0.43045,-0.34581,-0.30648,-0.29237,-0.27826,-0.26416,-0.25005,-0.23056,-0.2094,-1.6795,-0.18824,-0.16708,-0.14592,-0.13101,-0.11324,-0.085024,-0.061284,-0.040126,-0.018967,0.002192,-1.6724,0.023351,0.049843,0.077137,0.098296,0.12301,0.15122,0.17324,0.1944,0.21556,0.24113,-1.7782,-1.6653,0.26934,0.2905,0.31166,0.33282,0.34871,0.36367,0.38483,0.40599,0.42715,0.44217,-1.6583,0.45628,0.47038,0.48449,0.49859,0.5127,0.52423,0.53128,0.53833,0.54539,0.55244,-1.6512,0.55949,0.56654,0.56752,0.56918,0.57623,0.57899,0.57899,0.57205,0.56752,0.56752,-1.6442,0.56236,0.55605,0.55605,0.55267,0.54561,0.53254,0.52004,0.51299,0.50169,0.48759,-1.6371,0.48036,0.47084,0.45674,0.44773,0.44068,0.43363,0.42657,0.41952,0.40651,0.39395,-1.6258,0.38689,0.37984,0.37279,0.36574,0.3635,0.37055,0.37761,0.38466,0.39171,0.39876,-1.6117,0.40582,0.41287,0.41992,0.42698,0.43403,0.44108,0.4549,0.48546,0.54894,0.5775,-1.5976,0.5916,0.60571,0.61981,0.63392,0.64803,0.66213,0.67624,0.69442,0.71557,0.73002,-1.5835,0.74413,0.75824,0.77234,0.78645,0.80055,0.81466,0.82877,0.84287,0.85698,0.87108,-1.5694,0.88519,0.8993,0.90675,0.91604,0.93014,0.93938,0.94643,0.95348,0.96363,0.97774,-1.7641,-1.5501,0.98611,0.99316,1.0002,1.0073,1.0143,1.0214,1.0284,1.0355,1.0425,1.0496,-1.5297,1.0566,1.0637,1.0707,1.0778,1.0849,1.0919,1.099,1.106,1.1131,1.1201,-1.5156,1.1272,1.1295,1.1298,1.1369,1.1439,1.151,1.158,1.1651,1.1721,1.1753,-1.5015,1.1753,1.1753,1.1774,1.1845,1.1868,1.1868,1.1868,1.1868,1.1868,1.1868,-1.4874,1.1868,1.1868,1.1868,1.1868,1.1868,1.1868,1.1868,1.1868,1.1868,1.1868,-1.4672,1.1868,1.1868,1.1868,1.1868,1.1868,1.1831,1.176,1.1753,1.1753,1.1753,-1.4477,1.1753,1.1753,1.1753,1.1753,1.1753,1.1808,1.1878,1.1949,1.2056,1.2197,-1.4336,1.2275,1.2346,1.2416,1.2532,1.2673,1.2814,1.2955,1.3096,1.3237,1.3388,-1.4152,1.36,1.3775,1.3916,1.4057,1.4198,1.4339,1.4481,1.4622,1.4763,1.4904,-1.3941,1.5045,1.5132,1.5203,1.5274,1.5344,1.5415,1.5485,1.5538,-1.75,-1.3798,-1.3632,-1.3421,-1.326,-1.3112,-1.29,-1.2722,-1.2581,-1.238,-1.2184,-1.7359,-1.2043,-1.1902,-1.1761,-1.1552,-1.1364,-1.1223,-1.1082,-1.0941,-1.08,-1.0692,-1.7218,-1.0621,-1.0492,-1.0365,-1.0295,-1.0224,-1.0154,-1.0083,-1.0036,-1.0036,-1.0086,-1.7112,-1.0151,-1.0151,-1.0215,-1.0356,-1.0439,-1.0524,-1.0665,-1.0806,-1.0947,-1.1088,-1.7041,-1.1229,-1.137,-1.1511,-1.1652,-1.1793,-1.1903,-1.1973,-1.2044,-1.2114,-1.2185,-1.6971,-1.2255,-1.2326,-1.2263,-1.2193,-1.2122,-1.2052,-1.1977,-1.1836,-1.1695,-1.1554,5.0,5.0
1.8925,1.6862,1.3257,-0.64745,-0.68496,-0.72095,-0.75014,-0.78765,-0.82515,-0.86266,-0.90017,-0.93768,-0.97519,1.2835,-1.0127,-1.0502,-1.0877,-1.1252,-1.157,-1.1904,-1.2279,-1.2654,-1.299,-1.3306,1.2399,-1.3651,-1.3958,-1.4312,-1.4594,-1.4864,-1.5058,-1.5338,-1.5525,-1.5713,-1.59,1.2118,-1.6088,-1.6276,-1.6463,-1.6583,-1.674,-1.6869,-1.6963,-1.7057,-1.7151,-1.7245,1.1704,-1.7338,-1.7402,-1.7427,-1.7501,-1.7501,-1.749,-1.7402,-1.7401,-1.7307,-1.7213,1.1161,-1.7119,-1.7107,-1.703,-1.6936,-1.6843,-1.6749,-1.6655,-1.6561,-1.6419,-1.6275,1.088,-1.6142,-1.5989,-1.5866,-1.5678,-1.549,-1.5303,-1.5115,-1.4928,-1.4738,-1.4457,1.0542,-1.4267,-1.4079,-1.381,-1.3606,-1.3418,-1.3231,-1.298,-1.2757,-1.2569,-1.2333,1.0022,-1.2096,-1.1869,-1.1622,-1.1405,-1.1149,-1.0961,-1.0774,-1.0575,-1.03,-1.0113,0.97406,-0.99252,-0.96463,-0.94516,-0.91821,-0.89781,-0.87179,-0.85045,-0.8317,-0.81295,-0.79419,1.6581,0.94494,-0.77544,-0.75223,-0.72808,-0.70933,-0.69058,-0.67182,-0.65307,-0.63596,-0.6254,-0.60665,0.89813,-0.58789,-0.56914,-0.55954,-0.54148,-0.53094,-0.51381,-0.50234,-0.48615,-0.47374,-0.45848,0.87938,-0.44514,-0.43577,-0.42191,-0.40717,-0.39779,-0.38841,-0.37904,-0.36966,-0.36028,-0.3509,0.85169,-0.34153,-0.33215,-0.32277,-0.32258,-0.31386,-0.30449,-0.29511,-0.29304,-0.2862,-0.27682,0.79816,-0.27335,-0.27335,-0.26838,-0.26351,-0.25947,-0.25366,-0.25056,-0.24118,-0.23397,-0.23058,0.77389,-0.21305,-0.20368,-0.194,-0.17525,-0.1657,-0.14758,-0.12883,-0.11788,-0.10117,-0.082412,0.75514,-0.070057,-0.054748,-0.035994,-0.022236,-0.00833,0.010425,0.029179,0.047933,0.066688,0.083252,0.74344,0.094352,0.11311,0.13107,0.14077,0.15952,0.16905,0.17843,0.1961,0.20703,0.2164,0.73407,0.22578,0.23516,0.25049,0.26376,0.27313,0.28251,0.29189,0.30126,0.31064,0.32002,0.72469,0.3294,0.33877,0.34687,0.34768,0.35706,0.36644,0.37581,0.38519,0.39457,0.3961,1.5887,0.71531,0.40348,0.41286,0.42223,0.42563,0.43114,0.43547,0.44005,0.44532,0.44896,0.45516,0.70594,0.45787,0.46501,0.46678,0.47485,0.47569,0.4847,0.4847,0.49398,0.50335,0.51273,0.69656,0.51423,0.52164,0.52408,0.53055,0.53993,0.54931,0.55868,0.56806,0.58157,0.59666,0.68292,0.60924,0.62799,0.65127,0.68519,0.70394,0.7227,0.74224,0.77975,0.79865,0.82624,0.66796,0.846,0.86476,0.89094,0.92604,0.95055,0.96931,0.98806,1.0068,1.0302,1.0542,0.65858,1.084,1.1212,1.14,1.161,1.1873,1.2074,1.2347,1.2543,1.2918,1.32,0.64921,1.3392,1.358,1.3767,1.3955,1.4142,1.446,1.4654,1.4804,1.4991,1.5132,0.64222,1.531,1.5554,1.5709,1.583,1.5995,1.6107,1.6281,1.6384,1.6567,1.6661,0.6403,1.6754,1.6848,1.6942,1.7036,1.7055,1.7125,1.7218,1.7312,1.7406,1.75,0.62511,1.7547,1.7589,1.7683,1.7776,1.787,1.7917,1.7823,1.773,1.5535,0.58315,0.58263,0.57315,0.54502,0.54377,0.52678,0.50001,0.48699,0.47761,0.46823,1.5254,0.45886,0.43242,0.41057,0.39169,0.36784,0.3529,0.34352,0.32551,0.29524,0.27808,1.4762,0.2371,0.2247,0.18827,0.16959,0.16021,0.12389,0.10341,0.068558,0.053791,0.044414,1.4396,0.021746,-0.012563,-0.044362,-0.062009,-0.066611,-0.070918,-0.084135,-0.096145,-0.09905,-0.10599,1.3932,-0.10796,-0.12785,-0.19666,-0.21485,-0.22432,-0.24308,-0.26183,-0.28059,-0.29934,-0.3181,1.3538,-0.34399,-0.37212,-0.40025,-0.42838,-0.45651,-0.48465,-0.51711,-0.55075,-0.58228,-0.61686,1.0,1.0
2.2048,2.1093,1.9641,-0.30831,-0.32444,-0.34058,-0.35672,-0.37286,-0.38899,-0.40513,-0.42127,-0.4374,-0.45354,1.948,-0.46968,-0.48581,-0.50195,-0.50671,-0.521,-0.53713,-0.55327,-0.56941,-0.58555,-0.60168,1.9318,-0.61782,-0.63396,-0.65009,-0.66623,-0.68237,-0.6985,-0.71464,-0.73078,-0.74691,-0.76305,1.8702,-0.77919,-0.78448,-0.79824,-0.81093,-0.81728,-0.83342,-0.83739,-0.85247,-0.8686,-0.88474,1.8466,-0.90088,-0.90379,-0.91992,-0.93606,-0.9522,-0.95643,-0.97124,-0.98738,-0.99611,-1.0064,1.8146,-1.0226,-1.0358,-1.0416,-1.0577,-1.0622,-1.0768,-1.0929,-1.1091,-1.1252,-1.1284,1.7615,-1.1443,-1.1604,-1.1681,-1.1794,-1.1823,-1.1945,-1.2014,-1.2077,-1.2204,-1.2234,1.7453,-1.2342,-1.2424,-1.2585,-1.2614,-1.2739,-1.2805,-1.2966,-1.3128,-1.3289,-1.345,1.7292,-1.3532,-1.3532,-1.3532,-1.3532,-1.3469,-1.3308,-1.3146,-1.2985,-1.2823,-1.2739,1.6601,-1.2633,-1.2474,-1.2442,-1.2342,-1.2252,-1.221,-1.2062,-1.1945,-1.1871,-1.171,2.0932,1.6281,-1.1548,-1.1519,-1.1358,-1.1284,-1.1167,-1.1019,-1.0977,-1.0887,-1.0786,-1.0755,1.58,-1.0596,-1.049,-1.0406,-1.0358,-1.0226,-1.0186,-1.0025,-0.99611,-0.98341,-0.96966,1.5144,-0.96437,-0.95643,-0.94532,-0.92998,-0.92627,-0.91675,-0.90723,-0.89109,-0.88818,-0.87204,1.4765,-0.86384,-0.85299,-0.83739,-0.83395,-0.81781,-0.81093,-0.79876,-0.78448,-0.77972,-0.77125,1.4567,-0.76067,-0.7448,-0.74162,-0.72549,-0.71834,-0.70644,-0.69189,-0.68739,-0.67866,-0.66835,1.4244,-0.65221,-0.6493,-0.63898,-0.63025,-0.62576,-0.61121,-0.5993,-0.5993,-0.58925,-0.58607,1.4017,-0.57285,-0.56729,-0.55962,-0.54825,-0.54534,-0.53317,-0.52629,-0.51994,-0.50724,-0.49349,1.3731,-0.48819,-0.48026,-0.46915,-0.46624,-0.4501,-0.44058,-0.43105,-0.42735,-0.41201,-0.39587,1.3456,-0.38767,-0.37682,-0.37391,-0.35778,-0.34799,-0.33873,-0.32259,-0.31968,-0.30355,-0.28741,1.2538,-0.27127,-0.25514,-0.24217,-0.23609,-0.21995,-0.19191,-0.17604,-0.17154,-0.1554,-0.13927,2.077,1.1731,-0.12313,-0.10408,-0.077629,-0.061492,-0.045355,-0.029218,-0.013081,0.010198,0.032419,0.048556,1.0924,0.067339,0.094057,0.11019,0.12633,0.14247,0.1586,0.17474,0.19088,0.21971,0.23876,1.0001,0.26574,0.28188,0.29802,0.31336,0.31706,0.3332,0.33981,0.35225,0.36627,0.37129,0.95408,0.3795,0.39034,0.39325,0.40939,0.42553,0.44166,0.4578,0.47394,0.49007,0.50621,0.86995,0.52235,0.53848,0.55462,0.57076,0.59589,0.61626,0.6324,0.65303,0.6853,0.71758,0.82392,0.73662,0.77181,0.80858,0.85091,0.88053,0.91122,0.94349,0.99005,1.0345,1.0538,0.80382,1.0911,1.1445,1.1768,1.2091,1.2678,1.3001,1.3324,1.3842,1.4234,1.4556,0.78583,1.4985,1.5384,1.5657,1.5988,1.6435,1.6691,1.6948,1.7395,1.7704,1.7866,0.75832,1.8186,1.8453,1.8614,1.8845,1.9202,1.9363,1.9646,1.9818,1.9979,2.0218,0.73451,2.0435,2.0596,2.0757,2.0919,2.108,2.1241,2.1106,2.099,2.0609,0.71282,0.69641,0.66731,0.65118,0.63504,0.6189,0.60277,0.58663,0.57049,0.55436,2.0448,0.53822,0.52499,0.51917,0.50304,0.4869,0.47076,0.45462,0.40992,0.3795,0.3795,2.0286,0.3504,0.33981,0.31442,0.30013,0.28373,0.24723,0.24723,0.22765,0.19538,0.1631,2.0125,0.13083,0.11496,0.11496,0.088502,0.088502,0.075275,0.043001,0.010727,-0.059111,-0.070222,1.9964,-0.078158,-0.083449,-0.096676,-0.10011,-0.1099,-0.11916,-0.1353,-0.13821,-0.15435,-0.16281,1.9802,-0.17339,-0.18953,-0.20567,-0.2218,-0.22895,-0.24085,-0.25699,-0.26863,-0.27603,-0.29217,1.0,1.0
0.88062,0.89835,0.84931,-0.40633,-0.28564,-0.13016,0.025316,0.18079,0.35192,0.55923,0.76653,0.97383,1.1669,0.81105,1.3537,1.5126,1.6681,1.7759,1.9095,1.9832,2.0869,2.1443,2.1961,2.2131,0.81105,2.2371,2.2719,2.2448,-0.31138,-0.38964,-0.45851,-0.53642,-0.62303,-0.6999,-0.76146,0.77627,-0.83764,-0.9065,-0.9865,-1.0383,-1.0902,-1.142,-1.1938,-1.2502,-1.3322,-1.3841,0.77627,-1.415,-1.4529,-1.4846,-1.5194,-1.5194,-1.5176,-1.4846,-1.4846,-1.4846,-1.4842,0.74149,-1.4498,-1.4498,-1.3983,-1.3465,-1.3295,-1.2776,-1.2258,-1.174,-1.1222,-1.0703,0.74149,-1.0185,-0.93572,-0.88007,-0.82824,-0.74164,-0.66025,-0.59138,-0.51659,-0.42999,-0.37816,0.73001,-0.29155,-0.23973,-0.15312,-0.10129,-0.014684,0.037142,0.12375,0.20097,0.30462,0.40827,0.7067,0.50497,0.58079,0.68444,0.78809,0.85696,0.93801,1.0246,1.0984,1.202,1.2844,0.69592,1.3745,1.4987,1.579,1.6309,1.6827,1.7345,1.7863,1.8382,1.8552,1.907,0.9147,0.67192,1.9241,1.9589,1.993,1.8792,1.5164,1.4563,1.3717,1.3178,1.234,1.1794,0.66183,1.1276,1.0622,0.98914,0.93731,0.88548,0.79888,0.68862,0.59088,0.51053,0.44166,0.63714,-0.079379,-0.2526,-0.32912,-0.41572,-0.46755,-0.55416,-0.63172,-0.69259,-0.76946,-0.83103,0.62775,-0.88285,-0.93468,-0.9865,-1.0383,-1.0672,-1.1072,-1.159,-1.1715,-1.1931,-1.2411,0.60236,-1.262,-1.2759,-1.2759,-1.2759,-1.2759,-1.2742,-1.2223,-1.1705,-1.1187,-1.0669,0.59366,-1.015,-0.99763,-0.94616,-0.89433,-0.8425,-0.79068,-0.75416,-0.72181,-0.68459,-0.65294,0.56757,-0.6359,-0.58407,-0.56703,-0.5152,-0.49816,-0.44633,-0.39451,-0.34268,-0.29086,-0.23903,0.56757,-0.1872,-0.1079,-0.039031,0.037838,0.089663,0.14149,0.2281,0.30531,0.37418,0.45314,0.56757,0.53975,0.59157,0.67818,0.73001,0.7874,0.86844,0.95505,1.0288,1.1324,1.2361,0.53279,1.3397,1.4434,1.5443,1.5961,1.65,1.7345,1.7863,1.8566,1.9248,1.9589,0.9154,0.53279,1.9937,1.9596,1.6173,1.5436,1.4733,1.4058,1.3349,1.2483,1.1964,1.075,0.53279,0.96061,0.88827,0.78462,0.69383,0.58218,0.50844,0.37557,0.071229,-0.40007,-0.46268,0.50914,-0.53851,-0.59033,-0.61503,-0.6592,-0.71103,-0.76285,-0.81468,-0.83172,-0.8585,-0.90059,0.49801,-0.92807,-0.93468,-0.96285,-0.96285,-0.98581,-1.0029,-1.0324,-1.0324,-1.0324,-1.0324,0.49801,-1.0115,-0.9945,-0.96285,-0.92807,-0.90859,-0.85677,-0.82372,-0.7879,-0.73607,-0.68424,0.49801,-0.63242,-0.58059,-0.52877,-0.47694,-0.42512,-0.37329,-0.32146,-0.26964,-0.21781,-0.16599,0.49801,-0.11416,-0.093292,-0.045292,0.006534,0.058359,0.11019,0.15018,0.17905,0.23088,0.28271,0.49801,0.33453,0.38636,0.42844,0.42844,0.42844,0.42844,0.39366,0.39366,0.38601,0.35888,0.49801,0.35888,0.35888,0.35262,0.3241,0.3241,0.30149,0.28444,0.25453,0.25453,0.25453,0.49801,0.25105,0.21975,0.25453,0.25453,0.25453,0.25453,0.28931,0.28931,0.9154,0.51888,0.53279,0.53279,0.53279,0.53279,0.53105,0.47923,0.4274,0.37557,0.32375,0.9154,0.27192,0.2201,0.16827,0.11645,0.029838,-0.055031,-0.1239,-0.22755,-0.29642,-0.40007,0.94809,-0.45503,-0.50685,-0.59346,-0.64529,-0.70964,-0.78372,-0.87033,-0.92216,-1.0088,-1.0606,0.9154,-1.1124,-1.1642,-1.2161,-1.2679,-1.3197,-1.3715,-1.4234,-1.4498,-1.4846,-1.5093,0.9154,-1.5194,-1.5194,-1.5194,-1.5194,-1.5194,-1.5194,-1.5194,-1.4975,-1.4804,-1.4286,0.88062,-1.3768,-1.3249,-1.2703,-1.1865,-1.0999,-1.0289,-0.92529,-0.8032,-0.6832,-0.56181,2.0,2.0
-2.1281,-1.9397,-1.6028,-0.90306,-0.90306,-0.89987,-0.89359,-0.88731,-0.88103,-0.87806,-0.87806,-0.87131,-0.85875,-1.5965,-0.84962,-0.84334,-0.83356,-0.82099,-0.80843,-0.79587,-0.7833,-0.77074,-0.76187,-0.75558,-1.5898,-0.7418,-0.72296,-0.70793,-0.69536,-0.68667,-0.68039,-0.67017,-0.65761,-0.64905,-0.64277,-1.5773,-0.63648,-0.6302,-0.62392,-0.61764,-0.61136,-0.60508,-0.59879,-0.59251,-0.58192,-0.56936,-1.5652,-0.56117,-0.55489,-0.54417,-0.5316,-0.52354,-0.51726,-0.51098,-0.5047,-0.48916,-0.47032,-1.5589,-0.46085,-0.45457,-0.44354,-0.43097,-0.40878,-0.38366,-0.37316,-0.36688,-0.35072,-0.33187,-1.5531,-0.30303,-0.27162,-0.25034,-0.23149,-0.21777,-0.20521,-0.1719,-0.13421,-0.11227,-0.093424,-1.5531,-0.079892,-0.067329,-0.044015,-0.018889,-0.010076,-0.003794,0.007988,0.020551,0.033114,0.045677,-1.5531,0.04699,0.04699,0.052677,0.058959,0.065241,0.071522,0.077804,0.084085,0.084492,0.084492,-1.5531,0.084492,0.084492,0.090492,0.096774,0.096992,0.096992,0.096992,0.096992,0.10318,0.10946,-1.7529,-1.5525,0.10949,0.10952,0.11581,0.12209,0.12837,0.13465,0.14093,0.14721,0.1535,0.15978,-1.5462,0.16606,0.17234,0.17862,0.1849,0.19118,0.19794,0.2105,0.22253,0.22881,0.23569,-1.5399,0.24825,0.26016,0.26644,0.27272,0.279,0.28606,0.29863,0.31035,0.31663,0.32382,-1.5336,0.33638,0.34797,0.35426,0.36054,0.36682,0.37419,0.38676,0.39816,0.40445,0.41195,-1.5281,0.42451,0.43579,0.44207,0.44701,0.44701,0.44982,0.46239,0.47348,0.47976,0.48604,-1.5281,0.49233,0.5002,0.51276,0.52367,0.52995,0.53967,0.55852,0.5738,0.58008,0.58821,-1.5273,0.60077,0.61524,0.63408,0.65096,0.66352,0.67609,0.68865,0.70331,0.72215,0.73668,-1.521,0.74296,0.75368,0.77253,0.78909,0.80165,0.81422,0.82678,0.83934,0.85191,0.862,-1.5147,0.86828,0.8771,0.88966,0.90222,0.91479,0.92469,0.93097,0.93997,0.95254,0.96232,-1.5084,0.9686,0.97488,0.98116,0.98745,0.99373,1.0,1.0063,1.0126,1.0189,1.022,-1.7341,-1.5022,1.022,1.0252,1.0315,1.0378,1.044,1.047,1.047,1.047,1.047,1.0504,-1.4959,1.0567,1.0595,1.0595,1.0595,1.0595,1.0595,1.0595,1.0595,1.0595,1.0633,-1.4906,1.0695,1.072,1.072,1.072,1.072,1.076,1.0822,1.0845,1.0845,1.0886,-1.4906,1.0949,1.097,1.097,1.1012,1.1075,1.1095,1.1095,1.1095,1.1095,1.1139,-1.4885,1.1202,1.122,1.122,1.122,1.122,1.122,1.122,1.1266,1.1329,1.1345,-1.4759,1.1345,1.1393,1.1455,1.1518,1.1581,1.1644,1.1707,1.177,1.1832,1.1895,-1.4645,1.1958,1.2021,1.2084,1.2197,1.2323,1.2397,1.246,1.2523,1.2586,1.2701,-1.4582,1.2827,1.2952,1.3078,1.3258,1.3446,1.358,1.3706,1.3831,1.3957,1.4138,-1.4519,1.4327,1.4459,1.4584,1.4767,1.4956,1.5028,1.5091,1.5213,1.5338,1.5464,-1.4456,1.5589,1.5655,1.5718,1.5781,1.5844,1.5907,1.5969,1.5909,-1.715,-1.4381,-1.4255,-1.4156,-1.4156,-1.4142,-1.4079,-1.4016,-1.3954,-1.3891,-1.3828,-1.6836,-1.3781,-1.3781,-1.3765,-1.3702,-1.3639,-1.3576,-1.3513,-1.3451,-1.337,-1.3244,-1.6527,-1.3137,-1.3074,-1.2992,-1.2866,-1.2721,-1.2532,-1.2365,-1.2239,-1.2113,-1.1988,-1.6402,-1.1796,-1.1482,-1.1236,-1.111,-1.0984,-1.0859,-1.0733,-1.0608,-1.0458,-1.0269,-1.6276,-1.0106,-0.998,-0.98544,-0.97288,-0.96294,-0.95666,-0.95038,-0.94409,-0.93781,-0.93153,-1.615,-0.92525,-0.91897,-0.91556,-0.91556,-0.91556,-0.91556,-0.91556,-0.91556,-0.9125,-0.90622,3.0,5.0
-1.7644,-1.692,-1.5251,-0.83043,-0.85215,-0.86989,-0.88437,-0.89885,-0.91333,-0.92781,-0.94229,-0.95677,-0.97566,-1.5106,-1.0046,-1.0212,-1.0357,-1.0502,-1.0646,-1.0755,-1.0827,-1.0899,-1.0928,-1.0928,-1.4991,-1.0928,-1.0928,-1.0928,-1.0928,-1.081,-1.0692,-1.0619,-1.0481,-1.0336,-1.019,-1.4918,-0.99728,-0.97556,-0.94712,-0.86747,-0.82162,-0.79265,-0.76369,-0.72917,-0.69527,-0.66631,-1.4846,-0.63105,-0.59485,-0.55865,-0.52948,-0.49674,-0.46106,-0.4321,-0.39862,-0.36368,-0.33471,-1.4774,-0.30575,-0.27878,-0.25706,-0.23534,-0.21362,-0.1919,-0.17018,-0.15192,-0.13744,-0.12295,-1.4701,-0.10847,-0.094937,-0.087696,-0.075524,-0.062722,-0.055481,-0.04824,-0.043413,-0.043413,-0.037012,-1.4629,-0.03292,-0.03292,-0.025784,-0.022426,-0.022426,-0.022426,-0.027043,-0.03292,-0.03292,-0.038271,-1.46,-0.045512,-0.052753,-0.059993,-0.070067,-0.084548,-0.092208,-0.10302,-0.1175,-0.13198,-0.14646,-1.4612,-0.16094,-0.17542,-0.1899,-0.20438,-0.21887,-0.23912,-0.25077,-0.24353,-0.2558,-0.26703,-1.6514,-1.4684,-0.27427,-0.28151,-0.28477,-0.28477,-0.28477,-0.28477,-0.28917,-0.31089,-0.30533,-0.29085,-1.4705,-0.27637,-0.2557,-0.21341,-0.141,-0.11708,-0.091684,-0.062302,-0.026099,0.005697,0.034659,-1.4705,0.063621,0.097725,0.13393,0.17013,0.20046,0.23204,0.26825,0.30445,0.33729,0.36636,-1.4705,0.40256,0.43467,0.46364,0.4926,0.51673,0.54003,0.56899,0.59239,0.61181,0.62629,-1.4705,0.64077,0.65525,0.66973,0.68421,0.69491,0.70216,0.7094,0.71664,0.72388,0.73112,-1.4705,0.73311,0.7351,0.74235,0.7436,0.7436,0.7436,0.7436,0.74014,0.73311,0.73311,-1.4705,0.72891,0.72167,0.71443,0.70719,0.69995,0.69271,0.68547,0.67823,0.67099,0.65735,-1.4705,0.64287,0.62839,0.62104,0.60992,0.59544,0.58095,0.56647,0.55199,0.53751,0.52303,-1.4672,0.50015,0.45671,0.43153,0.41264,0.39816,0.37685,0.36227,0.35534,0.35534,0.35534,-1.4599,0.35534,0.35534,0.34527,0.33971,0.36143,0.37738,0.3969,0.42586,0.45482,0.48378,-1.6362,-1.4527,0.51275,0.54171,0.60656,0.69408,0.72304,0.75672,0.79146,0.82042,0.85484,0.88884,-1.4496,0.9178,0.95295,0.98622,1.0152,1.0511,1.0836,1.1126,1.1415,1.1705,1.1983,-1.4487,1.22,1.2417,1.2635,1.2852,1.301,1.3155,1.33,1.3445,1.3556,1.3627,-1.4415,1.3627,1.3668,1.3732,1.3732,1.3732,1.3732,1.3732,1.3732,1.3732,1.3732,-1.4342,1.3669,1.3597,1.3524,1.3522,1.3485,1.3412,1.334,1.3312,1.33,1.3227,-1.4254,1.3155,1.3083,1.301,1.2998,1.297,1.2898,1.2826,1.2822,1.2895,1.2967,-1.4109,1.304,1.3112,1.3184,1.3257,1.3329,1.3402,1.3474,1.3571,1.3715,1.3796,-1.402,1.3869,1.3941,1.4085,1.423,1.4374,1.4519,1.4664,1.4809,1.4954,1.5098,-1.3925,1.5264,1.5481,1.5638,1.5811,1.6028,1.6245,1.6463,1.668,1.6897,1.7114,-1.378,1.7342,1.7632,1.7921,1.8193,1.841,1.8685,1.8975,1.9264,-1.6145,-1.3698,-1.3595,-1.345,-1.3376,-1.3266,-1.3121,-1.2976,-1.2831,-1.2699,-1.2627,-1.5975,-1.2502,-1.2357,-1.2212,-1.2067,-1.1922,-1.1778,-1.17,-1.1593,-1.1446,-1.1229,-1.583,-1.1054,-1.0909,-1.0764,-1.057,-1.0369,-1.0225,-1.0023,-0.98059,-0.95887,-0.94355,-1.5685,-0.92592,-0.9042,-0.88248,-0.86076,-0.83967,-0.82518,-0.8107,-0.79622,-0.78174,-0.76726,-1.5541,-0.75278,-0.7383,-0.7299,-0.72266,-0.71542,-0.715,-0.71143,-0.70482,-0.71206,-0.715,-1.5396,-0.71605,-0.72329,-0.73053,-0.73956,-0.75404,-0.76275,-0.77251,-0.78699,-0.80147,-0.81595,5.0,5.0
0.69859,0.69859,0.64776,0.65238,0.74574,0.83909,0.93245,1.0258,1.1192,1.2125,1.3026,1.353,1.4422,0.60616,1.4935,1.5818,1.6285,1.6751,1.7218,1.7616,1.769,1.8078,1.8078,1.799,0.60616,1.7616,1.7519,1.7052,1.6585,1.6007,1.5074,1.414,1.3082,1.1811,1.0743,0.60616,0.9343,0.79426,0.63944,0.46798,0.32794,0.18791,0.04787,-0.092165,-0.2322,-0.37224,0.60616,-0.49378,-0.60609,-0.74613,-0.86629,-0.95964,-1.053,-1.1464,-1.2397,-1.3331,-1.4038,0.60616,-1.4736,-1.5434,-1.59,-1.6367,-1.6584,-1.6839,-1.7047,-1.6783,-1.6316,-1.585,0.60616,-1.5383,-1.4634,-1.3987,-1.352,-1.2758,-1.1824,-1.1196,-1.0419,-0.94855,-0.82331,0.59831,-0.71562,-0.62227,-0.52891,-0.43555,-0.3422,-0.24884,-0.12036,-0.015909,0.077448,0.17081,0.55995,0.26416,0.35752,0.45088,0.58259,0.68381,0.77716,0.83077,0.91766,1.011,1.0632,0.55995,1.1515,1.2028,1.2495,1.2962,1.3428,1.3895,1.4362,1.4829,1.5296,1.5305,0.69767,0.55995,1.5767,1.53,1.4833,1.4367,1.3881,1.2971,1.2476,1.1543,1.0609,0.96341,0.55024,0.828,0.72956,0.59507,0.49571,0.35567,0.21563,0.0756,-0.064436,-0.20447,-0.34451,0.51373,-0.48454,-0.61487,-0.7184,-0.8478,-0.94116,-1.0345,-1.1279,-1.2088,-1.2554,-1.3155,0.51373,-1.3811,-1.3955,-1.4421,-1.4888,-1.5198,-1.536,-1.566,-1.566,-1.566,-1.548,0.50264,-1.5198,-1.5008,-1.4542,-1.4075,-1.3608,-1.3141,-1.2674,-1.199,-1.1279,-1.0585,0.46751,-0.96519,-0.87183,-0.77848,-0.68512,-0.59176,-0.49841,-0.40505,-0.31169,-0.21834,-0.12498,0.4555,-0.031622,0.061735,0.18375,0.29466,0.38802,0.51142,0.62095,0.71431,0.80767,0.90102,0.4213,0.99438,1.0877,1.1478,1.2282,1.2874,1.3341,1.3807,1.4274,1.4741,1.5208,0.40836,1.5675,1.6141,1.585,1.5767,1.5379,1.4912,1.4445,1.3978,1.3105,1.2583,0.36168,1.17,1.0766,0.98329,0.88993,0.79657,0.65931,0.56364,0.47029,0.33164,0.23736,0.65238,0.32886,0.097783,-0.04179,-0.13607,-0.27611,-0.41614,-0.55387,-0.64722,-0.74058,-0.83394,-0.92313,0.31454,-0.96981,-1.0165,-1.0632,-1.1098,-1.1565,-1.2032,-1.2499,-1.2966,-1.3432,-1.3811,0.28265,-1.3719,-1.3349,-1.3248,-1.2781,-1.2425,-1.2309,-1.1843,-1.1376,-1.0909,-1.0442,0.2674,-0.99754,-0.95086,-0.8894,-0.81129,-0.7489,-0.67172,-0.6084,-0.53214,-0.4679,-0.37455,0.22072,-0.28119,-0.20678,-0.14069,-0.047336,0.046021,0.11858,0.18652,0.25815,0.32702,0.39773,0.17404,0.44441,0.49108,0.53776,0.58444,0.63112,0.65238,0.67826,0.72494,0.77162,0.81829,0.12736,0.83724,0.86544,0.85481,0.83724,0.80767,0.76099,0.71431,0.69859,0.66717,0.62049,0.080683,0.60616,0.57335,0.55995,0.52621,0.51373,0.51373,0.47861,0.46751,0.46751,0.46751,0.034005,0.46751,0.46751,0.46751,0.46751,0.46751,0.46751,0.46751,0.46751,0.46751,0.46751,-0.012673,0.46751,0.46751,0.46751,0.46751,0.46751,0.46751,0.46751,0.46751,0.65238,-0.059352,-0.10603,-0.17212,-0.2456,-0.31262,-0.38518,-0.45311,-0.54647,-0.61764,-0.68697,0.65238,-0.78033,-0.85011,-0.92082,-0.98969,-1.0613,-1.1547,-1.2222,-1.2952,-1.3885,-1.4546,0.65238,-1.529,-1.5942,-1.6409,-1.6876,-1.7047,-1.7347,-1.7509,-1.7199,-1.6732,-1.6265,0.65238,-1.5799,-1.5332,-1.4865,-1.4398,-1.359,-1.3003,-1.2536,-1.1713,-1.114,-1.0308,0.65238,-0.97443,-0.89032,-0.79696,-0.74197,-0.65647,-0.56311,-0.5095,-0.42261,-0.32925,-0.27703,0.65238,-0.18876,-0.095401,-0.002044,0.091313,0.14123,0.23181,0.32517,0.41852,0.51188,0.60524,0.0,2.0
0.82797,0.63684,0.66869,-1.4019,-1.4734,-1.5605,-1.6164,-1.672,-1.7276,-1.7523,-1.8069,-1.8332,-1.8095,0.66869,-1.7539,-1.6983,-1.6287,-1.5494,-1.4382,-1.3055,-1.1706,-1.0515,-0.96452,-0.79776,0.66869,-0.66285,-0.49609,-0.32933,-0.16257,0.03605,0.11123,0.33358,0.52407,0.73495,0.90506,0.66869,1.1003,1.2481,1.3912,1.4386,1.5498,1.6108,1.6664,1.7199,1.7199,1.6704,0.66869,1.6148,1.5911,1.5103,1.431,1.3198,1.2086,1.0729,0.90617,0.76426,0.66821,0.66869,0.47756,0.28707,0.096575,-0.094396,-0.2379,-0.38093,-0.49211,-0.5418,-0.6826,-0.80827,0.66869,-0.94317,-1.0798,-1.2229,-1.334,-1.4452,-1.4975,-1.6038,-1.6832,-1.7625,-1.8448,0.66869,-1.9004,-1.9241,-1.9753,-1.9753,-1.9753,-1.9434,-1.9077,-1.8522,-1.8284,-1.7615,0.66869,-1.6822,-1.571,-1.4787,-1.3805,-1.2694,-1.2108,-1.1107,-0.98952,-0.85462,-0.7135,0.66869,-0.57047,-0.4499,-0.34812,-0.23695,-0.15954,-0.078309,0.032865,0.14404,0.25521,0.39824,0.66869,0.66869,0.50942,0.59686,0.66869,0.73989,0.82669,0.90601,0.98533,1.0578,1.1134,1.169,0.66869,1.1927,1.2483,1.3039,1.3595,1.4151,1.4651,1.4651,1.4439,1.3883,1.3695,0.68111,1.3408,1.2852,1.2615,1.2059,1.1503,1.1147,1.071,1.0154,0.95985,0.8724,0.70055,0.78496,0.69449,0.61008,0.54127,0.45654,0.34536,0.23419,0.12301,-0.020015,-0.099334,0.70055,-0.21051,-0.2551,-0.32805,-0.38475,-0.47108,-0.55852,-0.65457,-0.73389,-0.84506,-0.94015,0.70055,-0.97184,-1.0513,-1.1388,-1.2098,-1.2818,-1.3684,-1.4248,-1.4952,-1.536,-1.5916,0.70055,-1.679,-1.7346,-1.7902,-1.8458,-1.8797,-1.9116,-1.8743,-1.8187,-1.7631,-1.7394,0.70055,-1.6838,-1.6282,-1.5522,-1.4729,-1.3617,-1.2784,-1.1713,-1.0919,-1.048,-0.96515,0.70055,-0.85398,-0.74281,-0.63163,-0.52046,-0.39081,-0.26625,-0.21879,-0.10762,0.003558,0.11473,0.70055,0.22591,0.33708,0.4164,0.51849,0.54318,0.62967,0.71711,0.80455,0.86014,0.91573,0.66869,0.70055,0.98724,1.0588,1.0828,1.1381,1.1937,1.2492,1.2739,1.3286,1.3842,1.4332,0.70055,1.4635,1.5191,1.5746,1.5984,1.6243,1.6243,1.6243,1.6191,1.5635,1.5079,0.70055,1.4523,1.3967,1.3695,1.3174,1.2497,1.1744,1.1188,1.0632,0.97577,0.91684,0.70055,0.83274,0.79006,0.72157,0.66598,0.6104,0.55481,0.48903,0.40971,0.32434,0.28293,0.70055,0.17175,0.092434,-0.01874,-0.12991,-0.20923,-0.28776,-0.31881,-0.36708,-0.42266,-0.47809,0.70055,-0.50198,-0.50995,-0.50995,-0.50995,-0.5418,-0.5418,-0.5418,-0.5418,-0.51918,-0.50995,0.70055,-0.50995,-0.50995,-0.50995,-0.50995,-0.50995,-0.48048,-0.47809,-0.47809,-0.47299,-0.44623,0.71854,-0.44623,-0.41438,-0.41438,-0.41438,-0.39431,-0.38252,-0.3787,-0.35067,-0.35067,-0.35067,0.7324,-0.35067,-0.35067,-0.31881,-0.31881,-0.31881,-0.31881,-0.28696,-0.28696,-0.28696,-0.28696,0.7324,-0.28696,-0.28696,-0.28696,-0.28696,-0.28696,-0.28696,-0.28696,-0.28696,0.66869,0.7324,0.7324,0.7324,0.7324,0.7324,0.7324,0.7324,0.7324,0.7324,0.74849,0.66869,0.76426,0.76426,0.76426,0.76426,0.76426,0.76426,0.76426,0.76426,0.76426,0.76426,0.66869,0.74196,0.71823,0.66264,0.63684,0.58332,0.55959,0.504,0.44841,0.44571,0.40095,0.66869,0.37722,0.32163,0.26604,0.22272,0.18672,0.13114,0.095301,0.051818,-0.003769,-0.03212,0.66869,-0.083088,-0.13867,-0.16241,-0.21799,-0.27358,-0.33952,-0.41661,-0.4722,-0.52778,-0.57366,0.66869,-0.6071,-0.68801,-0.75013,-0.83757,-0.92502,-1.0053,-1.0846,-1.1789,-1.2114,-1.3226,0.0,0.0
0.19336,0.34808,0.28619,1.9571,2.0036,2.05,2.0964,2.0809,2.0345,1.9881,1.9262,1.8643,1.7715,0.28619,1.6787,1.5703,1.462,1.3383,1.2145,1.1062,0.99789,0.88959,0.78129,0.65751,0.28619,0.53374,0.40996,0.28619,0.19336,0.10053,0.007697,-0.05419,-0.17796,-0.2708,-0.3791,0.28619,-0.4874,-0.61117,-0.70401,-0.76589,-0.82778,-0.90514,-0.95155,-1.0134,-1.0753,-1.1527,0.31713,-1.23,-1.2765,-1.3538,-1.4002,-1.4467,-1.5085,-1.5704,-1.6168,-1.6942,-1.7406,0.31713,-1.787,-1.8334,-1.818,-1.7716,-1.7251,-1.6787,-1.6323,-1.5704,-1.5085,-1.4467,0.28619,-1.3848,-1.3229,-1.261,-1.1682,-1.1063,-1.0134,-0.95155,-0.8742,-0.79684,-0.73495,0.28619,-0.67306,-0.5957,-0.51834,-0.42551,-0.36363,-0.2708,-0.20891,-0.13155,-0.085134,-0.038718,0.28619,0.007697,0.054112,0.10053,0.14694,0.19336,0.23977,0.28619,0.3326,0.37902,0.39449,0.28619,0.44091,0.45638,0.50279,0.54921,0.59563,0.64204,0.68846,0.73487,0.78129,0.8277,0.34808,0.28619,0.87412,0.88959,0.936,0.98242,1.0288,1.0443,1.0907,1.1371,1.1836,1.23,0.30166,1.2764,1.3228,1.3692,1.4311,1.493,1.5394,1.5858,1.6013,1.6477,1.6632,0.31713,1.7096,1.756,1.7715,1.8179,1.8334,1.787,1.7405,1.6941,1.6477,1.6013,0.31713,1.5549,1.5085,1.462,1.4156,1.3692,1.3228,1.2454,1.199,1.1217,1.0753,0.34808,1.0288,0.95148,0.90506,0.8277,0.78129,0.70393,0.62657,0.54921,0.47185,0.37902,0.34808,0.25525,0.17789,0.10053,0.038641,-0.023247,-0.10061,-0.17796,-0.23985,-0.33268,-0.39457,0.34808,-0.4874,-0.56476,-0.64212,-0.68853,-0.73495,-0.81231,-0.85872,-0.92061,-0.9825,-1.0599,0.31713,-1.1063,-1.1836,-1.23,-1.2765,-1.3229,-1.4002,-1.4467,-1.4931,-1.5395,-1.5859,0.31713,-1.6323,-1.6787,-1.7251,-1.7406,-1.6942,-1.6478,-1.6014,-1.555,-1.5085,-1.4621,0.30166,-1.4157,-1.3693,-1.2919,-1.2455,-1.1682,-1.1063,-1.0444,-0.96703,-0.92061,-0.8742,0.34808,0.28619,-0.85872,-0.81231,-0.76589,-0.70401,-0.64212,-0.58023,-0.51834,-0.44099,-0.36363,-0.30174,0.27072,-0.23985,-0.17796,-0.11608,-0.038718,0.038641,0.10053,0.16241,0.2243,0.28619,0.3326,0.25525,0.37902,0.42544,0.47185,0.51827,0.56468,0.6111,0.65751,0.70393,0.75034,0.76582,0.20883,0.78129,0.8277,0.87412,0.88959,0.936,0.90506,0.87412,0.8277,0.78129,0.73487,0.16241,0.68846,0.64204,0.59563,0.56468,0.53374,0.48732,0.44091,0.39449,0.34808,0.30166,0.10053,0.25525,0.20883,0.16241,0.116,0.069584,0.054112,0.007697,-0.038718,-0.085134,-0.10061,0.038641,-0.11608,-0.11608,-0.11608,-0.11608,-0.11608,-0.11608,-0.11608,-0.11608,-0.14702,-0.14702,-0.05419,-0.14702,-0.16249,-0.17796,-0.17796,-0.17796,-0.20891,-0.20891,-0.20891,-0.20891,-0.20891,-0.14702,-0.20891,-0.20891,-0.20891,-0.22438,-0.23985,-0.23985,-0.23985,-0.23985,-0.23985,-0.23985,-0.20891,-0.23985,-0.23985,-0.23985,-0.23985,-0.23985,-0.2708,-0.23985,-0.23985,0.34808,-0.30174,-0.39457,-0.45646,-0.54929,-0.61117,-0.70401,-0.79684,-0.85872,-0.95155,-1.0134,0.34808,-1.1063,-1.1527,-1.23,-1.2765,-1.3229,-1.3693,-1.4157,-1.4621,-1.5085,-1.555,0.31713,-1.6014,-1.6168,-1.6633,-1.7097,-1.7561,-1.7406,-1.6633,-1.6014,-1.4776,-1.3693,0.31713,-1.23,-1.0908,-0.95155,-0.81231,-0.67306,-0.53382,-0.39457,-0.23985,-0.085134,0.069584,0.28619,0.2243,0.36355,0.50279,0.62657,0.75034,0.87412,0.99789,1.1062,1.2145,1.3073,0.28619,1.4002,1.493,1.5549,1.6322,1.6787,1.756,1.8024,1.8334,1.8643,1.9107,0.0,0.0
-0.6379,-0.59203,-0.54616,-1.7349,-1.8173,-1.8304,-1.8444,-1.9268,-1.9375,-1.9222,-1.9151,-1.9069,-1.888,-0.54616,-1.8763,-1.8608,-1.8396,-1.8184,-1.7972,-1.776,-1.7548,-1.7336,-1.7123,-1.6911,-0.54616,-1.6623,-1.6334,-1.5969,-1.5656,-1.5392,-1.5113,-1.4815,-1.4603,-1.4299,-1.4025,-0.53088,-1.3813,-1.3485,-1.3236,-1.2942,-1.2659,-1.2447,-1.2128,-1.187,-1.1585,-1.1293,-0.53088,-1.108,-1.0868,-1.0652,-1.0291,-1.0079,-0.98668,-0.96547,-0.95897,-0.93833,-0.91712,-0.53088,-0.89781,-0.88998,-0.86876,-0.85195,-0.84163,-0.82041,-0.7992,-0.77798,-0.77206,-0.75085,-0.53088,-0.72963,-0.71434,-0.70249,-0.68128,-0.66007,-0.63885,-0.63293,-0.61172,-0.60579,-0.58458,-0.53088,-0.57674,-0.56145,-0.55152,-0.54559,-0.53088,-0.51845,-0.51559,-0.5066,-0.5003,-0.48501,-0.53088,-0.47354,-0.46762,-0.45443,-0.44048,-0.41926,-0.39805,-0.37684,-0.3627,-0.3497,-0.33212,-0.53088,-0.32256,-0.30135,-0.28625,-0.27421,-0.25567,-0.24707,-0.22586,-0.20464,-0.18343,-0.16222,-0.59203,-0.53088,-0.13336,-0.1045,-0.083288,-0.051945,-0.024807,0.010931,0.044758,0.071897,0.10515,0.14146,-0.53088,0.17816,0.21103,0.25116,0.28059,0.32302,0.36067,0.39258,0.43501,0.47744,0.51987,-0.53088,0.55847,0.58943,0.63186,0.67429,0.70448,0.74385,0.77749,0.81342,0.85049,0.88298,-0.53088,0.91012,0.94471,0.97969,1.0068,1.0389,1.0611,1.0966,1.1179,1.1425,1.1756,-0.53088,1.1968,1.2239,1.2545,1.2782,1.3122,1.3334,1.3699,1.3912,1.4124,1.441,-0.53088,1.4701,1.4913,1.5224,1.549,1.5767,1.6067,1.631,1.6644,1.7006,1.7222,-0.53088,1.7548,1.7799,1.8011,1.8223,1.8588,1.88,1.9012,1.9224,1.9437,1.9649,-0.53088,1.9861,1.992,2.0132,2.0344,2.053,2.053,2.0385,2.002,1.9697,1.9442,-0.53088,1.923,1.9018,1.8722,1.8288,1.8068,1.7711,1.7373,1.6828,1.6524,1.6251,-0.53088,1.5886,1.544,1.498,1.4638,1.4284,1.3965,1.3436,1.3025,1.274,1.2316,-0.57674,-0.53088,1.1739,1.1314,1.0894,1.0493,0.98886,0.9493,0.91929,0.87687,0.80386,0.77271,-0.53088,0.7343,0.68403,0.64791,0.61141,0.5902,0.56803,0.53248,0.49846,0.47476,0.44419,-0.53088,0.41705,0.39583,0.37462,0.35092,0.3169,0.29569,0.28977,0.27945,0.26416,0.27161,-0.53088,0.27945,0.27945,0.27945,0.27945,0.28594,0.29473,0.29473,0.30372,0.31002,0.32531,-0.53088,0.33678,0.3427,0.36392,0.37118,0.37577,0.38647,0.38762,0.40176,0.40176,0.40176,-0.53088,0.41131,0.41705,0.42316,0.43234,0.43234,0.43234,0.43234,0.43234,0.43234,0.43234,-0.53088,0.43234,0.43234,0.43234,0.43234,0.43234,0.43234,0.43234,0.43234,0.42316,0.41705,-0.53604,0.41705,0.41705,0.41705,0.41705,0.43119,0.43711,0.44763,0.44763,0.44763,0.44763,-0.54616,0.44763,0.44763,0.44763,0.45393,0.46291,0.46291,0.46291,0.46291,0.46291,0.46291,-0.54616,0.44763,0.44763,0.44763,0.44763,0.44763,0.46291,0.46291,0.46291,-0.57674,-0.54616,-0.54616,-0.54616,-0.53604,-0.53088,-0.53088,-0.53088,-0.53088,-0.53088,-0.53088,-0.56241,-0.53088,-0.53088,-0.53088,-0.53088,-0.54502,-0.54616,-0.54616,-0.54616,-0.55343,-0.56145,-0.56145,-0.56145,-0.5712,-0.57674,-0.57674,-0.56451,-0.56145,-0.56145,-0.54674,-0.54616,-0.54616,-0.56145,-0.54616,-0.56184,-0.5905,-0.60522,-0.65854,-0.66657,-0.63102,-0.6098,-0.60388,-0.59203,-0.56145,-0.57674,-0.62165,-0.71587,-0.80856,-0.82978,-0.85099,-0.93336,-0.95457,-0.9819,-1.0582,-0.554,-1.0794,-1.1207,-1.1982,-1.2806,-1.3343,-1.3995,-1.4971,-1.5184,-1.629,-1.6747,4.0,4.0
-0.93643,-0.93643,-0.90571,-1.8581,-1.8494,-1.8406,-1.8165,-1.8078,-1.7836,-1.7595,-1.7354,-1.7113,-1.6872,-0.90571,-1.6631,-1.6543,-1.6173,-1.5907,-1.5515,-1.5271,-1.4876,-1.4529,-1.42,-1.3845,-0.90571,-1.3758,-1.3368,-1.3122,-1.2864,-1.2486,-1.2206,-1.185,-1.1455,-1.1361,-1.0891,-0.90571,-1.0563,-1.008,-0.96347,-0.92691,-0.89403,-0.8458,-0.79756,-0.74932,-0.72136,-0.68357,-0.90571,-0.63534,-0.5871,-0.53886,-0.50599,-0.45898,-0.42488,-0.39876,-0.37449,-0.34162,-0.30767,-0.90571,-0.26819,-0.22871,-0.19476,-0.16188,-0.12563,-0.10151,-0.077391,-0.068635,-0.044517,-0.020399,-0.90571,0.000647,0.012476,0.036594,0.046733,0.054107,0.062863,0.077457,0.095738,0.10818,0.12354,-0.90571,0.13737,0.14613,0.15488,0.16963,0.18499,0.19651,0.20527,0.22939,0.23108,0.24644,-0.89035,0.25566,0.27716,0.28853,0.31265,0.32325,0.33861,0.35428,0.36933,0.37179,0.3847,-0.89035,0.40467,0.42879,0.43754,0.46151,0.47042,0.49453,0.50759,0.51205,0.53617,0.56028,-0.93428,-0.89035,0.5844,0.59316,0.61728,0.64139,0.66981,0.69194,0.71375,0.73787,0.76199,0.7881,-0.89035,0.82558,0.85385,0.88918,0.92866,0.96784,0.98381,1.0182,1.0559,1.084,1.1195,-0.89035,1.1589,1.1831,1.2225,1.2483,1.2757,1.2949,1.3316,1.3585,1.3974,1.4302,-0.89035,1.4616,1.4857,1.5252,1.5368,1.558,1.5822,1.6063,1.6304,1.6545,1.6751,-0.89035,1.6874,1.7115,1.7212,1.7444,1.7685,1.7926,1.8167,1.8409,1.865,1.8891,-0.88651,1.9055,1.922,1.9363,1.9516,1.9636,1.9724,1.9823,1.967,1.9516,1.9419,-0.87498,1.881,1.8323,1.8081,1.77,1.7599,1.735,1.6963,1.6693,1.6327,1.5932,-0.87498,1.5553,1.4998,1.4742,1.4259,1.3623,1.3141,1.2505,1.1886,1.1387,1.0751,-0.87498,1.0268,1.0067,0.94572,0.89272,0.83388,0.77873,0.72204,0.67381,0.62557,0.57734,-0.87498,0.53832,0.51159,0.47871,0.43063,0.40651,0.36703,0.34291,0.31879,0.29468,0.28592,-0.92107,-0.85962,0.2618,0.23768,0.21571,0.20481,0.19605,0.17193,0.16963,0.16963,0.17823,0.18699,-0.85962,0.20035,0.21571,0.22862,0.23738,0.24644,0.2618,0.27716,0.28776,0.29252,0.30527,-0.85962,0.30789,0.30789,0.32325,0.32325,0.32325,0.30789,0.30789,0.3019,0.29252,0.29252,-0.84718,0.29099,0.27716,0.27716,0.27716,0.283,0.29252,0.29252,0.29252,0.29252,0.29252,-0.84426,0.29252,0.27716,0.27716,0.29252,0.29252,0.29252,0.29252,0.29252,0.30789,0.30789,-0.82967,0.30789,0.32325,0.32325,0.33861,0.33861,0.33861,0.33861,0.33861,0.33861,0.33861,-0.8289,0.33861,0.33861,0.33861,0.33861,0.33861,0.33861,0.32909,0.32325,0.32325,0.32325,-0.8289,0.32325,0.30789,0.30789,0.30789,0.30789,0.30789,0.30789,0.29421,0.29252,0.29252,-0.8289,0.29252,0.29252,0.29252,0.29252,0.29252,0.29252,0.29252,0.29252,0.29252,0.29252,-0.8289,0.29252,0.29252,0.29252,0.29252,0.29252,0.29252,0.29252,0.29252,-0.92107,-0.8289,-0.8289,-0.8289,-0.8289,-0.8289,-0.8289,-0.84426,-0.84426,-0.84979,-0.85962,-0.92107,-0.84426,-0.84319,-0.8289,-0.81354,-0.80155,-0.79817,-0.78404,-0.77529,-0.76653,-0.75209,-0.92107,-0.74902,-0.73673,-0.73673,-0.73673,-0.7441,-0.75362,-0.79234,-0.80693,-0.84426,-0.90571,-0.92107,-0.91953,-0.93643,-0.96777,-0.98252,-0.95179,-0.97484,-0.99788,-1.0662,-1.1254,-1.1827,-0.90571,-1.1976,-1.2286,-1.3279,-1.3845,-1.4723,-1.5732,-1.6127,-1.6821,-1.7992,-1.8233,-0.90571,-1.8566,-1.9022,-1.9245,-1.9963,-1.9721,-1.9503,-1.9393,-1.9305,-1.9064,-1.8823,4.0,4.0
0.59218,0.64514,0.62198,0.61511,0.72102,0.81456,0.90282,0.99108,1.0793,1.1676,1.2559,1.3405,1.4111,0.61511,1.4817,1.5415,1.5945,1.6472,1.6825,1.7178,1.7458,1.7634,1.7811,1.7987,0.61511,1.798,1.7804,1.7627,1.7451,1.7164,1.6754,1.6224,1.5695,1.5165,1.456,0.61511,1.3854,1.3148,1.2442,1.1642,1.0718,0.96586,0.87645,0.77696,0.67104,0.56513,0.61511,0.45922,0.3533,0.24739,0.14147,0.035559,-0.070355,-0.16664,-0.25926,-0.36517,-0.45435,0.62772,-0.54261,-0.62469,-0.69529,-0.7659,-0.83651,-0.90712,-0.97498,-1.0279,-1.0809,-1.124,0.63803,-1.1593,-1.1946,-1.2299,-1.2535,-1.2712,-1.2888,-1.3065,-1.3106,-1.3106,-1.3076,0.63803,-1.29,-1.2723,-1.2547,-1.237,-1.2194,-1.1845,-1.1492,-1.1206,-1.1015,-1.0662,0.63803,-1.0309,-0.99561,-0.9571,-0.90414,-0.86677,-0.82115,-0.7682,-0.71524,-0.66228,-0.60933,0.63803,-0.54949,-0.47888,-0.40827,-0.33766,-0.26705,-0.193,-0.10474,-0.016481,0.061236,0.13712,0.66096,0.6472,0.22538,0.31364,0.38952,0.46724,0.5555,0.64376,0.71781,0.79736,0.88196,0.95257,0.66096,1.0392,1.1167,1.1873,1.2579,1.3285,1.3865,1.4468,1.5133,1.5486,1.5984,0.66096,1.6422,1.6736,1.6912,1.7251,1.7494,1.7556,1.738,1.7203,1.7027,1.6775,0.66096,1.6444,1.6268,1.5945,1.5498,1.5009,1.4656,1.4138,1.3721,1.3308,1.2779,0.67196,1.2249,1.172,1.1112,1.0431,0.99016,0.9223,0.85169,0.78109,0.71048,0.62313,0.68388,0.53487,0.44661,0.35743,0.25151,0.1456,0.039686,-0.066228,-0.17214,-0.27806,-0.37411,0.68388,-0.46696,-0.57287,-0.66182,-0.76178,-0.86127,-0.94839,-1.019,-1.0896,-1.1602,-1.2278,0.68388,-1.2808,-1.3338,-1.3867,-1.4349,-1.4702,-1.5055,-1.5289,-1.5465,-1.5628,-1.5628,0.67104,-1.5628,-1.5543,-1.5366,-1.519,-1.5013,-1.4734,-1.4381,-1.4028,-1.35,-1.2971,0.65339,-1.2372,-1.1666,-1.096,-1.0254,-0.95481,-0.88076,-0.7925,-0.70424,-0.61597,-0.52771,0.66096,0.63574,-0.43945,-0.35119,-0.26293,-0.17466,-0.084568,0.021346,0.11305,0.20131,0.28957,0.37783,0.61809,0.46609,0.55436,0.64262,0.73088,0.81914,0.89479,0.9654,1.0339,1.0869,1.1543,0.60044,1.2157,1.2648,1.3001,1.3517,1.3826,1.406,1.4409,1.4585,1.4762,1.4863,0.57338,1.484,1.4663,1.39,1.0761,0.66738,0.59677,0.50965,0.43262,0.35605,0.26779,0.53808,0.17953,0.091267,0.003006,-0.082734,-0.15334,-0.23885,-0.31749,-0.3881,-0.45871,-0.51258,0.50277,-0.56554,-0.6185,-0.67145,-0.72441,-0.76407,-0.79135,-0.81175,-0.84706,-0.86723,-0.88489,0.46747,-0.89337,-0.87572,-0.85806,-0.8521,-0.84568,-0.82803,-0.81038,-0.79273,-0.77507,-0.7604,0.42093,-0.7604,-0.74504,-0.73748,-0.73266,-0.71501,-0.71455,-0.71455,-0.7079,-0.69163,-0.69163,0.36797,-0.69163,-0.69163,-0.68842,-0.67076,-0.6687,-0.6687,-0.6687,-0.6687,-0.6687,-0.6687,0.31502,-0.6687,-0.6687,-0.6687,-0.68269,-0.69163,-0.69507,-0.71272,-0.73037,0.65912,0.26206,0.19604,0.13322,0.077742,0.007132,-0.063477,-0.14372,-0.22762,-0.29823,-0.36884,0.64147,-0.45091,-0.53298,-0.60359,-0.6742,-0.75811,-0.83835,-0.90896,-0.97957,-1.035,-1.088,0.63803,-1.141,-1.1939,-1.2469,-1.2881,-1.3234,-1.3587,-1.3941,-1.4158,-1.4335,-1.4482,0.63803,-1.4482,-1.4328,-1.4151,-1.3975,-1.3798,-1.345,-1.3097,-1.2677,-1.2148,-1.1618,0.63803,-1.1089,-1.0474,-0.97682,-0.90621,-0.8356,-0.75467,-0.67145,-0.60084,-0.51281,-0.42455,0.63803,-0.33629,-0.24642,-0.14051,-0.048576,0.039686,0.13139,0.2373,0.3274,0.4262,0.52685,0.0,0.0
0.33869,0.37928,0.41564,1.214,1.1211,0.99932,0.90313,0.82195,0.74077,0.65958,0.51029,0.34793,0.24298,0.41564,0.14246,0.061279,-0.035295,-0.21796,-0.37465,-0.45584,-0.53702,-0.61821,-0.72767,-0.86974,0.41564,-0.96565,-1.0265,-1.0874,-1.1483,-1.225,-1.3062,-1.3516,-1.3922,-1.4528,-1.51,0.41564,-1.5303,-1.5545,-1.5951,-1.6236,-1.6236,-1.6236,-1.6236,-1.6236,-1.6236,-1.5988,0.40083,-1.5582,-1.5176,-1.477,-1.4031,-1.3219,-1.2595,-1.1986,-1.1377,-1.0661,-0.92399,0.38053,-0.80116,-0.74027,-0.67246,-0.59127,-0.46488,-0.28222,-0.15534,-0.074156,0.007028,0.088213,0.36024,0.1694,0.25058,0.40179,0.56416,0.62842,0.6893,0.75019,0.82176,0.94353,1.0483,0.33994,1.1092,1.1779,1.259,1.3105,1.3308,1.3511,1.3714,1.3775,1.3775,1.3613,0.31965,1.341,1.3207,1.3,1.2391,1.1805,1.14,1.0861,0.98461,0.89621,0.83532,0.29762,0.77443,0.71354,0.60956,0.46749,0.36409,0.2829,0.14169,-0.020675,-0.097434,-0.15832,0.41564,0.23673,-0.29616,-0.43506,-0.51625,-0.59426,-0.65514,-0.7319,-0.85368,-0.94583,-0.98642,-1.0365,0.18181,-1.0974,-1.17,-1.2511,-1.3048,-1.3454,-1.386,-1.4266,-1.4852,-1.5461,-1.5667,0.16151,-1.587,-1.6073,-1.6236,-1.6236,-1.6236,-1.6236,-1.6153,-1.595,-1.5747,-1.5544,0.13612,-1.5341,-1.5138,-1.4497,-1.3685,-1.3208,-1.2802,-1.2396,-1.197,-1.0955,-0.9996,0.095523,-0.93871,-0.87782,-0.81694,-0.73498,-0.6132,-0.51884,-0.45795,-0.35205,-0.20998,-0.10802,0.033288,-0.026831,0.085327,0.2071,0.27607,0.33696,0.41757,0.50029,0.60177,0.69594,0.75683,-0.068192,0.81195,0.85254,0.91679,1.0183,1.0897,1.1303,1.1709,1.2115,1.2663,1.3272,-0.14168,1.3718,1.4124,1.453,1.4933,1.5136,1.5339,1.5541,1.5744,1.5947,1.6084,-0.18227,1.6084,1.5734,1.4922,1.4436,1.4233,1.39,1.3495,1.324,1.3037,1.2489,-0.23431,1.188,1.1272,1.0674,1.0268,0.9797,0.89852,0.81733,0.73615,0.65496,0.57378,0.41564,-0.2952,0.51183,0.47124,0.40718,0.32599,0.24481,0.16363,0.098409,0.03752,-0.27654,-0.62157,-0.41034,-0.64341,-0.66774,-0.72863,-0.77711,-0.77711,-0.78337,-0.80366,-0.82396,-0.84425,-0.86455,-0.55241,-0.88485,-0.89254,-0.89254,-0.89254,-0.89254,-0.87571,-0.85541,-0.85406,-0.8533,-0.833,-0.63177,-0.8127,-0.79241,-0.76711,-0.72652,-0.69304,-0.67275,-0.63398,-0.57309,-0.53491,-0.51461,-0.69266,-0.48085,-0.44026,-0.3685,-0.28731,-0.24153,-0.20093,-0.12071,-0.042798,-0.002206,0.038386,-0.75355,0.078978,0.13131,0.21249,0.26972,0.29002,0.34062,0.4218,0.46634,0.48663,0.52126,-0.81443,0.56185,0.60244,0.64304,0.66506,0.68536,0.70566,0.72845,0.76905,0.80502,0.82532,-0.95497,0.84561,0.86591,0.86851,0.84821,0.83888,0.83888,0.8258,0.8055,0.8004,0.8004,-1.0901,0.8004,0.8004,0.78097,0.76193,0.76193,0.76193,0.76193,0.76193,0.76193,0.76193,-1.151,0.76193,0.76193,0.76193,0.76193,0.76193,0.77587,0.79617,0.8004,0.41564,-1.208,-1.2486,-1.2892,-1.3298,-1.3785,-1.4394,-1.4799,-1.5002,-1.5205,-1.5408,0.41564,-1.5611,-1.5814,-1.5686,-1.5483,-1.528,-1.5077,-1.4874,-1.4567,-1.3552,-1.2632,0.41564,-1.2023,-1.1414,-1.0805,-0.96593,-0.78327,-0.64485,-0.54337,-0.44189,-0.34041,-0.16246,0.41564,0.040502,0.17382,0.2956,0.39785,0.50606,0.70902,0.89121,0.97239,1.0536,1.1348,0.41564,1.2313,1.3531,1.4356,1.4762,1.5168,1.5574,1.598,1.6386,1.663,1.6833,0.41564,1.6671,1.6468,1.6265,1.6062,1.5859,1.5613,1.5207,1.4607,1.3593,1.2749,2.0,2.0
0.64821,0.64821,0.64821,0.41481,0.56045,0.68773,0.82061,0.96065,1.0815,1.2336,1.3545,1.4754,1.5914,0.64821,1.686,1.7838,1.8644,1.945,2.0256,2.0774,2.1177,2.158,2.1983,2.2042,0.64821,2.2166,2.2353,2.2353,2.2042,2.2042,1.9319,1.8202,1.6672,1.5034,1.3917,0.64821,1.3002,1.1592,1.0272,0.94477,0.86418,0.7579,0.67186,0.57834,0.47954,0.36782,0.64821,0.27788,0.1755,0.067205,-0.022575,-0.12854,-0.20914,-0.28974,-0.37034,-0.65632,-0.81301,0.64821,-0.89221,-0.95585,-0.99615,-1.0364,-1.0634,-1.0859,-1.1256,-1.1256,-1.1446,-1.1567,0.67061,-1.1567,-1.1567,-1.1813,-1.1852,-1.1567,-1.1567,-1.1567,-1.1256,-1.1082,-1.0679,0.67933,-1.0276,-0.98728,-0.92395,-0.84335,-0.76275,-0.68215,-0.60155,-0.51426,-0.40923,-0.32864,0.67933,-0.21692,-0.12402,-0.003125,0.087121,0.20755,0.34635,0.48047,0.60137,0.73659,0.87429,0.67933,0.99519,1.1054,1.2059,1.2977,1.4094,1.5063,1.6017,1.6823,1.7629,1.8216,0.64821,0.67933,1.893,1.9022,1.9241,1.9516,1.944,1.8782,1.6702,1.5777,1.4411,1.2609,0.67933,1.0917,0.99877,0.84426,0.69473,0.60495,0.48405,0.36315,0.24225,0.12135,0.019281,0.67933,-0.089326,-0.17911,-0.28476,-0.36536,-0.44596,-0.52656,-0.85736,-1.0612,-1.1026,-1.1429,0.67933,-1.1832,-1.2235,-1.2638,-1.3041,-1.3133,-1.3434,-1.3627,-1.3746,-1.3811,-1.4057,0.67933,-1.4057,-1.4368,-1.4368,-1.4368,-1.4368,-1.4282,-1.4057,-1.3788,-1.3696,-1.3293,0.67933,-1.289,-1.2473,-1.1773,-1.1172,-1.0655,-0.98712,-0.89034,-0.79481,-0.71078,-0.58988,0.67933,-0.49077,-0.3792,-0.26733,-0.16853,-0.075011,0.036708,0.13193,0.30045,0.40485,0.5147,0.67933,0.5953,0.70531,0.85733,0.96158,1.0422,1.1539,1.2345,1.3818,1.4891,1.5697,0.64821,1.6316,1.6997,1.7685,1.7685,1.7685,1.7351,1.6832,1.6233,1.5532,1.4103,0.63093,1.3297,1.2228,1.133,0.97154,0.79789,0.64587,0.52497,0.40407,0.28317,0.075296,0.64821,0.59063,-0.020863,-0.14176,-0.25986,-0.34046,-0.48454,-0.59502,-0.67562,-0.75622,-0.83682,-1.1927,0.55033,-1.233,-1.2733,-1.3123,-1.3227,-1.3434,-1.4586,-1.4679,-1.4679,-1.4427,-1.4368,0.51004,-1.4368,-1.4152,-1.4057,-1.3968,-1.3746,-1.3473,-1.307,-1.2667,-1.2264,-1.1861,0.46974,-1.1458,-1.1055,-1.036,-0.9865,-0.9224,-0.85642,-0.77956,-0.72634,-0.64574,-0.59626,0.42944,-0.51566,-0.45358,-0.38558,-0.34186,-0.30156,-0.26126,-0.22096,-0.18066,-0.14036,-0.10006,0.38914,-0.059763,-0.036423,-0.010283,0.034218,0.10144,0.14174,0.18204,0.22234,0.26264,0.24661,0.34884,0.24365,0.24365,0.21907,0.20989,0.18141,0.18141,0.15123,0.14205,0.11917,0.11917,0.30854,0.088055,0.088055,0.088055,0.056935,0.056935,0.056935,0.056935,0.050245,0.025816,0.025816,0.2617,0.025816,0.025816,0.025816,0.025816,0.025816,0.025816,0.025816,-0.005304,-0.005304,-0.005304,0.19682,-0.005304,-0.005304,-0.005304,-0.005304,-0.005304,-0.005304,-0.005304,-0.005304,0.64821,0.13162,0.082142,0.001543,-0.05774,-0.12854,-0.20058,-0.25862,-0.3123,-0.3526,-0.40706,0.64821,-0.46432,-0.50462,-0.54492,-0.58522,-0.62552,-0.69693,-0.73723,-0.77753,-0.84895,-0.88925,0.64821,-0.92955,-0.96985,-1.0102,-1.0505,-1.0634,-1.0945,-1.1091,-1.1256,-1.1567,-1.1678,0.64821,-1.1878,-1.1878,-1.1953,-1.219,-1.219,-1.219,-1.219,-1.1967,-1.1878,-1.1784,0.64821,-1.1567,-1.1289,-1.0886,-1.0483,-1.008,-0.93655,-0.88474,-0.82484,-0.75466,-0.67406,0.64821,-0.61058,-0.54398,-0.43226,-0.35166,-0.24835,-0.15857,-0.037668,0.064093,0.17301,0.29391,2.0,2.0
-2.2966,-2.0159,-1.6129,-0.73643,-0.72105,-0.71303,-0.70302,-0.68698,-0.67425,-0.66622,-0.6582,-0.65018,-0.64216,-1.6049,-0.63414,-0.62612,-0.61868,-0.61868,-0.61868,-0.61868,-0.61545,-0.60742,-0.60396,-0.60396,-1.5889,-0.60396,-0.60396,-0.60396,-0.60396,-0.60396,-0.60396,-0.60396,-0.6008,-0.59278,-0.58925,-1.5741,-0.58925,-0.58343,-0.57541,-0.57453,-0.57409,-0.56606,-0.55804,-0.55002,-0.542,-0.53398,-1.5661,-0.52596,-0.51793,-0.50991,-0.50189,-0.49387,-0.48585,-0.47783,-0.4698,-0.46178,-0.45376,-1.5581,-0.44574,-0.43772,-0.4297,-0.42734,-0.42734,-0.42035,-0.41233,-0.40431,-0.39628,-0.38826,-1.5501,-0.38024,-0.37222,-0.3642,-0.35618,-0.34815,-0.34013,-0.33211,-0.32409,-0.31607,-0.3065,-1.5421,-0.29046,-0.27728,-0.26926,-0.25705,-0.241,-0.22496,-0.20892,-0.19287,-0.17683,-0.16079,-1.534,-0.14474,-0.1287,-0.11266,-0.096613,-0.076448,-0.052383,-0.033764,-0.017721,-0.001677,0.014366,-1.5312,0.030409,0.046453,0.062496,0.078539,0.094583,0.11063,0.12667,0.13734,0.14536,0.16008,-1.7775,-1.5312,0.17612,0.18415,0.19217,0.20019,0.20821,0.21623,0.22425,0.23228,0.2403,0.24832,-1.5312,0.25634,0.26436,0.27238,0.28041,0.28843,0.29645,0.30447,0.30859,0.30859,0.31382,-1.5312,0.32184,0.32986,0.33788,0.3459,0.35393,0.36195,0.36747,0.36747,0.37129,0.37932,-1.5312,0.38734,0.39536,0.40338,0.4114,0.41162,0.41273,0.42075,0.42877,0.43679,0.44481,-1.5312,0.45283,0.46086,0.46888,0.4769,0.48492,0.48522,0.48625,0.49427,0.50229,0.51031,-1.5312,0.51465,0.51465,0.51966,0.52768,0.52937,0.52937,0.53703,0.54409,0.54409,0.54637,-1.5312,0.55439,0.55881,0.55881,0.56374,0.57176,0.57978,0.58781,0.58825,0.58913,0.59715,-1.5312,0.60517,0.61319,0.62122,0.62924,0.63726,0.64528,0.65948,0.67553,0.68407,0.69209,-1.5312,0.70011,0.71026,0.72631,0.73889,0.74691,0.75972,0.77576,0.7857,0.79372,0.80917,-1.5312,0.82522,0.84126,0.8573,0.87335,0.88601,0.89403,0.90676,0.9228,0.93281,0.94083,-1.7534,-1.5261,0.95621,0.97159,0.97962,0.98764,0.99566,1.007,1.023,1.0344,1.0425,1.0505,-1.5181,1.0585,1.0665,1.0746,1.0826,1.0906,1.0986,1.1066,1.1147,1.1227,1.1307,-1.5165,1.1328,1.1328,1.14,1.1476,1.1476,1.1494,1.1574,1.1623,1.1623,1.1623,-1.5165,1.1623,1.1623,1.1623,1.1623,1.1623,1.1623,1.164,1.1721,1.177,1.177,-1.5087,1.177,1.177,1.177,1.177,1.177,1.177,1.177,1.177,1.177,1.177,-1.5007,1.177,1.1813,1.1894,1.1917,1.1917,1.1917,1.1917,1.1917,1.1933,1.2014,-1.4927,1.2064,1.2064,1.2107,1.2187,1.2267,1.2348,1.2428,1.2508,1.2588,1.2684,-1.4847,1.2844,1.2976,1.3056,1.3179,1.3339,1.3499,1.366,1.382,1.3982,1.4223,-1.4766,1.4449,1.4609,1.4798,1.5038,1.5238,1.5398,1.5613,1.5854,1.6027,1.6187,-1.4686,1.6347,1.6494,1.6574,1.6654,1.6735,1.6815,1.6895,1.6868,-1.7294,-1.4606,-1.4526,-1.4445,-1.4365,-1.4285,-1.4205,-1.4125,-1.4044,-1.3988,-1.3988,-1.7053,-1.3951,-1.3871,-1.3841,-1.3841,-1.3777,-1.3697,-1.3617,-1.3537,-1.3456,-1.3399,-1.6852,-1.3399,-1.3363,-1.3283,-1.3202,-1.3122,-1.2979,-1.2819,-1.2734,-1.2645,-1.2485,-1.6692,-1.2325,-1.2164,-1.2004,-1.1843,-1.1683,-1.1522,-1.1362,-1.1201,-1.1041,-1.0881,-1.6478,-1.072,-1.0538,-1.0298,-1.0092,-0.99313,-0.97708,-0.96104,-0.945,-0.92895,-0.91291,-1.6237,-0.89687,-0.88082,-0.86478,-0.84874,-0.83269,-0.81665,-0.80061,-0.78456,-0.76852,-0.75248,3.0,5.0
0.33114,0.26616,0.19887,-0.80974,-0.70657,-0.61992,-0.52893,-0.4246,-0.33437,-0.22607,-0.11777,-0.009469,0.098833,0.19887,0.20713,0.31544,0.42285,0.50999,0.61818,0.70482,0.79147,0.87811,0.96475,1.0312,0.18145,1.0961,1.1611,1.2261,1.2724,1.3157,1.359,1.3848,1.4236,1.4502,1.4555,0.17682,1.4715,1.4619,1.4403,1.4186,1.397,1.3612,1.3179,1.2613,1.2092,1.1534,0.16018,1.0884,1.0234,0.94711,0.86047,0.77383,0.68719,0.60055,0.50448,0.40522,0.30992,0.15477,0.20162,0.093321,-0.01498,-0.12328,-0.23158,-0.33355,-0.42614,-0.52887,-0.6207,-0.7242,0.15477,-0.81084,-0.90151,-1.0062,-1.0928,-1.1795,-1.2661,-1.3506,-1.4173,-1.5026,-1.5667,0.15477,-1.61,-1.6532,-1.6748,-1.7179,-1.7402,-1.7205,-1.7191,-1.6992,-1.6776,-1.6559,0.13967,-1.6343,-1.5943,-1.5689,-1.5297,-1.4863,-1.4262,-1.3776,-1.3183,-1.2533,-1.1731,0.13273,-1.1013,-1.0218,-0.93518,-0.83482,-0.73986,-0.65321,-0.55401,-0.45789,-0.35945,-0.25115,0.26501,0.13273,-0.15387,-0.056592,0.041458,0.13796,0.23679,0.32343,0.41878,0.51876,0.6054,0.69959,0.13273,0.80072,0.88737,0.97401,1.0606,1.1473,1.2287,1.2888,1.3366,1.3975,1.4408,0.13273,1.4842,1.5246,1.5462,1.5657,1.5675,1.5864,1.5647,1.5431,1.5212,1.4779,0.13273,1.4345,1.3912,1.3272,1.2622,1.1972,1.1322,1.0481,0.98023,0.89685,0.79218,0.13273,0.70152,0.61488,0.51137,0.41955,0.31681,0.22422,0.12226,0.013955,-0.094346,-0.18848,0.13273,-0.2889,-0.3972,-0.4925,-0.57914,-0.66578,-0.76427,-0.86111,-0.94775,-1.0344,-1.1107,0.14474,-1.1856,-1.2723,-1.3498,-1.4147,-1.4797,-1.5367,-1.58,-1.6161,-1.6378,-1.6595,0.15477,-1.669,-1.6473,-1.6257,-1.604,-1.5823,-1.5607,-1.5353,-1.4953,-1.4707,-1.4274,0.15477,-1.384,-1.3389,-1.2739,-1.2089,-1.1433,-1.0569,-0.99195,-0.90542,-0.79762,-0.71009,0.15477,-0.62345,-0.5168,-0.42812,-0.32225,-0.21395,-0.12411,-0.019389,0.088912,0.19721,0.30551,0.24412,0.15477,0.39728,0.50007,0.60837,0.7013,0.80293,0.89663,0.98327,1.0699,1.1565,1.2301,0.15477,1.3078,1.3821,1.4352,1.4901,1.5439,1.5765,1.6085,1.6418,1.6635,1.6852,0.15477,1.698,1.698,1.706,1.7124,1.698,1.6911,1.6695,1.6478,1.6261,1.6045,0.15477,1.5778,1.5391,1.5133,1.4699,1.4232,1.3612,1.3153,1.2503,1.1853,1.1188,0.15477,1.0333,0.96833,0.90335,0.83837,0.77339,0.70841,0.64343,0.57845,0.53353,0.49021,0.15477,0.42759,0.40042,0.36024,0.31692,0.29135,0.25233,0.22598,0.20432,0.18266,0.161,0.15477,0.13934,0.13273,0.11807,0.11068,0.096793,0.088636,0.088636,0.075905,0.06659,0.06659,0.15477,0.06659,0.06659,0.055788,0.044544,0.044544,0.044544,0.044544,0.044544,0.044544,0.044544,0.15477,0.044544,0.044544,0.0376,0.022498,0.022498,0.022498,0.022498,0.017483,0.000452,0.000452,0.16177,0.000452,0.000452,-0.002634,-0.021594,-0.021594,-0.021594,-0.021594,-0.021594,0.24296,0.17682,0.17682,0.17682,0.17682,0.17682,0.17214,0.15048,0.12882,0.10716,0.082353,0.24296,0.041789,0.017758,-0.025562,-0.068883,-0.11342,-0.17757,-0.22089,-0.26427,-0.32925,-0.39423,0.24296,-0.45921,-0.52419,-0.58917,-0.65415,-0.71913,-0.78411,-0.84909,-0.93232,-1.0011,-1.0661,0.22361,-1.1311,-1.196,-1.261,-1.3101,-1.3689,-1.4339,-1.4841,-1.5275,-1.5848,-1.6225,0.22091,-1.6574,-1.6879,-1.6971,-1.7092,-1.7191,-1.7078,-1.6862,-1.6645,-1.6327,-1.5894,0.20234,-1.5461,-1.4938,-1.4288,-1.3638,-1.2988,-1.2264,-1.1398,-1.0598,-0.98853,-0.90189,0.0,0.0
-0.43143,-0.47252,-0.57553,-1.8724,-1.8588,-1.8382,-1.8177,-1.7971,-1.7766,-1.7561,-1.7355,-1.7086,-1.6778,-0.58849,-1.647,-1.6257,-1.5991,-1.5658,-1.5247,-1.4929,-1.4621,-1.429,-1.3879,-1.3468,-0.60904,-1.3057,-1.2666,-1.2358,-1.1874,-1.1413,-1.1002,-1.0591,-1.018,-0.97694,-0.93585,-0.62014,-0.89476,-0.85366,-0.81257,-0.77148,-0.73039,-0.69722,-0.66199,-0.62179,-0.59097,-0.5525,-0.63041,-0.51554,-0.48472,-0.4539,-0.42309,-0.39227,-0.36179,-0.34124,-0.3207,-0.29657,-0.26588,-0.64068,-0.25561,-0.23851,-0.21797,-0.19742,-0.18694,-0.17012,-0.1526,-0.14233,-0.13206,-0.12178,-0.65096,-0.11151,-0.10124,-0.081449,-0.066901,-0.056628,-0.046355,-0.045321,-0.039598,-0.029325,-0.019052,-0.66123,-0.017742,-0.012295,-0.003952,-0.003952,-0.003952,0.001219,0.011492,0.021765,0.023627,0.028522,-0.6715,0.038796,0.049069,0.059342,0.069615,0.080992,0.10154,0.11422,0.1245,0.1356,0.15614,-0.68178,0.16911,0.18345,0.20344,0.21372,0.2313,0.25184,0.27211,0.28239,0.29969,0.32024,-0.49334,-0.69205,0.34079,0.35106,0.36809,0.38864,0.40918,0.42973,0.45028,0.47379,0.50461,0.5257,-0.70232,0.54625,0.56949,0.60031,0.62168,0.64816,0.67656,0.69711,0.72683,0.75764,0.78633,-0.7126,0.80687,0.83631,0.86176,0.88416,0.91498,0.9458,0.97152,0.99365,1.0245,1.0469,-0.72287,1.0675,1.0894,1.1202,1.1429,1.168,1.1978,1.2184,1.2467,1.2732,1.2938,-0.73314,1.3143,1.3349,1.3554,1.3755,1.3858,1.4033,1.4201,1.4306,1.4511,1.4647,-0.74342,1.475,1.4853,1.4955,1.4991,1.5023,1.5126,1.5228,1.5267,1.5296,1.5399,-0.75369,1.5308,1.5206,1.5129,1.5129,1.5035,1.4932,1.483,1.4727,1.4624,1.4522,-0.76396,1.4419,1.4316,1.4125,1.3973,1.3852,1.3647,1.3441,1.3236,1.303,1.2825,-0.77424,1.2537,1.2276,1.207,1.1865,1.158,1.1316,1.1111,1.0905,1.0623,1.0356,-0.78451,1.0151,0.99455,0.96656,0.93967,0.91871,0.88789,0.86424,0.84004,0.80936,0.78881,-0.50362,-0.78996,0.76826,0.74772,0.72717,0.70662,0.68608,0.66863,0.65836,0.63823,0.62402,0.61092,-0.79127,0.59038,0.56025,0.52943,0.50371,0.49344,0.49247,0.49247,0.49247,0.49247,0.49247,-0.80154,0.49799,0.50626,0.50626,0.50626,0.50626,0.50626,0.50626,0.50626,0.50626,0.50771,-0.80375,0.51798,0.52005,0.52005,0.52005,0.52005,0.52005,0.52446,0.53384,0.53384,0.53384,-0.80375,0.53798,0.54763,0.54763,0.54763,0.55149,0.56142,0.56142,0.56142,0.565,0.57521,-0.80375,0.57521,0.57521,0.57852,0.58879,0.589,0.589,0.589,0.589,0.59879,0.60279,-0.80375,0.60279,0.60279,0.60279,0.60279,0.60279,0.60279,0.60279,0.60279,0.60279,0.60279,-0.80375,0.60279,0.60279,0.60279,0.60279,0.60279,0.60279,0.60279,0.60279,0.60279,0.60279,-0.80375,0.60279,0.60279,0.60279,0.60279,0.60279,0.60279,0.60279,0.60279,0.60279,0.60279,-0.80375,0.60279,0.60279,0.60334,0.61361,0.62389,0.63037,0.63037,0.63037,-0.51389,-0.80375,-0.80375,-0.80375,-0.80326,-0.79299,-0.78996,-0.78996,-0.78996,-0.78996,-0.78996,-0.52416,-0.78651,-0.77624,-0.76596,-0.76907,-0.81105,-0.92406,-0.97749,-1.0096,-1.0302,-1.0507,-0.53444,-1.1195,-1.1608,-1.1918,-1.2534,-1.2869,-1.3119,-1.3488,-1.4413,-1.4792,-1.5044,-0.54471,-1.527,-1.5578,-1.6063,-1.647,-1.6761,-1.6966,-1.7428,-1.7791,-1.7996,-1.8202,-0.55498,-1.8407,-1.8613,-1.8843,-1.9254,-1.9425,-1.9707,-2.0172,-2.0172,-2.0249,-2.031,-0.56526,-2.0283,-1.9872,-1.9684,-1.9581,-1.9479,-1.9376,-1.9273,-1.917,-1.9066,-1.8861,4.0,4.0
-2.2825,-2.1289,-1.8596,-0.81132,-0.7896,-0.77668,-0.76375,-0.75083,-0.72897,-0.71326,-0.70033,-0.67569,-0.66276,-1.8224,-0.64984,-0.63691,-0.62399,-0.61107,-0.59814,-0.58522,-0.57229,-0.55937,-0.55817,-0.54756,-1.7938,-0.54756,-0.54284,-0.53583,-0.53583,-0.52751,-0.52411,-0.52411,-0.52391,-0.51239,-0.50978,-1.7589,-0.50067,-0.49565,-0.48894,-0.48153,-0.4686,-0.4655,-0.45448,-0.44205,-0.44035,-0.43033,-1.7331,-0.42623,-0.41861,-0.4121,-0.40688,-0.39797,-0.38505,-0.38344,-0.37092,-0.35999,-0.3568,-1.7009,-0.34387,-0.33095,-0.32482,-0.31682,-0.3131,-0.3027,-0.30138,-0.30029,-0.28965,-0.28617,-1.6697,-0.27324,-0.26621,-0.25912,-0.24619,-0.23327,-0.22034,-0.21914,-0.20622,-0.19587,-0.19209,-1.6438,-0.17917,-0.17243,-0.16504,-0.15212,-0.14898,-0.13799,-0.13679,-0.12553,-0.12266,-0.11381,-1.6279,-0.10854,-0.10209,-0.094411,-0.090366,-0.080285,-0.078643,-0.066159,-0.055198,-0.052033,-0.043475,-1.6038,-0.037907,-0.031752,-0.023781,-0.020029,-0.009655,-0.008307,0.003416,0.005673,0.018597,0.026862,-2.1136,-1.5903,0.032723,0.045648,0.058572,0.06203,0.072698,0.085623,0.098547,0.11147,0.1244,0.13732,-1.5774,0.15024,0.16317,0.17609,0.18902,0.20194,0.21487,0.22779,0.24072,0.2496,0.25484,-1.5645,0.26777,0.28069,0.29361,0.30654,0.31946,0.33239,0.34531,0.3551,0.35944,0.37236,-1.5557,0.38529,0.39821,0.41114,0.41372,0.42526,0.43716,0.43939,0.44888,0.44888,0.45472,-1.5503,0.46061,0.46061,0.46061,0.47125,0.47233,0.47233,0.47485,0.48405,0.48405,0.49018,-1.544,0.49578,0.5043,0.5075,0.51843,0.51963,0.53094,0.53376,0.54267,0.54788,0.55439,-1.544,0.56201,0.57493,0.57783,0.58906,0.59026,0.60319,0.613,0.61731,0.63024,0.63645,-1.544,0.64436,0.65729,0.65989,0.67141,0.67261,0.68554,0.69506,0.69506,0.70087,0.70679,-1.544,0.71499,0.71851,0.72912,0.74204,0.75368,0.75617,0.76909,0.78202,0.79494,0.80787,-1.5326,0.82079,0.83372,0.84664,0.84784,0.86077,0.87091,0.87489,0.88782,0.89435,0.90194,-2.0878,-1.5323,0.90607,0.91607,0.9178,0.9178,0.91967,0.92952,0.92952,0.92952,0.92952,0.92952,-1.5302,0.93861,0.94124,0.94124,0.95297,0.95297,0.95634,0.96469,0.97046,0.98339,0.98813,-1.5206,0.99751,0.99986,1.0116,1.0246,1.035,1.0387,1.0516,1.0645,1.0775,1.0819,-1.5161,1.0916,1.1045,1.1171,1.1186,1.1316,1.1405,1.1457,1.1586,1.164,1.164,-1.5031,1.1739,1.1757,1.1874,1.1893,1.1991,1.1991,1.2046,1.2175,1.2226,1.2226,-1.4971,1.2328,1.2343,1.246,1.2482,1.2578,1.2623,1.2695,1.2764,1.2812,1.2906,-1.489,1.2929,1.293,1.3047,1.3047,1.3083,1.3164,1.3224,1.3281,1.3365,1.3398,-1.4761,1.3398,1.3515,1.3515,1.3515,1.3555,1.3633,1.3696,1.375,1.3837,1.3966,-1.4737,1.4096,1.4225,1.4372,1.4601,1.4772,1.5031,1.5289,1.5548,1.5806,1.6167,-1.462,1.644,1.6708,1.7074,1.7366,1.7709,1.791,1.8108,1.8286,-2.0571,-1.4502,-1.4478,-1.4349,-1.4268,-1.4208,-1.4079,-1.4033,-1.3937,-1.3808,-1.3676,-2.0243,-1.3432,-1.3303,-1.3174,-1.3045,-1.2853,-1.2669,-1.254,-1.241,-1.2281,-1.2035,-1.9913,-1.1906,-1.1776,-1.1647,-1.1518,-1.1389,-1.1259,-1.113,-1.1001,-1.0985,-1.086,-1.9609,-1.073,-1.0601,-1.0516,-1.046,-1.0331,-1.0282,-1.0189,-1.006,-1.0047,-0.99302,-1.9255,-0.99068,-0.9813,-0.9813,-0.97535,-0.96958,-0.96958,-0.96002,-0.95786,-0.94613,-0.9447,-1.8975,-0.93441,-0.93057,-0.91765,-0.90472,-0.8918,-0.87887,-0.86595,-0.85302,-0.8401,-0.82718,3.0,5.0
0.9128,0.89794,0.83849,-0.30218,-0.23701,-0.17556,-0.099239,-0.022922,0.039833,0.11485,0.19117,0.27179,0.34911,0.83849,0.43498,0.51862,0.6108,0.69366,0.7803,0.87248,0.9498,1.0286,1.105,1.1813,0.82362,1.2442,1.3191,1.3954,1.4717,1.5386,1.6095,1.6858,1.7557,1.8235,1.885,0.81058,1.9465,1.9931,2.0261,2.0568,2.072,2.0852,2.0099,1.9792,1.889,1.8583,0.80876,1.8127,1.7743,1.7277,1.6662,1.6196,1.5582,1.484,1.4204,1.3441,1.2678,0.79371,1.2063,1.13,1.0686,1.0022,0.93078,0.85446,0.77027,0.69295,0.61563,0.53433,0.76418,0.44613,0.35394,0.009106,-0.068178,-0.12963,-0.19313,-0.2674,-0.32886,-0.39031,-0.46663,0.74931,-0.51322,-0.57468,-0.62707,-0.68273,-0.73311,-0.7787,-0.82429,-0.86988,-0.91547,-0.96106,0.73445,-0.99178,-1.0225,-1.0532,-1.0787,-1.0936,-1.0936,-1.0853,-1.0695,-1.0536,-1.0377,0.71539,-1.007,-0.97629,-0.96043,-0.9297,-0.89897,-0.86583,-0.81924,-0.77264,-0.71119,-0.64973,0.88307,0.69953,-0.58828,-0.51196,-0.44107,-0.36375,-0.28643,-0.20911,-0.13179,-0.039605,0.037715,0.1283,0.6688,0.20722,0.2994,0.39158,0.48376,0.57595,0.66813,0.77517,0.86736,0.94468,1.0369,0.63807,1.1543,1.2373,1.3434,1.4494,1.5406,1.629,1.6821,1.7499,1.7955,1.841,0.60734,1.864,1.864,1.8491,1.8086,1.763,1.7046,1.6442,1.5965,1.5034,1.4142,0.57662,1.323,1.217,1.096,0.96916,0.85602,0.71625,0.59133,0.48154,0.35963,0.23772,0.54589,0.11953,-0.004382,-0.098571,-0.26603,-0.53529,-0.63918,-0.73036,-0.79181,-0.85327,-0.90755,0.51516,-0.96132,-1.0079,-1.0443,-1.075,-1.1058,-1.1216,-1.1375,-1.153,-1.1544,-1.1679,0.48443,-1.1679,-1.1722,-1.1828,-1.1828,-1.1828,-1.1828,-1.1828,-1.1828,-1.1828,-1.1828,0.45371,-1.1679,-1.1535,-1.1525,-1.1367,-1.1208,-1.0936,-1.0787,-1.0583,-1.0425,-1.0117,0.42298,-0.98101,-0.95028,-0.909,-0.87397,-0.83068,-0.79765,-0.75206,-0.70647,-0.65917,-0.61258,0.88307,0.39262,-0.55484,-0.50453,-0.44307,-0.38162,-0.3053,-0.23512,-0.13833,-0.029276,0.12436,0.29286,0.37639,0.47511,0.67422,0.87178,1.0469,1.2749,1.49,1.6804,1.8163,1.8778,1.9006,0.34566,1.8699,1.8144,1.753,1.6647,1.5725,1.4515,1.2988,1.1749,1.0213,0.86765,0.31155,0.70993,0.54552,0.39188,0.27506,0.12919,-0.024446,-0.17808,-0.33172,-0.47324,-0.61102,0.26934,-0.69008,-0.96035,-1.0218,-1.0833,-1.1447,-1.1913,-1.2326,-1.2634,-1.2868,-1.3017,0.23861,-1.3017,-1.312,-1.3165,-1.3165,-1.3165,-1.3165,-1.3165,-1.3151,-1.3017,-1.2868,0.20789,-1.2719,-1.2516,-1.2357,-1.2199,-1.1976,-1.1733,-1.153,-1.1267,-1.096,-1.0652,0.17716,-1.0345,-0.98892,-0.95656,-0.90997,-0.86338,-0.81678,-0.76098,-0.71539,-0.66214,-0.60934,0.14643,-0.55409,-0.5033,-0.44605,-0.39726,-0.338,-0.29122,-0.24481,-0.20004,-0.15445,-0.12372,0.1157,-0.092997,-0.06227,-0.031542,-0.015677,0.000188,0.006207,0.006207,0.021069,0.88307,0.084977,0.042843,0.00866,-0.035481,-0.067657,-0.098385,-0.13067,-0.1747,-0.20543,-0.23616,0.87806,-0.26688,-0.31247,-0.3432,-0.38879,-0.43438,-0.49056,-0.53715,-0.58601,-0.6316,-0.67719,0.86821,-0.70792,-0.73865,-0.76937,-0.8001,-0.83083,-0.86156,-0.89228,-0.92301,-0.9686,-0.99933,0.86821,-1.0449,-1.0756,-1.0936,-1.1222,-1.1233,-1.1382,-1.1362,-1.1233,-1.1085,-1.1035,0.85335,-1.0876,-1.0787,-1.0639,-1.049,-1.0242,-1.0083,-0.97759,-0.94686,-0.91614,-0.87055,0.85335,-0.82496,-0.79211,-0.74552,-0.69893,-0.65233,-0.60574,-0.55142,-0.49769,-0.43624,-0.37478,2.0,0.0
-0.2361,-0.29063,-0.33997,-1.5789,-1.5607,-1.5496,-1.5392,-1.521,-1.5028,-1.4847,-1.4745,-1.4632,-1.445,-0.33997,-1.4324,-1.4233,-1.4053,-1.3871,-1.3689,-1.3573,-1.3474,-1.3292,-1.3111,-1.2929,-0.34516,-1.2747,-1.2565,-1.2384,-1.2252,-1.2161,-1.1987,-1.1805,-1.1623,-1.1442,-1.126,-0.35425,-1.1078,-1.0861,-1.0588,-1.0384,-1.0203,-1.0021,-0.97946,-0.95219,-0.93272,-0.91454,-0.36333,-0.89637,-0.87819,-0.86002,-0.84184,-0.82663,-0.81754,-0.80215,-0.78453,-0.77544,-0.76246,-0.37242,-0.74428,-0.73334,-0.72277,-0.70459,-0.69124,-0.68215,-0.67307,-0.66157,-0.64339,-0.63096,-0.38151,-0.62188,-0.6037,-0.58886,-0.57978,-0.56401,-0.54583,-0.52766,-0.50948,-0.49131,-0.47313,-0.3906,-0.45496,-0.43678,-0.41341,-0.38615,-0.35888,-0.33162,-0.30436,-0.27709,-0.24946,-0.21311,-0.39969,-0.18046,-0.1532,-0.11889,-0.082537,-0.046186,-0.009834,0.026518,0.062869,0.099221,0.13557,-0.40877,0.17192,0.20828,0.25353,0.29582,0.33217,0.36852,0.40487,0.44122,0.47757,0.51393,-0.32513,-0.41786,0.55028,0.58663,0.62298,0.65933,0.69568,0.72369,0.75355,0.7899,0.82625,0.86242,-0.42695,0.88968,0.92047,0.95682,0.98631,1.0136,1.0408,1.0726,1.1089,1.1297,1.1499,-0.44309,1.1772,1.2044,1.2317,1.2502,1.2684,1.2866,1.3048,1.3229,1.3411,1.3593,-0.45996,1.3775,1.3884,1.399,1.4172,1.4305,1.4396,1.4487,1.4578,1.4669,1.4702,-0.46905,1.4702,1.4793,1.485,1.485,1.485,1.485,1.485,1.485,1.485,1.4774,-0.47814,1.4683,1.4593,1.4502,1.4411,1.4405,1.435,1.4168,1.4047,1.3956,1.3865,-0.48723,1.3738,1.3556,1.3444,1.3341,1.3159,1.3023,1.2933,1.2762,1.258,1.2398,-0.50429,1.2217,1.2035,1.1853,1.164,1.1367,1.116,1.097,1.0698,1.0466,1.0284,-0.52247,1.0028,0.97555,0.94829,0.92603,0.90786,0.88134,0.85667,0.83849,0.82032,0.80214,-0.54064,0.78397,0.76579,0.74761,0.72944,0.71126,0.69309,0.67491,0.65674,0.64635,0.63726,-0.32513,-0.55882,0.62817,0.61371,0.59553,0.58607,0.57698,0.5679,0.55881,0.55028,0.55028,0.54638,-0.57699,0.53729,0.53544,0.53544,0.53544,0.53062,0.52153,0.5206,0.5206,0.5206,0.5206,-0.58627,0.5206,0.52969,0.53544,0.53544,0.53544,0.53637,0.54546,0.55028,0.55028,0.55028,-0.59535,0.55213,0.56122,0.56511,0.56511,0.57365,0.57995,0.57995,0.57995,0.57995,0.57995,-0.60444,0.58366,0.59275,0.59479,0.59479,0.59479,0.59479,0.59479,0.60276,0.60963,0.60963,-0.62002,0.60963,0.60963,0.61853,0.62446,0.62446,0.63096,0.6393,0.6393,0.64338,0.65247,-0.63968,0.65414,0.65581,0.6649,0.66898,0.66898,0.67732,0.68381,0.68381,0.68381,0.684,-0.67603,0.69309,0.69865,0.69865,0.69865,0.69865,0.69865,0.69865,0.69865,0.69865,0.69865,-0.70014,0.69865,0.70403,0.71312,0.71349,0.71349,0.71349,0.71349,0.71349,0.71349,0.71349,-0.70923,0.71349,0.71349,0.71349,0.71349,0.71831,0.7274,0.73649,0.74557,-0.32513,-0.7109,-0.72425,-0.79696,-0.83461,-0.8437,-0.86113,-0.87671,-0.8858,-0.90082,-0.91974,-0.32513,-0.97426,-1.0182,-1.0455,-1.0659,-1.0852,-1.1124,-1.1486,-1.194,-1.2239,-1.2512,-0.32513,-1.2784,-1.3218,-1.3764,-1.396,-1.4172,-1.4444,-1.4717,-1.4984,-1.5166,-1.5542,-0.32513,-1.6178,-1.6453,-1.6694,-1.7239,-1.7543,-1.7634,-1.7725,-1.7816,-1.7907,-1.7998,-0.32513,-1.8089,-1.8089,-1.8022,-1.784,-1.7725,-1.7634,-1.7543,-1.7453,-1.7362,-1.7271,-0.33273,-1.7161,-1.698,-1.685,-1.6759,-1.6583,-1.6429,-1.6338,-1.6186,-1.6008,-1.5917,4.0,4.0
0.55384,0.58303,0.63016,1.1453,1.2278,1.3007,1.3737,1.4467,1.5134,1.5701,1.6139,1.6577,1.7015,0.63807,1.7424,1.7716,1.7878,1.7939,1.7939,1.7939,1.7798,1.717,1.6449,1.6011,0.64923,1.5573,1.5028,1.4444,1.3769,1.2456,1.15,1.0625,0.97489,0.88732,0.78669,0.64923,0.67594,0.56329,0.46113,0.34475,0.228,0.11649,0.013567,-0.10319,-0.20907,-0.31123,0.66278,-0.43819,-0.73008,-0.8537,-0.93373,-1.0067,-1.0797,-1.1526,-1.2169,-1.2753,-1.3337,0.66831,-1.3778,-1.4215,-1.46,-1.4883,-1.5029,-1.5175,-1.5256,-1.5236,-1.509,-1.4944,0.66831,-1.4646,-1.4208,-1.377,-1.3332,-1.2719,-1.1989,-1.1259,-1.0386,-0.951,-0.85799,0.66841,-0.75679,-0.66922,-0.55952,-0.44935,-0.34719,-0.24503,-0.14287,-0.040709,0.064695,0.18145,0.683,0.2715,0.36793,0.47009,0.57225,0.65992,0.74748,0.82952,0.90249,0.97546,1.0484,0.68739,1.1214,1.1922,1.2506,1.2966,1.3404,1.3842,1.428,1.4583,1.4785,1.4931,0.60211,0.68739,1.5077,1.5077,1.4976,1.483,1.4638,1.3909,1.3292,1.2708,1.1987,1.0527,0.68739,0.95638,0.86882,0.77782,0.67566,0.57349,0.47133,0.36917,0.26701,0.16485,0.062692,0.68739,-0.039469,-0.14163,-0.24379,-0.34595,-0.44811,-0.59797,-0.99201,-1.1112,-1.1841,-1.2571,0.68739,-1.3301,-1.3894,-1.4386,-1.4777,-1.5069,-1.5361,-1.555,-1.5638,-1.5638,-1.5638,0.68739,-1.5523,-1.5377,-1.5207,-1.4915,-1.4497,-1.4059,-1.3585,-1.3001,-1.228,-1.155,0.68739,-1.0821,-1.0088,-0.92124,-0.83367,-0.7461,-0.65711,-0.55495,-0.46433,-0.3697,-0.27012,0.68739,-0.18255,-0.082298,0.011659,0.10295,0.20511,0.29344,0.381,0.46857,0.55613,0.6437,0.68739,0.73127,0.81883,0.9064,0.99397,1.0699,1.1429,1.2132,1.2715,1.3299,1.3883,0.67938,1.4429,1.4866,1.5165,1.5457,1.5699,1.5845,1.5991,1.6031,1.6031,1.6015,0.66478,1.5869,1.5606,1.5241,1.4803,1.4366,1.3928,1.3406,1.2783,1.2053,1.1324,0.61108,0.65019,1.0594,0.98137,0.89438,0.82141,0.73775,0.65019,0.56434,0.49137,0.40657,0.319,0.63559,0.23143,0.14387,0.056301,-0.039755,-0.13791,-0.22548,-0.56716,-0.73437,-0.80219,-0.86124,0.61184,-0.93421,-0.98562,-1.0294,-1.0732,-1.117,-1.1608,-1.1971,-1.2263,-1.2555,-1.2716,0.56396,-1.2948,-1.3199,-1.3345,-1.3491,-1.3539,-1.3539,-1.3539,-1.3539,-1.343,-1.3284,0.47715,-1.3119,-1.2828,-1.2415,-1.1978,-1.154,-1.1102,-1.0664,-1.014,-0.95138,-0.87841,0.44796,-0.81974,-0.75154,-0.68391,-0.62553,-0.56716,-0.50878,-0.44391,-0.37295,-0.31457,-0.2683,0.40847,-0.21689,-0.16166,-0.11788,-0.074094,-0.030311,0.013472,0.057255,0.10104,0.12498,0.13957,0.34142,0.15417,0.16876,0.17229,0.17229,0.17229,0.17229,0.17229,0.17229,0.17229,0.17229,0.24326,0.15894,0.15322,0.15322,0.15322,0.15322,0.15322,0.15322,0.15322,0.15322,0.14205,0.18488,0.13414,0.13414,0.13414,0.12183,0.10724,0.092644,0.078049,0.063455,0.61108,0.069274,-0.034222,-0.10719,-0.18017,-0.26573,-0.34519,-0.42178,-0.50935,-0.58318,-0.65615,0.61108,-0.72912,-0.8021,-0.87507,-0.94804,-1.0151,-1.0735,-1.1319,-1.1787,-1.2225,-1.2637,0.62233,-1.2929,-1.3221,-1.3512,-1.3767,-1.3913,-1.3921,-1.4014,-1.4063,-1.3917,-1.3771,0.63016,-1.3625,-1.3419,-1.3112,-1.2674,-1.2236,-1.1727,-1.1143,-1.0559,-0.98476,-0.91179,0.63016,-0.835,-0.74744,-0.65987,-0.56286,-0.4607,-0.35854,-0.25638,-0.15422,-0.045955,0.069178,0.63016,0.17134,0.2735,0.38291,0.49413,0.5817,0.68214,0.7843,0.88255,0.97012,1.0577,2.0,2.0
1.7502,1.6831,1.4952,-0.92227,-0.94939,-0.96913,-0.99788,-1.0266,-1.0473,-1.0735,-1.0962,-1.1204,-1.1451,1.4856,-1.1672,-1.1941,-1.2124,-1.222,-1.2409,-1.2601,-1.2793,-1.2921,-1.307,-1.3219,1.4408,-1.3347,-1.3517,-1.3624,-1.3815,-1.3911,-1.4006,-1.4102,-1.4198,-1.4294,-1.4345,1.3929,-1.4379,-1.4475,-1.4571,-1.4663,-1.4663,-1.4663,-1.4742,-1.4769,-1.4827,-1.4875,1.3652,-1.4838,-1.4742,-1.4663,-1.4657,-1.4561,-1.4465,-1.437,-1.4274,-1.4178,-1.4082,1.3289,-1.3986,-1.3891,-1.3795,-1.3699,-1.3603,-1.3507,-1.3412,-1.3316,-1.3157,-1.3018,1.295,-1.2922,-1.2826,-1.2731,-1.2635,-1.2538,-1.2346,-1.2241,-1.2145,-1.205,-1.1954,1.2577,-1.1813,-1.1656,-1.156,-1.1464,-1.1365,-1.1173,-1.1071,-1.0975,-1.0811,-1.0677,1.2036,-1.0581,-1.0448,-1.0284,-1.0188,-1.0092,-0.99963,-0.99005,-0.98047,-0.96377,-0.95069,1.1782,-0.94111,-0.93153,-0.92195,-0.91237,-0.90279,-0.89321,-0.88363,-0.87404,-0.86446,-0.85488,1.6332,1.1228,-0.8453,-0.83572,-0.82614,-0.81656,-0.80698,-0.7974,-0.78782,-0.77824,-0.7763,-0.76969,1.1037,-0.76011,-0.75507,-0.75157,-0.74445,-0.74302,-0.73384,-0.73384,-0.7249,-0.71532,-0.70573,1.0482,-0.69615,-0.68657,-0.68076,-0.67803,-0.66845,-0.65887,-0.64929,-0.63971,-0.62195,-0.60993,1.0229,-0.59424,-0.57508,-0.55592,-0.53676,-0.5176,-0.49844,-0.47928,-0.46012,-0.44096,-0.42179,0.9827,-0.40263,-0.38347,-0.36001,-0.33453,-0.31314,-0.2856,-0.26644,-0.24727,-0.21941,-0.19834,0.95271,-0.17918,-0.16001,-0.14085,-0.12522,-0.11315,-0.095445,-0.08544,-0.066278,-0.056087,-0.046507,0.93355,-0.030026,-0.01673,-0.00715,0.002431,0.012011,0.021592,0.030483,0.030483,0.039718,0.041098,0.89878,0.048264,0.057844,0.067425,0.072945,0.07597,0.085551,0.095131,0.10471,0.11429,0.12387,0.85277,0.13345,0.14303,0.15261,0.1622,0.17178,0.18136,0.19216,0.21113,0.22071,0.23029,0.83177,0.23987,0.25612,0.26965,0.27923,0.29237,0.30901,0.32008,0.33924,0.3584,0.36856,1.6153,0.80383,0.3861,0.39834,0.41381,0.43297,0.44831,0.46068,0.47984,0.49828,0.50787,0.52671,0.78467,0.54587,0.56503,0.58419,0.60335,0.61843,0.63106,0.65022,0.66938,0.68854,0.7077,0.72814,0.72686,0.74603,0.76519,0.78435,0.80351,0.82267,0.84183,0.86099,0.88015,0.89931,0.70388,0.92723,0.94825,0.96073,0.97596,0.99512,1.0143,1.0334,1.0526,1.0718,1.0909,0.68472,1.1101,1.1292,1.1484,1.1617,1.1761,1.1953,1.2144,1.2318,1.2421,1.2613,0.66556,1.2805,1.2914,1.3082,1.3212,1.3359,1.355,1.3742,1.3913,1.4009,1.4105,0.62559,1.4296,1.4403,1.4498,1.4594,1.469,1.4786,1.4882,1.4977,1.5073,1.5169,0.58478,1.5265,1.5361,1.5456,1.5552,1.5648,1.5744,1.584,1.5935,1.6031,1.6127,0.55309,1.6223,1.6319,1.6415,1.651,1.6606,1.6702,1.6759,1.6787,1.6883,1.6979,0.50399,1.7075,1.7171,1.7266,1.7362,1.7458,1.7502,1.7543,1.7639,1.6057,0.48164,0.43374,0.38584,0.37222,0.3325,0.2911,0.25277,0.21445,0.18972,0.18735,1.5961,0.17247,0.12602,0.12602,0.090673,0.075758,0.039108,0.014135,0.004554,-0.012351,-0.035838,1.5689,-0.043826,-0.044384,-0.053964,-0.081751,-0.094357,-0.12504,-0.14536,-0.15495,-0.16453,-0.17411,1.5345,-0.18369,-0.19656,-0.24446,-0.24552,-0.28719,-0.3205,-0.33045,-0.33568,-0.3788,-0.43976,1.5226,-0.45146,-0.47063,-0.48979,-0.50895,-0.52811,-0.54727,-0.57296,-0.59621,-0.61983,-0.64857,1.5047,-0.67731,-0.7047,-0.72418,-0.75292,-0.78166,-0.80258,-0.82853,-0.85151,-0.8754,-0.90045,1.0,1.0
-2.0405,-1.9182,-1.6965,-0.77005,-0.76064,-0.75201,-0.75201,-0.75201,-0.75201,-0.75201,-0.74544,-0.7417,-0.7417,-1.6683,-0.73784,-0.73139,-0.72933,-0.72108,-0.72083,-0.71142,-0.70201,-0.69261,-0.6832,-0.6738,-1.64,-0.66439,-0.65498,-0.64558,-0.63372,-0.61646,-0.60641,-0.5876,-0.57793,-0.56028,-0.54881,-1.6207,-0.53941,-0.52446,-0.51029,-0.50088,-0.49147,-0.48207,-0.47266,-0.46338,-0.46338,-0.45475,-1.5939,-0.44534,-0.44277,-0.44277,-0.43774,-0.43246,-0.43246,-0.43014,-0.42215,-0.42164,-0.41223,-1.5728,-0.41184,-0.40373,-0.39432,-0.38491,-0.37551,-0.3661,-0.3567,-0.34729,-0.33788,-0.32848,-1.554,-0.31907,-0.30026,-0.28995,-0.27294,-0.26083,-0.24563,-0.23171,-0.21831,-0.1995,-0.18288,-1.5352,-0.17218,-0.15376,-0.14435,-0.13494,-0.11755,-0.10582,-0.096418,-0.087012,-0.077606,-0.0682,-1.5207,-0.058794,-0.051063,-0.05029,-0.040883,-0.031477,-0.030447,-0.022973,-0.020139,-0.020139,-0.015371,-1.5113,-0.009831,-0.009831,-0.009831,-0.009831,-0.009831,-0.009831,-0.001069,0.000478,0.000478,0.006534,-1.8895,-1.5019,0.010786,0.015038,0.024444,0.03385,0.043256,0.052662,0.062068,0.080622,0.091188,0.10794,-1.4925,0.12031,0.13526,0.15407,0.16914,0.18138,0.2002,0.21901,0.23769,0.2471,0.26514,-1.4831,0.28395,0.29593,0.31126,0.32505,0.33446,0.34386,0.35327,0.36268,0.37208,0.38149,-1.4737,0.39089,0.4003,0.40971,0.4128,0.41821,0.42762,0.43702,0.44643,0.45403,0.45493,-1.4736,0.46434,0.47375,0.47465,0.48225,0.49166,0.50106,0.51047,0.51987,0.52928,0.54088,-1.4736,0.5584,0.56781,0.57721,0.58662,0.60401,0.61574,0.63133,0.64486,0.65426,0.66715,-1.4661,0.68338,0.69279,0.70297,0.72178,0.73132,0.74072,0.75013,0.75954,0.76894,0.77835,-1.4633,0.78775,0.7942,0.79626,0.80566,0.81507,0.82448,0.82512,0.83298,0.83543,0.83543,-1.4576,0.84058,0.84574,0.84574,0.84818,0.85604,0.85604,0.85604,0.86519,0.86635,0.86635,-1.453,0.86635,0.86635,0.87099,0.87666,0.87666,0.87666,0.87666,0.87666,0.87666,0.87666,-1.8707,-1.453,0.87666,0.87666,0.87666,0.87666,0.88078,0.88697,0.88697,0.88839,0.89728,0.89728,-1.45,0.89728,0.90539,0.90758,0.9139,0.91789,0.9224,0.9282,0.93091,0.94031,0.94882,-1.4426,0.94882,0.95822,0.96763,0.96943,0.97613,0.97974,0.98464,0.99404,1.0004,1.0025,-1.4415,1.0107,1.0107,1.0107,1.0196,1.021,1.021,1.021,1.021,1.021,1.021,-1.4323,1.021,1.0226,1.0321,1.0415,1.0509,1.0603,1.0697,1.0791,1.0942,1.1082,-1.4323,1.1215,1.1373,1.1488,1.1664,1.1761,1.1949,1.2137,1.2325,1.2514,1.2641,-1.4236,1.2787,1.2975,1.3163,1.3327,1.3436,1.3618,1.3712,1.3897,1.4086,1.42,-1.422,1.4359,1.4491,1.4632,1.4783,1.4877,1.499,1.5168,1.5262,1.5356,1.545,-1.4151,1.5544,1.5638,1.5732,1.5826,1.592,1.6014,1.6108,1.6203,1.6297,1.6391,-1.4117,1.6485,1.6579,1.6673,1.6767,1.6861,1.6955,1.7049,1.7089,-1.8452,-1.4117,-1.4117,-1.4117,-1.4117,-1.4117,-1.4117,-1.4117,-1.4117,-1.4117,-1.4117,-1.8228,-1.4117,-1.4117,-1.4117,-1.4117,-1.4117,-1.4117,-1.4107,-1.4014,-1.4014,-1.3928,-1.799,-1.3834,-1.374,-1.3646,-1.3552,-1.3416,-1.326,-1.3143,-1.2969,-1.287,-1.2682,-1.7708,-1.2494,-1.2306,-1.219,-1.2032,-1.1844,-1.1656,-1.1468,-1.128,-1.1074,-1.0801,-1.7426,-1.0612,-1.0424,-1.0236,-1.0048,-0.9793,-0.95688,-0.93807,-0.92325,-0.91075,-0.89194,-1.7166,-0.87442,-0.86462,-0.84581,-0.83589,-0.82648,-0.81708,-0.80767,-0.79827,-0.78886,-0.77945,3.0,5.0
-0.050522,-0.050522,-0.064291,0.85432,0.97267,1.0714,1.17,1.2619,1.3412,1.4398,1.525,1.5968,1.656,-0.076749,1.7152,1.7744,1.8263,1.8658,1.9053,1.9165,1.9241,1.9416,1.9219,1.9022,-0.076749,1.8824,1.8613,1.8218,1.7093,1.5955,1.5149,1.4162,1.3176,1.2105,1.0921,-0.076749,0.97366,0.85524,0.72817,0.59218,0.47376,0.33994,0.2107,0.092286,-0.02613,-0.14455,-0.076749,-0.35476,-0.64096,-0.73964,-0.82239,-0.90134,-0.97733,-1.0365,-1.0796,-1.119,-1.1553,-0.076749,-1.175,-1.1948,-1.2045,-1.201,-1.1813,-1.1616,-1.1316,-1.0921,-1.0527,-0.99621,-0.076749,-0.93701,-0.8738,-0.79485,-0.73315,-0.65244,-0.55802,-0.47908,-0.40013,-0.31017,-0.21149,-0.076749,-0.11281,-0.014131,0.084549,0.18323,0.28191,0.38059,0.47927,0.57795,0.67663,0.77531,-0.091043,0.87399,0.97267,1.0714,1.1515,1.2304,1.3094,1.3883,1.4484,1.5076,1.5669,-0.10298,1.6261,1.6662,1.7057,1.7451,1.7846,1.8047,1.8116,1.818,1.8377,1.8378,-0.050522,-0.10298,1.8247,1.7653,1.6276,1.5684,1.5092,1.4431,1.3626,1.2047,1.0877,0.98906,-0.10298,0.88973,0.77131,0.6529,0.53448,0.41606,0.29765,-0.13235,-0.50852,-0.6072,-0.70588,-0.10298,-0.79013,-0.86908,-0.94802,-1.027,-1.0912,-1.1422,-1.1817,-1.2212,-1.2607,-1.2917,-0.10298,-1.3094,-1.3094,-1.3094,-1.3094,-1.3072,-1.2875,-1.2677,-1.248,-1.2258,-1.1863,-0.10298,-1.1468,-1.0981,-1.0417,-1.0022,-0.94671,-0.8875,-0.82829,-0.76909,-0.69362,-0.62444,-0.10298,-0.56195,-0.48301,-0.40407,-0.32512,-0.24618,-0.16723,-0.088289,-0.009345,0.069599,0.14854,-0.11779,0.24454,0.33266,0.4116,0.49055,0.56949,0.64844,0.72738,0.80632,0.88527,0.96421,-0.1292,1.0386,1.0978,1.157,1.2162,1.2754,1.3346,1.3938,1.4414,1.4809,1.5204,-0.13104,1.5598,1.5993,1.6334,1.6531,1.6729,1.6805,1.6861,1.7059,1.7067,1.6571,-0.15078,1.5959,1.5762,1.4416,1.354,1.2702,1.132,0.95503,0.82908,0.7304,0.63172,-0.050522,-0.17051,0.53304,0.43436,0.33568,0.237,0.13831,0.039635,-0.052096,-0.13609,-0.43213,-0.56373,-0.19025,-0.62293,-0.68142,-0.72089,-0.76036,-0.79984,-0.83833,-0.85806,-0.89203,-0.91602,-0.91727,-0.21208,-0.93701,-0.94225,-0.94225,-0.94225,-0.94225,-0.9275,-0.91602,-0.91425,-0.89452,-0.87478,-0.25155,-0.84652,-0.80908,-0.78935,-0.75433,-0.71486,-0.67539,-0.63592,-0.59644,-0.55697,-0.5175,-0.33706,-0.47803,-0.42275,-0.37286,-0.33338,-0.29391,-0.25444,-0.21497,-0.1755,-0.13602,-0.096551,-0.40918,-0.057079,-0.017607,0.021866,0.044749,0.064485,0.087827,0.1273,0.14992,0.16966,0.18939,-0.45101,0.20913,0.21175,0.20113,0.18552,0.18552,0.18552,0.17464,0.1593,0.1593,0.1593,-0.51022,0.1593,0.1593,0.1593,0.1593,0.1593,0.1593,0.1593,0.1593,0.1593,0.1593,-0.55382,0.1593,0.1593,0.1593,0.1593,0.1593,0.1593,0.1593,0.1593,0.1593,0.14035,-0.60241,0.13307,0.13307,0.13307,0.13307,0.13307,0.12684,0.1071,0.10684,-0.050522,-0.66162,-0.72083,-0.7959,-0.86547,-0.92756,-1.0065,-1.0693,-1.1382,-1.214,-1.2732,-0.050522,-1.3324,-1.3916,-1.4474,-1.4869,-1.543,-1.5819,-1.6053,-1.6447,-1.6673,-1.6975,-0.050522,-1.7291,-1.7291,-1.7462,-1.7553,-1.7553,-1.7553,-1.7379,-1.7291,-1.7202,-1.6807,-0.050522,-1.6589,-1.628,-1.5885,-1.549,-1.4916,-1.4324,-1.3732,-1.314,-1.2365,-1.1693,-0.050522,-1.1049,-1.0259,-0.92848,-0.8418,-0.75735,-0.65867,-0.55999,-0.47357,-0.38885,-0.29017,-0.050522,-0.19149,-0.092813,0.011899,0.13032,0.22945,0.32814,0.43311,0.55153,0.6504,0.74908,2.0,0.0
0.39692,0.26347,0.20863,1.103,1.1793,1.2409,1.2981,1.3497,1.389,1.4462,1.4876,1.5257,1.5638,0.20863,1.5996,1.6187,1.6547,1.6803,1.6994,1.7114,1.6923,1.6733,1.6542,1.626,0.20863,1.5878,1.5497,1.5116,1.4586,1.3911,1.3207,1.2607,1.1654,1.0861,0.99826,0.20863,0.90294,0.80503,0.69065,0.57626,0.46188,0.35573,0.25288,0.11943,0.022692,-0.086515,0.20863,-0.2009,-0.31034,-0.40614,-0.52052,-0.60478,-0.69163,-0.78083,-0.85544,-0.91263,-0.98606,0.20863,-1.0388,-1.0842,-1.1386,-1.1767,-1.1974,-1.2294,-1.2591,-1.2781,-1.2972,-1.2977,0.20863,-1.2977,-1.288,-1.269,-1.2499,-1.2308,-1.1965,-1.1583,-1.1202,-1.0802,-1.023,0.20863,-0.96582,-0.90863,-0.84391,-0.77071,-0.71352,-0.63867,-0.56242,-0.47745,-0.38637,-0.31011,0.20863,-0.23385,-0.14324,-0.057801,0.023869,0.11825,0.19451,0.2863,0.37056,0.4534,0.54661,0.20863,0.62286,0.69912,0.77538,0.85163,0.92789,1.0041,1.0804,1.1432,1.2094,1.2812,0.23216,0.20863,1.3384,1.3765,1.4292,1.4763,1.5144,1.5525,1.5907,1.613,1.6321,1.6512,0.20863,1.6702,1.6893,1.6745,1.6554,1.6363,1.6173,1.5982,1.561,1.5229,1.4756,0.20863,1.4184,1.361,1.2847,1.2084,1.1218,1.0265,0.93119,0.83586,0.72454,0.62169,0.1938,0.51224,0.38138,0.267,0.15261,0.025517,-0.099695,-0.21408,-0.32847,-0.44285,-0.55724,0.18509,-0.66221,-0.75753,-0.85285,-0.94817,-1.0284,-1.1047,-1.1748,-1.232,-1.2892,-1.3302,0.17921,-1.3801,-1.43,-1.4653,-1.4843,-1.5208,-1.546,-1.5566,-1.5606,-1.5796,-1.5615,0.16014,-1.5566,-1.5469,-1.5279,-1.5088,-1.4897,-1.4554,-1.4172,-1.3791,-1.341,-1.3029,0.14108,-1.2483,-1.1911,-1.1339,-1.0736,-0.99736,-0.93876,-0.86838,-0.79213,-0.72011,-0.66291,0.12201,-0.58689,-0.51064,-0.43438,-0.35271,-0.25833,-0.18207,-0.10581,-0.029558,0.046699,0.12084,0.10295,0.17803,0.25193,0.31595,0.37314,0.43034,0.48753,0.54472,0.60192,0.65016,0.68829,0.22204,0.083886,0.72642,0.76455,0.80268,0.84081,0.87894,0.91589,0.93495,0.96978,0.99662,1.0157,0.049288,1.0347,1.0538,1.0729,1.0919,1.111,1.1301,1.1491,1.1682,1.1873,1.2063,-0.084162,1.2254,1.2445,1.2635,1.2826,1.3016,1.3148,1.3162,1.3353,1.3224,1.3033,-0.18325,1.2842,1.2626,1.2244,1.2035,1.1717,1.1254,1.0719,1.0338,0.97732,0.92012,-0.25315,0.85352,0.7822,0.72454,0.64828,0.57202,0.49577,0.41951,0.34325,0.267,0.19074,-0.30211,0.12625,0.061762,-0.01167,-0.068863,-0.12606,-0.1703,-0.21691,-0.2701,-0.30823,-0.32776,-0.344,-0.34682,-0.36589,-0.38495,-0.40402,-0.42308,-0.42685,-0.43767,-0.45038,-0.45038,-0.45038,-0.40119,-0.43391,-0.42685,-0.42685,-0.42685,-0.42685,-0.42685,-0.42685,-0.42685,-0.42685,-0.42685,-0.45839,-0.40802,-0.41767,-0.42685,-0.42685,-0.42685,-0.42685,-0.42685,-0.42685,-0.43344,-0.45038,-0.52946,-0.45038,-0.45038,-0.45038,-0.45815,-0.47392,-0.47392,-0.49181,-0.49746,0.20863,-0.59631,-0.65844,-0.7347,-0.81096,-0.88721,-0.97406,-1.0633,-1.1412,-1.2365,-1.3156,0.20863,-1.3918,-1.4608,-1.5208,-1.5971,-1.6559,-1.7002,-1.7383,-1.7724,-1.7915,-1.8105,0.20863,-1.8296,-1.8294,-1.8155,-1.8141,-1.7759,-1.7378,-1.6997,-1.6616,-1.6215,-1.5643,0.20863,-1.5072,-1.438,-1.3617,-1.2885,-1.2313,-1.1565,-1.0802,-1.004,-0.92346,-0.82814,0.20863,-0.75165,-0.66103,-0.56571,-0.47039,-0.37507,-0.27975,-0.16889,-0.065568,0.029753,0.12719,0.20863,0.24158,0.33925,0.43457,0.5299,0.62522,0.72054,0.79797,0.87423,0.95049,1.0267,0.0,0.0
0.16402,0.16402,0.10212,0.30844,0.39768,0.48836,0.568,0.64764,0.72728,0.80692,0.8813,0.94557,1.0214,0.10212,1.0811,1.1409,1.2006,1.2594,1.2992,1.339,1.3789,1.4187,1.4405,1.4605,0.10212,1.4804,1.4845,1.4845,1.4845,1.4709,1.451,1.4189,1.3791,1.3392,1.2894,0.10212,1.2297,1.1699,1.1102,1.0434,0.97012,0.90472,0.82013,0.7248,0.64516,0.56274,0.10212,0.46525,0.38427,0.28533,0.20569,0.10624,0.025779,-0.072225,-0.15414,-0.23378,-0.32961,0.10212,-0.41369,-0.49333,-0.57297,-0.63931,-0.71162,-0.79126,-0.87091,-0.94013,-1.0096,-1.0802,0.09304,-1.14,-1.1997,-1.2526,-1.2985,-1.3529,-1.3927,-1.4325,-1.4691,-1.4915,-1.5296,0.081486,-1.5495,-1.5694,-1.5893,-1.6092,-1.6104,-1.6104,-1.6104,-1.5938,-1.5739,-1.5388,0.081486,-1.5134,-1.4798,-1.4269,-1.3795,-1.3281,-1.2684,-1.2087,-1.1489,-1.0805,-1.0009,0.081486,-0.92125,-0.84161,-0.76197,-0.67727,-0.58205,-0.50241,-0.41988,-0.3225,-0.24141,-0.14258,0.14483,0.075296,-0.062941,0.0167,0.11553,0.21508,0.29689,0.39355,0.4768,0.57202,0.65672,0.73636,0.060854,0.816,0.88295,0.95465,1.023,1.0828,1.1425,1.2022,1.262,1.3217,1.3814,0.060854,1.435,1.4803,1.5352,1.5751,1.6116,1.6315,1.6514,1.6713,1.6912,1.7111,0.060854,1.7114,1.7114,1.6933,1.6734,1.6535,1.6176,1.5777,1.5234,1.4636,1.4039,0.060854,1.3442,1.2728,1.1932,1.1237,1.0545,0.9661,0.8746,0.79495,0.70871,0.60916,0.060854,0.51477,0.43069,0.32742,0.21095,0.1114,0.011852,-0.0877,-0.18715,-0.26679,-0.36572,0.060854,-0.4467,-0.52634,-0.62311,-0.70626,-0.7859,-0.86554,-0.93095,-1.0042,-1.071,-1.1428,0.060854,-1.2111,-1.2602,-1.31,-1.3605,-1.4003,-1.4324,-1.4593,-1.4929,-1.5128,-1.5327,0.060854,-1.5526,-1.5691,-1.5718,-1.5917,-1.6104,-1.6099,-1.5899,-1.57,-1.5501,-1.5302,0.060854,-1.5103,-1.4736,-1.4338,-1.3939,-1.3395,-1.2937,-1.2406,-1.1809,-1.1212,-1.0614,0.14338,0.060854,-1.0017,-0.93239,-0.86162,-0.79374,-0.7141,-0.64116,-0.57545,-0.49581,-0.41617,-0.33653,0.060854,-0.25689,-0.17724,-0.097603,-0.017034,0.082311,0.16195,0.24159,0.32123,0.40088,0.49774,0.060854,0.58079,0.64465,0.71944,0.79908,0.8651,0.92484,0.99674,1.0649,1.1247,1.1844,0.060854,1.2441,1.2953,1.343,1.3956,1.429,1.4546,1.4894,1.5136,1.5499,1.5698,0.060854,1.5897,1.6083,1.6089,1.6288,1.6289,1.6098,1.5899,1.57,1.5501,1.4168,0.060854,1.3349,1.2752,1.2154,1.1158,1.0341,0.97435,0.91462,0.82363,0.74296,0.69416,0.045586,0.63443,0.5747,0.51497,0.45524,0.39551,0.33578,0.27997,0.24335,0.22096,0.18289,0.025675,0.16298,0.14338,0.14338,0.14338,0.14338,0.14338,0.14338,0.14338,0.14338,0.14338,0.005765,0.14338,0.12966,0.12275,0.12275,0.12275,0.12275,0.12275,0.12275,0.12275,0.12275,-0.014145,0.12275,0.12275,0.12275,0.12275,0.12275,0.12275,0.12275,0.12492,0.12564,-0.046435,-0.074598,-0.10544,-0.15548,-0.20572,-0.24554,-0.2934,-0.34581,-0.39223,-0.45196,0.12275,-0.50654,-0.55079,-0.61052,-0.67026,-0.72999,-0.78972,-0.84945,-0.90908,-0.9489,-1.008,0.12275,-1.0677,-1.1096,-1.1666,-1.2099,-1.2497,-1.2895,-1.3294,-1.3692,-1.3962,-1.4161,0.10717,-1.436,-1.4559,-1.4758,-1.4866,-1.4781,-1.4582,-1.4383,-1.4184,-1.3929,-1.3531,0.10212,-1.3133,-1.2734,-1.2309,-1.1712,-1.1102,-1.0311,-0.97138,-0.89195,-0.79333,-0.71204,0.10212,-0.63239,-0.53594,-0.43639,-0.33684,-0.23728,-0.15166,-0.058814,0.040737,0.12853,0.21921,0.0,0.0
-0.75691,-0.74173,-0.71136,-1.9146,-1.8937,-1.8651,-1.8366,-1.8118,-1.7796,-1.7435,-1.7167,-1.6865,-1.6656,-0.70905,-1.6447,-1.6238,-1.6029,-1.572,-1.5459,-1.5187,-1.4889,-1.4528,-1.4236,-1.3957,-0.69618,-1.3596,-1.3284,-1.3026,-1.2752,-1.2456,-1.1944,-1.1734,-1.1525,-1.1164,-1.0955,-0.69618,-1.0735,-1.0385,-1.0176,-0.9815,-0.9517,-0.92449,-0.89841,-0.86748,-0.84656,-0.82565,-0.69618,-0.79183,-0.76864,-0.74773,-0.72681,-0.70043,-0.6698,-0.64889,-0.62797,-0.59385,-0.57096,-0.69618,-0.55005,-0.52914,-0.50822,-0.48731,-0.46845,-0.46066,-0.43975,-0.4229,-0.41311,-0.39219,-0.69618,-0.37128,-0.35037,-0.32945,-0.30854,-0.28762,-0.27108,-0.26098,-0.24007,-0.21915,-0.19824,-0.69618,-0.17732,-0.15641,-0.1355,-0.11458,-0.093669,-0.087938,-0.073705,-0.061293,-0.055562,-0.04334,-0.69618,-0.028917,-0.008003,0.002207,0.017389,0.024373,0.032572,0.051018,0.062936,0.077663,0.098577,-0.681,0.10848,0.12522,0.14614,0.16705,0.18796,0.20888,0.22979,0.2507,0.27162,0.29253,-0.73027,-0.681,0.31345,0.33436,0.35527,0.37619,0.3971,0.41213,0.43536,0.44466,0.46557,0.48649,-0.66692,0.5074,0.52831,0.56441,0.58532,0.60624,0.62715,0.64806,0.66898,0.70507,0.72599,-0.66582,0.7469,0.76781,0.78873,0.80964,0.83056,0.85147,0.87238,0.8933,0.92939,0.95031,-0.65545,0.97122,0.99213,1.013,1.034,1.0701,1.091,1.1271,1.148,1.1689,1.205,-0.65063,1.2259,1.2468,1.2677,1.2886,1.3096,1.3379,1.3666,1.3875,1.4084,1.4293,-0.65063,1.4502,1.4711,1.4921,1.513,1.5339,1.5588,1.5909,1.6118,1.6327,1.6536,-0.65063,1.6745,1.6874,1.7012,1.7221,1.743,1.7634,1.7697,1.7906,1.8115,1.8324,-0.65063,1.8533,1.8742,1.8951,1.9152,1.9218,1.9427,1.9607,1.9693,1.9616,1.9558,-0.64198,1.9349,1.9292,1.9083,1.8621,1.8361,1.8062,1.7498,1.7226,1.6808,1.6512,-0.63545,1.5819,1.5401,1.4913,1.4261,1.3693,1.3162,1.2551,1.198,1.1412,1.0973,-0.72655,-0.63545,1.0574,1.006,0.95862,0.9319,0.87853,0.85033,0.8216,0.79332,0.75723,0.73631,-0.62479,0.71502,0.6793,0.65839,0.63747,0.61656,0.59565,0.57473,0.55382,0.53291,0.51841,-0.62027,0.50626,0.48804,0.47962,0.4587,0.43779,0.41687,0.39695,0.39023,0.36932,0.3484,-0.62027,0.32749,0.30658,0.30585,0.30585,0.30456,0.29769,0.30585,0.30585,0.30585,0.30585,-0.62027,0.30585,0.30585,0.30585,0.30585,0.30585,0.30225,0.29067,0.2756,0.26987,0.24896,-0.62027,0.24323,0.22994,0.21658,0.21476,0.20512,0.19958,0.19958,0.19958,0.1844,0.1844,-0.62027,0.1844,0.1844,0.19434,0.19958,0.19958,0.19958,0.21476,0.21476,0.22873,0.22994,-0.62027,0.22994,0.22994,0.22994,0.21768,0.21476,0.21476,0.21476,0.21476,0.20421,0.19958,-0.62027,0.19275,0.1844,0.18128,0.16921,0.15464,0.15403,0.14318,0.13744,0.12367,0.1108,-0.63124,0.10848,0.10848,0.093605,0.093301,0.093301,0.10848,0.10848,0.12165,-0.72655,-0.63545,-0.63545,-0.63545,-0.63545,-0.63545,-0.65044,-0.65618,-0.66582,-0.66582,-0.66582,-0.72655,-0.66582,-0.66582,-0.65625,-0.65052,-0.63545,-0.63545,-0.62027,-0.62027,-0.62027,-0.60509,-0.71136,-0.60509,-0.5899,-0.5899,-0.57802,-0.5899,-0.60623,-0.63416,-0.74617,-0.75691,-0.81836,-0.71136,-0.83927,-0.848,-0.87139,-0.9172,-0.93811,-1.0349,-1.0559,-1.1375,-1.1584,-1.1793,-0.71136,-1.2883,-1.3666,-1.3939,-1.516,-1.5875,-1.6151,-1.7053,-1.7262,-1.8364,-1.9047,-0.71136,-1.9996,-2.0072,-2.017,-2.0897,-2.0552,-2.0343,-2.0134,-1.9925,-1.9716,-1.9355,4.0,4.0
-2.2368,-2.1426,-1.8678,-0.7307,-0.71616,-0.71114,-0.70012,-0.68558,-0.67202,-0.66954,-0.65897,-0.6535,-0.64593,-1.8353,-0.63746,-0.62292,-0.61985,-0.60688,-0.60681,-0.60681,-0.60681,-0.60681,-0.60681,-0.60681,-1.7966,-0.59638,-0.59377,-0.59338,-0.58073,-0.58073,-0.57584,-0.56769,-0.5598,-0.55465,-0.54376,-1.7611,-0.52922,-0.52773,-0.51319,-0.49865,-0.48945,-0.48261,-0.46807,-0.45353,-0.43899,-0.42445,-1.7174,-0.42295,-0.40841,-0.39817,-0.39237,-0.38513,-0.38513,-0.37483,-0.37209,-0.37209,-0.37209,-1.6833,-0.37209,-0.37209,-0.36583,-0.35905,-0.35905,-0.35905,-0.35905,-0.34601,-0.34601,-0.34229,-1.6433,-0.33297,-0.33297,-0.33297,-0.33297,-0.33297,-0.32026,-0.31993,-0.31726,-0.30272,-0.28818,-1.6121,-0.28081,-0.28081,-0.28081,-0.26914,-0.26777,-0.26777,-0.26777,-0.26314,-0.25473,-0.25473,-1.57,-0.2456,-0.24169,-0.22956,-0.22806,-0.21561,-0.21202,-0.19748,-0.18953,-0.18144,-0.1669,-1.5409,-0.15236,-0.13782,-0.12328,-0.1062,-0.081163,-0.066623,-0.052083,-0.037543,-0.023004,-0.008464,-2.1165,-1.5118,0.006076,0.007576,0.022116,0.036655,0.051195,0.058237,0.067235,0.081775,0.096314,0.11085,-1.4827,0.12539,0.13993,0.14952,0.15597,0.16256,0.17201,0.1756,0.18805,0.18955,0.20168,-1.4606,0.20168,0.20168,0.20859,0.21472,0.22463,0.22776,0.22776,0.2408,0.24367,0.25384,-1.446,0.25971,0.27425,0.27992,0.29029,0.30483,0.31904,0.32087,0.33541,0.34995,0.36449,-1.4216,0.37903,0.39357,0.40811,0.42265,0.42415,0.43869,0.45323,0.46776,0.4823,0.49684,-1.4039,0.51138,0.52592,0.54046,0.54196,0.5565,0.57104,0.58558,0.59289,0.60162,0.61616,-1.3894,0.61897,0.63201,0.6337,0.64505,0.64505,0.65124,0.65809,0.65809,0.65809,0.65809,-1.3776,0.67113,0.67113,0.67113,0.67628,0.68417,0.68417,0.68417,0.69532,0.69721,0.69721,-1.3921,0.69721,0.69721,0.69721,0.69721,0.69721,0.69721,0.70881,0.71025,0.71025,0.71025,-1.3935,0.71025,0.71025,0.71025,0.71025,0.71025,0.71025,0.71025,0.71227,0.72329,0.72831,-2.0974,-1.3762,0.73633,0.74435,0.75889,0.76241,0.77493,0.78947,0.80401,0.81855,0.83309,0.84065,-1.3762,0.84913,0.86367,0.87821,0.89275,0.89425,0.90879,0.92332,0.93193,0.93936,0.9539,-1.3673,0.96844,0.97105,0.98448,0.99713,1.0005,1.0102,1.0166,1.0232,1.0326,1.0363,-1.3631,1.0363,1.0493,1.0493,1.0493,1.0493,1.0493,1.0493,1.0493,1.0493,1.0493,-1.3631,1.0623,1.0623,1.0623,1.0623,1.0696,1.0754,1.0754,1.0754,1.0884,1.0884,-1.3501,1.0917,1.1015,1.1015,1.1092,1.1145,1.1253,1.1275,1.1406,1.1428,1.1536,-1.3483,1.1536,1.1603,1.1584,1.1342,1.1724,1.1924,1.2081,1.2372,1.2663,1.2954,-1.3371,1.3316,1.3666,1.4058,1.4494,1.4932,1.5497,1.5933,1.637,1.6806,1.7242,-1.3322,1.7678,1.8114,1.855,1.8981,1.9292,1.9729,2.0114,2.0405,2.0696,2.0986,-1.3177,2.1277,2.1442,2.1718,2.1863,2.2009,2.2154,2.2229,2.2229,-2.0684,-1.311,-1.3017,-1.2871,-1.2726,-1.2588,-1.2565,-1.242,-1.2327,-1.226,-1.2197,-2.0393,-1.2099,-1.2067,-1.1939,-1.1936,-1.1909,-1.1806,-1.1748,-1.1675,-1.1675,-1.1675,-2.0012,-1.1558,-1.1545,-1.1545,-1.1513,-1.1415,-1.1415,-1.1338,-1.1284,-1.1284,-1.1162,-1.9681,-1.1147,-1.1002,-1.0893,-1.0842,-1.0696,-1.0551,-1.0405,-1.026,-1.0115,-0.99691,-1.939,-0.98237,-0.96783,-0.94769,-0.92571,-0.91117,-0.89663,-0.88209,-0.86755,-0.85301,-0.83847,-1.9095,-0.82393,-0.81546,-0.80789,-0.79335,-0.78938,-0.77731,-0.7633,-0.76128,-0.74674,-0.73722,3.0,5.0
-1.9647,-1.661,-1.4434,-0.87902,-0.85943,-0.83983,-0.82023,-0.80063,-0.78104,-0.76219,-0.75239,-0.7359,-0.71914,-1.4336,-0.70934,-0.69954,-0.69466,-0.6936,-0.6838,-0.674,-0.66734,-0.66734,-0.65826,-0.65369,-1.4238,-0.65369,-0.65369,-0.65369,-0.65024,-0.64044,-0.64003,-0.64003,-0.63836,-0.62856,-0.62637,-1.4185,-0.62637,-0.62637,-0.62637,-0.62054,-0.61272,-0.61272,-0.6048,-0.59906,-0.59906,-0.59906,-1.4185,-0.59906,-0.59677,-0.58697,-0.57718,-0.56738,-0.55809,-0.55809,-0.55164,-0.54184,-0.53204,-1.4185,-0.52224,-0.51244,-0.50346,-0.50346,-0.4967,-0.48691,-0.47711,-0.47615,-0.47117,-0.46137,-1.4119,-0.45157,-0.44884,-0.44242,-0.42282,-0.41237,-0.40258,-0.39278,-0.38298,-0.37318,-0.36338,-1.4048,-0.35358,-0.34378,-0.33398,-0.32419,-0.31439,-0.30459,-0.29097,-0.27137,-0.26154,-0.25174,-1.4048,-0.24399,-0.24399,-0.22801,-0.21254,-0.20247,-0.18287,-0.16328,-0.14368,-0.12408,-0.10448,-1.4048,-0.093763,-0.092603,-0.073005,-0.040366,-0.006497,0.0131,0.041301,0.05646,0.058236,0.077833,-1.5295,-1.4048,0.10426,0.13068,0.15028,0.16988,0.18948,0.20907,0.22867,0.24113,0.25421,0.27381,-1.4048,0.28419,0.29398,0.30378,0.31358,0.32338,0.33318,0.34298,0.34325,0.34325,0.34506,-1.4048,0.35486,0.35691,0.35691,0.35687,0.34707,0.34325,0.34325,0.34325,0.34325,0.34325,-1.4048,0.34291,0.33311,0.32959,0.32959,0.32959,0.32959,0.32959,0.33024,0.34004,0.34325,-1.4048,0.34598,0.35578,0.35691,0.36172,0.37152,0.38132,0.39112,0.40092,0.41071,0.42051,-1.4048,0.43031,0.44011,0.44991,0.45971,0.46951,0.47931,0.4891,0.4989,0.5087,0.5185,-1.4048,0.5283,0.53444,0.53444,0.54404,0.55384,0.56176,0.56176,0.56958,0.57937,0.58907,-1.4048,0.58907,0.59511,0.60491,0.61471,0.62451,0.63858,0.65776,0.66756,0.68371,0.70331,-1.4048,0.72291,0.73407,0.74844,0.76732,0.77712,0.79358,0.81318,0.83277,0.84363,0.85831,-1.4048,0.87689,0.88668,0.89648,0.90628,0.91608,0.92588,0.93568,0.94548,0.95527,0.96507,-1.5099,-1.4048,0.97487,0.98467,0.99447,1.0043,1.0141,1.0239,1.0337,1.0397,1.0397,1.0494,-1.4015,1.0592,1.0671,1.0671,1.0749,1.0807,1.0807,1.0807,1.0807,1.0807,1.0807,-1.3917,1.0807,1.0807,1.0807,1.0807,1.0807,1.0807,1.0807,1.0892,1.0944,1.0944,-1.3911,1.0944,1.0944,1.0972,1.107,1.108,1.108,1.1091,1.1189,1.1217,1.1249,-1.3911,1.1347,1.1445,1.149,1.1504,1.1602,1.17,1.1798,1.1896,1.19,1.1955,-1.3911,1.2053,1.2151,1.2173,1.2211,1.2309,1.2309,1.2368,1.2446,1.2446,1.2525,-1.3911,1.2623,1.2719,1.2719,1.2781,1.2879,1.2977,1.3075,1.3173,1.3276,1.3472,-1.3911,1.3668,1.3864,1.406,1.4256,1.4499,1.4793,1.5087,1.5381,1.5675,1.5969,-1.3911,1.6263,1.6507,1.6714,1.7008,1.7231,1.7427,1.7623,1.7819,1.7962,1.806,-1.3911,1.8158,1.8256,1.8354,1.8452,1.8455,1.8511,1.8591,1.8591,-1.4903,-1.3816,-1.3775,-1.3775,-1.3775,-1.3697,-1.3638,-1.3638,-1.354,-1.3502,-1.348,-1.4787,-1.3382,-1.3365,-1.3323,-1.3225,-1.3127,-1.3092,-1.3092,-1.3092,-1.3008,-1.291,-1.4731,-1.2819,-1.2819,-1.2753,-1.2655,-1.2557,-1.2459,-1.2361,-1.2273,-1.2273,-1.2273,-1.4728,-1.2242,-1.2144,-1.1956,-1.1863,-1.185,-1.1752,-1.1582,-1.1453,-1.1453,-1.136,-1.463,-1.1207,-1.1044,-1.1044,-1.0893,-1.0734,-1.0636,-1.0634,-1.0518,-1.0323,-1.0127,-1.4532,-1.0088,-1.0088,-1.0085,-0.98889,-0.96929,-0.95413,-0.95413,-0.93781,-0.91822,-0.89862,3.0,5.0
0.68467,0.6377,0.54446,0.43228,0.52623,0.62017,0.71412,0.80525,0.87571,0.9679,1.0618,1.1432,1.2056,0.5385,1.256,1.3265,1.3745,1.4215,1.4685,1.5067,1.5302,1.5536,1.5771,1.582,0.51641,1.5961,1.6101,1.6052,1.5817,1.5582,1.5347,1.4965,1.4495,1.397,1.3276,0.51641,1.2806,1.1936,1.1151,1.0338,0.93986,0.84592,0.75197,0.63735,0.51992,0.41406,0.51641,0.3131,0.19567,0.078243,-0.039187,-0.15662,-0.26178,-0.36343,-0.47771,-0.57165,-0.66559,0.51641,-0.75954,-0.84051,-0.91097,-0.98143,-1.0519,-1.0996,-1.1465,-1.1935,-1.2314,-1.2548,0.51641,-1.2783,-1.3018,-1.3253,-1.3344,-1.3442,-1.3572,-1.3344,-1.3344,-1.3148,-1.2913,0.51641,-1.2678,-1.2443,-1.2194,-1.1725,-1.1458,-1.1066,-1.0596,-1.006,-0.93761,-0.89064,0.51852,-0.82264,-0.75218,-0.6698,-0.58322,-0.50996,-0.41601,-0.3438,-0.25617,-0.16223,-0.068281,0.542,0.022157,0.092615,0.18551,0.27945,0.37339,0.46734,0.55707,0.62753,0.72113,0.81507,0.60966,0.54446,0.89499,0.97491,1.064,1.1344,1.2049,1.2753,1.3458,1.4061,1.4587,1.5281,0.54446,1.575,1.622,1.6536,1.677,1.7005,1.724,1.7475,1.771,1.7622,1.7387,0.54446,1.7152,1.6893,1.6423,1.6167,1.5933,1.5575,1.5105,1.4636,1.4166,1.3696,0.54446,1.3051,1.2347,1.1726,1.1179,1.024,0.95283,0.86414,0.78387,0.7043,0.61036,0.54165,0.51641,0.3755,0.25351,0.13608,0.008837,-0.13208,-0.27229,-0.38972,-0.52678,-0.65263,0.51817,-0.75954,-0.85348,-0.94743,-1.0414,-1.115,-1.1854,-1.2559,-1.3197,-1.3667,-1.4136,0.49468,-1.4606,-1.4911,-1.5146,-1.5381,-1.5616,-1.5851,-1.5868,-1.5868,-1.5868,-1.5787,0.47119,-1.5553,-1.5318,-1.5083,-1.4848,-1.4613,-1.4291,-1.3863,-1.3628,-1.3162,-1.2692,0.44771,-1.2082,-1.1472,-1.0954,-1.0249,-0.95444,-0.88398,-0.7988,-0.71502,-0.63895,-0.54501,0.42422,-0.45107,-0.35712,-0.26318,-0.1801,-0.10334,-0.009391,0.084552,0.1785,0.27244,0.35482,0.60054,0.39723,0.43228,0.52377,0.59423,0.68607,0.76319,0.83365,0.90411,0.97456,1.045,1.0934,0.35026,1.1579,1.2154,1.2624,1.3055,1.329,1.3524,1.3759,1.3994,1.4138,1.4183,0.32572,1.4418,1.4183,1.3949,1.3714,1.3479,1.3244,1.3009,1.2774,1.2539,1.2154,0.28436,1.1789,1.1495,1.1025,1.0555,1.0086,0.96159,0.91462,0.86099,0.79053,0.72007,0.23739,0.64962,0.57916,0.5087,0.43824,0.36498,0.27104,0.19883,0.12837,0.057912,-0.020609,0.19041,-0.10754,-0.15451,-0.22392,-0.29438,-0.35151,-0.39849,-0.44546,-0.49243,-0.51627,-0.53975,0.14344,-0.56324,-0.58672,-0.61021,-0.63335,-0.63335,-0.61407,-0.6053,-0.59514,-0.57726,-0.57726,0.096471,-0.57726,-0.57726,-0.56184,-0.54922,-0.54922,-0.54922,-0.54922,-0.54922,-0.54922,-0.54922,0.049499,-0.54922,-0.54922,-0.54922,-0.54922,-0.54922,-0.54922,-0.54922,-0.54922,-0.54922,-0.54922,-0.016052,-0.53169,-0.52117,-0.52117,-0.51732,-0.49383,-0.47035,-0.46509,-0.45142,0.60054,-0.086509,-0.15697,-0.22742,-0.29788,-0.36834,-0.45808,-0.5373,-0.61792,-0.70626,-0.77671,0.59528,-0.84717,-0.93761,-1.0161,-1.0757,-1.129,-1.1977,-1.2447,-1.3123,-1.3667,-1.4021,0.5725,-1.4326,-1.4771,-1.5006,-1.5241,-1.5475,-1.5588,-1.551,-1.5276,-1.5041,-1.4806,0.5725,-1.4571,-1.4336,-1.4101,-1.3866,-1.3632,-1.3397,-1.3162,-1.2927,-1.2601,-1.2131,0.55287,-1.1662,-1.1192,-1.0722,-1.0109,-0.94042,-0.86996,-0.7995,-0.72904,-0.65858,-0.57305,0.54446,-0.48963,-0.41321,-0.31927,-0.22532,-0.15171,-0.065477,0.028467,0.12241,0.21846,0.33589,0.0,0.0
-0.72518,-0.69182,-0.6807,-1.7706,-1.7577,-1.7421,-1.7264,-1.715,-1.7062,-1.6906,-1.6749,-1.6593,-1.6436,-0.6807,-1.6188,-1.6012,-1.5855,-1.5587,-1.538,-1.5163,-1.4977,-1.4739,-1.4471,-1.426,-0.6807,-1.4047,-1.3745,-1.3432,-1.3216,-1.2806,-1.2493,-1.218,-1.1867,-1.1553,-1.124,-0.6807,-1.0927,-1.0503,-1.019,-0.9855,-0.94527,-0.91396,-0.88266,-0.86055,-0.83117,-0.807,-0.6807,-0.7908,-0.76458,-0.74892,-0.72215,-0.7065,-0.68987,-0.66407,-0.64842,-0.63276,-0.61711,-0.6807,-0.60146,-0.5858,-0.57015,-0.55836,-0.54997,-0.53431,-0.525,-0.51413,-0.50276,-0.49394,-0.6807,-0.48941,-0.48051,-0.46939,-0.46469,-0.45827,-0.44451,-0.42885,-0.41379,-0.40867,-0.39302,-0.6807,-0.38042,-0.37283,-0.35718,-0.34153,-0.32587,-0.32134,-0.31369,-0.30116,-0.2855,-0.28033,-0.6807,-0.26532,-0.24966,-0.23401,-0.21836,-0.2027,-0.18705,-0.1714,-0.15575,-0.13331,-0.11332,-0.67244,-0.092938,-0.07089,-0.044116,-0.028463,-0.001688,0.019109,0.040739,0.067514,0.090785,0.12106,-0.69182,-0.66957,0.14228,0.17358,0.20139,0.22507,0.25638,0.28769,0.30848,0.33918,0.36203,0.39067,-0.66957,0.42198,0.45328,0.48459,0.51589,0.5472,0.57851,0.60959,0.63,0.6613,0.69261,-0.66957,0.72392,0.75522,0.78653,0.81784,0.84914,0.8728,0.90063,0.93194,0.96325,0.98343,-0.66543,1.0147,1.046,1.0713,1.0975,1.1288,1.1601,1.1915,1.2163,1.2429,1.2699,-0.65845,1.2944,1.3257,1.3502,1.3772,1.4085,1.4305,1.46,1.4841,1.5109,1.5317,-0.65845,1.5533,1.5721,1.5957,1.6225,1.6438,1.6649,1.6841,1.7073,1.723,1.7386,-0.65845,1.7543,1.77,1.7856,1.8013,1.8105,1.7995,1.7949,1.7882,1.7771,1.7702,-0.65845,1.7657,1.75,1.7344,1.7299,1.7142,1.6986,1.6829,1.6672,1.6516,1.6359,-0.65845,1.6092,1.5879,1.5667,1.5511,1.5354,1.5183,1.493,1.4774,1.4617,1.446,-0.65845,1.4193,1.3971,1.3768,1.3568,1.3344,1.3053,1.2809,1.2649,1.2384,1.204,-0.68934,-0.65595,1.1849,1.1619,1.1417,1.1052,1.0778,1.051,1.0276,1.0063,0.96503,0.94392,-0.64733,0.92466,0.89335,0.8636,0.84795,0.82167,0.79037,0.76762,0.74085,0.7252,0.68747,-0.64733,0.67165,0.65599,0.64034,0.61084,0.58679,0.57114,0.55549,0.52871,0.51306,0.49741,-0.64733,0.48175,0.45628,0.43932,0.42367,0.40685,0.38694,0.37671,0.3647,0.34835,0.32975,-0.64733,0.3141,0.30909,0.29797,0.29797,0.30909,0.30909,0.30909,0.31357,0.32022,0.32022,-0.64733,0.32022,0.32022,0.31532,0.30909,0.30909,0.30909,0.29797,0.29797,0.29797,0.29797,-0.65478,0.29797,0.29917,0.30909,0.30909,0.30909,0.30909,0.31071,0.32022,0.32022,0.32022,-0.65845,0.32022,0.32022,0.32022,0.33131,0.33134,0.33134,0.33134,0.33134,0.33134,0.33626,-0.65845,0.34246,0.34246,0.34246,0.34246,0.34246,0.34246,0.35358,0.35358,0.35358,0.35358,-0.65845,0.35358,0.35728,0.3647,0.3647,0.3647,0.3647,0.37582,0.37582,-0.6807,-0.65845,-0.65845,-0.65845,-0.65845,-0.65845,-0.65845,-0.65845,-0.65845,-0.65845,-0.65845,-0.6807,-0.65845,-0.65845,-0.65845,-0.65845,-0.65845,-0.65845,-0.66757,-0.66957,-0.66957,-0.6807,-0.6807,-0.6807,-0.69023,-0.69182,-0.69182,-0.69271,-0.70294,-0.70294,-0.81751,-0.83317,-0.91096,-0.6807,-0.97569,-0.99134,-1.0181,-1.0753,-1.123,-1.2076,-1.3015,-1.3299,-1.3805,-1.4168,-0.6807,-1.4325,-1.5038,-1.5305,-1.5462,-1.5721,-1.622,-1.6381,-1.6845,-1.7245,-1.7402,-0.6807,-1.7859,-1.8196,-1.8652,-1.8496,-1.8339,-1.8262,-1.8137,-1.7981,-1.7928,-1.7779,4.0,4.0
-1.9486,-1.8429,-1.6937,-0.88598,-0.87804,-0.87596,-0.87596,-0.86593,-0.86593,-0.86087,-0.85591,-0.84999,-0.84588,-1.6783,-0.83912,-0.83368,-0.82583,-0.81581,-0.80734,-0.8019,-0.78644,-0.781,-0.76568,-0.7601,-1.6628,-0.74463,-0.73561,-0.72373,-0.70827,-0.70283,-0.68736,-0.68193,-0.66646,-0.66102,-0.65541,-1.6474,-0.64012,-0.63468,-0.62533,-0.61531,-0.60834,-0.6029,-0.59526,-0.59203,-0.58523,-0.57521,-1.6319,-0.56569,-0.56518,-0.56518,-0.56518,-0.56518,-0.56518,-0.55516,-0.54767,-0.53511,-0.52676,-1.6151,-0.5113,-0.48664,-0.47035,-0.45488,-0.43396,-0.41393,-0.39847,-0.38301,-0.37471,-0.3621,-1.5909,-0.34664,-0.33461,-0.32574,-0.31027,-0.30454,-0.28937,-0.28393,-0.27446,-0.26303,-0.25441,-1.5755,-0.24213,-0.23436,-0.22434,-0.21579,-0.20429,-0.19489,-0.18424,-0.17421,-0.16855,-0.16419,-1.5523,-0.15767,-0.15416,-0.15416,-0.14414,-0.14414,-0.1405,-0.13411,-0.13411,-0.12419,-0.12409,-1.5345,-0.12333,-0.11406,-0.11406,-0.10702,-0.10158,-0.094011,-0.083986,-0.075239,-0.073961,-0.064362,-1.8283,-1.5191,-0.058923,-0.053485,-0.043886,-0.033861,-0.027144,-0.021705,-0.013811,-0.000803,0.006239,0.020099,-1.4936,0.035562,0.041001,0.056464,0.071928,0.086439,0.09283,0.10829,0.12376,0.13656,0.14466,-1.4781,0.16012,0.17559,0.18102,0.19649,0.20674,0.21739,0.22679,0.23681,0.24373,0.25686,-1.4626,0.25686,0.26689,0.27551,0.28095,0.28694,0.29696,0.29696,0.29696,0.29696,0.30356,-1.4472,0.30699,0.30699,0.31701,0.32531,0.33075,0.33706,0.34709,0.35709,0.36253,0.37799,-1.4317,0.38719,0.39889,0.41436,0.43984,0.45531,0.46075,0.47621,0.49167,0.49746,0.51258,-1.4163,0.52754,0.53348,0.54894,0.56441,0.57766,0.58531,0.60077,0.60774,0.61776,0.62711,-1.4008,0.63781,0.64784,0.65345,0.65889,0.66789,0.67791,0.67791,0.68794,0.69611,0.70155,-1.3853,0.71701,0.72245,0.72804,0.72804,0.72874,0.73806,0.73962,0.74809,0.75811,0.76596,-1.3699,0.7714,0.78686,0.7923,0.80776,0.82323,0.83869,0.84834,0.85959,0.87505,0.89052,-1.822,-1.3544,0.89846,0.91142,0.92688,0.93856,0.94779,0.96325,0.96869,0.98415,0.98959,1.0051,-1.3471,1.0105,1.026,1.0314,1.0469,1.0523,1.0678,1.0789,1.0887,1.099,1.109,-1.3371,1.115,1.1204,1.129,1.1391,1.1391,1.1491,1.1491,1.1491,1.1585,1.1591,-1.3281,1.1591,1.1591,1.1591,1.1657,1.1711,1.1792,1.1792,1.1792,1.1828,1.1892,-1.3226,1.1892,1.1892,1.1992,1.2,1.2092,1.2109,1.2193,1.2293,1.2293,1.2393,-1.3072,1.2393,1.2393,1.2489,1.2393,1.2393,1.2393,1.238,1.2293,1.2293,1.2369,-1.307,1.2523,1.2678,1.2833,1.2987,1.3142,1.3298,1.3552,1.3706,1.3925,1.4116,-1.297,1.4343,1.4525,1.4761,1.497,1.519,1.5388,1.5599,1.5854,1.6109,1.6324,-1.2908,1.6619,1.6843,1.7052,1.7361,1.757,1.7793,1.8048,1.8297,1.8457,1.8712,-1.2854,1.8867,1.9122,1.9276,1.9531,1.9686,1.984,1.9995,2.015,-1.8066,-1.277,-1.2669,-1.2591,-1.2536,-1.2382,-1.2327,-1.2173,-1.2118,-1.1964,-1.1867,-1.784,-1.1755,-1.16,-1.1546,-1.1391,-1.1266,-1.1182,-1.1065,-1.0973,-1.0918,-1.0864,-1.7556,-1.0765,-1.0765,-1.0701,-1.0664,-1.0664,-1.0564,-1.0564,-1.0464,-1.0464,-1.042,-1.7401,-1.0364,-1.0364,-1.0263,-1.0203,-1.0149,-1.0063,-0.99626,-0.98851,-0.98308,-0.97621,-1.7247,-0.96618,-0.95674,-0.95616,-0.94613,-0.94613,-0.93611,-0.93611,-0.92608,-0.92608,-0.91606,-1.7092,-0.91606,-0.91606,-0.90694,-0.90603,-0.90603,-0.90603,-0.89601,-0.89601,-0.89435,-0.88598,3.0,5.0
-2.3269,-2.0849,-1.7386,-1.0747,-1.0747,-1.0747,-1.0747,-1.0681,-1.0605,-1.053,-1.0454,-1.0379,-1.0303,-1.7239,-1.018,-1.0029,-0.98778,-0.9462,-0.87816,-0.85973,-0.84177,-0.81909,-0.80255,-0.78554,-1.7164,-0.76286,-0.74018,-0.71845,-0.70333,-0.6797,-0.64946,-0.62678,-0.6041,-0.58142,-0.55213,-1.7088,-0.52425,-0.50157,-0.47322,-0.44439,-0.42171,-0.39431,-0.36454,-0.34186,-0.31918,-0.2965,-1.7013,-0.26673,-0.23933,-0.21665,-0.19397,-0.17129,-0.14861,-0.13112,-0.11506,-0.092377,-0.07395,-1.6937,-0.058829,-0.043709,-0.028589,-0.013469,-0.004964,0.002596,0.010157,0.017717,0.023859,0.023859,-1.689,0.023859,0.023859,0.023859,0.023859,0.023859,0.016772,0.009212,0.001651,-0.005909,-0.013469,-1.689,-0.021029,-0.028589,-0.037094,-0.052214,-0.063082,-0.070642,-0.078202,-0.085762,-0.093322,-0.1075,-1.689,-0.12026,-0.12782,-0.15806,-0.19019,-0.19775,-0.20058,-0.20105,-0.20861,-0.21239,-0.21239,-1.689,-0.21239,-0.20956,-0.202,-0.20058,-0.19869,-0.19113,-0.18357,-0.17601,-0.16845,-0.16089,-1.9356,-1.689,-0.15333,-0.14577,-0.11837,-0.065445,-0.045599,-0.030479,-0.015359,-0.000239,0.016299,0.038979,-1.689,0.06166,0.08434,0.10702,0.1297,0.15238,0.17506,0.19774,0.22042,0.2431,0.26767,-1.689,0.29791,0.32296,0.34564,0.36832,0.39525,0.42549,0.45573,0.48266,0.50534,0.53464,-1.689,0.56252,0.5852,0.60788,0.63056,0.65324,0.67592,0.69813,0.71325,0.72837,0.74349,-1.689,0.75861,0.77089,0.77845,0.79215,0.80538,0.81294,0.82051,0.82712,0.82712,0.83137,-1.689,0.83893,0.83893,0.83893,0.83893,0.83893,0.83893,0.83893,0.83893,0.83752,0.82996,-1.6814,0.82712,0.82665,0.81909,0.81153,0.80397,0.79641,0.78601,0.77089,0.76191,0.75246,-1.6772,0.73734,0.72222,0.7071,0.69198,0.67686,0.66174,0.64662,0.62819,0.60551,0.58945,-1.6772,0.57433,0.55921,0.54976,0.54078,0.52566,0.51527,0.50723,0.49211,0.48455,0.48455,-1.6705,0.48455,0.48455,0.48455,0.48455,0.48644,0.494,0.49637,0.49826,0.51338,0.52424,-1.9054,-1.663,0.5318,0.53936,0.55023,0.56535,0.58047,0.59559,0.61071,0.62583,0.64095,0.65607,-1.6554,0.67119,0.69009,0.76569,0.81105,0.82618,0.84838,0.86823,0.88335,0.90461,0.9254,-1.6479,0.94052,0.96084,0.98257,0.9977,1.0171,1.0397,1.0549,1.0733,1.096,1.112,-1.6403,1.1272,1.1423,1.1631,1.1843,1.1995,1.2146,1.2292,1.2368,1.2481,1.2632,-1.6327,1.2713,1.2788,1.2864,1.294,1.2996,1.2996,1.3048,1.3114,1.3114,1.3114,-1.6205,1.3114,1.3114,1.3114,1.3114,1.3114,1.3114,1.3114,1.3058,1.2996,1.2996,-1.6053,1.2996,1.2992,1.2916,1.2878,1.2878,1.2878,1.2878,1.2878,1.2878,1.2897,-1.5902,1.2973,1.3048,1.3124,1.3199,1.3318,1.3469,1.3544,1.3653,1.3804,1.3955,-1.5751,1.4083,1.4159,1.4291,1.4442,1.4593,1.4697,1.4778,1.4929,1.5042,1.5118,-1.56,1.5193,1.5269,1.5345,1.542,1.5496,1.5571,1.5595,1.5586,-1.8751,-1.5378,-1.5151,-1.4924,-1.4697,-1.4471,-1.4244,-1.4017,-1.379,-1.3563,-1.3337,-1.8473,-1.311,-1.2883,-1.2656,-1.2429,-1.2203,-1.1976,-1.1749,-1.1522,-1.1295,-1.1068,-1.8246,-1.0889,-1.0733,-1.0506,-1.0279,-1.0053,-0.98258,-0.96273,-0.94761,-0.92635,-0.90556,-1.8019,-0.89044,-0.87532,-0.8602,-0.84508,-0.83421,-0.82665,-0.82665,-0.82665,-0.82665,-0.82665,-1.7792,-0.82665,-0.82665,-0.83232,-0.83988,-0.84744,-0.85973,-0.87485,-0.88997,-0.90131,-0.90887,-1.7565,-0.92352,-0.93864,-0.95376,-0.96888,-0.984,-0.99912,-1.0142,-1.0284,-1.036,-1.052,5.0,5.0
-0.52834,-0.61242,-0.74851,-1.0831,-1.0495,-1.0158,-0.99799,-0.96591,-0.94702,-0.91598,-0.88235,-0.86189,-0.83242,-0.75371,-0.81092,-0.78249,-0.75995,-0.74314,-0.71627,-0.69217,-0.67535,-0.65854,-0.64172,-0.6249,-0.76481,-0.60809,-0.59768,-0.59179,-0.57497,-0.55816,-0.54134,-0.52452,-0.511,-0.50823,-0.49141,-0.78163,-0.4746,-0.45899,-0.4583,-0.44166,-0.44166,-0.42519,-0.42432,-0.40889,-0.40698,-0.39259,-0.78839,-0.37578,-0.35896,-0.34214,-0.32533,-0.30851,-0.30296,-0.29221,-0.2754,-0.25858,-0.24177,-0.79792,-0.22495,-0.20813,-0.19132,-0.1745,-0.15768,-0.14087,-0.12405,-0.10723,-0.090417,-0.073601,-0.80572,-0.056784,-0.039968,-0.020724,0.011002,0.027818,0.045501,0.078788,0.095604,0.12906,0.14657,-0.81422,0.17899,0.21263,0.2317,0.26256,0.29619,0.31682,0.34612,0.37975,0.41338,0.44702,-0.82306,0.48065,0.5044,0.53058,0.56421,0.59784,0.63148,0.65783,0.68141,0.71504,0.74295,-0.83051,0.75977,0.78126,0.81074,0.82755,0.84749,0.87852,0.89534,0.91216,0.92897,0.94631,-0.63132,-0.8404,0.97994,0.99676,1.0136,1.0304,1.0472,1.0788,1.0982,1.115,1.1318,1.1486,-0.8404,1.1654,1.1823,1.1991,1.2159,1.2428,1.2669,1.2837,1.3005,1.3173,1.3416,-0.84629,1.3683,1.3851,1.4019,1.4187,1.4355,1.4524,1.4692,1.486,1.5028,1.5196,-0.85773,1.5364,1.5533,1.5694,1.5694,1.5694,1.5694,1.5534,1.552,1.5371,1.5347,-0.85773,1.5208,1.504,1.4872,1.4704,1.4536,1.4368,1.4307,1.4205,1.4036,1.3868,-0.85773,1.37,1.345,1.319,1.3022,1.2854,1.2625,1.2344,1.2176,1.2008,1.18,-0.86155,1.1498,1.133,1.1138,1.0821,1.0639,1.0311,1.0139,0.98029,0.9633,0.93036,-0.87507,0.91233,0.88043,0.86136,0.84454,0.82773,0.81091,0.79409,0.77728,0.76046,0.74364,-0.87507,0.72683,0.71001,0.68383,0.65904,0.64223,0.62541,0.60859,0.59178,0.56872,0.54081,-0.87507,0.52919,0.52451,0.50769,0.49088,0.47406,0.45724,0.44043,0.42361,0.4068,0.38998,-0.66391,-0.87334,0.37316,0.35635,0.35583,0.34005,0.33849,0.32375,0.32115,0.30746,0.30382,0.29116,-0.85773,0.28648,0.27486,0.26914,0.25857,0.25181,0.24227,0.22545,0.21713,0.20916,0.19234,-0.8612,0.18246,0.17605,0.16512,0.15975,0.14779,0.14779,0.14779,0.14779,0.14779,0.15004,-0.94459,0.16512,0.16512,0.16512,0.16512,0.16512,0.16512,0.16512,0.16512,0.18003,0.18246,-0.96141,0.18246,0.18246,0.19529,0.1998,0.1998,0.21107,0.21713,0.21713,0.22684,0.23447,-1.0441,0.24314,0.25181,0.25943,0.26914,0.27573,0.28648,0.29757,0.32618,0.343,0.35583,-1.0644,0.35929,0.37611,0.39535,0.42708,0.4439,0.46071,0.47753,0.49434,0.51116,0.52798,-1.1429,0.5604,0.59403,0.6131,0.62992,0.64673,0.65055,0.66303,0.67985,0.69666,0.71348,-1.1823,0.71989,0.72978,0.73723,0.74607,0.76289,0.7719,0.7719,0.77866,0.78924,0.78924,-1.2015,0.78924,0.78456,0.76774,0.75457,0.76081,0.79184,0.81074,0.84437,-0.68229,-1.2183,-1.3019,-1.3386,-1.3678,-1.4486,-1.4931,-1.5207,-1.5952,-1.6476,-1.6736,-0.68437,-1.6986,-1.748,-1.8092,-1.8357,-1.8854,-1.956,-1.9728,-1.9896,-2.0245,-2.0926,-0.69858,-2.1094,-2.1262,-2.1552,-2.237,-2.1739,-2.1571,-2.1403,-2.1235,-2.09,-2.0725,-0.7154,-2.0557,-2.0238,-2.0047,-1.9739,-1.9402,-1.9196,-1.8903,-1.8567,-1.823,-1.7894,-0.71904,-1.7454,-1.7048,-1.6712,-1.6375,-1.6039,-1.5703,-1.5366,-1.503,-1.4694,-1.4357,-0.7317,-1.4021,-1.3685,-1.3348,-1.3012,-1.2676,-1.2339,-1.2003,-1.1667,-1.133,-1.0999,4.0,4.0
0.65602,0.63291,0.63291,0.39022,0.51041,0.61095,0.70976,0.83168,0.93048,1.0524,1.1512,1.25,1.3257,0.63291,1.4245,1.5002,1.5852,1.6741,1.74,1.8059,1.8717,1.9376,1.9804,2.033,0.63291,2.0659,2.089,2.089,2.0827,2.0659,2.0399,2.007,1.974,1.9411,1.9082,0.63291,1.8752,1.8423,1.7862,1.7412,1.6972,1.6325,1.5482,1.4777,1.3968,1.3211,0.63291,1.2223,1.1235,1.0478,0.94897,0.85479,0.77447,0.67682,0.59997,0.50116,0.40236,0.63291,0.32089,0.22786,0.14292,0.053933,-0.022339,-0.12115,-0.19684,-0.29565,-0.39445,-0.49326,0.63291,-0.59207,-0.69087,-0.78968,-0.86538,-0.96418,-1.037,-1.1156,-1.1918,-1.2577,-1.3045,0.63291,-1.3663,-1.4166,-1.4519,-1.5056,-1.5385,-1.5715,-1.6044,-1.6038,-1.5709,-1.538,0.63291,-1.505,-1.4721,-1.4391,-1.4062,-1.3733,-1.3403,-1.2843,-1.2514,-1.1976,-1.1549,0.63117,-1.089,-1.0231,-0.95725,-0.89138,-0.82551,-0.75964,-0.69376,-0.62789,-0.55855,-0.47304,0.63291,0.60979,-0.40717,-0.34129,-0.25578,-0.18644,-0.12057,-0.031584,0.046999,0.12327,0.21226,0.29719,0.58842,0.39022,0.4717,0.54739,0.63406,0.69993,0.78892,0.85479,0.92066,0.98653,1.0755,0.57859,1.1414,1.2073,1.2731,1.339,1.4049,1.4707,1.5366,1.5915,1.6452,1.7036,0.56357,1.7365,1.7926,1.8255,1.8585,1.8706,1.8377,1.8047,1.7718,1.7389,1.6528,0.54046,1.5343,1.4684,1.4026,1.261,1.1784,1.0634,0.96457,0.86577,0.74385,0.62597,0.52601,0.51734,0.3856,0.27697,0.15736,0.036599,-0.086477,-0.20377,-0.33032,-0.44415,-0.57416,0.49308,-0.68452,-0.79488,-0.9168,-1.0156,-1.1375,-1.2219,-1.3109,-1.3877,-1.4657,-1.5085,0.46014,-1.557,-1.59,-1.609,-1.6316,-1.5986,-1.5657,-1.5328,-1.4998,-1.4669,-1.4339,0.4272,-1.401,-1.3681,-1.3155,-1.2727,-1.2069,-1.1439,-1.0982,-1.0098,-0.94338,-0.87751,0.39427,-0.81164,-0.74577,-0.67758,-0.59091,-0.52504,-0.45917,-0.37481,-0.30431,-0.22342,-0.14773,0.60979,0.36133,-0.060475,0.005396,0.071268,0.15505,0.22612,0.29199,0.35902,0.44685,0.51272,0.5861,0.32435,0.66758,0.73345,0.79932,0.86519,0.93106,0.97671,1.0397,1.0888,1.1217,1.1547,0.27235,1.1876,1.2107,1.2304,1.2044,1.1714,1.1616,1.1287,1.0957,1.0073,0.83399,0.23883,0.74269,0.60922,0.46418,0.34111,0.17643,0.066645,-0.028117,-0.14021,-0.20609,-0.24884,0.17296,-0.2916,-0.31298,-0.33783,-0.39156,-0.40717,-0.40717,-0.43028,-0.43028,-0.43028,-0.43779,0.10709,-0.45339,-0.45339,-0.45339,-0.45339,-0.46379,-0.4765,-0.4765,-0.4765,-0.49962,-0.49962,0.041221,-0.49962,-0.49962,-0.49962,-0.49962,-0.49962,-0.49962,-0.49962,-0.49962,-0.49962,-0.48055,-0.02465,-0.4765,-0.4765,-0.47882,-0.49962,-0.49962,-0.49962,-0.49962,-0.49962,-0.49962,-0.49962,-0.090521,-0.51117,-0.52273,-0.52273,-0.52273,-0.52273,-0.52273,-0.52273,-0.52273,-0.54353,-0.54584,-0.15639,-0.54584,-0.5418,-0.52273,-0.52273,-0.52273,-0.52273,-0.52273,-0.52273,0.60979,-0.24538,-0.31125,-0.37712,-0.41988,-0.48575,-0.54873,-0.59438,-0.63772,-0.69376,-0.74577,0.60979,-0.78275,-0.83128,-0.87173,-0.9168,-0.96072,-0.99365,-1.0266,-1.0595,-1.0925,-1.1485,0.60979,-1.1814,-1.2144,-1.2242,-1.2571,-1.2854,-1.2999,-1.2843,-1.2623,-1.2415,-1.2161,0.60979,-1.1988,-1.1658,-1.1329,-1.1231,-1.1005,-1.0803,-1.0705,-1.0376,-1.0046,-0.97169,0.60979,-0.93876,-0.90582,-0.85324,-0.81684,-0.76772,-0.72497,-0.67181,-0.61634,-0.55046,-0.48459,0.60979,-0.41872,-0.35285,-0.28698,-0.22111,-0.13328,-0.057586,0.022731,0.11692,0.21572,0.29142,0.0,0.0
-1.074,-0.99025,-0.94836,-1.3254,-1.2821,-1.2388,-1.1955,-1.1522,-1.1089,-1.0978,-1.0643,-1.021,-0.97768,-0.94836,-0.94836,-0.90576,-0.87574,-0.83245,-0.78916,-0.74587,-0.72492,-0.69211,-0.65789,-0.6146,-0.94836,-0.58528,-0.54199,-0.51266,-0.47845,-0.4596,-0.43865,-0.41351,-0.39187,-0.35626,-0.33461,-0.94836,-0.299,-0.27666,-0.24175,-0.20404,-0.1803,-0.15936,-0.12724,-0.091628,-0.069983,-0.048338,-0.94836,-0.040657,-0.026692,-0.012728,-0.012728,-0.012728,-0.012728,-0.008538,0.001237,0.020787,0.042432,-0.94836,0.050113,0.07106,0.079439,0.10108,0.12273,0.14088,0.15205,0.16881,0.18138,0.18906,-0.93719,0.19674,0.21071,0.22467,0.23375,0.23864,0.24911,0.2526,0.2526,0.26656,0.26656,-0.9295,0.28053,0.29449,0.30287,0.31055,0.3322,0.35035,0.35035,0.3692,0.37828,0.39225,-0.92043,0.40621,0.42018,0.43414,0.44322,0.4481,0.45858,0.46626,0.47603,0.49,0.50326,-0.92043,0.50396,0.51793,0.52631,0.53189,0.54167,0.54935,0.55982,0.57867,0.60032,0.62196,-0.98885,-0.92043,0.62964,0.65129,0.65757,0.66665,0.6883,0.69947,0.71762,0.73927,0.76091,0.76929,-0.92043,0.77627,0.79792,0.81956,0.84121,0.86285,0.88101,0.89218,0.91382,0.93547,0.95083,-0.93439,0.95083,0.97248,0.99412,1.0067,1.0234,1.0346,1.0486,1.0605,1.0765,1.0765,-0.93439,1.0975,1.1051,1.1268,1.1484,1.1701,1.1917,1.2134,1.2259,1.2567,1.2783,-0.93439,1.2999,1.3216,1.3572,1.3788,1.4005,1.4326,1.4536,1.4654,1.4871,1.5087,-0.93439,1.5304,1.552,1.5653,1.5813,1.5932,1.6072,1.6072,1.6211,1.6337,1.6414,-0.93439,1.6491,1.663,1.663,1.6721,1.6798,1.7014,1.7231,1.7328,1.7384,1.7468,-0.93439,1.7259,1.7049,1.6965,1.6749,1.6533,1.6456,1.6239,1.6072,1.5946,1.573,-0.94836,1.5513,1.5297,1.5066,1.4724,1.4368,1.4047,1.3935,1.36,1.3167,1.2734,-0.97489,1.2301,1.1868,1.1352,1.0863,1.043,0.99971,0.95642,0.90824,0.85587,0.8063,-0.97629,-0.97629,0.75533,0.71204,0.65478,0.62057,0.61009,0.5668,0.52351,0.46835,0.42297,0.37968,-0.96232,0.33639,0.30706,0.26377,0.25051,0.21908,0.19325,0.17161,0.14507,0.11435,0.092705,-0.96232,0.07106,0.043131,0.02777,0.006124,-0.015521,-0.037166,-0.044846,-0.066492,-0.093723,-0.11048,-0.96232,-0.096515,-0.096515,-0.096515,-0.082551,-0.082551,-0.07906,-0.068586,-0.063699,-0.054622,-0.040657,-0.9721,-0.040657,-0.026692,-0.026692,-0.026692,-0.023899,-0.012728,-0.012728,-0.012728,-0.007142,0.001237,-0.98676,0.001237,0.015201,0.015201,0.029166,0.029166,0.043131,0.054302,0.061983,0.07106,0.085024,-1.0182,0.098989,0.10667,0.11435,0.12692,0.14088,0.14088,0.14088,0.15275,0.15485,0.15485,-1.051,0.15485,0.16881,0.16881,0.16881,0.17859,0.18278,0.19395,0.19674,0.19674,0.21071,-1.0601,0.21071,0.22467,0.22607,0.23864,0.24143,0.2526,0.26656,0.26656,0.28053,0.28053,-1.0929,0.28053,0.28053,0.28053,0.29659,0.30846,0.31195,0.33359,0.35035,-0.96232,-1.1578,-1.1718,-1.1858,-1.1767,-1.169,-1.1578,-1.1439,-1.1439,-1.1299,-1.1299,-0.95185,-1.1229,-1.1159,-1.1076,-1.1159,-1.1062,-1.0985,-1.088,-1.088,-1.0754,-1.1055,-0.94836,-1.2137,-1.2912,-1.3813,-1.3994,-1.4427,-1.5174,-1.5837,-1.6564,-1.7555,-1.8651,-0.94836,-1.9119,-1.9447,-2.046,-2.076,-2.1744,-2.2366,-2.194,-2.1724,-2.1633,-2.1367,-0.94836,-2.1074,-2.0718,-2.0348,-2.0006,-1.9622,-1.9294,-1.8896,-1.8463,-1.8281,-1.8016,-0.94836,-1.7513,-1.701,-1.6578,-1.6145,-1.5712,-1.5279,-1.4846,-1.4692,-1.4259,-1.3827,4.0,4.0
0.60519,0.58067,0.60519,1.7067,1.7443,1.7689,1.7934,1.8053,1.7762,1.7272,1.6781,1.6291,1.58,0.59772,1.5087,1.4145,1.3353,1.2446,1.1465,1.0346,0.92411,0.81566,0.69305,0.57044,0.57897,0.44784,0.32169,0.17639,0.053785,-0.068823,-0.21438,-0.34027,-0.48241,-0.61171,-0.73432,0.58303,-0.8425,-0.95331,-1.0649,-1.1537,-1.2272,-1.3008,-1.3702,-1.4192,-1.4675,-1.492,0.60519,-1.5165,-1.541,-1.5454,-1.5454,-1.5286,-1.5041,-1.4795,-1.4433,-1.4043,-1.3715,0.60519,-1.3224,-1.2734,-1.2244,-1.1739,-1.1003,-1.051,-0.9794,-0.90584,-0.83227,-0.75871,0.60519,-0.68514,-0.59755,-0.51179,-0.4276,-0.32951,-0.22421,-0.10711,-0.009027,0.091158,0.21337,0.60519,0.31146,0.43276,0.53386,0.63194,0.73003,0.82812,0.9262,1.0113,1.0849,1.168,0.60519,1.2582,1.3256,1.3791,1.4499,1.499,1.548,1.5971,1.624,1.6689,1.6992,0.60519,1.7237,1.7483,1.7728,1.7854,1.7752,1.7592,1.7523,1.7278,1.6999,1.6508,0.60178,0.60519,1.6018,1.5528,1.4809,1.4073,1.3338,1.2425,1.1444,1.032,0.92201,0.80215,0.60519,0.6642,0.53412,0.38699,0.23986,0.092731,-0.054399,-0.20153,-0.34866,-0.49579,-0.64292,0.60519,-0.77169,-0.8943,-1.0169,-1.1395,-1.2506,-1.3487,-1.4386,-1.5186,-1.6073,-1.6593,0.61844,-1.7303,-1.7548,-1.8034,-1.8301,-1.8546,-1.8601,-1.8428,-1.8183,-1.7798,-1.743,0.61988,-1.7185,-1.6852,-1.6432,-1.6133,-1.5642,-1.5172,-1.4924,-1.4433,-1.3943,-1.3453,0.60519,-1.2962,-1.2472,-1.1981,-1.1491,-1.1,-1.0399,-0.97573,-0.91895,-0.84538,-0.77182,0.59706,-0.69826,-0.62469,-0.55113,-0.45383,-0.37777,-0.3042,-0.21202,-0.13085,-0.057283,0.016281,0.57254,0.078044,0.13718,0.21075,0.28431,0.35788,0.42817,0.47878,0.55235,0.62591,0.67679,0.54802,0.74682,0.8011,0.86772,0.92542,0.97446,1.0235,1.0618,1.0954,1.1444,1.1878,0.5235,1.2163,1.2653,1.3138,1.3384,1.3629,1.409,1.4381,1.4627,1.4872,1.4969,0.60519,0.49898,1.4838,1.4593,1.4347,1.4102,1.3794,1.3349,1.3075,1.2585,1.2094,1.1604,0.47446,1.0891,1.0361,0.96817,0.8946,0.82104,0.74747,0.67391,0.58998,0.50055,0.42699,0.42581,0.34818,0.25363,0.18006,0.1065,0.032935,-0.017682,-0.087968,-0.14199,-0.19104,-0.24008,0.39919,-0.28912,-0.33817,-0.3762,-0.41003,-0.45147,-0.47599,-0.50051,-0.52254,-0.52333,-0.54785,0.35395,-0.54876,-0.57066,-0.5548,-0.54876,-0.53198,-0.52254,-0.52254,-0.51087,-0.49631,-0.49631,0.28589,-0.49631,-0.49146,-0.47009,-0.47009,-0.47009,-0.47009,-0.47009,-0.47009,-0.45094,-0.44386,0.22963,-0.44386,-0.44386,-0.44386,-0.44386,-0.43494,-0.41763,-0.41763,-0.41763,-0.41763,-0.41763,0.16498,-0.41763,-0.39442,-0.39141,-0.39141,-0.39141,-0.39141,-0.39141,-0.39141,-0.38013,-0.36518,0.10532,-0.36518,-0.36518,-0.36518,-0.36518,-0.36518,-0.36518,-0.36518,-0.36518,-0.36518,-0.36518,0.044081,-0.36518,-0.36518,-0.36518,-0.36518,-0.36518,-0.36518,-0.36518,-0.36518,0.60519,-0.029484,-0.10305,-0.18369,-0.2764,-0.35364,-0.44976,-0.52333,-0.59689,-0.69353,-0.77025,0.60519,-0.84381,-0.91738,-0.99094,-1.0645,-1.1252,-1.1854,-1.2401,-1.2723,-1.3154,-1.3399,0.60519,-1.3644,-1.3889,-1.4134,-1.3905,-1.366,-1.3415,-1.2983,-1.2493,-1.2002,-1.1377,0.60519,-1.0759,-1.0168,-0.93482,-0.84342,-0.76487,-0.67006,-0.59492,-0.49684,-0.39875,-0.30066,0.60519,-0.20258,-0.085214,0.019822,0.13378,0.24222,0.35277,0.46462,0.57176,0.68702,0.79075,0.60519,0.90942,1.0075,1.1056,1.2037,1.3018,1.3782,1.4518,1.5253,1.5989,1.6577,0.0,0.0
0.43755,0.41231,0.46406,-0.87524,-0.7841,-0.69019,-0.55348,-0.43495,-0.30531,-0.17694,-0.092615,-0.045153,0.071231,0.48804,0.16237,0.26247,0.37393,0.51064,0.64735,0.75881,0.86673,0.95181,1.0679,1.1593,0.48804,1.2656,1.3669,1.458,1.5744,1.6241,1.7062,1.7973,1.8884,1.9543,2.0241,0.48804,2.0533,2.0648,2.0851,2.0785,2.0785,1.934,1.7009,1.5268,1.4153,1.2786,0.48804,1.1242,0.97996,0.91899,0.78229,0.64558,0.50887,0.37216,0.21021,0.073503,-0.063204,0.48804,-0.19991,-0.26088,-0.36325,-0.47964,-0.57078,-0.85757,-0.98027,-1.0267,-1.0568,-1.0772,0.48804,-1.1025,-1.1277,-1.1277,-1.1529,-1.1529,-1.1529,-1.1529,-1.1529,-1.1469,-1.1266,0.48804,-1.1025,-1.0859,-1.052,-1.0267,-0.99971,-0.97623,-0.93381,-0.91349,-0.87524,-0.8476,0.48804,-0.82475,-0.78171,-0.73614,-0.71581,-0.67024,-0.62468,-0.62278,-0.58403,-0.53846,-0.48923,0.48804,-0.42208,-0.35745,-0.30569,-0.24409,-0.18931,-0.11912,-0.027986,0.063152,0.17954,0.2756,0.41231,0.48804,0.38706,0.4628,0.58474,0.72144,0.8329,0.96898,1.0601,1.1765,1.2929,1.4093,0.48804,1.5257,1.6384,1.7498,1.8496,1.9407,2.0299,2.0533,2.0958,2.079,2.0206,0.48804,1.975,1.7695,1.664,1.4971,1.406,1.2391,1.0775,0.95585,0.77534,0.66388,0.48804,0.47668,0.29176,0.17802,0.016069,-0.086052,-0.17719,-0.26833,-0.31983,-0.40011,-0.48128,0.48804,-0.55209,-0.82475,-0.8452,-0.89077,-0.93634,-0.97623,-0.97698,-1.0015,-1.0015,-1.0127,0.48804,-1.0267,-1.0267,-1.0267,-1.0015,-0.98961,-0.96928,-0.94896,-0.90339,-0.90049,-0.87524,0.48804,-0.84242,-0.7995,-0.77653,-0.73096,-0.66015,-0.63982,-0.59097,-0.52344,-0.47787,-0.40705,0.48804,-0.3274,-0.26151,-0.17037,-0.098548,-0.013343,0.077795,0.17348,0.28532,0.37646,0.46759,0.48804,0.50824,0.59938,0.69052,0.78165,0.87279,0.96393,1.0551,1.1462,1.2586,1.3032,0.48804,1.3944,1.4855,1.5767,1.6678,1.7589,1.8248,1.8655,1.9292,1.9748,2.0204,0.41231,0.48804,2.0533,2.0785,2.0253,1.8873,1.8332,1.6961,1.532,1.3901,1.2989,1.1321,0.51215,1.0409,0.94979,0.85865,0.76752,0.67638,0.58524,0.5037,0.46936,0.33707,0.24593,0.51329,0.16994,0.088903,0.023011,-0.068127,-0.15927,-0.22516,-0.30544,-0.37625,-0.64904,-0.69461,0.51329,-0.76542,-0.82248,-0.87524,-0.90213,-0.9477,-0.97623,-0.98834,-1.0339,-1.0795,-1.1251,0.51329,-1.1454,-1.1657,-1.1782,-1.1782,-1.1782,-1.1782,-1.1396,-1.1025,-1.0772,-1.0534,0.51329,-1.0078,-0.98746,-0.94189,-0.89632,-0.85075,-0.80518,-0.75962,-0.72377,-0.68893,-0.62291,0.51329,-0.57734,-0.53177,-0.46096,-0.40996,-0.34407,-0.27376,-0.22819,-0.15737,-0.1118,-0.066233,0.51329,-0.020664,0.024905,0.070474,0.084107,0.082339,0.058861,0.058861,0.033615,0.033615,0.031216,0.47315,0.008369,0.008369,-0.004507,-0.016877,-0.016877,-0.016877,-0.042123,-0.042123,-0.067369,-0.07103,0.45282,-0.092615,-0.11168,-0.11786,-0.12708,-0.14311,-0.14311,-0.14311,-0.14311,0.43755,0.40726,0.36169,0.31612,0.27055,0.22498,0.21034,0.18433,0.13876,0.093195,0.047626,0.43755,-0.004254,-0.068758,-0.092615,-0.13465,-0.20547,-0.28322,-0.34912,-0.44025,-0.53139,-0.62253,0.43755,-0.71367,-0.75431,-0.84545,-0.93659,-1.0146,-1.0936,-1.1595,-1.227,-1.2792,-1.3182,0.4628,-1.389,-1.4346,-1.4801,-1.551,-1.5965,-1.6421,-1.6831,-1.708,-1.7283,-1.7486,0.4628,-1.769,-1.7841,-1.7841,-1.7635,-1.7589,-1.7336,-1.7084,-1.6822,-1.6367,-1.6001,0.4628,-1.5455,-1.5064,-1.4781,-1.4088,-1.338,-1.2552,-1.1893,-1.0982,-1.007,-0.94113,2.0,2.0
-0.57719,-0.66617,-0.7585,-1.55,-1.5166,-1.4833,-1.4499,-1.4165,-1.3832,-1.3498,-1.3164,-1.2831,-1.2497,-0.76928,-1.2062,-1.169,-1.1356,-1.1023,-1.0689,-1.0256,-0.98822,-0.95485,-0.92148,-0.88811,-0.7804,-0.85474,-0.81443,-0.77406,-0.74069,-0.70732,-0.68354,-0.65453,-0.62116,-0.58779,-0.55442,-0.7864,-0.53047,-0.50822,-0.48221,-0.44978,-0.42753,-0.40529,-0.38946,-0.37474,-0.35326,-0.34214,-0.7887,-0.33102,-0.3199,-0.30877,-0.29765,-0.28653,-0.2754,-0.26428,-0.2564,-0.25598,-0.24486,-0.79982,-0.23374,-0.22261,-0.21149,-0.20037,-0.18924,-0.17812,-0.167,-0.15298,-0.1308,-0.11968,-0.80035,-0.10019,-0.083488,-0.069646,-0.047399,-0.025153,-0.002908,0.013969,0.027637,0.049883,0.082973,-0.80812,0.10832,0.13057,0.15281,0.17506,0.20798,0.2335,0.26077,0.29194,0.31419,0.34693,-0.81429,0.3803,0.40882,0.43309,0.46646,0.49982,0.53319,0.56656,0.59993,0.6333,0.66667,-0.81429,0.70004,0.73341,0.76678,0.80015,0.82354,0.85294,0.88631,0.91967,0.95304,0.98641,-0.69707,-0.81429,1.0128,1.0392,1.0726,1.1059,1.1297,1.1587,1.1881,1.2115,1.2449,1.2688,-0.81429,1.2911,1.3171,1.3495,1.3717,1.394,1.4162,1.4385,1.4607,1.483,1.5052,-0.81429,1.5275,1.5497,1.572,1.5942,1.6075,1.6247,1.6437,1.6553,1.6775,1.691,-0.81429,1.7022,1.7164,1.7383,1.7495,1.7606,1.7717,1.7828,1.7939,1.7939,1.8023,-0.81429,1.8134,1.819,1.8079,1.7968,1.7856,1.7745,1.7582,1.7249,1.7132,1.6941,-0.81429,1.6718,1.652,1.6409,1.6297,1.6107,1.5935,1.5802,1.5579,1.5357,1.5212,-0.81429,1.5051,1.4808,1.4475,1.4245,1.4022,1.3753,1.3419,1.3085,1.2853,1.2557,-0.81429,1.2224,1.189,1.1556,1.1223,1.0889,1.0555,1.0206,0.97613,0.94147,0.9081,-0.81429,0.87473,0.84136,0.80799,0.78428,0.7552,0.72183,0.68846,0.65509,0.62172,0.58836,-0.81252,0.55499,0.52162,0.48825,0.45488,0.42151,0.3918,0.36872,0.33535,0.31112,0.28256,-0.70819,-0.80139,0.25268,0.23043,0.20819,0.18594,0.16983,0.15539,0.13364,0.12251,0.11139,0.10027,-0.80035,0.092283,0.092283,0.092283,0.092283,0.092283,0.092283,0.092283,0.092283,0.092283,0.092283,-0.80035,0.092283,0.092283,0.092283,0.092283,0.086844,0.078336,0.078336,0.078336,0.078336,0.078336,-0.80035,0.078336,0.078336,0.078336,0.086251,0.092283,0.092283,0.092283,0.092283,0.092283,0.092283,-0.79874,0.094375,0.1055,0.10623,0.10623,0.11097,0.12018,0.12018,0.13039,0.13413,0.13869,-0.78762,0.14807,0.14807,0.14807,0.15529,0.16202,0.16202,0.16202,0.17189,0.17597,0.17597,-0.7864,0.17597,0.17597,0.17597,0.17597,0.17597,0.17597,0.17597,0.17597,0.17597,0.17597,-0.7864,0.17597,0.17597,0.17597,0.17597,0.17597,0.17597,0.17597,0.17597,0.17597,0.17597,-0.7864,0.17597,0.17597,0.17597,0.17597,0.17262,0.16202,0.16202,0.16202,0.16202,0.16202,-0.7864,0.16167,0.15055,0.14807,0.14807,0.14807,0.1479,0.13678,0.1426,-0.71931,-0.7864,-0.77667,-0.77245,-0.76837,-0.75725,-0.74613,-0.735,-0.73061,-0.74233,-0.77678,-0.73044,-0.82127,-0.87514,-0.93075,-0.97518,-0.99742,-1.0197,-1.0511,-1.11,-1.1701,-1.1945,-0.73061,-1.2501,-1.2877,-1.3211,-1.3544,-1.3873,-1.4095,-1.4672,-1.5098,-1.5449,-1.6101,-0.73873,-1.6323,-1.6632,-1.6907,-1.7251,-1.7917,-1.8473,-1.8774,-1.9223,-1.9862,-2.0417,-0.74986,-2.0528,-2.0639,-2.02,-1.9413,-1.9302,-1.9191,-1.8998,-1.8776,-1.8578,-1.8467,-0.7585,-1.8248,-1.8025,-1.7803,-1.758,-1.7358,-1.7029,-1.6774,-1.6501,-1.6168,-1.5834,4.0,4.0
1.7119,1.633,1.5031,-0.56892,-0.57812,-0.58732,-0.59385,-0.60828,-0.62272,-0.64103,-0.6608,-0.67524,-0.68968,1.4795,-0.70411,-0.70936,-0.73152,-0.7512,-0.77107,-0.7947,-0.81834,-0.83278,-0.84961,-0.87085,1.465,-0.87609,-0.89053,-0.90497,-0.91941,-0.93385,-0.94829,-0.97027,-0.98636,-0.99197,-1.0152,1.4468,-1.0306,-1.0533,-1.07,-1.0914,-1.1093,-1.1295,-1.1487,-1.1767,-1.1851,-1.2077,1.436,-1.2292,-1.2563,-1.2852,-1.3048,-1.3238,-1.3442,-1.3598,-1.3671,-1.3907,-1.4137,1.4166,-1.438,-1.4623,-1.4853,-1.5089,-1.5305,-1.547,-1.553,-1.5575,-1.5714,-1.5772,1.3981,-1.5824,-1.5898,-1.5898,-1.5898,-1.599,-1.599,-1.5933,-1.5898,-1.5828,-1.5775,1.3836,-1.5714,-1.5578,-1.5434,-1.529,-1.5145,-1.5001,-1.4765,-1.462,-1.4525,-1.4331,1.3668,-1.4187,-1.4043,-1.3898,-1.3754,-1.3609,-1.3465,-1.3229,-1.3084,-1.3032,-1.2887,1.3456,-1.2743,-1.2599,-1.2454,-1.231,-1.2112,-1.1929,-1.1785,-1.1732,-1.1588,-1.1444,1.6173,1.3311,-1.1299,-1.1155,-1.101,-1.0801,-1.063,-1.0563,-1.0394,-1.0197,-0.99602,-0.98038,1.3167,-0.95794,-0.94351,-0.92134,-0.90543,-0.89099,-0.87241,-0.86101,-0.83848,-0.82165,-0.8004,1.293,-0.78229,-0.76233,-0.74789,-0.73244,-0.71607,-0.70457,-0.68259,-0.6665,-0.64323,-0.62843,1.2878,-0.61399,-0.59339,-0.57591,-0.56892,-0.55623,-0.53306,-0.51816,-0.50372,-0.48321,-0.46564,1.2671,-0.4512,-0.44017,-0.44017,-0.42628,-0.41184,-0.3974,-0.39216,-0.38499,-0.37579,-0.36724,1.2474,-0.3574,-0.3574,-0.35151,-0.34627,-0.339,-0.32981,-0.32981,-0.3253,-0.32061,-0.32061,1.2261,-0.31141,-0.30433,-0.30222,-0.29385,-0.29302,-0.28382,-0.27812,-0.27288,-0.26543,-0.25623,1.2117,-0.24796,-0.23352,-0.22828,-0.21384,-0.1994,-0.18496,-0.17052,-0.15608,-0.15084,-0.1364,1.1884,-0.12196,-0.11672,-0.10228,-0.087843,-0.073404,-0.058965,-0.044526,-0.030087,-0.015648,-0.001209,1.1736,0.001274,0.009275,0.019667,0.028864,0.034198,0.03944,0.047257,0.049924,0.056454,0.056454,1.595,1.1582,0.065651,0.070893,0.076135,0.090574,0.10244,0.11025,0.11163,0.11163,0.12598,0.14042,1.1355,0.14842,0.1601,0.18227,0.19818,0.22163,0.24131,0.25989,0.28067,0.29557,0.31084,1.1141,0.33603,0.35939,0.38827,0.41715,0.44603,0.4749,0.50378,0.53625,0.55308,0.58122,1.0992,0.6101,0.64514,0.67705,0.70593,0.744,0.77288,0.80176,0.83146,0.86871,0.89759,1.0795,0.92646,0.95534,0.98422,1.0084,1.0328,1.0557,1.0793,1.101,1.1174,1.1318,1.0594,1.1463,1.1515,1.1659,1.1804,1.1948,1.2093,1.2237,1.2381,1.2526,1.267,1.0309,1.2815,1.2959,1.3011,1.3156,1.3388,1.372,1.3865,1.4009,1.4154,1.4298,1.0113,1.4442,1.4495,1.4639,1.4784,1.4836,1.498,1.5125,1.5269,1.5371,1.5466,0.98845,1.561,1.5755,1.5899,1.5952,1.6096,1.624,1.6293,1.6437,1.6475,1.6542,0.96481,1.6686,1.6831,1.6883,1.7028,1.7119,1.7224,1.7303,1.7329,1.5805,0.95037,0.93014,0.9215,0.89786,0.87423,0.85979,0.83615,0.82171,0.79403,0.71328,1.5739,0.69563,0.67199,0.65755,0.64311,0.62867,0.61745,0.60899,0.58536,0.57037,0.54728,1.5609,0.53284,0.51841,0.50397,0.48116,0.47509,0.45881,0.40942,0.388,0.34376,0.29253,1.5464,0.27809,0.25933,0.20323,0.1944,0.15762,0.13003,0.11789,0.070709,0.044498,0.010194,1.532,0.001274,-0.014177,-0.051515,-0.074507,-0.10798,-0.14495,-0.16445,-0.19517,-0.25771,-0.27214,1.5175,-0.30038,-0.34701,-0.37248,-0.45001,-0.51908,-0.52432,-0.53214,-0.5348,-0.54133,-0.55448,1.0,1.0
1.7963,1.7083,1.5937,-0.6874,-0.71187,-0.74361,-0.77024,-0.7974,-0.82914,-0.85308,-0.88293,-0.91466,-0.93672,1.5734,-0.96845,-0.9976,-1.0222,-1.054,-1.0857,-1.1113,-1.1395,-1.1712,-1.1941,-1.225,1.5629,-1.2471,-1.277,-1.2981,-1.3193,-1.3404,-1.3616,-1.3827,-1.3967,-1.4154,-1.4275,1.5503,-1.4378,-1.439,-1.4475,-1.4505,-1.4572,-1.4525,-1.4475,-1.441,-1.4378,-1.4295,1.532,-1.4282,-1.4277,-1.4185,-1.4163,-1.4088,-1.4048,-1.3991,-1.3991,-1.3924,-1.3819,1.5214,-1.3797,-1.3704,-1.3695,-1.3604,-1.358,-1.3474,-1.341,-1.341,-1.3351,-1.3313,1.5109,-1.3236,-1.3216,-1.3121,-1.3023,-1.3006,-1.2926,-1.2892,-1.2786,-1.268,-1.2635,1.5003,-1.2565,-1.2459,-1.2354,-1.2248,-1.2142,-1.2036,-1.1931,-1.1825,-1.1719,-1.1613,1.4897,-1.1507,-1.133,-1.1199,-1.1093,-1.0987,-1.0882,-1.0776,-1.0641,-1.0467,-1.0362,1.4791,-1.0256,-1.015,-1.0044,-0.99385,-0.97412,-0.96301,-0.95243,-0.94185,-0.93127,-0.92069,1.6977,1.4603,-0.91011,-0.89953,-0.88895,-0.87838,-0.8678,-0.85722,-0.84664,-0.83606,-0.82548,-0.8149,1.4483,-0.80432,-0.79374,-0.78317,-0.77259,-0.76971,-0.76111,-0.75053,-0.73995,-0.73097,-0.72848,1.4277,-0.7179,-0.71161,-0.70643,-0.69585,-0.69224,-0.68437,-0.68256,-0.6729,-0.672,-0.66319,1.4078,-0.66053,-0.65351,-0.65351,-0.64816,-0.64382,-0.64382,-0.63579,-0.63414,-0.634,-0.62446,1.3951,-0.62252,-0.61194,-0.60136,-0.59079,-0.58021,-0.56963,-0.55905,-0.54847,-0.54699,-0.537,1.3618,-0.52642,-0.51584,-0.50526,-0.49078,-0.47442,-0.45815,-0.44358,-0.42552,-0.40436,-0.3832,1.314,-0.36205,-0.34089,-0.31973,-0.2954,-0.26773,-0.24657,-0.22542,-0.20426,-0.17545,-0.15226,1.2736,-0.1311,-0.10994,-0.090336,-0.077312,-0.056154,-0.034996,-0.018971,-0.002364,0.01187,0.030268,1.233,0.042711,0.05329,0.073552,0.084131,0.097324,0.11497,0.12996,0.14581,0.16259,0.17665,1.1854,0.19522,0.21638,0.22785,0.24802,0.26049,0.27886,0.29312,0.3097,0.32028,0.33086,1.6871,1.1519,0.3487,0.3617,0.37228,0.38259,0.38375,0.39433,0.40491,0.41549,0.42132,0.42696,1.0888,0.43101,0.43844,0.44902,0.45959,0.47017,0.48075,0.4891,0.49223,0.50281,0.51338,1.0612,0.51815,0.52486,0.53544,0.54602,0.5566,0.56778,0.58744,0.60041,0.62486,0.65241,1.0013,0.66848,0.68504,0.7062,0.72736,0.77452,0.79872,0.82066,0.85072,0.87188,0.8965,0.97312,0.93259,0.9644,0.99171,1.0164,1.0376,1.0587,1.0992,1.1204,1.1416,1.1627,0.91056,1.1839,1.2005,1.2273,1.2507,1.2613,1.28,1.2921,1.3221,1.3327,1.3432,0.88941,1.3538,1.3644,1.375,1.38,1.3864,1.397,1.4076,1.4182,1.4288,1.4393,0.86825,1.4499,1.4605,1.4711,1.4817,1.4922,1.5028,1.5134,1.524,1.5345,1.5451,0.84709,1.5557,1.5663,1.5769,1.5833,1.5883,1.5989,1.6095,1.6201,1.6307,1.6412,0.8024,1.6518,1.6624,1.673,1.6835,1.6941,1.7047,1.7153,1.7259,1.6765,0.76604,0.75256,0.7077,0.6832,0.60462,0.58303,0.51075,0.48574,0.45812,0.41554,1.666,0.3838,0.36596,0.33969,0.30796,0.29549,0.28322,0.25497,0.24703,0.23996,0.2188,1.6554,0.20829,0.20207,0.19861,0.18258,0.10798,0.091974,0.081395,0.068904,0.050554,0.036272,1.6385,0.015114,-0.006044,-0.027202,-0.048359,-0.069517,-0.090675,-0.11183,-0.13418,-0.16383,-0.18499,1.6246,-0.21002,-0.23699,-0.25814,-0.28586,-0.31014,-0.3313,-0.35246,-0.37362,-0.39613,-0.42561,1.6059,-0.44677,-0.46793,-0.48909,-0.51025,-0.5314,-0.56019,-0.5834,-0.60456,-0.6354,-0.65808,1.0,1.0
-2.0201,-1.8391,-1.6648,-0.86566,-0.85422,-0.84278,-0.83134,-0.8199,-0.81821,-0.80756,-0.79612,-0.78658,-0.78379,-1.6518,-0.77235,-0.7655,-0.76001,-0.74858,-0.74441,-0.73624,-0.73387,-0.72391,-0.72301,-0.71278,-1.6296,-0.71067,-0.69923,-0.6878,-0.68115,-0.67546,-0.66402,-0.65258,-0.64114,-0.6297,-0.61826,-1.6078,-0.60683,-0.59681,-0.59449,-0.58627,-0.58215,-0.57572,-0.56982,-0.55838,-0.55464,-0.54604,-1.5944,-0.53461,-0.52317,-0.51173,-0.50029,-0.49138,-0.48795,-0.47651,-0.46507,-0.45364,-0.4422,-1.5744,-0.43866,-0.42986,-0.41842,-0.41753,-0.40704,-0.40519,-0.39649,-0.39285,-0.38595,-0.38052,-1.5592,-0.36908,-0.36486,-0.35675,-0.34531,-0.33387,-0.32243,-0.31215,-0.31009,-0.29865,-0.28721,-1.541,-0.27577,-0.26998,-0.26344,-0.25943,-0.2511,-0.24889,-0.23877,-0.23835,-0.23698,-0.2278,-1.5295,-0.22464,-0.2132,-0.20672,-0.20087,-0.19618,-0.18853,-0.18563,-0.1762,-0.16476,-0.16386,-1.5116,-0.15242,-0.14346,-0.14009,-0.12865,-0.11721,-0.10577,-0.09433,-0.082891,-0.071452,-0.060013,-1.818,-1.4961,-0.048573,-0.037134,-0.025695,-0.014256,-0.002817,0.008622,0.020061,0.031501,0.04294,0.046314,-1.4847,0.055275,0.066714,0.078153,0.089593,0.10103,0.11537,0.13445,0.14589,0.15733,0.16877,-1.4641,0.18021,0.19165,0.20309,0.21453,0.22597,0.23741,0.24884,0.26028,0.27172,0.28316,-1.4513,0.2888,0.2955,0.30694,0.31838,0.32043,0.33071,0.34152,0.34305,0.35449,0.36592,-1.4394,0.37315,0.37826,0.3897,0.40114,0.40478,0.41347,0.42491,0.42586,0.43725,0.44869,-1.4178,0.45749,0.46102,0.47246,0.4839,0.49534,0.49966,0.50768,0.51911,0.53055,0.53145,-1.4064,0.54183,0.54378,0.55238,0.55612,0.56756,0.57346,0.57989,0.58401,0.59223,0.60367,-1.395,0.60509,0.61564,0.6169,0.62618,0.62618,0.63013,0.63672,0.63672,0.64336,0.64726,-1.3835,0.6557,0.65781,0.65781,0.66835,0.66983,0.67889,0.68216,0.68944,0.6945,0.70594,-1.3721,0.71738,0.72881,0.74025,0.75169,0.76313,0.77457,0.78601,0.80003,0.81943,0.83087,-1.8039,-1.3606,0.84758,0.86429,0.87573,0.89513,0.90915,0.92059,0.93214,0.95401,0.96545,0.97689,-1.3492,0.99202,1.0103,1.0218,1.0332,1.0519,1.0666,1.0781,1.0995,1.1115,1.1229,-1.3378,1.1344,1.1458,1.1533,1.1581,1.1696,1.181,1.1924,1.2039,1.206,1.2162,-1.3263,1.2277,1.2377,1.24,1.2482,1.2523,1.2588,1.2647,1.2761,1.2798,1.2884,-1.3149,1.2904,1.3008,1.3115,1.3131,1.3245,1.3326,1.3369,1.3483,1.3536,1.3607,-1.3137,1.3642,1.373,1.3747,1.3853,1.3853,1.3871,1.3958,1.3958,1.3958,1.3958,-1.3137,1.3958,1.403,1.4064,1.4064,1.4064,1.4066,1.4169,1.4169,1.4199,1.4313,-1.3137,1.438,1.4436,1.4551,1.4665,1.4696,1.4788,1.4903,1.5017,1.5132,1.5269,-1.3137,1.5466,1.558,1.5744,1.5914,1.6096,1.6249,1.6448,1.6677,1.6803,1.7029,-1.3137,1.7242,1.7357,1.7505,1.7691,1.7805,1.792,1.8034,1.8148,-1.781,-1.3095,-1.3032,-1.3032,-1.2963,-1.2926,-1.2839,-1.2725,-1.2716,-1.2602,-1.2487,-1.7626,-1.2373,-1.2294,-1.225,-1.2135,-1.2021,-1.1906,-1.1872,-1.1783,-1.1669,-1.166,-1.7458,-1.1545,-1.1431,-1.1345,-1.1308,-1.1193,-1.1079,-1.1029,-1.0955,-1.0841,-1.0818,-1.7229,-1.0718,-1.0709,-1.0607,-1.0585,-1.0502,-1.0462,-1.0396,-1.0339,-1.0291,-1.0215,-1.7,-1.0185,-1.0092,-1.008,-0.99744,-0.99597,-0.9869,-0.98363,-0.97219,-0.96581,-0.95986,-1.6852,-0.94842,-0.94473,-0.93608,-0.92464,-0.92364,-0.91231,-0.90087,-0.89201,-0.88853,-0.87709,3.0,5.0
-2.3402,-2.089,-1.6369,-0.81747,-0.8135,-0.8135,-0.80439,-0.79759,-0.79759,-0.79131,-0.78169,-0.78169,-0.78169,-1.6079,-0.78169,-0.77481,-0.76579,-0.76579,-0.76173,-0.75207,-0.74241,-0.73398,-0.73398,-0.72933,-1.5789,-0.71967,-0.71001,-0.70034,-0.69068,-0.68102,-0.67136,-0.6617,-0.65204,-0.64238,-0.63272,-1.5499,-0.62306,-0.60413,-0.58783,-0.57817,-0.56851,-0.55885,-0.54918,-0.53591,-0.51658,-0.5043,-1.529,-0.49464,-0.48498,-0.4711,-0.45178,-0.44009,-0.43043,-0.42077,-0.40629,-0.38697,-0.37588,-1.5114,-0.36622,-0.35656,-0.3469,-0.33723,-0.32757,-0.31791,-0.30825,-0.29859,-0.28893,-0.28869,-1.5018,-0.28551,-0.27585,-0.26619,-0.25653,-0.24686,-0.2372,-0.22754,-0.21788,-0.20822,-0.19856,-1.4921,-0.1889,-0.17924,-0.16958,-0.15991,-0.15025,-0.14059,-0.13093,-0.11288,-0.095705,-0.086044,-1.4825,-0.076382,-0.066721,-0.05706,-0.047399,-0.037738,-0.021914,-0.002592,0.007149,0.01681,0.026472,-1.4728,0.036133,0.045794,0.055455,0.065116,0.074778,0.084439,0.0941,0.10376,0.11342,0.12308,-1.913,-1.4631,0.12479,0.1265,0.13616,0.14583,0.15549,0.16515,0.17481,0.18447,0.19413,0.20379,-1.4535,0.20431,0.20721,0.21687,0.22021,0.22021,0.22021,0.22371,0.23337,0.23612,0.23679,-1.4438,0.24645,0.25202,0.25202,0.25953,0.26792,0.26792,0.27261,0.28227,0.29194,0.3016,-1.4342,0.31126,0.31563,0.31563,0.32434,0.334,0.34366,0.35332,0.36298,0.37264,0.38231,-1.4337,0.39197,0.40163,0.41129,0.42095,0.43061,0.44027,0.44993,0.4596,0.46926,0.47892,-1.4337,0.48858,0.49824,0.5079,0.51756,0.52722,0.53689,0.54655,0.55621,0.56587,0.57553,-1.4337,0.58519,0.59485,0.60189,0.60189,0.60793,0.61759,0.61779,0.62101,0.63067,0.6337,-1.4337,0.63409,0.64375,0.65342,0.66308,0.6655,0.6665,0.67616,0.68582,0.69548,0.70514,-1.4337,0.7148,0.72446,0.72912,0.72912,0.73754,0.74939,0.76871,0.78243,0.79209,0.80175,-1.4337,0.81141,0.82108,0.83074,0.8404,0.85968,0.87562,0.88528,0.89495,0.90516,0.92449,-1.8744,-1.4337,0.93983,0.94949,0.95916,0.96997,0.98929,1.004,1.0137,1.0234,1.033,1.0427,-1.4337,1.0523,1.062,1.0717,1.0813,1.091,1.0949,1.0949,1.1041,1.1108,1.1108,-1.4337,1.1172,1.1268,1.1365,1.1426,1.1426,1.1496,1.1585,1.1585,1.1626,1.1723,-1.4337,1.1744,1.1744,1.1744,1.1791,1.1888,1.1903,1.1903,1.1903,1.1956,1.2053,-1.4337,1.2062,1.2062,1.2062,1.2062,1.2062,1.2156,1.2221,1.2221,1.2221,1.2224,-1.4337,1.2321,1.238,1.238,1.2451,1.2539,1.2539,1.2539,1.2539,1.2616,1.2698,-1.4337,1.2698,1.2698,1.2698,1.2698,1.2719,1.2816,1.2857,1.2857,1.2946,1.3043,-1.4261,1.314,1.3236,1.3333,1.3429,1.3559,1.3752,1.3878,1.3979,1.4172,1.4366,-1.4178,1.4559,1.4679,1.4786,1.498,1.5173,1.5366,1.5559,1.5736,1.5833,1.5929,-1.4178,1.6026,1.6123,1.6219,1.6316,1.6412,1.6509,1.6606,1.6702,-1.8358,-1.4178,-1.4178,-1.4096,-1.4019,-1.4019,-1.3965,-1.3869,-1.3772,-1.3701,-1.3701,-1.7971,-1.3701,-1.3701,-1.3607,-1.3542,-1.3542,-1.3476,-1.338,-1.3283,-1.3187,-1.309,-1.7585,-1.3065,-1.3056,-1.2959,-1.2863,-1.2766,-1.2669,-1.2573,-1.2476,-1.238,-1.2283,-1.7238,-1.2186,-1.209,-1.1993,-1.1841,-1.1648,-1.1544,-1.1448,-1.1351,-1.1193,-1.1,-1.6949,-1.0902,-1.0773,-1.0579,-1.0386,-1.0198,-1.0101,-0.99654,-0.97722,-0.9579,-0.93965,-1.6659,-0.92999,-0.91583,-0.89651,-0.8851,-0.87544,-0.86578,-0.85612,-0.84646,-0.83679,-0.82713,3.0,5.0
1.28,1.1655,0.63306,1.6236,1.5474,1.4335,1.3193,1.2052,1.0911,0.97697,0.82601,0.71055,0.59642,0.576,0.46512,0.33,0.21588,0.10175,-0.050546,-0.16467,-0.26277,-0.35475,-0.45323,-0.54484,0.48306,-0.60553,-0.66259,-0.71965,-0.77672,-0.83378,-0.89084,-0.9479,-0.97195,-1.0239,-1.0809,0.42371,-1.138,-1.1951,-1.2521,-1.3092,-1.3536,-1.3851,-1.4422,-1.4993,-1.5445,-1.5752,0.36664,-1.5941,-1.5905,-1.5445,-1.5145,-1.4575,-1.4004,-1.3433,-1.2863,-1.2292,-1.1721,0.27141,-1.1151,-1.058,-1.0101,-0.98207,-0.925,-0.86794,-0.80248,-0.71564,-0.65858,-0.60152,0.21435,-0.54446,-0.48739,-0.42308,-0.3351,-0.27803,-0.22097,-0.16391,-0.10685,-0.049783,0.032281,0.15729,0.10251,0.15958,0.21664,0.2737,0.36893,0.426,0.48306,0.5636,0.63536,0.69242,0.10022,0.74948,0.80654,0.86361,0.92067,0.93956,0.99663,1.0537,1.0892,1.1296,1.1867,0.00499,1.2438,1.3008,1.3579,1.415,1.4339,1.4909,1.5098,1.5669,1.5858,1.6428,1.1277,-0.052073,1.6999,1.6428,1.5858,1.5287,1.4716,1.4146,1.3575,1.3005,1.2434,1.1308,-0.10914,1.0529,0.94071,0.86246,0.75063,0.6365,0.52237,0.40825,0.33229,0.21817,0.10404,-0.1662,0.024266,-0.086043,-0.1662,-0.27613,-0.35666,-0.46621,-0.54713,-0.64236,-0.73225,-0.80821,-0.22326,-0.88989,-0.96012,-1.0422,-1.0992,-1.188,-1.2515,-1.3086,-1.3657,-1.4227,-1.4798,-0.31391,-1.5369,-1.6052,-1.6892,-1.7462,-1.8033,-1.8603,-1.9174,-1.9745,-2.0315,-2.0886,-0.37556,-2.0884,-2.0313,-1.9743,-1.9172,-1.8601,-1.8117,-1.7842,-1.7271,-1.6701,-1.613,-0.43262,-1.5559,-1.4989,-1.4418,-1.3777,-1.2895,-1.2258,-1.1372,-1.0739,-0.98493,-0.8897,-0.52785,-0.83263,-0.7374,-0.68034,-0.61812,-0.52804,-0.47098,-0.39025,-0.36124,-0.36124,-0.35724,-0.58492,-0.32307,-0.32307,-0.32307,-0.32307,-0.21238,-0.091196,-0.034133,0.020449,0.041824,0.098887,-0.68015,0.15595,0.21301,0.27008,0.28897,0.34603,0.40214,0.42199,0.47905,0.53612,0.59318,1.0707,-0.76965,0.65024,0.7073,0.76437,0.82143,0.87849,0.89834,0.95445,1.0115,1.0686,1.1256,-0.83244,1.1445,1.2016,1.2587,1.28,1.3346,1.3917,1.4327,1.4676,1.5247,1.5127,-0.92157,1.4556,1.4327,1.3797,1.3226,1.2655,1.2085,1.1373,1.0562,0.99911,0.94204,-0.98474,0.84681,0.78975,0.73269,0.67562,0.61856,0.5615,0.50443,0.44737,0.39031,0.33325,-1.0418,0.27618,0.21912,0.16206,0.13496,0.0861,0.029037,-0.028026,-0.085089,-0.14215,-0.1704,-1.0989,-0.17994,-0.20857,-0.20857,-0.23662,-0.24674,-0.24674,-0.28491,-0.28491,-0.28491,-0.28491,-1.1559,-0.29254,-0.32307,-0.32307,-0.32307,-0.32307,-0.32307,-0.36124,-0.36124,-0.36124,-0.36124,-1.1889,-0.39941,-0.39941,-0.40476,-0.43758,-0.43758,-0.46144,-0.48033,-0.51392,-0.51812,-0.55209,-1.1319,-0.55209,-0.55209,-0.55552,-0.59026,-0.59026,-0.59026,-0.59026,-0.59026,-0.62843,-0.62843,-1.0865,-0.63034,-0.6666,-0.66812,-0.70477,-0.70591,-0.74294,-0.78111,-0.78111,1.0136,-1.0559,-0.99886,-0.9418,-0.88473,-0.82767,-0.77061,-0.71355,-0.65648,-0.59942,-0.54236,0.95655,-0.48529,-0.42823,-0.37117,-0.3141,-0.25704,-0.19998,-0.14292,-0.085852,-0.028789,0.028274,0.89949,0.085337,0.1424,0.2258,0.29469,0.35176,0.40882,0.49146,0.56112,0.61818,0.71341,0.84242,0.77047,0.82754,0.8846,0.94166,0.99873,1.0558,1.1129,1.1699,1.227,1.284,0.78536,1.3411,1.3982,1.4552,1.5123,1.5472,1.5882,1.6453,1.7024,1.7594,1.8144,0.69013,1.8354,1.8925,1.9495,2.0066,2.0232,1.9661,1.9091,1.852,1.7949,1.6997,0.0,0.0
-1.7423,-1.6836,-1.5423,-0.56227,-0.5526,-0.53437,-0.52404,-0.52339,-0.51306,-0.50424,-0.49456,-0.49456,-0.48489,-1.5223,-0.48489,-0.47522,-0.47522,-0.47522,-0.47522,-0.47522,-0.47522,-0.47522,-0.47522,-0.47522,-1.5023,-0.47522,-0.48489,-0.48489,-0.49456,-0.50424,-0.51391,-0.52847,-0.54846,-0.55879,-0.57879,-1.4823,-0.59878,-0.61878,-0.63878,-0.66845,-0.68845,-0.70844,-0.7768,-0.79441,-0.82647,-0.8331,-1.4623,-0.84277,-0.84277,-0.85244,-0.85244,-0.84277,-0.83515,-0.8331,-0.8145,-0.80418,-0.79385,-1.452,-0.77385,-0.76353,-0.74353,-0.73321,-0.71321,-0.70288,-0.68289,-0.66289,-0.64289,-0.62289,-1.4417,-0.6029,-0.5829,-0.48552,-0.46552,-0.4552,-0.4352,-0.4152,-0.39784,-0.38488,-0.36488,-1.4314,-0.34948,-0.33456,-0.31456,-0.29457,-0.28177,-0.26424,-0.24425,-0.23341,-0.21392,-0.2036,-1.421,-0.1836,-0.1636,-0.1436,-0.12361,-0.10361,-0.083612,-0.063614,-0.049638,-0.039965,-0.022966,-1.4134,-0.002969,0.008396,0.018069,0.037413,0.048004,0.05833,0.078327,0.088652,0.10865,0.11898,-1.6733,-1.4038,0.13414,0.1493,0.16315,0.17962,0.18995,0.20027,0.21152,0.22119,0.23125,0.24053,-1.3941,0.2502,0.25255,0.25988,0.25988,0.25988,0.25988,0.25988,0.25361,0.2502,0.24053,-1.3894,0.22264,0.20264,0.18264,0.15297,0.1233,0.09182,0.061497,0.024622,-0.014721,-0.058488,-1.3844,-0.093889,-0.12881,-0.15274,-0.18241,-0.20241,-0.21274,-0.22306,-0.22374,-0.22311,-0.21407,-1.3747,-0.2044,-0.19214,-0.17538,-0.15214,-0.13727,-0.10695,-0.086296,-0.062478,-0.032808,-0.003138,-1.3651,0.025323,0.055646,0.076296,0.12004,0.19357,0.2253,0.26259,0.28258,0.31225,0.33225,-1.3554,0.36192,0.38192,0.40854,0.43158,0.45158,0.48016,0.50125,0.52125,0.54124,0.56124,-1.3457,0.58124,0.60124,0.63091,0.6509,0.6709,0.70057,0.72666,0.75024,0.77764,0.79991,-1.3371,0.8199,0.8399,0.8599,0.8799,0.89989,0.91989,0.93989,0.95989,0.97989,0.99988,-1.3268,1.0102,1.0302,1.0405,1.0509,1.0612,1.0715,1.0724,1.082,1.0831,1.0917,-1.6533,-1.3261,1.0917,1.0917,1.0917,1.0917,1.0867,1.082,1.0724,1.0627,1.0454,1.035,-1.3167,1.015,0.97577,0.93636,0.89455,0.83456,0.76235,0.67269,0.59072,0.52238,0.44239,-1.307,0.38368,0.35014,0.33015,0.31791,0.31791,0.32698,0.34698,0.36767,0.40902,0.45934,-1.307,0.51668,0.56966,0.61998,0.66063,0.71535,0.76501,0.81468,0.85468,0.90434,0.95288,-1.307,0.99352,1.1114,1.1417,1.172,1.2099,1.2423,1.2727,1.2989,1.3286,1.3486,-1.2974,1.3686,1.3886,1.4182,1.4382,1.4679,1.4972,1.5272,1.5472,1.5672,1.5969,-1.2974,1.6169,1.6369,1.6569,1.6769,1.6969,1.7169,1.7369,1.7569,1.7769,1.7872,-1.2974,1.8072,1.8175,1.8365,1.8461,1.8558,1.8655,1.8692,1.8752,1.8848,1.8848,-1.2974,1.8945,1.8945,1.8945,1.9042,1.9042,1.9042,1.9138,1.915,1.9254,1.9357,-1.2974,1.946,1.9622,1.9763,1.9963,2.0106,2.0266,2.0466,2.0666,-1.6333,-1.2974,-1.2974,-1.2877,-1.2877,-1.2877,-1.2877,-1.2877,-1.286,-1.278,-1.278,-1.6166,-1.278,-1.2684,-1.2684,-1.2587,-1.2524,-1.2421,-1.2318,-1.2215,-1.2103,-1.2006,-1.603,-1.1905,-1.1802,-1.1698,-1.1595,-1.1426,-1.1292,-1.1092,-1.0892,-1.0692,-1.0492,-1.583,-1.0292,-0.99953,-0.97954,-0.95954,-0.93954,-0.91954,-0.89955,-0.87955,-0.85955,-0.83955,-1.5726,-0.81956,-0.79956,-0.77956,-0.75956,-0.74924,-0.72924,-0.71891,-0.70736,-0.68859,-0.67827,-1.5526,-0.66794,-0.65762,-0.64729,-0.62998,-0.62031,-0.61063,-0.60096,-0.59129,-0.58162,-0.57194,5.0,5.0
-1.8385,-1.7685,-1.6217,-0.61639,-0.60555,-0.59471,-0.58683,-0.57697,-0.56711,-0.5612,-0.55726,-0.5474,-0.53853,-1.6207,-0.53755,-0.52769,-0.52769,-0.52473,-0.51784,-0.52276,-0.52769,-0.52769,-0.53755,-0.54642,-1.6099,-0.55726,-0.5681,-0.57894,-0.59668,-0.61048,-0.63118,-0.65187,-0.67257,-0.69327,-0.71397,-1.602,-0.73466,-0.75536,-0.81351,-0.82336,-0.82731,-0.85293,-0.85293,-0.85293,-0.85293,-0.85293,-1.5921,-0.85293,-0.85195,-0.84308,-0.83322,-0.82928,-0.82336,-0.8076,-0.79675,-0.78591,-0.77409,-1.5823,-0.76423,-0.74452,-0.73269,-0.71495,-0.6775,-0.63118,-0.61639,-0.59964,-0.58683,-0.5681,-1.5823,-0.5474,-0.53656,-0.51784,-0.50502,-0.49418,-0.47841,-0.46856,-0.4587,-0.44884,-0.43899,-1.5823,-0.42913,-0.41829,-0.39957,-0.38675,-0.37591,-0.36507,-0.35423,-0.34339,-0.33255,-0.3217,-1.5724,-0.30101,-0.29017,-0.26947,-0.24877,-0.22807,-0.20738,-0.18668,-0.15908,-0.13543,-0.11473,-1.5724,-0.094036,-0.073339,-0.054613,-0.0418,-0.021103,-0.000406,0.010435,0.031132,0.05183,0.062671,-1.7478,-1.5724,0.073512,0.093224,0.10505,0.11589,0.13265,0.14743,0.15827,0.16911,0.17995,0.1908,-1.5625,0.20164,0.21149,0.21346,0.22135,0.2312,0.23613,0.24106,0.25092,0.25092,0.25979,-1.5527,0.26077,0.26077,0.26077,0.25092,0.24697,0.23613,0.21544,0.19474,0.1563,0.12378,-1.5497,0.083368,0.041974,0.012406,-0.011247,-0.03293,-0.059541,-0.070382,-0.08418,-0.092065,-0.094036,-1.5428,-0.08418,-0.074325,-0.064469,-0.054613,-0.040815,-0.020118,0.000579,0.031132,0.061685,0.092238,-1.533,0.22135,0.26176,0.29231,0.31596,0.35342,0.38397,0.41452,0.43522,0.46577,0.4776,-1.533,0.49731,0.50815,0.52885,0.54955,0.56039,0.58109,0.60178,0.62248,0.64318,0.66387,-1.5231,0.67472,0.69541,0.71414,0.72695,0.74765,0.75849,0.77919,0.79003,0.80284,0.82157,-1.5152,0.83241,0.84325,0.86198,0.87479,0.89549,0.90633,0.92702,0.94772,0.95856,0.97926,-1.5044,0.9901,0.99996,1.0098,1.0197,1.0295,1.0345,1.0394,1.0394,1.0394,1.0394,-1.7271,-1.4936,1.0394,1.0384,1.0295,1.0167,0.99601,0.96053,0.91323,0.86099,0.7989,0.74666,-1.4837,0.69443,0.64219,0.5939,0.56335,0.5525,0.54659,0.55645,0.5663,0.58404,0.60474,-1.4719,0.61558,0.63628,0.65698,0.69048,0.71217,0.73878,0.76933,0.84128,0.89746,0.93885,-1.4541,0.98025,1.0019,1.0236,1.0522,1.063,1.0788,1.0946,1.1084,1.1261,1.1468,-1.4403,1.1675,1.1783,1.199,1.2197,1.2306,1.2513,1.272,1.2927,1.3134,1.3341,-1.4246,1.3548,1.3656,1.3863,1.407,1.4277,1.4484,1.4691,1.4898,1.5105,1.5312,-1.4088,1.542,1.5627,1.5814,1.5943,1.6051,1.6209,1.6366,1.6504,1.6682,1.6889,-1.398,1.6997,1.7106,1.7214,1.7293,1.7391,1.7441,1.749,1.7559,1.7589,1.7589,-1.3851,1.7589,1.7687,1.7687,1.7687,1.7687,1.7786,1.7786,1.7884,1.7983,1.817,-1.3664,1.8278,1.8485,1.8692,1.8899,1.9106,1.9412,1.9619,1.9924,-1.7064,-1.3556,-1.3359,-1.324,-1.3033,-1.2866,-1.2718,-1.261,-1.2472,-1.2294,-1.2087,-1.6857,-1.1979,-1.1772,-1.1565,-1.1358,-1.1151,-1.0944,-1.0737,-1.053,-1.0323,-1.0116,-1.665,-0.99091,-0.98007,-0.95937,-0.94853,-0.92784,-0.90714,-0.8963,-0.8756,-0.86279,-0.84406,-1.6542,-0.83322,-0.82336,-0.81351,-0.8007,-0.78986,-0.77409,-0.76423,-0.75733,-0.74649,-0.73565,-1.6434,-0.72481,-0.71495,-0.71495,-0.7051,-0.7051,-0.7051,-0.69524,-0.69524,-0.69524,-0.68637,-1.6315,-0.68538,-0.67553,-0.67356,-0.66567,-0.65582,-0.65089,-0.64596,-0.6361,-0.62822,-0.61738,5.0,5.0
2.0299,1.8323,1.6072,-0.68997,-0.7128,-0.7247,-0.73956,-0.75944,-0.77626,-0.79418,-0.81296,-0.82891,-0.84082,1.5823,-0.85272,-0.87544,-0.88746,-0.90122,-0.9222,-0.9341,-0.94601,-0.9637,-0.98074,-0.99265,1.5476,-1.0133,-1.0274,-1.0393,-1.052,-1.074,-1.0887,-1.1088,-1.1207,-1.1383,-1.1554,1.5219,-1.1673,-1.1878,-1.2021,-1.214,-1.2265,-1.2487,-1.2606,-1.2725,-1.2844,-1.2963,1.489,-1.3148,-1.3311,-1.343,-1.3549,-1.3668,-1.3787,-1.3906,-1.4025,-1.4144,-1.4263,1.4614,-1.4382,-1.4437,-1.4511,-1.4546,-1.4546,-1.465,-1.466,-1.4764,-1.4788,-1.4874,1.4305,-1.4917,-1.4983,-1.4983,-1.491,-1.4791,-1.4672,-1.4655,-1.4543,-1.4437,-1.4414,1.4066,-1.4295,-1.4176,-1.4057,-1.3938,-1.3746,-1.359,-1.3471,-1.325,-1.3124,-1.2993,1.3761,-1.2776,-1.2657,-1.2497,-1.231,-1.213,-1.1963,-1.1763,-1.1615,-1.1396,-1.1159,1.3481,-1.1029,-1.0791,-1.0552,-1.0355,-1.0185,-0.99473,-0.9779,-0.95802,-0.94317,-0.92132,1.8184,1.3243,-0.90843,-0.8856,-0.87173,-0.85087,-0.83896,-0.82214,-0.80422,-0.79232,-0.77255,-0.75758,1.3005,-0.74568,-0.73377,-0.72186,-0.70996,-0.69805,-0.68614,-0.67424,-0.66233,-0.6572,-0.64944,1.2767,-0.63754,-0.62563,-0.62443,-0.6135,-0.61176,-0.59985,-0.59166,-0.58696,-0.58074,-0.57407,1.2521,-0.56981,-0.56118,-0.55889,-0.54829,-0.54731,-0.53704,-0.53442,-0.52612,-0.52153,-0.50962,1.2111,-0.50427,-0.49674,-0.48483,-0.48243,-0.47194,-0.46003,-0.44813,-0.43622,-0.42431,-0.41241,1.1506,-0.4005,-0.38859,-0.37669,-0.37319,-0.3638,-0.35189,-0.33999,-0.32808,-0.31377,-0.29334,1.1268,-0.28144,-0.26953,-0.25763,-0.24572,-0.22551,-0.21098,-0.19908,-0.17625,-0.16434,-0.15014,1.0842,-0.1296,-0.1177,-0.10579,-0.093885,-0.081979,-0.070073,-0.058166,-0.04626,-0.034354,-0.022447,1.0355,-0.010541,0.001365,0.013272,0.025178,0.030967,0.038068,0.049974,0.06188,0.073787,0.085693,0.99167,0.097599,0.10951,0.12141,0.13736,0.15615,0.16805,0.17996,0.19187,0.20377,0.21568,1.7946,0.92449,0.22759,0.23851,0.24048,0.25238,0.26429,0.27128,0.27718,0.2822,0.29007,0.29313,0.8962,0.30296,0.30405,0.31585,0.3259,0.32874,0.34064,0.35255,0.36445,0.37636,0.38051,0.87468,0.38925,0.40116,0.41306,0.42497,0.43688,0.44878,0.4644,0.48352,0.49542,0.50733,0.81908,0.51924,0.53114,0.56227,0.5768,0.59963,0.61318,0.63961,0.67173,0.69554,0.71935,0.80586,0.73661,0.77113,0.79319,0.8146,0.83841,0.86168,0.87818,0.92078,0.94459,0.96392,0.7874,0.98129,1.018,1.0508,1.0746,1.0984,1.1222,1.1569,1.1807,1.2046,1.2284,0.73836,1.2609,1.3032,1.3326,1.3564,1.3802,1.4133,1.4388,1.4626,1.4864,1.5148,0.72285,1.5559,1.5754,1.5926,1.6164,1.6474,1.6749,1.6987,1.7124,1.7357,1.7702,0.69903,1.7918,1.8069,1.8265,1.8487,1.8722,1.8912,1.9069,1.9279,1.9417,1.9536,0.68079,1.9655,1.9774,1.9893,2.0012,2.0081,2.0021,1.9902,1.9783,1.7708,0.67544,0.6679,0.656,0.65359,0.64311,0.6312,0.61929,0.60739,0.59548,0.58358,1.747,0.57167,0.55976,0.54786,0.53595,0.52404,0.47063,0.45479,0.39526,0.34534,0.33343,1.7173,0.32153,0.29356,0.26494,0.23108,0.18346,0.12655,0.10809,0.06341,0.047571,0.006827,1.6885,-0.005079,-0.021246,-0.060788,-0.095415,-0.10732,-0.11923,-0.16784,-0.18673,-0.19864,-0.21535,1.6647,-0.27488,-0.31858,-0.32273,-0.35517,-0.4147,-0.47423,-0.50952,-0.52426,-0.53617,-0.53715,1.6408,-0.54906,-0.56096,-0.57287,-0.58882,-0.60761,-0.61951,-0.63142,-0.64333,-0.66419,-0.67806,1.0,1.0
-2.1284,-1.8834,-1.5338,-0.82796,-0.81979,-0.81163,-0.80836,-0.80836,-0.80019,-0.79202,-0.78385,-0.78222,-0.78058,-1.5174,-0.77241,-0.76425,-0.75608,-0.74791,-0.74301,-0.74301,-0.73647,-0.7283,-0.72013,-0.71197,-1.5076,-0.7038,-0.69563,-0.68746,-0.67929,-0.67766,-0.67602,-0.66785,-0.65968,-0.65152,-0.64335,-1.4994,-0.63518,-0.62701,-0.61884,-0.61067,-0.6025,-0.59433,-0.58617,-0.578,-0.56983,-0.56166,-1.4913,-0.56003,-0.55839,-0.55022,-0.54205,-0.53388,-0.52572,-0.52081,-0.52081,-0.51428,-0.50611,-1.4831,-0.49794,-0.48977,-0.4816,-0.47344,-0.46527,-0.4571,-0.44893,-0.44076,-0.43259,-0.42442,-1.4749,-0.41625,-0.39992,-0.38358,-0.36724,-0.3509,-0.33457,-0.31823,-0.30189,-0.28555,-0.26105,-1.4668,-0.23981,-0.22347,-0.2006,-0.17772,-0.16139,-0.14505,-0.12871,-0.11237,-0.096035,-0.079697,-1.4619,-0.06336,-0.047022,-0.030684,-0.019248,-0.011079,-0.00291,0.008526,0.024864,0.034666,0.042835,-1.4619,0.051004,0.059173,0.067342,0.07551,0.080412,0.080412,0.086947,0.095116,0.10328,0.11145,-1.7265,-1.4619,0.11962,0.12779,0.13596,0.14413,0.1523,0.16047,0.16864,0.18171,0.19804,0.20621,-1.4619,0.21438,0.22255,0.23072,0.23725,0.23725,0.24215,0.25032,0.25849,0.26666,0.27483,-1.4619,0.27646,0.2781,0.28627,0.29444,0.3026,0.31077,0.31894,0.32711,0.33528,0.34345,-1.4619,0.35162,0.35979,0.36795,0.37612,0.38429,0.39246,0.40063,0.4088,0.41697,0.42514,-1.4619,0.43331,0.44147,0.44964,0.45781,0.46598,0.47252,0.47252,0.47742,0.48559,0.48559,-1.4619,0.48885,0.49702,0.50519,0.51173,0.51173,0.51663,0.5248,0.53297,0.54113,0.5493,-1.4619,0.56401,0.57871,0.58688,0.59505,0.60322,0.61956,0.63263,0.64079,0.64896,0.65877,-1.4619,0.6751,0.68654,0.69471,0.71105,0.72412,0.73229,0.74699,0.76333,0.77966,0.7911,-1.4619,0.79927,0.81561,0.83194,0.84828,0.85809,0.86625,0.87442,0.88259,0.89076,0.89893,-1.4619,0.9071,0.91527,0.92344,0.9316,0.93977,0.94794,0.95611,0.96428,0.97245,0.98062,-1.702,-1.4619,0.98879,0.99696,1.0051,1.0133,1.0215,1.0296,1.0345,1.0345,1.0411,1.0476,-1.4619,1.0476,1.0476,1.0476,1.0558,1.0607,1.0607,1.0607,1.0607,1.0607,1.0607,-1.4619,1.0607,1.0607,1.0607,1.0607,1.0607,1.0607,1.0607,1.0607,1.0607,1.0607,-1.4537,1.0574,1.0492,1.0476,1.0476,1.0476,1.0476,1.0476,1.0476,1.0476,1.0476,-1.4488,1.0541,1.0623,1.0705,1.0786,1.0868,1.095,1.1032,1.1113,1.1195,1.1277,-1.4488,1.1358,1.1489,1.1652,1.1816,1.1979,1.2142,1.2306,1.2469,1.2633,1.2796,-1.4488,1.2959,1.3123,1.3286,1.3449,1.3613,1.3776,1.394,1.4103,1.4266,1.443,-1.4488,1.456,1.4642,1.4724,1.4822,1.4985,1.51,1.5181,1.5263,1.5345,1.5426,-1.4488,1.5443,1.5443,1.5443,1.5492,1.5573,1.5573,1.5573,1.5573,1.5639,1.572,-1.4439,1.5802,1.5884,1.5965,1.6047,1.6162,1.6325,1.6488,1.6635,-1.671,-1.4357,-1.4357,-1.4325,-1.4243,-1.4227,-1.421,-1.4129,-1.4096,-1.4096,-1.4014,-1.6399,-1.3965,-1.3965,-1.39,-1.3818,-1.3736,-1.3655,-1.3573,-1.3573,-1.354,-1.3459,-1.6154,-1.3377,-1.3295,-1.3214,-1.3132,-1.305,-1.2887,-1.2756,-1.2674,-1.2527,-1.2364,-1.5909,-1.2201,-1.2037,-1.1874,-1.1711,-1.1547,-1.1384,-1.122,-1.1041,-1.0796,-1.06,-1.5664,-1.0436,-1.0273,-1.0109,-0.99461,-0.9848,-0.975,-0.95866,-0.94233,-0.92599,-0.91782,-1.5501,-0.90965,-0.90148,-0.89331,-0.88514,-0.87698,-0.86881,-0.86064,-0.85247,-0.8443,-0.83613,3.0,5.0
0.70929,0.67177,0.68452,0.72786,0.83423,0.94023,1.0335,1.1085,1.1969,1.2834,1.3571,1.4134,1.4837,0.68452,1.5427,1.5822,1.6385,1.68,1.7087,1.7303,1.7678,1.7898,1.799,1.7954,0.68675,1.7767,1.7579,1.7289,1.6914,1.6538,1.6163,1.5678,1.5115,1.4552,1.3989,0.70551,1.3191,1.2311,1.1561,1.0625,0.98121,0.89967,0.80538,0.69282,0.60676,0.50274,0.70929,0.35266,0.20258,0.052499,-0.089595,-0.22488,-0.39372,-0.53309,-0.66441,-0.79845,-0.94853,0.71826,-1.0367,-1.1117,-1.1833,-1.2396,-1.2959,-1.3419,-1.3795,-1.417,-1.4375,-1.4563,0.73405,-1.4751,-1.4938,-1.5126,-1.5196,-1.5196,-1.5196,-1.5012,-1.4824,-1.4637,-1.4445,0.73405,-1.4069,-1.3826,-1.3567,-1.318,-1.2617,-1.2193,-1.1739,-1.1176,-1.0613,-1.0051,0.73405,-0.94011,-0.86507,-0.79003,-0.71499,-0.63995,-0.56491,-0.48987,-0.39867,-0.30487,-0.21107,0.74377,-0.11727,-0.040373,0.045564,0.13447,0.20951,0.3022,0.396,0.48416,0.5592,0.63425,0.65975,0.75882,0.72167,0.80909,0.88302,0.90178,0.92054,0.96066,1.0357,1.1107,1.1719,1.2203,0.75882,1.2597,1.316,1.343,1.3962,1.4848,1.5411,1.536,1.5172,1.4984,1.4797,0.75882,1.4609,1.4321,1.3905,1.3342,1.2947,1.2356,1.1653,1.1091,1.0352,0.96016,0.76928,0.88512,0.81008,0.73504,0.64768,0.55388,0.46008,0.36628,0.27248,0.17868,0.08488,0.77912,-0.00892,-0.10272,-0.19652,-0.29032,-0.38412,-0.47792,-0.57172,-0.66298,-0.73802,-0.82836,0.76036,-0.91287,-0.98791,-1.0629,-1.122,-1.1883,-1.2553,-1.2928,-1.3471,-1.3818,-1.4006,0.7416,-1.4193,-1.4381,-1.4568,-1.4701,-1.4701,-1.4701,-1.4578,-1.4391,-1.4203,-1.4016,0.71164,-1.3828,-1.357,-1.3205,-1.3018,-1.2692,-1.2317,-1.1942,-1.1567,-1.1192,-1.0816,0.67932,-1.0417,-0.98537,-0.94432,-0.89758,-0.8413,-0.78502,-0.71276,-0.64769,-0.58745,-0.51241,0.66056,-0.43737,-0.35162,-0.26252,-0.18748,-0.094981,-0.001181,0.087171,0.16221,0.25545,0.33706,0.65975,0.62384,0.4121,0.48714,0.56218,0.63722,0.71226,0.78637,0.84265,0.89893,0.94753,0.98672,0.58632,1.043,1.0849,1.1224,1.1575,1.1762,1.2102,1.2385,1.2573,1.276,1.3107,0.54286,1.3284,1.3323,1.3511,1.3698,1.3673,1.3485,1.3298,1.311,1.2923,1.2735,0.48658,1.2547,1.2178,1.1803,1.1428,1.1053,1.0678,1.0302,0.98586,0.92958,0.8733,0.4303,0.81702,0.76074,0.70446,0.64818,0.57753,0.51085,0.45457,0.39829,0.34201,0.27663,0.36133,0.20468,0.1484,0.092124,0.035844,-0.020436,-0.076716,-0.1164,-0.16451,-0.21621,-0.25373,0.29297,-0.29125,-0.32877,-0.36629,-0.40381,-0.42325,-0.45408,-0.48554,-0.5043,-0.52306,-0.54182,0.23601,-0.55377,-0.55377,-0.55377,-0.55377,-0.55377,-0.55377,-0.55377,-0.55377,-0.55377,-0.55377,0.16097,-0.55377,-0.55377,-0.55377,-0.5568,-0.57556,-0.57853,-0.57853,-0.58231,-0.60107,-0.6033,0.085932,-0.6033,-0.6033,-0.6033,-0.6033,-0.6033,-0.6033,-0.6033,-0.58528,0.65975,0.003463,-0.088914,-0.16395,-0.25317,-0.3388,-0.41384,-0.48888,-0.57884,-0.66373,-0.74168,0.65975,-0.83548,-0.91361,-0.98865,-1.0637,-1.1387,-1.1974,-1.264,-1.3347,-1.391,-1.4301,0.65975,-1.4788,-1.5248,-1.5435,-1.5802,-1.6058,-1.6187,-1.6187,-1.6001,-1.5813,-1.5625,0.65975,-1.5432,-1.5056,-1.4681,-1.4232,-1.3683,-1.3308,-1.2792,-1.2229,-1.1666,-1.1103,0.66124,-1.054,-0.99775,-0.93862,-0.86358,-0.78854,-0.7135,-0.63846,-0.56342,-0.47204,-0.38858,0.68,-0.3092,-0.2154,-0.10452,-0.003039,0.095839,0.2084,0.30313,0.40875,0.52131,0.63387,0.0,0.0
-2.2384,-2.1488,-1.9069,-0.94516,-0.93489,-0.93489,-0.92463,-0.92463,-0.92463,-0.92463,-0.92463,-0.91601,-0.91437,-1.8786,-0.91437,-0.91437,-0.91437,-0.9041,-0.90184,-0.89384,-0.87659,-0.86305,-0.85134,-0.84252,-1.8431,-0.83636,-0.82887,-0.82199,-0.81388,-0.80639,-0.78863,-0.78093,-0.77067,-0.75589,-0.73988,-1.8126,-0.73064,-0.71288,-0.68486,-0.65592,-0.63724,-0.61568,-0.59043,-0.56529,-0.54753,-0.54004,-1.7823,-0.52433,-0.52433,-0.51407,-0.4998,-0.49231,-0.47455,-0.4568,-0.43904,-0.42128,-0.39562,-1.7468,-0.37037,-0.34512,-0.30961,-0.2741,-0.24289,-0.2236,-0.19712,-0.1731,-0.15483,-0.14313,-1.7215,-0.11583,-0.087805,-0.070048,-0.052291,-0.034534,-0.027042,-0.021396,-0.012056,-0.000868,0.002929,-1.6944,0.009396,0.009396,0.003648,-0.000868,-0.000868,-0.000868,-0.000868,0.009396,0.009396,0.016273,-1.6813,0.01966,0.01966,0.010833,0.015451,0.01966,0.020173,0.03793,0.055686,0.073443,0.0912,-1.6547,0.10896,0.1223,0.13256,0.1417,0.15946,0.16695,0.18471,0.19415,0.20441,0.21468,-2.1311,-1.637,0.21468,0.22494,0.2352,0.24547,0.25491,0.2624,0.2699,0.27626,0.27626,0.28652,-1.6192,0.29679,0.2971,0.30705,0.31732,0.32758,0.33733,0.33784,0.34811,0.35837,0.3673,-1.6014,0.37479,0.38916,0.40004,0.4178,0.42529,0.44305,0.45075,0.4683,0.48606,0.50381,-1.5837,0.51233,0.52906,0.54682,0.55339,0.56181,0.57956,0.58705,0.60481,0.61497,0.63006,-1.5762,0.64576,0.64576,0.6628,0.68056,0.69832,0.71607,0.73383,0.74132,0.75908,0.77684,-1.5687,0.78946,0.80209,0.80999,0.82734,0.84509,0.86131,0.87034,0.87783,0.88533,0.8921,-1.5509,0.90031,0.9078,0.91263,0.91263,0.91263,0.91263,0.90237,0.90237,0.90237,0.89857,-1.5434,0.8921,0.8921,0.88635,0.88184,0.88184,0.88184,0.88184,0.88184,0.88184,0.88184,-1.536,0.87157,0.87157,0.87157,0.87157,0.86131,0.86131,0.86131,0.85104,0.85104,0.85104,-1.5302,0.85104,0.85104,0.85104,0.85104,0.84078,0.84078,0.84078,0.84078,0.83052,0.83052,-2.103,-1.521,0.83052,0.83052,0.83052,0.83052,0.83052,0.83052,0.83052,0.82939,0.82025,0.82025,-1.5097,0.82025,0.83052,0.83052,0.83052,0.83052,0.84027,0.84078,0.84078,0.84078,0.84078,-1.4994,0.85104,0.85104,0.85104,0.85104,0.86131,0.86387,0.88163,0.8921,0.90237,0.91263,-1.4892,0.92187,0.93316,0.94342,0.95369,0.9621,0.96959,0.97421,0.97432,0.98448,0.9893,-1.4807,0.99679,1.005,1.0153,1.0153,1.0255,1.0255,1.0315,1.0358,1.0461,1.0461,-1.4789,1.0563,1.0563,1.0563,1.0563,1.0563,1.0563,1.0563,1.0563,1.0563,1.0563,-1.4686,1.0563,1.0563,1.0537,1.0461,1.0461,1.0609,1.0787,1.0965,1.104,1.1179,-1.4584,1.1292,1.1384,1.1602,1.1825,1.2002,1.218,1.246,1.2557,1.2815,1.3164,-1.4508,1.3417,1.3772,1.4039,1.4379,1.4632,1.4874,1.5034,1.5234,1.5515,1.5692,-1.4433,1.587,1.6091,1.6328,1.6505,1.658,1.6758,1.6935,1.7113,-2.0758,-1.4358,-1.4276,-1.4173,-1.407,-1.3968,-1.3881,-1.3703,-1.3628,-1.345,-1.3352,-2.0506,-1.3198,-1.3123,-1.2945,-1.2768,-1.259,-1.2413,-1.2235,-1.216,-1.1983,-1.1805,-2.0151,-1.1628,-1.145,-1.1272,-1.1095,-1.0843,-1.0683,-1.0562,-1.0385,-1.031,-1.0235,-1.9898,-1.016,-1.0067,-0.99648,-0.98621,-0.98601,-0.96825,-0.95542,-0.95542,-0.95542,-0.94516,-1.9543,-0.94926,-0.95542,-0.94659,-0.94516,-0.94516,-0.94516,-0.94516,-0.94516,-0.94516,-0.94516,-1.9393,-0.94516,-0.94516,-0.9468,-0.95542,-0.95542,-0.96569,-0.96569,-0.96569,-0.96014,-0.95265,3.0,5.0
0.30454,0.30454,0.30454,-0.90125,-0.79972,-0.69268,-0.59826,-0.50064,-0.3936,-0.28657,-0.17948,-0.059065,0.056559,0.30454,0.16359,0.27063,0.37766,0.4847,0.58612,0.67977,0.77343,0.86708,0.96074,1.048,0.30454,1.1282,1.2085,1.2862,1.3531,1.4128,1.4663,1.5078,1.5446,1.5713,1.59,0.30454,1.6034,1.6168,1.626,1.626,1.617,1.6034,1.5766,1.5449,1.5047,1.4646,0.31567,1.4222,1.3553,1.2884,1.2216,1.1547,1.0839,0.99025,0.90326,0.82298,0.73131,0.32657,0.63765,0.544,0.45034,0.35668,0.25081,0.14735,0.053695,-0.048274,-0.15531,-0.24929,0.32657,-0.34735,-0.45439,-0.55228,-0.64594,-0.73959,-0.82802,-0.90829,-0.98857,-1.0675,-1.1344,0.32657,-1.2013,-1.2682,-1.3135,-1.3537,-1.3938,-1.4339,-1.4741,-1.491,-1.5044,-1.5177,0.32657,-1.5234,-1.5234,-1.511,-1.49,-1.4499,-1.4097,-1.3696,-1.3162,-1.2534,-1.1731,0.32657,-1.0835,-0.98984,-0.89618,-0.79708,-0.69004,-0.57282,-0.45241,-0.33199,-0.21786,-0.11082,0.30454,0.32657,0.007226,0.12527,0.23231,0.33934,0.44638,0.54157,0.63523,0.72888,0.81461,0.89489,0.32657,0.97516,1.0514,1.1183,1.1852,1.252,1.3055,1.359,1.4126,1.4469,1.4737,0.32657,1.5004,1.5215,1.5349,1.5483,1.5581,1.5447,1.5314,1.518,1.4934,1.464,0.32657,1.4239,1.3764,1.3229,1.2694,1.2091,1.1288,1.0485,0.96822,0.88795,0.80343,0.32657,0.70978,0.60715,0.50011,0.39308,0.28604,0.17901,0.071975,-0.036216,-0.15663,-0.27115,0.32657,-0.37819,-0.48522,-0.59027,-0.68393,-0.77758,-0.87124,-0.9649,-1.0529,-1.1198,-1.1867,0.32657,-1.2536,-1.3082,-1.3581,-1.3983,-1.4384,-1.4785,-1.4925,-1.5103,-1.5371,-1.5546,0.32657,-1.568,-1.5814,-1.5842,-1.5708,-1.5675,-1.5647,-1.5379,-1.5112,-1.4844,-1.4468,0.32679,-1.4023,-1.3354,-1.2685,-1.2016,-1.123,-1.0397,-0.94607,-0.84465,-0.73761,-0.63058,0.34017,-0.51969,-0.39927,-0.28745,-0.18042,-0.060056,0.060358,0.18077,0.29177,0.39881,0.50584,0.30454,0.34859,0.61287,0.71991,0.8167,0.91036,1.004,1.085,1.1519,1.2299,1.3053,1.3588,0.34859,1.4123,1.4658,1.5075,1.5476,1.5877,1.6199,1.6467,1.6607,1.6741,1.6875,0.34859,1.692,1.6919,1.6785,1.6651,1.6517,1.6287,1.601,1.5608,1.515,1.4614,0.34859,1.4079,1.3508,1.2705,1.1837,1.09,1.0076,0.92473,0.83107,0.73742,0.64376,0.34859,0.55011,0.45992,0.37964,0.29937,0.21909,0.15176,0.089153,0.035636,-0.017881,-0.071013,0.34281,-0.11115,-0.15129,-0.19143,-0.23156,-0.27049,-0.29725,-0.32401,-0.35077,-0.36684,-0.38022,0.32943,-0.3936,-0.40698,-0.42036,-0.42223,-0.41937,-0.40599,-0.39261,-0.37923,-0.36585,-0.35247,0.31605,-0.3391,-0.32572,-0.31234,-0.29896,-0.29009,-0.29009,-0.28084,-0.26807,-0.26807,-0.26273,0.30454,-0.24935,-0.24605,-0.24748,-0.26086,-0.26807,-0.26807,-0.27897,-0.29009,-0.29009,-0.29709,0.30454,-0.31046,-0.31212,-0.3152,-0.32858,-0.33414,-0.33414,-0.34669,-0.37962,0.30454,0.29794,0.28456,0.25984,0.23578,0.2224,0.19415,0.15401,0.12604,0.095761,0.055623,0.30454,0.007226,-0.046292,-0.086815,-0.13565,-0.20255,-0.26036,-0.31432,-0.38122,-0.45329,-0.53356,0.30454,-0.60393,-0.67083,-0.73772,-0.80462,-0.87152,-0.93841,-1.0053,-1.0722,-1.1323,-1.1858,0.30454,-1.2509,-1.3119,-1.3521,-1.3999,-1.4534,-1.4945,-1.5309,-1.5577,-1.5844,-1.6112,0.30454,-1.6247,-1.6335,-1.6335,-1.6428,-1.6549,-1.6415,-1.6281,-1.6148,-1.6014,-1.585,0.30454,-1.5449,-1.5047,-1.4646,-1.4135,-1.36,-1.3065,-1.2389,-1.1586,-1.0783,-0.9949,0.0,0.0
-2.2454,-1.9926,-1.694,-0.6591,-0.66134,-0.67234,-0.68333,-0.69409,-0.69409,-0.70465,-0.71564,-0.72663,-0.73763,-1.6653,-0.74862,-0.75961,-0.77061,-0.7816,-0.81336,-0.85929,-0.88457,-0.89238,-0.89238,-0.89238,-1.6397,-0.89238,-0.89189,-0.88089,-0.88072,-0.87057,-0.86905,-0.86025,-0.85739,-0.84992,-0.83893,-1.6097,-0.83406,-0.79589,-0.74285,-0.72086,-0.69887,-0.67689,-0.6549,-0.63291,-0.61092,-0.58894,-1.5877,-0.56695,-0.53455,-0.51131,-0.48932,-0.46734,-0.43762,-0.4117,-0.38971,-0.36772,-0.34574,-1.5657,-0.32375,-0.30176,-0.27978,-0.25779,-0.2358,-0.21382,-0.19183,-0.16984,-0.14785,-0.13587,-1.5437,-0.11554,-0.093557,-0.071569,-0.056902,-0.03926,-0.02325,-0.012257,-0.001263,0.00973,0.024019,-1.522,0.043382,0.054375,0.064086,0.064698,0.075692,0.086685,0.097679,0.099078,0.099078,0.099078,-1.511,0.099078,0.099078,0.099078,0.093509,0.087414,0.083186,0.07575,0.07575,0.073534,0.064086,-1.4894,0.064086,0.063882,0.052888,0.052421,0.052421,0.043236,0.040757,0.032913,0.021919,0.017429,-1.9462,-1.4773,0.011597,0.000603,-0.01039,-0.021384,-0.032378,-0.043371,-0.059789,-0.10149,-0.12394,-0.15692,-1.4664,-0.16832,-0.17932,-0.18086,-0.18086,-0.18086,-0.17343,-0.16243,-0.15144,-0.14587,-0.14112,-1.4554,-0.13012,-0.11913,-0.10814,-0.095073,-0.074486,-0.059118,0.017545,0.039533,0.06152,0.093217,-1.4523,0.11716,0.14751,0.18049,0.21348,0.2401,0.26777,0.30075,0.33373,0.36671,0.3997,-1.4523,0.43501,0.47732,0.5103,0.54296,0.56495,0.59758,0.62059,0.65188,0.67623,0.69821,-1.4588,0.71291,0.73052,0.74656,0.75755,0.76394,0.76788,0.77887,0.78727,0.78919,0.79893,-1.4639,0.79893,0.79893,0.80984,0.8106,0.8106,0.8017,0.79893,0.79893,0.79205,0.78727,-1.4744,0.78173,0.77074,0.76394,0.75688,0.73775,0.72676,0.71577,0.70477,0.69378,0.68279,-1.4918,0.6613,0.64914,0.63814,0.61866,0.60449,0.5935,0.57603,0.55985,0.54372,0.52619,-1.5106,0.51141,0.49254,0.48155,0.47056,0.45956,0.44857,0.43758,0.43734,0.43734,0.44676,-1.9229,-1.5403,0.44901,0.45708,0.46808,0.47907,0.49006,0.50106,0.51205,0.5271,0.54909,0.56836,-1.5598,0.57935,0.59172,0.61301,0.62403,0.64602,0.65765,0.76546,0.80529,0.81894,0.8376,-1.5708,0.85959,0.88157,0.90922,0.93721,0.96352,0.99285,1.0178,1.0485,1.0705,1.0925,-1.5818,1.1142,1.1252,1.1468,1.1687,1.1815,1.2011,1.223,1.2378,1.2554,1.2714,-1.5928,1.2824,1.2934,1.3044,1.3154,1.3264,1.3355,1.3367,1.3472,1.3472,1.358,-1.6038,1.3588,1.3588,1.3588,1.3588,1.3588,1.3657,1.3705,1.3705,1.3753,1.3821,-1.6147,1.3821,1.385,1.3938,1.3953,1.4055,1.4056,1.4166,1.4276,1.4386,1.4496,-1.6156,1.4606,1.4794,1.4942,1.5117,1.5337,1.5505,1.566,1.588,1.6099,1.6319,-1.6156,1.6539,1.6759,1.6979,1.7199,1.7419,1.7538,1.7648,1.7758,1.7707,1.7597,-1.6156,1.742,1.7381,1.7545,1.7765,1.8025,1.8354,1.8684,1.9034,-1.8919,-1.6156,-1.6081,-1.5971,-1.5861,-1.5751,-1.5593,-1.5414,-1.527,-1.5022,-1.4713,-1.8589,-1.4494,-1.4266,-1.3936,-1.3606,-1.3276,-1.2947,-1.2708,-1.2404,-1.2074,-1.1744,-1.8259,-1.1414,-1.1084,-1.0755,-1.0425,-1.0095,-0.97957,-0.95519,-0.92393,-0.90195,-0.87996,-1.793,-0.85797,-0.84669,-0.82566,-0.80368,-0.79038,-0.77939,-0.76104,-0.74573,-0.73474,-0.72375,-1.76,-0.71275,-0.70176,-0.69077,-0.67977,-0.67076,-0.66945,-0.6591,-0.6591,-0.64813,-0.64743,-1.727,-0.63781,-0.63577,-0.63577,-0.63577,-0.63577,-0.63577,-0.64137,-0.64743,-0.64743,-0.65102,5.0,5.0
-2.1146,-1.9039,-1.6503,-0.85101,-0.83615,-0.82128,-0.81968,-0.80548,-0.79183,-0.78968,-0.77791,-0.77791,-0.77293,-1.6205,-0.76398,-0.76398,-0.75619,-0.75006,-0.74038,-0.73614,-0.73614,-0.72364,-0.72221,-0.70829,-1.6021,-0.70829,-0.70595,-0.69436,-0.69015,-0.67529,-0.66651,-0.65948,-0.64462,-0.62975,-0.62474,-1.575,-0.61395,-0.59909,-0.59689,-0.58328,-0.58234,-0.56748,-0.55261,-0.53775,-0.52727,-0.52194,-1.5453,-0.50708,-0.49222,-0.47735,-0.46249,-0.44762,-0.44372,-0.43182,-0.41696,-0.40209,-0.40115,-1.5157,-0.38629,-0.37142,-0.36018,-0.35562,-0.34075,-0.33233,-0.32495,-0.31841,-0.30915,-0.30448,-1.4997,-0.30448,-0.2924,-0.29056,-0.29052,-0.27663,-0.27663,-0.27378,-0.26271,-0.26271,-0.25703,-1.4721,-0.24878,-0.24123,-0.23486,-0.23486,-0.23486,-0.22355,-0.22094,-0.22094,-0.20701,-0.20701,-1.4572,-0.20492,-0.19309,-0.18912,-0.17916,-0.17331,-0.16524,-0.15751,-0.14265,-0.13739,-0.12684,-1.4423,-0.11198,-0.097113,-0.082249,-0.081309,-0.066445,-0.05158,-0.036716,-0.025994,-0.020912,-0.006048,-1.8742,-1.4275,0.008817,0.023681,0.038545,0.053409,0.057552,0.069213,0.084078,0.098942,0.11325,0.11475,-1.4126,0.12961,0.14447,0.15502,0.16028,0.16895,0.16895,0.17702,0.18287,0.19283,0.1968,-1.4045,0.1968,0.20957,0.22444,0.23857,0.24024,0.2551,0.26997,0.28034,0.28577,0.30064,-1.4045,0.3155,0.32211,0.3313,0.34617,0.36103,0.3759,0.39076,0.40563,0.40657,0.42143,-1.4045,0.43629,0.44743,0.4521,0.46696,0.48183,0.48921,0.49763,0.50313,0.51343,0.5283,-1.4045,0.53098,0.5441,0.5449,0.54598,0.55883,0.56179,0.57275,0.57759,0.58668,0.5934,-1.4045,0.6006,0.6092,0.62406,0.62845,0.63987,0.64237,0.65567,0.67022,0.67148,0.68415,-1.3931,0.68415,0.68822,0.69807,0.70402,0.712,0.71983,0.72592,0.73563,0.73984,0.75144,-1.3906,0.74124,0.73984,0.73984,0.73984,0.73984,0.73984,0.74409,0.75377,0.75377,0.75377,-1.3906,0.76178,0.76769,0.76769,0.77852,0.78162,0.79432,0.79554,0.81013,0.82339,0.82593,-1.8444,-1.3902,0.83732,0.84174,0.85124,0.85754,0.86516,0.87334,0.88821,0.89301,0.90401,0.91888,-1.3767,0.92086,0.93468,0.93562,0.94871,0.95143,0.96263,0.96263,0.96817,0.97656,0.97656,-1.3767,0.97656,0.97656,0.98679,0.99048,0.99048,0.99048,0.99048,0.99149,1.0044,1.0044,-1.3735,1.0082,1.0183,1.0183,1.025,1.0323,1.0408,1.0462,1.0566,1.0715,1.074,-1.3627,1.0873,1.1021,1.117,1.1318,1.1467,1.1576,1.1625,1.1715,1.1715,1.1793,-1.3627,1.1854,1.1854,1.1854,1.1969,1.1993,1.1993,1.2133,1.2146,1.2272,1.2304,-1.3567,1.2411,1.2462,1.2611,1.276,1.2908,1.3057,1.3206,1.3354,1.362,1.3791,-1.3488,1.4075,1.4233,1.4515,1.4689,1.4986,1.524,1.5441,1.5676,1.5896,1.6194,-1.3409,1.6491,1.6688,1.6946,1.7244,1.7669,1.7977,1.8275,1.8572,1.8896,1.9306,-1.3349,1.9603,1.99,2.0198,2.0495,2.0792,2.0997,2.1146,2.1295,-1.8147,-1.3251,-1.321,-1.3093,-1.307,-1.2935,-1.2926,-1.2792,-1.2768,-1.2619,-1.2513,-1.7897,-1.2461,-1.2374,-1.2303,-1.2235,-1.2235,-1.2136,-1.2096,-1.2096,-1.2096,-1.1959,-1.7692,-1.1956,-1.1956,-1.1956,-1.1921,-1.1817,-1.1763,-1.1678,-1.1678,-1.1678,-1.1586,-1.7395,-1.1539,-1.1539,-1.1539,-1.141,-1.1399,-1.1391,-1.126,-1.1233,-1.1121,-1.1075,-1.7097,-1.0982,-1.0917,-1.0768,-1.0703,-1.061,-1.0461,-1.0313,-1.0164,-1.0146,-1.0006,-1.68,-0.98573,-0.97087,-0.956,-0.94114,-0.92627,-0.91141,-0.89654,-0.88168,-0.86682,-0.86146,3.0,5.0
-2.0508,-1.8449,-1.6577,-0.79284,-0.78118,-0.76951,-0.75784,-0.74618,-0.73451,-0.72284,-0.71118,-0.69951,-0.68784,-1.6372,-0.67618,-0.66451,-0.65284,-0.64118,-0.62951,-0.62455,-0.61759,-0.61314,-0.60567,-0.594,-1.6224,-0.59032,-0.58208,-0.57041,-0.55874,-0.55609,-0.54682,-0.54468,-0.5349,-0.53327,-0.52297,-1.6024,-0.52186,-0.51105,-0.51045,-0.49913,-0.48763,-0.4872,-0.47554,-0.46387,-0.4522,-0.44054,-1.5908,-0.42887,-0.41721,-0.40776,-0.40528,-0.39362,-0.38195,-0.37028,-0.36213,-0.35836,-0.34669,-1.5791,-0.33503,-0.32336,-0.31169,-0.30003,-0.28836,-0.27669,-0.27085,-0.26477,-0.25944,-0.25944,-1.5716,-0.25259,-0.24803,-0.24067,-0.23662,-0.22875,-0.22521,-0.21682,-0.20516,-0.20239,-0.19323,-1.5672,-0.18157,-0.1699,-0.15823,-0.14657,-0.1349,-0.12323,-0.11157,-0.11111,-0.099645,-0.087978,-1.5555,-0.076312,-0.064645,-0.054063,-0.052722,-0.041056,-0.029389,-0.017723,-0.006056,0.002986,0.005867,-1.5439,0.017533,0.0292,0.037215,0.041123,0.052789,0.064456,0.076122,0.087789,0.099455,0.11112,-1.8221,-1.5322,0.11708,0.12304,0.13471,0.14638,0.15131,0.1583,0.16272,0.17022,0.18189,0.18554,-1.5259,0.19381,0.20548,0.20836,0.2174,0.22907,0.23118,0.24099,0.24259,0.25292,0.254,-1.5259,0.26484,0.26541,0.27676,0.27702,0.28823,0.28894,0.30061,0.31105,0.31253,0.3242,-1.5259,0.33586,0.34753,0.35669,0.35945,0.37112,0.38279,0.39445,0.40612,0.41779,0.42515,-1.5198,0.42971,0.44138,0.45304,0.46471,0.47638,0.48804,0.4936,0.4936,0.4936,0.50048,-1.5145,0.50501,0.50501,0.50501,0.50501,0.51317,0.51642,0.52509,0.52783,0.53702,0.53924,-1.5145,0.53924,0.5492,0.56086,0.56206,0.57279,0.57347,0.57347,0.58488,0.58488,0.58548,-1.5145,0.59629,0.59629,0.59629,0.59792,0.6077,0.6077,0.6101,0.61911,0.61911,0.62228,-1.5073,0.63052,0.63052,0.63446,0.64193,0.64638,0.65805,0.66475,0.66997,0.67616,0.68189,-1.5031,0.68757,0.69382,0.70548,0.71715,0.72882,0.73321,0.74074,0.7524,0.76407,0.77574,-1.8096,-1.5031,0.77885,0.78766,0.79026,0.79958,0.80167,0.81151,0.81308,0.82343,0.8351,0.8359,-1.5031,0.84702,0.85869,0.87012,0.87061,0.88228,0.89394,0.90435,0.90587,0.91753,0.9292,-1.4949,0.93858,0.94112,0.94999,0.95304,0.96471,0.97638,0.98804,0.99971,1.007,1.0116,-1.4917,1.0185,1.0236,1.0299,1.0355,1.0413,1.0474,1.0591,1.0641,1.071,1.0827,-1.4917,1.0943,1.106,1.1097,1.1179,1.1296,1.1325,1.1415,1.1532,1.1554,1.1554,-1.4827,1.1654,1.1668,1.1773,1.1782,1.1782,1.1895,1.1897,1.201,1.201,1.201,-1.4803,1.2021,1.2124,1.2141,1.2238,1.226,1.2377,1.2493,1.261,1.2759,1.2992,-1.4708,1.3225,1.3459,1.3692,1.397,1.4273,1.4556,1.4853,1.5142,1.5434,1.5728,-1.4689,1.6078,1.6428,1.6778,1.7198,1.7592,1.8017,1.8484,1.887,1.9303,1.977,-1.4589,2.0148,2.0589,2.1056,2.1426,2.1776,2.2227,2.259,2.294,-1.7863,-1.4575,-1.4469,-1.4353,-1.4346,-1.4233,-1.4117,-1.4004,-1.3998,-1.3881,-1.3764,-1.763,-1.3662,-1.3645,-1.3528,-1.3412,-1.3295,-1.3178,-1.3091,-1.3059,-1.2977,-1.294,-1.7396,-1.2863,-1.2821,-1.2749,-1.2701,-1.2585,-1.2521,-1.2465,-1.2349,-1.2232,-1.2179,-1.7163,-1.2113,-1.1996,-1.188,-1.1763,-1.1646,-1.153,-1.1332,-1.1182,-1.1066,-1.0949,-1.693,-1.0832,-1.0622,-1.0485,-1.0368,-1.015,-1.0021,-0.9904,-0.96781,-0.95566,-0.94396,-1.6719,-0.92092,-0.90925,-0.89758,-0.88486,-0.86284,-0.85117,-0.83951,-0.82784,-0.81618,-0.80451,3.0,5.0
-2.2517,-2.1608,-1.8466,-0.76982,-0.76982,-0.76334,-0.75892,-0.74868,-0.74803,-0.74803,-0.74304,-0.73713,-0.73713,-1.8083,-0.73713,-0.73713,-0.73364,-0.72624,-0.71899,-0.71534,-0.70433,-0.69156,-0.67878,-0.66601,-1.77,-0.65323,-0.64046,-0.62719,-0.60401,-0.59123,-0.57846,-0.56568,-0.5529,-0.54013,-0.52735,-1.7316,-0.51458,-0.5018,-0.48903,-0.47625,-0.46347,-0.45383,-0.44882,-0.43604,-0.43204,-0.42139,-1.6978,-0.42114,-0.41763,-0.41025,-0.41025,-0.41025,-0.41025,-0.41025,-0.41025,-0.40447,-0.39935,-1.6659,-0.39935,-0.39883,-0.38846,-0.38418,-0.37756,-0.36952,-0.36666,-0.35487,-0.34487,-0.34021,-1.6358,-0.32744,-0.31466,-0.30189,-0.28911,-0.27633,-0.2686,-0.26168,-0.2489,-0.23613,-0.22335,-1.6103,-0.21058,-0.1978,-0.18502,-0.17225,-0.17037,-0.15759,-0.14482,-0.13204,-0.11927,-0.10649,-1.5859,-0.10461,-0.091835,-0.079059,-0.066284,-0.053508,-0.040732,-0.028883,-0.026077,-0.013301,-0.000525,-1.5701,0.003806,0.01413,0.025598,0.028785,0.041561,0.04739,0.056216,0.068992,0.070872,0.080079,-2.1315,-1.5494,0.085527,0.090975,0.090975,0.10187,0.10187,0.10187,0.10187,0.10187,0.11146,0.11334,-1.5367,0.12366,0.12799,0.14077,0.14546,0.15543,0.16915,0.19187,0.20465,0.21742,0.23867,-1.5239,0.25387,0.26798,0.29032,0.3031,0.32284,0.33954,0.36305,0.37771,0.39966,0.41244,-1.5111,0.43257,0.44889,0.47256,0.48533,0.49811,0.51088,0.52366,0.53644,0.54861,0.55109,-1.5092,0.55951,0.56575,0.5704,0.5704,0.5813,0.5813,0.5813,0.58792,0.5922,0.60258,-1.4999,0.60309,0.60309,0.60309,0.61009,0.61399,0.62475,0.62663,0.63578,0.64128,0.65406,-1.4999,0.65757,0.66847,0.67059,0.68337,0.69026,0.69803,0.7108,0.72295,0.72546,0.73823,-1.4927,0.74474,0.75289,0.76566,0.77743,0.78032,0.79309,0.80587,0.81012,0.82053,0.83191,-1.489,0.83518,0.84281,0.84984,0.8537,0.86449,0.8646,0.8646,0.8646,0.87201,0.8755,-1.4781,0.8755,0.8755,0.8755,0.8755,0.8755,0.8755,0.8755,0.8755,0.87991,0.88639,-2.0988,-1.4762,0.88639,0.88639,0.88639,0.88639,0.88639,0.88639,0.89495,0.89729,0.89729,0.89729,-1.4672,0.89729,0.89729,0.90622,0.90819,0.90998,0.91908,0.92464,0.92998,0.93929,0.94117,-1.4615,0.95177,0.95583,0.96267,0.97048,0.97356,0.98446,0.98702,0.99535,1.0017,1.0063,-1.4487,1.0163,1.0182,1.028,1.0329,1.0389,1.0389,1.0389,1.0498,1.0498,1.0498,-1.4454,1.0498,1.0498,1.0498,1.0517,1.0607,1.0607,1.0607,1.0607,1.0716,1.0738,-1.4341,1.0825,1.0885,1.1013,1.114,1.1268,1.1396,1.1524,1.1651,1.1779,1.1907,-1.4236,1.2035,1.2162,1.2339,1.2527,1.2655,1.2887,1.3019,1.318,1.3384,1.3582,-1.4194,1.3748,1.3985,1.4131,1.4349,1.4477,1.4605,1.4733,1.486,1.4988,1.5116,-1.4066,1.5244,1.5371,1.5499,1.5627,1.5755,1.5882,1.601,1.6138,1.6164,1.6284,-1.4018,1.6412,1.654,1.6668,1.6795,1.7028,1.716,1.7288,1.7415,-2.0657,-1.392,-1.3901,-1.3773,-1.3691,-1.3627,-1.3499,-1.3473,-1.3364,-1.3334,-1.3255,-2.0274,-1.3187,-1.3146,-1.3146,-1.3131,-1.3037,-1.3037,-1.2965,-1.2928,-1.2928,-1.28,-1.9999,-1.2672,-1.2601,-1.2526,-1.2398,-1.2275,-1.2251,-1.2124,-1.1996,-1.1868,-1.174,-1.9616,-1.1613,-1.1485,-1.1357,-1.1229,-1.1102,-1.0974,-1.0846,-1.0718,-1.0591,-1.0463,-1.9233,-1.0335,-1.0101,-0.99706,-0.98428,-0.97151,-0.95151,-0.93506,-0.92228,-0.90755,-0.88584,-1.885,-0.87306,-0.86028,-0.84751,-0.8352,-0.83285,-0.82008,-0.8073,-0.79453,-0.79161,-0.77987,3.0,5.0
1.9525,1.8274,1.7096,-0.037743,-0.041506,-0.067845,-0.099937,-0.10566,-0.11875,-0.15293,-0.18225,-0.18701,-0.196,1.6965,-0.23801,-0.29037,-0.3099,-0.3114,-0.32365,-0.37499,-0.41203,-0.42335,-0.42577,-0.43578,1.6834,-0.46564,-0.53529,-0.54033,-0.55342,-0.56017,-0.56717,-0.58026,-0.59335,-0.59749,-0.6071,1.6703,-0.60993,-0.62084,-0.62237,-0.63459,-0.64724,-0.64833,-0.66142,-0.67452,-0.68456,-0.68826,1.6481,-0.70135,-0.71444,-0.72754,-0.74063,-0.75372,-0.76681,-0.7799,-0.79299,-0.80609,-0.81918,1.6317,-0.83227,-0.84536,-0.85845,-0.87155,-0.88464,-0.89944,-0.92326,-0.93635,-0.94944,-0.96254,1.6186,-0.97563,-0.98872,-1.0018,-1.0149,-1.028,-1.0411,-1.0542,-1.0768,-1.0928,-1.1059,1.6055,-1.119,-1.1321,-1.1452,-1.1572,-1.1589,-1.172,-1.1851,-1.1982,-1.207,-1.2119,1.5807,-1.225,-1.2381,-1.2443,-1.2519,-1.265,-1.2692,-1.2787,-1.2918,-1.2941,-1.3055,1.5669,-1.3186,-1.3193,-1.3324,-1.3438,-1.3461,-1.3563,-1.3599,-1.3687,-1.3736,-1.3811,1.8143,1.5532,-1.3874,-1.3936,-1.3936,-1.4017,-1.406,-1.3965,-1.3834,-1.3811,-1.3697,-1.3566,1.5283,-1.3438,-1.3429,-1.3298,-1.3189,-1.316,-1.3029,-1.2898,-1.2767,-1.2692,-1.263,1.5152,-1.2499,-1.2368,-1.2237,-1.2106,-1.1975,-1.1844,-1.1714,-1.1583,-1.1452,-1.1321,1.5021,-1.1199,-1.1183,-1.1052,-1.0921,-1.0791,-1.066,-1.0529,-1.0398,-1.0267,-1.0136,1.489,-1.0005,-0.98741,-0.97432,-0.96123,-0.94814,-0.93505,-0.92195,-0.89683,-0.88333,-0.87024,1.472,-0.85715,-0.84185,-0.81853,-0.80543,-0.79234,-0.77443,-0.75372,-0.74063,-0.72754,-0.70701,1.4504,-0.68891,-0.67582,-0.66273,-0.64964,-0.62585,-0.61102,-0.59792,-0.58483,-0.57174,-0.55865,1.4373,-0.54556,-0.53529,-0.53181,-0.51872,-0.50563,-0.49798,-0.49188,-0.47879,-0.4657,-0.46066,1.4242,-0.45195,-0.44822,-0.43821,-0.43578,-0.42446,-0.42335,-0.41072,-0.39763,-0.38603,-0.38388,1.4046,-0.37079,-0.36115,-0.35705,-0.34395,-0.33627,-0.33021,-0.32383,-0.31647,-0.30337,-0.29028,1.8012,1.3856,-0.27719,-0.27408,-0.26344,-0.25035,-0.23726,-0.21173,-0.19864,-0.18555,-0.17246,-0.15936,1.3725,-0.14627,-0.13318,-0.12009,-0.10162,-0.081465,-0.068374,-0.047943,-0.029751,-0.016659,0.00573,1.3509,0.021963,0.035055,0.059404,0.073677,0.086769,0.10064,0.12539,0.13848,0.15157,0.16467,1.3338,0.17776,0.19085,0.20394,0.21703,0.23013,0.24322,0.25631,0.2694,0.28249,0.29558,1.311,0.30868,0.32177,0.33486,0.34795,0.36104,0.37554,0.39967,0.41276,0.42921,0.4594,1.2952,0.49401,0.51488,0.53394,0.56013,0.58631,0.63628,0.67599,0.70218,0.73825,0.76698,1.2711,0.82675,0.86851,0.90779,0.94707,0.98634,1.0256,1.0729,1.1415,1.1847,1.2325,1.2566,1.277,1.3235,1.3693,1.4434,1.5114,1.5552,1.5945,1.6337,1.673,1.7458,1.2311,1.7771,1.8033,1.8288,1.8432,1.8694,1.8929,1.906,1.9151,1.9151,1.9099,1.2174,1.8968,1.8903,1.8831,1.8621,1.8444,1.8405,1.8307,1.8071,1.7881,1.1925,1.1775,1.1538,1.1375,1.1114,1.0897,1.0714,1.0511,1.0315,1.0124,1.7751,0.99157,0.96538,0.94828,0.92545,0.90966,0.88552,0.87103,0.8456,0.81997,0.80567,1.762,0.78135,0.76826,0.75199,0.71434,0.66679,0.64857,0.62817,0.60864,0.58954,0.56871,1.7489,0.55092,0.53783,0.51504,0.49921,0.48612,0.47302,0.45993,0.44684,0.43375,0.42066,1.7358,0.40757,0.39447,0.38138,0.36829,0.3552,0.34211,0.32901,0.31592,0.30283,0.28974,1.7227,0.27665,0.23454,0.16153,0.093952,0.040124,0.036889,0.024451,0.019848,-0.025304,-0.027761,1.0,1.0
1.6989,1.6379,1.5122,-0.26713,-0.2741,-0.29007,-0.30604,-0.31302,-0.32899,-0.34631,-0.36993,-0.3949,-0.41987,1.4962,-0.44708,-0.47903,-0.49657,-0.52492,-0.56586,-0.5978,-0.63784,-0.67068,-0.70262,-0.74356,1.4803,-0.75751,-0.78945,-0.82634,-0.86233,-0.89428,-0.91835,-0.94916,-0.97211,-0.98426,-1.009,1.4643,-1.0319,-1.0549,-1.0778,-1.1008,-1.1251,-1.1557,-1.1714,-1.1926,-1.216,-1.2474,1.4483,-1.2704,-1.2933,-1.3248,-1.3482,-1.3622,-1.3941,-1.4171,-1.4407,-1.4656,-1.4859,1.438,-1.5066,-1.5226,-1.5385,-1.5455,-1.5615,-1.5684,-1.5763,-1.5853,-1.5984,-1.6053,1.4254,-1.6123,-1.6213,-1.6303,-1.6303,-1.6294,-1.6134,-1.6065,-1.5943,-1.5835,-1.5675,1.4094,-1.5606,-1.5446,-1.5286,-1.5217,-1.5057,-1.5043,-1.4917,-1.4758,-1.4598,-1.4503,1.3507,-1.4368,-1.4209,-1.4144,-1.4069,-1.391,-1.375,-1.368,-1.352,-1.3361,-1.3201,1.2965,-1.3154,-1.3062,-1.2902,-1.2742,-1.2582,-1.2513,-1.2353,-1.2193,-1.2124,-1.2054,1.622,1.2805,-1.1894,-1.1734,-1.1624,-1.1505,-1.1345,-1.1185,-1.1026,-1.0956,-1.0796,-1.0637,1.2546,-1.0477,-1.0364,-1.0247,-1.0088,-0.9928,-0.98583,-0.96986,-0.95389,-0.93792,-0.91295,1.177,-0.89698,-0.88101,-0.87403,-0.85806,-0.84209,-0.82612,-0.81015,-0.79418,-0.7782,-0.76223,1.1696,-0.74851,-0.74829,-0.73232,-0.71634,-0.70037,-0.6844,-0.66843,-0.65853,-0.65448,-0.63851,1.1176,-0.62254,-0.60657,-0.5996,-0.59262,-0.57665,-0.56068,-0.54471,-0.53256,-0.52177,-0.50579,1.0792,-0.49657,-0.49185,-0.48487,-0.4779,-0.46958,-0.46058,-0.45158,-0.44101,-0.43359,-0.41807,1.0407,-0.41109,-0.39512,-0.38815,-0.37218,-0.3652,-0.35823,-0.34226,-0.32629,-0.31032,-0.29435,1.0247,-0.27837,-0.2714,-0.26263,-0.24846,-0.23248,-0.21651,-0.20054,-0.18457,-0.1686,-0.13441,0.99977,-0.055677,-0.039706,-0.032733,-0.016761,-0.00169,0.006183,0.022154,0.038126,0.055896,0.096612,0.9667,0.10403,0.12001,0.12698,0.14295,0.15127,0.1659,0.18187,0.19784,0.21381,0.22978,1.6089,0.93184,0.24575,0.26172,0.27769,0.29366,0.30964,0.32561,0.34158,0.35755,0.37352,0.38049,0.92486,0.39647,0.41244,0.42841,0.43921,0.4482,0.4572,0.4653,0.4662,0.4752,0.48622,0.90889,0.50219,0.51816,0.53413,0.54718,0.54808,0.56405,0.58002,0.59599,0.61196,0.63671,0.89292,0.6619,0.68687,0.71454,0.73748,0.76178,0.79237,0.81172,0.82769,0.84366,0.85963,0.87695,0.8756,0.89157,0.90754,0.93094,0.94848,0.96445,0.98178,1.0054,1.0277,1.0463,0.86098,1.0646,1.0873,1.1032,1.1282,1.1532,1.1703,1.1941,1.2162,1.2441,1.26,0.84501,1.276,1.292,1.3079,1.3239,1.3399,1.3559,1.3718,1.3878,1.4038,1.4197,0.82904,1.4447,1.4607,1.4767,1.4926,1.5086,1.5246,1.5369,1.5475,1.5635,1.5705,0.81801,1.5864,1.5999,1.5999,1.6074,1.6233,1.6303,1.6463,1.6622,1.6692,1.6852,0.79709,1.6899,1.6899,1.6899,1.6989,1.6989,1.7079,1.7079,1.7018,1.599,0.78112,0.76515,0.74918,0.73321,0.71724,0.70914,0.69429,0.67832,0.66235,0.64638,1.5831,0.63041,0.61444,0.61016,0.60049,0.58452,0.56855,0.55258,0.5456,0.52963,0.52019,1.5671,0.52019,0.49387,0.43786,0.41221,0.37982,0.3661,0.34788,0.34023,0.31234,0.29996,1.5511,0.28624,0.27679,0.24485,0.21673,0.19581,0.15915,0.15127,0.12698,0.11528,0.10628,1.5369,0.097286,0.06332,0.046449,0.031377,0.025304,0.009557,-0.025084,-0.064675,-0.097067,-0.16343,1.5282,-0.17265,-0.18637,-0.19334,-0.20032,-0.20864,-0.21764,-0.22124,-0.23563,-0.24418,-0.25363,1.0,1.0
-0.6935,-0.71311,-0.73825,-1.8794,-1.8537,-1.8252,-1.8056,-1.7803,-1.7504,-1.7111,-1.6772,-1.6477,-1.6183,-0.73825,-1.584,-1.5448,-1.5151,-1.4813,-1.442,-1.4028,-1.3676,-1.3382,-1.3,-1.2608,-0.73825,-1.2216,-1.1906,-1.158,-1.1188,-1.0875,-1.0552,-1.016,-0.97677,-0.93993,-0.9105,-0.73825,-0.87399,-0.83674,-0.80731,-0.77122,-0.73355,-0.70413,-0.66844,-0.63036,-0.60094,-0.57152,-0.73825,-0.54135,-0.50212,-0.46833,-0.4389,-0.40948,-0.38006,-0.35063,-0.32121,-0.29179,-0.26236,-0.73825,-0.24226,-0.21843,-0.18901,-0.15959,-0.13397,-0.11435,-0.094735,-0.071726,-0.042302,-0.020971,-0.73825,-0.001356,0.01826,0.037876,0.054918,0.064726,0.081806,0.099259,0.10907,0.12574,0.1436,-0.73825,0.15341,0.16321,0.17302,0.18283,0.19264,0.20151,0.20151,0.20715,0.21643,0.21643,-0.73825,0.22165,0.23146,0.24127,0.25108,0.26088,0.27069,0.2805,0.29031,0.30011,0.30992,-0.7309,0.31973,0.32954,0.33935,0.34915,0.35896,0.36877,0.37858,0.38839,0.40095,0.42057,-0.72333,-0.72333,0.43273,0.44253,0.45234,0.4692,0.48687,0.49668,0.51313,0.53121,0.54102,0.55706,-0.72333,0.57555,0.58536,0.60099,0.6199,0.6297,0.64492,0.66424,0.67404,0.68885,0.70846,-0.72333,0.71838,0.73278,0.75239,0.77201,0.79163,0.81124,0.82198,0.83556,0.85517,0.87479,-0.72333,0.8944,0.91402,0.92558,0.93833,0.95795,0.97756,0.99718,1.0168,1.0364,1.056,-0.72333,1.0756,1.0953,1.1149,1.1345,1.1541,1.1737,1.1933,1.213,1.2326,1.2522,-0.72333,1.2662,1.2765,1.2961,1.3157,1.3353,1.355,1.3746,1.3942,1.4138,1.4291,-0.72333,1.4389,1.4577,1.4734,1.4832,1.493,1.5064,1.526,1.5374,1.5472,1.557,-0.72333,1.5668,1.5766,1.5864,1.5888,1.5911,1.6009,1.6107,1.6186,1.6186,1.612,-0.72333,1.6037,1.6037,1.5975,1.5877,1.5779,1.5623,1.5434,1.5336,1.5184,1.4988,-0.72333,1.4791,1.4595,1.4399,1.4203,1.4007,1.3811,1.3522,1.3228,1.2934,1.2639,-0.72333,-0.72333,1.2345,1.2051,1.1757,1.1462,1.1168,1.0874,1.0551,1.0158,0.9842,0.95478,-0.72333,0.92536,0.89593,0.86442,0.82519,0.79274,0.765,0.74538,0.71939,0.68997,0.66054,-0.72333,0.63709,0.61661,0.58719,0.56332,0.54371,0.52409,0.50448,0.4849,0.47509,0.46055,-0.72333,0.44093,0.43075,0.42094,0.41113,0.40133,0.3876,0.36799,0.35699,0.34718,0.33737,-0.71804,0.33577,0.33267,0.32286,0.31305,0.30325,0.29344,0.28363,0.27382,0.26402,0.25421,-0.70842,0.24067,0.21125,0.20151,0.20151,0.20151,0.20151,0.20151,0.20151,0.20726,0.21643,-0.70842,0.21643,0.21643,0.21665,0.22646,0.23135,0.23135,0.23135,0.23586,0.24567,0.24626,-0.70842,0.25037,0.26017,0.26118,0.26487,0.27468,0.2761,0.27938,0.28919,0.29102,0.29389,-0.70842,0.30369,0.30593,0.30839,0.3182,0.32085,0.3229,0.33271,0.33577,0.33741,0.34721,-0.70842,0.35068,0.35068,0.35068,0.35661,0.3656,0.3656,0.3656,0.3656,-0.73273,-0.70842,-0.70842,-0.70842,-0.70842,-0.70842,-0.70842,-0.70842,-0.70842,-0.76689,-0.81608,-0.73825,-0.82589,-0.86747,-0.90517,-0.91498,-0.96245,-1.0092,-1.019,-1.0359,-1.0555,-1.0751,-0.73825,-1.0881,-1.1059,-1.1647,-1.1921,-1.2078,-1.2667,-1.2961,-1.3098,-1.3686,-1.4056,-0.73825,-1.427,-1.4957,-1.5593,-1.6181,-1.6281,-1.6426,-1.6622,-1.6818,-1.6972,-1.707,-0.73825,-1.7526,-1.8016,-1.8507,-1.8656,-1.8754,-1.8852,-1.895,-1.9169,-1.9659,-1.9841,-0.73825,-1.9913,-1.9913,-1.9986,-2.0018,-1.9822,-1.9695,-1.9579,-1.9382,-1.9186,-1.899,4.0,4.0
0.12079,0.13869,0.15425,1.6098,1.5919,1.574,1.5525,1.5167,1.4751,1.4214,1.3677,1.314,1.2392,0.15425,1.1497,1.0602,0.97068,0.86595,0.75854,0.65113,0.54172,0.41641,0.2911,0.16579,0.15425,0.040485,-0.084823,-0.21917,-0.36237,-0.48283,-0.59024,-0.71136,-0.83667,-0.92986,-1.0194,0.15425,-1.1089,-1.1927,-1.2464,-1.3053,-1.3769,-1.4334,-1.4692,-1.505,-1.5408,-1.5644,0.13785,-1.5823,-1.5857,-1.5857,-1.5857,-1.5843,-1.5664,-1.5449,-1.5091,-1.4733,-1.4374,0.12079,-1.3933,-1.3396,-1.2752,-1.2036,-1.132,-1.0604,-0.97336,-0.88385,-0.79434,-0.70484,0.12079,-0.61533,-0.52583,-0.43632,-0.33996,-0.23255,-0.13434,-0.044839,0.044667,0.13417,0.22368,0.12079,0.31318,0.40269,0.4922,0.5817,0.67121,0.76071,0.84487,0.91647,0.98807,1.0597,0.12079,1.1313,1.2029,1.2745,1.3461,1.403,1.4567,1.4933,1.5276,1.5455,1.5634,0.11527,1.5813,1.593,1.593,1.5845,1.5666,1.5378,1.502,1.4662,1.4304,1.3791,0.15425,0.097367,1.3254,1.2716,1.2133,1.1238,1.0389,0.96733,0.8887,0.79919,0.70032,0.59291,0.079466,0.4855,0.3781,0.27069,0.16328,0.055876,-0.052367,-0.17768,-0.2998,-0.40721,-0.51462,0.061564,-0.62203,-0.72157,-0.81107,-0.90058,-0.99009,-1.0796,-1.1691,-1.2288,-1.2825,-1.3362,0.043663,-1.3883,-1.4241,-1.4599,-1.4957,-1.5251,-1.543,-1.5522,-1.5522,-1.5522,-1.5522,0.025762,-1.5522,-1.5522,-1.5208,-1.4851,-1.4672,-1.4443,-1.3906,-1.3418,-1.3059,-1.2558,-0.004687,-1.1842,-1.1221,-1.0684,-1.0028,-0.9312,-0.85959,-0.78799,-0.71638,-0.64377,-0.55427,-0.040489,-0.46811,-0.3965,-0.31921,-0.22971,-0.1402,-0.050694,0.028439,0.10004,0.18436,0.27387,-0.076291,0.36337,0.45288,0.52499,0.59843,0.68794,0.77326,0.84487,0.91647,0.98807,1.0597,-0.11209,1.1313,1.1917,1.2454,1.2991,1.3528,1.3906,1.4264,1.4622,1.498,1.5338,-0.1479,1.5646,1.5825,1.6004,1.6183,1.6362,1.6541,1.66,1.66,1.66,1.66,0.15425,-0.18537,1.6432,1.6265,1.6265,1.623,1.6051,1.5813,1.5455,1.5097,1.4739,1.4381,-0.23907,1.4023,1.3536,1.2999,1.2462,1.1925,1.1212,1.0496,0.97804,0.91078,0.85708,-0.29278,0.79668,0.72508,0.65347,0.58187,0.51026,0.43866,0.38077,0.32707,0.27337,0.21966,-0.34648,0.16596,0.1151,0.079298,0.03831,-0.015394,-0.05404,-0.071941,-0.099713,-0.13552,-0.1591,-0.40654,-0.17701,-0.20946,-0.24526,-0.26417,-0.28207,-0.29997,-0.31419,-0.31419,-0.31419,-0.31419,-0.47815,-0.31419,-0.31419,-0.31419,-0.31419,-0.31419,-0.31419,-0.31419,-0.31419,-0.31419,-0.31419,-0.54975,-0.31419,-0.31871,-0.33661,-0.34765,-0.34765,-0.34765,-0.34765,-0.3592,-0.3771,-0.38111,-0.62136,-0.38111,-0.39734,-0.41457,-0.41457,-0.41758,-0.43549,-0.44803,-0.44803,-0.44803,-0.44803,-0.69296,-0.44803,-0.44803,-0.44803,-0.44803,-0.44803,-0.44803,-0.44803,-0.44954,-0.46744,-0.48149,-0.76457,-0.48149,-0.48768,-0.50558,-0.52349,-0.54139,-0.55929,-0.57719,-0.59509,0.15425,-0.84955,-0.93906,-1.0128,-1.0844,-1.156,-1.2251,-1.2788,-1.3326,-1.3863,-1.4328,0.15425,-1.4686,-1.4948,-1.5127,-1.5306,-1.5485,-1.538,-1.5201,-1.5022,-1.4833,-1.4475,0.15425,-1.4117,-1.3759,-1.3287,-1.2571,-1.1855,-1.1139,-1.0423,-0.97068,-0.87365,-0.76624,0.15425,-0.67389,-0.58438,-0.46008,-0.33661,-0.2292,-0.1218,-0.01439,0.099542,0.22485,0.34129,0.15425,0.4487,0.5561,0.66351,0.75737,0.84687,0.93638,1.0259,1.1154,1.2022,1.2738,0.15425,1.3404,1.3941,1.4478,1.5015,1.5358,1.5537,1.5837,1.6195,1.6265,1.6265,0.0,0.0
-2.0025,-1.8335,-1.7159,-0.7095,-0.72021,-0.73092,-0.74164,-0.75235,-0.76306,-0.77378,-0.78449,-0.80175,-0.81647,-1.7052,-0.82719,-0.8379,-0.84861,-0.88133,-0.90171,-0.90477,-0.91258,-0.91532,-0.91532,-0.91532,-1.6945,-0.90688,-0.90477,-0.90477,-0.89585,-0.89421,-0.89421,-0.88482,-0.8741,-0.8731,-0.86323,-1.6859,-0.85252,-0.84181,-0.76903,-0.74654,-0.72512,-0.70369,-0.68226,-0.66084,-0.63941,-0.61708,-1.6836,-0.586,-0.56457,-0.54315,-0.52172,-0.4986,-0.46831,-0.44688,-0.42329,-0.39347,-0.36956,-1.6729,-0.34006,-0.31864,-0.29721,-0.27578,-0.25435,-0.23293,-0.2115,-0.19382,-0.1792,-0.15777,-1.6622,-0.13635,-0.11492,-0.093493,-0.072066,-0.050639,-0.029212,-0.007785,0.008312,0.024514,0.040294,-1.6515,0.051008,0.061721,0.072435,0.076868,0.083307,0.087423,0.087423,0.094337,0.097979,0.097979,-1.6408,0.097979,0.097979,0.097979,0.097979,0.097979,0.097979,0.08964,0.087423,0.087423,0.07861,-1.6331,0.067896,0.066313,0.057024,0.046311,0.035597,0.01512,0.003615,-0.04742,-0.049795,-0.060191,-1.8224,-1.6299,-0.070905,-0.081618,-0.092332,-0.10305,-0.11376,-0.12447,-0.13519,-0.14479,-0.14479,-0.14479,-1.6225,-0.14321,-0.13249,-0.12178,-0.11107,-0.089271,-0.034489,-0.013062,0.008365,0.029792,0.051219,-1.6225,0.072646,0.097398,0.12606,0.15112,0.17946,0.20485,0.23287,0.2543,0.28016,0.30771,-1.6189,0.32439,0.34001,0.36144,0.38286,0.40429,0.42572,0.44715,0.46857,0.49,0.51143,-1.612,0.52652,0.54373,0.56515,0.58658,0.60104,0.61888,0.63302,0.65118,0.665,0.68348,-1.608,0.69699,0.7077,0.71841,0.72913,0.73984,0.75055,0.7524,0.76143,0.76296,0.7723,-1.6014,0.77351,0.78317,0.78407,0.78407,0.78407,0.78407,0.78407,0.78401,0.77351,0.77351,-1.5971,0.77298,0.76227,0.7524,0.7514,0.74069,0.72997,0.71926,0.70855,0.69604,0.67656,-1.5909,0.66585,0.65514,0.64442,0.63371,0.623,0.61228,0.60157,0.59407,0.58732,0.56943,-1.5909,0.56241,0.55856,0.55185,0.55185,0.54753,0.5413,0.5413,0.5413,0.5413,0.5413,-1.8015,-1.5861,0.5413,0.54673,0.55185,0.55761,0.56832,0.57903,0.58975,0.60046,0.61117,0.6554,-1.5754,0.68538,0.69609,0.71398,0.72807,0.74628,0.76005,0.77858,0.80001,0.82143,0.84286,-1.5697,0.86429,0.88571,0.90714,0.92857,0.95,0.97142,0.98346,1.0037,1.0251,1.0466,-1.5645,1.068,1.0894,1.1005,1.1217,1.1431,1.154,1.175,1.1863,1.207,1.2177,-1.5538,1.2284,1.2392,1.2499,1.2606,1.2696,1.2715,1.2822,1.2929,1.3013,1.3038,-1.5431,1.3118,1.3146,1.3224,1.3224,1.3257,1.3329,1.3329,1.3367,1.3435,1.3435,-1.5324,1.3435,1.3479,1.3586,1.3646,1.3695,1.3802,1.3909,1.4016,1.4123,1.423,-1.5217,1.4337,1.4445,1.4552,1.4659,1.4766,1.4939,1.5086,1.5262,1.5476,1.5691,-1.511,1.5905,1.6119,1.6333,1.6548,1.6762,1.6976,1.7107,1.7299,1.7427,1.7622,-1.5002,1.7747,1.7945,1.8067,1.8174,1.8281,1.8388,1.8495,1.8602,-1.7901,-1.4895,-1.4723,-1.4575,-1.4468,-1.4361,-1.4254,-1.4147,-1.3965,-1.3827,-1.372,-1.7695,-1.3534,-1.34,-1.3211,-1.308,-1.2888,-1.2673,-1.2459,-1.2245,-1.2031,-1.1816,-1.7588,-1.1602,-1.1291,-1.1068,-1.0854,-1.0639,-1.0425,-1.0211,-0.99966,-0.97823,-0.9568,-1.7481,-0.93538,-0.91395,-0.89252,-0.8721,-0.86022,-0.84012,-0.82793,-0.80813,-0.79742,-0.78671,-1.7374,-0.77599,-0.76528,-0.75457,-0.74385,-0.73588,-0.73298,-0.72227,-0.71155,-0.70422,-0.70068,-1.7266,-0.69366,-0.69366,-0.68965,-0.68311,-0.68311,-0.68759,-0.69366,-0.69366,-0.69862,-0.70422,5.0,5.0
-0.90008,-0.8392,-0.79354,-2.0035,-1.9715,-1.9509,-1.9151,-1.8945,-1.8587,-1.8326,-1.8023,-1.7665,-1.7395,-0.79354,-1.6984,-1.6724,-1.6312,-1.6027,-1.5669,-1.5382,-1.497,-1.471,-1.4299,-1.4031,-0.79004,-1.3628,-1.3216,-1.2956,-1.2545,-1.2241,-1.1874,-1.1462,-1.1167,-1.0791,-1.0379,-0.77832,-1.0093,-0.97348,-0.94483,-0.91709,-0.88128,-0.85176,-0.8249,-0.78909,-0.75869,-0.7327,-0.77832,-0.71212,-0.68084,-0.65573,-0.63514,-0.61456,-0.59398,-0.58047,-0.56803,-0.54744,-0.51891,-0.77832,-0.49105,-0.47047,-0.44988,-0.4293,-0.3935,-0.37291,-0.35233,-0.32653,-0.29594,-0.27535,-0.77832,-0.26086,-0.2494,-0.22882,-0.20823,-0.18765,-0.16954,-0.1617,-0.14112,-0.13575,-0.12388,-0.77832,-0.1098,-0.09344,-0.083852,-0.078221,-0.063001,-0.052537,-0.047173,-0.026588,-0.017342,-0.000639,-0.77832,0.013097,0.025311,0.043536,0.05126,0.058756,0.073976,0.082575,0.089195,0.10852,0.11963,-0.76771,0.13447,0.15007,0.16042,0.16529,0.17115,0.18051,0.19573,0.20247,0.22305,0.22842,-0.82847,-0.7631,0.249,0.26959,0.29017,0.31076,0.33134,0.35192,0.37251,0.39309,0.41855,0.44948,-0.7631,0.47007,0.49065,0.51124,0.53182,0.55903,0.58821,0.60879,0.62938,0.66282,0.68577,-0.7631,0.70635,0.72694,0.74752,0.76811,0.78869,0.80927,0.82986,0.85044,0.87103,0.89161,-0.7631,0.9122,0.93278,0.95337,0.97395,1.0019,1.0303,1.0509,1.0715,1.1057,1.1279,-0.7631,1.1485,1.1836,1.2049,1.2255,1.2613,1.2818,1.3024,1.323,1.3436,1.3642,-0.7631,1.3848,1.4054,1.4259,1.4465,1.4671,1.4742,1.4931,1.5136,1.5342,1.5396,-0.7631,1.5602,1.5655,1.5807,1.5915,1.5969,1.6174,1.638,1.6434,1.664,1.672,-0.7631,1.6873,1.6953,1.7159,1.7212,1.7329,1.7472,1.7481,1.7579,1.7634,1.7634,-0.7631,1.774,1.7634,1.7634,1.7634,1.7465,1.7259,1.6929,1.6695,1.6489,1.6283,-0.7631,1.5891,1.5479,1.5209,1.4808,1.43,1.3983,1.3573,1.3056,1.2597,1.2186,-0.82398,-0.7631,1.1546,1.1058,1.0646,1.0235,0.96706,0.92589,0.89789,0.83165,0.80239,0.76122,-0.7631,0.70483,0.67321,0.63771,0.6016,0.57059,0.54464,0.50941,0.48882,0.46679,0.43244,-0.7631,0.41185,0.39127,0.37837,0.36532,0.34473,0.33271,0.31878,0.2982,0.27761,0.25703,-0.7631,0.23645,0.22617,0.2105,0.18991,0.18051,0.16529,0.1586,0.15007,0.15007,0.15007,-0.7631,0.16301,0.16838,0.18051,0.18051,0.19969,0.22027,0.24086,0.24622,0.26681,0.27217,-0.74788,0.29276,0.31334,0.31871,0.33929,0.34793,0.36524,0.37837,0.39119,0.39656,0.41714,-0.74788,0.42403,0.43925,0.44845,0.45447,0.45918,0.46969,0.46969,0.47528,0.48491,0.48491,-0.74788,0.48491,0.48491,0.48491,0.48491,0.48491,0.50013,0.50013,0.50013,0.50013,0.50013,-0.74788,0.50013,0.51535,0.51535,0.51546,0.53056,0.53056,0.54578,0.54578,0.54578,0.54578,-0.74788,0.54578,0.54578,0.54578,0.54578,0.55925,0.561,0.561,0.561,-0.82398,-0.73266,-0.73266,-0.73266,-0.73266,-0.73266,-0.73266,-0.71745,-0.71745,-0.71745,-0.71745,-0.81238,-0.71745,-0.71745,-0.71745,-0.71745,-0.71745,-0.71745,-0.71745,-0.71745,-0.71745,-0.71745,-0.80876,-0.71745,-0.71745,-0.71745,-0.71745,-0.71745,-0.71745,-0.71745,-0.71745,-0.71745,-0.71254,-0.80876,-0.7125,-0.73476,-0.83768,-0.9406,-1.0435,-1.1198,-1.1404,-1.2305,-1.3033,-1.3755,-0.80876,-1.4054,-1.4175,-1.514,-1.5432,-1.6009,-1.6453,-1.685,-1.7575,-1.7679,-1.8168,-0.80614,-1.8852,-1.9105,-1.9872,-2.0078,-2.0872,-2.1317,-2.153,-2.1182,-2.0485,-2.0279,4.0,4.0
2.0378,1.9957,1.7813,-0.036273,-0.060323,-0.084373,-0.10842,-0.13247,-0.15652,-0.18057,-0.2081,-0.23816,-0.26822,1.7512,-0.29829,-0.32835,-0.35885,-0.39493,-0.42957,-0.45963,-0.49212,-0.52819,-0.56427,-0.60034,1.7211,-0.63642,-0.67249,-0.70857,-0.74464,-0.78072,-0.81679,-0.85287,-0.89132,-0.9334,-0.97213,1.6911,-1.0082,-1.0443,-1.0804,-1.1111,-1.1415,-1.1775,-1.2123,-1.2424,-1.2724,-1.3025,1.661,-1.3292,-1.3533,-1.3816,-1.4117,-1.4312,-1.4495,-1.4735,-1.4963,-1.5144,-1.5301,1.629,-1.5422,-1.5542,-1.5662,-1.5782,-1.5903,-1.6023,-1.6139,-1.6139,-1.6151,-1.6211,1.5929,-1.6249,-1.6249,-1.6249,-1.6249,-1.6249,-1.6249,-1.6249,-1.6247,-1.6187,-1.6127,1.5539,-1.6067,-1.6007,-1.5947,-1.5855,-1.5735,-1.5656,-1.5596,-1.5484,-1.5365,-1.5305,1.5119,-1.5234,-1.5114,-1.4994,-1.4873,-1.4722,-1.4542,-1.4402,-1.4282,-1.4162,-1.4041,1.4737,-1.3921,-1.379,-1.361,-1.345,-1.333,-1.3179,-1.2999,-1.2819,-1.2638,-1.2508,1.9586,1.4376,-1.2388,-1.2207,-1.2027,-1.1847,-1.1646,-1.1406,-1.1195,-1.1015,-1.0834,-1.0654,1.3966,-1.0424,-1.0184,-1.0003,-0.98128,-0.95723,-0.93511,-0.91708,-0.89612,-0.87207,-0.85193,1.3545,-0.83389,-0.81586,-0.79782,-0.77978,-0.76174,-0.74371,-0.72567,-0.70763,-0.68959,-0.67156,1.3184,-0.65352,-0.63548,-0.6223,-0.61027,-0.5924,-0.57519,-0.56317,-0.55114,-0.53912,-0.52709,1.2814,-0.51507,-0.50304,-0.49102,-0.47899,-0.46697,-0.45494,-0.44369,-0.43768,-0.4299,-0.41787,1.2393,-0.40861,-0.40259,-0.39658,-0.39057,-0.37981,-0.36779,-0.3615,-0.35549,-0.34947,-0.34346,1.201,-0.33745,-0.33414,-0.33414,-0.33044,-0.32443,-0.31842,-0.31241,-0.30639,-0.30038,-0.29437,1.1709,-0.28836,-0.28234,-0.27633,-0.27032,-0.26431,-0.25829,-0.24765,-0.23562,-0.22922,-0.22261,1.138,-0.21058,-0.19856,-0.18653,-0.17451,-0.16248,-0.15046,-0.13843,-0.12641,-0.11438,-0.096784,1.1019,-0.078747,-0.060709,-0.042672,-0.024634,-0.006597,0.011441,0.029478,0.047516,0.065553,0.083591,1.9465,1.0697,0.10163,0.11967,0.1377,0.15723,0.18128,0.20285,0.22089,0.23892,0.25696,0.275,1.0396,0.29304,0.30561,0.31808,0.33612,0.35415,0.37219,0.3878,0.39983,0.41185,0.42388,1.0144,0.4359,0.44793,0.45995,0.47198,0.484,0.49603,0.50805,0.5177,0.52372,0.53309,0.99037,0.54512,0.55279,0.5588,0.57016,0.58186,0.58787,0.59388,0.59989,0.60591,0.61192,0.96048,0.61793,0.62394,0.62996,0.63597,0.64198,0.64827,0.66029,0.67105,0.67706,0.68308,0.93207,0.68909,0.69835,0.71038,0.7224,0.73443,0.74645,0.7587,0.77674,0.79356,0.80559,0.91403,0.81982,0.83786,0.85909,0.88314,0.90719,0.93124,0.96048,0.99054,1.0206,1.0507,0.89417,1.0807,1.1129,1.149,1.1851,1.2212,1.2614,1.3035,1.3404,1.3766,1.4187,0.87012,1.4608,1.5029,1.545,1.587,1.6291,1.6712,1.7092,1.7453,1.7814,1.8175,0.8517,1.8535,1.8896,1.9257,1.9597,1.9898,2.0198,2.0499,2.0759,1.9345,0.83968,0.81623,0.78617,0.7705,0.75848,0.72908,0.70211,0.69609,0.68479,0.66074,1.9225,0.64496,0.63895,0.63293,0.62692,0.60668,0.58263,0.57579,0.56834,0.5503,0.53398,1.8985,0.52195,0.51263,0.50662,0.48952,0.46547,0.44611,0.42807,0.41571,0.40435,0.39834,1.8625,0.38736,0.36331,0.3472,0.34119,0.33154,0.31951,0.31212,0.30611,0.29447,0.28184,1.8343,0.2638,0.24896,0.24295,0.22916,0.20511,0.19182,0.1858,0.17979,0.17378,0.14548,1.8103,0.11707,0.10505,0.093023,0.080998,0.066436,0.048398,0.033891,0.021866,0.005318,-0.012719,1.0,1.0
1.0634,1.0318,1.0451,-0.002209,0.091566,0.15733,0.25232,0.34732,0.43622,0.50685,0.60185,0.69684,0.79183,1.0634,0.88683,0.98182,1.0768,1.1718,1.2668,1.3618,1.4373,1.5213,1.5944,1.6577,1.078,1.7211,1.7844,1.8477,1.883,1.9147,1.9464,1.978,2.0073,2.0073,2.0073,1.0939,2.0073,1.9999,1.9683,1.8587,1.5956,1.4349,1.3313,1.2023,1.1073,0.97816,1.0939,0.85638,0.76139,0.66639,0.5714,0.49955,0.070862,-0.10938,-0.17758,-0.24091,-0.30424,1.0939,-0.39801,-0.46134,-0.52467,-0.58434,-0.62088,-0.68421,-0.74023,-0.78042,-0.83401,-0.86567,1.1133,-0.89733,-0.929,-0.96066,-0.97649,-0.99354,-1.0069,-1.0069,-1.0069,-1.0069,-1.0069,1.1243,-0.98258,-0.97649,-0.9497,-0.94605,-0.91682,-0.88515,-0.85227,-0.79138,-0.75606,-0.69761,1.1243,-0.65985,-0.59652,-0.53319,-0.46987,-0.4175,-0.37366,-0.29693,-0.21655,-0.15322,-0.072845,1.1243,0.00388,0.086694,0.18169,0.27668,0.37167,0.46667,0.56166,0.65665,0.75164,0.84664,1.0025,1.1243,0.94163,1.0062,1.1012,1.1925,1.2558,1.3192,1.3825,1.4458,1.4994,1.542,1.1243,1.5932,1.6115,1.6261,1.6419,1.6419,1.6419,1.6224,1.5907,1.4495,1.352,1.1243,1.2644,1.1949,0.94406,0.82715,0.61524,0.51538,0.32905,0.22675,0.047723,-0.04727,1.0963,-0.15444,-0.29815,-0.48692,-0.8133,-0.87663,-0.93996,-0.98989,-1.0362,-1.0837,-1.1324,1.0646,-1.1774,-1.2091,-1.2408,-1.2724,-1.3041,-1.3358,-1.3419,-1.3686,-1.3723,-1.3723,1.0634,-1.4027,-1.4015,-1.3723,-1.3723,-1.3674,-1.3358,-1.3041,-1.2724,-1.2408,-1.1981,1.0318,-1.147,-1.1019,-1.0386,-0.97528,-0.91195,-0.84862,-0.78529,-0.72196,-0.63671,-0.56486,1.0001,-0.47717,-0.38218,-0.31398,-0.22264,-0.12765,-0.032656,0.063555,0.18778,0.28277,0.37776,0.96842,0.47884,0.59819,0.69319,0.78818,0.88317,0.97816,1.0732,1.1682,1.2473,1.3106,0.93676,1.374,1.4373,1.5006,1.542,1.5737,1.6054,1.6115,1.6115,1.6115,1.5822,1.0025,0.88074,1.5506,1.486,1.3935,1.3265,1.2315,1.1365,1.0415,0.9465,0.85151,0.74555,0.75164,0.63108,0.52269,0.41064,0.29982,0.13906,0.00388,-0.1106,-0.21655,-0.31154,-0.3834,0.71998,-0.73901,-0.90099,-0.96919,-1.0325,-1.0958,-1.1592,-1.2225,-1.2858,-1.3492,-1.4076,0.6396,-1.4393,-1.4709,-1.5111,-1.555,-1.5659,-1.5976,-1.6159,-1.6159,-1.6317,-1.6463,0.50442,-1.628,-1.6159,-1.5952,-1.5854,-1.5623,-1.5063,-1.4685,-1.4101,-1.3747,-1.3138,0.47275,-1.2505,-1.186,-1.0934,-1.0264,-0.9363,-0.86689,-0.7792,-0.70735,-0.6221,-0.54781,0.42769,-0.46499,-0.38827,-0.30789,-0.24456,-0.19828,-0.14835,-0.10451,-0.072845,-0.041181,-0.009516,0.37898,0.022148,0.053812,0.058684,0.058684,0.029455,0.028237,0.027019,-0.002209,-0.002209,-0.007081,0.26815,-0.032656,-0.032656,-0.032656,-0.042399,-0.063102,-0.063102,-0.076499,-0.093548,-0.093548,-0.093548,0.16342,-0.11182,-0.12399,-0.12399,-0.12399,-0.12399,-0.14835,-0.15444,-0.15444,1.0025,0.13175,0.080605,-0.044834,-0.13739,-0.17758,-0.20924,-0.24091,-0.27257,-0.33225,-0.36635,1.0025,-0.39801,-0.42968,-0.46378,-0.52345,-0.55512,-0.59287,-0.64889,-0.68056,-0.71222,-0.74388,1.0098,-0.77555,-0.80721,-0.83888,-0.87054,-0.9022,-0.93387,-0.96553,-0.9972,-1.0289,-1.0605,1.033,-1.0678,-1.0934,-1.0983,-1.0983,-1.1275,-1.1287,-1.0983,-1.0983,-1.0946,-1.063,1.033,-1.0374,-1.0301,-0.99842,-0.95701,-0.90464,-0.87298,-0.84131,-0.79503,-0.74754,-0.69882,1.033,-0.65376,-0.60261,-0.55999,-0.5064,-0.44307,-0.37974,-0.31642,-0.22629,-0.15931,-0.095984,2.0,2.0
-0.071792,-0.036251,-0.006579,1.3303,1.3658,1.4014,1.4369,1.4725,1.5007,1.5184,1.5362,1.554,1.5585,-0.006579,1.5585,1.5585,1.5572,1.5395,1.5174,1.4819,1.4464,1.4108,1.3652,1.3119,-0.006579,1.2586,1.2052,1.12,1.0311,0.94227,0.85342,0.76456,0.6687,0.56208,0.45546,-0.006579,0.34883,0.22933,0.10494,-0.019458,-0.14287,-0.2495,-0.35612,-0.46274,-0.56937,-0.67599,-0.006579,-0.77283,-0.86168,-0.95054,-1.0394,-1.1126,-1.1837,-1.2548,-1.3221,-1.3754,-1.422,-0.006579,-1.4576,-1.4931,-1.5286,-1.5516,-1.5694,-1.5872,-1.6036,-1.5859,-1.5681,-1.5503,-0.006579,-1.526,-1.4905,-1.4455,-1.3922,-1.3389,-1.2856,-1.2323,-1.1785,-1.1074,-1.0329,-0.006579,-0.94402,-0.85516,-0.76631,-0.67746,-0.5886,-0.49975,-0.4109,-0.32205,-0.23319,-0.14434,-0.006579,-0.055488,0.033364,0.12222,0.21107,0.29992,0.38878,0.46556,0.53665,0.60773,0.67881,-0.018154,0.74989,0.82097,0.89206,0.96314,1.0342,1.0963,1.1496,1.203,1.2563,1.2947,-0.006579,-0.035924,1.3303,1.3658,1.3984,1.4162,1.434,1.4517,1.4695,1.4873,1.5051,1.5228,-0.053695,1.5259,1.5259,1.5083,1.4905,1.4728,1.455,1.4372,1.4108,1.3753,1.3397,-0.071466,1.3042,1.2542,1.2008,1.1301,1.059,0.98792,0.91684,0.84576,0.7662,0.67734,-0.089236,0.58849,0.49964,0.41078,0.32193,0.2158,0.10917,0.002551,-0.098692,-0.18754,-0.28471,-0.10962,-0.39134,-0.48671,-0.57556,-0.66441,-0.75327,-0.825,-0.89608,-0.96717,-1.033,-1.0863,-0.14516,-1.1397,-1.193,-1.2352,-1.2707,-1.2923,-1.31,-1.3278,-1.3456,-1.3633,-1.3761,-0.17515,-1.3761,-1.3681,-1.3503,-1.3325,-1.3148,-1.297,-1.2792,-1.2446,-1.2071,-1.1538,-0.19292,-1.1005,-1.0472,-0.98608,-0.915,-0.84391,-0.77283,-0.70175,-0.63067,-0.55958,-0.48671,-0.22765,-0.39786,-0.309,-0.22015,-0.13896,-0.067879,0.0138,0.10265,0.19151,0.28036,0.35274,-0.28096,0.42546,0.51431,0.5986,0.66968,0.74076,0.81184,0.88293,0.95401,1.0117,1.065,-0.006579,-0.32286,1.1183,1.1717,1.225,1.2739,1.3094,1.345,1.3805,1.416,1.4516,1.4739,-0.3584,1.4917,1.5095,1.5259,1.5259,1.5259,1.5259,1.5259,1.5259,1.5158,1.498,-0.40829,1.4803,1.4625,1.4447,1.4258,1.3903,1.3547,1.3192,1.2837,1.2481,1.2026,-0.4616,1.1493,1.096,1.0427,0.98939,0.9351,0.86401,0.79293,0.72185,0.65762,0.6043,-0.5322,0.54121,0.47013,0.41176,0.35845,0.28949,0.21922,0.16591,0.11635,0.080807,0.038581,-0.60328,-0.01473,-0.048804,-0.066575,-0.096899,-0.13244,-0.15249,-0.17092,-0.20646,-0.23841,-0.25618,-0.67436,-0.27395,-0.29172,-0.30004,-0.30004,-0.30004,-0.30004,-0.30004,-0.30004,-0.30004,-0.30004,-0.74544,-0.30004,-0.3064,-0.32417,-0.33264,-0.33264,-0.33264,-0.33264,-0.33264,-0.33264,-0.33264,-0.81652,-0.3359,-0.35367,-0.36525,-0.36525,-0.36525,-0.36525,-0.36525,-0.36525,-0.36525,-0.36525,-0.89592,-0.36525,-0.36525,-0.36525,-0.36525,-0.36525,-0.36525,-0.36525,-0.37715,-0.006579,-0.98477,-1.0624,-1.1335,-1.2045,-1.2756,-1.3467,-1.4155,-1.4688,-1.5221,-1.5754,-0.006579,-1.6206,-1.6561,-1.6806,-1.6984,-1.7161,-1.7339,-1.7347,-1.7347,-1.7347,-1.7297,-0.006579,-1.7119,-1.6861,-1.6506,-1.6151,-1.5795,-1.5301,-1.4768,-1.4235,-1.3682,-1.2971,-0.006579,-1.2261,-1.155,-1.0761,-0.98722,-0.90913,-0.83804,-0.75327,-0.66441,-0.55893,-0.4541,-0.006579,-0.36525,-0.27167,-0.16505,-0.066085,0.022767,0.12222,0.22884,0.32193,0.41078,0.5161,-0.006579,0.6211,0.70995,0.79424,0.86532,0.9439,1.0328,1.1007,1.154,1.2207,1.2918,0.0,0.0
-1.0422,-1.0045,-0.9793,-1.5642,-1.5465,-1.5414,-1.5237,-1.5186,-1.501,-1.4833,-1.4782,-1.4605,-1.441,-0.9793,-1.4126,-1.3949,-1.3647,-1.347,-1.3189,-1.3117,-1.2817,-1.2589,-1.2335,-1.2008,-0.9793,-1.173,-1.1427,-1.1073,-1.072,-1.0618,-1.0343,-1.0037,-0.96836,-0.93301,-0.89767,-0.9793,-0.86232,-0.82629,-0.77327,-0.73114,-0.69001,-0.66454,-0.61152,-0.55851,-0.51669,-0.46876,-0.9793,-0.42462,-0.3855,-0.35657,-0.32739,-0.3001,-0.29098,-0.2733,-0.25563,-0.22614,-0.20771,-0.9793,-0.19004,-0.17237,-0.14765,-0.12445,-0.10677,-0.09885,-0.071431,-0.053759,-0.036087,-0.018415,-0.9793,-0.000743,0.019507,0.047178,0.06485,0.077239,0.097993,0.11787,0.13554,0.15321,0.17088,-0.9793,0.18855,0.20623,0.2156,0.22899,0.24666,0.25333,0.25685,0.26591,0.27848,0.28471,-0.9793,0.30238,0.30364,0.31257,0.31622,0.32276,0.3288,0.34137,0.35062,0.35571,0.36653,-0.9793,0.37848,0.38357,0.39169,0.40634,0.41684,0.4291,0.44678,0.45457,0.46954,0.48721,-1.0045,-0.9793,0.50489,0.51746,0.51746,0.53275,0.55042,0.56809,0.58576,0.60343,0.62111,0.63878,-0.9793,0.65645,0.67984,0.69355,0.70946,0.72714,0.74575,0.77506,0.79273,0.82298,0.84939,-0.9793,0.87216,0.9075,0.91995,0.95303,0.98838,1.0111,1.0465,1.0818,1.1172,1.1431,-0.9793,1.1753,1.2036,1.2092,1.2436,1.2789,1.3017,1.337,1.3724,1.4077,1.4431,-0.97024,1.4784,1.5138,1.5239,1.5593,1.5946,1.63,1.6653,1.7007,1.736,1.7607,-0.96672,1.791,1.8086,1.8145,1.844,1.8617,1.8668,1.8844,1.901,1.9072,1.9136,-0.96672,1.9262,1.9262,1.9248,1.9136,1.902,1.8969,1.8793,1.8742,1.8565,1.8507,-0.96672,1.8337,1.8161,1.7984,1.7878,1.7756,1.7627,1.7529,1.7329,1.7049,1.6873,-0.96672,1.6646,1.6393,1.6091,1.5837,1.5486,1.5256,1.5111,1.48,1.4447,1.3968,-0.95735,1.3614,1.3153,1.2749,1.2302,1.194,1.147,1.1116,1.0763,1.0323,0.99303,-1.0045,-0.95414,0.95769,0.92234,0.887,0.85166,0.80524,0.77437,0.73305,0.6977,0.66236,0.62702,-0.95414,0.58476,0.54375,0.50388,0.46049,0.42514,0.40426,0.37961,0.34427,0.31886,0.28616,-0.95414,0.25081,0.22805,0.1927,0.16761,0.13459,0.10711,0.089063,0.05919,0.041518,0.023847,-0.95414,0.01435,0.013658,-0.004013,-0.021685,-0.019987,-0.010805,-0.009799,0.001772,0.001772,0.001772,-0.95414,0.010577,0.01435,0.01435,0.01435,0.01435,0.023469,0.026928,0.026928,0.026928,0.026928,-0.95414,0.036361,0.039506,0.039506,0.039506,0.039506,0.039506,0.039506,0.039506,0.039506,0.039506,-0.95414,0.039506,0.026928,0.026928,0.026928,0.026928,0.026928,0.026928,0.026928,0.01435,0.01435,-0.95414,0.01435,0.001772,-0.006529,-0.011623,-0.023383,-0.023383,-0.026905,-0.035961,-0.035961,-0.035961,-0.94157,-0.035961,-0.035961,-0.035961,-0.034515,-0.023383,-0.023383,-0.023383,-0.023383,-0.023383,-0.023383,-0.94157,-0.023383,-0.023383,-0.023383,-0.021308,-0.010805,-0.010805,-0.010805,-0.010805,-0.99666,-0.94157,-0.94157,-0.94157,-0.94157,-0.94157,-0.94157,-0.94157,-0.94201,-0.95414,-0.94351,-0.99188,-0.94157,-0.9498,-0.95414,-0.95414,-0.95414,-0.96672,-0.96672,-0.95414,-0.95414,-0.95414,-0.99188,-0.94157,-0.94157,-0.94157,-0.94157,-0.94157,-0.94157,-0.94157,-0.95414,-0.95414,-0.94226,-0.99188,-0.94157,-0.95106,-0.96622,-1.0296,-1.0418,-1.0783,-1.1667,-1.2024,-1.2434,-1.2559,-0.99188,-1.3114,-1.3695,-1.397,-1.4456,-1.4839,-1.5632,-1.5809,-1.6133,-1.6791,-1.6837,-0.98376,-1.6837,-1.6729,-1.6585,-1.6585,-1.645,-1.6333,-1.6223,-1.6046,-1.5956,-1.5818,4.0,4.0
-0.51289,-0.51289,-0.53044,-1.5661,-1.5459,-1.5256,-1.5054,-1.4852,-1.465,-1.4447,-1.4245,-1.3986,-1.3682,-0.54056,-1.3471,-1.3243,-1.2939,-1.2636,-1.2333,-1.2125,-1.1893,-1.1589,-1.1351,-1.1149,-0.54632,-1.0846,-1.0577,-1.0375,-1.0103,-0.98031,-0.96009,-0.93986,-0.91963,-0.8994,-0.87917,-0.54632,-0.85894,-0.83872,-0.81849,-0.79826,-0.77803,-0.7578,-0.74226,-0.73214,-0.71384,-0.69519,-0.55418,-0.68508,-0.67497,-0.66485,-0.65474,-0.64462,-0.63451,-0.6244,-0.61428,-0.60417,-0.59648,-0.56304,-0.59648,-0.59054,-0.58043,-0.57031,-0.56304,-0.56304,-0.55669,-0.54657,-0.54632,-0.54306,-0.56304,-0.53295,-0.52284,-0.51289,-0.51289,-0.50921,-0.4991,-0.49617,-0.49559,-0.48547,-0.47536,-0.56781,-0.46524,-0.45513,-0.44502,-0.4349,-0.42027,-0.40004,-0.38784,-0.37631,-0.35608,-0.33585,-0.57792,-0.31562,-0.29539,-0.27516,-0.25494,-0.23471,-0.21448,-0.18539,-0.15505,-0.12471,-0.094363,-0.57976,-0.06402,-0.033677,-0.003335,0.027008,0.05735,0.087693,0.12773,0.1651,0.19544,0.23238,-0.51289,-0.57976,0.27284,0.30318,0.33704,0.37749,0.41093,0.44169,0.48215,0.51867,0.54902,0.5868,-0.57976,0.62725,0.66771,0.70382,0.73416,0.77236,0.81282,0.85328,0.89373,0.93419,0.97465,-0.57976,1.0151,1.0556,1.096,1.1365,1.1769,1.2153,1.2456,1.2816,1.322,1.3534,-0.57976,1.3837,1.4141,1.4444,1.4748,1.4956,1.5187,1.5491,1.573,1.5932,1.6035,-0.57976,1.6169,1.6372,1.6505,1.6607,1.6708,1.6809,1.691,1.7011,1.7112,1.7213,-0.57976,1.7273,1.7273,1.7273,1.7262,1.7161,1.7106,1.7106,1.7025,1.6938,1.6938,-0.57976,1.6888,1.6787,1.6686,1.6585,1.6484,1.6383,1.6281,1.618,1.6079,1.5978,-0.57976,1.5818,1.5616,1.5507,1.5379,1.5176,1.4974,1.4772,1.457,1.4367,1.4165,-0.57976,1.3896,1.3593,1.3391,1.3153,1.2849,1.2546,1.2242,1.1939,1.1636,1.1332,-0.57976,1.1029,1.0725,1.0422,1.0118,0.9815,0.95116,0.92215,0.90193,0.87685,0.84651,-0.51289,-0.57976,0.81616,0.78582,0.75548,0.7304,0.71017,0.68995,0.66972,0.64949,0.62926,0.60903,-0.57976,0.5888,0.57117,0.56105,0.55094,0.54082,0.5211,0.50689,0.50689,0.50037,0.49025,-0.57976,0.48014,0.47345,0.47345,0.46651,0.45707,0.46718,0.47345,0.47345,0.47345,0.47345,-0.57976,0.47345,0.47345,0.47345,0.47345,0.47345,0.47345,0.47345,0.47345,0.47345,0.47345,-0.57976,0.47345,0.47345,0.47345,0.46484,0.45673,0.45673,0.45673,0.45673,0.45673,0.45673,-0.57976,0.45673,0.45673,0.45673,0.45673,0.45389,0.44378,0.44002,0.44002,0.44002,0.44002,-0.57976,0.44002,0.44002,0.43985,0.42974,0.4233,0.4233,0.41611,0.40658,0.40658,0.40249,-0.57976,0.39237,0.38986,0.38886,0.37875,0.37315,0.37315,0.36512,0.35643,0.35643,0.3515,-0.57976,0.34138,0.33127,0.32299,0.32299,0.31764,0.30753,0.30628,0.30402,0.2939,0.28379,-0.57976,0.27368,0.27284,0.27017,0.26005,0.25612,0.25612,0.24643,0.23631,-0.51289,-0.59982,-0.66051,-0.68692,-0.69703,-0.70715,-0.72102,-0.74125,-0.75421,-0.76633,-0.80679,-0.51331,-0.85142,-0.90199,-0.92949,-0.94972,-0.96995,-1.004,-1.0545,-1.0808,-1.1025,-1.1329,-0.52342,-1.1732,-1.2238,-1.2573,-1.2857,-1.306,-1.3316,-1.362,-1.4102,-1.4538,-1.474,-0.52961,-1.4942,-1.5144,-1.5628,-1.6051,-1.6253,-1.6769,-1.7477,-1.7989,-1.8368,-1.8469,-0.52961,-1.8436,-1.8335,-1.8234,-1.8133,-1.8032,-1.793,-1.7824,-1.7622,-1.746,-1.7359,-0.52961,-1.7258,-1.7147,-1.6945,-1.6787,-1.6686,-1.6505,-1.6316,-1.6215,-1.6066,-1.5863,4.0,4.0
0.28716,0.21761,0.18488,1.6168,1.6168,1.6161,1.5987,1.58,1.5452,1.5104,1.4757,1.4382,1.386,0.18488,1.3304,1.2609,1.1913,1.1218,1.0427,0.93835,0.83402,0.7297,0.62537,0.52104,0.18488,0.4099,0.28819,0.15897,0.019869,-0.11923,-0.25833,-0.38857,-0.51028,-0.632,-0.75371,0.18488,-0.8652,-0.96952,-1.0739,-1.1782,-1.2709,-1.3578,-1.4202,-1.4724,-1.5246,-1.5767,0.18966,-1.6153,-1.65,-1.6705,-1.6879,-1.6903,-1.6903,-1.6746,-1.6572,-1.6234,-1.5887,0.20704,-1.5368,-1.4847,-1.4325,-1.3783,-1.2914,-1.2044,-1.1175,-1.0282,-0.92384,-0.81951,0.21898,-0.71519,-0.61086,-0.50653,-0.40221,-0.29788,-0.19356,-0.08923,0.0093,0.096239,0.18966,0.21898,0.29398,0.39115,0.47809,0.56502,0.65196,0.73038,0.79993,0.87869,0.96562,1.0427,0.21284,1.1122,1.1712,1.2234,1.2868,1.3563,1.414,1.4661,1.5057,1.5404,1.5752,0.19545,1.61,1.6308,1.6482,1.6656,1.683,1.685,1.685,1.669,1.6516,1.6342,0.15079,0.17806,1.6168,1.5994,1.5807,1.5285,1.4763,1.4242,1.37,1.3004,1.2309,1.1613,0.16068,1.0884,1.0014,0.91039,0.80607,0.70174,0.59741,0.49309,0.38876,0.28444,0.18011,0.14329,0.075783,-0.028543,-0.13287,-0.2372,-0.34152,-0.44585,-0.54131,-0.62825,-0.71519,-0.80213,0.1259,-0.88906,-0.976,-1.0411,-1.0933,-1.157,-1.2266,-1.2839,-1.336,-1.3752,-1.41,0.10851,-1.4312,-1.4485,-1.4659,-1.4833,-1.5007,-1.5181,-1.5198,-1.5198,-1.5198,-1.5198,0.091125,-1.4857,-1.4513,-1.4339,-1.4155,-1.3807,-1.3442,-1.292,-1.2375,-1.1679,-1.1015,0.064873,-1.0493,-0.99339,-0.92384,-0.84986,-0.76292,-0.68109,-0.61154,-0.5362,-0.44926,-0.3688,0.030097,-0.29925,-0.22254,-0.1356,-0.048659,0.03828,0.11669,0.18625,0.265,0.35194,0.42899,-0.014224,0.49854,0.56809,0.63764,0.70719,0.77675,0.8463,0.91585,0.97278,1.0249,1.0771,-0.066387,1.1293,1.1814,1.2336,1.2564,1.2738,1.3066,1.3413,1.3601,1.3775,1.3949,0.15079,-0.11855,1.4122,1.4122,1.4122,1.4122,1.4122,1.4122,1.4102,1.3928,1.3727,1.3379,-0.17071,1.3066,1.2892,1.2677,1.2329,1.1981,1.1634,1.1231,1.071,1.0188,0.96665,-0.22288,0.91448,0.86232,0.81016,0.75799,0.69765,0.6281,0.55855,0.489,0.42899,0.37683,-0.27504,0.31444,0.24489,0.18625,0.13408,0.08192,0.029756,-0.022407,-0.07457,-0.12673,-0.1789,-0.33879,-0.21742,-0.2522,-0.28697,-0.32175,-0.34152,-0.35891,-0.3763,-0.39369,-0.41107,-0.42846,-0.40835,-0.44585,-0.46289,-0.46289,-0.46289,-0.46289,-0.46289,-0.46289,-0.46289,-0.46289,-0.46596,-0.4779,-0.48335,-0.49699,-0.49699,-0.49699,-0.49699,-0.49699,-0.49699,-0.49699,-0.49699,-0.49699,-0.54745,-0.49699,-0.50415,-0.52154,-0.53108,-0.53108,-0.53108,-0.53108,-0.53108,-0.53108,-0.54097,-0.62995,-0.55836,-0.56518,-0.56518,-0.56518,-0.56518,-0.56518,-0.56518,-0.56518,-0.56518,-0.56518,-0.71689,-0.56518,-0.57915,-0.59654,-0.61393,-0.63132,-0.6487,-0.66609,-0.68348,0.15079,-0.79019,-0.85974,-0.92929,-0.99884,-1.0684,-1.1379,-1.2075,-1.277,-1.3302,-1.3824,0.15079,-1.4175,-1.4523,-1.4871,-1.5208,-1.5382,-1.5522,-1.5348,-1.515,-1.4802,-1.4424,0.15283,-1.3902,-1.3381,-1.2859,-1.2293,-1.1598,-1.08,-0.97566,-0.87134,-0.76701,-0.66268,0.17022,-0.55836,-0.44687,-0.32516,-0.21128,-0.10696,0.005891,0.1276,0.24932,0.37103,0.48286,0.18488,0.58719,0.68094,0.76788,0.85482,0.94176,1.0287,1.1156,1.19,1.2595,1.3158,0.18488,1.3679,1.4201,1.4723,1.5098,1.5445,1.564,1.5814,1.5987,1.6161,1.6168,0.0,0.0
1.8251,1.7029,1.2894,-1.2188,-1.2433,-1.2608,-1.2828,-1.3027,-1.319,-1.3353,-1.3516,-1.3679,-1.3764,1.2352,-1.3911,-1.4021,-1.4144,-1.4278,-1.4359,-1.4441,-1.4522,-1.4604,-1.4747,-1.486,1.1822,-1.4942,-1.5023,-1.5105,-1.5186,-1.5268,-1.5349,-1.5372,-1.5418,-1.5466,-1.5445,1.1334,-1.5372,-1.5372,-1.5294,-1.5279,-1.5224,-1.5143,-1.5092,-1.5074,-1.4992,-1.4911,1.0845,-1.4829,-1.4748,-1.4666,-1.4585,-1.4503,-1.4422,-1.434,-1.4259,-1.4106,-1.4002,1.036,-1.3874,-1.3746,-1.3642,-1.3479,-1.3316,-1.3153,-1.299,-1.2882,-1.2758,-1.2595,0.9953,-1.2432,-1.2269,-1.2106,-1.1943,-1.1716,-1.1523,-1.136,-1.1197,-1.1034,-1.0868,0.94716,-1.0624,-1.0452,-1.0289,-1.0126,-0.99271,-0.97061,-0.95431,-0.93802,-0.91366,-0.89606,0.90445,-0.87976,-0.86346,-0.84398,-0.8215,-0.80521,-0.78891,-0.77261,-0.75632,-0.74002,-0.72775,0.84882,-0.71679,-0.7005,-0.6842,-0.6679,-0.65891,-0.64467,-0.63325,-0.6251,-0.61452,-0.59944,1.6569,0.79862,-0.59129,-0.58314,-0.56806,-0.55748,-0.54933,-0.54118,-0.53097,-0.51552,-0.50737,-0.49922,0.76602,-0.49107,-0.48292,-0.47478,-0.46663,-0.45848,-0.45033,-0.44218,-0.43403,-0.43207,-0.4271,0.73343,-0.41896,-0.41081,-0.40266,-0.3946,-0.3946,-0.38758,-0.37943,-0.37587,-0.3725,-0.36435,0.70093,-0.35714,-0.35714,-0.34927,-0.34112,-0.33298,-0.32904,-0.32605,-0.3179,-0.30919,-0.29289,0.67648,-0.28409,-0.26966,-0.25842,-0.24644,-0.23276,-0.22321,-0.20691,-0.19061,-0.17432,-0.15802,0.65204,-0.14172,-0.12543,-0.10688,-0.083468,-0.067171,-0.050874,-0.034578,-0.018281,-0.001984,0.011222,0.62759,0.021243,0.03754,0.053837,0.070133,0.080061,0.093361,0.10572,0.11659,0.13139,0.13982,0.58938,0.15611,0.1652,0.17335,0.18627,0.19901,0.20716,0.21531,0.22345,0.2316,0.24659,0.55398,0.25726,0.26541,0.27356,0.28171,0.28986,0.29801,0.30615,0.3143,0.32245,0.3306,0.53122,0.33875,0.3453,0.34568,0.35383,0.36198,0.37012,0.37827,0.38642,0.39457,0.4015,1.6186,0.49516,0.4015,0.40965,0.4178,0.42595,0.43409,0.44224,0.45039,0.45854,0.46669,0.47484,0.49516,0.48298,0.49647,0.50865,0.5197,0.53599,0.55229,0.56859,0.58489,0.60118,0.62244,0.46369,0.64314,0.66197,0.6851,0.70149,0.72594,0.74336,0.76546,0.78991,0.81098,0.82943,0.45105,0.85387,0.87832,0.90276,0.92056,0.94229,0.96673,0.98818,1.0063,1.0307,1.0551,0.4429,1.0721,1.0947,1.1141,1.1342,1.1586,1.1817,1.1982,1.2226,1.2471,1.2656,0.43053,1.2866,1.311,1.3332,1.3506,1.375,1.3915,1.4078,1.4296,1.4497,1.466,0.40525,1.4823,1.4986,1.5149,1.5312,1.5475,1.5638,1.5801,1.5964,1.6112,1.6196,0.37162,1.6359,1.6522,1.6625,1.6755,1.6882,1.6987,1.7139,1.722,1.7382,1.7477,0.36291,1.7614,1.7733,1.7815,1.7916,1.8071,1.8153,1.8234,1.8316,1.8397,1.8479,0.34662,1.856,1.8642,1.8723,1.8805,1.8886,1.8968,1.9049,1.9131,1.5779,0.33032,0.3203,0.29698,0.27206,0.25577,0.23806,0.21381,0.19751,0.18121,0.14722,1.5338,0.12052,0.093829,0.055335,0.024802,0.008506,-0.023713,-0.056307,-0.099952,-0.1273,-0.13545,1.485,-0.14547,-0.16111,-0.16926,-0.18499,-0.20129,-0.21759,-0.23388,-0.2529,-0.27584,-0.2927,1.4361,-0.3253,-0.35068,-0.37512,-0.40434,-0.43694,-0.46953,-0.501,-0.52545,-0.55795,-0.59054,1.3872,-0.62313,-0.65573,-0.68832,-0.72091,-0.75351,-0.7861,-0.81869,-0.85129,-0.88388,-0.91647,1.3383,-0.94626,-0.97229,-1.0049,-1.0375,-1.0628,-1.0933,-1.121,-1.1455,-1.1699,-1.1944,1.0,1.0
-2.0113,-1.9103,-1.7756,-0.65335,-0.64213,-0.6309,-0.61968,-0.61968,-0.60846,-0.60846,-0.60846,-0.59724,-0.59724,-1.7532,-0.59724,-0.59724,-0.59724,-0.59724,-0.59724,-0.59724,-0.59724,-0.60846,-0.60846,-0.60846,-1.742,-0.61968,-0.61968,-0.6309,-0.64213,-0.65335,-0.66457,-0.6758,-0.68702,-0.69824,-0.70946,-1.7195,-0.72069,-0.75436,-0.7768,-0.7768,-0.7768,-0.7768,-0.7768,-0.7768,-0.76558,-0.76558,-1.7083,-0.75436,-0.74313,-0.73191,-0.64213,-0.61968,-0.59724,-0.58601,-0.56357,-0.54112,-0.5299,-1.6859,-0.50745,-0.48501,-0.46256,-0.44012,-0.42889,-0.40645,-0.384,-0.36156,-0.35033,-0.32789,-1.6634,-0.30544,-0.283,-0.27177,-0.24933,-0.22688,-0.21566,-0.19321,-0.17077,-0.15954,-0.1371,-1.641,-0.12588,-0.10343,-0.080985,-0.069762,-0.047316,-0.036094,-0.024871,-0.002425,0.008798,0.020021,-1.6297,0.031244,0.042466,0.042466,0.053689,0.064912,0.064912,0.076135,0.076135,0.076135,0.087358,-1.6073,0.087358,0.087358,0.087358,0.076135,0.076135,0.076135,0.064912,0.064912,0.064912,0.053689,-1.8991,-1.5848,0.053689,0.042466,0.031244,0.031244,0.020021,0.008798,-0.002425,-0.002425,-0.036094,-0.069762,-1.5624,-0.069762,-0.080985,-0.080985,-0.092208,-0.092208,-0.092208,-0.092208,-0.080985,-0.080985,-0.080985,-1.5512,-0.069762,-0.069762,-0.058539,0.020021,0.031244,0.053689,0.076135,0.087358,0.1098,0.13225,-1.5287,0.15469,0.18836,0.21081,0.23325,0.2557,0.27815,0.30059,0.32304,0.34548,0.36793,-1.5063,0.39037,0.41282,0.43527,0.45771,0.48016,0.5026,0.52505,0.53627,0.55872,0.58116,-1.4951,0.59239,0.61483,0.62605,0.63728,0.65972,0.67095,0.68217,0.69339,0.70461,0.71584,-1.4726,0.72706,0.73828,0.74951,0.76073,0.76073,0.77195,0.77195,0.77195,0.77195,0.78317,-1.4614,0.77195,0.77195,0.77195,0.77195,0.77195,0.76073,0.76073,0.74951,0.74951,0.73828,-1.4502,0.72706,0.71584,0.71584,0.70461,0.69339,0.68217,0.67095,0.65972,0.6485,0.59239,-1.4277,0.58116,0.55872,0.54749,0.53627,0.53627,0.53627,0.53627,0.53627,0.53627,0.53627,-1.8879,-1.4165,0.54749,0.54749,0.55872,0.55872,0.56994,0.58116,0.59239,0.60361,0.68217,0.69339,-1.4053,0.71584,0.73828,0.74951,0.77195,0.7944,0.80562,0.82807,0.85051,0.87296,0.88418,-1.3941,0.90663,0.92907,0.94029,0.96274,0.97396,0.99641,1.0189,1.0301,1.0525,1.0637,-1.3828,1.0862,1.1086,1.1199,1.1423,1.1535,1.176,1.1872,1.1984,1.2096,1.2209,-1.3716,1.2321,1.2433,1.2545,1.2545,1.2658,1.277,1.277,1.2882,1.2882,1.2994,-1.3604,1.2994,1.3106,1.3106,1.3219,1.3219,1.3219,1.3219,1.3331,1.3331,1.3331,-1.3492,1.3443,1.3555,1.3555,1.3668,1.378,1.3892,1.4004,1.4117,1.4229,1.4453,-1.3379,1.4565,1.4678,1.4902,1.5127,1.5351,1.5576,1.58,1.6024,1.6249,1.6586,-1.3267,1.681,1.7034,1.7371,1.7596,1.782,1.8045,1.8269,1.8493,1.8718,1.883,-1.3155,1.9055,1.9279,1.9391,1.9504,1.9728,1.984,1.984,1.9952,-1.8654,-1.3043,-1.2931,-1.2931,-1.2931,-1.2818,-1.2818,-1.2818,-1.2706,-1.2706,-1.2594,-1.8542,-1.2594,-1.2482,-1.2482,-1.2369,-1.2369,-1.2257,-1.2257,-1.2145,-1.2145,-1.2033,-1.843,-1.2033,-1.192,-1.1808,-1.1696,-1.1584,-1.1472,-1.1359,-1.1247,-1.1135,-1.1023,-1.8205,-1.091,-1.0798,-1.0574,-1.0461,-1.0237,-1.0125,-1.0013,-0.97881,-0.96759,-0.95637,-1.8093,-0.93392,-0.9227,-0.91148,-0.88903,-0.87781,-0.86658,-0.84414,-0.83292,-0.82169,-0.79925,-1.7869,-0.78802,-0.7768,-0.75436,-0.74313,-0.73191,-0.72069,-0.69824,-0.68702,-0.6758,-0.66457,5.0,5.0
-1.9725,-1.8789,-1.6907,-0.77882,-0.77882,-0.77384,-0.76555,-0.76555,-0.75809,-0.75229,-0.74317,-0.73903,-0.72825,-1.6625,-0.72576,-0.72576,-0.72576,-0.7125,-0.7125,-0.7125,-0.7125,-0.7125,-0.7125,-0.7125,-1.6343,-0.7125,-0.7125,-0.70421,-0.69924,-0.69924,-0.68846,-0.68597,-0.67354,-0.67271,-0.67188,-1.6169,-0.65944,-0.65944,-0.65613,-0.64618,-0.64618,-0.64038,-0.63292,-0.62546,-0.61965,-0.61054,-1.5912,-0.60639,-0.59561,-0.58152,-0.56743,-0.55334,-0.53924,-0.52681,-0.52432,-0.51023,-0.49614,-1.563,-0.48204,-0.47375,-0.46712,-0.46049,-0.4522,-0.44723,-0.44723,-0.43645,-0.43396,-0.42153,-1.5348,-0.4207,-0.40744,-0.40578,-0.39417,-0.39417,-0.39003,-0.38091,-0.3751,-0.36764,-0.36764,-1.5199,-0.36764,-0.35853,-0.35438,-0.3436,-0.34112,-0.32868,-0.31459,-0.3005,-0.28806,-0.28558,-1.4934,-0.27148,-0.25739,-0.2433,-0.2292,-0.21511,-0.19356,-0.17366,-0.15957,-0.14548,-0.13138,-1.4768,-0.10569,-0.089936,-0.075843,-0.061751,-0.047658,-0.033565,-0.019473,-0.00538,0.008713,0.022805,-1.8648,-1.4519,0.030266,0.037727,0.05182,0.056793,0.066741,0.070057,0.081663,0.083321,0.096584,0.096584,-1.4337,0.096584,0.096584,0.0999,0.10985,0.10985,0.10985,0.10985,0.10985,0.10985,0.10985,-1.4105,0.1198,0.12311,0.13472,0.13638,0.14964,0.15047,0.16456,0.17617,0.17948,0.19358,-1.3906,0.20767,0.21596,0.22259,0.23668,0.25077,0.26487,0.27896,0.29305,0.30715,0.32124,-1.3691,0.33533,0.34942,0.36352,0.3801,0.40496,0.41906,0.43315,0.44724,0.46134,0.46797,-1.355,0.47626,0.49035,0.50444,0.50776,0.51936,0.52102,0.53429,0.54755,0.54755,0.55004,-1.3409,0.56081,0.56081,0.56579,0.57408,0.57408,0.57408,0.57408,0.57408,0.57408,0.58485,-1.3268,0.58734,0.58734,0.58734,0.6006,0.60226,0.61387,0.61718,0.63128,0.64537,0.65946,-1.3127,0.67355,0.68765,0.70174,0.70671,0.71666,0.73075,0.73324,0.74568,0.7465,0.75977,-1.2986,0.75977,0.76225,0.77303,0.77303,0.77303,0.76723,0.75977,0.75977,0.75977,0.75977,-1.8482,-1.2845,0.76972,0.77303,0.77303,0.77303,0.77303,0.77303,0.77303,0.77552,0.7863,0.7863,-1.2704,0.7863,0.7921,0.79956,0.79956,0.80785,0.81282,0.81282,0.8236,0.82609,0.83852,-1.2696,0.83935,0.83935,0.84101,0.85261,0.85593,0.86588,0.87085,0.87914,0.88577,0.8924,-1.2563,0.8924,0.90152,0.91562,0.91893,0.93054,0.9322,0.94546,0.95872,0.96038,0.97447,-1.2547,0.98857,1.0027,1.0168,1.0308,1.0449,1.059,1.0648,1.074,1.088,1.1021,-1.243,1.1046,1.1171,1.1179,1.1312,1.1312,1.1336,1.1444,1.1444,1.1444,1.1444,-1.243,1.151,1.1651,1.1792,1.2024,1.2207,1.2348,1.2605,1.2887,1.3301,1.3591,-1.2389,1.4014,1.4437,1.4893,1.5415,1.5887,1.6451,1.7015,1.7579,1.8225,1.8839,-1.2298,1.9402,1.9966,2.0414,2.0961,2.1525,2.1956,2.2503,2.2926,2.3348,2.3771,-1.224,2.4144,2.4484,2.484,2.5122,2.5321,2.5462,2.5603,2.5744,-1.8233,-1.2099,-1.2033,-1.195,-1.1809,-1.1767,-1.166,-1.1635,-1.151,-1.1369,-1.1361,-1.8092,-1.122,-1.1104,-1.1071,-1.093,-1.0839,-1.0781,-1.0706,-1.0706,-1.0623,-1.0574,-1.7902,-1.0474,-1.0441,-1.0441,-1.0317,-1.0308,-1.0308,-1.0292,-1.0176,-1.0176,-1.0134,-1.7678,-0.99933,-0.99104,-0.99104,-0.99104,-0.98275,-0.97777,-0.97777,-0.97777,-0.96617,-0.96451,-1.7471,-0.95125,-0.95042,-0.93632,-0.92223,-0.91145,-0.90731,-0.89322,-0.87912,-0.87166,-0.8642,-1.7189,-0.85011,-0.83602,-0.83187,-0.8211,-0.807,-0.80535,-0.80535,-0.79208,-0.79208,-0.78959,3.0,5.0
-2.3915,-2.0677,-1.6785,-0.6408,-0.64181,-0.65193,-0.65296,-0.66001,-0.67013,-0.67728,-0.67822,-0.68834,-0.69846,-1.6563,-0.70858,-0.71871,-0.72883,-0.73895,-0.74907,-0.76816,-0.78147,-0.79159,-0.80457,-0.82399,-1.626,-0.83411,-0.84424,-0.85436,-0.86448,-0.8746,-0.88472,-0.89484,-0.90496,-0.9287,-0.94475,-1.6056,-0.94749,-0.95621,-0.94609,-0.94475,-0.938,-0.93259,-0.92992,-0.9198,-0.90968,-0.89955,-1.5854,-0.88943,-0.87931,-0.86658,-0.84691,-0.83679,-0.82667,-0.81655,-0.80642,-0.7963,-0.78567,-1.5651,-0.76542,-0.75378,-0.69114,-0.62722,-0.59436,-0.55433,-0.52397,-0.48506,-0.44458,-0.40856,-1.5488,-0.37576,-0.33528,-0.29479,-0.26278,-0.23242,-0.20206,-0.17169,-0.14133,-0.11096,-0.080599,-1.5386,-0.050235,-0.01987,0.010494,0.040858,0.071223,0.10159,0.13195,0.16232,0.19043,0.21067,-1.5285,0.23092,0.25116,0.2714,0.29165,0.3097,0.31982,0.32994,0.33183,0.33803,0.34815,-1.5184,0.35614,0.35614,0.35614,0.35614,0.35614,0.35204,0.34399,0.34395,0.33383,0.3156,-1.9701,-1.5083,0.30143,0.28727,0.26903,0.25891,0.2387,0.21845,0.19821,0.18195,0.16988,0.14964,-1.4981,0.13943,0.12931,0.11919,0.11299,0.1111,0.10098,0.04101,0.019947,0.009825,0.003564,-1.488,0.003564,0.003564,0.003564,0.003564,0.003564,0.007364,0.017485,0.027606,0.037728,0.047849,-1.4797,0.057971,0.068092,0.079916,0.10016,0.11061,0.12849,0.14302,0.15681,0.18855,0.27964,-1.4797,0.30265,0.32289,0.34313,0.36699,0.39578,0.41602,0.43626,0.45651,0.47675,0.49699,-1.4797,0.51875,0.54912,0.56988,0.59012,0.61036,0.63061,0.65085,0.67109,0.69134,0.70407,-1.4797,0.71966,0.73991,0.76015,0.78039,0.80064,0.82088,0.83571,0.84583,0.85595,0.86608,-1.4797,0.8762,0.87893,0.88428,0.89109,0.89109,0.89109,0.89109,0.88376,0.87893,0.87893,-1.4797,0.87772,0.86759,0.86677,0.86677,0.86155,0.85462,0.85346,0.84334,0.83322,0.8303,-1.4797,0.82513,0.81814,0.81705,0.80693,0.80598,0.79884,0.79383,0.79076,0.78064,0.77051,-1.9297,-1.4797,0.76039,0.75735,0.75231,0.74219,0.73206,0.72194,0.70276,0.68954,0.67942,0.6693,-1.4797,0.65827,0.63802,0.62678,0.61666,0.61146,0.60857,0.5993,0.5993,0.60824,0.61146,-1.4797,0.61632,0.62644,0.63735,0.6576,0.66897,0.68593,0.70137,0.71425,0.73523,0.76559,-1.4797,0.84884,0.89249,0.91747,0.94513,0.96604,0.99641,1.018,1.045,1.0753,1.1031,-1.4797,1.1239,1.1543,1.1759,1.2028,1.2286,1.2514,1.2812,1.3015,1.3217,1.342,-1.4797,1.3622,1.3825,1.4022,1.4123,1.4225,1.4326,1.4427,1.4528,1.4629,1.4731,-1.4797,1.4832,1.4868,1.4913,1.499,1.4993,1.5095,1.5111,1.5111,1.5111,1.5111,-1.4797,1.5111,1.5111,1.5111,1.5048,1.499,1.499,1.4992,1.5093,1.5111,1.5111,-1.472,1.5154,1.5255,1.5356,1.5458,1.5642,1.5844,1.6004,1.6149,1.6451,1.6654,-1.4675,1.6856,1.7059,1.7261,1.7463,1.7665,1.7766,1.7868,1.7908,-1.8892,-1.4675,-1.4659,-1.4558,-1.4554,-1.4477,-1.4376,-1.4275,-1.4174,-1.4072,-1.3875,-1.8507,-1.3748,-1.3592,-1.3389,-1.3172,-1.2868,-1.266,-1.2382,-1.2134,-1.1897,-1.1607,-1.8203,-1.1405,-1.1107,-1.0878,-1.0622,-1.0352,-1.0136,-0.98323,-0.96232,-0.94208,-0.92183,-1.7799,-0.90159,-0.88135,-0.86111,-0.84086,-0.82062,-0.80038,-0.78342,-0.77205,-0.75181,-0.74089,-1.7394,-0.72348,-0.70849,-0.69515,-0.67609,-0.66597,-0.65585,-0.65296,-0.64776,-0.6408,-0.63968,-1.7049,-0.62956,-0.62865,-0.62865,-0.62865,-0.62865,-0.62865,-0.62865,-0.62865,-0.63576,-0.6408,5.0,5.0
0.16326,-0.23472,-0.61143,1.9557,1.9572,1.986,1.9906,2.0164,2.0164,2.0255,2.0468,2.059,2.0772,-0.64333,2.0924,2.1076,2.1258,2.1379,2.1592,2.1683,2.1683,2.1941,2.1987,2.1987,-0.69345,2.2291,2.2291,2.2321,1.6124,-1.9998,-1.7735,-1.7416,-1.7097,-1.6778,-1.6459,-0.7375,-1.614,-1.5821,-1.5319,-1.4879,-1.456,-1.4241,-1.3922,-1.3603,-1.3284,-1.2965,-0.7694,-1.2646,-1.2327,-1.2008,-1.1643,-1.1066,-1.0747,-1.0337,-0.98054,-0.94864,-0.91674,-0.8013,-0.88485,-0.85295,-0.82105,-0.78915,-0.77852,-0.75573,-0.72383,-0.71776,-0.69041,-0.65852,-0.8332,-0.62662,-0.59472,-0.56282,-0.53548,-0.5294,-0.4975,-0.4656,-0.43371,-0.40181,-0.38358,-0.8651,-0.36839,-0.3532,-0.33497,-0.30307,-0.27117,1.4468,1.579,1.4179,1.3541,1.2903,-0.92434,1.1962,1.1324,1.0686,1.0048,0.94706,0.90756,0.85288,0.82098,0.78908,0.75718,-0.95928,0.72528,0.69338,0.66149,0.62959,0.59769,0.58857,0.61288,0.64478,-0.30763,-0.41396,-0.29548,-0.99117,-0.41396,-0.41396,-0.417,-0.44434,-0.45041,-0.47472,-0.47472,-0.48535,-0.5051,-0.5051,-1.0535,-0.52029,-0.53548,-0.53548,-0.53548,-0.53548,-0.53548,-0.53548,-0.53548,-0.53548,-0.50662,-1.0884,-0.5051,-0.50358,-0.47168,-0.43978,-0.40788,-0.2013,0.34554,0.3349,0.31516,0.31516,-1.1476,0.31516,0.31516,0.31516,0.29541,0.28478,0.28478,0.28478,0.28478,0.28478,0.28478,-1.1795,0.2544,0.2544,0.2544,0.2544,0.2544,0.2544,0.2544,0.24376,0.22402,0.23769,-1.219,0.2544,0.2544,0.2544,0.2544,0.2544,0.2544,0.2787,0.28478,0.28478,0.28478,-1.2737,0.31516,0.31516,0.31516,0.31516,0.32123,0.34554,0.34554,0.34554,0.35769,0.37592,-1.3056,0.37592,0.37592,0.37592,0.39566,0.4063,0.4063,0.4063,0.43212,0.43667,0.43667,-1.3375,0.43667,0.43819,0.46705,0.46705,0.46705,0.46705,0.46705,0.46705,0.46705,0.46705,-1.3694,0.48224,0.49743,0.49743,0.49743,0.49743,0.49743,0.49743,0.49743,0.49743,0.49743,-0.32738,-1.4013,0.49743,0.49743,0.49743,0.49288,0.46705,0.46705,0.46705,0.46705,0.46705,0.45338,-1.4499,0.43667,0.43667,0.43667,0.43667,0.43667,0.43667,0.43667,0.43667,0.43667,0.43667,-1.4955,0.43667,0.43667,0.43971,0.46705,0.46705,0.21642,-0.53548,-0.53548,-0.53548,-0.54915,-1.5274,-0.56586,-0.6494,-0.71776,-0.71776,-0.61143,-0.56586,-0.56586,-0.54003,-0.53548,-0.53548,-1.5593,-0.5051,-0.5051,-0.5051,-0.5051,-0.51117,-0.53548,-0.53548,-0.53548,-0.53548,-0.53548,-1.5912,-0.53548,-0.53548,-0.53548,-0.55522,-0.50206,-0.47472,-0.47472,-0.47472,-0.47472,-0.47472,-1.6231,-0.47472,-0.5051,-0.5051,-0.50966,-0.53548,-0.53548,-0.53548,-0.53548,-0.53548,-0.53548,-1.655,-0.53548,-0.53548,-0.53548,-0.53548,-0.53548,-0.53548,-0.53548,-0.53548,-0.50814,-0.5051,-1.6869,-0.5051,-0.5051,-0.5051,-0.5051,-0.5051,-0.4975,-0.47472,-0.47472,-0.47472,-0.47472,-1.7188,-0.45953,-0.44434,-0.44434,-0.44434,-0.44434,-0.44434,-0.44434,-0.44434,-0.36535,-1.7203,-1.7522,-1.781,-1.7856,-1.8114,-1.819,-1.8418,-1.8524,-1.8722,-1.8859,-0.42155,-1.9178,-1.9329,-1.9147,-0.57953,0.303,0.3987,0.4306,0.4625,0.4944,0.5263,-0.45345,0.55819,0.59009,0.62199,0.65389,0.69186,0.74807,0.77997,0.81187,0.84376,0.88933,-0.49598,0.93794,0.96984,1.0017,1.0534,1.0959,1.1278,1.184,1.222,1.2812,1.3162,-0.54763,1.3784,1.4103,1.4453,1.5045,1.5364,1.5683,1.6002,1.6321,1.664,1.6959,-0.57953,1.7126,1.7293,1.7612,1.7931,1.825,1.8341,1.8584,1.8903,1.9222,1.9253,4.0,0.0
-1.9739,-1.9102,-1.7315,-0.57282,-0.56244,-0.55445,-0.55206,-0.54168,-0.5313,-0.52809,-0.52093,-0.51055,-0.51055,-1.7094,-0.50017,-0.50017,-0.50017,-0.50282,-0.51055,-0.52093,-0.52778,-0.53955,-0.55133,-0.56244,-1.6872,-0.57489,-0.58667,-0.60395,-0.62061,-0.63239,-0.64417,-0.65595,-0.6766,-0.68988,-0.71204,-1.6651,-0.7342,-0.75636,-0.77851,-0.80067,-0.82283,-0.84499,-0.88209,-0.92044,-0.95567,-0.97513,-1.6429,-0.97757,-0.9772,-0.96719,-0.96402,-0.95681,-0.94643,-0.93906,-0.92728,-0.91551,-0.9141,-1.6208,-0.89454,-0.88017,-0.86839,-0.85303,-0.83445,-0.82189,-0.80051,-0.77836,-0.7562,-0.70026,-1.609,-0.64546,-0.62746,-0.6053,-0.58314,-0.54023,-0.51807,-0.48554,-0.45772,-0.42379,-0.38985,-1.5899,-0.35591,-0.33324,-0.3007,-0.27854,-0.2513,-0.22385,-0.20169,-0.17954,-0.15707,-0.12484,-1.5795,-0.10268,-0.076012,-0.047991,-0.025834,-0.003676,0.028859,0.051017,0.073174,0.095332,0.12787,-1.5691,0.15002,0.17218,0.18396,0.20612,0.22828,0.24006,0.26221,0.2782,0.28857,0.30793,-1.888,-1.5619,0.31971,0.33009,0.34046,0.34467,0.35084,0.35785,0.36122,0.36122,0.36039,0.35084,-1.5587,0.34721,0.34046,0.33009,0.31187,0.30009,0.28831,0.27487,0.24706,0.22184,0.19382,-1.5484,0.14951,0.11557,0.071254,0.037318,0.003381,-0.026664,-0.069578,-0.154,-0.17616,-0.2087,-1.538,-0.23034,-0.24263,-0.25441,-0.26147,-0.26147,-0.26147,-0.25109,-0.23039,-0.21726,-0.18332,-1.5355,-0.15976,-0.12583,-0.091891,-0.068333,-0.034396,-0.001237,0.031298,0.067414,0.10675,0.14966,-1.5276,0.19258,0.30814,0.34088,0.37321,0.39537,0.41752,0.43968,0.45463,0.47362,0.4854,-1.5223,0.49718,0.51689,0.52727,0.53765,0.55467,0.57683,0.59899,0.62114,0.63292,0.65508,-1.5172,0.67724,0.6994,0.72155,0.73333,0.74521,0.76727,0.78943,0.80121,0.82336,0.83514,-1.5069,0.849,0.86908,0.88086,0.90089,0.91479,0.93202,0.94873,0.96051,0.97354,0.98407,-1.5069,0.99585,1.0076,1.015,1.0254,1.0326,1.0358,1.0458,1.0472,1.0566,1.0669,-1.8659,-1.4965,1.0721,1.0773,1.0877,1.0877,1.0981,1.0981,1.0981,1.0981,1.0921,1.0877,-1.4946,1.0773,1.0567,1.0229,0.97862,0.93431,0.87961,0.81807,0.76198,0.70588,0.64979,-1.4828,0.59577,0.55145,0.51202,0.48986,0.4677,0.465,0.46511,0.48576,0.49904,0.5212,-1.471,0.53765,0.55514,0.58767,0.63012,0.68481,0.72913,0.76971,0.797,0.8244,0.84656,-1.455,0.86872,0.90416,1.0082,1.0421,1.0715,1.104,1.1262,1.1396,1.1601,1.1823,-1.4371,1.2045,1.2266,1.2488,1.2641,1.2827,1.3049,1.327,1.3492,1.3713,1.3935,-1.4149,1.4156,1.4378,1.46,1.4821,1.5043,1.5264,1.5486,1.5707,1.5929,1.6151,-1.3927,1.6372,1.6698,1.6919,1.7141,1.7362,1.7584,1.7805,1.8027,1.8145,1.8263,-1.3602,1.838,1.8557,1.8661,1.8764,1.8868,1.8972,1.9087,1.9205,1.9323,1.9441,-1.3381,1.9558,1.9676,1.9898,2.0015,2.0237,2.0459,2.0728,2.1006,-1.8437,-1.3117,-1.2834,-1.2612,-1.2287,-1.2065,-1.1844,-1.1622,-1.14,-1.1179,-1.0957,-1.8216,-1.0736,-1.0514,-1.0293,-1.0071,-0.98494,-0.96278,-0.94062,-0.92884,-0.91706,-0.90528,-1.7994,-0.8935,-0.88172,-0.86341,-0.85303,-0.83601,-0.82423,-0.81245,-0.81105,-0.79927,-0.79076,-1.7773,-0.78038,-0.77,-0.76253,-0.75075,-0.74925,-0.73887,-0.73617,-0.72439,-0.71261,-0.70083,-1.7655,-0.69736,-0.68698,-0.68698,-0.68485,-0.6766,-0.6766,-0.66622,-0.66622,-0.65709,-0.65569,-1.7456,-0.64546,-0.64251,-0.63509,-0.62471,-0.61755,-0.61433,-0.60395,-0.59357,-0.59119,-0.57941,5.0,5.0
1.0676,1.0342,0.9008,1.4346,1.5346,1.6347,1.7014,1.8015,1.8682,1.935,1.9683,2.035,2.0684,0.93416,2.0684,2.1018,2.1018,2.1018,2.1018,2.0684,2.0684,1.7682,1.7014,1.6014,0.93416,1.5346,1.4346,1.3345,1.2344,1.1677,0.96752,0.86744,0.76736,0.66728,0.5672,0.93416,0.46712,0.36704,0.26696,0.16688,-0.43359,-0.50031,-0.60039,-0.66711,-0.73383,-0.80055,0.93416,-0.86727,-0.93399,-1.0007,-1.0341,-1.1008,-1.1342,-1.1675,-1.2009,-1.2342,-1.2342,0.93416,-1.2676,-1.2676,-1.301,-1.301,-1.3343,-1.3343,-1.3343,-1.3343,-1.3343,-1.3343,0.93416,-1.3343,-1.3343,-1.301,-1.2676,-1.2342,-1.2009,-1.1675,-1.1342,-1.1008,-1.0674,0.93416,-1.0007,-0.93399,-0.86727,-0.80055,-0.73383,-0.66711,-0.56703,-0.50031,-0.40024,-0.30016,0.93416,-0.23344,-0.13336,-0.033276,0.066804,0.16688,0.26696,0.33368,0.43376,0.53384,0.63392,0.9008,0.734,0.83408,0.93416,1.0009,1.101,1.1677,1.2678,1.3345,1.3678,1.4346,1.0009,0.9008,1.4679,1.5346,1.568,1.568,1.6014,1.6014,1.6014,1.6014,1.1677,1.101,0.9008,1.0342,0.83408,0.734,0.63392,0.50048,0.4004,0.30032,0.16688,0.066804,-0.033276,0.9008,-0.16672,-0.2668,-0.76719,-0.86727,-0.93399,-1.0341,-1.1008,-1.1675,-1.2342,-1.2676,0.9008,-1.3343,-1.401,-1.4344,-1.4678,-1.5011,-1.5345,-1.5678,-1.5678,-1.5678,-1.6012,0.93416,-1.5678,-1.5678,-1.5345,-1.5011,-1.4678,-1.4344,-1.401,-1.3677,-1.301,-1.2676,0.93416,-1.2009,-1.1342,-1.0674,-0.96735,-0.90063,-0.80055,-0.70047,-0.60039,-0.50031,-0.43359,0.93416,-0.33352,-0.23344,-0.13336,-0.033276,0.066804,0.16688,0.26696,0.36704,0.46712,0.5672,0.93416,0.63392,0.734,0.80072,0.9008,0.96752,1.0342,1.101,1.1677,1.201,1.2678,0.93416,1.3011,1.3345,1.3345,1.3678,1.3678,1.3678,1.4012,1.3678,1.3678,1.3678,0.93416,1.3345,1.3011,1.2678,1.2344,1.201,1.1343,1.0676,1.0342,0.96752,0.9008,0.96752,0.9008,0.80072,0.734,0.66728,0.5672,0.46712,0.36704,0.26696,0.16688,0.066804,-0.033276,0.86744,-0.13336,-0.23344,-0.30016,-0.40024,-0.50031,-0.56703,-0.66711,-1.1008,-1.1675,-1.2009,0.83408,-1.2342,-1.301,-1.3343,-1.3677,-1.401,-1.4344,-1.4344,-1.4678,-1.4678,-1.4678,0.80072,-1.5011,-1.5011,-1.4678,-1.4678,-1.4344,-1.4344,-1.401,-1.3677,-1.3343,-1.301,0.734,-1.2676,-1.2342,-1.2009,-1.1675,-1.1008,-1.0674,-1.0007,-0.96735,-0.90063,-0.83391,0.70064,-0.76719,-0.70047,-0.63375,-0.56703,-0.50031,-0.43359,-0.40024,-0.33352,-0.23344,-0.20008,0.63392,-0.16672,-0.099996,-0.066636,-0.033276,8.4e-05,0.033444,0.066804,0.066804,0.066804,0.066804,0.5672,0.066804,0.066804,0.066804,0.033444,0.033444,0.033444,8.4e-05,8.4e-05,8.4e-05,-0.033276,0.50048,-0.033276,-0.066636,-0.066636,-0.066636,-0.099996,-0.099996,-0.099996,-0.099996,-0.099996,-0.13336,0.43376,-0.13336,-0.13336,-0.13336,-0.13336,-0.13336,-0.13336,-0.13336,-0.13336,0.96752,0.36704,0.26696,0.20024,0.13352,0.066804,8.4e-05,-0.066636,-0.13336,-0.16672,-0.23344,0.93416,-0.30016,-0.33352,-0.40024,-0.43359,-0.50031,-0.56703,-0.60039,-0.63375,-0.70047,-0.73383,0.93416,-0.76719,-0.80055,-0.83391,-0.86727,-0.86727,-0.90063,-0.90063,-0.90063,-0.86727,-0.86727,0.93416,-0.86727,-0.83391,-0.80055,-0.76719,-0.73383,-0.70047,-0.66711,-0.60039,-0.56703,-0.50031,0.9008,-0.43359,-0.36688,-0.30016,-0.23344,-0.16672,-0.066636,0.033444,0.13352,0.20024,0.30032,0.9008,0.43376,0.50048,0.63392,0.734,0.83408,0.93416,1.0342,1.1343,1.2344,1.3345,2.0,2.0
1.0998,1.0646,1.1349,-0.9402,-0.89765,-0.85509,-0.81253,-0.76997,-0.69224,-0.64968,-0.5906,-0.50548,-0.45167,1.1349,-0.37042,-0.2853,-0.20019,-0.11507,-0.029956,0.05516,0.14028,0.22539,0.31051,0.39562,1.1349,0.48074,0.56585,0.65097,0.73609,0.78603,0.86235,0.92109,0.98264,1.0252,1.0678,1.1349,1.1103,1.1529,1.1954,1.238,1.2805,1.3231,1.346,1.373,1.4156,1.423,1.1349,1.4656,1.4867,1.4867,1.4856,1.4515,1.2457,0.97103,0.89788,0.76493,0.12972,1.1349,0.044608,-0.06548,-0.1608,-0.25048,-0.3662,-0.45131,-0.56316,-0.65672,-0.74183,-0.81323,1.1349,-0.87689,-0.93352,-1.0113,-1.0619,-1.1315,-1.1741,-1.2167,-1.2567,-1.2666,-1.2919,1.1349,-1.2919,-1.2919,-1.2877,-1.2451,-1.2026,-1.16,-1.1175,-1.0749,-1.019,-0.93387,1.1624,-0.87689,-0.79881,-0.7137,-0.62858,-0.52096,-0.42318,-0.33595,-0.20828,-0.097486,0.011898,1.1701,0.13957,0.26338,0.35975,0.48742,0.58907,0.7076,0.8001,0.91476,0.99988,1.085,1.0794,1.1701,1.1349,1.2127,1.27,1.333,1.3755,1.4181,1.4515,1.468,1.4867,1.4867,1.1701,1.4831,1.3752,1.1687,1.0836,0.99847,0.90808,0.79306,0.6879,0.58766,0.46773,1.1701,0.34709,0.24755,0.14168,0.027374,-0.065128,-0.18401,-0.2853,-0.38941,-0.47453,-0.59482,1.1993,-0.67993,-0.76505,-0.82484,-0.90011,-1.1913,-1.2339,-1.2764,-1.2919,-1.3264,-1.3623,1.2053,-1.3623,-1.3623,-1.3623,-1.3623,-1.3623,-1.3464,-1.3271,-1.2965,-1.2539,-1.2114,1.2053,-1.1512,-1.0911,-1.0485,-0.96623,-0.89307,-0.83117,-0.74605,-0.66094,-0.57582,-0.47699,1.2053,-0.37042,-0.2853,-0.16502,-0.071811,0.040388,0.14837,0.27604,0.36854,0.48637,0.58872,1.2053,0.71639,0.81206,0.93235,1.0291,1.1377,1.302,1.4135,1.4986,1.5837,1.6688,1.2362,1.7258,1.8036,1.8461,1.8887,1.9087,1.9386,1.946,1.9791,1.9622,1.9439,1.2405,1.9439,1.8697,1.8271,1.7846,1.716,1.6309,1.5457,1.4476,1.3403,1.2552,1.0998,1.2299,1.1701,1.1054,0.97948,0.91476,0.82964,0.67418,0.58907,0.50395,0.39492,0.29855,1.1873,0.21695,0.14168,0.026319,-0.041915,-0.093969,-0.24732,-0.33243,-0.3975,-0.52236,-0.62295,1.1701,-0.76434,-1.0746,-1.1379,-1.2096,-1.2596,-1.3447,-1.4298,-1.4913,-1.5339,-1.5796,1.1374,-1.6542,-1.6967,-1.714,-1.7467,-1.7541,-1.7843,-1.7843,-1.7843,-1.7499,-1.7425,1.0948,-1.714,-1.6925,-1.65,-1.6064,-1.5297,-1.4871,-1.4214,-1.3362,-1.2863,-1.2012,1.003,-1.1336,-1.0661,-0.981,-0.93106,-0.84594,-0.78017,-0.73761,-0.66094,-0.61099,-0.5396,0.79025,-0.49704,-0.42599,-0.37605,-0.29902,-0.25646,-0.2139,-0.17135,-0.12879,-0.086231,-0.043673,0.68579,-0.025736,0.006271,0.013657,0.044608,0.044608,0.070987,0.07978,0.073801,0.044608,0.044608,0.64323,0.044608,0.009436,0.009436,-0.005688,-0.025736,-0.025736,-0.025736,-0.035232,-0.060907,-0.060907,0.5655,-0.060907,-0.064776,-0.096079,-0.096079,-0.096079,-0.096079,-0.060907,-0.047894,1.0998,0.52295,0.48039,0.43783,0.39527,0.35271,0.31016,0.2676,0.22504,0.18248,0.15012,1.1015,0.13254,0.08998,0.047422,0.004864,-0.025736,-0.04508,-0.087638,-0.1302,-0.17275,-0.21531,1.1349,-0.25787,-0.30043,-0.34228,-0.35037,-0.39293,-0.43549,-0.47805,-0.5206,-0.56316,-0.60572,1.1349,-0.64828,-0.69083,-0.73339,-0.77595,-0.81851,-0.86107,-0.86986,-0.91101,-0.95357,-0.97538,1.1349,-1.0035,-1.0457,-1.0535,-1.0809,-1.1034,-1.1161,-1.1182,-1.1512,-1.1512,-1.1512,1.1349,-1.1512,-1.1474,-1.1161,-1.1161,-1.09,-1.0809,-1.0457,-1.0327,-0.99015,-0.94759,2.0,2.0
-1.0005,-1.03,-1.1584,-1.3492,-1.323,-1.2902,-1.2605,-1.2378,-1.2051,-1.1723,-1.1396,-1.1129,-1.1057,-1.1584,-1.0807,-1.048,-1.021,-0.99562,-0.96286,-0.9278,-0.87865,-0.82951,-0.78037,-0.72419,-1.1707,-0.7084,-0.65926,-0.61012,-0.56097,-0.51683,-0.47585,-0.43815,-0.40539,-0.37263,-0.33987,-1.1715,-0.30711,-0.27685,-0.2679,-0.23514,-0.20238,-0.16962,-0.14106,-0.11725,-0.095146,-0.078765,-1.1772,-0.062385,-0.053175,-0.04278,-0.039557,-0.02686,-0.019953,-0.013703,-0.000546,0.002875,0.012611,-1.1847,0.022479,0.025768,0.038925,0.038925,0.038925,0.051754,0.054977,0.06524,0.06524,0.06524,-1.1847,0.078397,0.078397,0.078397,0.078397,0.091554,0.097146,0.10471,0.11675,0.11997,0.13635,-1.1847,0.14418,0.14418,0.15918,0.17556,0.19194,0.20832,0.2247,0.24108,0.25747,0.27385,-1.1847,0.30207,0.30661,0.32299,0.33937,0.35575,0.37213,0.38851,0.41561,0.43443,0.45081,-1.1933,0.47443,0.49673,0.49995,0.52008,0.54587,0.57245,0.59205,0.62481,0.65086,0.67718,-1.04,-1.2097,0.70994,0.72954,0.7623,0.79507,0.80204,0.83131,0.85388,0.88664,0.9194,0.94947,-1.211,0.97177,1.0045,1.0373,1.0569,1.0783,1.0961,1.1168,1.1485,1.1758,1.2008,-1.2161,1.2218,1.2513,1.2728,1.2972,1.3252,1.3448,1.3727,1.381,1.4036,1.4232,-1.2242,1.4513,1.4756,1.4973,1.5148,1.5432,1.5596,1.5759,1.5915,1.5996,1.6251,-1.2242,1.6309,1.6447,1.6611,1.6704,1.6807,1.6971,1.7099,1.7099,1.7199,1.7231,-1.2225,1.7329,1.6905,1.6573,1.5795,1.5753,1.5589,1.5425,1.5261,1.5098,1.4934,-1.2061,1.4862,1.4738,1.4549,1.4279,1.4115,1.3951,1.3656,1.3437,1.3196,1.2914,-1.1898,1.2757,1.2653,1.241,1.2129,1.1933,1.1655,1.141,1.1196,1.1018,1.0737,-1.1847,1.0494,1.0278,0.99821,0.98624,0.97098,0.94907,0.91953,0.89901,0.87361,0.85723,-1.1715,0.8277,0.80743,0.78178,0.75507,0.74862,0.71948,0.69626,0.66349,0.63073,0.59797,-1.0496,-1.1669,0.57179,0.54561,0.51285,0.48008,0.44732,0.41456,0.40733,0.38851,0.35575,0.33226,-1.1505,0.30338,0.27319,0.25102,0.22727,0.21089,0.19451,0.18365,0.1749,0.1705,0.15734,-1.1452,0.15208,0.14418,0.14418,0.15734,0.16234,0.1705,0.18194,0.19832,0.20997,0.20997,-1.1309,0.22115,0.22313,0.21865,0.20997,0.20997,0.20997,0.20997,0.20997,0.20997,0.20997,-1.1189,0.20997,0.20997,0.22036,0.22313,0.22313,0.23003,0.23628,0.23648,0.24944,0.24944,-1.1113,0.24944,0.26253,0.26575,0.27575,0.27575,0.28858,0.29181,0.30207,0.31141,0.31523,-1.095,0.31523,0.32108,0.32838,0.32838,0.32838,0.32838,0.32838,0.32838,0.34154,0.34154,-1.0926,0.34154,0.34154,0.34154,0.34154,0.34154,0.35305,0.3547,0.3547,0.3547,0.3547,-1.0926,0.3547,0.3547,0.3547,0.3547,0.3547,0.3547,0.3547,0.3547,0.3547,0.3547,-1.0853,0.3547,0.3547,0.3547,0.3547,0.3547,0.3547,0.3547,0.3547,-1.066,-1.0794,-1.0788,-1.0663,-1.0663,-1.0663,-1.0663,-1.0663,-1.0663,-1.0663,-1.0663,-1.0926,-1.0663,-1.0858,-1.1155,-1.1189,-1.1968,-1.2373,-1.2373,-1.25,-1.2774,-1.3354,-1.0926,-1.3518,-1.3806,-1.4628,-1.5325,-1.5578,-1.5784,-1.6169,-1.6715,-1.6889,-1.7097,-1.102,-1.7261,-1.7737,-1.8715,-1.8952,-1.91,-1.961,-2.0349,-2.0399,-1.9727,-1.9563,-1.131,-1.932,-1.9104,-1.8796,-1.8469,-1.8141,-1.8031,-1.774,-1.729,-1.6889,-1.6503,-1.1584,-1.6169,-1.5716,-1.546,-1.5193,-1.4869,-1.4669,-1.4478,-1.4277,-1.4081,-1.3753,4.0,4.0
2.0076,1.8959,1.6943,-0.32318,-0.34946,-0.38079,-0.40601,-0.43336,-0.46469,-0.49602,-0.52735,-0.55867,-0.59,1.663,-0.62133,-0.64373,-0.6739,-0.70523,-0.73656,-0.76764,-0.78913,-0.82046,-0.85179,-0.88312,1.6316,-0.91243,-0.93569,-0.96429,-0.98825,-1.0196,-1.0471,-1.0722,-1.1035,-1.13,-1.156,1.5957,-1.1874,-1.2128,-1.2337,-1.2612,-1.2856,-1.3138,-1.3374,-1.3663,-1.3893,-1.4102,1.5589,-1.4401,-1.462,-1.4731,-1.4937,-1.5142,-1.5254,-1.5452,-1.5571,-1.5761,-1.5888,1.5223,-1.6071,-1.6204,-1.6381,-1.6485,-1.659,-1.6694,-1.6799,-1.6853,-1.6907,-1.6954,1.4805,-1.7015,-1.7055,-1.7055,-1.7055,-1.7055,-1.6977,-1.6872,-1.6768,-1.6663,-1.6559,1.4387,-1.6455,-1.635,-1.6246,-1.6141,-1.6028,-1.5832,-1.5711,-1.5522,-1.5394,-1.5212,1.397,-1.5077,-1.4902,-1.4761,-1.4552,-1.4343,-1.4134,-1.3925,-1.3716,-1.3449,-1.3198,1.3552,-1.2989,-1.278,-1.2498,-1.2261,-1.2052,-1.1844,-1.1635,-1.1426,-1.1217,-1.1008,1.8757,1.3134,-1.0799,-1.059,-1.0381,-1.0173,-0.99638,-0.97549,-0.9546,-0.93372,-0.91566,-0.90204,1.2716,-0.88115,-0.86026,-0.83938,-0.82308,-0.80769,-0.78681,-0.76592,-0.75104,-0.73424,-0.71335,1.2299,-0.69953,-0.68167,-0.66078,-0.64802,-0.6291,-0.60822,-0.59651,-0.57653,-0.55565,-0.54485,1.1962,-0.52397,-0.50394,-0.49228,-0.47296,-0.4606,-0.44198,-0.43154,-0.41812,-0.40057,-0.39012,1.1564,-0.37968,-0.36924,-0.35879,-0.35345,-0.348,-0.33755,-0.32711,-0.31667,-0.30622,-0.303,1.1235,-0.29543,-0.29291,-0.28463,-0.27419,-0.26375,-0.26264,-0.26264,-0.26264,-0.26233,-0.25255,1.0921,-0.25154,-0.24246,-0.24074,-0.2303,-0.22228,-0.2195,-0.20906,-0.19513,-0.17808,-0.16764,1.0608,-0.1572,-0.14186,-0.12622,-0.11018,-0.095244,-0.078495,-0.064268,-0.046812,-0.025926,-0.012759,1.0295,0.005756,0.018217,0.037439,0.049193,0.059636,0.079917,0.090613,0.10106,0.11231,0.13203,1.0082,0.14247,0.15292,0.16336,0.17638,0.19434,0.20478,0.21522,0.22567,0.24045,0.25664,1.8642,0.97691,0.26709,0.27753,0.29372,0.3085,0.31895,0.32939,0.33983,0.35028,0.36072,0.37116,0.94644,0.39018,0.40214,0.41258,0.41339,0.42338,0.43382,0.44426,0.45471,0.46384,0.4655,0.92434,0.47393,0.4763,0.48402,0.4871,0.49411,0.49789,0.5042,0.50869,0.51913,0.52958,0.89458,0.53447,0.54037,0.54456,0.55117,0.56161,0.56474,0.57241,0.57483,0.5832,0.58492,0.87561,0.58492,0.58492,0.59471,0.6051,0.6055,0.6167,0.6387,0.6671,0.67936,0.70025,0.8629,0.72366,0.76074,0.80326,0.82773,0.85906,0.89039,0.93564,0.98332,1.0146,1.046,0.84463,1.0894,1.1288,1.1601,1.1844,1.2127,1.2597,1.2874,1.3168,1.3392,1.3786,0.83121,1.4012,1.4121,1.4327,1.4442,1.4746,1.4943,1.5047,1.5171,1.538,1.5562,0.81366,1.5667,1.5771,1.5913,1.6081,1.6185,1.629,1.6394,1.6554,1.6645,1.6707,0.80321,1.6877,1.7017,1.7049,1.7125,1.715,1.7067,1.7049,1.6959,1.8433,0.79681,0.79242,0.78197,0.77153,0.76654,0.76074,0.75029,0.73985,0.70882,0.68869,1.8224,0.67825,0.67573,0.65918,0.65555,0.64657,0.61746,0.6055,0.59506,0.55314,0.50354,1.8016,0.4931,0.47857,0.43851,0.41132,0.39603,0.36193,0.32954,0.3191,0.30866,0.28984,1.7807,0.25397,0.22688,0.20594,0.18581,0.15751,0.12204,0.10403,0.093589,0.083146,0.080422,1.757,0.056206,0.024877,-0.006453,-0.010388,-0.010388,-0.020225,-0.020579,-0.031022,-0.040657,-0.04994,1.7256,-0.12289,-0.1352,-0.15387,-0.16688,-0.18777,-0.20865,-0.22954,-0.25043,-0.27131,-0.29689,1.0,1.0
-0.12557,-0.092457,-0.059669,1.3737,1.3406,1.2739,1.1746,1.0923,1.0261,0.95987,0.89364,0.77402,0.60844,-0.059669,0.48816,0.40537,0.31335,0.214,0.058299,-0.1404,-0.28177,-0.38112,-0.47075,-0.55354,-0.059669,-0.68576,-0.85134,-0.94658,-0.99625,-1.0561,-1.1224,-1.199,-1.2818,-1.3224,-1.339,-0.059669,-1.3662,-1.3993,-1.4325,-1.4656,-1.4877,-1.5042,-1.5096,-1.5096,-1.4982,-1.4816,-0.059669,-1.4766,-1.4766,-1.4415,-1.3918,-1.354,-1.3209,-1.2878,-1.2547,-1.1728,-1.0734,-0.059669,-1.0112,-0.96149,-0.89929,-0.83306,-0.71608,-0.58361,-0.48969,-0.4069,-0.32411,-0.24132,-0.060987,-0.092621,0.072963,0.18517,0.28452,0.37036,0.45315,0.60432,0.7699,0.86629,0.94908,-0.077546,1.0179,1.0841,1.1928,1.3088,1.3673,1.417,1.4522,1.4853,1.5331,1.5827,-0.094104,1.6176,1.6507,1.6688,1.6854,1.702,1.7185,1.7197,1.7197,1.7043,1.6877,-0.11066,1.6711,1.6546,1.6064,1.5567,1.523,1.4899,1.4083,1.3256,1.2754,1.2257,-0.059669,-0.13052,1.176,1.1259,0.99348,0.862,0.79577,0.72748,0.57845,0.43173,0.34894,0.26689,-0.18019,0.20065,0.12989,-0.019138,-0.16388,-0.24667,-0.33317,-0.46564,-0.59111,-0.64078,-0.69672,-0.22805,-0.81263,-0.91989,-0.953,-0.98612,-1.0192,-1.0565,-1.1227,-1.1823,-1.1988,-1.2202,-0.26117,-1.2698,-1.3144,-1.331,-1.3475,-1.3641,-1.3806,-1.3972,-1.4107,-1.4107,-1.4075,-0.29429,-1.3909,-1.3778,-1.3778,-1.3742,-1.3577,-1.3374,-1.3043,-1.2712,-1.238,-1.2049,-0.32741,-1.1718,-1.1303,-1.0641,-1.0022,-0.95251,-0.88471,-0.7688,-0.66698,-0.60074,-0.53937,-0.36695,-0.48969,-0.41489,-0.28243,-0.17072,-0.10448,-0.03825,0.027983,0.11078,0.22669,0.31986,-0.44974,0.36953,0.4426,0.55851,0.65037,0.70004,0.76825,0.8676,0.94158,0.9747,1.0078,-0.52792,1.0409,1.0874,1.1536,1.1994,1.2159,1.2395,1.2726,1.3057,1.3388,1.3573,-0.57759,1.3573,1.3723,1.4054,1.4232,1.4232,1.4232,1.4232,1.4312,1.4477,1.448,-0.059669,-0.62727,1.4314,1.4232,1.4232,1.4147,1.3981,1.3816,1.365,1.3485,1.3319,1.2974,-0.67695,1.2477,1.2163,1.1998,1.1739,1.1408,1.0792,0.99645,0.92329,0.85706,0.80063,-0.72926,0.75095,0.69131,0.62508,0.56898,0.5193,0.46962,0.41995,0.34935,0.26656,0.21565,-0.79549,0.18253,0.11704,0.034244,-0.015678,-0.048795,-0.081912,-0.11503,-0.15943,-0.20911,-0.23588,-0.87013,-0.25244,-0.269,-0.28556,-0.30211,-0.31867,-0.33523,-0.35179,-0.35624,-0.35624,-0.36851,-0.98604,-0.38507,-0.38919,-0.38919,-0.38919,-0.38919,-0.38919,-0.38919,-0.38919,-0.38919,-0.38919,-1.093,-0.38919,-0.40245,-0.41901,-0.42214,-0.42214,-0.42214,-0.42214,-0.42214,-0.42214,-0.42214,-1.1593,-0.42214,-0.43623,-0.45279,-0.4551,-0.4551,-0.4551,-0.4551,-0.46968,-0.48624,-0.48805,-1.2224,-0.48805,-0.48805,-0.48805,-0.48805,-0.48805,-0.48805,-0.48805,-0.48805,-0.48805,-0.48805,-1.2721,-0.48805,-0.48805,-0.48805,-0.48805,-0.48805,-0.48805,-0.48805,-0.50428,-0.059669,-1.3283,-1.4111,-1.4801,-1.4966,-1.5168,-1.5499,-1.5755,-1.5755,-1.5715,-1.555,-0.059669,-1.5384,-1.5218,-1.4924,-1.4262,-1.3644,-1.3147,-1.2651,-1.2154,-1.1418,-1.0094,-0.059669,-0.89665,-0.83042,-0.75908,-0.67629,-0.56713,-0.40155,-0.26315,-0.18036,-0.091962,0.007388,-0.059669,0.13557,0.31772,0.4702,0.56955,0.66281,0.7456,0.82839,0.91118,1.0197,1.1687,-0.059669,1.2782,1.3279,1.391,1.4738,1.5359,1.569,1.595,1.6116,1.6281,1.6447,-0.059669,1.6464,1.6299,1.6133,1.5968,1.5725,1.5393,1.5062,1.4731,1.44,1.4069,0.0,0.0
-2.3884,-2.0909,-1.6302,-0.76117,-0.75157,-0.74197,-0.73238,-0.72278,-0.71318,-0.70427,-0.70427,-0.69957,-0.68997,-1.6014,-0.6891,-0.6891,-0.6891,-0.6891,-0.6891,-0.6891,-0.6891,-0.68906,-0.67946,-0.67392,-1.5726,-0.67392,-0.66585,-0.65875,-0.65875,-0.65223,-0.64358,-0.64358,-0.63861,-0.62901,-0.62841,-1.5472,-0.62499,-0.6154,-0.6058,-0.5962,-0.58661,-0.57701,-0.56741,-0.55782,-0.54822,-0.53862,-1.528,-0.52903,-0.51943,-0.50983,-0.50024,-0.49064,-0.48104,-0.47144,-0.46185,-0.45225,-0.44265,-1.5088,-0.43306,-0.42346,-0.41386,-0.40427,-0.39467,-0.38564,-0.38564,-0.38105,-0.37146,-0.36186,-1.4896,-0.35226,-0.34267,-0.33307,-0.32347,-0.31388,-0.30428,-0.29468,-0.28509,-0.27154,-0.25235,-1.4704,-0.24112,-0.23153,-0.22193,-0.21233,-0.20274,-0.19314,-0.18354,-0.17395,-0.16435,-0.15475,-1.4512,-0.14516,-0.13556,-0.12596,-0.11637,-0.10677,-0.097172,-0.087576,-0.077979,-0.068382,-0.058785,-1.432,-0.051844,-0.051844,-0.045168,-0.035571,-0.025974,-0.016378,-0.006781,-0.006326,-0.00276,0.006837,-1.902,-1.4128,0.008847,0.010857,0.020454,0.02402,0.024475,0.034072,0.039192,0.039192,0.039192,0.042113,-1.3979,0.05171,0.061307,0.069538,0.069538,0.074924,0.084521,0.08471,0.088542,0.098138,0.10774,-1.3883,0.11733,0.12693,0.13653,0.14612,0.15572,0.17006,0.18925,0.19968,0.20928,0.21888,-1.3787,0.22847,0.2397,0.25889,0.27243,0.28211,0.3013,0.3164,0.32599,0.33559,0.34773,-1.3691,0.36692,0.37955,0.38915,0.39875,0.40834,0.41794,0.42754,0.43713,0.44673,0.45633,-1.3595,0.46403,0.46403,0.46995,0.4792,0.4792,0.48356,0.49316,0.50276,0.50955,0.50955,-1.3567,0.51637,0.52472,0.52472,0.52999,0.53959,0.54918,0.55878,0.56838,0.57798,0.58757,-1.3567,0.59717,0.60677,0.61636,0.62596,0.63556,0.64515,0.65475,0.66742,0.68661,0.69871,-1.3567,0.70831,0.71791,0.73304,0.75223,0.76187,0.77146,0.78106,0.79066,0.80268,0.82188,-1.3567,0.83462,0.84422,0.85381,0.86341,0.87301,0.8826,0.8922,0.9018,0.9114,0.92099,-1.8636,-1.3567,0.93059,0.93438,0.93438,0.93438,0.93438,0.93438,0.93438,0.93707,0.94667,0.94955,-1.3567,0.94955,0.94955,0.94955,0.94955,0.94955,0.94955,0.94955,0.95718,0.96473,0.96473,-1.3567,0.96473,0.96522,0.97482,0.9799,0.9799,0.98843,0.99507,0.99507,1.0021,1.0116,-1.3567,1.0212,1.0254,1.0254,1.0349,1.0445,1.0541,1.0637,1.0709,1.0709,1.0773,-1.3567,1.0861,1.0861,1.0909,1.1005,1.1013,1.1013,1.1013,1.1085,1.1181,1.1277,-1.3567,1.1373,1.1469,1.1565,1.1661,1.1757,1.1935,1.2101,1.2197,1.2425,1.2702,-1.3567,1.2894,1.3086,1.3278,1.3561,1.3849,1.4136,1.4349,1.4561,1.4848,1.5136,-1.3567,1.542,1.5612,1.5848,1.6136,1.634,1.656,1.6848,1.7067,1.7259,1.7451,-1.3562,1.7696,1.7984,1.8086,1.8219,1.8411,1.8603,1.8773,1.8869,1.8965,1.9061,-1.3466,1.9157,1.9253,1.9349,1.9445,1.951,1.951,1.951,1.951,-1.8252,-1.3415,-1.3415,-1.3415,-1.3385,-1.3289,-1.3264,-1.3249,-1.3153,-1.3057,-1.2961,-1.7868,-1.296,-1.2921,-1.2825,-1.2729,-1.2633,-1.2537,-1.2505,-1.2497,-1.2401,-1.2353,-1.7485,-1.2353,-1.2265,-1.2169,-1.2073,-1.1977,-1.1881,-1.1785,-1.1746,-1.1745,-1.1649,-1.7166,-1.1553,-1.1457,-1.1361,-1.1265,-1.1169,-1.1073,-1.0966,-1.0774,-1.0633,-1.0537,-1.6878,-1.035,-1.0194,-1.0098,-0.99263,-0.97343,-0.95424,-0.94104,-0.93103,-0.91183,-0.89708,-1.659,-0.88748,-0.86942,-0.85311,-0.84352,-0.83392,-0.823,-0.8038,-0.78996,-0.78036,-0.77076,3.0,5.0
-2.2825,-2.0141,-1.6267,-0.84128,-0.84128,-0.84725,-0.85539,-0.86352,-0.87165,-0.87978,-0.88792,-0.89605,-0.90418,-1.6094,-0.91231,-0.92045,-0.9434,-0.97593,-0.98602,-0.99415,-1.0023,-1.006,-1.006,-1.013,-1.5932,-1.0197,-1.0197,-1.0197,-1.0197,-1.0133,-1.0051,-0.997,-0.99227,-0.99227,-0.92103,-1.5769,-0.82653,-0.80213,-0.77773,-0.75333,-0.72352,-0.69099,-0.66642,-0.63965,-0.60712,-0.5795,-1.5647,-0.5551,-0.52326,-0.49073,-0.4582,-0.43006,-0.40566,-0.37433,-0.34314,-0.31874,-0.29047,-1.5566,-0.25794,-0.23182,-0.2066,-0.17407,-0.1449,-0.12051,-0.096108,-0.071711,-0.047313,-0.022915,-1.5484,0.001482,0.020493,0.036758,0.053023,0.069288,0.085553,0.096945,0.10508,0.11321,0.12134,-1.5403,0.12948,0.13325,0.13325,0.14015,0.14698,0.14698,0.14313,0.135,0.13325,0.13246,-1.5322,0.12433,0.1162,0.10806,0.099931,0.091798,0.083666,0.075533,0.067401,0.053915,0.03765,-1.524,0.013492,-0.006307,-0.01444,-0.037087,-0.069617,-0.072637,-0.072637,-0.072637,-0.076961,-0.085093,-1.8219,-1.5159,-0.086363,-0.086363,-0.086363,-0.082554,-0.074421,-0.072637,-0.071882,-0.06375,-0.055617,-0.047485,-1.5138,-0.004351,0.051376,0.067641,0.083906,0.10017,0.11644,0.1327,0.15682,0.17896,0.19522,-1.5143,0.21629,0.24069,0.25774,0.27576,0.30016,0.32455,0.34895,0.36652,0.38402,0.40842,-1.5225,0.43282,0.45721,0.48161,0.50529,0.52155,0.54108,0.56548,0.58407,0.60055,0.62494,-1.5276,0.6466,0.66286,0.67913,0.69539,0.70383,0.7142,0.73046,0.74196,0.75009,0.76553,-1.5276,0.78008,0.78821,0.79209,0.79209,0.79888,0.80582,0.80582,0.80582,0.80582,0.80582,-1.5276,0.80513,0.797,0.78886,0.78073,0.7726,0.76447,0.75633,0.7482,0.74007,0.72669,-1.5276,0.71042,0.69416,0.67789,0.66163,0.64536,0.6291,0.61283,0.59825,0.59011,0.5651,-1.5276,0.52444,0.51081,0.50268,0.49455,0.48271,0.46644,0.46267,0.46267,0.46267,0.46267,-1.5276,0.46267,0.4684,0.4764,0.4764,0.47907,0.4872,0.49534,0.50347,0.51936,0.53346,-1.7975,-1.5276,0.54159,0.54973,0.55786,0.57323,0.60267,0.684,0.73602,0.76042,0.77809,0.79549,-1.5276,0.81988,0.84061,0.85688,0.87314,0.89002,0.91442,0.93566,0.95193,0.97389,0.99818,-1.5276,1.0144,1.0307,1.047,1.0632,1.0795,1.0958,1.1099,1.118,1.1308,1.1471,-1.52,1.1634,1.178,1.1862,1.1943,1.2024,1.2106,1.2187,1.2268,1.235,1.2431,-1.5138,1.2512,1.2588,1.2588,1.2619,1.27,1.2725,1.2726,1.2807,1.2862,1.2862,-1.5138,1.2862,1.2862,1.2939,1.2999,1.2999,1.2999,1.2999,1.2999,1.2999,1.2999,-1.5138,1.2999,1.2999,1.2999,1.301,1.3091,1.3173,1.3254,1.3335,1.3417,1.3498,-1.5138,1.361,1.3773,1.3879,1.3961,1.4042,1.4149,1.4312,1.4423,1.4504,1.4662,-1.5068,1.4825,1.4988,1.5104,1.5186,1.5338,1.5486,1.5567,1.5689,1.5852,1.5948,-1.4986,1.604,1.6202,1.6329,1.6411,1.6492,1.6573,1.6655,1.6705,-1.7731,-1.4905,-1.4824,-1.4742,-1.4661,-1.458,-1.4499,-1.4417,-1.4336,-1.4194,-1.4031,-1.7487,-1.3869,-1.3736,-1.3655,-1.3463,-1.3219,-1.3056,-1.2893,-1.273,-1.2518,-1.2274,-1.7167,-1.203,-1.1805,-1.1643,-1.1435,-1.1191,-1.1017,-1.084,-1.0596,-1.0392,-1.0229,-1.6882,-1.0067,-0.99041,-0.97415,-0.95788,-0.94162,-0.92535,-0.9095,-0.90137,-0.89323,-0.8851,-1.672,-0.87697,-0.86884,-0.8607,-0.85257,-0.84444,-0.83631,-0.82817,-0.82756,-0.82756,-0.82756,-1.6511,-0.8231,-0.81496,-0.81383,-0.81383,-0.81383,-0.81778,-0.82591,-0.82756,-0.82845,-0.83658,5.0,5.0
-2.2619,-2.0574,-1.628,-0.77203,-0.76315,-0.75426,-0.74537,-0.74282,-0.74282,-0.73539,-0.7265,-0.72613,-0.72613,-1.6013,-0.72613,-0.72613,-0.72613,-0.72325,-0.71436,-0.70944,-0.70944,-0.70944,-0.70944,-0.70944,-1.5746,-0.70944,-0.70222,-0.69333,-0.69274,-0.69224,-0.68335,-0.67446,-0.66558,-0.65669,-0.6478,-1.548,-0.63891,-0.63002,-0.62113,-0.61224,-0.59743,-0.57965,-0.56888,-0.55999,-0.55111,-0.54222,-1.5289,-0.53333,-0.52444,-0.51555,-0.50666,-0.49777,-0.48888,-0.47999,-0.4711,-0.46222,-0.45333,-1.5111,-0.44444,-0.43555,-0.42666,-0.42566,-0.42558,-0.41669,-0.4078,-0.39891,-0.39002,-0.38113,-1.4933,-0.37224,-0.36335,-0.35446,-0.34558,-0.33669,-0.3278,-0.31231,-0.29454,-0.28444,-0.27555,-1.4756,-0.2579,-0.24108,-0.23219,-0.22126,-0.20348,-0.18883,-0.17994,-0.16684,-0.14906,-0.13658,-1.4578,-0.12769,-0.1188,-0.10992,-0.093556,-0.075778,-0.066556,-0.057667,-0.048778,-0.039889,-0.031,-1.442,-0.022111,-0.013222,-0.004333,0.004556,0.013445,0.022334,0.031222,0.040111,0.049,0.057889,-1.8747,-1.4331,0.066778,0.075667,0.084556,0.091817,0.091817,0.09453,0.10342,0.10851,0.10851,0.11339,-1.4242,0.12228,0.13117,0.14006,0.1419,0.1419,0.15003,0.15892,0.16781,0.17528,0.17528,-1.4153,0.17779,0.18667,0.19556,0.20445,0.21334,0.22223,0.22536,0.22536,0.2322,0.24109,-1.4064,0.25791,0.27556,0.28445,0.29334,0.30223,0.31112,0.32001,0.3289,0.33779,0.34667,-1.3975,0.35556,0.36445,0.37334,0.38223,0.39112,0.40001,0.4089,0.41779,0.42667,0.43556,-1.3886,0.44445,0.45334,0.46223,0.47112,0.48001,0.4889,0.49779,0.50667,0.51556,0.52445,-1.3797,0.53334,0.54223,0.55112,0.56001,0.5689,0.57779,0.58667,0.59853,0.6163,0.63003,-1.3834,0.63892,0.64781,0.6567,0.66559,0.67448,0.68337,0.69226,0.70115,0.71003,0.71892,-1.3923,0.72781,0.7367,0.74559,0.75448,0.76337,0.77226,0.78115,0.79003,0.79892,0.80781,-1.4012,0.8167,0.82559,0.83448,0.84337,0.85226,0.86115,0.87003,0.87892,0.88781,0.90033,-1.848,-1.4101,0.91811,0.93117,0.94006,0.94895,0.95784,0.96673,0.97562,0.98451,0.99323,0.99323,-1.4021,0.99323,0.99323,0.99323,0.99323,0.99665,1.0055,1.0099,1.0099,1.0099,1.0099,-1.3938,1.0099,1.0099,1.0177,1.0266,1.0266,1.0277,1.0365,1.0454,1.0543,1.0632,-1.3938,1.0721,1.081,1.0899,1.0988,1.1077,1.1165,1.1254,1.1343,1.1432,1.1521,-1.3921,1.161,1.1699,1.1788,1.1877,1.1965,1.2054,1.2143,1.2232,1.2321,1.241,-1.3832,1.2499,1.2588,1.2603,1.2603,1.2687,1.2776,1.2865,1.2937,1.2937,1.2965,-1.3771,1.3054,1.3143,1.3232,1.332,1.3409,1.3559,1.3737,1.3843,1.3932,1.4103,-1.3771,1.4285,1.4552,1.4803,1.4981,1.5159,1.5337,1.5551,1.5818,1.6037,1.6215,-1.3732,1.6392,1.657,1.6748,1.6926,1.7103,1.7279,1.7368,1.747,1.7648,1.7802,-1.3643,1.7891,1.7979,1.8068,1.8157,1.8246,1.8335,1.8424,1.8446,-1.8192,-1.3605,-1.3605,-1.3544,-1.3455,-1.3438,-1.3438,-1.3355,-1.3271,-1.3271,-1.3255,-1.7836,-1.3166,-1.3104,-1.3104,-1.3067,-1.2978,-1.2937,-1.2937,-1.2878,-1.2789,-1.27,-1.7513,-1.2611,-1.2603,-1.26,-1.2512,-1.2423,-1.2334,-1.2245,-1.2156,-1.2032,-1.1854,-1.7246,-1.1722,-1.1634,-1.1488,-1.131,-1.12,-1.1111,-1.0944,-1.0766,-1.0588,-1.041,-1.6936,-1.0233,-1.0077,-0.99881,-0.98662,-0.96884,-0.95106,-0.93329,-0.91551,-0.89773,-0.8865,-1.6581,-0.87762,-0.86873,-0.85984,-0.84223,-0.82537,-0.81648,-0.80759,-0.7987,-0.78981,-0.78092,3.0,5.0
-1.8958,-1.8237,-1.7308,-0.85502,-0.82557,-0.80193,-0.77547,-0.74883,-0.72537,-0.69574,-0.66645,-0.64264,-0.61636,-1.7205,-0.59572,-0.56741,-0.54562,-0.52683,-0.51316,-0.49252,-0.47188,-0.4591,-0.43996,-0.42761,-1.7099,-0.4105,-0.40018,-0.38986,-0.37954,-0.37804,-0.36993,-0.36993,-0.36993,-0.36322,-0.36111,-1.6911,-0.36111,-0.36111,-0.36499,-0.36993,-0.36993,-0.36993,-0.36993,-0.37248,-0.37875,-0.3843,-1.6808,-0.38757,-0.39612,-0.40644,-0.41676,-0.42708,-0.4374,-0.44772,-0.45804,-0.46836,-0.47868,-1.6704,-0.489,-0.49931,-0.50963,-0.52877,-0.53909,-0.56176,-0.59043,-0.59651,-0.59925,-0.59925,-1.6601,-0.59925,-0.59598,-0.59043,-0.58416,-0.58161,-0.57234,-0.56202,-0.55171,-0.54139,-0.52463,-1.6498,-0.50399,-0.48335,-0.46271,-0.41314,-0.35087,-0.32362,-0.30078,-0.27052,-0.23957,-0.20861,-1.6395,-0.17765,-0.14669,-0.10744,-0.075956,-0.042528,-0.00522,0.025738,0.056696,0.087654,0.11861,-1.6292,0.14692,0.17171,0.20267,0.22648,0.25576,0.2779,0.30604,0.32668,0.34731,0.36795,-1.8134,-1.6153,0.38859,0.40041,0.41805,0.42837,0.43869,0.44901,0.45915,0.46083,0.46797,0.46797,-1.5997,0.46797,0.46797,0.46762,0.45915,0.4558,0.44548,0.43516,0.42484,0.41452,0.40623,-1.5894,0.39918,0.38356,0.37325,0.36293,0.35261,0.34008,0.32315,0.31283,0.29581,0.28337,-1.5791,0.26423,0.24439,0.20831,0.19799,0.19455,0.18617,0.17691,0.17691,0.17691,0.18247,-1.5599,0.18573,0.19429,0.20461,0.21766,0.23407,0.25012,0.27076,0.2914,0.32191,0.39441,-1.5496,0.41946,0.44451,0.47256,0.4947,0.52565,0.55353,0.57875,0.60971,0.63308,0.66254,-1.5356,0.68494,0.71264,0.73804,0.76274,0.78337,0.80401,0.82465,0.84529,0.86593,0.88657,-1.5201,0.89927,0.91021,0.92873,0.93905,0.94937,0.95969,0.97,0.98032,0.99064,1.001,-1.5098,1.0113,1.0148,1.0231,1.0246,1.0325,1.0325,1.0325,1.0325,1.0325,1.0313,-1.4995,1.0236,1.0236,1.018,1.0148,1.0062,1.0047,0.99435,0.98403,0.96789,0.95457,-1.8031,-1.4883,0.94425,0.93393,0.92361,0.91329,0.90297,0.88516,0.86469,0.85437,0.84406,0.83374,-1.47,0.81724,0.80428,0.79396,0.78364,0.77667,0.77667,0.77032,0.7757,0.77667,0.7787,-1.4597,0.78902,0.79934,0.80966,0.828,0.84794,0.85826,0.86857,0.8841,0.89803,0.92476,-1.4494,1.0157,1.026,1.0402,1.0555,1.0658,1.0845,1.0963,1.1144,1.1288,1.1438,-1.4322,1.1542,1.173,1.1836,1.1939,1.2043,1.2146,1.2249,1.2352,1.2455,1.2559,-1.4199,1.2618,1.2677,1.2706,1.2795,1.2882,1.2913,1.297,1.297,1.3046,1.3059,-1.4096,1.3076,1.3147,1.3147,1.3147,1.3147,1.3235,1.3235,1.3235,1.3235,1.3235,-1.3993,1.3235,1.3235,1.3235,1.3235,1.3235,1.3301,1.3323,1.3331,1.3434,1.35,-1.389,1.3553,1.3656,1.3759,1.3862,1.3965,1.4069,1.4172,1.4345,1.4466,1.457,-1.3731,1.4699,1.4864,1.4967,1.5142,1.5262,1.5453,1.5557,1.566,-1.7928,-1.3595,-1.3492,-1.3389,-1.3286,-1.3182,-1.3079,-1.2976,-1.2873,-1.277,-1.2696,-1.7824,-1.2696,-1.2696,-1.277,-1.2784,-1.2784,-1.2784,-1.2784,-1.2784,-1.2784,-1.2784,-1.7721,-1.2784,-1.2784,-1.2784,-1.2784,-1.2784,-1.2784,-1.2784,-1.2784,-1.2784,-1.2719,-1.7618,-1.2696,-1.2689,-1.2586,-1.2519,-1.2468,-1.2431,-1.235,-1.2255,-1.2232,-1.2129,-1.7515,-1.2025,-1.1922,-1.1819,-1.1716,-1.1613,-1.147,-1.1318,-1.1145,-1.1023,-1.0832,-1.7412,-1.0702,-1.0496,-1.0346,-1.0171,-0.9965,-0.97454,-0.9464,-0.92576,-0.90512,-0.87716,5.0,5.0
2.3731,2.2174,1.8859,-0.25198,-0.26393,-0.27343,-0.29074,-0.30804,-0.32534,-0.34265,-0.36459,-0.39041,-0.40772,1.8346,-0.4293,-0.45525,-0.47279,-0.494,-0.51996,-0.53785,-0.55871,-0.58467,-0.60292,-0.62342,1.8,-0.64937,-0.67533,-0.69845,-0.71576,-0.74004,-0.76599,-0.79195,-0.81129,-0.8307,-0.85665,1.7654,-0.88261,-0.90682,-0.92412,-0.94732,-0.97327,-0.99923,-1.0197,-1.038,-1.0639,-1.0847,1.7227,-1.1027,-1.1286,-1.1546,-1.1803,-1.1976,-1.2149,-1.2322,-1.2495,-1.2709,-1.2968,1.6621,-1.3063,-1.3187,-1.336,-1.3533,-1.3672,-1.3759,-1.392,-1.4064,-1.415,-1.4237,1.6221,-1.4349,-1.4522,-1.4628,-1.4714,-1.4801,-1.4887,-1.4974,-1.506,-1.5086,-1.5102,1.5874,-1.5188,-1.5275,-1.5361,-1.5448,-1.5481,-1.5489,-1.5576,-1.5613,-1.5617,-1.5704,1.5528,-1.5698,-1.5613,-1.5613,-1.557,-1.5484,-1.5397,-1.5349,-1.5349,-1.5269,-1.5183,1.5182,-1.5096,-1.4933,-1.4792,-1.4705,-1.4618,-1.4504,-1.4331,-1.4227,-1.4116,-1.3943,2.1239,1.4856,-1.377,-1.3597,-1.3424,-1.3251,-1.3078,-1.2905,-1.2732,-1.2559,-1.2386,-1.2213,1.4596,-1.203,-1.1771,-1.1562,-1.1383,-1.1124,-1.0912,-1.0736,-1.0476,-1.0261,-1.0088,1.4276,-0.98294,-0.95699,-0.93103,-0.91327,-0.89228,-0.86632,-0.8482,-0.83089,-0.81359,-0.78882,1.393,-0.76583,-0.74852,-0.72411,-0.70076,-0.68345,-0.65941,-0.63569,-0.61838,-0.60108,-0.5819,1.3584,-0.55595,-0.53601,-0.51871,-0.50141,-0.4841,-0.4668,-0.44949,-0.42689,-0.40173,-0.38443,1.3007,-0.36712,-0.34982,-0.33252,-0.31978,-0.31107,-0.29376,-0.27646,-0.25916,-0.24185,-0.2284,1.2365,-0.21975,-0.21109,-0.19896,-0.18165,-0.17198,-0.16333,-0.15468,-0.14603,-0.13737,-0.12872,1.2019,-0.12007,-0.11142,-0.10277,-0.094115,-0.087503,-0.087503,-0.081319,-0.072667,-0.064015,-0.061186,1.1511,-0.05987,-0.051219,-0.048028,-0.047074,-0.038422,-0.034869,-0.034277,-0.025625,-0.016973,-0.008322,1.0941,0.00033,0.008982,0.017634,0.034805,0.048096,0.056747,0.065399,0.077702,0.095006,0.11231,2.0979,1.0681,0.12632,0.13497,0.15106,0.16836,0.18567,0.20297,0.22028,0.23758,0.25488,0.27219,1.0372,0.28949,0.30679,0.32225,0.33091,0.34554,0.36285,0.38015,0.39745,0.41476,0.43206,1.0015,0.44937,0.46591,0.47456,0.48812,0.50542,0.52272,0.53549,0.54414,0.55279,0.56562,0.94959,0.58292,0.59191,0.60056,0.60921,0.61786,0.62651,0.63516,0.63622,0.63931,0.64796,0.91169,0.65661,0.66253,0.66253,0.66941,0.67569,0.67569,0.68221,0.68885,0.68885,0.68885,0.8859,0.6905,0.69915,0.7078,0.71645,0.7251,0.73918,0.75649,0.77379,0.79109,0.8084,0.8686,0.8257,0.84771,0.87366,0.89962,0.92557,0.95153,0.97748,1.0074,1.042,1.0685,0.84698,1.0981,1.1327,1.1673,1.2019,1.2365,1.2711,1.3086,1.3519,1.3881,1.4227,0.82103,1.4573,1.4986,1.5397,1.5743,1.6089,1.6435,1.6781,1.7187,1.7605,1.7951,0.80353,1.8241,1.8511,1.8858,1.9151,1.9411,1.967,1.9881,2.0054,2.0719,0.78622,0.76892,0.75162,0.7379,0.72925,0.7206,0.71194,0.70329,0.66517,0.63622,2.046,0.63622,0.6222,0.6074,0.59875,0.57016,0.54197,0.53332,0.52466,0.51424,0.49693,2.02,0.48555,0.47407,0.44812,0.43328,0.42147,0.38686,0.36785,0.35712,0.32252,0.29758,1.9941,0.27962,0.24501,0.21041,0.1758,0.16705,0.1584,0.14975,0.13284,0.11928,0.11063,1.9681,0.078294,0.047076,0.021121,0.010232,0.00158,-0.007072,-0.015723,-0.032369,-0.066976,-0.081154,1.9422,-0.089806,-0.098458,-0.1329,-0.1684,-0.17705,-0.1857,-0.19593,-0.21323,-0.22481,-0.23468,1.0,1.0
-0.64954,-0.64954,-0.66775,-1.615,-1.5928,-1.5625,-1.5301,-1.5079,-1.4674,-1.4452,-1.4131,-1.3825,-1.3603,-0.66775,-1.3199,-1.2977,-1.2754,-1.2532,-1.231,-1.2088,-1.1865,-1.1643,-1.1421,-1.1199,-0.66775,-1.0904,-1.0572,-1.035,-1.0128,-0.99054,-0.96832,-0.94609,-0.92387,-0.90165,-0.87942,-0.69908,-0.8572,-0.83498,-0.83097,-0.80874,-0.78652,-0.7643,-0.74207,-0.73807,-0.71584,-0.69362,-0.70418,-0.68597,-0.66739,-0.64954,-0.64116,-0.61893,-0.59671,-0.5927,-0.57048,-0.54826,-0.52603,-0.70965,-0.52203,-0.4998,-0.48559,-0.47357,-0.45135,-0.44734,-0.42512,-0.40289,-0.39451,-0.37666,-0.73187,-0.37265,-0.35808,-0.34642,-0.33987,-0.32165,-0.31618,-0.29396,-0.27174,-0.267,-0.24879,-0.74062,-0.2415,-0.21928,-0.19705,-0.17592,-0.17082,-0.15771,-0.14459,-0.12237,-0.11836,-0.096136,-0.74062,-0.073913,-0.051689,-0.029466,-0.007242,0.006237,0.018989,0.024453,0.045219,0.060885,0.07145,-0.75883,0.093674,0.097681,0.11553,0.12391,0.13375,0.15014,0.17237,0.19459,0.20661,0.22082,-0.64954,-0.75155,0.24304,0.26126,0.26928,0.2915,0.29769,0.31773,0.33412,0.34396,0.36618,0.38841,-0.74062,0.41063,0.43285,0.44342,0.45909,0.48131,0.50353,0.52576,0.54798,0.5702,0.59243,-0.72532,0.62194,0.65509,0.67731,0.69954,0.72176,0.74398,0.76621,0.78843,0.82887,0.85109,-0.7224,0.87332,0.91048,0.93598,0.96294,0.99864,1.0209,1.0431,1.0835,1.1123,1.1462,-0.7173,1.1684,1.2089,1.2311,1.2533,1.2755,1.2977,1.32,1.3484,1.3826,1.4049,-0.70418,1.4271,1.4493,1.4715,1.4938,1.516,1.5382,1.5604,1.5826,1.6049,1.6271,-0.70418,1.6493,1.6715,1.6938,1.7003,1.72,1.7422,1.755,1.7684,1.7907,1.7699,-0.70418,1.755,1.7437,1.7215,1.6992,1.677,1.6548,1.6457,1.6285,1.6063,1.5841,-0.70418,1.5619,1.5546,1.5356,1.5134,1.4912,1.4817,1.465,1.4427,1.4205,1.3983,-0.70418,1.3761,1.3542,1.3498,1.3276,1.3054,1.2668,1.2427,1.2267,1.2165,1.1943,-0.64954,-0.70418,1.1721,1.1458,1.1094,1.0872,1.0649,1.0427,1.0205,0.99828,0.97605,0.95383,-0.70418,0.94618,0.90938,0.88716,0.86494,0.84271,0.82596,0.81648,0.79426,0.77204,0.74653,-0.70418,0.70937,0.68715,0.66493,0.66092,0.6387,0.62558,0.61246,0.59024,0.58623,0.57093,-0.69945,0.56,0.5079,0.47912,0.4569,0.43468,0.4252,0.4252,0.4252,0.41865,0.40699,-0.68597,0.40699,0.40699,0.40699,0.40699,0.3946,0.38877,0.38877,0.38877,0.38877,0.37456,-0.67322,0.37056,0.37056,0.37056,0.37056,0.37056,0.37056,0.37056,0.36072,0.35234,0.35234,-0.66775,0.35234,0.35999,0.37056,0.37056,0.37056,0.37056,0.37056,0.37056,0.38804,0.38877,-0.66775,0.38877,0.38877,0.38877,0.38987,0.40699,0.39788,0.38877,0.38877,0.38877,0.38877,-0.66775,0.38877,0.38877,0.38877,0.38877,0.38877,0.38877,0.38877,0.38877,0.38877,0.38877,-0.65719,0.38877,0.38877,0.38877,0.38877,0.38877,0.38877,0.38877,0.38258,-0.64954,-0.64954,-0.64954,-0.64954,-0.64954,-0.64954,-0.64954,-0.63132,-0.63132,-0.63132,-0.63132,-0.64954,-0.64954,-0.64553,-0.63132,-0.63132,-0.64735,-0.64954,-0.64954,-0.73807,-0.82732,-0.84955,-0.64954,-0.94464,-0.97451,-1.0539,-1.1024,-1.1319,-1.2379,-1.2601,-1.3363,-1.4474,-1.5585,-0.64954,-1.6696,-1.7356,-1.7578,-1.8529,-1.8751,-1.9338,-2.0449,-2.156,-2.031,-2.0088,-0.64954,-1.9975,-1.9826,-1.9786,-1.9611,-1.9523,-1.9429,-1.9261,-1.9064,-1.8999,-1.8777,-0.66739,-1.8554,-1.8332,-1.811,-1.7888,-1.7665,-1.7443,-1.7221,-1.6999,-1.6776,-1.6554,4.0,4.0
-2.4096,-2.0216,-1.6587,-1.0125,-1.022,-1.0315,-1.0347,-1.0472,-1.0472,-1.0568,-1.06,-1.0724,-1.079,-1.6331,-1.085,-1.0977,-1.1012,-1.1103,-1.1202,-1.1234,-1.1355,-1.1355,-1.1455,-1.1607,-1.6148,-1.1645,-1.1803,-1.1961,-1.2112,-1.2034,-1.1718,-1.1504,-1.1473,-1.1315,-1.1157,-1.6184,-1.0895,-1.0714,-1.0556,-1.0325,-1.0114,-0.99342,-0.88598,-0.73697,-0.71051,-0.69276,-1.6275,-0.67254,-0.64854,-0.63274,-0.61694,-0.5966,-0.57273,-0.55693,-0.54113,-0.52533,-0.50168,-1.6573,-0.48111,-0.46371,-0.4369,-0.41312,-0.39269,-0.36254,-0.33094,-0.30744,-0.28035,-0.24875,-1.6658,-0.21211,-0.17294,-0.14134,-0.10974,-0.078141,-0.046542,-0.0034,0.016658,0.048257,0.079857,-1.6779,0.099788,0.13044,0.15662,0.18103,0.20083,0.22924,0.24504,0.26084,0.28856,0.29244,-1.6848,0.30824,0.31518,0.32723,0.3278,0.3278,0.3278,0.3278,0.3278,0.32187,0.31518,-1.6805,0.30288,0.28995,0.2839,0.2681,0.23987,0.22388,0.20808,0.19228,0.16393,0.14807,-1.9742,-1.6773,0.13227,0.10698,0.087993,0.059642,0.037409,0.015428,-0.000561,-0.028787,-0.044586,-0.060386,-1.6615,-0.076186,-0.10599,-0.15156,-0.16143,-0.16417,-0.16417,-0.16417,-0.16417,-0.1636,-0.15156,-1.6457,-0.15156,-0.14143,-0.12564,-0.10984,-0.094035,-0.078236,-0.049821,-0.034022,-0.011032,0.010193,-1.6299,0.063836,0.083767,0.10805,0.13435,0.16191,0.28585,0.31001,0.32581,0.34161,0.35741,-1.6015,0.37321,0.38901,0.40481,0.42061,0.4441,0.46482,0.48062,0.49642,0.51222,0.52802,-1.5817,0.54382,0.55962,0.57542,0.60235,0.61963,0.63543,0.65123,0.66703,0.68466,0.71125,-1.5573,0.72705,0.74285,0.75865,0.77959,0.80286,0.81866,0.82185,0.83765,0.85345,0.85761,-1.5312,0.87022,0.87562,0.88284,0.8946,0.89779,0.90807,0.90807,0.90807,0.92068,0.92068,-1.5004,0.92068,0.92068,0.92068,0.92068,0.92068,0.90854,0.90807,0.90217,0.89545,0.88318,-1.4806,0.86739,0.85159,0.84499,0.82021,0.80419,0.77609,0.74736,0.73156,0.71267,0.68107,-1.9268,-1.449,0.65893,0.63051,0.6115,0.5799,0.55789,0.54193,0.51701,0.51049,0.49469,0.47917,-1.4174,0.4757,0.46656,0.46656,0.47917,0.48277,0.49857,0.52433,0.54278,0.5623,0.5939,-1.3984,0.61541,0.65644,0.67608,0.70065,0.73689,0.8584,0.88214,0.91523,0.93103,0.95944,-1.3668,0.97524,0.99832,1.0195,1.0363,1.0637,1.0869,1.1185,1.1501,1.1817,1.2133,-1.3352,1.2342,1.2639,1.2955,1.3194,1.3352,1.351,1.3668,1.3826,1.3874,1.4016,-1.3036,1.4127,1.4127,1.4238,1.4253,1.4253,1.4333,1.4379,1.4379,1.4379,1.4297,-1.272,1.4253,1.4253,1.4253,1.417,1.4127,1.4,1.3948,1.3874,1.3758,1.3622,-1.2404,1.3622,1.3622,1.3739,1.3897,1.411,1.4339,1.4616,1.4806,1.5122,1.5438,-1.2088,1.5754,1.5944,1.626,1.6486,1.6644,1.6829,1.7087,1.7245,1.7403,1.7434,-1.1665,1.7592,1.775,1.7908,1.8066,1.8163,1.8256,1.8289,1.8163,-1.8794,-1.133,-1.0969,-1.0572,-1.0256,-0.99396,-0.96236,-0.93852,-0.91178,-0.89279,-0.86589,-1.832,-0.84221,-0.82168,-0.80588,-0.79008,-0.77428,-0.76967,-0.75706,-0.75706,-0.74892,-0.74444,-1.7846,-0.74444,-0.73937,-0.73183,-0.73183,-0.73183,-0.73703,-0.74444,-0.74444,-0.75706,-0.75706,-1.7469,-0.76557,-0.76967,-0.78456,-0.7949,-0.80354,-0.81934,-0.82253,-0.83275,-0.84151,-0.84536,-1.7153,-0.85797,-0.85797,-0.86687,-0.87059,-0.87324,-0.8832,-0.89222,-0.89582,-0.90843,-0.91439,-1.6837,-0.93019,-0.94599,-0.94918,-0.96498,-0.97151,-0.98396,-0.98715,-0.99674,-0.99674,-1.0093,5.0,5.0
-2.3066,-2.0823,-1.7005,-0.79877,-0.81373,-0.82869,-0.84365,-0.85861,-0.86921,-0.87669,-0.88417,-0.89165,-0.89913,-1.6855,-0.90661,-0.91292,-0.91292,-0.91292,-0.91292,-0.90586,-0.89838,-0.8909,-0.88342,-0.87501,-1.6649,-0.86005,-0.84897,-0.84149,-0.79992,-0.76417,-0.74921,-0.73425,-0.7193,-0.70434,-0.68938,-1.6447,-0.67442,-0.65288,-0.63249,-0.61753,-0.60257,-0.58716,-0.56472,-0.54568,-0.53072,-0.50942,-1.6372,-0.48879,-0.47383,-0.45413,-0.43169,-0.40925,-0.38997,-0.37501,-0.35395,-0.33151,-0.30908,-1.6298,-0.29114,-0.27619,-0.25378,-0.23425,-0.21929,-0.19848,-0.17736,-0.1624,-0.14745,-0.13249,-1.6223,-0.11753,-0.10257,-0.087611,-0.072653,-0.058775,-0.051296,-0.043817,-0.036337,-0.035827,-0.035827,-1.6148,-0.035827,-0.035827,-0.035827,-0.035827,-0.035827,-0.035827,-0.042555,-0.050034,-0.057514,-0.064993,-1.6098,-0.072472,-0.079952,-0.087431,-0.09491,-0.10888,-0.12188,-0.12936,-0.13684,-0.14468,-0.15964,-1.6098,-0.17129,-0.17877,-0.21124,-0.24008,-0.24008,-0.24008,-0.23996,-0.23248,-0.22807,-0.22807,-1.9315,-1.6152,-0.21605,-0.20256,-0.19508,-0.18761,-0.18013,-0.12113,-0.078239,-0.063281,-0.042555,-0.021349,-1.6218,-0.00639,0.012743,0.035181,0.0505,0.068042,0.09048,0.11844,0.14737,0.16981,0.19225,-1.6218,0.21468,0.244,0.27392,0.30383,0.32847,0.35165,0.38157,0.40779,0.43023,0.45267,-1.6218,0.47511,0.49755,0.51998,0.54242,0.56486,0.5873,0.60973,0.62577,0.6426,0.66503,-1.6218,0.68266,0.69762,0.71258,0.72754,0.7425,0.7513,0.7604,0.77536,0.78575,0.7932,-1.615,0.7932,0.79618,0.80366,0.80522,0.80384,0.79636,0.78888,0.7814,0.77392,0.76371,-1.6098,0.74875,0.73947,0.73084,0.71589,0.69684,0.6744,0.659,0.64404,0.62908,0.61412,-1.6098,0.59916,0.5842,0.56924,0.55429,0.53933,0.52662,0.51914,0.50647,0.49217,0.48469,-1.6098,0.48081,0.48081,0.47427,0.4688,0.4688,0.47376,0.48081,0.48081,0.48418,0.49166,-1.6091,0.49914,0.50662,0.5141,0.52629,0.54107,0.54855,0.55915,0.57411,0.58907,0.60403,-1.8941,-1.6017,0.61899,0.63394,0.6489,0.7158,0.76292,0.77788,0.79867,0.81982,0.83477,0.84973,-1.5978,0.86469,0.88683,0.90662,0.92158,0.94213,0.96351,0.97847,0.99343,1.0084,1.0303,-1.5978,1.0527,1.0752,1.0923,1.108,1.1305,1.1491,1.1641,1.1791,1.194,1.209,-1.5912,1.2239,1.2389,1.2539,1.2653,1.2728,1.2803,1.2877,1.2952,1.3027,1.3102,-1.5838,1.3177,1.3219,1.3219,1.3219,1.3219,1.3219,1.3219,1.3219,1.3219,1.3219,-1.5763,1.3219,1.3219,1.3219,1.3219,1.3175,1.31,1.3098,1.3098,1.3098,1.3098,-1.5639,1.3098,1.3098,1.3098,1.3098,1.3098,1.3124,1.3199,1.3274,1.3348,1.3423,-1.5493,1.3498,1.3573,1.3716,1.3842,1.3917,1.4045,1.4194,1.4344,1.4493,1.4643,-1.5418,1.4793,1.4942,1.5092,1.5241,1.5386,1.5461,1.557,1.5719,1.5805,1.588,-1.531,1.5955,1.603,1.6105,1.6179,1.6222,1.6222,1.6161,1.6102,-1.8626,-1.5161,-1.5011,-1.4861,-1.4712,-1.4562,-1.4411,-1.4187,-1.3993,-1.3844,-1.3634,-1.8327,-1.3424,-1.3275,-1.3081,-1.2856,-1.2706,-1.2528,-1.2303,-1.2079,-1.1867,-1.1718,-1.8027,-1.1526,-1.1302,-1.1077,-1.0853,-1.0629,-1.0404,-1.018,-0.99555,-0.97708,-0.96212,-1.7771,-0.94025,-0.91781,-0.89537,-0.87294,-0.85128,-0.83632,-0.81764,-0.7952,-0.77943,-0.76447,-1.7547,-0.74951,-0.73455,-0.72014,-0.71266,-0.70518,-0.6977,-0.69022,-0.68463,-0.68463,-0.68947,-1.725,-0.69665,-0.69665,-0.69989,-0.70737,-0.72104,-0.73434,-0.74182,-0.7539,-0.76886,-0.78382,5.0,5.0
0.051056,-0.041181,-0.041181,-0.31021,-0.23073,-0.12819,-0.048637,0.046137,0.13599,0.22046,0.32062,0.39756,0.49733,-0.041181,0.58219,0.67166,0.76681,0.84599,0.9207,1.0203,1.0921,1.1639,1.2357,1.3075,-0.040873,1.3793,1.4428,1.4921,1.5639,1.612,1.6479,1.6838,1.7197,1.7556,1.7728,-0.010435,1.7966,1.8036,1.8309,1.795,1.7591,1.7232,1.6873,1.6223,1.5813,1.5095,-0.010435,1.4377,1.3469,1.2634,1.1623,1.0853,0.97765,0.86997,0.76228,0.65459,0.54691,-0.010435,0.43538,0.30079,0.1931,0.066122,-0.053018,-0.1607,-0.29914,-0.40682,-0.51451,-0.6222,-0.010435,-0.72988,-0.80782,-0.91036,-0.98215,-1.0684,-1.1565,-1.2035,-1.2693,-1.3061,-1.342,-0.010435,-1.3778,-1.394,-1.394,-1.394,-1.394,-1.3844,-1.3485,-1.3126,-1.2767,-1.2106,-0.010435,-1.1388,-1.067,-0.98031,-0.89268,-0.79568,-0.68799,-0.58031,-0.47262,-0.36493,-0.25725,-0.010435,-0.12419,-0.011127,0.12731,0.24506,0.37342,0.50148,0.61954,0.7579,0.86566,0.97335,-0.041181,-0.010435,1.081,1.1887,1.2964,1.3733,1.4503,1.5372,1.5886,1.6398,1.6757,1.7116,-0.010435,1.7474,1.7728,1.7571,1.7212,1.6853,1.6494,1.608,1.5362,1.4644,1.3926,-0.010435,1.3209,1.2485,1.1465,1.0639,0.95621,0.84852,0.74083,0.63246,0.49472,0.37604,-0.010435,0.2486,0.11962,0.002478,-0.1368,-0.27439,-0.39322,-0.5368,-0.65894,-0.79322,-0.9358,-0.010435,-1.0496,-1.1819,-1.2896,-1.3973,-1.505,-1.6115,-1.6833,-1.7666,-1.8576,-1.9077,-0.010435,-1.9705,-2.0102,-2.0461,-2.0704,-2.0872,-2.1011,-2.1011,-2.0997,-2.0638,-2.0279,-0.010435,-1.992,-1.9561,-1.893,-1.8228,-1.7734,-1.6776,-1.6058,-1.5118,-1.4041,-1.3272,-0.010435,-1.2195,-1.0998,-0.97339,-0.84333,-0.72727,-0.58692,-0.44333,-0.31197,-0.18692,-0.043333,-0.010435,0.10025,0.21309,0.34944,0.4695,0.59556,0.70325,0.83876,0.94937,1.0571,1.1522,-0.010435,1.2417,1.3494,1.4291,1.5009,1.5727,1.6318,1.6855,1.7343,1.7702,1.8061,-0.041181,0.02031,1.8343,1.8471,1.865,1.8419,1.806,1.7701,1.7342,1.6853,1.6317,1.5725,0.02031,1.5292,1.4597,1.3959,1.3468,1.275,1.2032,1.1029,1.0289,0.95713,0.88534,0.02031,0.7951,0.71101,0.63922,0.53668,0.46489,0.37965,0.29056,0.21877,0.14698,0.075191,0.02031,0.0034,-0.068391,-0.12143,-0.18123,-0.22396,-0.25986,-0.29575,-0.33165,-0.36755,-0.37938,0.02031,-0.35017,-0.34864,-0.34864,-0.34864,-0.34864,-0.34864,-0.378,-0.37938,-0.37938,-0.37938,0.02031,-0.37938,-0.40375,-0.41013,-0.41013,-0.41013,-0.41013,-0.41013,-0.41013,-0.41013,-0.41013,0.02031,-0.41013,-0.41013,-0.41013,-0.41013,-0.41013,-0.41013,-0.41013,-0.3956,-0.37938,-0.37938,0.02031,-0.37938,-0.37938,-0.37938,-0.37938,-0.37938,-0.40436,-0.41013,-0.41013,-0.41013,-0.41013,0.02031,-0.41013,-0.41013,-0.41013,-0.41013,-0.40029,-0.37938,-0.37938,-0.37938,-0.37938,-0.37938,0.02031,-0.37938,-0.37938,-0.37938,-0.37938,-0.37938,-0.37439,-0.33849,-0.3026,-0.041181,0.02031,0.046982,0.051056,0.051056,0.051056,0.051056,0.072732,0.081802,0.051056,0.044676,-0.041181,0.008781,-0.010435,-0.032265,-0.06816,-0.10406,-0.13995,-0.17585,-0.21174,-0.24764,-0.31067,-0.041181,-0.35017,-0.38607,-0.42197,-0.45786,-0.49376,-0.52965,-0.59629,-0.63219,-0.66808,-0.70398,-0.041181,-0.73988,-0.77577,-0.81167,-0.84756,-0.88346,-0.91935,-0.95525,-0.99114,-1.027,-1.0558,-0.041181,-1.0681,-1.104,-1.1399,-1.1758,-1.2074,-1.1788,-1.1663,-1.1304,-1.0945,-1.0586,-0.041181,-1.0227,-0.97938,-0.90759,-0.85356,-0.79476,-0.72297,-0.65117,-0.57177,-0.47685,-0.40506,0.0,0.0
-0.55222,-0.55222,-0.68717,-1.2997,-1.2412,-1.1826,-1.1207,-1.0455,-0.98692,-0.92667,-0.84976,-0.79122,-0.73267,-0.72068,-0.67413,-0.61558,-0.55704,-0.5164,-0.47738,-0.42154,-0.3955,-0.36029,-0.32126,-0.29683,-0.74627,-0.26326,-0.23773,-0.21822,-0.18631,-0.15912,-0.1396,-0.12009,-0.10057,-0.08106,-0.070625,-0.75289,-0.062097,-0.042582,-0.030492,-0.023619,-0.004105,0.01541,0.029708,0.034373,0.053888,0.073403,-0.76523,0.089907,0.092366,0.11188,0.13004,0.13084,0.15036,0.16987,0.17017,0.18884,0.20835,-0.77296,0.24542,0.26745,0.28696,0.30648,0.34134,0.36557,0.39933,0.42467,0.45733,0.49636,-0.78419,0.53539,0.57442,0.60251,0.63241,0.67144,0.71975,0.76956,0.80859,0.84762,0.88665,-0.79302,0.92568,0.96471,1.0092,1.0628,1.1019,1.1409,1.1799,1.219,1.2559,1.2769,-0.80316,1.316,1.355,1.394,1.4331,1.4721,1.5111,1.5502,1.572,1.6081,1.6311,-0.81309,1.6506,1.6851,1.7097,1.7292,1.7354,1.7482,1.7677,1.7755,1.7755,1.7861,-0.55222,-0.81309,1.7956,1.7956,1.7956,1.7872,1.7755,1.7682,1.7487,1.7292,1.7153,1.7102,-0.82157,1.6907,1.6712,1.6517,1.6293,1.5926,1.5731,1.5524,1.5133,1.4744,1.4549,-0.84108,1.4163,1.3773,1.3382,1.2992,1.2602,1.2212,1.1821,1.1279,1.084,1.045,-0.85322,0.9924,0.94685,0.90782,0.86879,0.81842,0.77067,0.73164,0.69261,0.65358,0.61455,-0.86004,0.58355,0.55656,0.52445,0.49856,0.46535,0.44584,0.42161,0.38674,0.36723,0.34771,-0.87956,0.3282,0.31064,0.30924,0.28972,0.27051,0.27051,0.25124,0.25044,0.23228,0.23037,-0.89336,0.23037,0.24688,0.25044,0.25044,0.25044,0.25044,0.25044,0.25044,0.25044,0.25044,-0.89852,0.26198,0.27051,0.27051,0.27051,0.27051,0.27051,0.27051,0.27051,0.27051,0.27051,-0.91342,0.27051,0.27051,0.27051,0.27051,0.27051,0.27051,0.27322,0.29057,0.29057,0.29057,-0.91342,0.29057,0.29057,0.29057,0.29057,0.29057,0.29057,0.29057,0.29057,0.29057,0.29057,-0.55222,-0.91342,0.29057,0.27608,0.27051,0.27051,0.27051,0.27051,0.27051,0.27051,0.25987,0.25044,-0.91342,0.25044,0.25044,0.25044,0.25044,0.25044,0.25044,0.25044,0.25044,0.25044,0.25044,-0.91342,0.25044,0.25044,0.25044,0.25044,0.25044,0.25044,0.25044,0.25044,0.25044,0.25044,-0.91342,0.25044,0.25044,0.25044,0.25044,0.25044,0.25044,0.25044,0.25044,0.25044,0.25044,-0.91342,0.25044,0.25044,0.25044,0.25044,0.25044,0.25044,0.25044,0.25044,0.25044,0.24236,-0.91342,0.23037,0.23037,0.23037,0.23037,0.23037,0.23514,0.24623,0.23037,0.23037,0.23037,-0.91342,0.23037,0.23183,0.25044,0.25044,0.25044,0.25044,0.25044,0.25044,0.25044,0.25044,-0.91342,0.25044,0.25044,0.25044,0.25044,0.25044,0.25044,0.25044,0.25044,0.2383,0.23037,-0.89426,0.23037,0.23037,0.23037,0.23037,0.22154,0.21031,0.21031,0.21031,0.21031,0.21031,-0.89336,0.21031,0.21031,0.20589,0.1941,0.21031,0.21307,0.23258,0.2521,-0.57008,-0.89336,-0.89336,-0.89336,-0.87695,-0.87329,-0.85799,-0.85322,-0.88162,-0.907,-0.97889,-0.57229,-1.0388,-1.1138,-1.1657,-1.1961,-1.2351,-1.2643,-1.3392,-1.4324,-1.4633,-1.4904,-0.58905,-1.5576,-1.6423,-1.6914,-1.7817,-1.8252,-1.9253,-1.9754,-2.0635,-2.113,-2.228,-0.59236,-2.3211,-2.3592,-2.3803,-2.4779,-2.498,-2.5927,-2.5077,-2.481,-2.4443,-2.4219,-0.62366,-2.3863,-2.3628,-2.3283,-2.2893,-2.2503,-2.1979,-2.1521,-2.1131,-2.0624,-2.0039,-0.66269,-1.9453,-1.8868,-1.8283,-1.7608,-1.6911,-1.6326,-1.5668,-1.4954,-1.4369,-1.3727,4.0,4.0
-0.54831,-0.54831,-0.54831,-1.5927,-1.576,-1.5506,-1.5329,-1.5115,-1.4891,-1.4723,-1.4469,-1.4293,-1.4017,-0.54831,-1.3824,-1.3579,-1.3303,-1.3026,-1.275,-1.2474,-1.2197,-1.1921,-1.1644,-1.1368,-0.54831,-1.1172,-1.0931,-1.0539,-1.0262,-0.99861,-0.9789,-0.95487,-0.92723,-0.89959,-0.87746,-0.54831,-0.85586,-0.83829,-0.81212,-0.78757,-0.76838,-0.74839,-0.72464,-0.69767,-0.6809,-0.65849,-0.54831,-0.63717,-0.60953,-0.59343,-0.56579,-0.54323,-0.52205,-0.50405,-0.47869,-0.46221,-0.43951,-0.54831,-0.41848,-0.40033,-0.38628,-0.36115,-0.34733,-0.34058,-0.33123,-0.3175,-0.31513,-0.30596,-0.54831,-0.29903,-0.29442,-0.28294,-0.28066,-0.26684,-0.25302,-0.24826,-0.23692,-0.22518,-0.22082,-0.54831,-0.207,-0.20209,-0.1909,-0.18862,-0.17901,-0.17252,-0.16747,-0.15642,-0.14439,-0.14033,-0.54831,-0.12651,-0.11269,-0.098867,-0.085047,-0.071227,-0.057408,-0.035106,-0.018228,-0.004409,0.01319,-0.54831,0.034771,0.04859,0.06241,0.08777,0.10159,0.11541,0.12923,0.15352,0.16841,0.18572,-0.54831,-0.54831,0.20759,0.22946,0.24677,0.27213,0.28929,0.31131,0.32513,0.34913,0.36523,0.38967,-0.54831,0.40348,0.42507,0.44266,0.4688,0.49338,0.51254,0.53256,0.55628,0.58328,0.60002,-0.54831,0.62246,0.64375,0.66164,0.687,0.70082,0.71969,0.74,0.76343,0.77953,0.80717,-0.54831,0.8299,0.8509,0.86908,0.89444,0.91074,0.93362,0.95448,0.9728,0.98668,1.012,-0.55685,1.0258,1.0465,1.065,1.0903,1.1042,1.1224,1.1433,1.1662,1.1825,1.2079,-0.55985,1.2217,1.2355,1.2582,1.2747,1.2904,1.3139,1.3277,1.3503,1.3669,1.3825,-0.57139,1.4061,1.4199,1.4423,1.4591,1.4745,1.4982,1.5121,1.5259,1.5504,1.565,-0.57522,1.5789,1.5927,1.6065,1.6203,1.6226,1.6364,1.6502,1.6641,1.657,1.6444,-0.58293,1.6409,1.6271,1.6133,1.6097,1.5982,1.5949,1.5867,1.5709,1.5534,1.5396,-0.58293,1.5258,1.512,1.4981,1.4843,1.459,1.4391,1.4082,1.3944,1.3806,1.3662,-0.54147,-0.5936,1.3414,1.3276,1.3063,1.2884,1.2746,1.2608,1.247,1.2331,1.2098,1.1937,-0.59447,1.166,1.1432,1.1294,1.1156,1.0901,1.0624,1.0395,1.0257,1.0119,0.98653,-0.59447,0.9704,0.94276,0.92199,0.90817,0.88293,0.86683,0.84363,0.81637,0.79291,0.77909,-0.59447,0.75373,0.73991,0.71952,0.69188,0.67538,0.65002,0.6362,0.61594,0.59702,0.56121,-0.59447,0.54457,0.52094,0.50083,0.48176,0.46794,0.44099,0.41722,0.4034,0.38958,0.37576,-0.59447,0.3504,0.33658,0.32276,0.30894,0.29512,0.2813,0.27106,0.27692,0.2826,0.2826,-0.59574,0.29414,0.29414,0.29414,0.29414,0.29414,0.29414,0.29414,0.29414,0.29414,0.29414,-0.60601,0.29327,0.2826,0.2826,0.2826,0.2826,0.2826,0.2826,0.28788,0.29414,0.29414,-0.60601,0.29414,0.29414,0.29414,0.29414,0.29414,0.29414,0.29414,0.29414,0.29414,0.29414,-0.60601,0.29414,0.29414,0.29414,0.29414,0.29414,0.29414,0.29414,0.29414,-0.53676,-0.60601,-0.60713,-0.61755,-0.61755,-0.68125,-0.72011,-0.78402,-0.84007,-0.85389,-0.86771,-0.53676,-0.88153,-0.8987,-0.97403,-1.0654,-1.1099,-1.1337,-1.1533,-1.2351,-1.2575,-1.2789,-0.54831,-1.3457,-1.4149,-1.451,-1.5099,-1.5366,-1.5504,-1.622,-1.6358,-1.6744,-1.7211,-0.54831,-1.773,-1.796,-1.8549,-1.888,-1.9287,-1.9425,-1.8869,-1.8731,-1.8592,-1.8524,-0.54831,-1.8431,-1.8293,-1.8177,-1.8132,-1.7994,-1.7947,-1.7833,-1.7716,-1.7672,-1.7534,-0.54831,-1.7396,-1.737,-1.7235,-1.7096,-1.6958,-1.682,-1.6682,-1.6525,-1.629,-1.6152,4.0,4.0
-0.12887,-0.22701,-0.22128,-0.41511,-0.31525,-0.24108,-0.14825,-0.048397,0.051459,0.15131,0.25117,0.35103,0.45088,-0.1943,0.55074,0.6506,0.71905,0.81759,0.8849,0.98418,1.0517,1.15,1.2166,1.2805,-0.1943,1.317,1.3836,1.4458,1.479,1.5123,1.5456,1.5789,1.6049,1.6049,1.6049,-0.1943,1.5959,1.5626,1.5293,1.4853,1.4301,1.3849,1.3183,1.2648,1.2043,1.1186,-0.1943,1.0521,0.9702,0.88621,0.8032,0.72036,0.6362,0.53635,0.45522,0.36935,0.26949,-0.1943,0.16963,0.069778,-0.008488,-0.097221,-0.19708,-0.29693,-0.37291,-0.46393,-0.53876,-0.63093,-0.18514,-0.70462,-0.77119,-0.83776,-0.90433,-0.9709,-1.0375,-1.104,-1.1404,-1.1737,-1.207,-0.16158,-1.2403,-1.2736,-1.3065,-1.3074,-1.3392,-1.3372,-1.3039,-1.2706,-1.2373,-1.2041,-0.16158,-1.1659,-1.1048,-1.0654,-0.99887,-0.9323,-0.85796,-0.76644,-0.69096,-0.60059,-0.52396,-0.16158,-0.4241,-0.32425,-0.22439,-0.12454,-0.02468,0.075176,0.17503,0.27489,0.37474,0.4746,-0.22701,-0.16158,0.59081,0.70702,0.80688,0.90674,0.98795,1.0737,1.1736,1.2531,1.3197,1.3862,-0.16158,1.4528,1.4967,1.5532,1.596,1.6293,1.6626,1.6959,1.7291,1.7358,1.7358,-0.16158,1.708,1.6747,1.6414,1.6081,1.5748,1.5109,1.4755,1.4104,1.3439,1.2773,-0.16158,1.2107,1.1428,1.0449,0.97576,0.87591,0.77605,0.67619,0.57634,0.47648,0.37662,-0.16158,0.27677,0.1698,0.044344,-0.063772,-0.18808,-0.28794,-0.39777,-0.52036,-0.62022,-0.72007,-0.16158,-0.81993,-0.91979,-1.0196,-1.1055,-1.1866,-1.2714,-1.3379,-1.4045,-1.4542,-1.5049,-0.1467,-1.5535,-1.5868,-1.6201,-1.6337,-1.6539,-1.6664,-1.6664,-1.6444,-1.6111,-1.5778,-0.12887,-1.5445,-1.5112,-1.4779,-1.4447,-1.3854,-1.3188,-1.2794,-1.2184,-1.1235,-1.0525,-0.12887,-0.98595,-0.88936,-0.82009,-0.72236,-0.62251,-0.52265,-0.4228,-0.32294,-0.22308,-0.12323,-0.12887,-0.023372,0.076484,0.17634,0.28037,0.40402,0.47591,0.57576,0.67562,0.77548,0.87533,-0.22701,-0.12887,0.96701,1.0423,1.1329,1.1994,1.2765,1.3653,1.4319,1.4984,1.565,1.6182,-0.12887,1.6654,1.7175,1.7659,1.8168,1.8501,1.8834,1.9167,1.95,1.9648,1.9648,-0.11055,1.9451,1.9118,1.8786,1.8453,1.7901,1.746,1.6896,1.6231,1.5565,1.4899,-0.096158,1.4234,1.3568,1.2637,1.1909,1.0967,0.99686,0.92579,0.82986,0.73001,0.63015,-0.096158,0.56137,0.46315,0.39552,0.29623,0.22966,0.16309,0.096521,0.032322,-0.003908,-0.066962,-0.096158,-0.10025,-0.13353,-0.16682,-0.2001,-0.23339,-0.26667,-0.29244,-0.29244,-0.29244,-0.29244,-0.096158,-0.29244,-0.29244,-0.29244,-0.30397,-0.32515,-0.32515,-0.32515,-0.33897,-0.35786,-0.35786,-0.074976,-0.35786,-0.35786,-0.37454,-0.39057,-0.39057,-0.39057,-0.39057,-0.39057,-0.39057,-0.39057,-0.063445,-0.39057,-0.39057,-0.39057,-0.39057,-0.39057,-0.39057,-0.39057,-0.39057,-0.39057,-0.39057,-0.063445,-0.39057,-0.39057,-0.39057,-0.39057,-0.39057,-0.39057,-0.421,-0.42329,-0.22701,-0.063445,-0.063445,-0.063445,-0.088062,-0.12135,-0.15463,-0.18792,-0.2212,-0.25449,-0.28777,-0.22701,-0.32106,-0.35434,-0.38763,-0.42092,-0.48511,-0.5202,-0.58554,-0.61948,-0.68597,-0.75254,-0.22701,-0.81911,-0.88348,-0.91954,-0.98611,-1.0527,-1.1148,-1.1531,-1.214,-1.2535,-1.3133,-0.22701,-1.3466,-1.3878,-1.4459,-1.4792,-1.5125,-1.5457,-1.5682,-1.5796,-1.601,-1.5884,-0.22701,-1.5552,-1.5219,-1.4886,-1.4553,-1.422,-1.3887,-1.3554,-1.3222,-1.2712,-1.2229,-0.22701,-1.1708,-1.1042,-1.0376,-0.97106,-0.90449,-0.83792,-0.74911,-0.67207,-0.58211,-0.50621,0.0,0.0
0.65139,0.58989,0.57978,1.8392,1.8699,1.9007,1.9314,1.9319,1.9319,1.9319,1.9319,1.9133,1.8514,0.5503,1.7086,1.5321,1.4129,1.2129,1.1198,0.99677,0.87378,0.75079,0.60505,0.47111,0.5503,0.34812,0.22513,0.10213,-0.020857,-0.14385,-0.2858,-0.68552,-0.78619,-0.85147,-0.91297,0.5503,-0.97447,-1.0178,-1.0486,-1.0793,-1.1008,-1.1008,-1.1008,-1.1004,-1.0697,-1.0389,0.5503,-1.0082,-0.97741,-0.92729,-0.86579,-0.8043,-0.7428,-0.67373,-0.58611,-0.52293,-0.43069,0.5503,-0.30896,-0.21251,-0.096674,0.005679,0.11561,0.23861,0.3616,0.48459,0.60168,0.69688,0.53008,0.81987,0.94286,1.0381,1.1551,1.2562,1.3485,1.4407,1.5199,1.5814,1.6429,0.5166,1.7002,1.7309,1.7617,1.7924,1.7971,1.7971,1.7971,1.7798,1.6918,1.5721,0.5166,1.5191,1.4828,1.4087,1.1935,1.1299,1.041,0.94876,0.77059,0.62948,0.52166,0.5166,0.39866,0.27567,0.15268,0.033478,-0.059608,-0.1826,-0.6493,-0.78155,-0.84305,-0.90455,0.58399,0.50818,-0.96604,-1.0136,-1.0444,-1.0751,-1.1008,-1.1029,-1.1337,-1.1345,-1.1345,-1.1345,0.4829,-1.1135,-1.1008,-1.0857,-1.0549,-1.0242,-0.9871,-0.92561,-0.86411,-0.80261,-0.74112,0.4829,-0.65435,-0.56211,-0.46986,-0.36119,-0.25168,-0.1489,-0.025912,0.09708,0.22007,0.34306,0.4829,0.46606,0.61558,0.72215,0.83503,0.95802,1.081,1.1922,1.2845,1.3767,1.4689,0.45258,1.5612,1.6534,1.7179,1.7545,1.8072,1.8497,1.8805,1.9112,1.9319,1.9319,0.42183,1.9319,1.9319,1.9319,1.9028,1.8982,1.875,1.8442,1.7271,1.5999,1.4588,0.29336,1.2326,1.1349,1.0145,0.92222,0.79965,0.67666,0.55367,0.40919,0.27399,0.15099,0.22555,0.028003,-0.094989,-0.21798,-0.33718,-0.43785,-0.83757,-0.95088,-1.0431,-1.1126,-1.1741,0.17627,-1.2356,-1.2832,-1.314,-1.3447,-1.3755,-1.4062,-1.4369,-1.4378,-1.4647,-1.4715,0.13036,-1.4715,-1.4715,-1.4563,-1.4378,-1.4378,-1.4315,-1.4041,-1.4041,-1.4041,-1.4041,0.58399,0.086971,-1.3788,-1.3704,-1.3704,-1.354,-1.3367,-1.3262,-1.2954,-1.2647,-1.2339,-1.2032,0.025476,-1.1724,-1.1417,-1.1109,-1.0802,-1.0494,-1.0187,-0.97615,-0.9235,-0.89275,-0.862,-0.03602,-0.83126,-0.80051,-0.76976,-0.71416,-0.67457,-0.64382,-0.61307,-0.56927,-0.51788,-0.48713,-0.097516,-0.45217,-0.39194,-0.36119,-0.33044,-0.27358,-0.23525,-0.2045,-0.17375,-0.14301,-0.11226,-0.15985,-0.081511,-0.050763,-0.020015,0.010733,0.011155,0.038533,0.044851,0.066332,0.09708,0.11224,-0.2521,0.099608,0.059172,0.004415,-0.022542,-0.023384,-0.054132,-0.056238,-0.081932,-0.11268,-0.12363,-0.3157,-0.12363,-0.13753,-0.15733,-0.15733,-0.16238,-0.19102,-0.19102,-0.19102,-0.19102,-0.16702,-0.40289,-0.15733,-0.15733,-0.15733,-0.16954,-0.19102,-0.19102,-0.19102,-0.19145,-0.22219,-0.22472,-0.47239,-0.24999,-0.25842,-0.27779,-0.30854,-0.32581,-0.33634,-0.36709,-0.39784,-0.4269,-0.4269,-0.55368,-0.45638,-0.4606,-0.48418,-0.49429,-0.51198,-0.52799,-0.52799,-0.52799,0.58399,-0.62908,-0.70447,-0.78577,-0.84726,-0.90876,-0.97025,-1.0317,-1.0932,-1.1278,-1.1825,0.58399,-1.223,-1.2356,-1.2508,-1.2693,-1.2693,-1.2693,-1.2693,-1.2693,-1.2693,-1.2411,0.58399,-1.2103,-1.1796,-1.1488,-1.1181,-1.0873,-1.0461,-0.99216,-0.95677,-0.89528,-0.83378,0.58399,-0.77229,-0.71079,-0.62571,-0.53346,-0.44122,-0.34898,-0.25673,-0.15564,-0.038548,0.056645,0.58399,0.17964,0.27188,0.39192,0.49006,0.58231,0.69351,0.80049,0.89274,0.98498,1.0772,0.58399,1.1695,1.2617,1.354,1.4462,1.5123,1.597,1.669,1.7132,1.7583,1.8084,2.0,2.0
-2.1451,-1.9282,-1.7385,-0.61131,-0.62273,-0.6232,-0.63367,-0.64508,-0.65649,-0.66791,-0.67932,-0.69074,-0.70215,-1.7223,-0.71357,-0.72498,-0.73639,-0.74781,-0.75922,-0.77064,-0.79489,-0.82533,-0.82866,-0.83722,-1.7109,-0.83722,-0.83912,-0.84911,-0.84911,-0.84911,-0.84911,-0.84911,-0.83817,-0.83722,-0.83722,-1.6995,-0.82771,-0.82533,-0.81677,-0.80535,-0.79394,-0.73972,-0.69312,-0.67029,-0.64746,-0.62463,-1.688,-0.6018,-0.57897,-0.55615,-0.53332,-0.51049,-0.48528,-0.45294,-0.43012,-0.40729,-0.38398,-1.6766,-0.34974,-0.32691,-0.30409,-0.28126,-0.25843,-0.2356,-0.21277,-0.18995,-0.16712,-0.14429,-1.6652,-0.12146,-0.10529,-0.087695,-0.064867,-0.047271,-0.031101,-0.008273,0.010751,0.022165,0.036432,-1.6538,0.056883,0.068297,0.079711,0.091125,0.10254,0.11395,0.12537,0.13678,0.13773,0.14772,-1.6424,0.15913,0.16151,0.16151,0.16151,0.16912,0.1734,0.1734,0.16722,0.16151,0.16151,-1.6338,0.15676,0.14962,0.14582,0.1344,0.12584,0.12346,0.11205,0.10064,0.089222,0.077808,-1.8973,-1.6338,0.066394,0.066394,0.055456,0.00219,-0.014931,-0.035856,-0.058685,-0.072952,-0.084366,-0.09578,-1.6338,-0.10006,-0.10672,-0.11195,-0.11195,-0.11718,-0.12384,-0.12384,-0.12384,-0.12384,-0.12384,-1.6338,-0.12146,-0.11195,-0.11052,-0.099109,-0.087695,-0.076281,0.026445,0.052602,0.07543,0.098259,-1.6338,0.12109,0.14391,0.16674,0.18957,0.22001,0.24712,0.26994,0.29277,0.32131,0.35032,-1.6338,0.37315,0.39597,0.4188,0.4383,0.45257,0.4754,0.49823,0.51963,0.53199,0.55482,-1.6338,0.57765,0.58906,0.61141,0.63424,0.64708,0.66801,0.6818,0.70178,0.71652,0.72793,-1.6338,0.73935,0.75742,0.77406,0.78548,0.79689,0.80831,0.81972,0.82733,0.83066,0.83922,-1.6338,0.83922,0.83922,0.83922,0.83922,0.83922,0.83922,0.82781,0.82733,0.82733,0.81734,-1.6338,0.81544,0.8064,0.79499,0.79166,0.78405,0.77264,0.76122,0.74981,0.7384,0.72698,-1.6238,0.70606,0.68037,0.66896,0.65755,0.64899,0.64661,0.63519,0.62378,0.61332,0.61284,-1.8745,-1.6219,0.60143,0.60143,0.59049,0.58954,0.57955,0.57765,0.57765,0.57765,0.57765,0.58526,-1.6219,0.58954,0.5962,0.60761,0.61902,0.66183,0.71319,0.72888,0.74791,0.76265,0.78548,-1.6134,0.80593,0.81925,0.84207,0.8649,0.88773,0.91056,0.93339,0.95621,0.97904,1.0019,-1.602,1.0152,1.0356,1.0585,1.0732,1.0846,1.096,1.1141,1.1308,1.1422,1.1536,-1.5982,1.1698,1.1883,1.2035,1.223,1.2373,1.2577,1.2711,1.2925,1.3039,1.3153,-1.591,1.3267,1.3381,1.3495,1.3505,1.3605,1.3624,1.3714,1.3743,1.3823,1.3861,-1.5796,1.3933,1.398,1.4042,1.4099,1.4099,1.4147,1.4218,1.4256,1.437,1.4484,-1.5682,1.4575,1.4594,1.4708,1.4822,1.4936,1.505,1.5165,1.5279,1.5497,1.5626,-1.5568,1.5835,1.5973,1.6173,1.6401,1.6553,1.6739,1.69,1.7076,1.7248,1.7414,-1.5454,1.7595,1.7752,1.7942,1.8056,1.8199,1.8403,1.8517,1.8632,-1.8516,-1.5339,-1.5225,-1.5111,-1.4997,-1.4883,-1.4769,-1.4636,-1.4422,-1.4298,-1.4074,-1.8288,-1.396,-1.3732,-1.3504,-1.3275,-1.3047,-1.2819,-1.2591,-1.2277,-1.2015,-1.1787,-1.806,-1.1559,-1.133,-1.1102,-1.0874,-1.0645,-1.0417,-1.0189,-0.99606,-0.97323,-0.95041,-1.7917,-0.92758,-0.90475,-0.88335,-0.87098,-0.84816,-0.82533,-0.81391,-0.79156,-0.7792,-0.76778,-1.7722,-0.74686,-0.73306,-0.71309,-0.69835,-0.68693,-0.67552,-0.6641,-0.65269,-0.64128,-0.63509,-1.757,-0.63034,-0.6232,-0.6194,-0.61131,-0.61131,-0.61131,-0.61131,-0.61131,-0.61131,-0.61131,5.0,5.0
1.8607,1.769,1.6192,-0.31951,-0.3329,-0.34628,-0.35967,-0.3709,-0.3824,-0.39982,-0.41321,-0.43334,-0.44976,1.596,-0.46731,-0.48632,-0.51106,-0.53267,-0.55481,-0.57179,-0.58623,-0.59599,-0.61916,-0.63255,1.5826,-0.65572,-0.66911,-0.69066,-0.70765,-0.72884,-0.7514,-0.76241,-0.77557,-0.80195,-0.81932,1.5692,-0.83851,-0.85189,-0.86528,-0.88725,-0.90183,-0.92121,-0.9288,-0.94539,-0.97216,-0.98914,1.5461,-1.0115,-1.0329,-1.0578,-1.0766,-1.0944,-1.1204,-1.1472,-1.1541,-1.1713,-1.1981,1.5377,-1.2237,-1.2419,-1.2686,-1.2954,-1.3163,-1.3391,-1.3627,-1.3761,-1.3797,-1.3931,1.5291,-1.4064,-1.4198,-1.4332,-1.4466,-1.46,-1.4734,-1.4867,-1.5001,-1.5063,-1.5161,1.5059,-1.5207,-1.5341,-1.5475,-1.5609,-1.565,-1.5748,-1.5748,-1.5846,-1.5886,-1.5944,1.4865,-1.6056,-1.6139,-1.6139,-1.6237,-1.6298,-1.6335,-1.6335,-1.6264,-1.6139,-1.6095,1.4694,-1.6042,-1.5925,-1.5791,-1.5657,-1.5523,-1.5389,-1.5258,-1.522,-1.5086,-1.4952,1.734,1.4462,-1.4818,-1.4684,-1.455,-1.4417,-1.4283,-1.4051,-1.3848,-1.3678,-1.3411,-1.3222,1.4258,-1.2973,-1.2705,-1.2438,-1.217,-1.1902,-1.1635,-1.133,-1.1148,-1.0918,-1.0564,1.3965,-1.0213,-0.98327,-0.95077,-0.91062,-0.8736,-0.8401,-0.80973,-0.77371,-0.76241,-0.73975,1.3517,-0.70784,-0.67642,-0.64965,-0.61674,-0.58633,-0.55956,-0.53279,-0.50602,-0.48835,-0.47205,1.3357,-0.44724,-0.4283,-0.41069,-0.39434,-0.37413,-0.35096,-0.33757,-0.31663,-0.30238,-0.29245,1.2698,-0.26568,-0.2487,-0.2279,-0.21452,-0.19134,-0.17796,-0.16457,-0.15119,-0.1378,-0.12621,1.243,-0.12082,-0.11642,-0.10663,-0.10024,-0.096647,-0.087055,-0.087055,-0.076068,-0.06748,-0.059087,1.1891,-0.057692,-0.051893,-0.047904,-0.038116,-0.031314,-0.027717,-0.018541,-0.010735,-0.007138,0.001035,1.1431,0.009843,0.01344,0.02061,0.030422,0.040185,0.047404,0.060788,0.069548,0.07777,0.089124,1.0875,0.094752,0.10814,0.11849,0.12512,0.1385,0.15189,0.15764,0.16887,0.18225,0.19564,1.7129,1.0674,0.20658,0.21262,0.21636,0.2296,0.23594,0.23594,0.23594,0.24399,0.24573,0.24573,1.0406,0.25478,0.25552,0.26197,0.26557,0.27509,0.28255,0.28488,0.28488,0.29334,0.30445,1.0139,0.31033,0.31424,0.32403,0.3309,0.3345,0.3436,0.35148,0.36487,0.37825,0.39164,0.99689,0.40502,0.41841,0.44158,0.45496,0.46106,0.48173,0.49982,0.52659,0.55336,0.58012,0.97012,0.60689,0.63366,0.66043,0.68617,0.69851,0.73095,0.75772,0.78961,0.82105,0.85761,0.92646,0.89049,0.92093,0.95123,0.98426,1.012,1.0385,1.0548,1.0913,1.1236,1.1547,0.897,1.1912,1.2245,1.2549,1.2911,1.3179,1.3544,1.3861,1.4178,1.4543,1.487,0.84684,1.5176,1.5411,1.5614,1.5776,1.591,1.5964,1.608,1.6214,1.6348,1.6481,0.80431,1.6552,1.6651,1.6785,1.6919,1.7053,1.7187,1.732,1.7356,1.749,1.7624,0.73839,1.766,1.7794,1.783,1.7964,1.8098,1.8231,1.8313,1.8401,1.7041,0.71162,0.68485,0.65808,0.63131,0.60455,0.58304,0.57851,0.5536,0.53309,0.50992,1.6959,0.49287,0.47337,0.45998,0.45127,0.443,0.43169,0.43169,0.42242,0.41882,0.41212,1.6825,0.40233,0.40233,0.39465,0.38126,0.34752,0.32403,0.30426,0.27509,0.2654,0.23802,1.6691,0.19948,0.1861,0.1592,0.12996,0.11849,0.11298,0.081392,0.060813,0.033677,0.019338,1.6465,-0.022456,-0.035841,-0.053189,-0.10181,-0.11642,-0.16768,-0.19291,-0.20451,-0.20784,-0.2143,1.6326,-0.22408,-0.22841,-0.2418,-0.25518,-0.26857,-0.27302,-0.27576,-0.28915,-0.30253,-0.31217,1.0,1.0
-1.9216,-1.8535,-1.7255,-0.78293,-0.77238,-0.76268,-0.74729,-0.7319,-0.72705,-0.71165,-0.69858,-0.69141,-0.67602,-1.7206,-0.66695,-0.65578,-0.64586,-0.63553,-0.63068,-0.62478,-0.61423,-0.61423,-0.61128,-0.60369,-1.6998,-0.60369,-0.60369,-0.60369,-0.60369,-0.60369,-0.60369,-0.61381,-0.61423,-0.61423,-0.62836,-1.6793,-0.63532,-0.65135,-0.66695,-0.65641,-0.64966,-0.64481,-0.63532,-0.62478,-0.61972,-0.60432,-1.6639,-0.58893,-0.57354,-0.55814,-0.54275,-0.52736,-0.51197,-0.49657,-0.48118,-0.46579,-0.4447,-1.6485,-0.42446,-0.40906,-0.39367,-0.37828,-0.35403,-0.33695,-0.32155,-0.30384,-0.28022,-0.26483,-1.6331,-0.24944,-0.23405,-0.21865,-0.20326,-0.18787,-0.16298,-0.14654,-0.13114,-0.11575,-0.10036,-1.6091,-0.084964,-0.069571,-0.054177,-0.038784,-0.023391,-0.002726,0.017938,0.028903,0.038181,0.053575,-1.5918,0.060533,0.071076,0.071076,0.08162,0.08162,0.092163,0.092163,0.092163,0.092163,0.092163,-1.5764,0.08162,0.072552,0.067702,0.060533,0.047459,0.039447,0.027216,0.01836,0.006973,-0.002726,-1.8381,-1.5589,-0.01327,-0.033513,-0.054599,-0.055443,-0.055443,-0.055443,-0.055443,-0.057762,-0.058816,-0.055443,-1.5351,-0.055443,-0.055443,-0.055443,-0.055443,-0.044899,-0.044899,-0.020017,-0.01327,0.000226,0.007817,-1.5197,0.020469,0.035862,0.05252,0.077191,0.092585,0.10798,0.12337,0.14931,0.1647,0.18009,-1.5043,0.19549,0.21088,0.22627,0.24356,0.2676,0.283,0.30429,0.32433,0.34478,0.36565,-1.4889,0.38105,0.40551,0.42238,0.44599,0.46624,0.48964,0.50504,0.52697,0.54637,0.56176,-1.4735,0.57715,0.59255,0.60794,0.62333,0.63872,0.65412,0.66951,0.6849,0.69313,0.70515,-1.4581,0.72054,0.7353,0.74078,0.75618,0.76103,0.77642,0.78127,0.78802,0.78802,0.79582,-1.4427,0.79856,0.79856,0.79856,0.79856,0.79856,0.79856,0.79856,0.79856,0.78928,0.78802,-1.4273,0.77958,0.77473,0.76693,0.75639,0.74964,0.74479,0.70578,0.67204,0.66698,0.64168,-1.4119,0.64041,0.64041,0.64041,0.64041,0.64041,0.64779,0.65264,0.6615,0.66234,0.67204,-1.8332,-1.3965,0.68258,0.74584,0.75554,0.76039,0.76693,0.77747,0.77747,0.78802,0.78802,0.79856,-1.3944,0.79856,0.79856,0.79856,0.80889,0.8091,0.81859,0.82344,0.83884,0.85423,0.86962,-1.3868,0.88501,0.90041,0.91454,0.92065,0.93604,0.95144,0.97695,0.99277,1.0082,1.0236,-1.382,1.0389,1.0543,1.0697,1.087,1.1111,1.1265,1.1418,1.1678,1.1832,1.1986,-1.3733,1.214,1.2294,1.2448,1.2684,1.2861,1.3015,1.3169,1.3257,1.3371,1.3525,-1.3628,1.3574,1.3679,1.3776,1.389,1.3978,1.3995,1.3995,1.4101,1.4101,1.4101,-1.3628,1.4101,1.4206,1.4206,1.4206,1.4312,1.4312,1.435,1.4417,1.4447,1.4522,-1.3523,1.4522,1.4592,1.4628,1.4689,1.4733,1.4786,1.494,1.4988,1.5142,1.5296,-1.3523,1.545,1.5604,1.5758,1.5912,1.6066,1.6325,1.6479,1.6739,1.6943,1.7251,-1.3622,1.7453,1.7671,1.793,1.8084,1.8343,1.8497,1.8651,1.8805,-1.8179,-1.3628,-1.3628,-1.3628,-1.3628,-1.3628,-1.3628,-1.3628,-1.3628,-1.3628,-1.3628,-1.8025,-1.3628,-1.358,-1.3523,-1.3483,-1.3417,-1.3312,-1.3232,-1.3183,-1.3029,-1.2981,-1.7871,-1.2827,-1.2679,-1.2624,-1.247,-1.2316,-1.2257,-1.2114,-1.196,-1.1806,-1.1652,-1.7717,-1.1498,-1.1344,-1.1203,-1.1142,-1.0988,-1.0834,-1.068,-1.0571,-1.0478,-1.0324,-1.7563,-1.017,-1.0016,-0.9862,-0.97081,-0.95541,-0.95056,-0.93517,-0.93032,-0.91999,-0.91008,-1.7409,-0.8989,-0.88984,-0.87444,-0.85905,-0.8542,-0.83881,-0.8251,-0.81856,-0.80401,-0.79832,5.0,5.0
1.4229,1.3327,1.2123,-1.1879,-1.1328,-1.0776,-0.99235,-0.9372,-0.86964,-0.7968,-0.71156,-0.6564,-0.57116,1.2075,-0.48591,-0.3884,-0.30819,-0.20007,-0.11768,-0.029575,0.072828,0.18313,0.26334,0.37364,1.1822,0.48394,0.59425,0.70455,0.81485,0.92515,1.0355,1.1458,1.2561,1.3664,1.4767,1.1822,1.587,1.6955,1.7775,1.866,1.9212,1.9647,1.9713,1.9932,1.9647,1.8999,1.1521,1.8277,1.7425,1.642,1.39,1.2797,1.1995,1.1193,1.009,0.92877,0.84856,1.1521,0.73826,0.65805,0.564,0.47875,0.38733,0.30713,0.19682,0.086522,-0.023781,-0.35529,1.1521,-0.84631,-0.92652,-1.0108,-1.096,-1.1211,-1.1762,-1.2314,-1.3166,-1.3718,-1.4061,1.1521,-1.4362,-1.4663,-1.4663,-1.4663,-1.4663,-1.4663,-1.4663,-1.4362,-1.4061,-1.376,1.1521,-1.3504,-1.3158,-1.2702,-1.2151,-1.1599,-1.1048,-1.0242,-0.96436,-0.90921,-0.84375,1.1521,-0.76881,-0.68357,-0.62842,-0.54317,-0.45792,-0.39261,-0.3124,-0.2322,-0.14703,-0.041688,1.3327,1.1521,0.038518,0.11872,0.22406,0.27921,0.36446,0.43955,0.50486,0.59011,0.67536,0.76038,1.1521,0.81575,0.901,0.95615,1.021,1.1012,1.1818,1.237,1.3117,1.3774,1.4024,1.1426,1.4576,1.4831,1.5132,1.5433,1.1677,1.1032,1.0273,0.97218,0.91703,0.83178,1.122,0.74653,0.66129,0.60192,0.52089,0.46574,0.35039,0.02648,-0.33174,-0.38689,-0.44204,1.122,-0.4972,-0.55235,-0.6075,-0.66265,-0.7178,-0.77295,-0.8281,-0.88326,-0.93841,-0.99356,1.122,-1.0487,-1.1039,-1.159,-1.1841,-1.2091,-1.2342,-1.2592,-1.2857,-1.3093,-1.3344,1.122,-1.3459,-1.376,-1.4061,-1.4346,-1.4362,-1.4362,-1.4362,-1.4061,-1.4028,-1.376,1.122,-1.3459,-1.2975,-1.2556,-1.2255,-1.1954,-1.1672,-1.1422,-1.087,-1.0319,-0.9767,1.122,-0.92155,-0.8664,-0.81125,-0.7561,-0.70095,-0.6157,-0.56055,-0.5054,-0.42015,-0.365,1.1521,-0.29706,-0.2246,-0.16674,-0.084199,-0.006325,0.073881,0.15409,0.25679,0.34204,0.4248,1.3026,1.1521,0.48244,0.56769,0.63533,0.70809,0.76564,0.84848,0.92606,1.0491,1.1891,1.2944,1.1521,1.4275,1.5105,1.5734,1.6336,1.6637,1.6938,1.6405,1.2783,1.1902,1.0878,1.1521,0.99558,0.83712,0.72682,0.61652,0.48424,0.33572,0.2373,-0.26929,-0.32444,-0.37959,1.1521,-0.41293,-0.4598,-0.50321,-0.54001,-0.59516,-0.65031,-0.68379,-0.73052,-0.75557,-0.80418,1.1521,-0.80568,-0.83427,-0.85579,-0.86437,-0.89447,-0.89447,-0.92456,-0.92456,-0.92456,-0.92456,1.1521,-0.92456,-0.89447,-0.86317,-0.80801,-0.77408,-0.74398,-0.70275,-0.6476,-0.59245,-0.5373,1.1521,-0.48215,-0.427,-0.37184,-0.31669,-0.26244,-0.23649,-0.18134,-0.12618,-0.071032,-0.015881,1.1279,0.039271,0.094422,0.14957,0.20473,0.25988,0.31503,0.37018,0.42533,0.48048,0.53563,1.0728,0.59079,0.64594,0.70109,0.75624,0.78129,0.82102,0.79093,0.82102,0.82102,0.82102,1.0176,0.82102,0.82102,0.79093,0.79093,0.79093,0.79093,0.79093,0.80605,1.3026,0.96247,0.90732,0.85217,0.79702,0.74187,0.68672,0.62269,0.54632,0.46227,0.40592,1.3026,0.32067,0.25175,0.18027,0.12512,0.041227,-0.015279,-0.07043,-0.12558,-0.18073,-0.23588,1.2726,-0.29104,-0.34619,-0.40134,-0.45649,-0.51164,-0.56679,-0.62194,-0.6771,-0.76234,-0.7874,1.2725,-0.84255,-0.8977,-0.95285,-1.008,-1.0632,-1.1051,-1.1434,-1.1985,-1.2537,-1.2787,1.2526,-1.3339,-1.3589,-1.4061,-1.4362,-1.4642,-1.4892,-1.4964,-1.4964,-1.4964,-1.4964,1.2424,-1.4964,-1.4663,-1.4663,-1.4536,-1.4362,-1.4061,-1.3784,-1.3233,-1.2982,-1.2431,2.0,2.0
2.1339,1.9978,1.7141,-0.48379,-0.50337,-0.52294,-0.54251,-0.56208,-0.58165,-0.5935,-0.61109,-0.63066,-0.65023,1.6855,-0.66179,-0.67966,-0.69923,-0.71881,-0.73838,-0.75795,-0.77752,-0.78857,-0.80695,-0.82653,1.6624,-0.8461,-0.86567,-0.87635,-0.8951,-0.91467,-0.93425,-0.95382,-0.97339,-0.99296,-1.0125,1.6066,-1.0321,-1.0421,-1.0615,-1.0714,-1.0812,-1.0911,-1.1105,-1.1203,-1.1301,-1.1399,1.5742,-1.1496,-1.1594,-1.1698,-1.1887,-1.1985,-1.2083,-1.2181,-1.2269,-1.2279,-1.2389,1.5198,-1.2572,-1.267,-1.2768,-1.2866,-1.2964,-1.3061,-1.3159,-1.324,-1.3258,-1.3337,1.4991,-1.3356,-1.3454,-1.3552,-1.365,-1.3748,-1.3846,-1.3944,-1.4017,-1.3992,-1.392,1.4648,-1.3893,-1.3823,-1.3795,-1.3697,-1.3628,-1.3598,-1.35,-1.3402,-1.3337,-1.3304,1.4015,-1.3206,-1.3108,-1.301,-1.2912,-1.2814,-1.2717,-1.2619,-1.2521,-1.2423,-1.2325,1.3721,-1.2227,-1.2129,-1.2032,-1.1934,-1.1836,-1.1738,-1.164,-1.1542,-1.1444,-1.1347,1.9782,1.3399,-1.12,-1.1054,-1.0956,-1.0858,-1.076,-1.061,-1.0467,-1.0369,-1.0217,-1.0077,1.294,-0.99228,-0.97271,-0.95887,-0.94328,-0.92371,-0.90413,-0.88456,-0.86499,-0.84542,-0.82585,1.2646,-0.79996,-0.77699,-0.75096,-0.72813,-0.70856,-0.68899,-0.67616,-0.65955,-0.64688,-0.63709,1.237,-0.62731,-0.61752,-0.60773,-0.59795,-0.58816,-0.57838,-0.56859,-0.5588,-0.54902,-0.53923,1.2121,-0.52945,-0.5275,-0.51959,-0.5098,-0.50808,-0.49994,-0.49836,-0.49008,-0.4803,-0.47051,1.1687,-0.46922,-0.46065,-0.45087,-0.44108,-0.43129,-0.42151,-0.41172,-0.41094,-0.40186,-0.39208,1.1491,-0.38229,-0.3818,-0.37243,-0.36264,-0.36238,-0.35279,-0.343,-0.33321,-0.32343,-0.31364,1.1217,-0.30386,-0.29407,-0.28389,-0.26478,-0.255,-0.2446,-0.22571,-0.21517,-0.1956,-0.17693,1.0711,-0.16617,-0.1466,-0.12814,-0.11836,-0.10731,-0.089071,-0.079284,-0.068017,-0.049999,-0.040213,1.0494,-0.028727,-0.009155,0.008572,0.020277,0.039849,0.059421,0.076856,0.088852,0.10614,0.11828,1.9578,1.0222,0.13543,0.14771,0.16471,0.1745,0.18429,0.19407,0.20386,0.21364,0.22343,0.23322,1.0027,0.23984,0.24307,0.25286,0.26265,0.27243,0.28222,0.29201,0.30179,0.30784,0.31165,0.9831,0.31755,0.32151,0.32726,0.33137,0.33698,0.34123,0.34669,0.35109,0.36087,0.36612,0.95632,0.37073,0.38052,0.3903,0.40492,0.41959,0.43435,0.46403,0.49292,0.51769,0.54178,0.90987,0.56135,0.58634,0.62119,0.65477,0.6785,0.70948,0.7544,0.79163,0.82099,0.85035,0.87837,0.87971,0.90906,0.93842,0.99294,1.036,1.0654,1.1012,1.1338,1.1631,1.2194,0.86596,1.2607,1.2901,1.3264,1.3585,1.3879,1.4244,1.4563,1.5076,1.5441,1.5735,0.83561,1.6029,1.6322,1.6769,1.7104,1.7397,1.7612,1.7808,1.8084,1.8296,1.8737,0.77966,1.8979,1.9175,1.937,1.9481,1.9579,1.9763,1.9872,1.997,2.0068,2.0166,0.73925,2.0264,2.0361,2.0459,2.0557,2.0655,2.0753,2.0851,2.0949,1.9002,0.72259,0.70982,0.68107,0.64467,0.63488,0.61198,0.57646,0.56667,0.55689,0.53282,1.8796,0.49118,0.46925,0.45946,0.43809,0.41468,0.41068,0.40497,0.39251,0.36315,0.3295,1.8319,0.29035,0.25565,0.21726,0.18669,0.1769,0.16712,0.1381,0.10869,0.098905,0.089119,1.8119,0.058935,0.030694,0.005172,-0.018018,-0.022413,-0.044268,-0.066803,-0.076589,-0.10342,-0.11955,1.7813,-0.14286,-0.1584,-0.16437,-0.20439,-0.23251,-0.24849,-0.2618,-0.27158,-0.28137,-0.29764,1.7344,-0.31065,-0.32707,-0.33994,-0.3565,-0.37607,-0.39565,-0.40822,-0.42508,-0.44465,-0.46422,1.0,1.0
0.55896,0.47321,0.45838,0.65955,0.74787,0.85506,0.94194,1.0277,1.1134,1.1992,1.2849,1.3689,1.4332,0.44888,1.4975,1.5619,1.6262,1.6821,1.725,1.7669,1.7884,1.8285,1.8414,1.8189,0.43323,1.7836,1.7583,1.7153,1.651,1.5867,1.5082,1.4225,1.3367,1.248,1.1408,0.43323,1.0336,0.90937,0.79408,0.67727,0.54865,0.42003,0.2914,0.18271,0.059304,-0.069319,0.43323,-0.19794,-0.32147,-0.43004,-0.55866,-0.64907,-0.75022,-0.84571,-0.93146,-1.0129,-1.0772,0.43323,-1.1416,-1.1876,-1.2304,-1.2733,-1.309,-1.3305,-1.3519,-1.3522,-1.3522,-1.3384,0.43323,-1.317,-1.2955,-1.2714,-1.2286,-1.1857,-1.1428,-1.0999,-1.0478,-0.98904,-0.94435,0.43323,-0.88003,-0.81572,-0.75141,-0.6871,-0.61436,-0.53333,-0.46902,-0.40471,-0.32166,-0.23591,0.43323,-0.15016,-0.064415,0.021333,0.10708,0.19283,0.27858,0.36433,0.46058,0.56097,0.64672,0.43323,0.73247,0.81822,0.90397,0.98972,1.0658,1.1361,1.2196,1.2839,1.3682,1.4214,0.45838,0.43323,1.4768,1.5322,1.5751,1.618,1.6609,1.6846,1.6905,1.7023,1.7076,1.6862,0.43323,1.6648,1.6433,1.6219,1.5858,1.5429,1.5001,1.4537,1.3894,1.325,1.2607,0.43323,1.1964,1.122,1.0426,0.97563,0.88988,0.7837,0.69324,0.59448,0.48729,0.38011,0.43323,0.27292,0.16574,0.038936,-0.073782,-0.19316,-0.32179,-0.45041,-0.57796,-0.68515,-0.81113,0.43323,-0.92467,-1.0319,-1.139,-1.2423,-1.328,-1.4138,-1.4995,-1.571,-1.6353,-1.6996,0.43323,-1.7608,-1.8037,-1.8257,-1.8643,-1.8802,-1.89,-1.9054,-1.9054,-1.9054,-1.8853,0.43323,-1.8639,-1.8298,-1.7869,-1.7441,-1.7012,-1.6583,-1.5962,-1.5474,-1.4927,-1.4284,0.43323,-1.3597,-1.2746,-1.2103,-1.146,-1.067,-0.98125,-0.90279,-0.8349,-0.74915,-0.6634,0.43323,-0.57765,-0.4919,-0.41634,-0.34555,-0.2598,-0.17405,-0.088304,-0.002556,0.070117,0.1438,0.41506,0.22954,0.31334,0.37766,0.44197,0.50628,0.57059,0.62635,0.66923,0.7121,0.75498,0.45838,0.39362,0.79785,0.82557,0.85845,0.89359,0.91503,0.93647,0.95791,0.97934,1.0008,1.0222,0.37219,1.0367,1.0399,1.0614,1.0828,1.1043,1.1257,1.1471,1.1686,1.1852,1.1638,0.35075,1.1424,1.1209,1.0995,1.078,1.0566,1.0336,0.99072,0.94785,0.92056,0.88724,0.32931,0.84437,0.8015,0.75862,0.71575,0.67287,0.64477,0.61227,0.5694,0.52652,0.48365,0.30787,0.44077,0.41556,0.38017,0.34754,0.31957,0.27952,0.25809,0.21609,0.19006,0.16863,0.26538,0.14719,0.12575,0.10432,0.082879,0.061442,0.040004,0.018567,-0.00287,-0.024307,-0.045744,0.23985,-0.067182,-0.088619,-0.11006,-0.13149,-0.15293,-0.17437,-0.19505,-0.17361,-0.17028,-0.15588,0.19113,-0.14513,-0.14513,-0.1484,-0.16984,-0.17028,-0.17028,-0.17028,-0.18015,-0.19543,-0.19788,0.13675,-0.21932,-0.22057,-0.23704,-0.24572,-0.25477,-0.27087,-0.2725,-0.29394,-0.29601,-0.29601,0.087656,-0.29601,-0.29601,-0.29149,-0.27087,-0.27087,-0.27087,-0.25603,-0.24572,0.45838,0.023345,-0.040967,-0.10528,-0.18612,-0.27187,-0.35762,-0.44337,-0.52912,-0.61487,-0.70062,0.45838,-0.78636,-0.87211,-0.95786,-1.0436,-1.1285,-1.1928,-1.2571,-1.3214,-1.3857,-1.45,0.45838,-1.5106,-1.5535,-1.5963,-1.6392,-1.668,-1.6998,-1.7293,-1.7323,-1.7537,-1.7338,0.45838,-1.7124,-1.6909,-1.6599,-1.6229,-1.5972,-1.5329,-1.4884,-1.4294,-1.3651,-1.2921,0.45838,-1.2113,-1.1457,-1.06,-0.97421,-0.88846,-0.80271,-0.71696,-0.63121,-0.54496,-0.43777,0.45838,-0.34882,-0.24855,-0.15218,-0.059323,0.044468,0.13022,0.23709,0.34427,0.45146,0.55865,0.0,0.0
-0.11842,-0.11842,-0.14071,0.17694,0.27324,0.35361,0.45308,0.53428,0.61386,0.69344,0.77302,0.8526,0.93219,-0.14071,1.0079,1.0676,1.1272,1.1869,1.2466,1.3063,1.366,1.4162,1.456,1.4958,-0.14071,1.5356,1.5754,1.5955,1.6154,1.6353,1.6552,1.6548,1.6349,1.615,1.5951,-0.14071,1.5746,1.5348,1.4951,1.4553,1.4022,1.3425,1.2828,1.2171,1.1375,1.0566,-0.14071,0.95715,0.85768,0.7582,0.65872,0.55925,0.45057,0.338,0.24293,0.16134,0.061863,-0.14071,-0.037613,-0.11998,-0.21427,-0.31375,-0.40331,-0.49041,-0.58476,-0.66707,-0.76622,-0.8458,-0.13447,-0.90755,-0.98267,-1.0492,-1.0983,-1.138,-1.1778,-1.2142,-1.2351,-1.2749,-1.2961,-0.11842,-1.316,-1.3359,-1.3558,-1.3757,-1.3956,-1.4072,-1.389,-1.389,-1.3698,-1.3499,-0.11697,-1.33,-1.3101,-1.2902,-1.263,-1.2232,-1.1834,-1.1436,-1.1038,-1.0464,-0.98674,-0.097076,-0.92705,-0.86736,-0.80768,-0.74799,-0.68831,-0.62862,-0.56894,-0.49091,-0.41133,-0.34529,-0.11842,-0.096129,-0.27446,-0.19488,-0.1153,-0.035718,0.043863,0.12344,0.20303,0.28261,0.37645,0.46406,-0.096129,0.55312,0.64551,0.72978,0.82697,0.90655,1.0059,1.088,1.1676,1.2472,1.3165,-0.081974,1.3762,1.4359,1.4926,1.533,1.5927,1.6161,1.6518,1.6782,1.6981,1.718,-0.073837,1.7257,1.7058,1.6859,1.666,1.6272,1.6039,1.57,1.5185,1.4681,1.4214,-0.073837,1.3573,1.2798,1.2201,1.1408,1.0441,0.94461,0.84514,0.73568,0.62389,0.51923,-0.073837,0.39986,0.28049,0.16112,0.023856,-0.099918,-0.20619,-0.31637,-0.42744,-0.53282,-0.64868,-0.073837,-0.74816,-0.84764,-0.94711,-1.0466,-1.1322,-1.2004,-1.2691,-1.3354,-1.3795,-1.4373,-0.073837,-1.4771,-1.4976,-1.5174,-1.5373,-1.5572,-1.5771,-1.5823,-1.5624,-1.5425,-1.5225,-0.073837,-1.4827,-1.4429,-1.4031,-1.3504,-1.2907,-1.2311,-1.1657,-1.0861,-1.0065,-0.92694,-0.073837,-0.84736,-0.76778,-0.6882,-0.59741,-0.50674,-0.42075,-0.32529,-0.24409,-0.14461,-0.064252,-0.11842,-0.091113,0.015329,0.10923,0.19678,0.27636,0.34881,0.41324,0.49282,0.5724,0.65198,0.73156,-0.11101,0.81114,0.89072,0.9703,1.0499,1.1295,1.206,1.2663,1.3459,1.4073,1.467,-0.1309,1.5133,1.5531,1.5929,1.6327,1.6687,1.6886,1.7085,1.7095,1.726,1.7318,-0.1508,1.7201,1.7002,1.6803,1.6604,1.6405,1.6206,1.5811,1.5413,1.4867,1.4394,-0.17069,1.3896,1.3299,1.265,1.1883,1.1281,1.0485,0.95102,0.85155,0.75207,0.65259,-0.19059,0.55312,0.4596,0.37645,0.27815,0.19857,0.11899,0.055677,-0.017885,-0.074506,-0.12338,-0.21049,-0.17638,-0.21617,-0.25407,-0.27396,-0.31325,-0.33604,-0.35594,-0.37583,-0.39573,-0.4008,-0.23038,-0.3809,-0.36101,-0.34134,-0.34134,-0.34134,-0.34134,-0.34134,-0.34134,-0.34134,-0.34134,-0.25028,-0.34134,-0.34134,-0.34134,-0.34134,-0.34134,-0.34134,-0.34134,-0.34134,-0.34134,-0.34134,-0.27017,-0.34134,-0.34134,-0.32217,-0.31905,-0.31905,-0.31905,-0.30946,-0.29675,-0.11842,-0.29007,-0.30996,-0.34067,-0.37204,-0.39796,-0.43775,-0.47754,-0.51733,-0.55712,-0.59691,-0.12873,-0.6367,-0.68803,-0.73857,-0.78511,-0.84045,-0.88219,-0.94187,-1.0016,-1.0442,-1.0986,-0.14071,-1.1461,-1.1859,-1.2331,-1.2877,-1.3248,-1.345,-1.3848,-1.4068,-1.4421,-1.4689,-0.14071,-1.4888,-1.5087,-1.517,-1.4971,-1.4772,-1.4573,-1.4374,-1.4014,-1.3753,-1.3441,-0.14071,-1.2954,-1.2423,-1.1983,-1.1404,-1.1006,-1.0416,-0.98189,-0.9222,-0.85048,-0.78054,-0.14071,-0.71361,-0.63403,-0.55445,-0.47481,-0.37533,-0.29341,-0.19867,-0.099194,0.000283,0.09179,0.0,0.0
0.52817,0.56587,0.57681,0.29709,0.38466,0.46128,0.55553,0.63519,0.71059,0.78964,0.88389,0.96112,1.0365,0.56404,1.1119,1.1873,1.2627,1.3381,1.405,1.4646,1.54,1.5826,1.6312,1.6823,0.54519,1.72,1.7577,1.782,1.8009,1.8173,1.8173,1.8015,1.7723,1.7346,1.6969,0.52817,1.6592,1.6087,1.5449,1.4695,1.3941,1.3035,1.2189,1.1393,1.045,0.93315,0.52817,0.82005,0.70694,0.59384,0.48074,0.36763,0.25453,0.14143,0.028322,-0.10181,-0.22221,0.51296,-0.32923,-0.42409,-0.5372,-0.63631,-0.73057,-0.82178,-0.89718,-0.97258,-1.037,-1.0936,0.49411,-1.1501,-1.1878,-1.2255,-1.2632,-1.2985,-1.3174,-1.3362,-1.3551,-1.3691,-1.3691,0.47952,-1.3691,-1.3691,-1.3618,-1.3411,-1.3034,-1.2657,-1.228,-1.1903,-1.1526,-1.0972,0.47952,-1.0407,-0.98414,-0.92637,-0.85097,-0.79016,-0.72448,-0.64908,-0.57368,-0.49828,-0.42288,0.46188,-0.34747,-0.27207,-0.19667,-0.12127,-0.037351,0.053861,0.12926,0.22108,0.30439,0.38527,0.59019,0.44303,0.47952,0.55492,0.63032,0.71363,0.80545,0.88085,0.94045,1.0073,1.0779,1.1344,0.43087,1.2092,1.2719,1.3284,1.385,1.4415,1.4829,1.5206,1.5583,1.596,1.6337,0.43087,1.6714,1.7024,1.7212,1.7401,1.7297,1.7109,1.692,1.6732,1.6543,1.6239,0.43087,1.5801,1.5236,1.467,1.4105,1.3454,1.27,1.1946,1.1192,1.0329,0.93862,0.41628,0.84437,0.75012,0.64249,0.52938,0.41628,0.30318,0.19007,0.076968,-0.036135,-0.14924,0.40655,-0.26234,-0.37545,-0.48855,-0.59983,-0.69408,-0.78833,-0.88259,-0.97258,-1.048,-1.141,0.4029,-1.211,-1.2742,-1.3484,-1.4049,-1.4615,-1.5089,-1.5466,-1.5843,-1.605,-1.6238,0.38405,-1.6427,-1.6615,-1.6804,-1.6713,-1.6524,-1.6336,-1.6147,-1.5959,-1.5661,-1.5284,0.38223,-1.4907,-1.453,-1.4019,-1.3453,-1.2888,-1.2322,-1.1757,-1.1088,-1.0334,-0.95799,0.37067,-0.88259,-0.80718,-0.73178,-0.65638,-0.58098,-0.49037,-0.39612,-0.30612,-0.23072,-0.13768,0.60114,0.35182,-0.03127,0.075144,0.1694,0.26365,0.3579,0.45216,0.54276,0.61816,0.71059,0.79329,0.33297,0.86261,0.91916,0.97571,1.0323,1.0888,1.1423,1.18,1.2177,1.2445,1.2688,0.31412,1.3065,1.3254,1.3442,1.3631,1.377,1.3582,1.3393,1.3205,1.3016,1.2828,0.29527,1.2639,1.2323,1.1873,1.1326,1.0949,1.042,0.97571,0.90457,0.84802,0.77383,0.26791,0.69843,0.61634,0.5233,0.4479,0.3725,0.29709,0.22169,0.14629,0.070887,0.007039,0.23325,-0.049513,-0.10606,-0.16262,-0.21917,-0.26721,-0.30491,-0.34261,-0.38031,-0.41801,-0.45024,0.2144,-0.46909,-0.48794,-0.50679,-0.52564,-0.54449,-0.56334,-0.56638,-0.57672,-0.59557,-0.61442,0.17913,-0.61503,-0.61503,-0.60773,-0.59071,-0.59071,-0.59071,-0.59071,-0.59071,-0.59071,-0.59071,0.15237,-0.59071,-0.59071,-0.59071,-0.59071,-0.59071,-0.59983,-0.61503,-0.61503,-0.61503,-0.62658,0.12805,-0.63935,-0.63935,-0.63935,-0.65334,-0.66368,-0.66368,-0.66368,-0.66368,0.60114,0.090346,0.033794,-0.009379,-0.054986,-0.11397,-0.18937,-0.24896,-0.31585,-0.39126,-0.46666,0.60114,-0.54206,-0.61746,-0.69286,-0.76827,-0.84367,-0.90387,-0.97015,-1.0413,-1.0978,-1.1544,0.60114,-1.211,-1.2608,-1.2985,-1.3362,-1.3739,-1.4025,-1.4213,-1.4402,-1.459,-1.4779,0.60114,-1.4907,-1.4901,-1.4712,-1.4524,-1.4335,-1.4147,-1.3958,-1.3605,-1.3119,-1.2608,0.59627,-1.2231,-1.1666,-1.11,-1.0456,-0.97258,-0.91603,-0.84367,-0.76827,-0.69286,-0.61746,0.57742,-0.54206,-0.46666,-0.38396,-0.29153,-0.21613,-0.14073,-0.055594,0.034403,0.1098,0.20284,0.0,0.0
0.2221,0.15607,0.15607,0.36242,0.44348,0.54929,0.65511,0.76093,0.86675,0.97256,1.0784,1.1819,1.257,0.15607,1.3537,1.4356,1.4926,1.5785,1.6314,1.6938,1.7702,1.8231,1.8761,1.929,0.15607,1.972,2.0018,2.0547,2.071,2.071,2.071,2.071,2.0539,2.0222,1.8821,0.15607,1.6435,1.3566,1.2436,1.1378,1.032,0.92618,0.82036,0.68152,0.57092,0.43687,0.15607,0.33106,0.19379,0.086404,-0.097414,-0.59538,-0.68131,-0.79794,-0.85316,-0.93908,-1.0175,0.15607,-1.0779,-1.1308,-1.1507,-1.1976,-1.2235,-1.2434,-1.2963,-1.2967,-1.3297,-1.3297,0.15607,-1.3297,-1.3297,-1.3297,-1.2967,-1.2699,-1.2636,-1.2306,-1.2102,-1.1903,-1.1374,0.15607,-1.0845,-1.0637,-0.9787,-0.92579,-0.87289,-0.80553,-0.73405,-0.68114,-0.59522,-0.51433,0.15607,-0.44153,-0.36873,-0.28453,-0.19011,-0.08429,0.021527,0.12734,0.23316,0.33006,0.41178,0.18909,0.50192,0.5904,0.69622,0.76902,0.87483,0.96456,1.0535,1.1364,1.2223,1.2752,0.12305,0.18909,1.3612,1.4175,1.5,1.5529,1.6359,1.6917,1.7447,1.7976,1.8505,1.9034,0.18909,1.939,1.972,1.9961,2.005,1.9432,1.8882,1.7692,1.6918,1.6304,1.5462,0.18909,1.4734,1.4057,1.278,1.189,1.0832,0.99592,0.90455,0.77339,0.6599,0.55408,0.18909,0.34921,0.2434,0.13758,0.031762,-0.074055,-0.17987,-0.31871,-0.42452,-0.62774,-0.90037,0.18909,-0.92026,-0.97317,-1.0261,-1.046,-1.0989,-1.1316,-1.1646,-1.1916,-1.2306,-1.2306,0.19115,-1.2513,-1.2636,-1.2636,-1.2967,-1.2967,-1.2967,-1.2887,-1.2636,-1.2489,-1.229,0.2221,-1.1976,-1.1562,-1.1316,-1.0834,-1.0305,-0.95576,-0.89171,-0.8388,-0.78589,-0.73298,0.2221,-0.68007,-0.62716,-0.57425,-0.52134,-0.46844,-0.41553,-0.36262,-0.30971,-0.2568,-0.20067,0.2221,-0.11797,-0.065058,-0.012149,0.040759,0.12668,0.17959,0.2325,0.3157,0.37134,0.42424,0.2221,0.47715,0.56308,0.61599,0.6689,0.72626,0.80773,0.89365,1.0088,1.0655,1.1844,0.12305,0.2221,1.2621,1.3233,1.4077,1.4805,1.5533,1.634,1.6869,1.7398,1.7927,1.8456,0.24447,1.8729,1.848,1.7745,1.6886,1.6357,1.5568,1.4969,1.444,1.358,1.2391,0.25512,1.1598,1.0737,0.98098,0.84231,0.7365,0.60385,0.52486,0.45148,0.3337,0.21476,0.25512,0.10737,-0.16881,-0.53827,-0.59117,-0.64408,-0.69699,-0.7499,-0.80281,-0.85572,-0.90863,0.25512,-0.96153,-1.0144,-1.0655,-1.0872,-1.1071,-1.16,-1.1976,-1.2306,-1.2527,-1.2636,0.21921,-1.2636,-1.2636,-1.2306,-1.2081,-1.1646,-1.1353,-1.0824,-1.0295,-0.97656,-0.92365,0.1663,-0.87074,-0.83442,-0.79794,-0.74503,-0.69212,-0.63921,-0.61932,-0.56641,-0.5135,-0.47124,0.1134,-0.4407,-0.40521,-0.37219,-0.34801,-0.33918,-0.30822,-0.32399,-0.33918,-0.33918,-0.33918,0.060486,-0.33918,-0.33918,-0.33918,-0.33918,-0.37219,-0.37219,-0.37219,-0.37219,-0.37219,-0.37219,0.007578,-0.37219,-0.37219,-0.33918,-0.33918,-0.30616,-0.30616,-0.27314,-0.24648,0.12305,-0.045331,-0.09824,-0.15115,-0.20406,-0.22395,-0.27686,-0.32977,-0.38268,-0.43558,-0.48849,0.12305,-0.5414,-0.59431,-0.64722,-0.70013,-0.75304,-0.80595,-0.85885,-0.91176,-0.93347,-0.98456,0.12305,-1.0045,-1.0325,-1.0655,-1.0971,-1.117,-1.1369,-1.1646,-1.1646,-1.1646,-1.1976,0.12305,-1.1976,-1.1976,-1.1646,-1.1646,-1.1453,-1.1316,-1.1055,-1.0856,-1.0655,-1.0128,0.12305,-0.9929,-0.93999,-0.88708,-0.83417,-0.78127,-0.72836,-0.67545,-0.62254,-0.56963,-0.51672,0.12305,-0.46381,-0.38358,-0.32498,-0.271,-0.18615,-0.10022,-0.019578,0.086239,0.15904,0.26486,2.0,2.0
-0.87082,-0.80964,-0.83003,-1.2124,-1.1795,-1.1438,-1.1034,-1.0752,-1.0273,-0.97911,-0.93087,-0.88264,-0.85262,-0.83003,-0.80658,-0.7636,-0.73051,-0.69497,-0.67086,-0.62661,-0.59877,-0.55773,-0.5227,-0.4891,-0.83003,-0.46499,-0.44087,-0.41135,-0.37225,-0.34813,-0.32402,-0.2999,-0.27579,-0.25167,-0.22756,-0.83003,-0.21823,-0.19972,-0.17744,-0.17188,-0.14777,-0.13665,-0.11993,-0.11621,-0.092094,-0.075473,-0.83003,-0.064257,-0.040142,-0.016027,-0.012305,0.011811,0.026494,0.039648,0.063763,0.087878,0.11199,-0.83003,0.12846,0.13983,0.16395,0.18806,0.21218,0.24215,0.2808,0.31822,0.34942,0.39429,-0.83003,0.43844,0.47036,0.51859,0.56682,0.61505,0.66328,0.71151,0.75974,0.80797,0.8562,-0.85251,0.90443,0.95266,1.0009,1.0491,1.0974,1.1456,1.1938,1.242,1.2804,1.3181,-0.87082,1.3663,1.3942,1.438,1.4702,1.5066,1.5308,1.5549,1.5816,1.6235,1.6476,-0.87082,1.6717,1.6958,1.7191,1.7282,1.7682,1.7923,1.8164,1.8405,1.8443,1.8619,-0.80964,-0.88407,1.8721,1.8823,1.8823,1.9027,1.9074,1.9231,1.9231,1.9231,1.9231,1.8998,-0.89121,1.8823,1.8719,1.8619,1.8441,1.82,1.7959,1.7718,1.7476,1.7235,1.6994,-0.9116,1.6753,1.6512,1.6166,1.5826,1.5584,1.5139,1.4848,1.4366,1.4008,1.3605,-0.9116,1.3123,1.2845,1.2362,1.1987,1.1602,1.1119,1.0841,1.0359,0.98764,0.952,-0.9116,0.91157,0.86334,0.81847,0.78727,0.73904,0.70534,0.66297,0.61474,0.57181,0.53867,-0.9116,0.49044,0.45868,0.41438,0.38654,0.34555,0.31047,0.27692,0.25281,0.22869,0.20458,-0.9116,0.18046,0.15635,0.14885,0.12851,0.12479,0.10067,0.07656,0.082117,0.087674,0.10807,-0.9116,0.10807,0.1174,0.12846,0.12846,0.12846,0.12846,0.12846,0.12846,0.14345,0.14885,-0.932,0.14885,0.14885,0.14885,0.14885,0.14885,0.14885,0.14885,0.14885,0.16027,0.16925,-0.932,0.16925,0.16925,0.16925,0.16925,0.16925,0.16925,0.16925,0.16925,0.16925,0.16925,-0.80964,-0.932,0.16925,0.16925,0.16925,0.16925,0.16925,0.16925,0.15202,0.14885,0.14885,0.14885,-0.94541,0.14885,0.14885,0.14885,0.14636,0.12846,0.12846,0.12846,0.12846,0.12846,0.12846,-0.95239,0.12846,0.12846,0.12846,0.12846,0.12846,0.12846,0.12846,0.12846,0.146,0.14885,-0.95239,0.14885,0.14885,0.14885,0.14885,0.14885,0.15166,0.16925,0.16925,0.16925,0.16925,-0.95239,0.16925,0.16925,0.17771,0.18964,0.18964,0.18964,0.18964,0.18964,0.18964,0.20376,-0.95239,0.19219,0.18964,0.18964,0.18964,0.18964,0.2057,0.21003,0.21003,0.21003,0.21003,-0.95239,0.21003,0.21003,0.21003,0.21003,0.21003,0.21003,0.21003,0.21003,0.21003,0.21003,-0.93704,0.21003,0.21003,0.21003,0.21003,0.21003,0.21896,0.23043,0.23043,0.23043,0.23043,-0.932,0.23043,0.23043,0.23043,0.24873,0.25082,0.25082,0.25082,0.25082,0.25082,0.25082,-0.9296,0.25082,0.25082,0.25082,0.25082,0.25082,0.25082,0.25633,0.27121,-0.80964,-0.9116,-0.9116,-0.9116,-0.9116,-0.89121,-0.89121,-0.89121,-0.89121,-0.89121,-0.91043,-0.80964,-0.98553,-1.081,-1.1051,-1.1841,-1.2349,-1.2621,-1.3603,-1.3685,-1.4284,-1.4779,-0.80964,-1.4826,-1.5954,-1.6726,-1.6967,-1.7763,-1.8265,-1.8506,-1.8933,-1.9804,-2.0045,-0.80964,-2.0287,-2.0332,-2.0679,-2.1556,-2.2174,-2.2499,-2.2194,-2.1953,-2.1712,-2.1386,-0.80964,-2.1026,-2.0625,-2.034,-1.9864,-1.9449,-1.9104,-1.8621,-1.8139,-1.7669,-1.7378,-0.82274,-1.6896,-1.6414,-1.5932,-1.5449,-1.4967,-1.4485,-1.4002,-1.352,-1.3038,-1.2555,4.0,4.0
-2.0987,-2.0348,-1.9046,-0.75827,-0.73886,-0.71945,-0.70822,-0.69175,-0.67234,-0.66372,-0.64464,-0.62523,-0.61922,-1.8852,-0.61922,-0.61922,-0.61922,-0.61922,-0.61922,-0.61922,-0.61922,-0.61922,-0.61922,-0.61922,-1.8658,-0.61922,-0.61922,-0.61922,-0.6081,-0.6081,-0.6081,-0.6081,-0.61494,-0.61922,-0.63035,-1.8463,-0.6398,-0.64147,-0.63035,-0.63035,-0.62112,-0.61283,-0.59698,-0.58513,-0.56572,-0.55248,-1.8269,-0.54136,-0.54086,-0.52145,-0.51316,-0.49686,-0.48546,-0.46605,-0.45776,-0.44124,-0.43006,-1.8186,-0.41065,-0.38574,-0.36071,-0.3413,-0.32189,-0.30776,-0.29419,-0.28551,-0.26649,-0.24708,-1.7992,-0.22767,-0.19774,-0.17772,-0.15831,-0.1389,-0.12978,-0.10375,-0.080666,-0.061255,-0.041844,-1.7798,-0.022433,0.001372,0.025956,0.0358,0.055212,0.063499,0.070451,0.070451,0.070451,0.070451,-1.7604,0.070451,0.070451,0.070451,0.070451,0.070451,0.070451,0.070451,0.070451,0.070451,0.070451,-1.741,0.064333,0.059327,0.059327,0.06806,0.070451,0.070451,0.070451,0.078961,0.081575,0.081575,-2.0265,-1.7216,0.081575,0.081575,0.081575,0.081575,0.092476,0.092699,0.10382,0.10621,0.11495,0.12279,-1.7094,0.12607,0.12607,0.12607,0.12607,0.12607,0.12607,0.12607,0.13719,0.14832,0.15944,-1.6939,0.16945,0.18169,0.19281,0.20394,0.21373,0.21506,0.22618,0.23731,0.24687,0.25516,-1.6745,0.27068,0.2818,0.29115,0.30405,0.30772,0.3263,0.33542,0.34855,0.35967,0.37079,-1.6551,0.37969,0.38192,0.39304,0.39343,0.40417,0.41529,0.42641,0.4377,0.44866,0.45428,-1.6357,0.45978,0.45978,0.46802,0.4763,0.48459,0.49316,0.51229,0.5317,0.53999,0.54877,-1.6163,0.56769,0.5871,0.60651,0.62592,0.64533,0.66001,0.66001,0.66001,0.66001,0.66001,-1.5968,0.66001,0.66001,0.64889,0.64889,0.64744,0.63777,0.63777,0.63777,0.63777,0.63777,-1.587,0.63777,0.63777,0.63777,0.62848,0.62019,0.6119,0.60439,0.59533,0.59327,0.59327,-1.5691,0.59327,0.59327,0.59327,0.59327,0.59327,0.59327,0.59327,0.60439,0.61552,0.62392,-2.0182,-1.5497,0.6322,0.64049,0.64889,0.65707,0.66535,0.68226,0.69305,0.70134,0.70963,0.72676,-1.5303,0.72676,0.73788,0.7539,0.76013,0.76013,0.77125,0.77592,0.78237,0.7925,0.81191,-1.5109,0.8202,0.82848,0.83799,0.84912,0.86024,0.87137,0.88104,0.88933,0.89762,0.9059,-1.498,0.91586,0.92248,0.92698,0.92698,0.92698,0.92698,0.92698,0.92698,0.93599,0.93811,-1.4832,0.94145,0.94923,0.94923,0.95518,0.96036,0.96036,0.96036,0.94923,0.94923,0.94923,-1.4638,0.94923,0.96586,0.98527,1.0047,1.0241,1.0382,1.0518,1.0819,1.1017,1.1323,-1.4444,1.165,1.2039,1.2316,1.2607,1.287,1.3258,1.3646,1.4145,1.4534,1.4922,-1.425,1.5382,1.581,1.5991,1.6475,1.6863,1.7293,1.7751,1.8139,1.8527,1.8915,-1.4056,1.9281,1.9469,1.9746,1.9986,2.0291,2.0485,2.068,2.0874,2.0957,2.1151,-1.3973,2.1345,2.1428,2.1617,2.1705,2.1899,2.2093,2.2287,2.2396,-1.9988,-1.369,-1.3473,-1.3279,-1.3085,-1.2891,-1.2697,-1.2533,-1.242,-1.2226,-1.2032,-1.9875,-1.1838,-1.1643,-1.1449,-1.1309,-1.1172,-1.0978,-1.0784,-1.0642,-1.0507,-1.0313,-1.9711,-1.0197,-1.0147,-1.0064,-0.99743,-0.99743,-0.98631,-0.9733,-0.96406,-0.95294,-0.95294,-1.9517,-0.94182,-0.93186,-0.92357,-0.91957,-0.90844,-0.90844,-0.90155,-0.89732,-0.89732,-0.88781,-1.9323,-0.8862,-0.8862,-0.8862,-0.8862,-0.87507,-0.87146,-0.86395,-0.86395,-0.85282,-0.85282,-1.9207,-0.85227,-0.8417,-0.83569,-0.83058,-0.83024,-0.81945,-0.80833,-0.79721,-0.78597,-0.77496,3.0,5.0
-0.15651,-0.16415,-0.20234,-1.4551,-1.478,-1.5009,-1.5162,-1.5315,-1.5467,-1.562,-1.5849,-1.6078,-1.6155,-0.20998,-1.6231,-1.646,-1.6689,-1.6766,-1.6842,-1.6995,-1.7148,-1.7224,-1.7301,-1.7377,-0.21762,-1.7453,-1.753,-1.7606,-1.7606,-1.7606,-1.7682,-1.7759,-1.7606,-1.7453,-1.7377,-0.22526,-1.7301,-1.7071,-1.6842,-1.6766,-1.6689,-1.646,-1.6231,-1.6078,-1.5926,-1.562,-0.2329,-1.5315,-1.5162,-1.5009,-1.4551,-1.4092,-1.3863,-1.3634,-1.3405,-1.3176,-1.2641,-0.2329,-1.2106,-1.1877,-1.1648,-1.1342,-1.1037,-1.0502,-0.99675,-0.9662,-0.93565,-0.91273,-0.2329,-0.88981,-0.83634,-0.78287,-0.75996,-0.73704,-0.71413,-0.69121,-0.64538,-0.59955,-0.58427,-0.24054,-0.569,-0.53844,-0.50789,-0.49261,-0.47733,-0.46206,-0.44678,-0.4315,-0.41622,-0.40859,-0.24818,-0.40095,-0.39331,-0.38567,-0.37803,-0.37039,-0.36275,-0.35512,-0.34748,-0.33984,-0.3322,-0.24818,-0.32456,-0.31692,-0.30928,-0.30165,-0.29401,-0.28637,-0.27873,-0.27109,-0.26345,-0.24818,-0.17179,-0.24818,-0.2329,-0.22526,-0.21762,-0.19471,-0.17179,-0.16415,-0.15651,-0.12596,-0.095405,-0.080128,-0.24818,-0.064851,-0.041935,-0.01902,0.011535,0.042089,0.065004,0.08792,0.1032,0.11847,0.16431,-0.24818,0.21014,0.22541,0.24069,0.28652,0.33235,0.35527,0.37818,0.42402,0.46985,0.49276,-0.25581,0.51568,0.54623,0.57679,0.62262,0.66845,0.699,0.72956,0.75247,0.77539,0.82886,-0.26345,0.88233,0.91288,0.94344,0.98927,1.0351,1.0657,1.0962,1.1191,1.142,1.1879,-0.26345,1.2337,1.2719,1.3101,1.333,1.3559,1.3712,1.3865,1.4247,1.4629,1.4781,-0.26345,1.4934,1.524,1.5545,1.5698,1.5851,1.6004,1.6156,1.6309,1.6462,1.6538,-0.26345,1.6615,1.6767,1.692,1.6997,1.7073,1.7073,1.7073,1.7149,1.7226,1.7149,-0.26345,1.7073,1.6997,1.692,1.6844,1.6767,1.6691,1.6615,1.6538,1.6462,1.6385,-0.26345,1.6309,1.6233,1.6156,1.608,1.6004,1.5927,1.5851,1.5698,1.5545,1.5469,-0.17943,-0.26345,1.5392,1.5163,1.4934,1.4705,1.4476,1.4399,1.4323,1.4018,1.3712,1.3406,-0.27109,1.3101,1.2948,1.2795,1.2337,1.1879,1.142,1.0962,1.0733,1.0504,0.99691,-0.27873,0.94344,0.89761,0.85178,0.82122,0.79067,0.74484,0.699,0.65317,0.60734,0.56915,-0.27873,0.53096,0.51568,0.5004,0.47749,0.45457,0.44693,0.43929,0.42402,0.40874,0.40874,-0.27873,0.40874,0.40874,0.40874,0.40874,0.40874,0.40874,0.40874,0.41638,0.42402,0.43165,-0.27873,0.43929,0.43929,0.43929,0.44693,0.45457,0.46221,0.46985,0.47749,0.48512,0.49276,-0.27873,0.5004,0.5004,0.5004,0.50804,0.51568,0.51568,0.51568,0.51568,0.51568,0.51568,-0.27873,0.51568,0.51568,0.51568,0.51568,0.51568,0.51568,0.51568,0.51568,0.51568,0.51568,-0.27873,0.51568,0.51568,0.51568,0.51568,0.51568,0.51568,0.51568,0.51568,0.51568,0.51568,-0.27873,0.51568,0.51568,0.51568,0.51568,0.51568,0.50804,0.5004,0.5004,-0.18707,-0.27873,-0.27873,-0.27873,-0.27873,-0.27873,-0.27873,-0.27873,-0.27873,-0.27873,-0.32456,-0.18707,-0.37039,-0.37803,-0.38567,-0.40859,-0.4315,-0.43914,-0.44678,-0.46206,-0.47733,-0.50025,-0.18707,-0.52316,-0.53844,-0.55372,-0.58427,-0.61483,-0.6301,-0.64538,-0.65302,-0.66066,-0.69121,-0.19471,-0.72177,-0.75232,-0.78287,-0.80579,-0.82871,-0.84398,-0.85926,-0.89745,-0.93565,-0.95092,-0.20234,-0.9662,-1.0044,-1.0426,-1.0655,-1.0884,-1.1037,-1.119,-1.1495,-1.1801,-1.203,-0.20234,-1.2259,-1.2565,-1.287,-1.3023,-1.3176,-1.3405,-1.3634,-1.394,-1.4245,-1.4398,4.0,4.0
-2.1599,-2.0315,-1.8044,-0.38789,-0.37728,-0.37622,-0.36667,-0.36667,-0.37198,-0.39744,-0.42344,-0.43458,-0.44572,-1.771,-0.44625,-0.44678,-0.46429,-0.48657,-0.50885,-0.52318,-0.54281,-0.56509,-0.60647,-0.6208,-1.7439,-0.65316,-0.66483,-0.68605,-0.6956,-0.69984,-0.71682,-0.72,-0.73115,-0.73804,-0.74282,-1.7147,-0.74865,-0.75449,-0.75926,-0.75926,-0.75926,-0.75926,-0.75926,-0.75024,-0.74865,-0.73857,-1.6887,-0.72743,-0.66324,-0.6521,-0.63936,-0.61708,-0.59745,-0.58313,-0.56085,-0.53856,-0.51628,-1.6665,-0.494,-0.47172,-0.44944,-0.42026,-0.39426,-0.36402,-0.33909,-0.30778,-0.28391,-0.25155,-1.6442,-0.22874,-0.19584,-0.17356,-0.14969,-0.11839,-0.096104,-0.073822,-0.055254,-0.039868,-0.017586,-1.6219,0.004696,0.021142,0.03865,0.060932,0.075787,0.094886,0.10868,0.12884,0.14157,0.16279,-1.5996,0.17446,0.18561,0.19675,0.20789,0.21903,0.23017,0.24131,0.24874,0.25298,0.25935,-1.5874,0.26465,0.26996,0.26359,0.25935,0.25935,0.25139,0.24874,0.23972,0.22858,0.21744,-2.0092,-1.5763,0.2063,0.19516,0.18401,0.17128,0.15112,0.12937,0.086397,0.075256,0.055627,0.031753,-1.5651,0.015307,-0.00114,-0.005914,-0.012811,-0.03138,-0.037746,-0.046235,-0.057376,-0.058967,-0.069047,-1.554,-0.069578,-0.080188,-0.080188,-0.080188,-0.078066,-0.069578,-0.069578,-0.065864,-0.058967,-0.054192,-1.5429,-0.048357,-0.019178,0.011062,0.022204,0.033345,0.044486,0.055627,0.066768,0.087458,0.099661,-1.5338,0.12141,0.13308,0.15537,0.17765,0.19993,0.22221,0.24449,0.26678,0.28906,0.31134,-1.5338,0.33362,0.35591,0.38455,0.41108,0.43336,0.45564,0.47793,0.50021,0.52249,0.55485,-1.537,0.56706,0.58934,0.61162,0.6339,0.65618,0.67847,0.70075,0.72674,0.75592,0.77821,-1.5444,0.80049,0.82277,0.84505,0.86733,0.88962,0.91986,0.94479,0.96707,0.98936,1.0116,-1.5444,1.0339,1.0456,1.0668,1.078,1.0891,1.1002,1.1114,1.1188,1.123,1.1294,-1.5444,1.1294,1.1294,1.1294,1.1294,1.122,1.1108,1.1082,1.0992,1.088,1.0668,-1.9869,-1.5444,1.0551,1.0435,1.0201,0.98829,0.96813,0.95434,0.93524,0.92039,0.90235,0.88643,-1.5444,0.86946,0.85832,0.84717,0.83603,0.82489,0.81375,0.8111,0.80208,0.79094,0.7798,-1.5444,0.77927,0.77874,0.76866,0.76866,0.76866,0.76866,0.76866,0.76866,0.7729,0.77927,-1.5444,0.79518,0.81693,0.82807,0.83922,0.85036,0.87741,0.89386,0.905,0.92569,0.96813,-1.5444,0.99148,1.0138,1.036,1.0583,1.0806,1.1029,1.1252,1.1512,1.1803,1.2026,-1.5444,1.2249,1.2472,1.2695,1.2918,1.3066,1.3257,1.348,1.3613,1.3724,1.3835,-1.5529,1.3947,1.3952,1.4053,1.4069,1.4159,1.4186,1.4265,1.4265,1.4308,1.4371,-1.5551,1.4371,1.4371,1.4371,1.4371,1.4371,1.4371,1.4371,1.4371,1.4371,1.4371,-1.5551,1.4371,1.4377,1.4488,1.4599,1.4732,1.4928,1.5072,1.5294,1.5517,1.5788,-1.5651,1.6069,1.6292,1.6515,1.6737,1.696,1.7183,1.7321,1.7432,-1.9646,-1.5657,-1.5551,-1.5551,-1.5535,-1.5444,-1.5418,-1.5307,-1.5232,-1.519,-1.5078,-1.9423,-1.4967,-1.4797,-1.4638,-1.4527,-1.4415,-1.4224,-1.4086,-1.3885,-1.3757,-1.3545,-1.9201,-1.3322,-1.32,-1.2877,-1.2654,-1.2431,-1.2182,-1.1879,-1.1619,-1.1328,-1.1105,-1.8941,-1.0829,-1.0553,-1.0266,-1.0001,-0.97041,-0.94495,-0.92267,-0.89137,-0.86749,-0.83513,-1.8606,-0.81232,-0.79003,-0.76669,-0.73486,-0.71258,-0.6903,-0.66801,-0.64573,-0.62345,-0.60594,-1.832,-0.58949,-0.56721,-0.54493,-0.52955,-0.51098,-0.49665,-0.48551,-0.46535,-0.44307,-0.40063,5.0,5.0
-2.1916,-2.0891,-1.8595,-1.0681,-1.0578,-1.0476,-1.0373,-1.0271,-1.0168,-1.0066,-0.99536,-0.97486,-0.9635,-1.8287,-0.94617,-0.92567,-0.90516,-0.88377,-0.85302,-0.83135,-0.81085,-0.78539,-0.75753,-0.7362,-1.798,-0.70545,-0.68372,-0.65626,-0.62551,-0.59759,-0.57632,-0.54556,-0.51481,-0.49096,-0.46562,-1.7774,-0.43764,-0.41643,-0.38568,-0.36382,-0.34332,-0.32282,-0.30503,-0.29413,-0.27363,-0.26197,-1.7488,-0.24494,-0.22915,-0.2189,-0.20865,-0.1984,-0.19692,-0.19021,-0.18461,-0.18202,-0.17177,-1.724,-0.16152,-0.15998,-0.15998,-0.1554,-0.14767,-0.14767,-0.14767,-0.14767,-0.14767,-0.14767,-1.7035,-0.14767,-0.14727,-0.13702,-0.13536,-0.13536,-0.13536,-0.13536,-0.13536,-0.13536,-0.12683,-1.683,-0.12304,-0.12304,-0.1207,-0.11073,-0.11073,-0.11073,-0.10433,-0.098418,-0.098418,-0.098203,-1.6625,-0.087952,-0.086105,-0.079764,-0.073792,-0.071576,-0.061479,-0.061479,-0.053137,-0.049166,-0.044949,-1.632,-0.036853,-0.036761,-0.02651,-0.02454,-0.02454,-0.020385,-0.012227,-0.012197,-0.001946,8.6e-05,-2.0521,-1.6092,0.006242,0.016493,0.026743,0.036994,0.037024,0.045182,0.049337,0.05337,0.063621,0.073871,-1.5887,0.073963,0.082059,0.09231,0.10256,0.1109,0.1109,0.121,0.13125,0.1415,0.15175,-1.5682,0.162,0.17225,0.19254,0.20507,0.21532,0.22941,0.24813,0.25838,0.27861,0.29911,-1.5477,0.31376,0.3278,0.34657,0.35682,0.37699,0.38964,0.40568,0.42245,0.43436,0.45487,-1.5272,0.46552,0.47577,0.49174,0.50858,0.51883,0.52908,0.53933,0.54958,0.55983,0.57008,-1.5167,0.58033,0.59059,0.60084,0.60342,0.60902,0.61573,0.61721,0.62746,0.62805,0.63565,-1.4985,0.64036,0.64384,0.65409,0.66434,0.66499,0.66499,0.66499,0.66499,0.66634,0.67659,-1.4839,0.6773,0.6773,0.6773,0.68065,0.68961,0.68961,0.68961,0.69703,0.70193,0.70522,-1.4698,0.71424,0.71424,0.71424,0.7216,0.72655,0.72978,0.73886,0.73886,0.74822,0.75118,-1.4511,0.75641,0.76349,0.76349,0.76349,0.77279,0.7758,0.7758,0.7758,0.77685,0.7871,-2.0316,-1.4408,0.78812,0.78812,0.78812,0.78812,0.78812,0.78812,0.78812,0.78812,0.78812,0.78812,-1.4306,0.78812,0.78812,0.78812,0.78812,0.78812,0.78812,0.78898,0.79923,0.80043,0.80043,-1.4203,0.80535,0.81561,0.82586,0.83611,0.84636,0.85661,0.86199,0.8648,0.87505,0.8853,-1.4101,0.89555,0.9058,0.91605,0.9263,0.93723,0.95773,0.96936,0.98642,1.0022,1.0124,-1.3998,1.0227,1.0329,1.052,1.0657,1.076,1.0862,1.0965,1.1067,1.117,1.1272,-1.3896,1.1375,1.1452,1.1457,1.1559,1.1575,1.1575,1.1621,1.1723,1.1826,1.1928,-1.3793,1.2031,1.2133,1.2281,1.2461,1.2564,1.2666,1.2854,1.3059,1.3309,1.3593,-1.3691,1.3801,1.4108,1.4501,1.4846,1.5154,1.5484,1.5892,1.62,1.6591,1.6938,-1.3588,1.7245,1.7553,1.786,1.8168,1.8475,1.872,1.8967,1.9253,1.9458,1.9663,-1.3428,1.9868,2.001,2.0113,2.0215,2.0318,2.042,2.0358,2.0194,-2.0111,-1.326,-1.3141,-1.2936,-1.283,-1.265,-1.2444,-1.2239,-1.205,-1.1948,-1.1748,-1.9886,-1.1543,-1.1338,-1.1168,-1.1051,-1.0846,-1.0738,-1.0635,-1.0533,-1.043,-1.0328,-1.9579,-1.0225,-1.0219,-1.0143,-1.0041,-0.99727,-0.99727,-0.99727,-0.98769,-0.98495,-0.98495,-1.9373,-0.98834,-0.99727,-0.99727,-0.99727,-1.0047,-1.0096,-1.0129,-1.0232,-1.0334,-1.0437,-1.9087,-1.0465,-1.0518,-1.0588,-1.0588,-1.0588,-1.0682,-1.0711,-1.0711,-1.0711,-1.0711,-1.884,-1.0711,-1.0805,-1.0835,-1.0835,-1.0803,-1.0711,-1.0711,-1.0711,-1.0711,-1.0711,3.0,5.0
1.9599,1.8348,1.5176,-0.44434,-0.4594,-0.46971,-0.48719,-0.50782,-0.52844,-0.54915,-0.57918,-0.59981,-0.62043,1.4778,-0.64105,-0.66167,-0.68723,-0.71242,-0.7396,-0.77053,-0.80146,-0.83239,-0.86333,-0.89426,1.4177,-0.92519,-0.95612,-0.98706,-1.018,-1.0438,-1.0704,-1.1013,-1.1322,-1.1548,-1.1846,1.3868,-1.206,-1.2357,-1.2584,-1.2864,-1.307,-1.3276,-1.3483,-1.3628,-1.3731,-1.3911,1.3558,-1.4032,-1.4135,-1.4238,-1.4356,-1.4539,-1.4643,-1.4746,-1.4849,-1.4897,-1.496,1.3249,-1.5063,-1.5166,-1.5269,-1.5372,-1.538,-1.5467,-1.5492,-1.5562,-1.5603,-1.5657,1.294,-1.5714,-1.5752,-1.5679,-1.5576,-1.5473,-1.5465,-1.5361,-1.5258,-1.5155,-1.5052,1.263,-1.4949,-1.4846,-1.4743,-1.464,-1.4537,-1.4433,-1.433,-1.4132,-1.4029,-1.3906,1.2321,-1.3728,-1.3588,-1.3427,-1.3271,-1.3125,-1.2953,-1.2824,-1.2636,-1.2523,-1.2325,1.2012,-1.2207,-1.2001,-1.1825,-1.1684,-1.1478,-1.1271,-1.1065,-1.0859,-1.0653,-1.0446,1.8126,1.1702,-1.0335,-1.0137,-1.0034,-0.99067,-0.97328,-0.95893,-0.94315,-0.92719,-0.90657,-0.88594,1.1468,-0.8734,-0.8542,-0.84309,-0.82346,-0.81135,-0.79334,-0.78303,-0.76849,-0.7529,-0.74259,1.1179,-0.72563,-0.71247,-0.70215,-0.68277,-0.67203,-0.66053,-0.64191,-0.63159,-0.61767,-0.60147,1.096,-0.59116,-0.58085,-0.56369,-0.55072,-0.54041,-0.5301,-0.51979,-0.5081,-0.48967,-0.47935,1.0659,-0.46904,-0.46334,-0.45793,-0.44761,-0.4373,-0.42699,-0.41668,-0.40637,-0.39606,-0.38732,1.0453,-0.38494,-0.37463,-0.36831,-0.36351,-0.3532,-0.34289,-0.33258,-0.32227,-0.31196,-0.29214,1.0266,-0.28183,-0.27152,-0.26121,-0.24753,-0.23109,-0.22078,-0.20467,-0.19065,-0.18034,-0.16181,1.0135,-0.15022,-0.1399,-0.12959,-0.11928,-0.10622,-0.089158,-0.078847,-0.068536,-0.058225,-0.047914,0.99652,-0.037603,-0.018882,-0.007479,0.002832,0.013143,0.023454,0.033765,0.047829,0.06389,0.0742,0.98179,0.084511,0.094822,0.10513,0.11544,0.12575,0.14557,0.15588,0.16386,0.167,0.17731,1.784,0.96117,0.18762,0.19793,0.20824,0.21855,0.22088,0.22967,0.23989,0.24079,0.24939,0.25191,0.94055,0.25889,0.26303,0.2684,0.27415,0.2779,0.28526,0.2874,0.29638,0.30669,0.317,0.91993,0.32732,0.33763,0.35497,0.3859,0.40657,0.42282,0.44344,0.46406,0.47632,0.51415,0.89931,0.52593,0.54527,0.55767,0.57539,0.59312,0.61954,0.63484,0.65128,0.6719,0.71575,0.87868,0.74165,0.76227,0.78356,0.81302,0.83364,0.86044,0.89389,0.91451,0.94064,0.96526,0.85806,1.0073,1.0429,1.0739,1.1048,1.1262,1.1605,1.2046,1.2253,1.2459,1.2665,0.83744,1.2871,1.3208,1.3474,1.368,1.3886,1.4095,1.4394,1.46,1.4806,1.5012,0.81682,1.5261,1.552,1.5726,1.5865,1.6043,1.625,1.6547,1.6852,1.7058,1.7265,0.79838,1.7528,1.7867,1.8073,1.8227,1.8391,1.8597,1.8726,1.8829,1.8932,1.9035,0.78508,1.9139,1.9219,1.9219,1.9219,1.9219,1.9219,1.9157,1.9054,1.7634,0.76446,0.74844,0.7273,0.70259,0.68197,0.65351,0.63122,0.60115,0.58048,0.55986,1.7266,0.54161,0.52812,0.51149,0.49638,0.47575,0.46155,0.44401,0.42339,0.40277,0.38215,1.6793,0.36153,0.3409,0.32285,0.30916,0.29272,0.26745,0.24359,0.23328,0.22297,0.21266,1.6484,0.20235,0.19104,0.14866,0.1049,0.09734,0.093777,0.070352,0.044646,0.040322,0.013143,1.5981,-0.035703,-0.053616,-0.054709,-0.06578,-0.098043,-0.13287,-0.14318,-0.161,-0.19193,-0.22287,1.5507,-0.24144,-0.27271,-0.29058,-0.30089,-0.33942,-0.40632,-0.40784,-0.41815,-0.42533,-0.42927,1.0,1.0
-1.9089,-1.7965,-1.6903,-0.90169,-0.93076,-0.94942,-0.97849,-1.0076,-1.0366,-1.0553,-1.0844,-1.103,-1.1257,-1.6799,-1.1924,-1.2111,-1.2322,-1.2426,-1.2286,-1.2204,-1.2017,-1.1935,-1.1748,-1.1561,-1.6695,-1.1375,-1.1188,-1.0897,-1.0661,-1.0392,-1.0123,-0.98388,-0.9548,-0.93156,-0.89013,-1.659,-0.81554,-0.78837,-0.76781,-0.73874,-0.71805,-0.69101,-0.67234,-0.64327,-0.62461,-0.59554,-1.6581,-0.57688,-0.54781,-0.52358,-0.49667,-0.46976,-0.43244,-0.41287,-0.3838,-0.36513,-0.33606,-1.6486,-0.3174,-0.29874,-0.27529,-0.25101,-0.23235,-0.20497,-0.18462,-0.16596,-0.13689,-0.11823,-1.6382,-0.099566,-0.080906,-0.062245,-0.043585,-0.024924,-0.006263,0.006619,0.020647,0.039308,0.057969,-1.6278,0.069082,0.084879,0.10354,0.12113,0.13045,0.14195,0.15236,0.16561,0.17386,0.1836,-1.6174,0.19401,0.20442,0.20686,0.21483,0.21483,0.21483,0.21483,0.21483,0.20452,0.20442,-1.6064,0.18802,0.17977,0.1507,0.12212,0.10297,0.062705,0.024005,-0.005066,-0.033252,-0.060163,-1.784,-1.5966,-0.087074,-0.11398,-0.1409,-0.16908,-0.18774,-0.2064,-0.22772,-0.25364,-0.26238,-0.27063,-1.5795,-0.28487,-0.29528,-0.29528,-0.29528,-0.28909,-0.28487,-0.27259,-0.26405,-0.24568,-0.23282,-1.5712,-0.21512,-0.2001,-0.18144,-0.16278,-0.14412,-0.12546,-0.11721,-0.098551,-0.087074,-0.071641,-1.5526,-0.05298,0.017732,0.036393,0.065464,0.094535,0.12361,0.15299,0.18175,0.20041,0.22331,-1.5339,0.24814,0.2668,0.29363,0.31453,0.3436,0.36396,0.39133,0.42041,0.44469,0.4716,-1.5152,0.49721,0.52542,0.55233,0.57401,0.60308,0.63215,0.65997,0.67988,0.70896,0.72762,-1.507,0.7468,0.77535,0.79401,0.81712,0.84174,0.8604,0.88744,0.90813,0.92679,0.95586,-1.4883,0.97452,0.99318,1.0118,1.0201,1.0388,1.0477,1.0581,1.0685,1.0789,1.0789,-1.4697,1.0883,1.0893,1.0893,1.0893,1.0893,1.0803,1.0789,1.0685,1.0477,1.0258,-1.451,0.98702,0.96193,0.93502,0.90811,0.88114,0.85207,0.81696,0.79005,0.75445,0.72582,-1.7696,-1.4404,0.69891,0.672,0.63811,0.58695,0.5592,0.53312,0.51673,0.50322,0.4855,0.47631,-1.4241,0.46468,0.45427,0.45427,0.45481,0.46468,0.48172,0.48997,0.50863,0.52729,0.54595,-1.4054,0.56462,0.58736,0.60194,0.63077,0.64967,0.72038,0.74945,0.77852,0.80697,0.83388,-1.3868,0.85532,0.87729,0.9042,0.93213,0.9612,0.97986,1.0089,1.0276,1.0553,1.0753,-1.3681,1.094,1.1126,1.1313,1.15,1.1686,1.1916,1.2164,1.235,1.2537,1.2619,-1.3571,1.2767,1.2888,1.2975,1.3079,1.3183,1.3287,1.3391,1.3488,1.357,1.3653,-1.3412,1.3808,1.3912,1.4004,1.412,1.4273,1.4356,1.4537,1.4625,1.4745,1.4894,-1.3226,1.5057,1.5163,1.5265,1.5432,1.5515,1.5701,1.5888,1.6074,1.6261,1.6448,-1.3039,1.6634,1.6821,1.7084,1.7298,1.7589,1.7787,1.8066,1.8357,1.8648,1.8938,-1.2852,1.9125,1.9402,1.9602,1.9789,2.008,2.0266,2.0453,2.0639,-1.7614,-1.2666,-1.2479,-1.2292,-1.2106,-1.1919,-1.1733,-1.1546,-1.1359,-1.1173,-1.0986,-1.7427,-1.08,-1.0613,-1.0426,-1.024,-1.0053,-0.99707,-0.97841,-0.96154,-0.9515,-0.94072,-1.7319,-0.92459,-0.91634,-0.89908,-0.88943,-0.88118,-0.86785,-0.85427,-0.84602,-0.83662,-0.82621,-1.7215,-0.8158,-0.80539,-0.79498,-0.7861,-0.77785,-0.7696,-0.76375,-0.75334,-0.75334,-0.74293,-1.7076,-0.73876,-0.73051,-0.72211,-0.7117,-0.7117,-0.70129,-0.70129,-0.70129,-0.7117,-0.7117,-1.6993,-0.72549,-0.73374,-0.7524,-0.76065,-0.77931,-0.79797,-0.81663,-0.83529,-0.85395,-0.87738,5.0,2.0
0.74065,0.77446,0.7656,1.0276,1.1291,1.2056,1.307,1.3855,1.4781,1.5457,1.6133,1.7059,1.7735,0.74302,1.8399,1.8838,1.9325,1.9663,2.0001,2.0339,2.0678,2.1016,2.1132,2.1442,0.74065,2.1631,2.1869,2.2207,2.2214,2.1875,2.1537,2.1199,2.0861,2.0523,2.0185,0.7253,1.9847,1.9508,1.917,1.8832,1.8494,1.8156,1.7818,1.748,1.7141,1.6803,0.71569,1.6465,1.6127,1.5789,1.5451,1.5113,1.4774,1.4436,1.3849,1.351,1.2949,0.69074,1.2522,1.1846,1.117,1.0415,0.95676,0.86417,0.78706,0.68562,0.60913,0.5188,0.67377,0.4312,0.33363,0.25327,0.15183,0.075345,-0.026098,-0.12754,-0.20403,-0.30547,-0.40691,0.63995,-0.49962,-0.58484,-0.65983,-0.72746,-0.79509,-0.83776,-0.89341,-0.94806,-0.98599,-1.0334,0.60614,-1.0786,-1.1124,-1.1462,-1.1319,-1.123,-1.106,-1.0803,-1.0465,-1.0127,-1.0038,0.57232,-0.97002,-0.93621,-0.90239,-0.86858,-0.83477,-0.80095,-0.76714,-0.73332,-0.69951,-0.6657,0.79056,0.53851,-0.60693,-0.57311,-0.5393,-0.48053,-0.44672,-0.4129,-0.35413,-0.32032,-0.26554,-0.22773,0.5047,-0.19392,-0.13752,-0.10134,-0.052176,-0.008754,0.050015,0.1008,0.14347,0.2111,0.26014,0.47088,0.31891,0.36407,0.41149,0.47438,0.52903,0.58468,0.62735,0.69498,0.73915,0.79792,0.43295,0.84795,0.89063,0.94927,1.0009,1.0419,1.0757,1.1095,1.1399,1.1522,1.1649,0.3783,1.1848,1.151,1.1172,1.0834,1.0496,1.0158,0.98196,0.94815,0.91433,0.88052,0.34448,0.84671,0.81289,0.77908,0.74526,0.70721,0.65268,0.61887,0.57919,0.51156,0.46751,0.30493,0.40126,0.33363,0.26575,0.17342,0.10579,0.011335,-0.090108,-0.19155,-0.29299,-0.39443,0.2519,-0.49588,-0.59732,-0.69876,-0.8002,-0.90165,-1.0031,-1.1045,-1.181,-1.2652,-1.3329,0.19463,-1.4005,-1.4681,-1.5108,-1.5668,-1.6006,-1.6345,-1.6683,-1.7021,-1.7299,-1.7151,0.15196,-1.6812,-1.6474,-1.6136,-1.6048,-1.5709,-1.5371,-1.5033,-1.4695,-1.4357,-1.3983,0.79056,0.10055,-1.3431,-1.3093,-1.2755,-1.2417,-1.1849,-1.1422,-1.0903,-1.0319,-0.98924,-0.92161,0.04178,-0.87894,-0.81131,-0.74368,-0.67605,-0.62015,-0.56575,-0.49812,-0.43049,-0.36287,-0.32019,-0.001018,-0.25256,-0.18494,-0.11731,-0.04968,0.017948,0.085576,0.13499,0.19588,0.25253,0.30618,-0.068646,0.34885,0.40388,0.43769,0.49646,0.53028,0.56409,0.57295,0.59092,0.61562,0.58231,-0.11132,0.54849,0.51468,0.48086,0.44705,0.41324,0.37942,0.34561,0.31179,0.27798,0.24417,-0.17895,0.21035,0.17654,0.14272,0.083954,0.05014,-0.009253,-0.076881,-0.14451,-0.21438,-0.31583,-0.22711,-0.3973,-0.4688,-0.55752,-0.60356,-0.66233,-0.69614,-0.72996,-0.7317,-0.7317,-0.7317,-0.28925,-0.74044,-0.75666,-0.75815,-0.78161,-0.78161,-0.80657,-0.81855,-0.83152,-0.85648,-0.87008,-0.35688,-0.90389,-0.91275,-0.93134,-0.95542,-0.9563,-0.97314,-0.98125,-0.99086,-1.0062,-1.0062,-0.40342,-1.0062,-1.0062,-1.0062,-1.0062,-1.0062,-1.0062,-1.0062,-1.0062,0.79056,-0.46718,-0.53481,-0.60243,-0.67006,-0.73769,-0.80532,-0.84799,-0.91562,-0.95829,-1.0161,0.79056,-1.0499,-1.0837,-1.1175,-1.1513,-1.1851,-1.2189,-1.2528,-1.2807,-1.2954,-1.3293,0.79056,-1.3231,-1.2893,-1.2555,-1.2217,-1.1879,-1.1541,-1.1203,-1.0864,-1.0526,-1.0188,0.77845,-0.985,-0.92623,-0.89241,-0.8586,-0.82478,-0.77537,-0.7322,-0.69003,-0.6224,-0.57973,0.7656,-0.52208,-0.46942,-0.4018,-0.34577,-0.29149,-0.22387,-0.15624,-0.08861,-0.014993,0.071601,0.7656,0.13923,0.21447,0.29944,0.3924,0.48461,0.57033,0.66977,0.74826,0.8497,0.94752,0.0,2.0
1.8331,1.8668,1.7712,-0.29793,-0.31142,-0.33087,-0.3511,-0.37134,-0.39771,-0.42183,-0.44206,-0.46861,-0.49559,1.747,-0.52256,-0.55603,-0.58654,-0.61352,-0.6405,-0.67086,-0.70458,-0.7383,-0.77202,-0.80546,1.72,-0.83244,-0.86315,-0.89687,-0.93059,-0.96431,-0.99741,-1.0244,-1.0514,-1.0791,-1.1129,1.693,-1.1423,-1.1693,-1.1963,-1.2232,-1.2491,-1.2693,-1.2941,-1.3198,-1.34,-1.3603,1.666,-1.379,-1.3925,-1.4109,-1.4295,-1.443,-1.4565,-1.4681,-1.4748,-1.4816,-1.4883,1.6382,-1.4951,-1.5018,-1.5063,-1.5063,-1.5063,-1.5063,-1.5063,-1.5005,-1.4938,-1.487,1.6044,-1.4803,-1.4735,-1.4668,-1.46,-1.4533,-1.4466,-1.4334,-1.42,-1.4065,-1.3995,1.5664,-1.3895,-1.376,-1.3625,-1.3525,-1.3456,-1.3321,-1.3186,-1.3051,-1.2916,-1.2819,1.5259,-1.2747,-1.2612,-1.2517,-1.2443,-1.2308,-1.2173,-1.2046,-1.1979,-1.1868,-1.1744,1.4855,-1.1676,-1.1564,-1.1429,-1.1294,-1.1159,-1.1025,-1.089,-1.0755,-1.062,-1.0485,1.8798,1.4495,-1.035,-1.0215,-1.008,-0.98936,-0.97103,-0.95754,-0.94406,-0.93057,-0.91708,-0.90359,1.4133,-0.8901,-0.87661,-0.86313,-0.84964,-0.83615,-0.82855,-0.8192,-0.80571,-0.79223,-0.78152,1.3661,-0.77478,-0.76179,-0.75126,-0.74452,-0.73135,-0.721,-0.71426,-0.70751,-0.70077,-0.69402,1.3236,-0.68728,-0.68054,-0.67379,-0.66705,-0.6603,-0.65356,-0.64681,-0.64007,-0.63333,-0.62658,1.2831,-0.61984,-0.61309,-0.60635,-0.59961,-0.59286,-0.58612,-0.57937,-0.57263,-0.56589,-0.55914,1.2427,-0.5524,-0.54565,-0.5342,-0.52214,-0.51539,-0.50376,-0.49027,-0.47678,-0.4633,-0.44981,1.2022,-0.43632,-0.41759,-0.39932,-0.38583,-0.36692,-0.34669,-0.32646,-0.30623,-0.286,-0.26576,1.1617,-0.24553,-0.2253,-0.20507,-0.18483,-0.16726,-0.15377,-0.13417,-0.11393,-0.093701,-0.079762,1.1213,-0.063265,-0.043033,-0.029269,-0.015781,-0.002293,0.017839,0.034712,0.048124,0.054869,0.065148,1.0808,0.078385,0.085129,0.091873,0.098617,0.10536,0.11211,0.11885,0.12559,0.13234,0.13908,1.873,1.0404,0.14583,0.15257,0.15931,0.16606,0.1728,0.17955,0.18629,0.19303,0.19978,0.20652,0.99989,0.21327,0.22001,0.22675,0.2335,0.24024,0.24699,0.25885,0.27233,0.28582,0.29402,0.96464,0.30277,0.31626,0.32975,0.34541,0.36565,0.38024,0.39373,0.40721,0.42652,0.44675,0.92899,0.46698,0.48722,0.50745,0.52768,0.54791,0.56814,0.58838,0.61495,0.64193,0.6689,0.88853,0.68936,0.71283,0.7398,0.77347,0.80379,0.83076,0.85774,0.88471,0.91199,0.94571,0.85345,0.97567,1.0031,1.0368,1.0666,1.0936,1.1206,1.1517,1.1846,1.2115,1.2428,0.81973,1.2765,1.3102,1.3395,1.3677,1.4014,1.4305,1.4574,1.4844,1.5114,1.5384,0.78601,1.5653,1.5873,1.6093,1.6362,1.6581,1.6764,1.6899,1.7087,1.7269,1.7404,0.75229,1.7539,1.7651,1.7719,1.7843,1.7954,1.8021,1.8089,1.8156,1.8224,1.8291,0.72085,1.8359,1.8426,1.8493,1.8561,1.8628,1.8696,1.8763,1.8831,1.8663,0.69387,0.64393,0.59981,0.57283,0.55177,0.53154,0.51131,0.47889,0.4564,0.44966,1.8559,0.43665,0.41421,0.38049,0.37254,0.35948,0.33925,0.3124,0.29542,0.28858,0.26835,1.8424,0.25162,0.23836,0.23162,0.21382,0.18805,0.1813,0.1707,0.15605,0.12908,0.11421,1.8289,0.10521,0.078235,0.059682,0.046194,0.032706,0.023605,0.013552,-0.013425,-0.031275,-0.048599,1.8116,-0.082319,-0.097086,-0.10383,-0.11057,-0.12715,-0.14412,-0.15086,-0.15761,-0.16435,-0.1711,1.7914,-0.17784,-0.18458,-0.19133,-0.20351,-0.21484,-0.22159,-0.23395,-0.24744,-0.26092,-0.2802,1.0,2.0
2.0742,1.4407,1.0556,-1.2301,-1.2437,-1.2573,-1.2709,-1.2846,-1.2982,-1.3118,-1.3254,-1.339,-1.3526,1.0317,-1.3662,-1.372,-1.3829,-1.3965,-1.4101,-1.414,-1.4268,-1.4404,-1.4455,-1.456,0.98635,-1.4602,-1.4665,-1.4769,-1.4845,-1.477,-1.4678,-1.4647,-1.4511,-1.4455,-1.4344,0.93765,-1.4245,-1.4177,-1.4041,-1.393,-1.3874,-1.3738,-1.3602,-1.3466,-1.333,-1.3194,0.90661,-1.3058,-1.2922,-1.2786,-1.265,-1.2513,-1.2377,-1.2241,-1.2105,-1.1969,-1.1833,0.86174,-1.1697,-1.1561,-1.1425,-1.1289,-1.1153,-1.1017,-1.0881,-1.0745,-1.0609,-1.0473,0.80585,-1.0316,-1.0095,-0.99593,-0.98233,-0.96872,-0.94802,-0.931,-0.9174,-0.90379,-0.89018,0.74958,-0.87658,-0.86297,-0.85714,-0.84627,-0.83266,-0.81905,-0.80545,-0.79184,-0.7836,-0.77514,0.69458,-0.76153,-0.74793,-0.73432,-0.72071,-0.70711,-0.6935,-0.67989,-0.66802,-0.66319,-0.64958,0.65555,-0.6365,-0.63288,-0.61927,-0.61549,-0.60498,-0.60498,-0.59637,-0.59327,-0.58397,-0.57656,1.3713,0.62534,-0.57346,-0.57036,-0.56296,-0.56296,-0.55245,-0.55245,-0.55245,-0.55177,-0.54194,-0.54194,0.61174,-0.54194,-0.53144,-0.53144,-0.52266,-0.51956,-0.51042,-0.50286,-0.49976,-0.48941,-0.48305,0.59813,-0.4789,-0.4684,-0.46325,-0.44964,-0.43688,-0.43294,-0.41933,-0.40572,-0.39212,-0.37851,0.58452,-0.36491,-0.3513,-0.33769,-0.32409,-0.30029,-0.29688,-0.28327,-0.26966,-0.25606,-0.24245,0.56756,-0.23725,-0.22575,-0.21214,-0.19853,-0.19522,-0.18183,-0.16822,-0.15462,-0.14101,-0.12262,0.51529,-0.10329,-0.089685,-0.076079,-0.062473,-0.048867,-0.035261,-0.021655,0.000514,0.005557,0.019163,0.50168,0.032769,0.046376,0.049475,0.063081,0.076687,0.090293,0.1039,0.10947,0.1206,0.13421,0.44752,0.14782,0.15149,0.16452,0.17251,0.18123,0.19352,0.19793,0.20403,0.21453,0.21774,0.42151,0.23134,0.23555,0.24605,0.25115,0.25656,0.26707,0.27095,0.28456,0.29817,0.30127,0.36515,0.31487,0.32848,0.34061,0.34518,0.35112,0.36163,0.36499,0.37213,0.38169,0.3953,1.3189,0.34219,0.40891,0.42251,0.43612,0.44972,0.46333,0.47694,0.49054,0.51009,0.51923,0.53136,0.31351,0.5497,0.56908,0.58269,0.59981,0.6204,0.63401,0.65812,0.67173,0.68534,0.71055,0.27295,0.73776,0.75767,0.77128,0.8059,0.8256,0.84362,0.87824,0.89673,0.93193,0.96108,0.23618,0.98204,1.0161,1.0433,1.0625,1.0977,1.1163,1.1429,1.175,1.1961,1.2128,0.22473,1.2505,1.2714,1.2851,1.3197,1.3333,1.355,1.371,1.3884,1.4087,1.4223,0.21453,1.4359,1.4495,1.4631,1.4873,1.5009,1.5068,1.5281,1.5417,1.5553,1.5689,0.19499,1.593,1.6066,1.6202,1.6338,1.6474,1.661,1.6746,1.6882,1.7077,1.726,0.15417,1.7396,1.7532,1.7668,1.7804,1.794,1.8076,1.8115,1.8243,1.8379,1.8515,0.13878,1.8651,1.8787,1.8923,1.9059,1.9195,1.9332,1.9468,1.9604,1.974,1.9876,0.12518,2.0012,2.0148,2.0284,2.042,2.0556,2.0637,2.0551,2.031,1.2223,0.11997,0.066443,0.036447,-0.002796,-0.006105,-0.070195,-0.10066,-0.13702,-0.14437,-0.1532,1.1656,-0.18472,-0.22722,-0.25868,-0.30696,-0.32057,-0.33417,-0.34778,-0.36139,-0.3855,-0.39911,1.152,-0.42007,-0.44728,-0.46398,-0.48505,-0.5079,-0.52461,-0.55182,-0.57099,-0.59511,-0.61244,1.1357,-0.63965,-0.65694,-0.68105,-0.70028,-0.72749,-0.7442,-0.77141,-0.79111,-0.81522,-0.83203,1.0828,-0.85294,-0.87595,-0.89265,-0.91477,-0.93657,-0.95328,-0.9766,-0.99719,-1.0143,-1.0384,1.0692,-1.052,-1.0745,-1.0912,-1.1139,-1.1275,-1.1413,-1.1652,-1.1788,-1.1924,-1.2082,1.0,1.0
2.1074,1.9591,1.648,-0.41877,-0.4395,-0.46292,-0.48633,-0.50266,-0.52242,-0.54583,-0.56925,-0.59266,-0.61607,1.6246,-0.63975,-0.67096,-0.69703,-0.72044,-0.74385,-0.76726,-0.79067,-0.81409,-0.8375,-0.86091,1.5934,-0.88754,-0.91846,-0.94187,-0.96528,-0.98869,-1.0121,-1.0426,-1.0697,-1.0944,-1.1256,1.5523,-1.1506,-1.174,-1.1974,-1.2208,-1.2443,-1.2677,-1.2911,-1.3145,-1.3337,-1.3506,1.5095,-1.374,-1.3912,-1.4068,-1.4224,-1.438,-1.4536,-1.4693,-1.4849,-1.4933,-1.5054,1.4783,-1.5196,-1.5274,-1.5352,-1.543,-1.5508,-1.5586,-1.5612,-1.5635,-1.5713,-1.5719,1.4539,-1.5762,-1.5826,-1.5826,-1.5764,-1.5686,-1.5608,-1.553,-1.5452,-1.5374,-1.5296,1.4147,-1.5218,-1.514,-1.5062,-1.4984,-1.4906,-1.4827,-1.4745,-1.4589,-1.4486,-1.4408,1.3642,-1.433,-1.4179,-1.4067,-1.3974,-1.3818,-1.3662,-1.3506,-1.335,-1.3194,-1.3038,1.3408,-1.2882,-1.2726,-1.257,-1.2414,-1.2258,-1.2101,-1.1945,-1.1755,-1.1526,-1.137,1.889,1.3115,-1.1214,-1.1058,-1.0902,-1.0672,-1.0482,-1.0326,-1.017,-0.99505,-0.97507,-0.95895,1.2713,-0.93554,-0.91752,-0.90191,-0.88631,-0.8707,-0.85066,-0.82876,-0.81315,-0.79116,-0.77121,1.2169,-0.7556,-0.73999,-0.71897,-0.69805,-0.68244,-0.65946,-0.6405,-0.62489,-0.60928,-0.58727,1.1856,-0.56734,-0.55173,-0.53613,-0.51507,-0.49418,-0.47858,-0.46297,-0.44288,-0.42103,-0.40542,1.1396,-0.38981,-0.3742,-0.3586,-0.34299,-0.32738,-0.31177,-0.29617,-0.28056,-0.26946,-0.26007,1.093,-0.24446,-0.23532,-0.22397,-0.20898,-0.20118,-0.19338,-0.183,-0.16739,-0.15924,-0.15143,1.0696,-0.14524,-0.14524,-0.13875,-0.13095,-0.12378,-0.12378,-0.11826,-0.11046,-0.10265,-0.10233,1.0393,-0.097772,-0.091604,-0.091604,-0.085088,-0.080877,-0.080207,-0.072403,-0.064599,-0.056796,-0.048992,1.0002,-0.041188,-0.033384,-0.023918,-0.00831,0.000754,0.012178,0.027786,0.043393,0.070157,0.096062,0.95649,0.11167,0.13481,0.15361,0.16922,0.18483,0.20043,0.21604,0.23165,0.24726,0.26287,1.8655,0.93308,0.27847,0.29408,0.30969,0.3253,0.3409,0.35651,0.37212,0.38773,0.40484,0.43605,0.90967,0.456,0.4689,0.47671,0.48451,0.49698,0.51084,0.51865,0.52645,0.53426,0.54206,0.88926,0.54986,0.56333,0.5762,0.584,0.59942,0.60564,0.60741,0.61522,0.62302,0.6271,0.87341,0.6279,0.6357,0.63782,0.64059,0.64839,0.65619,0.664,0.6718,0.6796,0.68741,0.83439,0.69521,0.70385,0.71945,0.72935,0.73994,0.75555,0.77883,0.79749,0.81492,0.83834,0.81026,0.85504,0.87443,0.90042,0.94724,0.97685,1.0031,1.0343,1.0578,1.0812,1.1102,0.79465,1.157,1.1836,1.207,1.2313,1.2626,1.288,1.3199,1.3668,1.3904,1.4138,0.77904,1.4372,1.4607,1.4976,1.5289,1.5514,1.567,1.5826,1.6011,1.6245,1.6557,0.74268,1.6821,1.7036,1.7192,1.7348,1.7504,1.7679,1.7991,1.8129,1.8236,1.8392,0.71964,1.847,1.8548,1.8645,1.8802,1.889,1.889,1.8812,1.8734,1.8421,0.70755,0.66853,0.65332,0.64552,0.63739,0.60618,0.58494,0.5652,0.53399,0.51666,1.8187,0.48899,0.45107,0.41985,0.4006,0.38193,0.35866,0.34305,0.31741,0.28829,0.26488,1.7953,0.23449,0.21138,0.19464,0.17123,0.15383,0.13205,0.101,0.077585,0.049132,0.022154,1.7679,0.006547,-0.009061,-0.020592,-0.033009,-0.072028,-0.086911,-0.10405,-0.1347,-0.1425,-0.15031,1.7133,-0.15811,-0.16591,-0.20182,-0.22033,-0.22151,-0.22931,-0.23711,-0.24492,-0.25272,-0.26053,1.6763,-0.27342,-0.28686,-0.29466,-0.30952,-0.32513,-0.34074,-0.35634,-0.37195,-0.38756,-0.40317,1.0,1.0
0.013821,-0.0077,0.013821,0.29002,0.38612,0.48521,0.57831,0.68039,0.7705,0.87558,0.96166,1.0477,1.1338,0.013821,1.2199,1.2879,1.3691,1.4401,1.4911,1.5462,1.5896,1.6202,1.6556,1.671,0.013821,1.671,1.6679,1.6464,1.6249,1.6034,1.5617,1.5187,1.4585,1.4096,1.3382,0.010253,1.2648,1.1891,1.103,1.0169,0.93082,0.84473,0.75497,0.64736,0.54045,0.45437,-0.009196,0.34757,0.23996,0.13236,0.024754,-0.082851,-0.17722,-0.27504,-0.3724,-0.45849,-0.55182,-0.009196,-0.65367,-0.73976,-0.82308,-0.88891,-0.97499,-1.0398,-1.1241,-1.1919,-1.2397,-1.298,-0.009196,-1.3488,-1.3918,-1.4241,-1.4456,-1.4671,-1.4886,-1.5053,-1.502,-1.4823,-1.4819,-0.009196,-1.4604,-1.4389,-1.4174,-1.3959,-1.3585,-1.3154,-1.2724,-1.2293,-1.1764,-1.1118,-0.009196,-1.0404,-0.95968,-0.89121,-0.80271,-0.69602,-0.60994,-0.50291,-0.39531,-0.30566,-0.20311,-0.009196,-0.09551,0.012094,0.10773,0.20429,0.31189,0.41201,0.50408,0.61169,0.7163,0.80388,-0.009196,-0.009196,0.91148,0.99757,1.0837,1.1883,1.2618,1.3419,1.4139,1.4785,1.5431,1.5981,-0.009196,1.6411,1.6842,1.7221,1.7437,1.7652,1.7867,1.8082,1.8091,1.79,1.7861,-0.009196,1.7539,1.7255,1.6908,1.6478,1.5946,1.5301,1.4726,1.4183,1.3364,1.2692,-0.009196,1.1842,1.1197,1.0339,0.94785,0.84358,0.75267,0.65139,0.54379,0.44838,0.35159,-0.009196,0.24399,0.1441,0.051799,-0.051087,-0.14039,-0.24627,-0.33259,-0.44019,-0.52754,-0.61362,-0.009196,-0.69971,-0.78579,-0.87187,-0.94518,-1.021,-1.1071,-1.1849,-1.2495,-1.314,-1.3786,-0.009196,-1.4409,-1.4839,-1.5269,-1.5491,-1.5707,-1.5922,-1.581,-1.5595,-1.538,-1.5165,-0.014836,-1.4949,-1.4734,-1.4445,-1.4015,-1.3585,-1.3154,-1.2724,-1.2293,-1.1649,-1.1003,-0.032213,-1.0358,-0.97119,-0.90663,-0.84207,-0.76507,-0.67899,-0.60234,-0.52984,-0.44376,-0.35767,-0.032213,-0.27159,-0.18551,-0.099423,-0.013339,0.072744,0.15883,0.2624,0.35401,0.4401,0.52618,-0.009196,-0.033364,0.61226,0.69835,0.78443,0.87051,0.95107,1.0156,1.0802,1.1448,1.2093,1.2739,-0.054885,1.3189,1.38,1.428,1.4559,1.4911,1.522,1.5435,1.5651,1.579,1.5851,-0.05523,1.5974,1.579,1.5774,1.5558,1.5343,1.5128,1.4726,1.4296,1.3866,1.3294,-0.07491,1.2775,1.2232,1.1587,1.086,1.0065,0.94198,0.87374,0.78984,0.72528,0.66071,-0.096431,0.57544,0.50857,0.44401,0.37945,0.31488,0.25032,0.1975,0.15445,0.11141,0.075621,-0.11795,0.0541,0.032579,0.011059,-0.009196,-0.009196,-0.030487,-0.032213,-0.032213,-0.032213,-0.032213,-0.13947,-0.032213,-0.032213,-0.043031,-0.05523,-0.05523,-0.05523,-0.05523,-0.05523,-0.057072,-0.078247,-0.16099,-0.078247,-0.078247,-0.078247,-0.078247,-0.078247,-0.078247,-0.078247,-0.078247,-0.088145,-0.10126,-0.18251,-0.10126,-0.10126,-0.10518,-0.12428,-0.12428,-0.12428,-0.12428,-0.12428,-0.12428,-0.12428,-0.20404,-0.12428,-0.12428,-0.13625,-0.1473,-0.15627,-0.18528,-0.22832,-0.27136,-0.009196,-0.23476,-0.27009,-0.29783,-0.34087,-0.38391,-0.42695,-0.47,-0.51304,-0.55608,-0.61788,-0.009196,-0.66518,-0.72399,-0.78855,-0.85311,-0.9064,-0.95922,-1.0238,-1.0816,-1.1299,-1.1907,0.004844,-1.236,-1.2998,-1.3428,-1.3858,-1.4289,-1.4719,-1.515,-1.5432,-1.578,-1.6092,0.013821,-1.6307,-1.6523,-1.6664,-1.6664,-1.662,-1.6405,-1.619,-1.5975,-1.576,-1.5345,0.013821,-1.4915,-1.4315,-1.367,-1.3024,-1.2378,-1.1623,-1.0763,-0.99018,-0.89765,-0.795,0.013821,-0.70546,-0.59981,-0.51327,-0.40566,-0.29806,-0.20944,-0.10587,0.001737,0.09484,0.19393,0.0,0.0
-2.3267,-2.0664,-1.7208,-1.0295,-1.0295,-1.0295,-1.0295,-1.0269,-1.0183,-1.0178,-1.0126,-1.0039,-0.99524,-1.7034,-0.98657,-0.97789,-0.96921,-0.96054,-0.8991,-0.85685,-0.8395,-0.82214,-0.80479,-0.78326,-1.686,-0.75839,-0.74104,-0.72369,-0.7025,-0.67647,-0.65044,-0.6309,-0.61007,-0.58403,-0.558,-1.6687,-0.53811,-0.51763,-0.49171,-0.47436,-0.45701,-0.43965,-0.4223,-0.40494,-0.38216,-0.35855,-1.656,-0.3412,-0.32384,-0.30649,-0.28706,-0.26103,-0.24274,-0.22538,-0.20803,-0.19068,-0.17332,-1.6473,-0.16035,-0.1503,-0.13295,-0.11559,-0.10227,-0.093593,-0.084916,-0.069549,-0.055876,-0.047199,-1.6386,-0.038522,-0.029845,-0.024498,-0.024177,-0.0155,-0.012812,-0.012812,-0.012812,-0.012812,-0.012812,-1.6299,-0.015441,-0.024118,-0.032796,-0.041473,-0.05015,-0.058827,-0.067504,-0.076181,-0.086786,-0.10414,-1.6212,-0.1139,-0.12257,-0.13125,-0.13993,-0.17759,-0.21674,-0.24654,-0.24654,-0.25343,-0.25822,-1.6151,-0.25822,-0.25822,-0.25822,-0.25469,-0.24601,-0.23733,-0.22866,-0.22316,-0.22299,-0.21431,-1.9534,-1.6238,-0.19979,-0.18527,-0.17659,-0.11691,-0.083631,-0.063793,-0.037762,-0.019882,0.002614,0.026512,-1.6255,0.043866,0.069021,0.09026,0.1094,0.13543,0.15401,0.1758,0.2004,0.21776,0.23511,-1.6294,0.25656,0.28151,0.29886,0.31621,0.33357,0.35165,0.37768,0.39732,0.41467,0.43202,-1.6372,0.44938,0.46673,0.48712,0.51313,0.53048,0.54783,0.56519,0.58254,0.59154,0.60556,-1.6372,0.62292,0.64027,0.65763,0.66999,0.68065,0.698,0.7077,0.72102,0.73674,0.74542,-1.6438,0.7541,0.76277,0.77017,0.77017,0.77712,0.78185,0.78185,0.78185,0.78185,0.77826,-1.6489,0.77017,0.77017,0.76391,0.75524,0.74679,0.74679,0.74089,0.73221,0.72354,0.71486,-1.6489,0.70618,0.69751,0.68883,0.68015,0.66627,0.65111,0.64243,0.63376,0.60568,0.56966,-1.6489,0.56098,0.55981,0.55531,0.54664,0.53796,0.53644,0.53644,0.53644,0.53644,0.54325,-1.6427,0.54813,0.54892,0.55759,0.55981,0.56326,0.57194,0.58061,0.58929,0.59487,0.59496,-1.9187,-1.6372,0.60364,0.64109,0.68217,0.69952,0.70846,0.72254,0.7399,0.75725,0.76654,0.78027,-1.637,0.79558,0.80426,0.82065,0.838,0.85366,0.86234,0.87838,0.89138,0.9014,0.91876,-1.6283,0.93611,0.95346,0.97082,0.98817,1.0055,1.0229,1.0402,1.0576,1.0749,1.0923,-1.6196,1.1097,1.127,1.1384,1.15,1.1674,1.1761,1.1848,1.1961,1.2134,1.2225,-1.611,1.2312,1.2421,1.2595,1.2689,1.2776,1.2863,1.2949,1.3036,1.3123,1.321,-1.6023,1.3296,1.3383,1.3428,1.3428,1.3428,1.3497,1.3545,1.3545,1.3545,1.3545,-1.5851,1.358,1.3662,1.3662,1.3662,1.3662,1.3663,1.375,1.3778,1.3778,1.3778,-1.5732,1.3863,1.395,1.4037,1.4124,1.421,1.4297,1.4384,1.4471,1.4557,1.4644,-1.5621,1.4748,1.4922,1.5021,1.5108,1.5209,1.5382,1.5485,1.5613,1.5776,1.5862,-1.5447,1.5949,1.6036,1.6123,1.621,1.6296,1.6383,1.647,1.6557,-1.884,-1.5273,-1.5048,-1.481,-1.4636,-1.4462,-1.4289,-1.4097,-1.3837,-1.3651,-1.3433,-1.8493,-1.3187,-1.3014,-1.2769,-1.2509,-1.2248,-1.1988,-1.1728,-1.143,-1.109,-1.083,-1.8199,-1.057,-1.0344,-1.0166,-0.99057,-0.97062,-0.95019,-0.92422,-0.90687,-0.88951,-0.87488,-1.7939,-0.8662,-0.84914,-0.83716,-0.82848,-0.8198,-0.81113,-0.80245,-0.79579,-0.79579,-0.79579,-1.7678,-0.80046,-0.80748,-0.80748,-0.81481,-0.82349,-0.83348,-0.85083,-0.8612,-0.87385,-0.89024,-1.7418,-0.89892,-0.91423,-0.93158,-0.94832,-0.957,-0.97196,-0.98604,-0.99472,-1.0034,-1.018,5.0,5.0
1.0992,1.0314,1.054,0.8958,0.95593,1.0387,1.1065,1.1616,1.2416,1.3171,1.3723,1.4446,1.5052,1.054,1.5829,1.6381,1.6932,1.7484,1.8017,1.8361,1.8795,1.9071,1.9346,1.9582,1.054,1.9672,1.9808,1.9618,1.7294,1.6553,1.54,1.4735,1.3546,1.2692,1.1693,1.054,1.0585,0.97582,0.82528,0.74255,0.62728,0.50929,0.42656,0.34383,0.2611,0.17838,1.054,0.095648,0.01292,-0.16745,-0.55939,-0.62675,-0.6819,-0.75966,-0.81481,-0.86996,-0.92511,1.054,-0.98027,-1.0354,-1.0806,-1.1231,-1.1584,-1.186,-1.2135,-1.2411,-1.2687,-1.2741,1.054,-1.2967,-1.2967,-1.3112,-1.2999,-1.2967,-1.2899,-1.2741,-1.2574,-1.2298,-1.1982,1.054,-1.1521,-1.1245,-1.0779,-1.0228,-0.96761,-0.91246,-0.8573,-0.80215,-0.74338,-0.66925,1.054,-0.61409,-0.54041,-0.48028,-0.40343,-0.33743,-0.27052,-0.19458,-0.13445,-0.051725,0.017893,1.054,0.091127,0.17386,0.25116,0.31671,0.39944,0.46182,0.54229,0.61733,0.68514,0.75024,1.0314,1.054,0.82799,0.88812,0.9609,1.031,1.0938,1.1716,1.2267,1.2941,1.3596,1.4148,1.054,1.4654,1.5025,1.5432,1.5707,1.5983,1.6259,1.6417,1.6417,1.62,1.5924,1.054,1.5558,1.5147,1.4681,1.413,1.3515,1.2801,1.2249,1.1485,1.0884,1.0057,1.0314,0.92293,0.80313,0.71226,0.62366,0.53506,0.44826,0.35875,0.27602,0.19329,0.11057,1.0251,0.027838,-0.032286,-0.11501,-0.19774,-0.2651,-0.34059,-0.40614,-0.62856,-0.89257,-0.94772,0.99752,-1.0029,-1.0354,-1.0906,-1.1457,-1.181,-1.2086,-1.2361,-1.2637,-1.2913,-1.3189,0.96994,-1.3238,-1.3419,-1.3419,-1.3419,-1.3419,-1.3351,-1.3193,-1.3026,-1.275,-1.266,0.94237,-1.2199,-1.1923,-1.1647,-1.1145,-1.0806,-1.0368,-0.99292,-0.93777,-0.88262,-0.82747,0.85512,-0.77232,-0.71716,-0.66201,-0.60686,-0.55171,-0.49656,-0.4414,-0.36365,-0.3085,-0.25335,0.743,-0.18011,-0.12044,-0.065287,0.000262,0.06762,0.14311,0.20324,0.28597,0.3687,0.43379,1.0314,0.63361,0.51155,0.5893,0.6544,0.73713,0.81986,0.87998,0.97717,1.0906,1.1562,1.2113,0.44961,1.3117,1.3669,1.4075,1.4546,1.4609,1.4609,1.4491,1.4216,1.394,1.3357,0.37322,1.262,1.1928,1.0721,1.0048,0.92202,0.80539,0.68876,0.60603,0.48985,0.34157,0.29636,0.24483,0.1621,-0.011039,-0.093767,-0.21989,-0.34964,-0.43236,-0.55668,-0.7479,-0.9866,0.23036,-1.1747,-1.2298,-1.2904,-1.3523,-1.3799,-1.4278,-1.435,-1.4703,-1.5001,-1.5178,0.16346,-1.5227,-1.5227,-1.5227,-1.5078,-1.4802,-1.4753,-1.4405,-1.3975,-1.3699,-1.3202,0.087511,-1.2651,-1.2099,-1.1548,-1.0996,-1.0219,-0.9667,-0.8998,-0.81707,-0.75604,-0.67829,-0.037259,-0.61409,-0.54538,-0.47124,-0.41112,-0.33472,-0.27957,-0.22441,-0.16926,-0.11773,-0.081561,-0.092411,-0.039971,-0.012395,0.015181,0.042756,0.059483,0.059483,0.059483,0.059483,0.059483,0.046373,-0.16067,0.018797,0.013824,-0.008327,-0.018724,-0.0463,-0.053533,-0.076137,-0.083822,1.0314,-0.22532,-0.30307,-0.36365,-0.43598,-0.49113,-0.56663,-0.62404,-0.67919,-0.73434,-0.78949,1.0314,-0.84465,-0.8998,-0.95495,-0.99518,-1.0427,-1.0955,-1.1304,-1.1733,-1.2009,-1.2284,1.0314,-1.2515,-1.261,-1.2741,-1.2741,-1.2741,-1.2673,-1.2515,-1.2348,-1.2289,-1.1982,1.0314,-1.1521,-1.1245,-1.0779,-1.0228,-0.97394,-0.92376,-0.8573,-0.80215,-0.74338,-0.66925,1.0314,-0.61409,-0.54041,-0.45858,-0.39755,-0.31483,-0.24792,-0.17197,-0.089246,-0.014656,0.053606,1.0314,0.13633,0.21906,0.30179,0.37412,0.44464,0.52737,0.60739,0.67022,0.75295,0.81805,2.0,2.0
0.53967,0.49428,0.4303,1.8339,1.8792,1.9066,1.9293,1.952,1.9614,1.9614,1.9393,1.9166,1.8939,0.4303,1.75,1.5827,1.4919,1.3387,1.1344,1.0159,0.9024,0.78893,0.65888,0.52554,0.4303,0.41207,0.28684,0.15068,-0.15099,-0.39944,-0.49021,-0.58099,-0.66967,-0.73775,-0.81686,0.4303,-0.90764,-0.95849,-1.0101,-1.0782,-1.1311,-1.1765,-1.2219,-1.2673,-1.3127,-1.3388,0.4303,-1.356,-1.356,-1.356,-1.356,-1.356,-1.3465,-1.3238,-1.3011,-1.2737,-1.2283,0.4303,-1.1692,-1.1011,-1.0556,-1.0014,-0.93334,-0.86526,-0.79316,-0.70239,-0.62455,-0.55647,0.4303,-0.46652,-0.37574,-0.28497,-0.19419,-0.10342,-0.012642,0.078133,0.16891,0.25968,0.35784,0.45153,0.47131,0.56847,0.65924,0.75002,0.84079,0.93157,1.0223,1.1065,1.1745,1.2426,0.45928,1.3089,1.3543,1.3997,1.445,1.4904,1.5299,1.5526,1.5753,1.598,1.6207,0.43659,1.6333,1.6333,1.4627,1.2897,1.2216,1.1394,1.0471,0.86558,0.72122,0.63044,0.46675,0.4303,0.52144,0.40797,0.2945,0.18103,0.067561,-0.35852,-0.66119,-0.75197,-0.82524,-0.89333,0.42765,-0.96141,-1.0295,-1.0976,-1.1657,-1.2259,-1.2713,-1.3167,-1.3621,-1.4074,-1.4528,0.40496,-1.4982,-1.5227,-1.5454,-1.5681,-1.5748,-1.5748,-1.5748,-1.5636,-1.5409,-1.498,0.38227,-1.4527,-1.4073,-1.3619,-1.3149,-1.2469,-1.1788,-1.1107,-1.0426,-0.96888,-0.87811,0.35957,-0.80191,-0.73301,-0.64224,-0.55146,-0.46069,-0.36991,-0.27913,-0.18836,-0.083731,0.029647,0.33688,0.12042,0.22022,0.33369,0.4292,0.51998,0.61075,0.70153,0.79231,0.88308,0.96556,0.30744,1.0336,1.1017,1.1698,1.2379,1.2936,1.339,1.3843,1.4297,1.4751,1.504,0.26205,1.524,1.524,1.5356,1.5583,1.5604,1.5536,1.5309,1.524,1.522,1.4993,0.21667,1.4766,1.4539,1.4113,1.3659,1.3206,1.2752,1.2285,1.1604,1.0821,0.99135,0.16936,0.91972,0.84626,0.75548,0.6504,0.53748,0.4467,0.34645,0.23298,0.13792,0.042498,0.46675,0.10128,-0.070971,-0.17086,-0.26164,-0.60004,-0.83545,-0.90353,-0.95393,-0.99932,-1.0447,-1.0901,0.044047,-1.1355,-1.1809,-1.2182,-1.2409,-1.2636,-1.2863,-1.309,-1.3196,-1.3196,-1.3196,-0.001341,-1.3123,-1.2896,-1.2669,-1.2442,-1.2215,-1.1988,-1.1761,-1.1331,-1.0877,-1.0423,-0.086283,-0.99695,-0.95156,-0.90618,-0.86079,-0.8154,-0.75042,-0.68817,-0.64278,-0.5974,-0.55101,-0.17104,-0.48292,-0.42478,-0.37939,-0.31514,-0.25216,-0.20677,-0.14735,-0.079539,-0.034151,0.011237,-0.23912,0.056624,0.10201,0.1474,0.19279,0.23818,0.28356,0.30671,0.32941,0.3521,0.37479,-0.32215,0.39749,0.42018,0.44288,0.46557,0.48826,0.50321,0.50321,0.50321,0.50321,0.50321,-0.41293,0.49136,0.46867,0.46675,0.45974,0.43704,0.4303,0.4303,0.4303,0.41918,0.39648,-0.5037,0.39384,0.39384,0.39384,0.39384,0.39384,0.39384,0.39384,0.39384,0.39384,0.3994,-0.59448,0.4221,0.4303,0.4303,0.4303,0.42064,0.39794,0.37525,0.35256,0.44889,-0.68525,-0.77603,-0.86152,-0.9296,-1.0119,-1.1022,-1.1703,-1.2384,-1.3065,-1.3562,0.4303,-1.3971,-1.4198,-1.4559,-1.5013,-1.5019,-1.5019,-1.5019,-1.5019,-1.498,-1.4753,0.4303,-1.4527,-1.43,-1.3856,-1.3402,-1.2948,-1.2325,-1.1645,-1.0964,-1.0283,-0.96022,0.4303,-0.87118,-0.7804,-0.68963,-0.58272,-0.47162,-0.38085,-0.29007,-0.1993,-0.088288,0.01871,0.4303,0.10949,0.21566,0.32749,0.41827,0.50904,0.59982,0.7101,0.81782,0.9086,0.99938,0.4303,1.0902,1.1809,1.2717,1.3625,1.4533,1.539,1.6071,1.6752,1.7431,1.7885,2.0,2.0
-1.9276,-1.862,-1.7004,-0.82977,-0.81522,-0.7971,-0.7759,-0.76135,-0.74042,-0.72204,-0.70748,-0.68374,-0.66817,-1.6789,-0.65361,-0.63906,-0.62451,-0.60996,-0.59541,-0.58979,-0.57651,-0.56936,-0.55762,-0.54894,-1.661,-0.53873,-0.53439,-0.51984,-0.50809,-0.50094,-0.49788,-0.49788,-0.48792,-0.48767,-0.48767,-1.6411,-0.48767,-0.48767,-0.47746,-0.47746,-0.47746,-0.46724,-0.46724,-0.45703,-0.45039,-0.44605,-1.6217,-0.43661,-0.42716,-0.41618,-0.40827,-0.40393,-0.38938,-0.38504,-0.37533,-0.36614,-0.35491,-1.6033,-0.34725,-0.33449,-0.32836,-0.32402,-0.31406,-0.30513,-0.30079,-0.29364,-0.28189,-0.27321,-1.5824,-0.263,-0.25279,-0.24411,-0.23236,-0.22522,-0.22088,-0.21194,-0.20198,-0.19764,-0.19152,-1.5656,-0.19152,-0.19152,-0.1813,-0.1813,-0.1813,-0.1813,-0.1813,-0.17109,-0.16445,-0.16011,-1.5431,-0.15067,-0.14122,-0.13688,-0.13024,-0.11799,-0.10344,-0.089394,-0.084543,-0.069991,-0.055439,-1.5285,-0.040886,-0.036546,-0.021994,-0.007442,0.007111,0.021663,0.033152,0.040555,0.055108,0.06966,-1.8474,-1.514,0.084212,0.098765,0.10464,0.11766,0.13221,0.13655,0.1511,0.1557,0.16999,0.17612,-1.4994,0.18633,0.19323,0.20676,0.21212,0.22667,0.23101,0.24556,0.2499,0.26446,0.27824,-1.4849,0.28335,0.28846,0.30224,0.30888,0.31909,0.32547,0.33952,0.34437,0.34973,0.36326,-1.4703,0.37015,0.37194,0.38649,0.39083,0.40079,0.40079,0.39772,0.39058,0.39058,0.3847,-1.466,0.37015,0.37015,0.37015,0.37296,0.38036,0.39058,0.39058,0.40053,0.40487,0.411,-1.4578,0.42121,0.42811,0.43245,0.44164,0.45134,0.45568,0.46206,0.47227,0.47227,0.48249,-1.4476,0.48249,0.49193,0.4927,0.4927,0.50291,0.50291,0.50291,0.50776,0.51312,0.51312,-1.4476,0.51312,0.51312,0.50699,0.50291,0.50751,0.51312,0.52333,0.53074,0.53508,0.54963,-1.4384,0.55397,0.56852,0.58308,0.59482,0.60197,0.61652,0.63107,0.64562,0.65609,0.66452,-1.4374,0.67907,0.69362,0.70715,0.71251,0.72707,0.74162,0.75617,0.77072,0.78528,0.79983,-1.8329,-1.4374,0.81438,0.82893,0.84348,0.85804,0.87259,0.88076,0.89148,0.90603,0.92059,0.93182,-1.4356,0.93948,0.95224,0.95837,0.96271,0.97726,0.98288,0.99616,1.0033,1.015,1.0237,-1.4272,1.0339,1.0383,1.0528,1.0646,1.0646,1.0544,1.0544,1.0544,1.0462,1.0339,-1.4269,1.0314,1.0237,1.0237,1.0237,1.0237,1.0135,1.0135,1.0112,1.0033,0.99309,-1.417,0.98799,0.98288,0.97931,0.99641,1.0156,1.0301,1.0447,1.0592,1.0738,1.0883,-1.417,1.1029,1.1174,1.132,1.1465,1.1611,1.1846,1.2004,1.2224,1.2397,1.2601,-1.4068,1.279,1.2979,1.3183,1.3459,1.3679,1.3939,1.4174,1.4419,1.4669,1.4899,-1.3994,1.5165,1.5379,1.567,1.5908,1.615,1.6441,1.6651,1.6921,1.7212,1.7401,-1.395,1.7692,1.7889,1.807,1.8282,1.8448,1.8675,1.8821,1.8966,1.9112,1.9257,-1.3805,1.9403,1.953,1.9592,1.9737,1.9883,2.0028,2.0174,2.0319,-1.8112,-1.3761,-1.3616,-1.3557,-1.3455,-1.3383,-1.3251,-1.3194,-1.3149,-1.3046,-1.2962,-1.7935,-1.2944,-1.2875,-1.2842,-1.2789,-1.274,-1.274,-1.274,-1.2638,-1.2638,-1.263,-1.779,-1.2536,-1.2536,-1.2434,-1.2434,-1.2413,-1.2332,-1.2332,-1.2283,-1.2229,-1.2196,-1.7545,-1.2127,-1.2025,-1.2025,-1.1923,-1.1877,-1.1821,-1.1719,-1.1645,-1.1499,-1.1412,-1.7397,-1.131,-1.1208,-1.1121,-1.0976,-1.083,-1.0685,-1.0539,-1.0394,-1.0248,-1.0103,-1.7167,-0.99572,-0.98117,-0.96662,-0.95206,-0.93751,-0.91275,-0.8982,-0.88364,-0.86909,-0.85377,3.0,3.0
1.9888,1.8841,1.7734,0.44238,0.42453,0.41902,0.40968,0.40968,0.40968,0.40968,0.40968,0.33231,0.31301,1.7621,0.29662,0.28115,0.26092,0.2384,0.21589,0.19337,0.17085,0.14833,0.12581,0.10329,1.7466,0.075168,0.048912,0.01705,-0.007478,-0.037331,-0.06569,-0.091712,-0.1239,-0.15544,-0.18211,1.7303,-0.21589,-0.24168,-0.2741,-0.30788,-0.34166,-0.36913,-0.39987,-0.44299,-0.47677,-0.51055,1.7109,-0.54433,-0.58656,-0.62123,-0.655,-0.68878,-0.72256,-0.76503,-0.79946,-0.83324,-0.86701,1.6977,-0.90079,-0.93457,-0.96835,-1.0021,-1.0359,-1.0624,-1.0941,-1.1262,-1.1487,-1.1712,1.6778,-1.1937,-1.2069,-1.2275,-1.2426,-1.2593,-1.2706,-1.2821,-1.3024,-1.3137,-1.325,1.662,-1.3362,-1.3475,-1.3587,-1.37,-1.3813,-1.3925,-1.4038,-1.415,-1.4217,-1.4282,1.646,-1.4395,-1.4507,-1.4562,-1.4497,-1.4497,-1.4411,-1.4392,-1.4311,-1.426,-1.4217,1.6263,-1.4217,-1.4124,-1.4124,-1.4071,-1.403,-1.3939,-1.392,-1.3843,-1.3843,-1.3769,1.8728,1.6132,-1.375,-1.3656,-1.3618,-1.3506,-1.347,-1.3374,-1.3261,-1.3189,-1.3129,-1.3017,1.5935,-1.2904,-1.2792,-1.2679,-1.2567,-1.2454,-1.2341,-1.2229,-1.2116,-1.2004,-1.1891,1.5822,-1.1778,-1.1666,-1.1553,-1.1441,-1.1328,-1.1215,-1.1134,-1.1084,-1.0971,-1.0858,1.571,-1.0746,-1.0666,-1.0614,-1.0502,-1.0389,-1.0276,-1.0199,-1.0145,-1.0032,-0.99194,1.5511,-0.98068,-0.96942,-0.95816,-0.9469,-0.93565,-0.92439,-0.91313,-0.90187,-0.89061,-0.87935,1.5391,-0.87043,-0.86617,-0.85491,-0.84366,-0.83305,-0.83048,-0.81922,-0.80796,-0.7967,-0.78633,1.5248,-0.78353,-0.77227,-0.76101,-0.7583,-0.74783,-0.73658,-0.73027,-0.7234,-0.71214,-0.71023,1.5072,-0.70224,-0.70224,-0.69514,-0.69289,-0.68355,-0.68355,-0.67813,-0.67421,-0.67421,-0.67238,1.496,-0.66486,-0.66486,-0.66486,-0.66472,-0.65552,-0.65552,-0.65552,-0.65552,-0.6458,-0.63454,1.4759,-0.62328,-0.61202,-0.60076,-0.59885,-0.58759,-0.57633,-0.56507,-0.55381,-0.54171,-0.52195,1.8616,1.4548,-0.51069,-0.49943,-0.47967,-0.46757,-0.45631,-0.44014,-0.42445,-0.40445,-0.39127,-0.36553,1.4402,-0.33689,-0.32143,-0.3012,-0.27868,-0.25616,-0.23364,-0.21113,-0.18861,-0.17188,-0.13423,1.4177,-0.1061,-0.079846,-0.057327,-0.034809,-0.008366,0.019572,0.042091,0.073953,0.1032,0.14702,1.3952,0.16954,0.20005,0.22392,0.24644,0.26896,0.29148,0.314,0.3552,0.37772,0.40024,1.3726,0.41622,0.43593,0.45845,0.47803,0.499,0.52601,0.53984,0.55109,0.56553,0.58296,1.3501,0.59422,0.60548,0.61674,0.62458,0.62991,0.63393,0.64308,0.645,0.65626,0.66752,1.3276,0.67878,0.69004,0.7013,0.71256,0.72382,0.73507,0.75568,0.76913,0.79165,0.80814,1.3051,0.83529,0.85921,0.88658,0.92728,0.95479,1.01,1.038,1.0717,1.1238,1.1767,1.2826,1.2104,1.2816,1.3183,1.3729,1.4203,1.4541,1.4903,1.5403,1.5691,1.6055,1.2601,1.6328,1.6567,1.6838,1.6951,1.7135,1.7269,1.7348,1.7236,1.8503,1.2375,1.2112,1.1832,1.1606,1.1381,1.1156,1.0931,1.0765,1.0574,1.0349,1.839,1.01,0.98049,0.95797,0.94353,0.92228,0.89976,0.88173,0.86407,0.84155,0.82926,1.8278,0.8152,0.7974,0.78614,0.77488,0.76362,0.75236,0.7411,0.72984,0.71858,0.70732,1.8165,0.69606,0.6848,0.68065,0.66261,0.64785,0.62108,0.60982,0.6059,0.59665,0.59655,1.8053,0.59281,0.58721,0.57964,0.57772,0.56852,0.56455,0.55918,0.55138,0.54946,0.5382,1.794,0.53115,0.53115,0.51507,0.51124,0.49125,0.48443,0.47807,0.47508,0.46406,0.44705,1.0,1.0
-0.59618,-0.61514,-0.63994,-1.7631,-1.7441,-1.7252,-1.7062,-1.6785,-1.65,-1.6216,-1.5932,-1.5647,-1.5363,-0.63994,-1.5078,-1.4794,-1.4509,-1.4159,-1.3795,-1.351,-1.3167,-1.2796,-1.2511,-1.2176,-0.63994,-1.1796,-1.1417,-1.1038,-1.0659,-1.0367,-1.0046,-0.96668,-0.93677,-0.90541,-0.86749,-0.6465,-0.83686,-0.80623,-0.7683,-0.73694,-0.7085,-0.68005,-0.65161,-0.62317,-0.59472,-0.56628,-0.65453,-0.53784,-0.50939,-0.48533,-0.46636,-0.4474,-0.42844,-0.40948,-0.39051,-0.37447,-0.36499,-0.65453,-0.34821,-0.33144,-0.32196,-0.30591,-0.28841,-0.27893,-0.26945,-0.25997,-0.25049,-0.241,-0.66036,-0.23152,-0.22204,-0.21694,-0.21694,-0.20819,-0.20235,-0.20235,-0.19433,-0.18485,-0.17537,-0.66911,-0.16588,-0.1564,-0.14692,-0.13744,-0.1265,-0.10754,-0.088577,-0.069615,-0.050653,-0.026585,-0.66911,0.001858,0.030301,0.058745,0.087188,0.11563,0.14407,0.17252,0.20898,0.24399,0.27243,-0.67422,0.30817,0.3461,0.38402,0.42194,0.45987,0.49779,0.52988,0.55906,0.59698,0.63491,-0.62535,-0.6837,0.67283,0.71075,0.74868,0.7866,0.82453,0.85881,0.88725,0.92371,0.95872,0.98717,-0.6837,1.0156,1.0441,1.0725,1.1009,1.1294,1.1578,1.1804,1.2001,1.2286,1.2519,-0.68808,1.2709,1.2898,1.3088,1.3278,1.3467,1.362,1.3715,1.389,1.4051,1.4145,-0.69756,1.4313,1.4481,1.4576,1.4736,1.4911,1.5006,1.5101,1.5196,1.529,1.5385,-0.69829,1.548,1.5575,1.567,1.5765,1.5859,1.5954,1.6049,1.6144,1.6239,1.6333,-0.70193,1.6428,1.6479,1.6384,1.629,1.6195,1.61,1.5947,1.5765,1.567,1.5575,-0.71141,1.548,1.529,1.5101,1.4911,1.4722,1.4532,1.4342,1.4073,1.3788,1.3504,-0.71287,1.3219,1.2935,1.265,1.2366,1.2081,1.1797,1.1513,1.1221,1.0842,1.0513,-0.71287,1.0229,0.98498,0.95143,0.92299,0.89454,0.8661,0.83766,0.80119,0.76618,0.73774,-0.71287,0.71659,0.69544,0.667,0.63855,0.61157,0.59261,0.57364,0.55468,0.53572,0.51676,-0.62535,-0.71287,0.49779,0.48831,0.47446,0.45549,0.44528,0.4358,0.42632,0.41684,0.40736,0.39788,-0.71506,0.39569,0.3935,0.38402,0.37454,0.36652,0.36652,0.36068,0.35193,0.35193,0.35193,-0.72454,0.35193,0.36141,0.36652,0.36652,0.36652,0.37016,0.37964,0.3811,0.3811,0.3811,-0.72746,0.3811,0.3811,0.3811,0.3811,0.38256,0.39204,0.39569,0.39569,0.39569,0.39569,-0.72746,0.39569,0.39569,0.39569,0.39569,0.40444,0.41028,0.41028,0.41028,0.41028,0.41028,-0.72746,0.41757,0.42486,0.42486,0.42486,0.42632,0.4358,0.43945,0.44018,0.44966,0.45403,-0.72746,0.45403,0.46352,0.46862,0.46862,0.46862,0.47227,0.48175,0.48321,0.48321,0.48321,-0.72746,0.4905,0.49779,0.49779,0.49779,0.49779,0.49779,0.49779,0.49779,0.49779,0.49779,-0.72746,0.49779,0.49779,0.49779,0.49779,0.49779,0.49779,0.49779,0.49779,0.49779,0.49779,-0.72746,0.49779,0.49779,0.49779,0.49779,0.49779,0.49779,0.49779,0.49779,-0.62535,-0.72746,-0.72746,-0.72746,-0.72746,-0.72746,-0.72746,-0.72746,-0.79164,-0.84707,-0.85655,-0.629,-0.87332,-0.90104,-0.95792,-0.98855,-1.009,-1.0374,-1.06,-1.0797,-1.1082,-1.1315,-0.63848,-1.1505,-1.1979,-1.2365,-1.265,-1.2934,-1.3291,-1.3766,-1.4079,-1.4334,-1.4524,-0.63994,-1.5005,-1.5509,-1.5793,-1.6209,-1.6639,-1.6829,-1.7018,-1.7215,-1.75,-1.7937,-0.63994,-1.8506,-1.898,-1.9279,-1.9374,-1.9819,-1.9965,-1.9585,-1.9447,-1.9381,-1.9381,-0.63994,-1.9235,-1.9068,-1.8973,-1.8878,-1.8769,-1.8579,-1.8389,-1.82,-1.801,-1.7821,4.0,4.0
-0.78094,-0.86009,-0.91458,-1.6445,-1.6743,-1.7061,-1.7287,-1.776,-1.8233,-1.8459,-1.9148,-1.9734,-1.996,-0.91252,-2.0084,-2.0402,-2.0968,-2.1081,-2.0577,-1.9631,-1.9405,-1.9179,-1.8953,-1.8727,-0.90841,-1.8418,-1.8079,-1.774,-1.7401,-1.7061,-1.6722,-1.628,-1.5828,-1.5375,-1.4923,-0.8971,-1.4471,-1.4018,-1.3566,-1.3114,-1.2641,-1.2076,-1.1592,-1.114,-1.0688,-1.0235,-0.89607,-0.97831,-0.93308,-0.88785,-0.84262,-0.79739,-0.75215,-0.71309,-0.67814,-0.63291,-0.58767,-0.89093,-0.5445,-0.51057,-0.46843,-0.42628,-0.39236,-0.34918,-0.30806,-0.27414,-0.22993,-0.18984,-0.87962,-0.15592,-0.12199,-0.088069,-0.055173,-0.032557,-0.002746,0.029122,0.051738,0.06613,0.080522,-0.86832,0.10314,0.1165,0.12781,0.13912,0.15043,0.16173,0.17304,0.18435,0.19566,0.20697,-0.86318,0.21827,0.22958,0.24294,0.26556,0.27995,0.29126,0.30257,0.32313,0.34574,0.36836,-0.86215,0.39098,0.41359,0.43621,0.45882,0.48761,0.5205,0.54312,0.57293,0.6048,0.62741,-0.90224,-0.85084,0.65825,0.69218,0.7261,0.76003,0.78984,0.81245,0.84535,0.87413,0.89675,0.93067,-0.84673,0.95843,0.98104,1.0037,1.0263,1.0509,1.0849,1.1106,1.1332,1.1558,1.1784,-0.84467,1.201,1.2237,1.2463,1.2637,1.2751,1.2977,1.3203,1.3429,1.3655,1.3809,-0.83336,1.3943,1.4169,1.4395,1.4591,1.4704,1.4817,1.4971,1.5197,1.532,1.5434,-0.83028,1.5547,1.566,1.5773,1.5886,1.5999,1.604,1.6061,1.6174,1.6287,1.6369,-0.8272,1.6369,1.6462,1.6575,1.6688,1.6698,1.6749,1.6862,1.6976,1.7089,1.7191,-0.81589,1.7191,1.7191,1.7171,1.7058,1.6945,1.6832,1.6719,1.6513,1.6287,1.6061,-0.81383,1.5834,1.5557,1.5218,1.4878,1.4539,1.42,1.3861,1.3522,1.3162,1.2709,-0.80972,1.2339,1.1969,1.1517,1.1157,1.0818,1.0479,1.0139,0.97488,0.92965,0.89572,-0.79841,0.8618,0.82787,0.79395,0.76003,0.7261,0.69218,0.66648,0.64078,0.60685,0.57293,-0.91458,-0.79739,0.54312,0.5205,0.49789,0.47527,0.45266,0.43004,0.40742,0.38584,0.37453,0.36322,-0.79225,0.35191,0.3406,0.3293,0.31799,0.30668,0.30462,0.30462,0.30462,0.30462,0.30462,-0.78094,0.30462,0.31593,0.32107,0.32107,0.32107,0.32107,0.32107,0.32107,0.32107,0.32416,-0.78094,0.33546,0.33752,0.33752,0.33752,0.33752,0.33752,0.33752,0.33752,0.33135,0.32107,-0.78094,0.32107,0.32107,0.32107,0.32107,0.31285,0.30462,0.30462,0.30462,0.30462,0.30462,-0.77991,0.30462,0.30462,0.30462,0.30462,0.30462,0.30462,0.30462,0.30462,0.30462,0.30462,-0.7686,0.30462,0.30154,0.29023,0.28818,0.28818,0.28818,0.2779,0.27173,0.27173,0.26042,-0.76449,0.25528,0.25425,0.24294,0.23883,0.23883,0.23883,0.23883,0.23883,0.23883,0.23883,-0.76243,0.24294,0.25425,0.25528,0.25528,0.25528,0.26659,0.27173,0.27173,0.27173,0.27173,-0.75113,0.27173,0.27173,0.27173,0.27173,0.27173,0.27173,0.27173,0.27173,-0.93719,-0.74804,-0.74804,-0.74804,-0.74804,-0.74804,-0.74804,-0.74804,-0.74804,-0.74804,-0.74804,-0.94542,-0.74804,-0.74701,-0.73571,-0.73159,-0.73159,-0.73159,-0.73159,-0.73159,-0.73159,-0.73159,-0.94336,-0.73571,-0.74701,-0.74804,-0.74804,-0.74804,-0.74804,-0.74804,-0.74804,-0.74804,-0.74804,-0.93205,-0.7501,-0.76141,-0.76449,-0.76449,-0.76449,-0.75524,-0.74804,-0.74804,-0.83028,-0.88476,-0.92897,-0.89607,-0.91869,-0.9413,-0.96803,-1.0359,-1.0749,-1.0996,-1.1335,-1.2004,-1.2641,-0.92588,-1.2867,-1.3278,-1.3648,-1.3875,-1.4101,-1.4481,-1.5046,-1.5273,-1.5684,-1.6218,4.0,4.0
0.34333,0.3877,0.424,1.7551,1.7329,1.7067,1.6624,1.5938,1.4829,1.3961,1.3296,1.263,1.1965,0.42602,1.0492,0.902,0.83544,0.74468,0.58939,0.46434,0.3756,0.30097,0.23442,0.095254,0.4482,-0.060045,-0.1266,-0.19316,-0.25971,-0.35047,-0.48359,-0.56829,-0.61267,-0.67317,-0.73973,0.46434,-0.82645,-0.91116,-0.95553,-1.006,-1.0725,-1.129,-1.1734,-1.2036,-1.2258,-1.2843,0.46434,-1.3508,-1.373,-1.3912,-1.3912,-1.3992,-1.4214,-1.4315,-1.4315,-1.4154,-1.3932,0.46434,-1.371,-1.3488,-1.3266,-1.2923,-1.2258,-1.1693,-1.1249,-1.0806,-1.0362,-0.93738,0.46434,-0.82645,-0.78208,-0.71754,-0.56224,-0.43115,-0.34241,-0.26576,-0.19921,-0.051977,0.12551,0.45022,0.22232,0.31106,0.3998,0.50669,0.66199,0.77695,0.84351,0.92418,1.0129,1.1198,0.42804,1.2307,1.2973,1.3679,1.4566,1.5292,1.5736,1.6301,1.6966,1.7309,1.7531,0.40585,1.7753,1.7975,1.8197,1.8298,1.8076,1.7854,1.7632,1.6281,1.4284,1.2832,0.424,0.38367,1.1501,1.0613,0.96049,0.80519,0.64182,0.46434,0.34736,0.28081,-0.060045,-0.50375,0.36148,-0.58443,-0.63485,-0.74578,-0.83855,-0.88292,-0.9273,-0.97167,-1.0302,-1.0967,-1.1451,0.33929,-1.1895,-1.2339,-1.2702,-1.2702,-1.2782,-1.3004,-1.3226,-1.3448,-1.3508,-1.3508,0.31711,-1.3508,-1.3488,-1.3266,-1.3105,-1.3105,-1.2903,-1.246,-1.2157,-1.1935,-1.1713,0.28686,-1.1492,-1.0826,-1.0201,-0.9757,-0.93133,-0.88696,-0.81839,-0.72964,-0.67317,-0.6288,0.24248,-0.54409,-0.45737,-0.39081,-0.3182,-0.22946,-0.16089,-0.11652,-0.058028,0.008529,0.11139,0.19811,0.22232,0.26669,0.32316,0.43409,0.52081,0.56518,0.60955,0.65392,0.73057,0.81931,0.15374,0.86771,0.91007,0.93225,0.96654,1.0331,1.0795,1.1017,1.138,1.1823,1.2267,0.10937,1.2711,1.2933,1.3195,1.3639,1.3921,1.3921,1.4042,1.4264,1.4486,1.4708,0.065001,1.4728,1.4728,1.4728,1.4728,1.4728,1.3618,1.1178,0.97259,0.88385,0.79511,0.424,-0.039876,0.70636,0.66199,0.60955,0.52081,0.424,0.31307,0.21425,0.12551,0.069034,0.024663,-0.14677,-0.34241,-0.70746,-0.72964,-0.76998,-0.85872,-0.9273,-0.97167,-1.016,-1.0604,-1.0866,-0.21333,-1.1088,-1.1532,-1.1935,-1.2157,-1.2379,-1.2601,-1.2702,-1.2702,-1.2863,-1.3085,-0.29198,-1.3105,-1.3105,-1.3105,-1.3044,-1.2823,-1.2601,-1.2379,-1.2157,-1.1935,-1.1713,-0.40291,-1.1492,-1.1048,-1.0644,-1.0423,-1.0039,-0.93738,-0.88292,-0.83855,-0.81032,-0.78813,-0.49367,-0.70544,-0.62073,-0.57636,-0.51989,-0.43115,-0.36257,-0.3182,-0.2456,-0.15685,-0.12257,-0.56023,-0.10038,-0.033826,0.032731,0.099287,0.14971,0.17189,0.20618,0.25055,0.27879,0.30097,-0.65502,0.32316,0.34333,0.34333,0.33728,0.31509,0.30299,0.30299,0.28887,0.26669,0.2445,-0.76595,0.22232,0.22232,0.21828,0.1961,0.18198,0.18198,0.18198,0.18198,0.18198,0.18198,-0.82242,0.18198,0.18198,0.18198,0.18198,0.18198,0.18198,0.18198,0.18198,0.424,-0.86679,-0.95553,-1.0362,-1.0806,-1.1169,-1.1391,-1.1734,-1.2177,-1.2298,-1.2298,0.424,-1.25,-1.2681,-1.246,-1.2238,-1.2016,-1.1693,-1.1249,-1.0806,-1.0362,-0.99184,0.424,-0.94746,-0.83654,-0.73368,-0.66712,-0.60056,-0.53401,-0.40695,-0.22946,-0.13265,-0.066095,0.424,0.02063,0.11744,0.29492,0.4482,0.53695,0.6156,0.68216,0.81931,0.99679,1.0835,0.424,1.1501,1.2388,1.3356,1.4687,1.5776,1.6442,1.6987,1.743,1.8197,1.9084,0.424,1.9366,1.9568,1.9568,1.9568,1.9568,1.9467,1.9245,1.9024,1.8802,1.8217,2.0,2.0
0.45591,0.47142,0.4404,0.068098,0.12751,0.18692,0.25014,0.32126,0.39619,0.47096,0.54457,0.62097,0.70729,0.4404,0.79641,0.88553,0.97465,1.0638,1.1529,1.242,1.3311,1.4203,1.5094,1.583,0.4252,1.6597,1.7346,1.8095,1.869,1.9212,1.9664,2.0117,2.0382,2.0537,2.0543,0.42489,2.0692,2.0692,2.0692,2.0537,2.0159,1.968,1.911,1.8465,1.7816,1.7377,0.41232,1.6783,1.6189,1.5451,1.4714,1.3978,1.3347,1.2506,1.177,1.1034,1.0143,0.39813,0.94068,0.85156,0.76244,0.67332,0.5842,0.49508,0.39448,0.30133,0.070735,-0.12511,0.37835,-0.20803,-0.28784,-0.35788,-0.4328,-0.49222,-0.56675,-0.62656,-0.68597,-0.75655,-0.82031,0.36284,-0.88825,-0.95465,-0.99855,-1.0534,-1.0986,-1.1283,-1.158,-1.1729,-1.1884,-1.1884,0.34732,-1.1776,-1.1634,-1.1492,-1.1195,-1.0898,-1.0445,-1.0119,-0.96799,-0.92409,-0.87918,0.32584,-0.83396,-0.78874,-0.73297,-0.68907,-0.63757,-0.58576,-0.53162,-0.48244,-0.42303,-0.36362,0.47142,0.30079,-0.3042,-0.2306,-0.16987,-0.094939,-0.020014,0.054912,0.13744,0.21105,0.2952,0.37377,0.28194,0.44738,0.56753,0.65665,0.75802,0.83488,0.91974,1.0032,1.0798,1.153,1.2244,0.25425,1.3029,1.3535,1.4217,1.4811,1.5406,1.5709,1.6161,1.6303,1.6504,1.6659,0.23804,1.6659,1.6659,1.6616,1.6504,1.6332,1.6011,1.4807,1.4067,1.3508,1.2666,0.20833,1.1974,1.107,1.0165,0.91059,0.84311,0.75531,0.6703,0.59537,0.52169,0.46103,0.17863,0.37059,0.26464,0.18723,0.083921,0.00884,-0.081599,-0.17204,-0.27799,-0.33957,-0.42784,0.14892,-0.51828,-0.74205,-0.83877,-0.91369,-0.99544,-1.0407,-1.0704,-1.1001,-1.1298,-1.144,0.11921,-1.1574,-1.1724,-1.1729,-1.1729,-1.1729,-1.1729,-1.1729,-1.1574,-1.1574,-1.1419,0.089505,-1.1264,-1.1109,-1.0949,-1.0652,-1.0355,-1.0058,-0.96535,-0.92145,-0.8701,-0.81814,0.059799,-0.76415,-0.71482,-0.65541,-0.596,-0.52107,-0.46166,-0.38673,-0.31181,-0.23688,-0.15288,0.45591,0.023111,-0.063759,0.025361,0.11448,0.2036,0.30823,0.39735,0.50183,0.5911,0.73111,0.91214,-0.015127,1.0438,1.2066,1.3153,1.4577,1.5407,1.6263,1.6702,1.7133,1.7279,1.7279,-0.060346,1.7,1.6858,1.6463,1.6109,1.5514,1.4739,1.4042,1.2996,1.2241,1.0898,-0.10859,1.0004,0.86971,0.7522,0.66099,0.51719,0.39968,0.25115,0.098115,-0.050108,-0.20997,-0.168,-0.33833,-0.42924,-0.54806,-0.62275,-0.93712,-1.0492,-1.1137,-1.1731,-1.2325,-1.2712,-0.22742,-1.3164,-1.3435,-1.3591,-1.3745,-1.3746,-1.3746,-1.3591,-1.3489,-1.3347,-1.3205,-0.30141,-1.2908,-1.2766,-1.2469,-1.2327,-1.2185,-1.1888,-1.1591,-1.1449,-1.1152,-1.0855,-0.36176,-1.0558,-1.0261,-0.99048,-0.95116,-0.92145,-0.8898,-0.84652,-0.802,-0.7716,-0.72638,-0.43311,-0.68116,-0.6264,-0.5825,-0.52309,-0.46926,-0.41977,-0.36331,-0.31646,-0.27256,-0.22765,-0.49609,-0.18476,-0.15272,-0.12302,-0.093311,-0.079116,-0.064922,-0.056003,-0.056003,0.45591,-0.56482,-0.63043,-0.68985,-0.76477,-0.82419,-0.86809,-0.91199,-0.95581,-0.98552,-1.0152,0.45591,-1.0294,-1.0591,-1.0733,-1.0953,-1.1109,-1.1264,-1.1456,-1.1574,-1.1585,-1.1729,0.44831,-1.1589,-1.1574,-1.1574,-1.1419,-1.1332,-1.119,-1.1048,-1.0798,-1.0764,-1.0622,0.4404,-1.048,-1.0333,-1.0178,-1.0023,-0.97574,-0.94604,-0.93184,-0.90214,-0.87243,-0.84272,0.4404,-0.81302,-0.78331,-0.7536,-0.7239,-0.68085,-0.64897,-0.61926,-0.57405,-0.52883,-0.48361,0.4404,-0.43839,-0.39317,-0.34516,-0.30126,-0.25736,-0.19794,-0.15156,-0.094629,-0.035216,0.008685,2.0,0.0
-1.9672,-1.8991,-1.7021,-1.0355,-1.0628,-1.09,-1.1145,-1.135,-1.1554,-1.173,-1.1866,-1.2002,-1.2107,-1.6857,-1.2176,-1.2178,-1.2178,-1.2178,-1.2111,-1.2043,-1.1974,-1.1837,-1.1665,-1.1461,-1.6714,-1.1257,-1.1015,-1.0742,-1.047,-1.0197,-0.99186,-0.95781,-0.92375,-0.8897,-0.85565,-1.651,-0.8173,-0.7715,-0.69658,-0.64856,-0.61334,-0.57248,-0.53628,-0.50223,-0.46817,-0.43412,-1.6347,-0.40007,-0.36602,-0.33197,-0.29961,-0.27237,-0.24513,-0.21789,-0.19065,-0.16877,-0.14629,-1.6211,-0.11905,-0.097354,-0.076923,-0.056492,-0.041783,-0.025757,-0.005326,0.009206,0.020244,0.027054,-1.6075,0.039941,0.050802,0.057612,0.058169,0.058169,0.058169,0.058169,0.055055,0.048245,0.041434,-1.5939,0.031333,0.017712,0.004092,-0.012997,-0.033276,-0.046897,-0.064163,-0.084594,-0.10503,-0.12546,-1.5803,-0.14538,-0.159,-0.17662,-0.19705,-0.21748,-0.24209,-0.26761,-0.28123,-0.2905,-0.29938,-1.5666,-0.31982,-0.32665,-0.32544,-0.31863,-0.31182,-0.305,-0.29819,-0.29138,-0.283,-0.26938,-1.8554,-1.5576,-0.2507,-0.23202,-0.2184,-0.19953,-0.1791,-0.15867,-0.13282,-0.10768,-0.087253,-0.016466,-1.5508,0.047029,0.074271,0.10728,0.13888,0.16612,0.19336,0.22324,0.25729,0.28521,0.31245,-1.5439,0.3397,0.36063,0.38405,0.41129,0.43205,0.45248,0.47291,0.49334,0.51378,0.53421,-1.5371,0.55464,0.57155,0.58517,0.59879,0.61241,0.62603,0.63965,0.6494,0.65677,0.67039,-1.5332,0.67996,0.68677,0.69358,0.69616,0.69707,0.70388,0.70629,0.70629,0.70629,0.7017,-1.54,0.69616,0.69616,0.69616,0.69472,0.68791,0.6811,0.67429,0.66748,0.66067,0.65206,-1.5468,0.63844,0.63011,0.62132,0.6077,0.59408,0.58046,0.56684,0.55322,0.53727,0.51684,-1.552,0.50223,0.4861,0.46567,0.45124,0.43762,0.424,0.41038,0.38818,0.35413,0.34549,-1.552,0.33564,0.32202,0.32147,0.32468,0.33149,0.33159,0.33499,0.3418,0.34861,0.35899,-1.5571,0.37261,0.38623,0.39985,0.4139,0.43433,0.45084,0.46507,0.4855,0.50593,0.52714,-1.835,-1.5621,0.55438,0.57735,0.60547,0.68039,0.71965,0.74122,0.76847,0.79107,0.81282,0.84006,-1.5621,0.86249,0.88442,0.91166,0.93391,0.95434,0.97477,0.99521,1.0156,1.0361,1.0565,-1.5569,1.0769,1.0974,1.1178,1.1382,1.1587,1.1734,1.187,1.2006,1.2201,1.238,-1.5481,1.2516,1.2652,1.2761,1.2829,1.296,1.3067,1.3135,1.3203,1.3271,1.3339,-1.5345,1.3407,1.3443,1.3443,1.3443,1.3443,1.3443,1.3443,1.3407,1.3342,1.3342,-1.5209,1.3304,1.324,1.324,1.32,1.3139,1.3139,1.3097,1.3038,1.3038,1.3038,-1.5072,1.3028,1.2959,1.3027,1.3151,1.3219,1.3287,1.3355,1.3423,1.3491,1.3575,-1.4936,1.3711,1.3797,1.3882,1.4018,1.4155,1.4291,1.4427,1.4563,1.47,1.4836,-1.48,1.5028,1.5232,1.5436,1.5641,1.5845,1.6049,1.6194,1.6357,1.6561,1.6765,-1.4641,1.6969,1.7174,1.7378,1.7582,1.7787,1.7991,1.8164,1.83,-1.8146,-1.4436,-1.4232,-1.4003,-1.3731,-1.3518,-1.3287,-1.3015,-1.2804,-1.2571,-1.2299,-1.7942,-1.2026,-1.1754,-1.1481,-1.1209,-1.0968,-1.0764,-1.0493,-1.0221,-0.99487,-0.97444,-1.7741,-0.95046,-0.92345,-0.90302,-0.87887,-0.85203,-0.8316,-0.81117,-0.79074,-0.77031,-0.74988,-1.7605,-0.73021,-0.71659,-0.70296,-0.68934,-0.67572,-0.66653,-0.65972,-0.65291,-0.6461,-0.64058,-1.743,-0.64058,-0.64537,-0.65218,-0.65899,-0.6658,-0.67425,-0.68788,-0.7015,-0.71694,-0.73737,-1.7226,-0.7578,-0.78023,-0.80747,-0.83471,-0.86196,-0.8892,-0.92211,-0.95381,-0.98105,-1.0083,5.0,5.0
1.0702,1.0702,0.99472,-0.40102,-0.29691,-0.22448,-0.1264,-0.022285,0.08183,0.16633,0.25234,0.35645,0.45001,0.99472,0.52696,0.62655,0.69747,0.80158,0.8725,0.94191,1.0113,1.0807,1.1501,1.2014,0.99472,1.2512,1.3206,1.381,1.4217,1.4881,1.5228,1.5575,1.5923,1.627,1.636,0.99472,1.636,1.636,1.636,1.6224,1.5983,1.553,1.3629,1.289,1.1154,1.0083,0.99472,0.81365,0.6869,0.58279,0.47867,0.35645,0.23272,0.11654,-0.013231,-0.12338,-0.2622,0.99472,-0.40102,-0.50514,-0.60925,-0.97139,-1.1313,-1.2007,-1.2898,-1.3773,-1.4467,-1.5055,0.96756,-1.5478,-1.6127,-1.6474,-1.6821,-1.7168,-1.7213,-1.7485,-1.759,-1.759,-1.7409,0.957,-1.7213,-1.7213,-1.7123,-1.6776,-1.6429,-1.6082,-1.5734,-1.5071,-1.4663,-1.406,0.957,-1.3365,-1.2671,-1.1977,-1.1283,-1.0589,-0.98195,-0.88237,-0.81145,-0.70733,-0.60322,0.957,-0.4991,-0.36783,-0.25315,-0.14903,-0.044919,0.059196,0.16331,0.26743,0.37154,0.47264,1.0385,0.957,0.54205,0.64616,0.71859,0.788,0.85741,0.92682,0.97662,1.0279,1.0837,1.1185,0.957,1.1532,1.1833,1.1833,1.1833,1.1833,1.1833,1.1562,1.1456,1.1034,1.0521,0.957,1.0023,0.93286,0.85439,0.75632,0.68389,0.57977,0.33684,0.22065,0.11654,-0.013231,0.957,-0.12942,-0.25315,-0.37537,-0.47949,-0.5836,-0.68772,-0.7873,-0.85822,-0.96234,-1.0333,0.95398,-1.2536,-1.3335,-1.3682,-1.4029,-1.4376,-1.4573,-1.4693,-1.495,-1.495,-1.495,0.91928,-1.495,-1.495,-1.495,-1.495,-1.4693,-1.4346,-1.3999,-1.3652,-1.3169,-1.2475,0.91928,-1.1857,-1.1464,-1.077,-1.0076,-0.9382,-0.83861,-0.76165,-0.6681,-0.58511,-0.49759,0.88759,-0.39348,-0.28936,-0.18525,-0.081133,0.022983,0.1271,0.23121,0.33533,0.46811,0.58128,0.85289,0.6854,0.78951,0.89363,0.99774,1.0913,1.1909,1.381,1.4519,1.556,1.627,0.81818,1.6964,1.7386,1.7975,1.8458,1.8623,1.8774,1.9001,1.891,1.8563,1.8216,1.0324,0.78348,1.7869,1.7522,1.6224,1.541,1.4459,1.2739,1.1245,1.0038,0.82422,0.61297,0.74877,0.47415,0.31722,0.045616,-0.093204,-0.23202,-0.34067,-0.4991,-0.74506,-0.87482,-0.92763,0.71407,-0.98195,-1.0046,-1.0136,-1.0423,-1.0423,-1.0423,-1.0423,-1.0423,-1.0136,-0.97894,0.67936,-0.94423,-0.90953,-0.87482,-0.84012,-0.79485,-0.73298,-0.69375,-0.62434,-0.55493,-0.45233,0.64466,-0.37839,-0.30898,-0.21543,-0.13244,-0.044919,0.044107,0.11352,0.18293,0.25234,0.32175,0.60241,0.39116,0.46057,0.49829,0.56167,0.60542,0.64013,0.67483,0.70954,0.73066,0.65673,0.53752,0.4666,0.46208,0.42888,0.42888,0.42888,0.42888,0.42888,0.42888,0.42888,0.42888,0.50282,0.42888,0.42888,0.42888,0.42888,0.42586,0.39116,0.39116,0.39116,0.39116,0.39116,0.46811,0.36852,0.35343,0.35343,0.35343,0.35343,0.35343,0.34891,0.31571,0.31571,0.31571,0.43341,0.31571,0.31571,0.31571,0.31571,0.31571,0.31571,0.32778,0.35343,1.0324,0.36852,0.32627,0.26743,0.19802,0.14671,0.096919,0.027509,-0.041901,-0.11131,-0.18072,1.0324,-0.25013,-0.31954,-0.38895,-0.45836,-0.52777,-0.59718,-0.66659,-0.7194,-0.76769,-0.8371,1.0324,-0.90651,-0.97139,-1.0076,-1.077,-1.1132,-1.1479,-1.1826,-1.2173,-1.2521,-1.2868,1.0324,-1.3215,-1.3441,-1.3441,-1.3501,-1.3818,-1.3818,-1.3818,-1.3818,-1.3818,-1.3562,1.0189,-1.3441,-1.3441,-1.3275,-1.2928,-1.2686,-1.2536,-1.1887,-1.154,-1.1193,-1.0846,0.99472,-1.0197,-0.97743,-0.91858,-0.87029,-0.81748,-0.74807,-0.67866,-0.60925,-0.53984,-0.47043,2.0,2.0
2.0083,1.9259,1.7972,-0.24461,-0.27867,-0.31273,-0.34679,-0.38085,-0.41491,-0.44897,-0.48303,-0.51709,-0.55115,1.7858,-0.57811,-0.60968,-0.63558,-0.66397,-0.69483,-0.71825,-0.74095,-0.76366,-0.78637,-0.80907,1.7745,-0.82646,-0.84562,-0.86832,-0.88712,-0.90486,-0.92757,-0.95028,-0.97298,-0.98824,-1.0184,1.7574,-1.0411,-1.0638,-1.0865,-1.1092,-1.1319,-1.1546,-1.1773,-1.2,-1.2227,-1.2455,1.7429,-1.2593,-1.2777,-1.2891,-1.3001,-1.3029,-1.3143,-1.3178,-1.3281,-1.3395,-1.3508,1.7298,-1.3622,-1.3647,-1.376,-1.3874,-1.3977,-1.3941,-1.3888,-1.3803,-1.371,-1.3664,1.7113,-1.3622,-1.3533,-1.3501,-1.3444,-1.3363,-1.3356,-1.3313,-1.3267,-1.3263,-1.3178,1.6932,-1.3178,-1.31,-1.309,-1.3051,-1.3001,-1.2912,-1.2912,-1.2863,-1.2824,-1.2735,1.6797,-1.2699,-1.2646,-1.2561,-1.2557,-1.2511,-1.2469,-1.2373,-1.2291,-1.2235,-1.2203,1.6655,-1.2096,-1.2025,-1.1958,-1.1848,-1.1819,-1.1706,-1.167,-1.1568,-1.1454,-1.1404,1.9146,1.6482,-1.1316,-1.1202,-1.1089,-1.105,-1.095,-1.0837,-1.0723,-1.061,-1.0496,-1.0429,1.629,-1.0358,-1.0244,-1.0131,-1.0017,-0.99037,-0.98788,-0.97653,-0.96518,-0.95382,-0.94247,1.6152,-0.93112,-0.91976,-0.91728,-0.90593,-0.89458,-0.88322,-0.87187,-0.86052,-0.84916,-0.83781,1.5964,-0.82646,-0.8151,-0.80375,-0.7924,-0.78104,-0.76969,-0.75834,-0.74699,-0.73563,-0.72428,1.5786,-0.71293,-0.70583,-0.69909,-0.68774,-0.67638,-0.67035,-0.66255,-0.65119,-0.64374,-0.63736,1.5648,-0.63487,-0.626,-0.62104,-0.61714,-0.60827,-0.60827,-0.60223,-0.59088,-0.5884,-0.58166,1.5509,-0.58166,-0.57279,-0.56959,-0.56392,-0.55576,-0.5444,-0.53731,-0.53057,-0.51957,-0.51673,1.5332,-0.50538,-0.49403,-0.48125,-0.46245,-0.43832,-0.422,-0.40817,-0.39043,-0.37163,-0.35885,1.5218,-0.34395,-0.32728,-0.31592,-0.30244,-0.28435,-0.273,-0.26093,-0.24142,-0.23007,-0.21871,1.5105,-0.20559,-0.18288,-0.16018,-0.14634,-0.12647,-0.1098,-0.08709,-0.070415,-0.032808,-0.016488,1.8958,1.4991,0.003734,0.02644,0.049146,0.071852,0.093494,0.11549,0.14884,0.16303,0.18538,0.20809,1.4576,0.2237,0.24463,0.27053,0.29891,0.31346,0.33368,0.34929,0.36526,0.38548,0.40251,1.3895,0.42593,0.44508,0.45892,0.47772,0.48908,0.50043,0.52952,0.54087,0.55223,0.56358,1.3388,0.57493,0.58629,0.60615,0.61573,0.62035,0.6246,0.63347,0.63667,0.64802,0.65937,1.3161,0.67073,0.68208,0.69343,0.70478,0.71898,0.73636,0.74771,0.76794,0.77929,0.79064,1.3005,0.80199,0.81335,0.8247,0.8286,0.83854,0.84989,0.86124,0.8726,0.88395,0.8953,1.2441,0.92085,0.93575,0.95349,0.97619,1.0039,1.0202,1.0457,1.0638,1.0862,1.1004,1.2086,1.1231,1.138,1.1671,1.1823,1.205,1.2277,1.2593,1.277,1.3108,1.3384,1.1632,1.3732,1.4026,1.4395,1.4669,1.503,1.5399,1.5662,1.5953,1.6293,1.6602,1.1405,1.6819,1.7017,1.729,1.7514,1.7627,1.7794,1.7943,1.8057,1.883,1.1213,1.0645,1.0347,1.0234,1.0007,0.94923,0.89601,0.87614,0.84634,0.83996,1.8681,0.8286,0.78319,0.75765,0.7353,0.70443,0.69379,0.67782,0.64376,0.63134,0.61999,1.8514,0.61573,0.57813,0.54087,0.50114,0.4834,0.47382,0.46105,0.44721,0.4206,0.4206,1.8401,0.41528,0.41173,0.34823,0.33687,0.32552,0.3053,0.29395,0.27763,0.26237,0.24215,1.8287,0.22725,0.21057,0.1907,0.168,0.1499,0.13146,0.10875,0.086044,0.063338,0.040632,1.8128,0.017925,-0.009038,-0.036356,-0.059062,-0.081768,-0.10447,-0.12718,-0.15876,-0.18536,-0.21304,1.0,1.0
0.6678,0.64069,0.64069,-1.4739,-1.5056,-1.5281,-1.5281,-1.5281,-1.5281,-1.5281,-1.523,-1.501,-1.4867,0.66428,-1.4549,-1.4232,-1.3644,-1.327,-1.2635,-1.2001,-1.1367,-1.0491,-0.98105,-0.89212,0.64069,-0.81784,-0.72268,-0.62753,-0.5077,-0.4101,-0.30817,-0.19268,-0.081525,0.045351,0.17223,0.64069,0.27199,0.39887,0.51382,0.62551,0.75239,0.85351,0.97578,1.0788,1.1932,1.2884,0.651,1.3835,1.4787,1.57,1.6419,1.724,1.7875,1.8509,1.9143,1.9463,1.978,0.6678,1.9962,1.9962,1.9962,1.9959,1.9691,1.8742,1.6698,1.5877,1.5158,1.3702,0.6678,1.2751,1.1498,1.0034,0.90827,0.81312,0.71796,0.61684,0.50053,0.40538,0.29043,0.6678,0.18795,0.065684,-0.029473,-0.23578,-0.49089,-0.58605,-0.68121,-0.74681,-0.8173,-0.9008,0.6678,-0.96424,-1.0068,-1.064,-1.0973,-1.1291,-1.1486,-1.1654,-1.1757,-1.1497,-1.1451,0.6678,-1.1133,-1.0816,-1.0499,-0.99623,-0.93279,-0.86935,-0.80591,-0.72919,-0.65193,-0.56599,0.64069,0.67865,-0.47083,-0.37567,-0.28051,-0.17153,-0.06309,0.032067,0.15433,0.25464,0.37176,0.48129,0.69491,0.58918,0.68434,0.7795,0.87466,0.96981,1.065,1.1406,1.2282,1.2946,1.358,0.69491,1.4106,1.4578,1.5012,1.5329,1.5375,1.5624,1.5624,1.5624,1.5624,1.5372,0.69491,1.5055,1.4372,1.2827,1.204,1.1195,1.0501,0.87493,0.77977,0.6472,0.50812,0.69708,0.39128,0.2907,0.16843,0.073275,-0.034895,-0.14415,-0.26154,-0.36157,-0.52722,-0.8501,0.72202,-0.9317,-1.0133,-1.1085,-1.1765,-1.2668,-1.3302,-1.3937,-1.4384,-1.4934,-1.5289,0.72202,-1.5607,-1.5824,-1.5824,-1.5824,-1.5824,-1.581,-1.5493,-1.5176,-1.4858,-1.4343,0.72202,-1.3709,-1.3075,-1.244,-1.1695,-1.09,-1.0063,-0.9111,-0.81594,-0.72079,-0.61397,0.72202,-0.50336,-0.38733,-0.26045,-0.16069,-0.033811,0.093065,0.21994,0.3254,0.44658,0.56994,0.72202,0.67323,0.78736,0.88252,0.99963,1.0734,1.168,1.2545,1.3179,1.4171,1.4765,0.64069,0.72202,1.5353,1.5671,1.5896,1.6034,1.6167,1.6397,1.6167,1.6115,1.5896,1.5608,0.72202,1.4974,1.4339,1.3705,1.3071,1.2436,1.1802,1.0972,0.95382,0.8527,0.75754,0.72202,0.66238,0.56722,0.47207,0.27823,0.17331,0.078155,-0.017003,-0.11216,-0.20732,-0.3529,0.73856,-0.82869,-0.89212,-0.95556,-1.0025,-1.0553,-1.093,-1.1518,-1.1836,-1.2153,-1.247,0.74914,-1.2787,-1.2841,-1.3112,-1.3197,-1.3384,-1.3207,-1.3112,-1.3112,-1.2798,-1.2481,0.74914,-1.2164,-1.1846,-1.1529,-1.1209,-1.0624,-1.0307,-0.99894,-0.96722,-0.91219,-0.87667,0.74914,-0.83953,-0.78612,-0.7544,-0.72268,-0.69097,-0.65789,-0.60042,-0.5687,-0.53698,-0.50526,0.74914,-0.47354,-0.44182,-0.4101,-0.37838,-0.34666,-0.33528,-0.31034,-0.28106,-0.28106,-0.29271,0.74914,-0.30817,-0.30817,-0.33365,-0.33528,-0.34287,-0.36239,-0.36239,-0.36239,-0.36239,-0.3895,0.74914,-0.3895,-0.3895,-0.3895,-0.3895,-0.36293,-0.36239,-0.36239,-0.36239,0.64069,0.74914,0.74914,0.74914,0.74914,0.74914,0.74914,0.74914,0.74914,0.74914,0.74019,0.64069,0.70847,0.67675,0.64503,0.61331,0.58159,0.54987,0.51816,0.48644,0.45472,0.423,0.64069,0.39128,0.34953,0.30073,0.26901,0.23729,0.17846,0.14674,0.10445,0.056195,0.004686,0.64069,-0.034353,-0.09508,-0.15852,-0.21084,-0.25828,-0.32172,-0.38516,-0.42149,-0.48493,-0.54836,0.64069,-0.59554,-0.64813,-0.71157,-0.77202,-0.81133,-0.87477,-0.9214,-0.97454,-1.012,-1.0743,0.64069,-1.1296,-1.1741,-1.2202,-1.2519,-1.2836,-1.3424,-1.3741,-1.4059,-1.4376,-1.4468,2.0,2.0
-2.1038,-2.0356,-1.8191,-0.63749,-0.62158,-0.60874,-0.6002,-0.59473,-0.58783,-0.57738,-0.56789,-0.56243,-0.55647,-1.7954,-0.55647,-0.54604,-0.54601,-0.55647,-0.55647,-0.56692,-0.5733,-0.57876,-0.58783,-0.59829,-1.774,-0.60561,-0.6192,-0.62699,-0.6429,-0.65882,-0.67082,-0.70111,-0.70657,-0.71329,-0.71329,-1.7505,-0.71329,-0.70861,-0.70283,-0.69238,-0.68114,-0.62403,-0.61857,-0.60265,-0.59719,-0.58127,-1.7346,-0.57581,-0.55989,-0.54397,-0.52806,-0.50169,-0.48577,-0.46985,-0.44549,-0.42756,-0.41164,-1.7099,-0.39181,-0.36935,-0.34905,-0.32706,-0.31115,-0.28491,-0.26886,-0.25294,-0.23702,-0.22111,-1.6923,-0.20519,-0.18927,-0.17335,-0.15744,-0.14152,-0.1256,-0.10968,-0.093767,-0.077849,-0.061932,-1.6764,-0.046014,-0.040552,-0.024634,-0.008717,-0.002366,0.012663,0.02858,0.034043,0.04996,0.060363,-1.6604,0.070817,0.076803,0.081272,0.087728,0.091727,0.098653,0.10218,0.10958,0.11264,0.11264,-1.6445,0.10976,0.10218,0.10218,0.10218,0.098366,0.091727,0.091727,0.091727,0.08697,0.081272,-2.0192,-1.6286,0.076045,0.070582,0.060363,0.049202,0.039453,0.027822,0.011905,-0.004012,-0.027039,-0.046302,-1.6127,-0.069799,-0.075549,-0.075549,-0.075549,-0.075549,-0.072021,-0.065094,-0.065094,-0.065094,-0.060625,-1.5968,-0.05464,-0.0497,-0.044185,-0.03373,-0.022857,-0.012821,0.004743,0.087624,0.10354,0.11946,-1.5809,0.13538,0.15129,0.16721,0.17537,0.18859,0.20451,0.22043,0.23634,0.25226,0.26818,-1.5649,0.28409,0.30001,0.31593,0.33185,0.34776,0.36368,0.3796,0.40597,0.42189,0.43781,-1.549,0.45372,0.46964,0.48556,0.50148,0.50992,0.52286,0.53083,0.54424,0.56015,0.57265,-1.5331,0.58153,0.59356,0.60291,0.61883,0.63475,0.65066,0.66658,0.6825,0.69842,0.72011,-1.5172,0.74071,0.75662,0.783,0.79891,0.81483,0.83075,0.83621,0.84447,0.84447,0.84447,-1.5013,0.84447,0.84447,0.84447,0.84447,0.83402,0.82448,0.81901,0.8031,0.79763,0.78172,-1.4853,0.7658,0.74988,0.73396,0.71805,0.70213,0.68621,0.67719,0.66483,0.6268,0.62492,-1.9933,-1.4694,0.62492,0.62492,0.63323,0.63869,0.64583,0.64962,0.66554,0.68145,0.68765,0.6981,-1.464,0.7083,0.73977,0.78195,0.79787,0.82424,0.84016,0.85722,0.88245,0.89836,0.92136,-1.4481,0.94065,0.96412,0.98294,1.0069,1.0252,1.0412,1.0571,1.073,1.0889,1.1048,-1.4321,1.1207,1.1367,1.1526,1.1685,1.1844,1.2003,1.2104,1.2208,1.2272,1.2431,-1.4162,1.2522,1.2645,1.2804,1.294,1.3018,1.3149,1.3231,1.3286,1.3358,1.3463,-1.4003,1.3554,1.3609,1.3672,1.3777,1.3878,1.3932,1.3986,1.3986,1.409,1.409,-1.3844,1.409,1.409,1.409,1.409,1.409,1.409,1.409,1.409,1.409,1.409,-1.3719,1.409,1.409,1.4129,1.4288,1.4404,1.4502,1.4661,1.482,1.4979,1.5243,-1.363,1.5402,1.5562,1.5783,1.5984,1.6144,1.6407,1.6566,1.683,1.6989,1.7175,-1.3615,1.7412,1.7571,1.7731,1.789,1.8049,1.8208,1.8367,1.8526,-1.9764,-1.3615,-1.3615,-1.3615,-1.3615,-1.3615,-1.351,-1.351,-1.351,-1.3406,-1.3343,-1.9446,-1.3301,-1.3234,-1.3197,-1.3197,-1.3092,-1.3092,-1.2988,-1.2906,-1.2778,-1.2692,-1.9232,-1.2569,-1.2478,-1.2319,-1.2256,-1.2105,-1.1946,-1.1787,-1.1628,-1.1468,-1.1309,-1.8983,-1.115,-1.0991,-1.0832,-1.0673,-1.0513,-1.0335,-1.0091,-0.99071,-0.96677,-0.95085,-1.87,-0.92657,-0.90856,-0.89264,-0.87672,-0.86081,-0.84489,-0.82897,-0.81305,-0.79714,-0.78122,-1.8455,-0.76556,-0.75984,-0.74465,-0.73846,-0.72254,-0.70662,-0.69238,-0.68524,-0.66933,-0.65341,5.0,3.0
1.8555,1.7999,1.6294,0.15615,0.11413,0.089552,0.078719,0.041275,0.021717,-0.002101,-0.044882,-0.07241,-0.11148,1.6196,-0.13104,-0.14608,-0.17125,-0.19887,-0.23116,-0.24933,-0.2591,-0.28533,-0.29698,-0.30766,1.6024,-0.34402,-0.3538,-0.36358,-0.37336,-0.38653,-0.40208,-0.41649,-0.4308,-0.44644,-0.466,1.5909,-0.48556,-0.50512,-0.52467,-0.55319,-0.57336,-0.60167,-0.62288,-0.64995,-0.67239,-0.70173,1.5725,-0.73106,-0.7604,-0.78974,-0.81908,-0.84841,-0.87775,-0.90709,-0.93642,-0.96576,-0.99457,1.5621,-1.0153,-1.0446,-1.074,-1.1033,-1.1326,-1.162,-1.1913,-1.2206,-1.2439,-1.2701,1.5433,-1.2995,-1.3209,-1.3404,-1.3692,-1.3887,-1.407,-1.4187,-1.4382,-1.4547,-1.4644,1.5321,-1.4742,-1.489,-1.4974,-1.5036,-1.5133,-1.5231,-1.5248,-1.5335,-1.5432,-1.5439,1.5126,-1.5523,-1.5523,-1.5523,-1.5523,-1.5523,-1.5479,-1.5432,-1.5432,-1.5368,-1.534,1.4956,-1.534,-1.5258,-1.5248,-1.5246,-1.5148,-1.5065,-1.5044,-1.4946,-1.4882,-1.4842,1.7901,1.4826,-1.4745,-1.4647,-1.4549,-1.4451,-1.4353,-1.4256,-1.4075,-1.3968,-1.3867,-1.3681,1.4669,-1.3567,-1.3372,-1.3176,-1.3015,-1.2877,-1.2681,-1.2486,-1.229,-1.2094,-1.1899,1.4527,-1.1703,-1.1508,-1.1312,-1.1025,-1.0829,-1.0634,-1.0415,-1.0151,-0.99553,-0.97598,1.4382,-0.95642,-0.93686,-0.9173,-0.89774,-0.87819,-0.86653,-0.84823,-0.82867,-0.80971,-0.79872,1.4284,-0.78099,-0.76876,-0.75227,-0.74249,-0.73271,-0.72293,-0.71316,-0.70338,-0.6936,-0.68382,1.4123,-0.67404,-0.66426,-0.65448,-0.64541,-0.64408,-0.6343,-0.62709,-0.62391,-0.61413,-0.60877,1.3997,-0.60373,-0.59961,-0.59333,-0.58355,-0.57378,-0.57213,-0.56338,-0.56276,-0.5538,-0.55236,1.3824,-0.54258,-0.5328,-0.52632,-0.52241,-0.51716,-0.51201,-0.508,-0.50161,-0.49884,-0.49121,1.371,-0.48144,-0.47166,-0.46188,-0.4521,-0.44232,-0.43036,-0.4136,-0.40382,-0.39001,-0.3751,1.3524,-0.36006,-0.34638,-0.3301,-0.31766,-0.30014,-0.28059,-0.25205,-0.24147,-0.22297,-0.21151,1.7729,1.342,-0.19196,-0.17531,-0.162,-0.14244,-0.12765,-0.11249,-0.092929,-0.07999,-0.062974,-0.043416,1.3224,-0.023858,-0.0043,0.007197,0.043977,0.061749,0.073933,0.093491,0.10941,0.12345,0.13813,1.3044,0.14791,0.15768,0.16746,0.17724,0.18702,0.18821,0.19742,0.2072,0.21698,0.22676,1.2925,0.23654,0.24318,0.24693,0.25671,0.26649,0.27627,0.28605,0.29583,0.30561,0.32347,1.2729,0.35173,0.36259,0.38215,0.4017,0.42126,0.44609,0.4787,0.49826,0.51782,0.53737,1.2534,0.57411,0.61032,0.63269,0.65983,0.68917,0.70969,0.73923,0.78634,0.81416,0.83585,1.2378,0.86519,0.90126,0.94219,0.97152,1.0009,1.0302,1.0531,1.0797,1.1321,1.1659,1.2234,1.1863,1.2154,1.2437,1.2649,1.2987,1.3419,1.3677,1.3914,1.4255,1.4592,1.2039,1.4826,1.5022,1.5217,1.5335,1.5685,1.5805,1.5995,1.6104,1.6282,1.638,1.1843,1.6507,1.6667,1.6765,1.6862,1.696,1.7058,1.7156,1.7254,1.724,1.1647,1.1452,1.1333,1.1152,1.0957,1.0761,1.0566,1.037,1.0174,0.99788,1.6875,0.97832,0.95877,0.93921,0.92494,0.90925,0.88969,0.87014,0.85834,0.84018,0.82062,1.6777,0.81023,0.79174,0.78027,0.76302,0.75031,0.73431,0.72453,0.71475,0.70497,0.69519,1.6679,0.68541,0.66837,0.64881,0.63775,0.62797,0.61819,0.60841,0.59864,0.58886,0.58212,1.6581,0.57846,0.57296,0.56806,0.55828,0.5485,0.53872,0.52895,0.51917,0.47494,0.43555,1.6428,0.43486,0.41986,0.37866,0.36888,0.34646,0.30135,0.27542,0.24558,0.21922,0.18443,1.0,1.0
-2.0238,-1.8213,-1.66,-0.58592,-0.57505,-0.56418,-0.55331,-0.54244,-0.53157,-0.52479,-0.52046,-0.51416,-0.51416,-1.6491,-0.51416,-0.51416,-0.51416,-0.51992,-0.52479,-0.53103,-0.5419,-0.55277,-0.56365,-0.57452,-1.6382,-0.58539,-0.59626,-0.60713,-0.618,-0.62887,-0.63974,-0.65061,-0.66148,-0.67235,-0.71201,-1.6242,-0.72599,-0.74693,-0.74805,-0.76915,-0.76947,-0.77994,-0.77994,-0.77994,-0.77994,-0.77994,-1.6058,-0.77835,-0.76748,-0.75661,-0.74574,-0.73486,-0.7212,-0.68431,-0.62456,-0.60282,-0.58108,-1.595,-0.56333,-0.54823,-0.52649,-0.50475,-0.48301,-0.46126,-0.44495,-0.42841,-0.40077,-0.3743,-1.5841,-0.35256,-0.33082,-0.30908,-0.28024,-0.25496,-0.22565,-0.20085,-0.17911,-0.15737,-0.12709,-1.5732,-0.10325,-0.081511,-0.059769,-0.038028,-0.016287,0.005455,0.027196,0.048937,0.070625,0.081788,-1.5624,0.103,0.11464,0.13537,0.14749,0.16774,0.17861,0.18948,0.20036,0.21123,0.2221,-1.5515,0.23004,0.23321,0.24067,0.24432,0.25131,0.25131,0.25131,0.25131,0.25131,0.25131,-1.8001,-1.5406,0.24599,0.23512,0.23004,0.22401,0.21314,0.20227,0.1914,0.18053,0.16966,0.15879,-1.5348,0.14792,0.13705,0.12617,0.1153,0.06111,0.031502,0.000617,-0.01323,-0.024101,-0.044832,-1.5348,-0.046374,-0.056713,-0.067583,-0.067636,-0.067636,-0.067636,-0.067636,-0.067636,-0.066254,-0.057005,-1.5348,-0.055145,-0.044274,-0.033403,-0.022533,-0.011662,-0.000791,0.013375,0.063396,0.14191,0.16365,-1.5348,0.18539,0.21162,0.23951,0.26125,0.28299,0.30473,0.32647,0.34821,0.36995,0.39169,-1.5348,0.41344,0.44206,0.46755,0.48929,0.51103,0.53277,0.55451,0.57626,0.598,0.61974,-1.5348,0.64148,0.66322,0.67545,0.69607,0.71781,0.73955,0.7613,0.78304,0.80478,0.82596,-1.5348,0.83763,0.85833,0.8692,0.88008,0.89095,0.90182,0.91269,0.92356,0.93443,0.94235,-1.5348,0.94554,0.95298,0.95665,0.96361,0.96776,0.97424,0.97887,0.98487,0.98487,0.98487,-1.5348,0.98487,0.98487,0.98487,0.98487,0.97834,0.97424,0.96723,0.95636,0.95298,0.94525,-1.7885,-1.5348,0.93438,0.9235,0.91263,0.90176,0.89089,0.88002,0.85974,0.84765,0.83678,0.83603,-1.5274,0.82567,0.8148,0.80414,0.80369,0.79282,0.78195,0.77108,0.76021,0.75098,0.75098,-1.5241,0.75098,0.75098,0.75098,0.75383,0.7647,0.78886,0.83253,0.85427,0.87601,0.89775,-1.5241,0.91949,0.94123,0.95798,0.97408,0.99582,1.0176,1.0393,1.0549,1.0722,1.0939,-1.5241,1.1087,1.1268,1.1411,1.152,1.1707,1.1843,1.1952,1.2147,1.2276,1.2385,-1.5158,1.2586,1.2708,1.2915,1.3032,1.3141,1.3249,1.3358,1.3467,1.3581,1.3791,-1.5135,1.3899,1.4008,1.4117,1.4208,1.4228,1.4337,1.442,1.4448,1.4527,1.4559,-1.5135,1.4633,1.4633,1.4633,1.4633,1.4633,1.4633,1.4682,1.479,1.4899,1.5008,-1.5044,1.5117,1.5225,1.5397,1.5549,1.5726,1.5943,1.6161,1.6453,1.6702,1.6919,-1.5029,1.7219,1.746,1.7678,1.7895,1.8113,1.833,1.8547,1.8765,-1.7668,-1.4933,-1.4824,-1.4816,-1.4713,-1.4605,-1.4602,-1.4493,-1.4385,-1.4285,-1.4274,-1.7462,-1.4165,-1.4056,-1.3948,-1.3839,-1.3707,-1.3515,-1.3406,-1.3268,-1.3083,-1.2974,-1.7339,-1.2828,-1.265,-1.25,-1.2327,-1.2171,-1.1954,-1.1788,-1.1625,-1.1408,-1.1249,-1.7122,-1.1079,-1.0862,-1.071,-1.0533,-1.0387,-1.0205,-1.0063,-0.98763,-0.96589,-0.95241,-1.6923,-0.93303,-0.91129,-0.88955,-0.86781,-0.84607,-0.83403,-0.81322,-0.80166,-0.78037,-0.76926,-1.6793,-0.74778,-0.73641,-0.71541,-0.70356,-0.68304,-0.6707,-0.65066,-0.63785,-0.61829,-0.605,5.0,3.0
-0.72124,-0.78174,-0.80006,-1.7657,-1.7536,-1.7415,-1.7286,-1.7044,-1.6894,-1.6717,-1.6475,-1.6233,-1.5991,-0.80006,-1.5749,-1.5507,-1.5265,-1.4909,-1.4624,-1.434,-1.3982,-1.374,-1.3409,-1.3046,-0.80006,-1.2683,-1.232,-1.1957,-1.1594,-1.1231,-1.0868,-1.0505,-1.0142,-0.9779,-0.9416,-0.80006,-0.9053,-0.869,-0.8327,-0.7964,-0.7601,-0.7238,-0.6875,-0.6512,-0.6149,-0.5786,-0.80006,-0.54939,-0.52176,-0.48546,-0.44916,-0.42106,-0.39686,-0.37179,-0.3355,-0.3085,-0.2843,-0.80006,-0.26207,-0.24997,-0.22746,-0.21,-0.1979,-0.1858,-0.16219,-0.14584,-0.13374,-0.12164,-0.79565,-0.10954,-0.097437,-0.085337,-0.073237,-0.061137,-0.059088,-0.052703,-0.043322,-0.043322,-0.032168,-0.7843,-0.020068,-0.011792,-0.011634,0.000466,0.012566,0.024666,0.036766,0.048866,0.070662,0.088831,-0.7843,0.10093,0.11303,0.13593,0.153,0.16856,0.19276,0.21696,0.24116,0.26536,0.29047,-0.7843,0.32677,0.35373,0.38361,0.41991,0.4562,0.4925,0.5288,0.5651,0.6014,0.6377,-0.80006,-0.77878,0.674,0.7103,0.7466,0.7829,0.82819,0.87127,0.90757,0.94387,0.98017,1.0165,-0.76853,1.0555,1.1039,1.1411,1.1774,1.2137,1.25,1.2863,1.314,1.3432,1.3782,-0.76853,1.4024,1.4363,1.4665,1.4907,1.5149,1.5391,1.5633,1.5875,1.6117,1.6359,-0.76853,1.6601,1.6797,1.6928,1.717,1.7318,1.7439,1.756,1.7681,1.7802,1.7923,-0.76191,1.8044,1.8165,1.8286,1.8407,1.8528,1.8643,1.8643,1.8733,1.8801,1.8784,-0.75277,1.8663,1.8542,1.8421,1.83,1.8179,1.817,1.8019,1.7816,1.7695,1.7574,-0.75277,1.7366,1.7124,1.6882,1.664,1.6398,1.6156,1.589,1.5527,1.5272,1.4958,-0.75277,1.456,1.4076,1.3712,1.3265,1.2828,1.2455,1.1971,1.1487,1.1003,1.0519,-0.75277,1.0035,0.9551,0.9067,0.86149,0.82519,0.77727,0.72887,0.68476,0.64846,0.61216,-0.75277,0.57586,0.53956,0.505,0.4808,0.4566,0.4324,0.4082,0.384,0.37107,0.35897,-0.80006,-0.75277,0.34687,0.33477,0.32267,0.31928,0.31424,0.30352,0.30352,0.30352,0.30352,0.30103,-0.75277,0.28893,0.28775,0.28775,0.28416,0.27206,0.27199,0.26363,0.25622,0.25622,0.25622,-0.75277,0.24676,0.24046,0.24046,0.24046,0.24046,0.24046,0.24046,0.24046,0.22879,0.22469,-0.75277,0.22469,0.22469,0.22469,0.21559,0.20892,0.20892,0.20892,0.19872,0.19316,0.19028,-0.75277,0.17818,0.17739,0.17739,0.17341,0.16163,0.16163,0.15288,0.14586,0.14586,0.14586,-0.75277,0.14586,0.14586,0.14586,0.14586,0.14586,0.14586,0.14586,0.14586,0.15792,0.16163,-0.75277,0.16163,0.16269,0.17479,0.17739,0.18323,0.19316,0.19316,0.20376,0.20892,0.20892,-0.7465,0.20892,0.22063,0.22469,0.22469,0.22469,0.22469,0.22469,0.22469,0.22469,0.22469,-0.737,0.22469,0.23127,0.24046,0.24046,0.24046,0.24046,0.23643,0.22469,0.22469,0.22469,-0.737,0.21957,0.21038,0.22248,0.23458,0.24668,0.25878,0.27088,0.28298,-0.80006,-0.72597,-0.72124,-0.71753,-0.70547,-0.70547,-0.697,-0.6897,-0.68856,-0.67646,-0.67394,-0.80006,-0.66803,-0.65817,-0.65817,-0.64749,-0.63539,-0.62999,-0.64209,-0.64241,-0.65053,-0.6849,-0.80006,-0.75355,-0.76565,-0.82387,-0.89091,-0.94384,-0.95594,-1.0197,-1.0656,-1.0988,-1.1593,-0.80006,-1.1855,-1.233,-1.2812,-1.3054,-1.3296,-1.3893,-1.4411,-1.4699,-1.5304,-1.561,-0.80006,-1.5852,-1.6199,-1.6925,-1.7098,-1.7293,-1.7647,-1.8249,-1.837,-1.8491,-1.8563,-0.80006,-1.8575,-1.8696,-1.8625,-1.8504,-1.8383,-1.8262,-1.8248,-1.8107,-1.7899,-1.7778,4.0,4.0
-2.0332,-1.9845,-1.8222,-0.63579,-0.65567,-0.66338,-0.68146,-0.69096,-0.71084,-0.73072,-0.7506,-0.77048,-0.79036,-1.8024,-0.80324,-0.82805,-0.87631,-0.87631,-0.88849,-0.88849,-0.88398,-0.87631,-0.87631,-0.86413,-1.7703,-0.85317,-0.84547,-0.83977,-0.83006,-0.82236,-0.81466,-0.80324,-0.79106,-0.77937,-0.77167,-1.7477,-0.75453,-0.67099,-0.63896,-0.63126,-0.61138,-0.5915,-0.57162,-0.55173,-0.53185,-0.52315,-1.7184,-0.49757,-0.47221,-0.45233,-0.43245,-0.40039,-0.38051,-0.35643,-0.32857,-0.30869,-0.28881,-1.6863,-0.26893,-0.24905,-0.22917,-0.20929,-0.18941,-0.16953,-0.14965,-0.12977,-0.10989,-0.096916,-1.6542,-0.084738,-0.0746,-0.066897,-0.059195,-0.048204,-0.036026,-0.036026,-0.023848,-0.023848,-0.012979,-1.6344,-0.01167,-0.01167,-0.01167,-0.01167,-0.01167,-0.01167,-0.015567,-0.012249,-0.023848,-0.023848,-1.6098,-0.023848,-0.029724,-0.037427,-0.048204,-0.060382,-0.07256,-0.080415,-0.088118,-0.108,-0.12788,-1.5824,-0.14776,-0.16764,-0.18752,-0.2074,-0.2187,-0.2432,-0.2556,-0.25523,-0.24305,-0.24305,-1.9691,-1.5625,-0.23087,-0.22926,-0.2187,-0.20652,-0.20615,-0.19434,-0.17857,-0.16998,-0.16316,-0.15546,-1.5427,-0.14563,-0.077736,0.001604,0.021484,0.053543,0.073424,0.093304,0.10101,0.12089,0.14077,-1.5228,0.16065,0.18053,0.20041,0.23247,0.25235,0.28441,0.30429,0.33635,0.36841,0.38829,-1.5096,0.42034,0.44023,0.46011,0.47999,0.49987,0.51975,0.53634,0.54733,0.5607,0.57287,-1.4952,0.58262,0.58505,0.59723,0.60572,0.60941,0.62113,0.62883,0.63376,0.64424,0.65194,-1.4852,0.65812,0.66735,0.68248,0.68275,0.69465,0.69465,0.69465,0.68793,0.6703,0.66034,-1.4676,0.62828,0.6074,0.57635,0.55223,0.53634,0.50924,0.48464,0.46476,0.45109,0.43024,-1.4477,0.36859,0.35592,0.34101,0.32112,0.31342,0.30496,0.29802,0.29278,0.29278,0.29278,-1.4279,0.294,0.30496,0.3094,0.31714,0.32931,0.34149,0.35239,0.36009,0.36585,0.3755,-1.4201,0.39538,0.40308,0.42296,0.43067,0.45055,0.45825,0.47813,0.58106,0.60941,0.62302,-1.9492,-1.4003,0.6429,0.6506,0.6703,0.67818,0.69806,0.70683,0.72565,0.74553,0.76541,0.77311,-1.3878,0.79208,0.80069,0.82058,0.82861,0.84816,0.86804,0.88792,0.9078,0.92768,0.94756,-1.3878,0.96744,0.98693,0.99503,1.0149,1.0348,1.0547,1.0745,1.0944,1.1021,1.1209,-1.3878,1.1297,1.1374,1.1573,1.165,1.1696,1.1804,1.1818,1.1836,1.194,1.194,-1.3878,1.194,1.194,1.194,1.2055,1.2061,1.2087,1.2183,1.2241,1.2305,1.2395,-1.3878,1.2427,1.2428,1.2548,1.2582,1.267,1.2792,1.2813,1.2914,1.3089,1.3166,-1.3784,1.3364,1.3563,1.3762,1.3961,1.416,1.4358,1.4557,1.4756,1.4955,1.5154,-1.3756,1.5352,1.5551,1.575,1.5949,1.6148,1.6346,1.6545,1.6744,1.6943,1.7142,-1.3756,1.734,1.7539,1.7738,1.7937,1.8243,1.8456,1.8655,1.8854,1.9053,1.9252,-1.3756,1.945,1.9649,1.9848,2.0047,2.0246,2.0444,2.0643,2.0842,-1.9415,-1.3756,-1.3756,-1.3756,-1.3756,-1.3756,-1.3634,-1.3634,-1.3546,-1.3513,-1.3392,-1.9216,-1.3315,-1.3147,-1.3039,-1.2962,-1.2763,-1.266,-1.2487,-1.2288,-1.209,-1.2012,-1.9018,-1.1814,-1.1737,-1.1564,-1.1461,-1.1262,-1.1185,-1.0986,-1.0787,-1.071,-1.0512,-1.8819,-1.0313,-1.0114,-0.97933,-0.94518,-0.90541,-0.87783,-0.83892,-0.81049,-0.78698,-0.7671,-1.862,-0.74722,-0.73017,-0.71964,-0.69976,-0.67988,-0.66,-0.65229,-0.63241,-0.61253,-0.60483,-1.8421,-0.59621,-0.58943,-0.58404,-0.58404,-0.58404,-0.5851,-0.59621,-0.60051,-0.60839,-0.62809,5.0,5.0
-1.7912,-1.7507,-1.6428,-0.62785,-0.61869,-0.61869,-0.60953,-0.60953,-0.60953,-0.61429,-0.61869,-0.62199,-0.62785,-1.6298,-0.63884,-0.65185,-0.66486,-0.67365,-0.68978,-0.70663,-0.72605,-0.7495,-0.77039,-0.79237,-1.6168,-0.81472,-0.82773,-0.8499,-0.86291,-0.86602,-0.8706,-0.88361,-0.88434,-0.87738,-0.87353,-1.608,-0.86053,-0.85668,-0.84367,-0.83066,-0.81509,-0.79549,-0.79054,-0.76947,-0.74767,-0.72165,-1.6,-0.63701,-0.59836,-0.57948,-0.55347,-0.53625,-0.51976,-0.49374,-0.46773,-0.44171,-0.4157,-1.5869,-0.39884,-0.37667,-0.35597,-0.33472,-0.32849,-0.30541,-0.28415,-0.26254,-0.23652,-0.21765,-1.5805,-0.19548,-0.17679,-0.16031,-0.14308,-0.13319,-0.12128,-0.10827,-0.095267,-0.082259,-0.069251,-1.5701,-0.056243,-0.043236,-0.039388,-0.026381,-0.023266,-0.023266,-0.023266,-0.023266,-0.030228,-0.034075,-1.5571,-0.047083,-0.05093,-0.063938,-0.069068,-0.071633,-0.084641,-0.088488,-0.1015,-0.1145,-0.12751,-1.5531,-0.14052,-0.15353,-0.16653,-0.17899,-0.18779,-0.20556,-0.2215,-0.24073,-0.25374,-0.26675,-1.7377,-1.5402,-0.2706,-0.26675,-0.26144,-0.25228,-0.24605,-0.22388,-0.20611,-0.18009,-0.16983,-0.069801,-1.5272,-0.01777,0.015574,0.04159,0.067605,0.077498,0.10132,0.12074,0.1429,0.16104,0.17808,-1.5142,0.20025,0.22077,0.24678,0.26071,0.27133,0.29735,0.32336,0.34938,0.36843,0.39225,-1.5072,0.41277,0.43512,0.46114,0.48715,0.5106,0.53002,0.55494,0.57289,0.59011,0.60312,-1.4974,0.62346,0.6383,0.65131,0.6546,0.659,0.67201,0.67292,0.67292,0.67292,0.67292,-1.4843,0.66376,0.65992,0.64691,0.6339,0.62089,0.60788,0.59488,0.58187,0.5597,0.54669,-1.4713,0.53369,0.515,0.49814,0.47634,0.46333,0.44117,0.42816,0.41515,0.40214,0.38913,-1.4583,0.37979,0.37228,0.37283,0.38584,0.39884,0.40727,0.4157,0.42871,0.44172,0.46388,-1.4453,0.47689,0.49301,0.65863,0.67952,0.69124,0.70407,0.72092,0.74199,0.755,0.77717,-1.4415,0.79018,0.80117,0.81289,0.8292,0.83781,0.84605,0.85906,0.87207,0.88508,0.89809,-1.7247,-1.4285,0.91109,0.9241,0.93711,0.94774,0.95396,0.96697,0.97998,0.99299,1.006,1.019,-1.4156,1.032,1.045,1.0577,1.0619,1.0668,1.0787,1.0917,1.1047,1.1178,1.1308,-1.4156,1.1401,1.1476,1.1606,1.1736,1.1866,1.1996,1.2127,1.2225,1.2225,1.2317,-1.4156,1.2317,1.2409,1.2409,1.2409,1.2409,1.2473,1.25,1.25,1.25,1.25,-1.4156,1.25,1.2409,1.2409,1.2403,1.2317,1.2235,1.2225,1.2158,1.2134,1.2134,-1.4156,1.2042,1.2042,1.1965,1.1951,1.1951,1.2042,1.209,1.222,1.235,1.248,-1.4156,1.261,1.274,1.287,1.3043,1.3222,1.3325,1.3391,1.3521,1.3651,1.3781,-1.4107,1.3948,1.4133,1.4285,1.4484,1.4614,1.4699,1.4783,1.5005,1.5135,1.5265,-1.4065,1.5395,1.5617,1.5747,1.5956,1.6073,1.6137,1.6267,1.6397,1.6527,1.6692,-1.4065,1.6879,1.7029,1.7231,1.7361,1.7491,1.7621,1.7659,1.7789,-1.7117,-1.4065,-1.4065,-1.4065,-1.4065,-1.4021,-1.3973,-1.3973,-1.3973,-1.3959,-1.3882,-1.6996,-1.3882,-1.379,-1.3713,-1.3675,-1.3607,-1.3515,-1.3468,-1.3338,-1.3207,-1.3077,-1.6949,-1.2947,-1.2817,-1.2687,-1.2599,-1.2438,-1.2269,-1.2009,-1.1841,-1.1581,-1.141,-1.6818,-1.1152,-1.0967,-1.0745,-1.0555,-1.0485,-1.0309,-1.0049,-0.98804,-0.96898,-0.94682,-1.6688,-0.92831,-0.91164,-0.8946,-0.87646,-0.87262,-0.8532,-0.83744,-0.81949,-0.79347,-0.77662,-1.6558,-0.75793,-0.73375,-0.71359,-0.7092,-0.68758,-0.67457,-0.66156,-0.64855,-0.63701,-0.6317,5.0,5.0
0.39124,0.39124,0.32127,1.2572,1.3214,1.3691,1.4089,1.4303,1.4627,1.5056,1.5296,1.5458,1.5458,0.32127,1.5589,1.5803,1.5808,1.5734,1.5519,1.5305,1.5091,1.4876,1.4566,1.4137,0.30902,1.3884,1.3591,1.2948,1.2423,1.1994,1.1369,1.0665,0.98077,0.89505,0.80933,0.28759,0.72361,0.62959,0.52244,0.39911,0.27054,0.14196,0.013387,-0.11519,-0.24376,-0.37234,0.28628,-0.50092,-0.62949,-0.75807,-0.86609,-0.97323,-1.0804,-1.1727,-1.2571,-1.3214,-1.3856,0.28628,-1.4499,-1.4972,-1.5365,-1.5579,-1.5794,-1.6008,-1.603,-1.603,-1.603,-1.603,0.28628,-1.603,-1.5816,-1.5601,-1.5387,-1.5015,-1.4587,-1.4158,-1.3629,-1.2986,-1.2343,0.27185,-1.1657,-1.0799,-1.0065,-0.94218,-0.83766,-0.73052,-0.62337,-0.53065,-0.44406,-0.33692,0.2513,-0.22977,-0.12262,-0.015477,0.091669,0.19882,0.30596,0.41311,0.50145,0.59241,0.69956,0.2513,0.79359,0.8793,0.96502,1.0433,1.1076,1.1872,1.2694,1.3123,1.3551,1.398,0.39124,0.2513,1.4408,1.4798,1.5012,1.5108,1.5108,1.5305,1.5397,1.5182,1.5108,1.5104,0.2513,1.4889,1.4675,1.4461,1.4085,1.3656,1.3228,1.2799,1.237,1.1758,1.1115,0.2513,1.0472,0.97027,0.88455,0.77828,0.67113,0.56399,0.45684,0.3497,0.24255,0.12622,0.2513,-0.002357,-0.11388,-0.22452,-0.3531,-0.4703,-0.57745,-0.6846,-0.79174,-0.89889,-0.97892,0.2513,-1.0432,-1.1289,-1.2068,-1.2711,-1.3353,-1.3974,-1.4403,-1.4832,-1.526,-1.551,0.2513,-1.5768,-1.6196,-1.6502,-1.6717,-1.6931,-1.7014,-1.68,-1.6585,-1.6371,-1.6157,0.2513,-1.5855,-1.5426,-1.5164,-1.4888,-1.4246,-1.3712,-1.3283,-1.2667,-1.1971,-1.1114,0.2513,-1.0388,-0.97455,-0.88927,-0.80355,-0.71783,-0.61681,-0.51141,-0.42569,-0.33036,-0.22321,0.24605,-0.11606,-0.012853,0.072864,0.17039,0.27754,0.38468,0.48571,0.57142,0.65714,0.74286,0.22462,0.82857,0.90598,0.97027,1.0346,1.0962,1.1391,1.1819,1.2248,1.2677,1.3057,0.39124,0.20319,1.3271,1.3486,1.37,1.3709,1.3709,1.3709,1.3709,1.3709,1.3709,1.3709,0.18176,1.3709,1.3709,1.3674,1.3459,1.3359,1.3359,1.3166,1.3009,1.3009,1.2873,0.16033,1.2659,1.2445,1.223,1.2016,1.1802,1.1588,1.1373,1.1159,1.0945,1.0551,0.1389,1.0166,0.9952,0.96152,0.91866,0.85569,0.79796,0.7551,0.69781,0.63265,0.54693,0.11747,0.46122,0.3755,0.28978,0.20406,0.11835,0.03263,-0.053088,-0.1388,-0.21927,-0.28356,0.096043,-0.34785,-0.41214,-0.47643,-0.52584,-0.54727,-0.58401,-0.62512,-0.64655,-0.66798,-0.68941,0.074613,-0.71084,-0.72833,-0.72833,-0.72833,-0.72833,-0.70865,-0.69334,-0.69334,-0.69334,-0.69334,0.053184,-0.69334,-0.69334,-0.69334,-0.67716,-0.65836,-0.65836,-0.65836,-0.65836,-0.65836,-0.65836,0.022134,-0.65836,-0.65836,-0.65836,-0.65836,-0.65836,-0.65836,-0.65836,-0.65836,-0.65836,-0.65836,-0.020725,-0.65836,-0.65836,-0.65836,-0.65836,-0.65836,-0.65836,-0.65836,-0.66404,0.39124,-0.063583,-0.10644,-0.1493,-0.19216,-0.23502,-0.29756,-0.36184,-0.42613,-0.47643,-0.52016,0.38906,-0.60588,-0.68328,-0.74757,-0.81186,-0.87615,-0.94043,-1.0047,-1.069,-1.1149,-1.1578,0.36763,-1.2006,-1.2435,-1.2864,-1.3087,-1.3301,-1.3515,-1.3432,-1.3218,-1.3004,-1.2789,0.35626,-1.2575,-1.2361,-1.2076,-1.1434,-1.0904,-1.0476,-0.98548,-0.91551,-0.82979,-0.74407,0.35626,-0.65836,-0.57264,-0.47905,-0.3719,-0.24901,-0.12262,-0.015477,0.091669,0.19882,0.30596,0.33832,0.41311,0.52026,0.6274,0.73455,0.82158,0.90729,0.99301,1.0643,1.1286,1.1929,0.0,0.0
0.39604,0.41417,0.42121,2.007,2.0251,2.0211,2.003,1.9849,1.9214,1.857,1.8026,1.7482,1.6335,0.42121,1.5086,1.4361,1.3475,1.2569,1.1663,1.0757,0.98505,0.88839,0.77965,0.68803,0.42121,0.58734,0.4786,0.36986,0.27522,0.17756,0.068815,-0.021802,-0.23425,-0.47589,-0.54839,0.42121,-0.62088,-0.69337,-0.76486,-0.81923,-0.8736,-0.92294,-0.95918,-0.99543,-1.0317,-1.0639,0.42121,-1.0639,-1.0639,-1.0639,-1.0639,-1.0468,-1.0186,-0.98234,-0.94609,-0.89575,-0.84138,0.42121,-0.78701,-0.71452,-0.64202,-0.5655,-0.47489,-0.38427,-0.29365,-0.20203,-0.093288,0.00337,0.4343,0.099021,0.20776,0.3165,0.42524,0.53398,0.64272,0.73837,0.83503,0.94377,1.0354,0.44639,1.126,1.2136,1.2861,1.3586,1.4311,1.5036,1.558,1.6123,1.6627,1.6989,0.44639,1.7201,1.7382,1.7553,1.7553,1.7553,1.7251,1.6163,1.4915,1.4009,1.3445,0.44639,1.272,1.1864,1.0656,0.88437,0.78872,0.68803,0.58231,0.49169,0.38698,0.27119,0.42121,0.43632,0.14433,0.035589,-0.073151,-0.18592,-0.31278,-0.59067,-0.81017,-0.9179,-1.0085,-1.075,0.42121,-1.1344,-1.2069,-1.2633,-1.3086,-1.3428,-1.3609,-1.379,-1.3911,-1.3911,-1.3911,0.42121,-1.3911,-1.3881,-1.37,-1.3378,-1.3015,-1.2653,-1.229,-1.1928,-1.1525,-1.0981,0.40712,-1.0438,-0.98133,-0.90884,-0.83635,-0.76385,-0.69136,-0.61887,-0.53026,-0.43965,-0.34903,0.38899,-0.25841,-0.15471,-0.052007,0.03861,0.14634,0.24501,0.33563,0.42625,0.53096,0.63265,0.37087,0.72327,0.81389,0.9045,0.99109,1.0636,1.1512,1.2337,1.3052,1.3596,1.414,0.35275,1.4683,1.5227,1.561,1.5972,1.6315,1.6496,1.6677,1.6798,1.6798,1.6627,0.24602,1.6244,1.5731,1.5368,1.4583,1.3888,1.3526,1.3163,1.2801,1.2398,1.1854,0.10708,1.1008,1.0263,0.97196,0.91759,0.86322,0.80382,0.73132,0.65883,0.58634,0.51183,0.052706,0.42121,0.3306,0.23998,0.14936,0.04163,-0.057042,-0.15068,-0.25942,-0.36816,-0.4769,0.42121,-0.001665,-0.58564,-0.85749,-1.0186,-1.1052,-1.1777,-1.2351,-1.2894,-1.3438,-1.3982,-1.4405,-0.056035,-1.4717,-1.4898,-1.5079,-1.526,-1.5422,-1.5422,-1.5422,-1.5361,-1.518,-1.517,-0.1104,-1.5069,-1.4888,-1.4707,-1.4525,-1.4344,-1.4163,-1.38,-1.3549,-1.3327,-1.2965,-0.16477,-1.2602,-1.224,-1.1877,-1.1515,-1.1152,-1.079,-1.0428,-1.0065,-0.97026,-0.932,-0.21915,-0.87763,-0.83635,-0.79406,-0.73969,-0.70243,-0.65612,-0.60175,-0.54738,-0.50711,-0.47086,-0.27855,-0.43461,-0.38024,-0.33695,-0.3007,-0.26445,-0.22821,-0.20001,-0.18088,-0.14464,-0.12047,-0.35104,-0.10235,-0.084227,-0.066103,-0.057042,-0.055028,-0.036904,-0.044959,-0.063083,-0.081206,-0.099329,-0.40743,-0.10738,-0.1104,-0.12853,-0.13256,-0.1396,-0.15773,-0.15773,-0.15773,-0.16175,-0.17988,-0.47086,-0.1829,-0.1829,-0.1829,-0.1829,-0.19498,-0.20807,-0.20807,-0.20807,-0.21713,-0.23324,-0.54335,-0.23324,-0.24633,-0.26445,-0.28258,-0.31782,-0.34399,-0.36514,-0.40139,0.42121,-0.61585,-0.67525,-0.73566,-0.80815,-0.86353,-0.9179,-0.96925,-1.0055,-1.0558,-1.1032,0.42121,-1.1394,-1.1575,-1.1867,-1.219,-1.2371,-1.2401,-1.2401,-1.2391,-1.221,-1.2028,0.42121,-1.1797,-1.1434,-1.1072,-1.0709,-1.0327,-0.97831,-0.92394,-0.86957,-0.8152,-0.74372,0.42121,-0.66115,-0.57356,-0.50106,-0.41447,-0.31681,-0.20807,-0.099329,0.009411,0.11815,0.22689,0.42121,0.35073,0.46954,0.57929,0.70615,0.82093,0.92968,1.0384,1.1633,1.272,1.3646,0.42121,1.4734,1.5559,1.6345,1.7251,1.7815,1.8358,1.8902,1.9446,1.9708,1.9889,2.0,2.0
-2.3901,-2.3181,-2.182,-0.58427,-0.58427,-0.58427,-0.58427,-0.58427,-0.58427,-0.58427,-0.58427,-0.58427,-0.58427,-2.155,-0.58427,-0.58427,-0.58427,-0.58427,-0.58427,-0.58427,-0.58427,-0.58833,-0.60053,-0.61273,-2.1184,-0.65363,-0.71391,-0.73304,-0.74524,-0.7517,-0.75768,-0.76366,-0.76366,-0.75696,-0.7517,-2.0818,-0.74452,-0.73974,-0.73208,-0.67253,-0.63593,-0.61536,-0.59958,-0.58738,-0.56609,-0.55102,-2.0418,-0.52926,-0.51467,-0.49242,-0.46802,-0.44363,-0.41923,-0.39483,-0.37044,-0.35752,-0.3336,-1.9931,-0.30921,-0.29677,-0.27285,-0.26065,-0.24845,-0.23626,-0.22262,-0.1999,-0.1877,-0.1755,-1.9443,-0.16091,-0.13915,-0.12695,-0.11475,-0.099204,-0.078396,-0.066197,-0.049933,-0.029841,-0.017643,-1.8955,-0.005445,0.006754,0.01369,0.019191,0.025649,0.025649,0.025649,0.025649,0.025649,0.025649,-1.8467,0.025649,0.025649,0.017995,0.01369,0.01369,0.005319,-0.00688,-0.019078,-0.022188,-0.040844,-1.7933,-0.055673,-0.067872,-0.08007,-0.10255,-0.12695,-0.18364,-0.20062,-0.22406,-0.22549,-0.22549,-2.3059,-1.7371,-0.21353,-0.21329,-0.2011,-0.1889,-0.1767,-0.1657,-0.16426,-0.15206,-0.13987,-0.12767,-1.6883,-0.11547,-0.092747,-0.040365,-0.019078,-0.003531,0.020865,0.049089,0.081618,0.10601,0.13496,-1.6395,0.16677,0.19116,0.22082,0.25192,0.27631,0.30071,0.32511,0.3495,0.3739,0.3983,-1.5908,0.42269,0.43967,0.45953,0.47603,0.48823,0.50043,0.51263,0.52482,0.53702,0.54922,-1.542,0.56142,0.57362,0.58582,0.59801,0.59969,0.61045,0.61165,0.62289,0.62361,0.62361,-1.4932,0.62361,0.61165,0.61165,0.61093,0.59969,0.59849,0.58629,0.5741,0.5619,0.5497,-1.4506,0.53511,0.51334,0.50115,0.48584,0.46479,0.45259,0.44039,0.42819,0.416,0.4038,-1.414,0.3916,0.38442,0.37916,0.37246,0.36672,0.35453,0.34855,0.34855,0.34855,0.34855,-1.3774,0.34855,0.34855,0.34855,0.34855,0.35668,0.36888,0.37246,0.38131,0.39351,0.41504,-1.3477,0.42987,0.45187,0.53654,0.57242,0.58629,0.60926,0.62265,0.64609,0.65901,0.68292,-2.2937,-1.3233,0.69536,0.71952,0.73172,0.74463,0.76807,0.78147,0.80443,0.81663,0.83074,0.85298,-1.2989,0.86518,0.88001,0.90154,0.91374,0.92593,0.93813,0.95033,0.96253,0.97042,0.97042,-1.2746,0.97521,0.98238,0.97712,0.97042,0.97042,0.96444,0.95846,0.95846,0.95177,0.9465,-1.258,0.93933,0.93454,0.93454,0.93454,0.93454,0.93454,0.93454,0.94339,0.9465,0.9465,-1.2377,0.95607,0.96827,0.98047,0.99267,1.0049,1.0171,1.0293,1.0415,1.0537,1.0776,-1.2217,1.09,1.1144,1.1388,1.1632,1.1876,1.2132,1.2484,1.2727,1.2991,1.3335,-1.2095,1.3579,1.3849,1.4187,1.443,1.4674,1.4918,1.5162,1.5406,1.5607,1.5775,-1.2061,1.6019,1.6212,1.6387,1.6576,1.6698,1.688,1.7061,1.7248,1.7425,1.7547,-1.2152,1.7741,1.7911,1.8033,1.8233,1.8396,1.8518,1.8726,1.8882,1.9004,1.9126,-1.2647,1.9248,1.937,1.9492,1.9614,1.9736,1.9858,1.9759,1.975,-2.2815,-1.2779,-1.2779,-1.2779,-1.2779,-1.2779,-1.2779,-1.2779,-1.2779,-1.2779,-1.2662,-2.2693,-1.2659,-1.2537,-1.242,-1.2413,-1.2281,-1.2049,-1.1927,-1.1789,-1.1545,-1.1322,-2.2571,-1.1176,-1.0932,-1.0689,-1.0445,-1.0201,-0.99566,-0.97127,-0.94687,-0.92247,-0.89808,-2.2432,-0.87368,-0.84928,-0.82489,-0.80599,-0.78805,-0.76366,-0.73926,-0.72132,-0.70242,-0.68496,-2.2208,-0.66559,-0.64861,-0.63641,-0.62421,-0.61201,-0.60819,-0.59958,-0.58738,-0.58427,-0.58427,-2.2064,-0.58427,-0.58427,-0.58427,-0.58427,-0.58427,-0.58427,-0.58427,-0.58427,-0.58427,-0.58427,5.0,5.0
0.751,0.71429,0.70454,0.63484,0.72661,0.81838,0.91014,0.99819,1.0716,1.145,1.2184,1.2919,1.3627,0.70454,1.4178,1.4728,1.5279,1.5767,1.6134,1.6501,1.6719,1.6903,1.7086,1.7268,0.70454,1.7268,1.7131,1.6947,1.6724,1.6357,1.599,1.5623,1.5102,1.4396,1.3846,0.69826,1.3132,1.2284,1.1367,1.0449,0.95312,0.84625,0.74635,0.64924,0.53912,0.429,0.6813,0.30494,0.18552,0.075401,-0.034721,-0.1625,-0.2782,-0.38042,-0.47521,-0.58533,-0.67896,0.6813,-0.77073,-0.85576,-0.93103,-1.0228,-1.0839,-1.1494,-1.2117,-1.2491,-1.3041,-1.345,0.6813,-1.3724,-1.3908,-1.4092,-1.4275,-1.4459,-1.4561,-1.4561,-1.4561,-1.4394,-1.421,0.67131,-1.4026,-1.3843,-1.3659,-1.332,-1.2953,-1.2586,-1.221,-1.1659,-1.1108,-1.0558,0.65807,-1.0007,-0.94567,-0.87248,-0.79907,-0.72565,-0.65224,-0.57883,-0.50541,-0.432,-0.35858,0.65807,-0.28284,-0.19108,-0.099307,-0.018458,0.060997,0.1516,0.22502,0.31307,0.40484,0.49173,0.70454,0.65807,0.56514,0.63856,0.71197,0.78539,0.8588,0.93221,0.98844,1.0558,1.1218,1.1769,0.64436,1.2319,1.2709,1.3077,1.3444,1.3811,1.4178,1.4396,1.458,1.4763,1.4947,0.63484,1.513,1.504,1.4856,1.4633,1.4266,1.4073,1.3764,1.332,1.277,1.2219,0.63484,1.1506,1.0886,1.0205,0.93036,0.85694,0.76843,0.67666,0.58489,0.49312,0.40135,0.63484,0.29564,0.19458,0.098633,-0.011488,-0.12161,-0.21895,-0.31862,-0.42572,-0.51749,-0.62575,0.61741,-0.72426,-0.81603,-0.9078,-0.99957,-1.0913,-1.1726,-1.2461,-1.3195,-1.3929,-1.4521,0.61161,-1.5072,-1.5623,-1.6173,-1.6545,-1.6912,-1.7198,-1.7381,-1.7565,-1.7748,-1.7813,0.61161,-1.7813,-1.7792,-1.7609,-1.7425,-1.7242,-1.7058,-1.6875,-1.6691,-1.6364,-1.6092,0.61161,-1.5862,-1.5495,-1.5309,-1.4993,-1.4626,-1.4259,-1.3892,-1.3525,-1.3158,-1.2718,0.61161,-1.2168,-1.1617,-1.1067,-1.0516,-0.99654,-0.94032,-0.86691,-0.80813,-0.74331,-0.6699,0.70454,0.61161,-0.59648,-0.50471,-0.42642,-0.34441,-0.25636,-0.18294,-0.092337,-0.000569,0.083765,0.15973,0.60022,0.2515,0.32724,0.41181,0.49103,0.54748,0.6209,0.69431,0.75774,0.8128,0.86763,0.58187,0.90434,0.95475,1.001,1.0377,1.0744,1.1111,1.1353,1.1536,1.172,1.1903,0.56189,1.2087,1.227,1.2389,1.2405,1.2589,1.247,1.2287,1.2103,1.1915,1.1548,0.52518,1.132,1.1046,1.0679,1.0312,0.99448,0.94499,0.89783,0.8581,0.80304,0.74798,0.50358,0.69292,0.6446,0.60603,0.55097,0.49591,0.44085,0.39136,0.35396,0.2989,0.25801,0.475,0.2213,0.18459,0.14789,0.11118,0.074472,0.045896,0.027542,0.009189,-0.009165,-0.027519,0.43829,-0.045872,-0.064226,-0.08258,-0.10093,-0.11929,-0.13764,-0.15599,-0.17435,-0.1783,-0.1783,0.40158,-0.1783,-0.1783,-0.1783,-0.1783,-0.1783,-0.18178,-0.20014,-0.20153,-0.20153,-0.20153,0.36488,-0.20385,-0.22221,-0.20896,-0.20153,-0.20153,-0.20037,-0.18201,-0.1783,0.70454,0.31423,0.25917,0.20411,0.14905,0.07633,0.015694,-0.047266,-0.12068,-0.1941,-0.28401,0.70454,-0.36416,-0.43757,-0.51284,-0.60461,-0.68105,-0.75446,-0.83345,-0.92452,-0.99794,-1.0714,0.70454,-1.1448,-1.2138,-1.2688,-1.3239,-1.379,-1.4259,-1.4626,-1.4993,-1.5193,-1.5376,0.70454,-1.556,-1.5702,-1.5518,-1.5179,-1.4919,-1.4619,-1.4068,-1.3518,-1.2967,-1.2321,0.70454,-1.1587,-1.0853,-1.0119,-0.92522,-0.83345,-0.74168,-0.64992,-0.57511,-0.48961,-0.39784,0.70454,-0.30608,-0.21431,-0.12254,-0.019852,0.084229,0.176,0.26777,0.35953,0.4513,0.54307,0.0,0.0
0.12557,0.023432,0.02024,0.82138,0.92,1.0186,1.1173,1.2159,1.289,1.3755,1.4412,1.5057,1.5472,0.023432,1.597,1.6299,1.6627,1.6956,1.7285,1.7614,1.7853,1.769,1.7361,1.7033,0.023432,1.6576,1.612,1.5517,1.4859,1.4036,1.3049,1.2318,1.1332,1.0346,0.91043,0.023432,0.80222,0.68764,0.56476,0.45879,0.34069,0.22132,0.092375,-0.016146,-0.13041,-0.25361,0.023432,-0.3532,-0.46555,-0.57598,-0.67461,-0.77323,-0.87186,-0.94559,-1.0436,-1.1282,-1.2153,0.023432,-1.2852,-1.3509,-1.4167,-1.4824,-1.5412,-1.5884,-1.6325,-1.6653,-1.6982,-1.7311,0.038753,-1.7129,-1.7056,-1.6727,-1.6398,-1.6031,-1.5373,-1.4716,-1.4058,-1.3401,-1.2743,0.048966,-1.2086,-1.1173,-1.0516,-0.98581,-0.89452,-0.82079,-0.73749,-0.64907,-0.55045,-0.45182,0.053435,-0.3532,-0.25457,-0.15595,-0.05732,0.018325,0.10961,0.18749,0.26665,0.3324,0.39815,0.074501,0.4639,0.52965,0.5954,0.66115,0.7269,0.79265,0.84946,0.89862,0.94075,0.99916,0.00875,0.093651,1.032,1.0649,1.0978,1.1307,1.1635,1.1964,1.2293,1.2622,1.3155,1.3557,0.10003,1.4119,1.4616,1.5031,1.5615,1.5944,1.6273,1.6602,1.693,1.7259,1.7342,0.10003,1.7534,1.7205,1.6876,1.6547,1.6219,1.589,1.5312,1.491,1.4393,1.385,0.10003,1.3193,1.2535,1.1699,1.0713,0.97267,0.85968,0.74988,0.62221,0.50156,0.38474,0.12302,0.25324,0.12174,-0.009762,-0.14126,-0.27659,-0.4298,-0.5613,-0.71834,-0.84984,-0.98134,0.12557,-1.0905,-1.1891,-1.2877,-1.3864,-1.4582,-1.499,-1.5495,-1.5823,-1.6152,-1.6481,0.12557,-1.681,-1.7138,-1.7467,-1.7796,-1.8125,-1.8358,-1.8029,-1.77,-1.7116,-1.6701,0.12557,-1.6203,-1.5642,-1.4984,-1.4451,-1.3924,-1.3267,-1.2609,-1.1952,-1.1531,-1.0729,0.12557,-0.94687,-0.88112,-0.81537,-0.74036,-0.65833,-0.59258,-0.52683,-0.47417,-0.42086,-0.38065,0.12557,-0.32447,-0.27468,-0.23319,-0.20031,-0.16744,-0.13456,-0.10169,-0.06881,-0.035935,-0.00306,-0.002102,0.12557,0.029816,0.062691,0.095566,0.15398,0.18685,0.21973,0.2526,0.31101,0.34389,0.39815,0.10227,0.43836,0.49358,0.54433,0.58487,0.64327,0.69051,0.73456,0.79648,0.85138,0.90245,0.10003,0.9682,1.0084,1.0595,1.0924,1.1508,1.1836,1.2165,1.2494,1.2823,1.3001,0.087587,1.3225,1.3554,1.3882,1.4211,1.454,1.4869,1.4891,1.4562,1.4233,1.3905,0.054712,1.3576,1.3238,1.258,1.2079,1.1291,1.056,0.95735,0.85872,0.78563,0.687,0.021836,0.58838,0.51305,0.4473,0.38155,0.3158,0.25005,0.19323,0.14408,0.10195,0.04354,-0.011039,0.010665,-0.02221,-0.055085,-0.087961,-0.10424,-0.10424,-0.10998,-0.12977,-0.12977,-0.12977,-0.043914,-0.12977,-0.12977,-0.10552,-0.098174,-0.078704,-0.078704,-0.078704,-0.078704,-0.078704,-0.078704,-0.076789,-0.10424,-0.11796,-0.15084,-0.15818,-0.19105,-0.22393,-0.25681,-0.26415,-0.29702,-0.30851,-0.11509,-0.33405,-0.33405,-0.33405,-0.33405,-0.33405,-0.33405,-0.33405,-0.31202,-0.002102,-0.16807,-0.20095,-0.23574,-0.29223,-0.34171,-0.38352,-0.44767,-0.51342,-0.57917,-0.64269,-0.002102,-0.68514,-0.75089,-0.81664,-0.88239,-0.94814,-1.0139,-1.0796,-1.1454,-1.2111,-1.2523,-0.002102,-1.3171,-1.3691,-1.4231,-1.4604,-1.4933,-1.5262,-1.559,-1.5852,-1.5712,-1.5383,-0.002102,-1.5054,-1.4726,-1.4397,-1.4068,-1.3739,-1.3411,-1.2865,-1.2207,-1.155,-1.0892,-0.002102,-0.99794,-0.92484,-0.82622,-0.74962,-0.65833,-0.58141,-0.5013,-0.41001,-0.3366,-0.23797,-0.002102,-0.16169,-0.066257,0.032369,0.131,0.22962,0.32825,0.42687,0.5255,0.62412,0.72275,0.0,0.0
